	IterId	dN	dS	pN	pS	bdN	bpN	MkScore	FSPVal	SelCoef	PosSel
0	Iter0001	1	4	7	3	0	0	0.10714285714285714	0.11888111888111895	-6.4498e-07	0
1	Iter0002	3	3	2	1	0	0	0.5	1.0	-0.0007382220869999999	0
2	Iter0003	3	5	6	0	0	0	0.09523809523809523	0.030969030969030868	-8.406740000000002e-07	0
3	Iter0004	4	4	1	2	0	0	2.0	1.0	-6.010318895832e-08	0
4	Iter0005	7	3	4	0	0	0	0.4	0.5054945054945056	-0.00025667666	0
5	Iter0006	1	1	4	2	0	0	0.5	1.0	0.0	0
6	Iter0007	3	2	1	0	0	0	0.6666666666666666	1.0	-7.91012204e-06	0
7	Iter0008	3	4	6	0	0	0	0.1142857142857143	0.06993006993007007	-0.000189857907643	0
8	Iter0009	7	3	3	0	0	0	0.5	0.5279720279720299	-0.0016032685276999997	0
9	Iter0010	2	0	6	4	0	0	2.142857142857143	0.5151515151515165	-0.000906713	0
10	Iter0011	4	1	5	1	0	0	0.8	1.0	-0.0005142701514	0
11	Iter0012	2	2	1	2	0	0	2.0	1.0	-2.843360983305e-08	0
12	Iter0013	1	2	5	1	0	0	0.1	0.22619047619047605	-0.000128872	0
13	Iter0014	2	1	7	1	0	0	0.2857142857142857	0.4909090909090901	-0.000546611	0
14	Iter0015	5	0	0	2	0	0	18.0	0.0476190476190476	-0.00055367852	0
15	Iter0016	1	3	5	2	0	0	0.13333333333333333	0.242424242424242	-3.01301e-05	0
16	Iter0017	1	2	2	1	0	0	0.25	1.0	0.0	0
17	Iter0018	1	0	3	3	0	0	2.0	1.0	-0.000117017	0
18	Iter0019	2	0	6	4	0	0	2.142857142857143	0.5151515151515165	-0.0002086087	0
19	Iter0020	1	7	5	0	0	0	0.04166666666666666	0.004662004662004683	-8.395819999999998e-10	0
20	Iter0021	1	2	2	1	0	0	0.25	1.0	-9.62598e-05	0
21	Iter0022	1	4	6	2	0	0	0.08333333333333333	0.10256410256410267	-0.000704773	0
22	Iter0023	2	3	3	1	0	0	0.2222222222222222	0.5238095238095235	-6.53716189268e-05	0
23	Iter0024	5	2	2	3	0	0	3.75	0.5580808080808088	-0.0004482376291	0
24	Iter0025	2	3	6	5	0	0	0.5555555555555556	1.0	0.0	0
25	Iter0026	1	7	5	1	0	0	0.028571428571428567	0.025641025641025657	-5.427850000000001e-05	0
26	Iter0027	0	1	1	1	0	0	0.5	1.0	0.0	0
27	Iter0028	2	3	0	0	0	0	0.75	1.0	-8.828759e-05	0
28	Iter0029	5	1	7	4	0	0	2.8571428571428568	0.6000323206205543	-0.0007063456408999999	0
29	Iter0030	1	3	4	2	0	0	0.16666666666666666	0.5238095238095236	-8.75065e-12	0
30	Iter0031	2	6	1	4	0	0	1.3333333333333333	1.0	-1.6783864999999998e-05	0
31	Iter0032	4	3	3	1	0	0	0.4444444444444444	1.0	-0.00024178500086316	0
32	Iter0033	4	3	4	2	0	0	0.6666666666666666	1.0	-8.472387341e-05	0
33	Iter0034	4	0	2	4	0	0	8.333333333333334	0.07619047619047617	-0.00021331611	0
34	Iter0035	3	2	4	1	0	0	0.375	1.0	-0.00034617720000000004	0
35	Iter0036	4	1	3	7	0	0	9.333333333333334	0.11888111888111895	-0.00014249417683300002	0
36	Iter0037	3	3	4	0	0	0	0.2	0.20000000000000007	-0.000424675154254	0
37	Iter0038	1	2	2	3	0	0	0.75	1.0	-0.00027189219000000003	0
38	Iter0039	2	4	3	1	0	0	0.16666666666666666	0.5238095238095236	-0.000552881	0
39	Iter0040	1	8	2	0	0	0	0.07407407407407407	0.054545454545454466	-0.000149581	0
40	Iter0041	2	0	11	2	0	0	0.75	1.0	-0.0004780205035	0
41	Iter0042	3	1	6	4	0	0	2.0	1.0	-0.00125607271397	0
42	Iter0043	2	2	0	1	0	0	2.0	1.0	-0.00011725287	0
43	Iter0044	1	3	2	0	0	0	0.16666666666666666	0.4	-5.54469e-07	0
44	Iter0045	0	2	4	1	0	0	0.13333333333333333	0.14285714285714265	0.0	0
45	Iter0046	2	4	2	0	0	0	0.2	0.4285714285714285	0.0	0
46	Iter0047	4	1	4	0	0	0	0.5	1.0	-1.1938879999999999e-05	0
47	Iter0048	5	4	5	1	0	0	0.25	0.5804195804195798	-0.000137947801	0
48	Iter0049	0	2	2	4	0	0	0.5555555555555556	1.0	0.0	0
49	Iter0050	5	4	1	2	0	0	2.5	1.0	-0.0007034990479249801	0
50	Iter0051	1	3	2	0	0	0	0.16666666666666666	0.4	-2.17444e-06	0
51	Iter0052	4	3	3	5	0	0	2.2222222222222223	0.6192696192696198	-0.00107017564727	0
52	Iter0053	0	4	3	0	0	0	0.05	0.02857142857142855	0.0	0
53	Iter0054	1	1	7	1	0	0	0.14285714285714285	0.377777777777778	-2.79225e-06	0
54	Iter0055	4	2	4	4	0	0	2.0	0.6270396270396283	-0.000126667377	0
55	Iter0056	3	5	1	3	0	0	1.8	1.0	-3.727684723e-06	0
56	Iter0057	4	1	5	7	0	0	5.6	0.29411764705882226	-0.00010025556000000001	0
57	Iter0058	7	2	2	3	0	0	5.25	0.26573426573426473	-0.000667530119722	0
58	Iter0059	0	2	4	2	0	0	0.2	0.4285714285714285	0.0	0
59	Iter0060	3	4	5	0	0	0	0.13333333333333333	0.08080808080808102	-0.000366397413	0
60	Iter0061	3	5	3	0	0	0	0.16666666666666666	0.1818181818181817	-0.0001515332	0
61	Iter0062	2	3	4	4	0	0	0.6666666666666666	1.0	-0.000369777	0
62	Iter0063	3	4	5	3	0	0	0.45	0.6192696192696198	-3.06816e-06	0
63	Iter0064	2	3	6	1	0	0	0.1111111111111111	0.22222222222222265	-4.622476381e-05	0
64	Iter0065	1	4	2	1	0	0	0.125	0.4642857142857136	-4.34768e-16	0
65	Iter0066	3	4	5	2	0	0	0.3	0.5920745920745918	-8.6232846e-05	0
66	Iter0067	4	5	1	0	0	0	0.4166666666666667	1.0	-0.00010725554174170002	0
67	Iter0068	2	4	6	2	0	0	0.16666666666666666	0.2773892773892779	-6.71521e-05	0
68	Iter0069	2	5	3	2	0	0	0.26666666666666666	0.5580808080808093	-0.00035167	0
69	Iter0070	3	0	3	5	0	0	6.0	0.1818181818181817	-8.964302692999999e-05	0
70	Iter0071	0	0	4	0	0	0	0.2	1.0	0.0	0
71	Iter0072	3	7	1	2	0	0	0.8571428571428571	1.0	-8.07427697288e-05	0
72	Iter0073	4	0	3	2	0	0	3.75	0.4444444444444449	-0.0008242187318	0
73	Iter0074	6	4	6	1	0	0	0.25	0.3382352941176455	-0.00010672028962	0
74	Iter0075	5	1	2	1	0	0	2.5	1.0	-8.16403231e-05	0
75	Iter0076	4	2	2	0	0	0	0.5555555555555556	1.0	-0.000152268258118	0
76	Iter0077	1	3	3	3	0	0	0.3333333333333333	0.5714285714285721	-1.95674e-05	0
77	Iter0078	6	4	5	1	0	0	0.3	0.5879120879120863	-0.0006634585096	0
78	Iter0079	3	4	3	1	0	0	0.25	0.5454545454545461	-3.2247232050999995e-05	0
79	Iter0080	3	2	4	3	0	0	1.125	1.0	-0.000563955568447	0
80	Iter0081	2	2	1	6	0	0	6.0	0.490909090909091	0.0	0
81	Iter0082	2	7	6	0	0	0	0.05357142857142857	0.006993006993006977	-2.11227e-09	0
82	Iter0083	3	5	8	4	0	0	0.3	0.3618480590616823	-0.00038365555099999997	0
83	Iter0084	3	5	3	3	0	0	0.6	1.0	-0.00034859798000000007	0
84	Iter0085	1	1	6	1	0	0	0.16666666666666666	0.4166666666666671	-3.26485e-05	0
85	Iter0086	3	6	1	1	0	0	0.5	1.0	-2.5002242999999997e-05	0
86	Iter0087	1	3	7	0	0	0	0.0625	0.024242424242424232	-5.72788e-06	0
87	Iter0088	3	5	3	0	0	0	0.16666666666666666	0.1818181818181817	-0.00047742877	0
88	Iter0089	5	2	6	1	0	0	0.4166666666666667	1.0	-0.000845929484434	0
89	Iter0090	4	3	2	2	0	0	1.3333333333333333	1.0	-0.000257807235	0
90	Iter0091	4	2	5	1	0	0	0.4	1.0	-2.0268723e-05	0
91	Iter0092	3	4	4	1	0	0	0.1875	0.2929292929292933	-1.5301615479399998e-05	0
92	Iter0093	2	6	6	4	0	0	0.2222222222222222	0.18798848210612995	-5.25021e-07	0
93	Iter0094	2	4	1	1	0	0	0.5	1.0	-4.876174100000001e-05	0
94	Iter0095	2	3	3	3	0	0	0.6666666666666666	1.0	-8.118079999999998e-06	0
95	Iter0096	3	2	1	0	0	0	0.6666666666666666	1.0	-0.0003885340000032673	0
96	Iter0097	2	2	5	2	0	0	0.4	0.5757575757575751	-2.2883656999999998e-05	0
97	Iter0098	3	1	4	0	0	0	0.4	1.0	-0.000508958834	0
98	Iter0099	2	2	2	2	0	0	1.0	1.0	-5.3679e-05	0
99	Iter0100	3	1	5	1	0	0	0.6	1.0	-0.0006445365441	0
100	Iter0101	2	3	6	1	0	0	0.1111111111111111	0.22222222222222265	-6.376936e-09	0
101	Iter0102	0	1	2	3	0	0	0.6666666666666666	1.0	0.0	0
102	Iter0103	3	1	3	3	0	0	3.0	0.5714285714285717	-1.40792314e-05	0
103	Iter0104	3	7	6	1	0	0	0.07142857142857142	0.04977375565610845	-0.00014384387235	0
104	Iter0105	3	6	4	0	0	0	0.11428571428571427	0.06993006993007007	-0.0001761769	0
105	Iter0106	7	3	1	1	0	0	2.333333333333333	1.0	-0.0005830091596	0
106	Iter0107	1	1	4	4	0	0	1.0	1.0	-9.41934e-07	0
107	Iter0108	5	4	7	1	0	0	0.17857142857142858	0.2941176470588226	-0.0007243424	0
108	Iter0109	2	3	2	2	0	0	0.6666666666666666	1.0	-1.2449651e-06	0
109	Iter0110	2	3	4	3	0	0	0.5	1.0	-6.605479e-05	0
110	Iter0111	3	5	1	0	0	0	0.3333333333333333	0.4444444444444449	-0.000100561	0
111	Iter0112	3	3	4	2	0	0	0.5	1.0	-0.00027189239	0
112	Iter0113	4	1	5	3	0	0	2.4	1.0	-1.5967548080000002e-05	0
113	Iter0114	3	4	4	2	0	0	0.375	0.5920745920745949	-0.0007592972212000001	0
114	Iter0115	3	5	7	1	0	0	0.08571428571428573	0.11888111888111873	-0.00046652900402789003	0
115	Iter0116	2	1	3	0	0	0	0.375	1.0	-8.927375000000001e-05	0
116	Iter0117	4	3	0	4	0	0	6.25	0.193939393939394	-0.00022098824000000005	0
117	Iter0118	2	3	5	1	0	0	0.13333333333333333	0.2424242424242424	-0.00017784110000000001	0
118	Iter0119	1	4	5	1	0	0	0.05	0.08008658008657987	-1.86516e-06	0
119	Iter0120	2	3	1	1	0	0	0.6666666666666666	1.0	-1.914526e-07	0
120	Iter0121	3	4	5	3	0	0	0.45	0.6192696192696198	-3.39464e-11	0
121	Iter0122	3	5	3	3	0	0	0.6	1.0	-0.000193837548	0
122	Iter0123	5	2	4	3	0	0	1.875	1.0	-0.0014642498200000001	0
123	Iter0124	0	2	2	2	0	0	0.3333333333333333	0.4666666666666664	0.0	0
124	Iter0125	3	2	1	1	0	0	1.5	1.0	-0.00024596355	0
125	Iter0126	4	3	8	2	0	0	0.3333333333333333	0.5927601809954732	-0.000988015716698	0
126	Iter0127	2	1	3	1	0	0	0.6666666666666666	1.0	-0.0001512134	0
127	Iter0128	1	3	4	1	0	0	0.08333333333333333	0.20634920634920625	-3.75257e-07	0
128	Iter0129	1	0	4	2	0	0	1.2	1.0	-1.86542e-09	0
129	Iter0130	0	4	2	5	0	0	0.4	0.4909090909090901	0.0	0
130	Iter0131	5	3	2	2	0	0	1.6666666666666667	1.0	-0.0007989697936276999	0
131	Iter0132	3	4	9	7	0	0	0.5833333333333333	0.6668461434917216	-0.0005044701200000001	0
132	Iter0133	2	4	2	0	0	0	0.2	0.4285714285714285	-0.000297278	0
133	Iter0134	2	2	2	1	0	0	0.5	1.0	-3.2812710000000004e-08	0
134	Iter0135	3	2	2	0	0	0	0.4444444444444444	1.0	-6.464702511500001e-07	0
135	Iter0136	4	4	4	3	0	0	0.75	1.0	-0.00088607165	0
136	Iter0137	1	2	5	0	0	0	0.1111111111111111	0.10714285714285704	-4.75217e-06	0
137	Iter0138	2	3	2	2	0	0	0.6666666666666666	1.0	-2.141082e-06	0
138	Iter0139	9	4	2	1	0	0	1.125	1.0	-0.000212750040836	0
139	Iter0140	8	2	1	1	0	0	4.0	0.4545454545454548	-0.00047337004939999996	0
140	Iter0141	4	3	3	1	0	0	0.4444444444444444	1.0	-5.2669076332500006e-05	0
141	Iter0142	6	6	1	3	0	0	3.0	0.5846153846153823	-0.00016106745203	0
142	Iter0143	2	2	8	1	0	0	0.125	0.2027972027972029	-7.31203e-05	0
143	Iter0144	4	3	5	1	0	0	0.26666666666666666	0.5594405594405606	-1.464642116372458e-05	0
144	Iter0145	2	3	2	1	0	0	0.3333333333333333	1.0	-1.5627479999999998e-05	0
145	Iter0146	1	3	4	3	0	0	0.25	0.5454545454545454	-9.47541e-07	0
146	Iter0147	2	2	3	0	0	0	0.25	0.42857142857142816	-8.913473e-05	0
147	Iter0148	1	2	4	1	0	0	0.125	0.4642857142857137	-0.000125643	0
148	Iter0149	6	2	1	1	0	0	3.0	1.0	-8.1633935802123e-05	0
149	Iter0150	4	0	1	2	0	0	7.5	0.1428571428571427	-0.0007252321	0
150	Iter0151	3	4	4	2	0	0	0.375	0.5920745920745949	-0.000485943993204	0
151	Iter0152	2	4	4	3	0	0	0.375	0.592074592074594	-2.7937125e-05	0
152	Iter0153	0	3	3	1	0	0	0.125	0.14285714285714282	0.0	0
153	Iter0154	1	3	0	1	0	0	1.0	1.0	-3.32341e-06	0
154	Iter0155	3	4	2	1	0	0	0.375	1.0	-1.89722e-06	0
155	Iter0156	3	2	3	3	0	0	1.5	1.0	-4.128947000000001e-06	0
156	Iter0157	2	2	2	2	0	0	1.0	1.0	-0.00019854726599999998	0
157	Iter0158	4	5	2	1	0	0	0.4	1.0	-0.00038076997	0
158	Iter0159	2	1	3	3	0	0	2.0	1.0	-0.0001477818	0
159	Iter0160	2	3	6	2	0	0	0.2222222222222222	0.2929292929292933	-3.20342086e-07	0
160	Iter0161	3	4	1	1	0	0	0.75	1.0	-2.9497520409999997e-06	0
161	Iter0162	4	2	1	4	0	0	8.0	0.2424242424242422	-4.0945249040999996e-05	0
162	Iter0163	5	3	3	1	0	0	0.5555555555555556	1.0	-0.0009283816404	0
163	Iter0164	3	5	4	2	0	0	0.3	0.5920745920745929	-0.0007171940999999999	0
164	Iter0165	3	3	3	4	0	0	1.3333333333333333	1.0	-7.60201958e-05	0
165	Iter0166	2	1	3	1	0	0	0.6666666666666666	1.0	-5.2395780050000005e-05	0
166	Iter0167	3	7	2	2	0	0	0.42857142857142855	0.5804195804195796	-1.1898735599999999e-05	0
167	Iter0168	5	1	2	3	0	0	7.5	0.2424242424242424	-0.000719842558325	0
168	Iter0169	3	2	6	1	0	0	0.25	0.5227272727272729	-0.00097695213	0
169	Iter0170	2	2	2	1	0	0	0.5	1.0	-0.00044140099999999996	0
170	Iter0171	2	5	1	1	0	0	0.4	1.0	-3.0959889999999996e-06	0
171	Iter0172	0	1	2	1	0	0	0.3333333333333333	1.0	0.0	0
172	Iter0173	4	4	2	2	0	0	1.0	1.0	-0.000526646179	0
173	Iter0174	4	4	4	2	0	0	0.5	0.6270396270396279	-0.00043042142	0
174	Iter0175	3	7	0	2	0	0	1.5	1.0	-5.1113819100999996e-05	0
175	Iter0176	2	6	2	1	0	0	0.16666666666666666	0.490909090909091	-4.5719599999999985e-06	0
176	Iter0177	3	3	1	2	0	0	2.0	1.0	-5.06009e-06	0
177	Iter0178	2	4	3	0	0	0	0.15	0.16666666666666674	-0.0008052891809999999	0
178	Iter0179	2	2	3	2	0	0	0.6666666666666666	1.0	-0.000230949	0
179	Iter0180	5	4	2	0	0	0	0.4	0.4909090909090901	-0.001245739334	0
180	Iter0181	5	3	5	3	0	0	1.0	1.0	-5.4614622896079994e-06	0
181	Iter0182	6	2	4	3	0	0	2.25	0.6083916083916068	-0.0002115001573	0
182	Iter0183	0	2	0	3	0	0	1.3333333333333333	1.0	0.0	0
183	Iter0184	3	1	4	1	0	0	0.75	1.0	-0.00030321543496315004	0
184	Iter0185	4	3	5	0	0	0	0.20833333333333331	0.20454545454545486	-2.6231962e-06	0
185	Iter0186	0	2	8	0	0	0	0.037037037037037035	0.022222222222222227	0.0	0
186	Iter0187	3	3	4	1	0	0	0.25	0.5454545454545454	-2.0737875329999998e-07	0
187	Iter0188	7	3	3	0	0	0	0.5	0.5279720279720299	-0.001335258241	0
188	Iter0189	5	2	2	1	0	0	1.25	1.0	-6.757829871e-05	0
189	Iter0190	2	0	3	2	0	0	2.25	1.0	-7.2985202e-05	0
190	Iter0191	2	4	4	1	0	0	0.125	0.2424242424242421	-1.97617601e-05	0
191	Iter0192	1	4	2	1	0	0	0.125	0.4642857142857136	-5.72602e-05	0
192	Iter0193	2	2	3	1	0	0	0.3333333333333333	1.0	-1.377386e-05	0
193	Iter0194	1	2	3	2	0	0	0.3333333333333333	1.0	-1.8436e-05	0
194	Iter0195	4	1	4	1	0	0	1.0	1.0	-0.0004092871	0
195	Iter0196	3	4	3	0	0	0	0.2	0.20000000000000007	-0.00136971035	0
196	Iter0197	3	8	3	3	0	0	0.375	0.6000323206205567	-3.9189688e-05	0
197	Iter0198	0	0	6	1	0	0	0.2857142857142857	1.0	0.0	0
198	Iter0199	2	6	3	2	0	0	0.2222222222222222	0.2929292929292936	-0.00044230600005830433	0
199	Iter0200	2	2	5	3	0	0	0.6	1.0	-5.3023401899999995e-09	0
200	Iter0201	2	3	3	1	0	0	0.2222222222222222	0.5238095238095235	-0.0004888730260000001	0
201	Iter0202	2	3	0	0	0	0	0.75	1.0	-0.0002798185	0
202	Iter0203	3	3	0	2	0	0	3.0	0.4642857142857145	-2.796765e-05	0
203	Iter0204	7	3	5	5	0	0	2.333333333333333	0.6499166468206703	-0.0011284549985000002	0
204	Iter0205	5	3	3	1	0	0	0.5555555555555556	1.0	-0.00010784555774000001	0
205	Iter0206	2	2	5	1	0	0	0.2	0.5000000000000001	-1.5980520000000002e-05	0
206	Iter0207	2	5	7	2	0	0	0.1142857142857143	0.1262237762237761	-2.1028311e-05	0
207	Iter0208	3	6	3	3	0	0	0.5	0.6223776223776207	-0.000800482	0
208	Iter0209	3	1	1	4	0	0	12.0	0.20634920634920634	-2.878992765e-05	0
209	Iter0210	1	4	3	1	0	0	0.08333333333333333	0.20634920634920634	-3.33886e-08	0
210	Iter0211	3	0	3	4	0	0	5.0	0.20000000000000007	-1.2838312319999999e-06	0
211	Iter0212	1	3	5	4	0	0	0.26666666666666666	0.5594405594405606	-2.98609e-05	0
212	Iter0213	3	5	4	3	0	0	0.45	0.6192696192696191	-0.00018953099143471	0
213	Iter0214	5	2	1	1	0	0	2.5	1.0	-0.00028863600000023223	0
214	Iter0215	3	3	1	2	0	0	2.0	1.0	-1.1963068e-05	0
215	Iter0216	2	2	5	2	0	0	0.4	0.5757575757575751	-6.08983e-05	0
216	Iter0217	2	1	5	2	0	0	0.8	1.0	-2.81401e-05	0
217	Iter0218	4	5	4	2	0	0	0.4	0.6083916083916074	-0.0004960660530000001	0
218	Iter0219	2	3	2	0	0	0	0.25	0.428571428571428	-0.00010796800000025307	0
219	Iter0220	4	1	1	1	0	0	4.0	1.0	-0.0012561923999999999	0
220	Iter0221	3	3	4	3	0	0	0.75	1.0	-5.9873081e-05	0
221	Iter0222	5	1	2	2	0	0	5.0	0.5000000000000001	-0.0001580538904233609	0
222	Iter0223	2	2	2	2	0	0	1.0	1.0	-0.000413215043	0
223	Iter0224	3	3	5	1	0	0	0.2	0.5454545454545476	-0.0002733330559	0
224	Iter0225	5	2	4	1	0	0	0.625	1.0	-0.0004894796795017603	0
225	Iter0226	0	4	1	1	0	0	0.2	0.3333333333333332	0.0	0
226	Iter0227	3	3	1	3	0	0	3.0	0.5714285714285721	-3.0572290000577984e-06	0
227	Iter0228	3	2	6	0	0	0	0.19047619047619047	0.1818181818181815	-0.00028874900005702533	0
228	Iter0229	4	1	0	0	0	0	2.5	1.0	-0.00019267775999999998	0
229	Iter0230	4	2	1	0	0	0	0.8333333333333334	1.0	-0.000109145	0
230	Iter0231	1	3	3	0	0	0	0.125	0.14285714285714274	-0.00016203799999999998	0
231	Iter0232	2	2	3	5	0	0	1.6666666666666667	1.0	-0.00020309400182146	0
232	Iter0233	2	3	1	1	0	0	0.6666666666666666	1.0	-3.2020339999999997e-07	0
233	Iter0234	5	0	3	2	0	0	4.5	0.4444444444444442	-7.939414599999999e-05	0
234	Iter0235	2	5	4	0	0	0	0.1	0.060606060606060684	-0.00036142321	0
235	Iter0236	2	2	4	1	0	0	0.25	0.5238095238095241	-2.2906180096e-06	0
236	Iter0237	5	5	1	3	0	0	3.0	0.5804195804195801	-0.0003648349919	0
237	Iter0238	1	5	3	0	0	0	0.08333333333333333	0.0476190476190477	-9.98347e-08	0
238	Iter0239	2	5	4	2	0	0	0.2	0.2861305361305377	-7.265040000000002e-07	0
239	Iter0240	2	3	4	3	0	0	0.5	1.0	-1.3172352e-06	0
240	Iter0241	1	2	3	3	0	0	0.5	1.0	-5.3421000000000006e-08	0
241	Iter0242	0	4	3	0	0	0	0.05	0.02857142857142855	0.0	0
242	Iter0243	7	2	5	3	0	0	2.1	0.6199095022624409	-7.498676738510001e-05	0
243	Iter0244	0	7	2	2	0	0	0.125	0.10909090909090892	0.0	0
244	Iter0245	2	0	3	0	0	0	0.75	1.0	-0.00021014756	0
245	Iter0246	3	3	3	3	0	0	1.0	1.0	-4.61911e-05	0
246	Iter0247	3	0	3	6	0	0	7.0	0.18181818181818213	-2.2163793e-05	0
247	Iter0248	2	6	0	3	0	0	1.7142857142857142	1.0	-3.21853e-11	0
248	Iter0249	2	1	4	2	0	0	1.0	1.0	-4.233710811e-05	0
249	Iter0250	1	3	5	1	0	0	0.06666666666666668	0.19047619047619052	-3.27679e-05	0
250	Iter0251	2	2	4	0	0	0	0.2	0.4285714285714282	-0.0004259685	0
251	Iter0252	2	3	3	4	0	0	0.8888888888888888	1.0	-2.69152e-06	0
252	Iter0253	3	2	1	3	0	0	4.5	0.5238095238095237	-0.0002547693690953	0
253	Iter0254	2	0	2	1	0	0	2.0	1.0	-0.000236005	0
254	Iter0255	4	4	1	3	0	0	3.0	0.5757575757575775	-0.00014490943383999998	0
255	Iter0256	5	1	2	3	0	0	7.5	0.2424242424242424	-0.00076513407604	0
256	Iter0257	2	2	3	1	0	0	0.3333333333333333	1.0	-0.0016557100001607639	0
257	Iter0258	2	2	2	2	0	0	1.0	1.0	-3.194302200000001e-06	0
258	Iter0259	3	2	3	1	0	0	0.5	1.0	-0.0009961406	0
259	Iter0260	4	5	3	3	0	0	0.8	1.0	-4.6914481180000004e-05	0
260	Iter0261	3	1	3	2	0	0	2.0	1.0	-4.742587029999998e-06	0
261	Iter0262	3	5	7	0	0	0	0.08333333333333333	0.02564102564102557	-0.000222284876	0
262	Iter0263	1	5	1	5	0	0	1.0	1.0	-1.3136300000000003e-05	0
263	Iter0264	2	2	0	2	0	0	3.0	0.4666666666666664	-0.0007664000000000001	0
264	Iter0265	2	2	4	2	0	0	0.5	1.0	-0.00020379422	0
265	Iter0266	3	5	2	2	0	0	0.6	1.0	-1.6417240696e-05	0
266	Iter0267	1	5	4	2	0	0	0.1	0.24242424242424304	-3.68379e-05	0
267	Iter0268	2	2	2	3	0	0	1.5	1.0	-2.9468505699999997e-06	0
268	Iter0269	4	3	3	2	0	0	0.8888888888888888	1.0	-4.2239046999999995e-05	0
269	Iter0270	0	3	7	2	0	0	0.09375	0.045454545454545435	0.0	0
270	Iter0271	2	3	2	0	0	0	0.25	0.428571428571428	-2.046121e-05	0
271	Iter0272	4	3	5	3	0	0	0.7999999999999999	1.0	-5.190233094e-05	0
272	Iter0273	5	2	6	1	0	0	0.4166666666666667	1.0	-0.0008078809970475	0
273	Iter0274	5	1	6	2	0	0	1.6666666666666667	1.0	-0.0003997390699999999	0
274	Iter0275	1	4	4	1	0	0	0.0625	0.2063492063492062	-0.0007173339999999999	0
275	Iter0276	2	3	4	3	0	0	0.5	1.0	-8.973290000000001e-05	0
276	Iter0277	1	3	2	4	0	0	0.6666666666666666	1.0	-0.000756716	0
277	Iter0278	4	3	3	1	0	0	0.4444444444444444	1.0	-6.41247714393e-06	0
278	Iter0279	1	4	3	1	0	0	0.08333333333333333	0.20634920634920634	-0.000187272	0
279	Iter0280	1	1	3	4	0	0	1.3333333333333333	1.0	-0.000107256	0
280	Iter0281	2	3	4	1	0	0	0.16666666666666666	0.5238095238095237	-0.00013580751	0
281	Iter0282	0	1	5	3	0	0	0.3333333333333333	0.4444444444444454	0.0	0
282	Iter0283	5	3	3	3	0	0	1.6666666666666667	1.0	-0.0002005736380839166	0
283	Iter0284	2	1	7	0	0	0	0.1875	0.2999999999999995	-0.000189007	0
284	Iter0285	2	6	3	3	0	0	0.3333333333333333	0.5804195804195802	-8.8221e-12	0
285	Iter0286	4	4	2	2	0	0	1.0	1.0	-0.00037379872450999996	0
286	Iter0287	1	2	4	3	0	0	0.375	1.0	-1.34407e-09	0
287	Iter0288	2	3	6	0	0	0	0.10714285714285714	0.060606060606060524	-0.0005202618660189999	0
288	Iter0289	4	3	7	3	0	0	0.5714285714285714	0.6436651583710411	-5.8476379700000005e-05	0
289	Iter0290	8	4	0	2	0	0	5.4	0.16483516483516408	-0.0009755029564	0
290	Iter0291	2	2	5	2	0	0	0.4	0.5757575757575751	-1.692039e-05	0
291	Iter0292	1	0	4	1	0	0	0.8	1.0	-1.57124e-05	0
292	Iter0293	2	4	6	4	0	0	0.3333333333333333	0.6083916083916083	-5.279490000000002e-06	0
293	Iter0294	4	2	2	1	0	0	1.0	1.0	-0.00030129689851	0
294	Iter0295	1	4	4	0	0	0	0.08	0.04761904761904759	-8.75364e-09	0
295	Iter0296	3	2	4	3	0	0	1.125	1.0	-7.3655118629999996e-06	0
296	Iter0297	7	5	3	1	0	0	0.4666666666666666	1.0	-0.00031195093492714305	0
297	Iter0298	0	2	4	3	0	0	0.26666666666666666	0.4444444444444452	0.0	0
298	Iter0299	6	0	0	3	0	0	28.0	0.011904761904761908	-0.0012178742484687	0
299	Iter0300	4	7	6	1	0	0	0.09523809523809523	0.06561085972850683	-5.15353063e-07	0
300	Iter0301	4	2	3	4	0	0	2.6666666666666665	0.592074592074594	-0.00010373321999999999	0
301	Iter0302	2	4	3	5	0	0	0.8333333333333334	1.0	-2.8269222e-05	0
302	Iter0303	1	0	5	3	0	0	1.3333333333333333	1.0	-6.75555e-10	0
303	Iter0304	3	2	3	0	0	0	0.3333333333333333	0.4642857142857138	-1.3577723374e-05	0
304	Iter0305	0	4	3	2	0	0	0.15000000000000002	0.1666666666666667	0.0	0
305	Iter0306	4	3	2	3	0	0	2.0	1.0	-0.000600465262282	0
306	Iter0307	1	3	2	0	0	0	0.16666666666666666	0.4	-0.000670074	0
307	Iter0308	2	1	1	0	0	0	0.75	1.0	-0.000475022	0
308	Iter0309	1	5	2	5	0	0	0.5	1.0	-9.18311e-05	0
309	Iter0310	3	1	3	1	0	0	1.0	1.0	-1.6256284639999997e-05	0
310	Iter0311	4	1	2	2	0	0	4.0	0.5238095238095241	-0.0004313069572	0
311	Iter0312	2	3	3	2	0	0	0.4444444444444444	1.0	-8.938610000000001e-05	0
312	Iter0313	2	1	2	0	0	0	0.5	1.0	-0.00040484310000000003	0
313	Iter0314	6	3	2	1	0	0	1.0	1.0	-2.8076946156899997e-05	0
314	Iter0315	1	4	7	1	0	0	0.03571428571428571	0.031857031857031835	-6.49437e-07	0
315	Iter0316	3	3	1	1	0	0	1.0	1.0	-0.0012797076000000001	0
316	Iter0317	3	2	0	1	0	0	2.6666666666666665	1.0	-5.1036475653e-08	0
317	Iter0318	5	2	5	2	0	0	1.0	1.0	-7.348090000000001e-06	0
318	Iter0319	1	3	4	4	0	0	0.3333333333333333	0.5757575757575774	-4.67229e-06	0
319	Iter0320	6	1	2	2	0	0	6.0	0.4909090909090907	-0.0008424480979	0
320	Iter0321	5	0	2	1	0	0	4.0	0.3749999999999997	-0.00035197232	0
321	Iter0322	3	3	2	5	0	0	2.5	0.5920745920745943	-6.159372e-05	0
322	Iter0323	2	2	4	2	0	0	0.5	1.0	-9.26828e-05	0
323	Iter0324	1	4	2	1	0	0	0.125	0.4642857142857136	-0.00015130299999999998	0
324	Iter0325	1	3	4	0	0	0	0.1	0.14285714285714268	-0.00148946	0
325	Iter0326	3	0	5	4	0	0	3.333333333333333	0.4909090909090912	-0.0010444773999999997	0
326	Iter0327	5	2	3	0	0	0	0.5	1.0	-4.1205735945e-05	0
327	Iter0328	4	4	3	4	0	0	1.3333333333333333	1.0	-0.00040588942400000003	0
328	Iter0329	0	0	2	3	0	0	1.3333333333333333	1.0	0.0	0
329	Iter0330	4	1	3	1	0	0	1.3333333333333333	1.0	-5.443180998199e-05	0
330	Iter0331	2	1	6	1	0	0	0.3333333333333333	1.0	-0.00017804329111	0
331	Iter0332	2	5	4	1	0	0	0.1	0.242424242424243	-0.00015490450000000001	0
332	Iter0333	3	2	2	0	0	0	0.4444444444444444	1.0	-0.0013334651	0
333	Iter0334	2	1	6	5	0	0	1.6666666666666667	1.0	-0.00014552914851600002	0
334	Iter0335	4	2	4	0	0	0	0.33333333333333337	0.4666666666666668	-0.00020037100000000002	0
335	Iter0336	3	1	1	3	0	0	9.0	0.4857142857142854	-0.0008123643	0
336	Iter0337	0	5	0	2	0	0	0.5	1.0	0.0	0
337	Iter0338	4	1	4	3	0	0	3.0	0.5757575757575769	-8.070701e-05	0
338	Iter0339	2	0	2	2	0	0	3.0	0.4666666666666665	-0.00012757264	0
339	Iter0340	3	2	2	2	0	0	1.5	1.0	-0.0001256985244	0
340	Iter0341	0	2	6	4	0	0	0.2380952380952381	0.4545454545454557	0.0	0
341	Iter0342	2	1	1	0	0	0	0.75	1.0	-0.00016445734	0
342	Iter0343	3	1	1	3	0	0	9.0	0.4857142857142854	-0.0008228717900000001	0
343	Iter0344	3	1	3	1	0	0	1.0	1.0	-7.175476999999999e-05	0
344	Iter0345	2	2	2	2	0	0	1.0	1.0	-0.0006577709	0
345	Iter0346	1	3	2	5	0	0	0.8333333333333333	1.0	-7.48336e-06	0
346	Iter0347	3	3	1	0	0	0	0.5	1.0	-0.00021939333	0
347	Iter0348	2	4	4	0	0	0	0.12	0.07619047619047617	-1.10807405e-05	0
348	Iter0349	2	2	2	2	0	0	1.0	1.0	-2.3735744e-05	0
349	Iter0350	2	3	9	2	0	0	0.14814814814814814	0.2445054945054945	-0.00079685183	0
350	Iter0351	2	5	4	2	0	0	0.2	0.2861305361305377	-0.000435062742	0
351	Iter0352	5	3	1	2	0	0	3.333333333333333	0.5454545454545457	-0.000151858309	0
352	Iter0353	1	3	1	2	0	0	0.6666666666666666	1.0	-1.415e-06	0
353	Iter0354	1	2	1	1	0	0	0.5	1.0	-0.000124214	0
354	Iter0355	5	4	8	5	0	0	0.78125	1.0	-0.0005174129000000001	0
355	Iter0356	3	1	1	1	0	0	3.0	1.0	-1.5668493999999998e-05	0
356	Iter0357	3	3	0	0	0	0	1.0	1.0	-0.00053701384806	0
357	Iter0358	2	4	1	0	0	0	0.3	0.4285714285714287	-5.0026137e-05	0
358	Iter0359	2	1	7	5	0	0	1.4285714285714286	1.0	-0.00017327629999999998	0
359	Iter0360	2	3	2	1	0	0	0.3333333333333333	1.0	-0.00042740938597	0
360	Iter0361	5	2	2	3	0	0	3.75	0.5580808080808088	-0.0002505287285	0
361	Iter0362	3	4	1	4	0	0	3.0	0.5757575757575772	-1.4272e-11	0
362	Iter0363	3	1	4	0	0	0	0.4	1.0	-0.00049759804	0
363	Iter0364	2	2	3	3	0	0	1.0	1.0	-0.0001164327	0
364	Iter0365	2	2	5	1	0	0	0.2	0.5000000000000001	-0.00028400619	0
365	Iter0366	3	4	1	3	0	0	2.25	1.0	-1.277338e-07	0
366	Iter0367	2	1	2	3	0	0	3.0	1.0	-2.4082522000000006e-05	0
367	Iter0368	4	3	4	0	0	0	0.25	0.2363636363636365	-0.0007356685080000001	0
368	Iter0369	3	2	8	2	0	0	0.375	0.5604395604395591	-0.0006691510700040355	0
369	Iter0370	1	2	1	3	0	0	1.5	1.0	-2.856e-05	0
370	Iter0371	6	3	6	0	0	0	0.25	0.22857142857142754	-0.0007842992510856752	0
371	Iter0372	3	1	1	0	0	0	1.0	1.0	-0.00020423216384	0
372	Iter0373	6	2	1	2	0	0	6.0	0.4909090909090907	-0.00010961613619999998	0
373	Iter0374	3	3	6	2	0	0	0.3333333333333333	0.5804195804195795	-0.0008936442399900001	0
374	Iter0375	0	3	5	1	0	0	0.08333333333333333	0.04761904761904768	0.0	0
375	Iter0376	4	5	3	1	0	0	0.26666666666666666	0.5594405594405606	-0.000232138183966	0
376	Iter0377	5	3	5	1	0	0	0.33333333333333337	0.5804195804195811	-0.00012616989	0
377	Iter0378	4	2	3	2	0	0	1.3333333333333333	1.0	-0.0015197794	0
378	Iter0379	0	0	6	1	0	0	0.2857142857142857	1.0	0.0	0
379	Iter0380	3	2	5	3	0	0	0.8999999999999999	1.0	-7.726841000000001e-05	0
380	Iter0381	1	4	3	3	0	0	0.25	0.5454545454545456	-2.80169e-05	0
381	Iter0382	1	2	3	0	0	0	0.16666666666666666	0.3999999999999997	-0.000645164	0
382	Iter0383	2	2	4	2	0	0	0.5	1.0	-4.5405769999999996e-05	0
383	Iter0384	1	6	7	1	0	0	0.023809523809523808	0.010101010101010091	-0.000220765	0
384	Iter0385	5	2	4	7	0	0	4.375	0.3348416289592764	-0.0020141428	0
385	Iter0386	0	4	1	0	0	0	0.1	0.20000000000000007	0.0	0
386	Iter0387	3	3	4	1	0	0	0.25	0.5454545454545454	-0.0004291682162	0
387	Iter0388	4	1	3	2	0	0	2.6666666666666665	1.0	-0.00079053695	0
388	Iter0389	2	3	2	0	0	0	0.25	0.428571428571428	-1.163432181e-07	0
389	Iter0390	0	3	4	6	0	0	0.35	0.4965034965034973	0.0	0
390	Iter0391	2	0	4	2	0	0	1.7999999999999998	1.0	-0.00036228350000000004	0
391	Iter0392	6	1	7	4	0	0	3.4285714285714284	0.5955882352941178	-0.00053110952294	0
392	Iter0393	2	3	5	2	0	0	0.26666666666666666	0.5580808080808088	-2.72467e-06	0
393	Iter0394	1	2	5	2	0	0	0.2	0.4999999999999996	-7.95313e-05	0
394	Iter0395	2	4	4	5	0	0	0.625	1.0	-0.000291118	0
395	Iter0396	3	2	5	2	0	0	0.6	1.0	-0.0003693092	0
396	Iter0397	6	4	4	3	0	0	1.125	1.0	-0.0015059702	0
397	Iter0398	1	2	1	3	0	0	1.5	1.0	-0.000634039	0
398	Iter0399	3	5	2	1	0	0	0.3	0.5454545454545453	-6.71200608933e-06	0
399	Iter0400	3	2	5	2	0	0	0.6	1.0	-0.0003376982390719999	0
400	Iter0401	1	1	3	1	0	0	0.3333333333333333	1.0	0.0	0
401	Iter0402	1	4	3	0	0	0	0.1	0.14285714285714265	-9.66252e-11	0
402	Iter0403	5	0	7	1	0	0	1.5	1.0	-0.0001714754	0
403	Iter0404	1	0	2	0	0	0	0.6666666666666666	1.0	-1.06381e-05	0
404	Iter0405	3	1	3	2	0	0	2.0	1.0	-0.000495597	0
405	Iter0406	4	4	3	3	0	0	1.0	1.0	-0.00016827486	0
406	Iter0407	2	1	1	3	0	0	6.0	0.4857142857142854	-2.19034318e-06	0
407	Iter0408	1	5	3	3	0	0	0.2	0.5454545454545479	-3.59326e-05	0
408	Iter0409	3	1	3	2	0	0	2.0	1.0	-8.0328915e-05	0
409	Iter0410	2	3	7	3	0	0	0.2857142857142857	0.32867132867132803	-0.00109212	0
410	Iter0411	2	6	3	1	0	0	0.1111111111111111	0.2222222222222228	-0.00054153717	0
411	Iter0412	2	0	5	1	0	0	1.0	1.0	-0.0001323145	0
412	Iter0413	5	5	2	0	0	0	0.3333333333333333	0.4696969696969707	-0.0014074983585842	0
413	Iter0414	3	2	2	2	0	0	1.5	1.0	-0.0010404665500009043	0
414	Iter0415	6	3	5	2	0	0	0.8	1.0	-0.00030245497	0
415	Iter0416	0	4	4	3	0	0	0.16	0.193939393939394	0.0	0
416	Iter0417	4	1	1	0	0	0	1.25	1.0	-0.0008539763	0
417	Iter0418	3	3	3	0	0	0	0.25	0.4642857142857149	-0.000595195435807	0
418	Iter0419	0	1	2	2	0	0	0.5	1.0	0.0	0
419	Iter0420	1	1	6	3	0	0	0.5	1.0	-7.73966e-11	0
420	Iter0421	3	1	3	2	0	0	2.0	1.0	-0.00083025668	0
421	Iter0422	3	3	2	3	0	0	1.5	1.0	-0.0005521727900000001	0
422	Iter0423	0	2	6	2	0	0	0.14285714285714285	0.13333333333333328	0.0	0
423	Iter0424	2	4	3	5	0	0	0.8333333333333334	1.0	-1.34884657e-05	0
424	Iter0425	3	3	7	2	0	0	0.2857142857142857	0.3286713286713281	-0.00135574334	0
425	Iter0426	2	2	4	0	0	0	0.2	0.4285714285714282	-3.2830082250000002e-06	0
426	Iter0427	2	7	3	3	0	0	0.2857142857142857	0.3286713286713286	-9.34451e-05	0
427	Iter0428	1	5	4	0	0	0	0.06666666666666668	0.0476190476190476	-9.10168e-05	0
428	Iter0429	3	0	3	3	0	0	4.0	0.4642857142857145	-0.00049658334	0
429	Iter0430	3	0	1	2	0	0	6.0	0.3999999999999997	-0.00099388957	0
430	Iter0431	4	4	6	2	0	0	0.3333333333333333	0.6083916083916072	-0.0014688900999999999	0
431	Iter0432	2	0	3	1	0	0	1.5	1.0	-0.0006205970000000001	0
432	Iter0433	2	4	1	4	0	0	2.0	1.0	-2.77925e-05	0
433	Iter0434	3	5	3	2	0	0	0.4	0.5920745920745942	-7.2938347e-05	0
434	Iter0435	1	1	3	3	0	0	1.0	1.0	-0.000223787	0
435	Iter0436	3	1	6	7	0	0	3.5	0.5764705882352927	-0.00010322429081000001	0
436	Iter0437	6	3	2	3	0	0	3.0	0.5804195804195786	-0.0005852284170000001	0
437	Iter0438	4	2	4	0	0	0	0.33333333333333337	0.4666666666666668	-1.1089610867878e-05	0
438	Iter0439	0	4	2	0	0	0	0.06666666666666668	0.06666666666666668	0.0	0
439	Iter0440	3	3	3	4	0	0	1.3333333333333333	1.0	-1.8523210000000007e-05	0
440	Iter0441	0	2	3	4	0	0	0.4166666666666666	0.5000000000000009	0.0	0
441	Iter0442	1	2	3	2	0	0	0.3333333333333333	1.0	-8.44961e-05	0
442	Iter0443	3	3	6	3	0	0	0.5	0.6223776223776206	-4.9836182575e-05	0
443	Iter0444	3	1	7	4	0	0	1.7142857142857142	1.0	-4.803145e-05	0
444	Iter0445	1	2	5	3	0	0	0.3	0.5454545454545457	-1.56973e-05	0
445	Iter0446	5	2	4	3	0	0	1.875	1.0	-0.0008529999799999999	0
446	Iter0447	3	4	1	1	0	0	0.75	1.0	-0.0002695072	0
447	Iter0448	1	5	3	1	0	0	0.06666666666666668	0.19047619047619066	-1.00691e-05	0
448	Iter0449	1	1	6	3	0	0	0.5	1.0	-1.78508e-05	0
449	Iter0450	6	3	1	1	0	0	2.0	1.0	-0.0016237327733881002	0
450	Iter0451	2	2	6	4	0	0	0.6666666666666666	1.0	-1.1814792e-05	0
451	Iter0452	3	3	0	1	0	0	2.0	1.0	-0.00011260504	0
452	Iter0453	2	7	3	0	0	0	0.09375	0.04545454545454549	-2.784541e-05	0
453	Iter0454	1	2	3	1	0	0	0.16666666666666666	0.4857142857142852	-2.2621900000000003e-06	0
454	Iter0455	6	0	4	2	0	0	4.2	0.4545454545454549	-5.975668746e-05	0
455	Iter0456	1	1	6	4	0	0	0.6666666666666666	1.0	-3.73719e-06	0
456	Iter0457	2	4	3	3	0	0	0.5	1.0	-1.3296120000000001e-05	0
457	Iter0458	4	4	4	2	0	0	0.5	0.6270396270396279	-0.00018159268694	0
458	Iter0459	6	4	1	2	0	0	3.0	0.5594405594405605	-0.00051467556	0
459	Iter0460	3	1	3	3	0	0	3.0	0.5714285714285717	-1.434071e-06	0
460	Iter0461	2	4	5	1	0	0	0.1	0.24242424242424304	-8.992463546500001e-05	0
461	Iter0462	3	1	2	4	0	0	6.0	0.5238095238095236	-0.001432689897457	0
462	Iter0463	1	3	4	2	0	0	0.16666666666666666	0.5238095238095236	-1.6093600000000004e-06	0
463	Iter0464	2	0	4	4	0	0	3.0	0.4666666666666668	-2.1830743999999998e-05	0
464	Iter0465	3	3	4	1	0	0	0.25	0.5454545454545454	-1.7064304688399996e-05	0
465	Iter0466	4	5	3	2	0	0	0.5333333333333333	1.0	-0.000249274707	0
466	Iter0467	3	2	3	3	0	0	1.5	1.0	-0.0005930348	0
467	Iter0468	0	3	10	1	0	0	0.045454545454545456	0.010989010989010952	0.0	0
468	Iter0469	1	4	2	1	0	0	0.125	0.4642857142857136	-0.00013383	0
469	Iter0470	2	3	1	3	0	0	2.0	1.0	-2.71868e-05	0
470	Iter0471	4	1	2	1	0	0	2.0	1.0	-0.0001081167507355072	0
471	Iter0472	2	5	4	5	0	0	0.5	0.6328671328671325	-3.0026058000000002e-05	0
472	Iter0473	2	4	1	5	0	0	2.5	1.0	-7.0669305808e-05	0
473	Iter0474	4	5	5	2	0	0	0.32	0.3575174825174812	-0.00089604347	0
474	Iter0475	2	0	2	3	0	0	4.0	0.428571428571428	-0.00017829979999999998	0
475	Iter0476	2	1	7	0	0	0	0.1875	0.2999999999999995	-0.000915311	0
476	Iter0477	2	2	6	3	0	0	0.5	1.0	-3.327193e-05	0
477	Iter0478	5	1	3	1	0	0	1.6666666666666667	1.0	-0.000118808472	0
478	Iter0479	3	2	2	4	0	0	3.0	0.5670995670995664	-0.0005731250000000001	0
479	Iter0480	4	4	2	2	0	0	1.0	1.0	-5.659308653e-05	0
480	Iter0481	3	1	5	0	0	0	0.3333333333333333	0.444444444444445	-0.000357740158	0
481	Iter0482	1	2	6	2	0	0	0.16666666666666666	0.4909090909090907	-0.00010516	0
482	Iter0483	4	4	5	3	0	0	0.6	1.0	-0.00021509436489999998	0
483	Iter0484	3	3	4	2	0	0	0.5	1.0	-8.118722660539999e-05	0
484	Iter0485	4	3	0	2	0	0	3.75	0.4444444444444447	-0.00023342064112	0
485	Iter0486	0	1	6	2	0	0	0.21428571428571427	0.33333333333333354	0.0	0
486	Iter0487	4	4	1	1	0	0	1.0	1.0	-0.000500322	0
487	Iter0488	3	2	2	2	0	0	1.5	1.0	-0.00029939508000000005	0
488	Iter0489	3	2	6	2	0	0	0.5	1.0	-0.0003732211255	0
489	Iter0490	6	0	4	1	0	0	2.8	0.4545454545454541	-0.000309070102034	0
490	Iter0491	1	3	2	1	0	0	0.16666666666666666	0.4857142857142854	-9.14798e-05	0
491	Iter0492	2	3	4	5	0	0	0.8333333333333333	1.0	-0.000679886055	0
492	Iter0493	4	3	5	1	0	0	0.26666666666666666	0.5594405594405606	-0.0008577120000000001	0
493	Iter0494	2	3	4	2	0	0	0.3333333333333333	0.5670995670995663	-0.0008439669999999999	0
494	Iter0495	0	1	4	0	0	0	0.1	0.20000000000000007	0.0	0
495	Iter0496	5	6	4	5	0	0	1.0416666666666667	1.0	-0.000387230002	0
496	Iter0497	3	3	1	3	0	0	3.0	0.5714285714285721	-0.00027818358119000003	0
497	Iter0498	0	3	5	5	0	0	0.25	0.2307692307692316	0.0	0
498	Iter0499	3	3	3	2	0	0	0.6666666666666666	1.0	-2.380877e-06	0
499	Iter0500	2	1	3	4	0	0	2.6666666666666665	1.0	-0.0001156021	0
500	Iter0501	6	7	2	2	0	0	0.8571428571428571	1.0	-0.0006585474	0
501	Iter0502	2	3	3	2	0	0	0.4444444444444444	1.0	-0.00013367835000000001	0
502	Iter0503	3	2	2	3	0	0	2.25	1.0	-0.00014051220996000001	0
503	Iter0504	0	4	1	4	0	0	0.5	1.0	0.0	0
504	Iter0505	1	2	8	2	0	0	0.125	0.2027972027972029	-0.000205729	0
505	Iter0506	5	1	5	0	0	0	0.5	1.0	-0.0007349997	0
506	Iter0507	3	4	3	3	0	0	0.75	1.0	-1.3234396000000002e-06	0
507	Iter0508	4	3	3	3	0	0	1.3333333333333333	1.0	-0.00043334616	0
508	Iter0509	1	2	4	1	0	0	0.125	0.4642857142857137	-4.4696e-10	0
509	Iter0510	5	3	4	0	0	0	0.3	0.4909090909090921	-0.00098263546	0
510	Iter0511	1	3	4	2	0	0	0.16666666666666666	0.5238095238095236	-0.000226849	0
511	Iter0512	2	2	8	2	0	0	0.25	0.5204795204795203	-0.0003249498	0
512	Iter0513	2	3	0	1	0	0	1.5	1.0	-0.0001490835356	0
513	Iter0514	0	1	2	0	0	0	0.16666666666666666	0.33333333333333337	0.0	0
514	Iter0515	3	2	2	2	0	0	1.5	1.0	-0.0002774886	0
515	Iter0516	3	3	5	0	0	0	0.16666666666666666	0.1818181818181816	-0.001011970771	0
516	Iter0517	1	4	4	2	0	0	0.125	0.2424242424242421	-3.23398e-11	0
517	Iter0518	4	4	2	1	0	0	0.5	1.0	-0.000190197393	0
518	Iter0519	3	6	7	2	0	0	0.14285714285714285	0.15343480049362446	-0.00021653954	0
519	Iter0520	8	1	3	3	0	0	8.0	0.2351648351648347	-0.0013034689243000002	0
520	Iter0521	5	2	0	4	0	0	10.0	0.06060606060606062	-2.54357457381e-05	0
521	Iter0522	6	1	2	1	0	0	3.0	1.0	-0.0012820547000000002	0
522	Iter0523	3	1	5	1	0	0	0.6	1.0	-6.854454e-06	0
523	Iter0524	1	3	1	4	0	0	1.3333333333333333	1.0	0.0	0
524	Iter0525	1	3	6	3	0	0	0.16666666666666666	0.26573426573426634	-7.665410000000002e-24	0
525	Iter0526	2	2	6	3	0	0	0.5	1.0	-0.0006998067	0
526	Iter0527	2	2	3	1	0	0	0.3333333333333333	1.0	-7.945330000000001e-05	0
527	Iter0528	2	3	2	2	0	0	0.6666666666666666	1.0	-5.589530000000001e-05	0
528	Iter0529	0	4	3	1	0	0	0.1	0.14285714285714274	0.0	0
529	Iter0530	3	3	3	3	0	0	1.0	1.0	-5.786319300000001e-07	0
530	Iter0531	2	2	2	2	0	0	1.0	1.0	-3.65877e-06	0
531	Iter0532	1	4	1	3	0	0	0.75	1.0	-3.61589e-05	0
532	Iter0533	3	5	0	1	0	0	1.3333333333333333	1.0	-0.00020414155100000002	0
533	Iter0534	6	0	4	3	0	0	5.6	0.19230769230769307	-0.0006581368698200001	0
534	Iter0535	1	2	4	2	0	0	0.25	0.5238095238095238	-1.54429e-08	0
535	Iter0536	6	6	2	3	0	0	1.5	1.0	-0.0019906976331	0
536	Iter0537	1	3	2	1	0	0	0.16666666666666666	0.4857142857142854	-7.804800000000002e-07	0
537	Iter0538	1	3	5	0	0	0	0.08333333333333333	0.04761904761904764	-0.000431348	0
538	Iter0539	2	4	3	0	0	0	0.15	0.16666666666666674	-0.0004901687615	0
539	Iter0540	6	2	3	2	0	0	2.0	1.0	-0.000537844418987901	0
540	Iter0541	1	2	5	3	0	0	0.3	0.5454545454545457	-4.26736e-08	0
541	Iter0542	3	3	1	0	0	0	0.5	1.0	-0.000535533	0
542	Iter0543	1	1	3	2	0	0	0.6666666666666666	1.0	-0.000327055	0
543	Iter0544	1	2	3	3	0	0	0.5	1.0	-4.54317e-09	0
544	Iter0545	5	3	2	1	0	0	0.8333333333333334	1.0	-5.8927514827e-05	0
545	Iter0546	6	6	4	0	0	0	0.2	0.23351648351648305	-0.00011171449560000001	0
546	Iter0547	2	4	3	1	0	0	0.16666666666666666	0.5238095238095236	-2.96133e-05	0
547	Iter0548	4	4	4	4	0	0	1.0	1.0	-0.0006979528766329999	0
548	Iter0549	2	3	6	3	0	0	0.3333333333333333	0.5804195804195786	-2.8497739999999998e-08	0
549	Iter0550	1	4	4	0	0	0	0.08	0.04761904761904759	-0.000216223	0
550	Iter0551	2	4	0	2	0	0	1.8	1.0	-3.411606e-06	0
551	Iter0552	0	4	3	0	0	0	0.05	0.02857142857142855	0.0	0
552	Iter0553	4	4	4	1	0	0	0.25	0.5648795648795664	-0.00036175280137999997	0
553	Iter0554	2	6	3	5	0	0	0.5555555555555556	1.0	-0.000292079555754	0
554	Iter0555	3	1	2	3	0	0	4.5	0.5238095238095235	-0.00044237530449999993	0
555	Iter0556	3	4	2	3	0	0	1.125	1.0	-5.1051630999999996e-05	0
556	Iter0557	2	3	4	1	0	0	0.16666666666666666	0.5238095238095237	-2.121201e-06	0
557	Iter0558	2	1	5	1	0	0	0.4	1.0	-0.00038911930000000005	0
558	Iter0559	3	6	4	4	0	0	0.5	0.6371863430686965	-0.00113666	0
559	Iter0560	3	1	2	1	0	0	1.5	1.0	-0.00040396392100000003	0
560	Iter0561	1	0	2	1	0	0	1.3333333333333333	1.0	-1.90698e-06	0
561	Iter0562	3	7	5	4	0	0	0.3428571428571429	0.3698499642772091	-9.7011097e-05	0
562	Iter0563	3	3	0	4	0	0	5.0	0.20000000000000012	-0.000132224992453	0
563	Iter0564	1	3	0	1	0	0	1.0	1.0	-5.27931e-05	0
564	Iter0565	2	1	3	2	0	0	1.3333333333333333	1.0	-4.33518122553e-05	0
565	Iter0566	3	1	3	2	0	0	2.0	1.0	-2.922076e-05	0
566	Iter0567	5	0	3	3	0	0	6.0	0.18181818181818185	-0.0009049924	0
567	Iter0568	2	2	5	2	0	0	0.4	0.5757575757575751	-1.4735900000055053e-05	0
568	Iter0569	6	2	1	2	0	0	6.0	0.4909090909090907	-0.0002094101585926	0
569	Iter0570	2	1	3	1	0	0	0.6666666666666666	1.0	-0.00014020772120000002	0
570	Iter0571	4	2	5	3	0	0	1.2	1.0	-5.0983218000000006e-05	0
571	Iter0572	2	2	2	0	0	0	0.3333333333333333	0.4666666666666665	-1.0865187e-05	0
572	Iter0573	1	2	6	5	0	0	0.4166666666666667	1.0	-1.95186e-07	0
573	Iter0574	4	0	3	2	0	0	3.75	0.4444444444444449	-0.00021280492395999999	0
574	Iter0575	2	0	2	0	0	0	1.0	1.0	-0.000340431	0
575	Iter0576	3	2	4	4	0	0	1.5	1.0	-1.1253542e-05	0
576	Iter0577	1	1	3	4	0	0	1.3333333333333333	1.0	-8.45867e-11	0
577	Iter0578	1	2	6	0	0	0	0.09523809523809523	0.08333333333333337	0.0	0
578	Iter0579	2	3	3	4	0	0	0.8888888888888888	1.0	-2.6425700612902e-05	0
579	Iter0580	7	2	1	2	0	0	7.0	0.2363636363636364	-0.0007739378035	0
580	Iter0581	2	5	5	4	0	0	0.32	0.3575174825174822	-6.39250869e-05	0
581	Iter0582	3	3	5	1	0	0	0.2	0.5454545454545476	-2.667867407e-05	0
582	Iter0583	0	1	4	0	0	0	0.1	0.20000000000000007	0.0	0
583	Iter0584	3	5	9	3	0	0	0.2	0.16746844486782547	-8.399484500000001e-05	0
584	Iter0585	5	2	0	1	0	0	4.0	0.375	-0.00030450773910000004	0
585	Iter0586	3	1	2	3	0	0	4.5	0.5238095238095235	-0.0002496073	0
586	Iter0587	5	2	3	4	0	0	3.333333333333333	0.5920745920745918	-0.0009369820010847001	0
587	Iter0588	2	1	5	1	0	0	0.4	1.0	-7.6502705e-05	0
588	Iter0589	2	3	6	1	0	0	0.1111111111111111	0.22222222222222265	-0.0005046278	0
589	Iter0590	4	2	3	1	0	0	0.6666666666666666	1.0	-9.581025519999999e-05	0
590	Iter0591	3	0	2	1	0	0	2.6666666666666665	1.0	-3.663965991e-06	0
591	Iter0592	4	9	6	4	0	0	0.2962962962962963	0.221544910870526	-0.00013465665134	0
592	Iter0593	2	3	1	1	0	0	0.6666666666666666	1.0	-3.3306597e-06	0
593	Iter0594	1	0	2	2	0	0	2.0	1.0	-6.65449e-05	0
594	Iter0595	4	4	3	2	0	0	0.6666666666666666	1.0	-1.9890944039601897e-05	0
595	Iter0596	4	1	6	1	0	0	0.6666666666666666	1.0	-4.518570438009167e-05	0
596	Iter0597	1	3	4	2	0	0	0.16666666666666666	0.5238095238095236	-3.14052e-05	0
597	Iter0598	2	3	4	0	0	0	0.15	0.16666666666666666	-0.0003309987	0
598	Iter0599	2	0	3	4	0	0	3.75	0.444444444444445	-0.000397787834	0
599	Iter0600	2	0	7	1	0	0	0.75	1.0	-0.000571617	0
600	Iter0601	5	3	6	4	0	0	1.1111111111111112	1.0	-7.037228e-05	0
601	Iter0602	2	2	4	4	0	0	1.0	1.0	-5.286258530000001e-06	0
602	Iter0603	2	5	2	2	0	0	0.4	0.5757575757575761	-9.858210000200701e-05	0
603	Iter0604	1	5	2	2	0	0	0.2	0.5000000000000003	-4.11367e-12	0
604	Iter0605	5	4	1	1	0	0	1.25	1.0	-0.0016560603900000002	0
605	Iter0606	2	2	7	5	0	0	0.7142857142857143	1.0	-0.000131699	0
606	Iter0607	6	0	7	0	0	0	0.875	1.0	-0.000746588453939	0
607	Iter0608	2	0	1	1	0	0	3.0	1.0	-0.0003854026	0
608	Iter0609	4	2	5	1	0	0	0.4	1.0	-0.00019444529999999998	0
609	Iter0610	3	6	2	4	0	0	1.0	1.0	-0.000375700819	0
610	Iter0611	1	5	3	4	0	0	0.26666666666666666	0.5594405594405608	-0.000102511	0
611	Iter0612	3	0	2	0	0	0	1.3333333333333333	1.0	-1.519308e-05	0
612	Iter0613	0	0	6	7	0	0	1.1428571428571428	1.0	0.0	0
613	Iter0614	5	4	2	2	0	0	1.25	1.0	-0.000207293329	0
614	Iter0615	2	1	4	1	0	0	0.5	1.0	-8.726919999999999e-06	0
615	Iter0616	0	2	3	4	0	0	0.4166666666666666	0.5000000000000009	0.0	0
616	Iter0617	2	2	5	3	0	0	0.6	1.0	-0.000744719	0
617	Iter0618	2	0	7	2	0	0	1.125	1.0	-0.000136462664	0
618	Iter0619	3	3	2	3	0	0	1.5	1.0	-0.0010303340000030882	0
619	Iter0620	3	0	2	0	0	0	1.3333333333333333	1.0	-5.0799473e-05	0
620	Iter0621	2	4	1	1	0	0	0.5	1.0	-1.0895089e-05	0
621	Iter0622	1	3	3	1	0	0	0.1111111111111111	0.4857142857142854	-3.333e-05	0
622	Iter0623	2	2	1	1	0	0	1.0	1.0	-1.83054e-08	0
623	Iter0624	7	3	3	3	0	0	2.333333333333333	0.6066433566433559	-0.0010234959	0
624	Iter0625	4	5	3	2	0	0	0.5333333333333333	1.0	-0.00015133427774999999	0
625	Iter0626	2	3	2	2	0	0	0.6666666666666666	1.0	-0.0001319479	0
626	Iter0627	2	1	2	3	0	0	3.0	1.0	-3.78949e-06	0
627	Iter0628	5	1	0	3	0	0	12.0	0.04761904761904768	-0.000187285215591	0
628	Iter0629	3	2	2	2	0	0	1.5	1.0	-0.0005908405310000921	0
629	Iter0630	2	0	2	3	0	0	4.0	0.428571428571428	-2.14031e-05	0
630	Iter0631	2	1	5	1	0	0	0.4	1.0	-1.8385990000000001e-07	0
631	Iter0632	3	2	3	1	0	0	0.5	1.0	-4.22173611e-05	0
632	Iter0633	1	2	4	4	0	0	0.5	1.0	-2.41871e-05	0
633	Iter0634	4	1	6	3	0	0	2.0	1.0	-2.8184635831e-10	0
634	Iter0635	1	4	2	2	0	0	0.25	0.5238095238095243	-0.000376335	0
635	Iter0636	1	2	2	1	0	0	0.25	1.0	0.0	0
636	Iter0637	4	3	2	2	0	0	1.3333333333333333	1.0	-0.0023364752000000003	0
637	Iter0638	0	1	3	1	0	0	0.25	0.4000000000000002	0.0	0
638	Iter0639	0	2	8	3	0	0	0.14814814814814814	0.12820512820512825	0.0	0
639	Iter0640	3	5	4	1	0	0	0.15	0.2657342657342665	-0.0004582621290138264	0
640	Iter0641	1	4	0	2	0	0	1.2000000000000002	1.0	-3.73894e-05	0
641	Iter0642	8	4	2	0	0	0	0.6	1.0	-0.001737954300240234	0
642	Iter0643	4	3	3	1	0	0	0.4444444444444444	1.0	-0.00110967415988	0
643	Iter0644	1	3	5	3	0	0	0.2	0.5454545454545471	-6.20732e-07	0
644	Iter0645	2	4	3	6	0	0	1.0	1.0	-2.753984728e-05	0
645	Iter0646	2	5	1	2	0	0	0.8	1.0	-0.0003893137000000001	0
646	Iter0647	2	1	2	2	0	0	2.0	1.0	-6.233553999999999e-05	0
647	Iter0648	3	1	5	1	0	0	0.6	1.0	-0.00012815324	0
648	Iter0649	3	4	4	3	0	0	0.5625	1.0	-8.83665123e-07	0
649	Iter0650	2	3	6	2	0	0	0.2222222222222222	0.2929292929292933	-7.7284987e-05	0
650	Iter0651	2	3	4	3	0	0	0.5	1.0	-4.95645e-08	0
651	Iter0652	0	1	7	2	0	0	0.1875	0.2999999999999995	0.0	0
652	Iter0653	2	2	4	1	0	0	0.25	0.5238095238095241	-8.209828799999999e-10	0
653	Iter0654	3	0	2	0	0	0	1.3333333333333333	1.0	-5.76827918e-05	0
654	Iter0655	4	5	4	3	0	0	0.6000000000000001	1.0	-0.0002969475	0
655	Iter0656	2	5	4	2	0	0	0.2	0.2861305361305377	0.0	0
656	Iter0657	6	2	4	3	0	0	2.25	0.6083916083916068	-0.00034398999	0
657	Iter0658	3	4	1	1	0	0	0.75	1.0	-4.6934460400650006e-05	0
658	Iter0659	2	2	4	2	0	0	0.5	1.0	-0.000116375299	0
659	Iter0660	3	4	2	2	0	0	0.75	1.0	-0.00010046310708300001	0
660	Iter0661	5	3	2	3	0	0	2.5000000000000004	0.5920745920745941	-1.58307371e-05	0
661	Iter0662	3	1	3	0	0	0	0.5	1.0	-0.00014393051128818	0
662	Iter0663	5	3	1	2	0	0	3.333333333333333	0.5454545454545457	-0.00012191839699999999	0
663	Iter0664	6	3	6	2	0	0	0.6666666666666666	1.0	-0.0005746965511789999	0
664	Iter0665	1	4	3	1	0	0	0.08333333333333333	0.20634920634920634	-2.03133e-09	0
665	Iter0666	3	3	2	2	0	0	1.0	1.0	-0.0008126656570000002	0
666	Iter0667	5	3	4	2	0	0	0.8333333333333334	1.0	-0.00039974224840000003	0
667	Iter0668	1	2	3	3	0	0	0.5	1.0	-0.0014739	0
668	Iter0669	3	4	2	1	0	0	0.375	1.0	-3.9739997200000004e-05	0
669	Iter0670	3	6	7	3	0	0	0.21428571428571427	0.1788954079975755	-0.00035800178	0
670	Iter0671	4	4	6	1	0	0	0.16666666666666666	0.28205128205128144	-0.0001994007939	0
671	Iter0672	1	2	7	3	0	0	0.21428571428571427	0.5104895104895115	-0.000493745	0
672	Iter0673	1	2	2	2	0	0	0.5	1.0	-0.000145638	0
673	Iter0674	2	3	3	0	0	0	0.1875	0.19642857142857106	-0.000127467	0
674	Iter0675	2	6	5	2	0	0	0.13333333333333333	0.13193473193473193	-0.0001968031	0
675	Iter0676	2	2	3	2	0	0	0.6666666666666666	1.0	-6.781071e-05	0
676	Iter0677	1	1	3	1	0	0	0.3333333333333333	1.0	-0.000340216	0
677	Iter0678	3	3	5	2	0	0	0.4	0.5920745920745938	-0.00035689718099999994	0
678	Iter0679	4	1	3	2	0	0	2.6666666666666665	1.0	-0.00035261060000000004	0
679	Iter0680	4	2	2	2	0	0	2.0	1.0	-0.00039051940000000006	0
680	Iter0681	6	3	6	1	0	0	0.3333333333333333	0.5846153846153825	-0.0018082020890000002	0
681	Iter0682	0	4	2	2	0	0	0.2	0.4285714285714282	0.0	0
682	Iter0683	3	3	7	5	0	0	0.7142857142857143	1.0	-7.665030000004255e-06	0
683	Iter0684	4	1	1	1	0	0	4.0	1.0	-9.921082e-06	0
684	Iter0685	3	2	2	4	0	0	3.0	0.5670995670995664	-0.00036268909000000004	0
685	Iter0686	2	1	1	0	0	0	0.75	1.0	-2.005252e-05	0
686	Iter0687	3	3	3	2	0	0	0.6666666666666666	1.0	-1.14293136e-07	0
687	Iter0688	2	3	0	0	0	0	0.75	1.0	-1.724119e-07	0
688	Iter0689	4	1	2	0	0	0	0.8333333333333334	1.0	-0.0011096639299999999	0
689	Iter0690	2	1	0	2	0	0	4.5	0.4000000000000001	-0.00017065160700000003	0
690	Iter0691	7	2	4	5	0	0	4.375	0.3348416289592771	-0.001435191856	0
691	Iter0692	2	1	4	2	0	0	1.0	1.0	-0.00043676409999999995	0
692	Iter0693	5	6	3	1	0	0	0.2777777777777778	0.5692307692307697	-0.00036342937999999997	0
693	Iter0694	6	3	1	1	0	0	2.0	1.0	-0.00014539085822890002	0
694	Iter0695	2	1	3	1	0	0	0.6666666666666666	1.0	-7.722528435e-06	0
695	Iter0696	2	4	4	1	0	0	0.125	0.2424242424242421	-7.76222e-06	0
696	Iter0697	4	2	2	0	0	0	0.5555555555555556	1.0	-0.00097225907	0
697	Iter0698	4	4	4	3	0	0	0.75	1.0	-8.763905e-05	0
698	Iter0699	6	6	7	0	0	0	0.125	0.04360165118679027	-0.0001551579023637	0
699	Iter0700	5	1	3	3	0	0	5.0	0.5454545454545476	-0.0016552958	0
700	Iter0701	4	3	6	4	0	0	0.8888888888888888	1.0	-8.8927475338e-05	0
701	Iter0702	3	1	1	3	0	0	9.0	0.4857142857142854	-0.00021169233220000002	0
702	Iter0703	1	8	1	0	0	0	0.1111111111111111	0.1999999999999998	-2.994890000000001e-06	0
703	Iter0704	4	6	2	5	0	0	1.6666666666666663	1.0	-0.00070056942719	0
704	Iter0705	3	3	3	1	0	0	0.3333333333333333	0.5714285714285717	-0.00038989923	0
705	Iter0706	0	0	3	2	0	0	0.75	1.0	0.0	0
706	Iter0707	3	3	8	2	0	0	0.25	0.2994505494505489	-3.4646e-10	0
707	Iter0708	3	4	0	1	0	0	1.6	1.0	-0.000169841903	0
708	Iter0709	2	0	1	4	0	0	7.5	0.1428571428571427	-0.00059040555	0
709	Iter0710	5	3	6	1	0	0	0.2777777777777778	0.5692307692307679	-0.00040055357999999996	0
710	Iter0711	2	4	3	3	0	0	0.5	1.0	-2.8970528889999995e-07	0
711	Iter0712	4	5	4	4	0	0	0.8	1.0	-0.00035698930000000004	0
712	Iter0713	6	4	1	1	0	0	1.5	1.0	-0.0001036172514	0
713	Iter0714	1	3	7	2	0	0	0.09523809523809523	0.2167832167832169	-6.51917e-05	0
714	Iter0715	4	3	2	1	0	0	0.6666666666666666	1.0	-0.0004095950239	0
715	Iter0716	1	3	6	2	0	0	0.1111111111111111	0.2222222222222228	-1.02509e-05	0
716	Iter0717	7	2	2	0	0	0	0.8888888888888888	1.0	-0.00046027646509999993	0
717	Iter0718	1	3	3	5	0	0	0.5555555555555556	1.0	0.0	0
718	Iter0719	3	3	9	2	0	0	0.2222222222222222	0.28005817711700043	-0.0006672686	0
719	Iter0720	2	0	4	2	0	0	1.7999999999999998	1.0	-0.00011098235	0
720	Iter0721	2	0	5	1	0	0	1.0	1.0	-0.000104599231	0
721	Iter0722	3	2	2	2	0	0	1.5	1.0	-0.0002800684	0
722	Iter0723	4	6	0	3	0	0	2.8571428571428568	0.4965034965034973	-2.8156450000000007e-05	0
723	Iter0724	1	2	2	2	0	0	0.5	1.0	-0.000479072	0
724	Iter0725	1	0	3	2	0	0	1.5	1.0	-1.65975e-10	0
725	Iter0726	3	2	7	4	0	0	0.8571428571428571	1.0	-3.2559100000000005e-05	0
726	Iter0727	0	1	1	1	0	0	0.5	1.0	0.0	0
727	Iter0728	1	3	5	1	0	0	0.06666666666666668	0.19047619047619052	-0.000143435	0
728	Iter0729	0	2	3	3	0	0	0.3333333333333333	0.4642857142857145	0.0	0
729	Iter0730	2	1	3	1	0	0	0.6666666666666666	1.0	-6.50435e-08	0
730	Iter0731	6	3	3	3	0	0	2.0	0.6223776223776202	-0.0027972170000000003	0
731	Iter0732	2	1	6	0	0	0	0.21428571428571427	0.33333333333333354	-0.00040773164000000003	0
732	Iter0733	1	3	7	1	0	0	0.047619047619047616	0.0666666666666667	-1.9715e-05	0
733	Iter0734	2	1	3	4	0	0	2.6666666666666665	1.0	-0.0007519287980000001	0
734	Iter0735	1	2	2	3	0	0	0.75	1.0	-2.96945e-05	0
735	Iter0736	3	2	3	0	0	0	0.3333333333333333	0.4642857142857138	-0.0006550586	0
736	Iter0737	3	6	3	8	0	0	1.3333333333333333	1.0	-0.000246483	0
737	Iter0738	4	1	2	2	0	0	4.0	0.5238095238095241	-0.000760814105	0
738	Iter0739	5	0	5	1	0	0	2.0	1.0	-0.0009205970685400001	0
739	Iter0740	6	3	6	1	0	0	0.3333333333333333	0.5846153846153825	-0.001294703865660047	0
740	Iter0741	3	3	4	1	0	0	0.25	0.5454545454545454	-0.0001213549558	0
741	Iter0742	2	4	1	3	0	0	1.5	1.0	-8.84888e-08	0
742	Iter0743	2	2	1	3	0	0	3.0	1.0	-3.4598312e-06	0
743	Iter0744	0	3	0	1	0	0	0.5	1.0	0.0	0
744	Iter0745	3	3	6	1	0	0	0.16666666666666666	0.26573426573426634	-0.00144188468687	0
745	Iter0746	1	4	7	2	0	0	0.07142857142857142	0.0909090909090907	-0.000130719	0
746	Iter0747	4	0	2	4	0	0	8.333333333333334	0.07619047619047617	-0.00017867506609	0
747	Iter0748	2	2	3	0	0	0	0.25	0.42857142857142816	-1.0508186e-05	0
748	Iter0749	2	1	1	3	0	0	6.0	0.4857142857142854	-0.0003627693	0
749	Iter0750	3	5	2	1	0	0	0.3	0.5454545454545453	-3.0556272710000006e-07	0
750	Iter0751	1	1	0	2	0	0	3.0	1.0	-1.4285e-09	0
751	Iter0752	1	1	4	1	0	0	0.25	1.0	-0.000114335	0
752	Iter0753	6	5	9	1	0	0	0.13333333333333333	0.14860681114551128	-0.0006706371880000001	0
753	Iter0754	3	1	5	4	0	0	2.4	1.0	-6.0042566299999995e-05	0
754	Iter0755	1	1	5	1	0	0	0.2	0.464285714285714	-5.65808e-11	0
755	Iter0756	3	4	3	1	0	0	0.25	0.5454545454545461	-2.5823649e-05	0
756	Iter0757	2	5	4	0	0	0	0.1	0.060606060606060684	-0.0001326858578	0
757	Iter0758	6	2	1	0	0	0	1.1666666666666667	1.0	-2.179870854e-05	0
758	Iter0759	2	0	2	1	0	0	2.0	1.0	-0.00028213040000000004	0
759	Iter0760	0	8	2	4	0	0	0.1851851851851852	0.16483516483516436	0.0	0
760	Iter0761	4	3	2	4	0	0	2.6666666666666665	0.5920745920745949	-2.1850290891e-05	0
761	Iter0762	4	1	0	4	0	0	12.5	0.047619047619047616	-0.001317941375991	0
762	Iter0763	5	2	1	2	0	0	5.0	0.5000000000000001	-0.0020697600399999998	0
763	Iter0764	5	1	2	1	0	0	2.5	1.0	-0.00036962951000000003	0
764	Iter0765	5	2	4	5	0	0	3.125	0.3575174825174823	-0.0004529412100000001	0
765	Iter0766	3	4	5	1	0	0	0.15	0.26573426573426623	-0.0018052376249999998	0
766	Iter0767	1	1	1	3	0	0	3.0	1.0	-8.779420000000001e-05	0
767	Iter0768	5	5	4	1	0	0	0.25	0.5804195804195791	-3.4139991e-05	0
768	Iter0769	0	2	3	2	0	0	0.25	0.42857142857142816	0.0	0
769	Iter0770	1	2	2	2	0	0	0.5	1.0	-1.6229199999999998e-07	0
770	Iter0771	2	5	1	2	0	0	0.8	1.0	-1.8639319999999999e-06	0
771	Iter0772	2	2	2	3	0	0	1.5	1.0	-8.028850000000002e-06	0
772	Iter0773	6	2	0	3	0	0	9.333333333333334	0.060606060606060635	-0.00113574126	0
773	Iter0774	0	1	6	4	0	0	0.35714285714285715	0.4545454545454545	0.0	0
774	Iter0775	2	4	2	1	0	0	0.25	0.5238095238095242	-0.001121078	0
775	Iter0776	5	0	2	0	0	0	2.0	1.0	-0.000210863682	0
776	Iter0777	3	3	3	3	0	0	1.0	1.0	-6.929715000000001e-05	0
777	Iter0778	1	0	3	2	0	0	1.5	1.0	-0.000656158	0
778	Iter0779	3	3	2	4	0	0	2.0	1.0	-7.172547877199999e-07	0
779	Iter0780	1	2	9	2	0	0	0.1111111111111111	0.1758241758241765	-6.56983e-05	0
780	Iter0781	4	3	6	2	0	0	0.4444444444444444	0.6083916083916068	-0.00231111392	0
781	Iter0782	4	1	3	1	0	0	1.3333333333333333	1.0	-0.0004590861976	0
782	Iter0783	5	2	3	0	0	0	0.5	1.0	-0.00012634385999999999	0
783	Iter0784	1	3	6	2	0	0	0.1111111111111111	0.2222222222222228	-4.71749e-06	0
784	Iter0785	0	7	6	1	0	0	0.03571428571428571	0.00466200466200465	0.0	0
785	Iter0786	2	0	2	1	0	0	2.0	1.0	-0.00020929176	0
786	Iter0787	3	2	1	4	0	0	6.0	0.5238095238095238	-0.00010970082	0
787	Iter0788	3	2	5	3	0	0	0.8999999999999999	1.0	-0.00045922465558700004	0
788	Iter0789	2	4	3	0	0	0	0.15	0.16666666666666674	-7.649035624e-05	0
789	Iter0790	3	6	2	1	0	0	0.25	0.5227272727272734	-3.8280687e-05	0
790	Iter0791	2	4	6	5	0	0	0.4166666666666667	0.6199095022624437	0.0	0
791	Iter0792	1	2	1	2	0	0	1.0	1.0	-4.61028e-05	0
792	Iter0793	0	3	2	2	0	0	0.25	0.42857142857142816	0.0	0
793	Iter0794	1	6	5	1	0	0	0.03333333333333333	0.029137529137529237	-5.43155e-06	0
794	Iter0795	2	3	1	2	0	0	1.3333333333333333	1.0	-6.52277e-05	0
795	Iter0796	1	5	2	2	0	0	0.2	0.5000000000000003	-6.22238e-05	0
796	Iter0797	1	3	1	1	0	0	0.3333333333333333	1.0	-2.35587e-12	0
797	Iter0798	2	3	5	0	0	0	0.125	0.16666666666666646	-0.001260703	0
798	Iter0799	5	1	3	3	0	0	5.0	0.5454545454545476	-0.0009766554	0
799	Iter0800	1	3	4	2	0	0	0.16666666666666666	0.5238095238095236	-1.17013e-08	0
800	Iter0801	0	4	1	3	0	0	0.4	1.0	0.0	0
801	Iter0802	4	1	6	1	0	0	0.6666666666666666	1.0	-3.7329558956e-05	0
802	Iter0803	4	2	2	3	0	0	3.0	0.5670995670995665	-0.000338555928	0
803	Iter0804	3	2	5	0	0	0	0.2222222222222222	0.4444444444444442	-5.0019959999999996e-05	0
804	Iter0805	4	4	3	2	0	0	0.6666666666666666	1.0	-0.000608792	0
805	Iter0806	6	5	4	1	0	0	0.3	0.5879120879120874	-2.35057817e-05	0
806	Iter0807	4	4	5	6	0	0	1.2	1.0	-0.00017466932000000004	0
807	Iter0808	3	2	4	4	0	0	1.5	1.0	-0.00016068480000000002	0
808	Iter0809	4	3	3	1	0	0	0.4444444444444444	1.0	-8.63167377122e-05	0
809	Iter0810	4	4	5	4	0	0	0.8	1.0	-0.00011281262079999999	0
810	Iter0811	4	3	4	2	0	0	0.6666666666666666	1.0	-0.0006288254999999999	0
811	Iter0812	7	1	3	1	0	0	2.333333333333333	1.0	-0.00045069946019999995	0
812	Iter0813	2	4	3	2	0	0	0.3333333333333333	0.5670995670995667	-0.00022406770000000002	0
813	Iter0814	3	2	3	0	0	0	0.3333333333333333	0.4642857142857138	-0.001031739	0
814	Iter0815	5	1	6	2	0	0	1.6666666666666667	1.0	-0.0004722975800787243	0
815	Iter0816	1	0	2	5	0	0	4.0	0.37499999999999983	-3.46327e-05	0
816	Iter0817	1	6	1	1	0	0	0.16666666666666666	0.4166666666666671	-6.08609e-09	0
817	Iter0818	2	2	1	1	0	0	1.0	1.0	-7.73019e-07	0
818	Iter0819	1	3	3	1	0	0	0.1111111111111111	0.4857142857142854	-1.79427e-12	0
819	Iter0820	6	3	3	1	0	0	0.6666666666666666	1.0	-0.000290909308	0
820	Iter0821	2	4	6	4	0	0	0.3333333333333333	0.6083916083916083	-1.045906e-05	0
821	Iter0822	3	2	3	7	0	0	3.5	0.3286713286713279	-0.000113227032504519	0
822	Iter0823	4	3	6	1	0	0	0.2222222222222222	0.5594405594405601	-5.84328351e-05	0
823	Iter0824	5	2	1	3	0	0	7.5	0.2424242424242428	-0.000131483743683	0
824	Iter0825	1	3	3	3	0	0	0.3333333333333333	0.5714285714285721	-1.29357e-05	0
825	Iter0826	3	5	2	1	0	0	0.3	0.5454545454545453	-2.3158358e-06	0
826	Iter0827	5	3	4	1	0	0	0.4166666666666667	1.0	-0.0007823605038409999	0
827	Iter0828	4	3	5	3	0	0	0.7999999999999999	1.0	-6.751695083699999e-05	0
828	Iter0829	1	4	1	4	0	0	1.0	1.0	-3.17692e-06	0
829	Iter0830	3	4	8	1	0	0	0.09375	0.10576923076923016	-0.0005193062240000001	0
830	Iter0831	1	1	4	2	0	0	0.5	1.0	-0.000206572	0
831	Iter0832	3	3	5	1	0	0	0.2	0.5454545454545476	-0.000138909683	0
832	Iter0833	5	3	4	0	0	0	0.3	0.4909090909090921	-0.001198523476	0
833	Iter0834	1	3	4	2	0	0	0.16666666666666666	0.5238095238095236	-0.00015456	0
834	Iter0835	3	0	5	1	0	0	1.3333333333333333	1.0	-2.5424837400000002e-05	0
835	Iter0836	1	2	5	2	0	0	0.2	0.4999999999999996	-2.64673e-06	0
836	Iter0837	2	1	0	4	0	0	7.5	0.1428571428571427	-0.000302384	0
837	Iter0838	5	1	5	0	0	0	0.5	1.0	-0.000576506829	0
838	Iter0839	2	2	9	2	0	0	0.2222222222222222	0.5164835164835159	-7.571622932e-09	0
839	Iter0840	4	2	3	2	0	0	1.3333333333333333	1.0	-0.000100584031	0
840	Iter0841	3	2	5	4	0	0	1.2	1.0	-7.5823e-08	0
841	Iter0842	2	5	4	2	0	0	0.2	0.2861305361305377	-0.000945139	0
842	Iter0843	4	5	4	1	0	0	0.2	0.3006993006992999	-2.9684614999999998e-05	0
843	Iter0844	6	0	6	0	0	0	1.0	1.0	-0.00134673429545	0
844	Iter0845	5	5	4	0	0	0	0.2	0.22077922077922	-0.000624793208	0
845	Iter0846	1	3	2	2	0	0	0.3333333333333333	1.0	-5.93496e-07	0
846	Iter0847	4	2	3	0	0	0	0.4166666666666667	0.5000000000000007	-8.386788e-05	0
847	Iter0848	1	3	3	0	0	0	0.125	0.14285714285714274	-2.45173e-05	0
848	Iter0849	2	3	2	3	0	0	1.0	1.0	-1.6818911e-06	0
849	Iter0850	1	1	3	6	0	0	2.0	1.0	0.0	0
850	Iter0851	6	0	0	3	0	0	28.0	0.011904761904761908	-0.0006777147	0
851	Iter0852	4	2	4	3	0	0	1.5	1.0	-0.000269728494363	0
852	Iter0853	1	3	4	2	0	0	0.16666666666666666	0.5238095238095236	-0.000308353	0
853	Iter0854	3	4	1	4	0	0	3.0	0.5757575757575772	-5.7609800000000015e-06	0
854	Iter0855	3	7	8	3	0	0	0.16071428571428573	0.08610893750212645	-9.848022e-08	0
855	Iter0856	2	2	2	0	0	0	0.3333333333333333	0.4666666666666665	-0.00028355110000000003	0
856	Iter0857	3	1	4	4	0	0	3.0	0.5757575757575777	-3.0599622899999995e-05	0
857	Iter0858	1	3	2	4	0	0	0.6666666666666666	1.0	-0.000275192	0
858	Iter0859	2	1	3	3	0	0	2.0	1.0	-0.0003326394	0
859	Iter0860	1	4	1	4	0	0	1.0	1.0	-1.74701e-06	0
860	Iter0861	2	4	5	2	0	0	0.2	0.28613053613053674	-0.00023929210578	0
861	Iter0862	3	4	3	0	0	0	0.2	0.20000000000000007	-5.9548039999999996e-05	0
862	Iter0863	0	1	1	0	0	0	0.25	1.0	0.0	0
863	Iter0864	1	5	2	1	0	0	0.1	0.2261904761904765	-2.41865e-06	0
864	Iter0865	7	5	4	0	0	0	0.26666666666666666	0.2445054945054937	-0.00119103929395	0
865	Iter0866	5	0	2	2	0	0	6.0	0.16666666666666674	-0.00017842128683	0
866	Iter0867	3	6	1	1	0	0	0.5	1.0	-4.32401e-05	0
867	Iter0868	5	3	2	1	0	0	0.8333333333333334	1.0	-2.6853099144e-05	0
868	Iter0869	2	4	1	3	0	0	1.5	1.0	-0.000220466	0
869	Iter0870	1	4	10	6	0	0	0.15	0.1486068111455114	-5.3266800000000005e-06	0
870	Iter0871	2	2	5	2	0	0	0.4	0.5757575757575751	-0.0002227321327	0
871	Iter0872	4	7	6	2	0	0	0.19047619047619047	0.16980233388902174	-0.00019510564040000003	0
872	Iter0873	2	0	5	4	0	0	2.5	0.4909090909090901	-0.00019664286000000002	0
873	Iter0874	2	5	2	2	0	0	0.4	0.5757575757575761	0.0	0
874	Iter0875	5	1	4	4	0	0	5.0	0.30069930069930034	-0.00022020828711	0
875	Iter0876	2	4	3	2	0	0	0.3333333333333333	0.5670995670995667	-0.0004742412	0
876	Iter0877	1	3	5	1	0	0	0.06666666666666668	0.19047619047619052	-4.16946e-09	0
877	Iter0878	2	6	3	3	0	0	0.3333333333333333	0.5804195804195802	-0.00040558900000000004	0
878	Iter0879	1	2	3	2	0	0	0.3333333333333333	1.0	-0.000113728	0
879	Iter0880	4	3	2	3	0	0	2.0	1.0	-0.00016837069	0
880	Iter0881	0	1	1	3	0	0	1.0	1.0	0.0	0
881	Iter0882	3	2	2	6	0	0	4.5	0.2929292929292935	-0.0010085049	0
882	Iter0883	1	1	2	3	0	0	1.5	1.0	-3.18973e-06	0
883	Iter0884	1	3	4	2	0	0	0.16666666666666666	0.5238095238095236	-0.000293167	0
884	Iter0885	3	8	7	6	0	0	0.3214285714285714	0.2396688652577741	-0.0006984725849999999	0
885	Iter0886	4	3	2	3	0	0	2.0	1.0	-8.471198e-05	0
886	Iter0887	3	2	2	3	0	0	2.25	1.0	-6.151036000000001e-05	0
887	Iter0888	6	6	3	3	0	0	1.0	1.0	-0.000176756749639	0
888	Iter0889	2	5	2	2	0	0	0.4	0.5757575757575761	-5.051702e-06	0
889	Iter0890	3	1	4	1	0	0	0.75	1.0	-8.827860000000001e-05	0
890	Iter0891	3	3	2	2	0	0	1.0	1.0	-3.00971e-05	0
891	Iter0892	1	4	6	2	0	0	0.08333333333333333	0.10256410256410267	0.0	0
892	Iter0893	4	2	5	1	0	0	0.4	1.0	-0.00113232289434	0
893	Iter0894	5	3	2	1	0	0	0.8333333333333334	1.0	-0.0006763698567061699	0
894	Iter0895	5	4	4	2	0	0	0.625	1.0	-3.564302e-06	0
895	Iter0896	1	5	6	1	0	0	0.03333333333333333	0.029137529137529157	-1.2364e-05	0
896	Iter0897	3	2	1	1	0	0	1.5	1.0	-0.0001419572644977	0
897	Iter0898	2	6	4	2	0	0	0.16666666666666666	0.2773892773892779	-3.0756200000000005e-08	0
898	Iter0899	3	3	2	3	0	0	1.5	1.0	-3.4513557510000005e-05	0
899	Iter0900	4	5	5	2	0	0	0.32	0.3575174825174812	-0.0008202927299999999	0
900	Iter0901	1	0	4	2	0	0	1.2	1.0	-2.85068e-05	0
901	Iter0902	2	4	7	3	0	0	0.21428571428571427	0.3024475524475516	-0.00014829900719889	0
902	Iter0903	1	4	4	3	0	0	0.1875	0.29292929292929354	-4.43134e-07	0
903	Iter0904	2	1	3	1	0	0	0.6666666666666666	1.0	-2.4682680000000002e-05	0
904	Iter0905	5	3	2	0	0	0	0.5	1.0	-0.00016288939510000002	0
905	Iter0906	4	3	4	1	0	0	0.3333333333333333	0.5757575757575769	-0.00017681490489	0
906	Iter0907	9	3	4	0	0	0	0.5	0.5285714285714247	-0.0003198356371	0
907	Iter0908	4	4	1	1	0	0	1.0	1.0	-0.00050524524572	0
908	Iter0909	0	2	4	3	0	0	0.26666666666666666	0.4444444444444452	0.0	0
909	Iter0910	2	4	5	1	0	0	0.1	0.24242424242424304	-2.8520700000000006e-05	0
910	Iter0911	2	4	7	5	0	0	0.35714285714285715	0.6199095022624432	-0.0004965848	0
911	Iter0912	2	4	3	1	0	0	0.16666666666666666	0.5238095238095236	-8.0805664e-05	0
912	Iter0913	4	0	6	0	0	0	0.7142857142857143	1.0	-2.48485639041e-05	0
913	Iter0914	3	3	2	0	0	0	0.3333333333333333	0.4642857142857143	-3.4373138670000005e-06	0
914	Iter0915	2	2	4	3	0	0	0.75	1.0	-0.00039930000500000004	0
915	Iter0916	2	1	2	6	0	0	6.0	0.490909090909091	-5.6799099999999996e-05	0
916	Iter0917	2	2	3	0	0	0	0.25	0.42857142857142816	-0.00046760085698	0
917	Iter0918	4	1	1	5	0	0	20.0	0.08008658008657994	-0.00025991538804359996	0
918	Iter0919	2	2	7	1	0	0	0.14285714285714285	0.2363636363636368	-0.00012831222999999998	0
919	Iter0920	5	2	3	1	0	0	0.8333333333333334	1.0	-0.0005837234219391	0
920	Iter0921	2	2	1	4	0	0	4.0	0.5238095238095243	-0.000296763959	0
921	Iter0922	6	4	0	1	0	0	2.8	0.4545454545454545	-0.0001617631954274	0
922	Iter0923	3	3	7	5	0	0	0.7142857142857143	1.0	-0.0014385350200000003	0
923	Iter0924	2	2	3	2	0	0	0.6666666666666666	1.0	-6.704860717135e-05	0
924	Iter0925	7	0	4	0	0	0	1.6	1.0	-0.0003759028012	0
925	Iter0926	1	3	5	3	0	0	0.2	0.5454545454545471	-3.33574e-05	0
926	Iter0927	5	4	1	0	0	0	0.6	1.0	-0.0011021477962306623	0
927	Iter0928	3	2	0	2	0	0	4.0	0.42857142857142816	-0.00010396455831	0
928	Iter0929	2	0	4	1	0	0	1.2	1.0	-2.84744108e-06	0
929	Iter0930	3	3	1	4	0	0	4.0	0.5454545454545456	-1.936942e-06	0
930	Iter0931	2	1	6	0	0	0	0.21428571428571427	0.33333333333333354	0.0	0
931	Iter0932	2	0	5	2	0	0	1.5	1.0	-5.7706999999999995e-05	0
932	Iter0933	1	1	5	3	0	0	0.6	1.0	-2.44085e-15	0
933	Iter0934	2	4	4	2	0	0	0.25	0.5670995670995689	-0.00019197004999999998	0
934	Iter0935	5	2	1	1	0	0	2.5	1.0	-0.000407340395	0
935	Iter0936	1	3	5	3	0	0	0.2	0.5454545454545471	-3.18148e-05	0
936	Iter0937	3	3	7	2	0	0	0.2857142857142857	0.3286713286713281	-0.00010262029	0
937	Iter0938	1	1	2	2	0	0	1.0	1.0	-8.18232e-09	0
938	Iter0939	2	2	5	2	0	0	0.4	0.5757575757575751	-1.6578600000000005e-07	0
939	Iter0940	2	6	6	5	0	0	0.2777777777777778	0.3520679526871487	-8.577672000000001e-05	0
940	Iter0941	7	3	1	2	0	0	4.666666666666667	0.5104895104895114	-0.00023977739799999997	0
941	Iter0942	3	3	6	2	0	0	0.3333333333333333	0.5804195804195795	-5.1567588000000005e-05	0
942	Iter0943	2	5	4	2	0	0	0.2	0.2861305361305377	-0.00027535722	0
943	Iter0944	1	1	6	6	0	0	1.0	1.0	-6.34622e-07	0
944	Iter0945	4	2	2	2	0	0	2.0	1.0	-0.0010279009117001	0
945	Iter0946	4	1	2	0	0	0	0.8333333333333334	1.0	-1.04934059e-05	0
946	Iter0947	1	3	3	6	0	0	0.6666666666666666	1.0	-0.000419721	0
947	Iter0948	4	3	3	4	0	0	1.7777777777777777	1.0	-0.0007050133350000001	0
948	Iter0949	1	2	7	2	0	0	0.14285714285714285	0.2363636363636364	-4.12177e-05	0
949	Iter0950	3	3	3	1	0	0	0.3333333333333333	0.5714285714285717	-0.00107732754976	0
950	Iter0951	3	1	2	4	0	0	6.0	0.5238095238095236	-7.755364029e-05	0
951	Iter0952	5	3	3	0	0	0	0.375	0.4909090909090914	-0.00053668503545924	0
952	Iter0953	3	7	7	1	0	0	0.061224489795918366	0.02481831893596611	-0.0020543624658999997	0
953	Iter0954	3	5	4	3	0	0	0.45	0.6192696192696191	-7.277792900000001e-05	0
954	Iter0955	5	6	2	2	0	0	0.8333333333333334	1.0	-0.000437364863	0
955	Iter0956	2	2	5	1	0	0	0.2	0.5000000000000001	-9.53508e-08	0
956	Iter0957	2	3	3	3	0	0	0.6666666666666666	1.0	-1.429029e-05	0
957	Iter0958	1	2	2	1	0	0	0.25	1.0	-1.45356e-06	0
958	Iter0959	6	1	6	1	0	0	1.0	1.0	-0.00058329004894	0
959	Iter0960	2	4	6	0	0	0	0.08571428571428573	0.06060606060606074	-0.00051521915068	0
960	Iter0961	2	3	6	1	0	0	0.1111111111111111	0.22222222222222265	-3.93492e-05	0
961	Iter0962	0	0	6	2	0	0	0.42857142857142855	1.0	0.0	0
962	Iter0963	4	1	3	1	0	0	1.3333333333333333	1.0	-9.470501758000002e-05	0
963	Iter0964	1	0	6	2	0	0	0.8571428571428571	1.0	-6.24936e-07	0
964	Iter0965	1	2	3	0	0	0	0.16666666666666666	0.3999999999999997	0.0	0
965	Iter0966	2	5	4	3	0	0	0.30000000000000004	0.5920745920745918	-0.000812103	0
966	Iter0967	5	3	7	1	0	0	0.2380952380952381	0.5692307692307681	-0.00018643281742420002	0
967	Iter0968	0	0	2	4	0	0	1.6666666666666667	1.0	0.0	0
968	Iter0969	3	1	2	1	0	0	1.5	1.0	-8.51806e-05	0
969	Iter0970	1	3	4	2	0	0	0.16666666666666666	0.5238095238095236	-1.32791e-08	0
970	Iter0971	1	1	2	1	0	0	0.5	1.0	-0.00013205200000000002	0
971	Iter0972	6	2	2	5	0	0	7.5	0.13193473193473193	-0.00030392336240000003	0
972	Iter0973	6	4	2	3	0	0	2.25	0.6083916083916072	-0.0005186685315044	0
973	Iter0974	2	6	2	3	0	0	0.5	1.0	-1.604600000876249e-06	0
974	Iter0975	2	3	3	0	0	0	0.1875	0.19642857142857106	-6.38871e-05	0
975	Iter0976	3	3	4	1	0	0	0.25	0.5454545454545454	-7.4791778544e-05	0
976	Iter0977	4	3	2	0	0	0	0.4166666666666667	0.4999999999999999	-0.00028472947	0
977	Iter0978	0	4	3	2	0	0	0.15000000000000002	0.1666666666666667	0.0	0
978	Iter0979	2	4	1	2	0	0	1.0	1.0	-2.35526e-18	0
979	Iter0980	4	1	3	1	0	0	1.3333333333333333	1.0	-0.0008397803	0
980	Iter0981	3	4	3	6	0	0	1.5	1.0	-4.8258222999999994e-05	0
981	Iter0982	2	4	4	0	0	0	0.12	0.07619047619047617	-9.492166999999998e-07	0
982	Iter0983	6	9	1	1	0	0	0.6666666666666666	1.0	-0.00030338231849999996	0
983	Iter0984	3	4	4	3	0	0	0.5625	1.0	-3.2529638000000005e-05	0
984	Iter0985	5	2	3	3	0	0	2.5	0.5920745920745939	-0.0006221143699999999	0
985	Iter0986	6	2	1	3	0	0	9.0	0.2222222222222227	-0.0013591953304096782	0
986	Iter0987	1	1	4	1	0	0	0.25	1.0	-1.73327e-06	0
987	Iter0988	1	1	7	6	0	0	0.8571428571428571	1.0	-1.38564e-07	0
988	Iter0989	3	2	4	1	0	0	0.375	1.0	-0.00113078815	0
989	Iter0990	3	1	3	3	0	0	3.0	0.5714285714285717	-4.0558609999999996e-05	0
990	Iter0991	4	4	2	3	0	0	1.5	1.0	-3.817514e-05	0
991	Iter0992	4	4	5	1	0	0	0.2	0.30069930069930034	-0.00023192567999999998	0
992	Iter0993	3	1	2	2	0	0	3.0	1.0	-0.0005598161	0
993	Iter0994	3	4	4	2	0	0	0.375	0.5920745920745949	-0.000906140149795	0
994	Iter0995	6	4	3	1	0	0	0.5	1.0	-0.0009921651	0
995	Iter0996	4	2	11	1	0	0	0.18181818181818185	0.24509803921568654	-0.001236027191	0
996	Iter0997	3	1	6	5	0	0	2.5	0.6043956043956045	-0.000736632491	0
997	Iter0998	4	5	2	2	0	0	0.8	1.0	-0.00044036952999999997	0
998	Iter0999	3	2	1	2	0	0	3.0	1.0	-0.00035126612067	0
999	Iter1000	1	1	2	3	0	0	1.5	1.0	-1.27858e-07	0
