	IterId	dN	dS	pN	pS	bdN	bpN	MkScore	FSPVal	SelCoef	PosSel
0	Iter0001	5	5	7	3	0	0	0.42857142857142855	0.6499166468206703	-6.4498e-07	0
1	Iter0002	6	4	2	1	0	0	0.75	1.0	-0.0007382220869999999	0
2	Iter0003	8	10	6	0	0	0	0.1168831168831169	0.02387143748699817	-8.406740000000002e-07	0
3	Iter0004	6	6	1	2	0	0	2.0	1.0	-6.010318895832e-08	0
4	Iter0005	11	6	4	0	0	0	0.3428571428571429	0.2807017543859659	-0.00025667666	0
5	Iter0006	3	3	4	2	0	0	0.5	1.0	0.0	0
6	Iter0007	5	8	1	0	0	0	0.3333333333333333	0.4285714285714267	-7.91012204e-06	0
7	Iter0008	9	5	6	0	0	0	0.2380952380952381	0.26044891640867074	-0.000189857907643	0
8	Iter0009	11	9	3	0	0	0	0.3	0.2529644268774697	-0.0016032685276999997	0
9	Iter0010	3	0	6	4	0	0	2.8571428571428568	0.4965034965034971	-0.000906713	0
10	Iter0011	6	5	5	1	0	0	0.24	0.3333872010342601	-0.0005142701514	0
11	Iter0012	5	6	1	2	0	0	1.6666666666666667	1.0	-2.843360983305e-08	0
12	Iter0013	4	4	5	1	0	0	0.2	0.30069930069930034	-0.000128872	0
13	Iter0014	3	11	7	1	0	0	0.03896103896103896	0.006191950464396281	-0.000546611	0
14	Iter0015	11	3	0	2	0	0	9.0	0.08333333333333323	-0.00055367852	0
15	Iter0016	6	5	5	2	0	0	0.48	0.6370663650075437	-3.01301e-05	0
16	Iter0017	3	5	2	1	0	0	0.3	0.5454545454545453	0.0	0
17	Iter0018	8	4	3	3	0	0	2.0	0.6266968325791863	-0.000117017	0
18	Iter0019	3	3	6	4	0	0	0.6666666666666666	1.0	-0.0002086087	0
19	Iter0020	4	13	5	0	0	0	0.05952380952380953	0.004784688995215303	-8.395819999999998e-10	0
20	Iter0021	4	6	2	1	0	0	0.3333333333333333	0.5594405594405605	-9.62598e-05	0
21	Iter0022	2	4	6	2	0	0	0.16666666666666666	0.2773892773892779	-0.000704773	0
22	Iter0023	6	7	3	1	0	0	0.2857142857142857	0.5764705882352927	-6.53716189268e-05	0
23	Iter0024	7	4	2	3	0	0	2.625	0.5961538461538446	-0.0004482376291	0
24	Iter0025	5	8	6	5	0	0	0.5208333333333334	0.6823933234621076	0.0	0
25	Iter0026	6	8	5	1	0	0	0.15	0.15712074303405624	-5.427850000000001e-05	0
26	Iter0027	3	3	1	1	0	0	1.0	1.0	0.0	0
27	Iter0028	9	5	0	0	0	0	1.6666666666666667	1.0	-8.828759e-05	0
28	Iter0029	7	3	7	4	0	0	1.3333333333333337	1.0	-0.0007063456408999999	0
29	Iter0030	2	8	4	2	0	0	0.125	0.11813186813186813	-8.75065e-12	0
30	Iter0031	5	6	1	4	0	0	3.333333333333333	0.5879120879120885	-1.6783864999999998e-05	0
31	Iter0032	9	8	3	1	0	0	0.375	0.6030075187969957	-0.00024178500086316	0
32	Iter0033	8	5	4	2	0	0	0.8	1.0	-8.472387341e-05	0
33	Iter0034	9	5	2	4	0	0	3.6	0.33591331269350033	-0.00021331611	0
34	Iter0035	10	4	4	1	0	0	0.625	1.0	-0.00034617720000000004	0
35	Iter0036	5	2	3	7	0	0	5.833333333333334	0.15343480049362399	-0.00014249417683300002	0
36	Iter0037	7	4	4	0	0	0	0.32	0.5164835164835158	-0.000424675154254	0
37	Iter0038	7	4	2	3	0	0	2.625	0.5961538461538446	-0.00027189219000000003	0
38	Iter0039	9	10	3	1	0	0	0.3	0.5900621118012405	-0.000552881	0
39	Iter0040	4	10	2	0	0	0	0.15151515151515152	0.12499999999999975	-0.000149581	0
40	Iter0041	3	1	11	2	0	0	0.5454545454545454	1.0	-0.0004780205035	0
41	Iter0042	3	2	6	4	0	0	1.0	1.0	-0.00125607271397	0
42	Iter0043	6	7	0	1	0	0	1.75	1.0	-0.00011725287	0
43	Iter0044	3	8	2	0	0	0	0.14814814814814814	0.12820512820512836	-5.54469e-07	0
44	Iter0045	4	5	4	1	0	0	0.2	0.3006993006992999	0.0	0
45	Iter0046	6	6	2	0	0	0	0.3333333333333333	0.4725274725274709	0.0	0
46	Iter0047	7	5	4	0	0	0	0.26666666666666666	0.2445054945054937	-1.1938879999999999e-05	0
47	Iter0048	9	9	5	1	0	0	0.2	0.3408050759309347	-0.000137947801	0
48	Iter0049	6	9	2	4	0	0	1.3333333333333333	1.0	0.0	0
49	Iter0050	9	5	1	2	0	0	3.6	0.5367647058823537	-0.0007034990479249801	0
50	Iter0051	3	6	2	0	0	0	0.19047619047619047	0.18181818181818168	-2.17444e-06	0
51	Iter0052	9	7	3	5	0	0	2.1428571428571432	0.6668461434917226	-0.00107017564727	0
52	Iter0053	4	6	3	0	0	0	0.17857142857142858	0.19230769230769307	0.0	0
53	Iter0054	2	4	7	1	0	0	0.07142857142857142	0.09090909090909076	-2.79225e-06	0
54	Iter0055	10	6	4	4	0	0	1.6666666666666667	0.6733521783999665	-0.000126667377	0
55	Iter0056	4	8	1	3	0	0	1.5	1.0	-3.727684723e-06	0
56	Iter0057	5	2	5	7	0	0	3.5	0.34984520123838936	-0.00010025556000000001	0
57	Iter0058	11	4	2	3	0	0	4.125	0.2897961816305465	-0.000667530119722	0
58	Iter0059	1	6	4	2	0	0	0.08333333333333333	0.10256410256410277	0.0	0
59	Iter0060	5	6	5	0	0	0	0.14285714285714285	0.0934065934065932	-0.000366397413	0
60	Iter0061	9	11	3	0	0	0	0.20833333333333331	0.2173913043478249	-0.0001515332	0
61	Iter0062	2	6	4	4	0	0	0.3333333333333333	0.6083916083916083	-0.000369777	0
62	Iter0063	5	15	5	3	0	0	0.2	0.09128552606813443	-3.06816e-06	0
63	Iter0064	4	5	6	1	0	0	0.13333333333333333	0.14510489510489427	-4.622476381e-05	0
64	Iter0065	3	10	2	1	0	0	0.15	0.21428571428571325	-4.34768e-16	0
65	Iter0066	5	5	5	2	0	0	0.4	0.6220691073632253	-8.6232846e-05	0
66	Iter0067	12	7	1	0	0	0	0.8125	1.0	-0.00010725554174170002	0
67	Iter0068	4	6	6	2	0	0	0.2222222222222222	0.18798848210612984	-6.71521e-05	0
68	Iter0069	3	7	3	2	0	0	0.2857142857142857	0.3286713286713279	-0.00035167	0
69	Iter0070	7	2	3	5	0	0	5.833333333333334	0.1534348004936239	-8.964302692999999e-05	0
70	Iter0071	2	2	4	0	0	0	0.2	0.4285714285714282	0.0	0
71	Iter0072	6	9	1	2	0	0	1.3333333333333333	1.0	-8.07427697288e-05	0
72	Iter0073	9	2	3	2	0	0	3.0	0.5467032967032961	-0.0008242187318	0
73	Iter0074	10	8	6	1	0	0	0.20833333333333331	0.3548408570834229	-0.00010672028962	0
74	Iter0075	7	3	2	1	0	0	1.1666666666666667	1.0	-8.16403231e-05	0
75	Iter0076	11	6	2	0	0	0	0.5714285714285714	1.0	-0.000152268258118	0
76	Iter0077	4	5	3	3	0	0	0.8	1.0	-1.95674e-05	0
77	Iter0078	11	9	5	1	0	0	0.2444444444444445	0.35238674369109235	-0.0006634585096	0
78	Iter0079	8	7	3	1	0	0	0.3809523809523809	0.602683178534573	-3.2247232050999995e-05	0
79	Iter0080	6	9	4	3	0	0	0.5	0.6517027863777072	-0.000563955568447	0
80	Iter0081	7	6	1	6	0	0	7.000000000000001	0.15768833849329145	0.0	0
81	Iter0082	3	11	6	0	0	0	0.047619047619047616	0.0021671826625387115	-2.11227e-09	0
82	Iter0083	8	12	8	4	0	0	0.3333333333333333	0.2733697667295414	-0.00038365555099999997	0
83	Iter0084	4	9	3	3	0	0	0.4444444444444444	0.6168730650154781	-0.00034859798000000007	0
84	Iter0085	3	2	6	1	0	0	0.25	0.5227272727272729	-3.26485e-05	0
85	Iter0086	7	8	1	1	0	0	0.875	1.0	-2.5002242999999997e-05	0
86	Iter0087	1	5	7	0	0	0	0.04166666666666666	0.0046620046620046655	-5.72788e-06	0
87	Iter0088	4	9	3	0	0	0	0.125	0.062499999999999875	-0.00047742877	0
88	Iter0089	8	6	6	1	0	0	0.2222222222222222	0.33714310285517896	-0.000845929484434	0
89	Iter0090	9	8	2	2	0	0	1.125	1.0	-0.000257807235	0
90	Iter0091	9	3	5	1	0	0	0.6	1.0	-2.0268723e-05	0
91	Iter0092	5	9	4	1	0	0	0.1388888888888889	0.1408668730650156	-1.5301615479399998e-05	0
92	Iter0093	4	10	6	4	0	0	0.26666666666666666	0.2112330057881284	-5.25021e-07	0
93	Iter0094	4	5	1	1	0	0	0.8	1.0	-4.876174100000001e-05	0
94	Iter0095	7	6	3	3	0	0	1.1666666666666667	1.0	-8.118079999999998e-06	0
95	Iter0096	6	3	1	0	0	0	0.875	1.0	-0.0003885340000032673	0
96	Iter0097	5	7	5	2	0	0	0.2857142857142857	0.3498452012383895	-2.2883656999999998e-05	0
97	Iter0098	7	4	4	0	0	0	0.32	0.5164835164835158	-0.000508958834	0
98	Iter0099	5	6	2	2	0	0	0.8333333333333334	1.0	-5.3679e-05	0
99	Iter0100	4	2	5	1	0	0	0.4	1.0	-0.0006445365441	0
100	Iter0101	2	8	6	1	0	0	0.04166666666666666	0.015220074043603428	-6.376936e-09	0
101	Iter0102	4	5	2	3	0	0	1.2000000000000002	1.0	0.0	0
102	Iter0103	9	2	3	3	0	0	4.5	0.28005817711700043	-1.40792314e-05	0
103	Iter0104	5	13	6	1	0	0	0.06410256410256411	0.02128146453089253	-0.00014384387235	0
104	Iter0105	5	11	4	0	0	0	0.1	0.026006191950464573	-0.0001761769	0
105	Iter0106	8	3	1	1	0	0	2.6666666666666665	1.0	-0.0005830091596	0
106	Iter0107	2	1	4	4	0	0	2.0	1.0	-9.41934e-07	0
107	Iter0108	8	4	7	1	0	0	0.2857142857142857	0.6026831785345728	-0.0007243424	0
108	Iter0109	3	9	2	2	0	0	0.3333333333333333	0.5467032967032944	-1.2449651e-06	0
109	Iter0110	6	9	4	3	0	0	0.5	0.6517027863777072	-6.605479e-05	0
110	Iter0111	6	7	1	0	0	0	0.4375	1.0	-0.000100561	0
111	Iter0112	5	6	4	2	0	0	0.4166666666666667	0.6199095022624437	-0.00027189239	0
112	Iter0113	10	6	5	3	0	0	1.0	1.0	-1.5967548080000002e-05	0
113	Iter0114	6	5	4	2	0	0	0.6	1.0	-0.0007592972212000001	0
114	Iter0115	6	8	7	1	0	0	0.10714285714285714	0.07430340557275522	-0.00046652900402789003	0
115	Iter0116	4	8	3	0	0	0	0.1388888888888889	0.07692307692307655	-8.927375000000001e-05	0
116	Iter0117	8	6	0	4	0	0	6.428571428571429	0.09150326797385656	-0.00022098824000000005	0
117	Iter0118	9	5	5	1	0	0	0.36	0.6126160990712101	-0.00017784110000000001	0
118	Iter0119	2	9	5	1	0	0	0.04444444444444444	0.0345022624434389	-1.86516e-06	0
119	Iter0120	2	6	1	1	0	0	0.3333333333333333	1.0	-1.914526e-07	0
120	Iter0121	9	5	5	3	0	0	1.08	1.0	-3.39464e-11	0
121	Iter0122	7	9	3	3	0	0	0.7777777777777778	1.0	-0.000193837548	0
122	Iter0123	8	3	4	3	0	0	2.0	0.6266968325791855	-0.0014642498200000001	0
123	Iter0124	2	3	2	2	0	0	0.6666666666666666	1.0	0.0	0
124	Iter0125	5	6	1	1	0	0	0.8333333333333334	1.0	-0.00024596355	0
125	Iter0126	6	8	8	2	0	0	0.1875	0.10405168932561604	-0.000988015716698	0
126	Iter0127	8	2	3	1	0	0	1.3333333333333333	1.0	-0.0001512134	0
127	Iter0128	6	8	4	1	0	0	0.1875	0.3034055727554179	-3.75257e-07	0
128	Iter0129	4	2	4	2	0	0	1.0	1.0	-1.86542e-09	0
129	Iter0130	5	11	2	5	0	0	1.1363636363636362	1.0	0.0	0
130	Iter0131	10	6	2	2	0	0	1.6666666666666667	1.0	-0.0007989697936276999	0
131	Iter0132	5	5	9	7	0	0	0.7777777777777777	1.0	-0.0005044701200000001	0
132	Iter0133	5	9	2	0	0	0	0.2	0.1749999999999998	-0.000297278	0
133	Iter0134	3	8	2	1	0	0	0.1875	0.5054945054945041	-3.2812710000000004e-08	0
134	Iter0135	6	4	2	0	0	0	0.4666666666666666	0.5151515151515165	-6.464702511500001e-07	0
135	Iter0136	7	7	4	3	0	0	0.75	1.0	-0.00088607165	0
136	Iter0137	3	2	5	0	0	0	0.2222222222222222	0.4444444444444442	-4.75217e-06	0
137	Iter0138	6	10	2	2	0	0	0.6	1.0	-2.141082e-06	0
138	Iter0139	11	5	2	1	0	0	1.1	1.0	-0.000212750040836	0
139	Iter0140	13	4	1	1	0	0	3.25	0.4678362573099442	-0.00047337004939999996	0
140	Iter0141	5	7	3	1	0	0	0.2380952380952381	0.5692307692307679	-5.2669076332500006e-05	0
141	Iter0142	9	11	1	3	0	0	2.454545454545455	0.6146245059288566	-0.00016106745203	0
142	Iter0143	5	7	8	1	0	0	0.08928571428571429	0.06687306501547956	-7.31203e-05	0
143	Iter0144	8	7	5	1	0	0	0.22857142857142854	0.33591331269349894	-1.464642116372458e-05	0
144	Iter0145	4	4	2	1	0	0	0.5	1.0	-1.5627479999999998e-05	0
145	Iter0146	3	10	4	3	0	0	0.225	0.1735810113519089	-9.47541e-07	0
146	Iter0147	4	6	3	0	0	0	0.17857142857142858	0.19230769230769307	-8.913473e-05	0
147	Iter0148	4	4	4	1	0	0	0.25	0.5648795648795664	-0.000125643	0
148	Iter0149	7	3	1	1	0	0	2.333333333333333	1.0	-8.1633935802123e-05	0
149	Iter0150	8	3	1	2	0	0	5.333333333333333	0.5054945054945037	-0.0007252321	0
150	Iter0151	7	6	4	2	0	0	0.5833333333333334	1.0	-0.000485943993204	0
151	Iter0152	2	9	4	3	0	0	0.16666666666666666	0.14140271493212697	-2.7937125e-05	0
152	Iter0153	1	6	3	1	0	0	0.05555555555555555	0.08787878787878788	0.0	0
153	Iter0154	2	4	0	1	0	0	1.2	1.0	-3.32341e-06	0
154	Iter0155	6	8	2	1	0	0	0.375	0.5764705882352932	-1.89722e-06	0
155	Iter0156	8	5	3	3	0	0	1.6	1.0	-4.128947000000001e-06	0
156	Iter0157	5	4	2	2	0	0	1.25	1.0	-0.00019854726599999998	0
157	Iter0158	5	5	2	1	0	0	0.5	1.0	-0.00038076997	0
158	Iter0159	3	6	3	3	0	0	0.5	0.6223776223776207	-0.0001477818	0
159	Iter0160	5	7	6	2	0	0	0.2380952380952381	0.19680876399142705	-3.20342086e-07	0
160	Iter0161	6	8	1	1	0	0	0.75	1.0	-2.9497520409999997e-06	0
161	Iter0162	7	2	1	4	0	0	14.0	0.0909090909090907	-4.0945249040999996e-05	0
162	Iter0163	9	5	3	1	0	0	0.6	1.0	-0.0009283816404	0
163	Iter0164	7	8	4	2	0	0	0.4375	0.6351172047766478	-0.0007171940999999999	0
164	Iter0165	5	5	3	4	0	0	1.3333333333333333	1.0	-7.60201958e-05	0
165	Iter0166	3	3	3	1	0	0	0.3333333333333333	0.5714285714285717	-5.2395780050000005e-05	0
166	Iter0167	5	10	2	2	0	0	0.5	0.6026831785345711	-1.1898735599999999e-05	0
167	Iter0168	8	7	2	3	0	0	1.7142857142857142	1.0	-0.000719842558325	0
168	Iter0169	5	3	6	1	0	0	0.2777777777777778	0.5692307692307679	-0.00097695213	0
169	Iter0170	5	7	2	1	0	0	0.35714285714285715	0.5692307692307671	-0.00044140099999999996	0
170	Iter0171	3	11	1	1	0	0	0.2727272727272727	0.44999999999999984	-3.0959889999999996e-06	0
171	Iter0172	3	4	2	1	0	0	0.375	1.0	0.0	0
172	Iter0173	6	10	2	2	0	0	0.6	1.0	-0.000526646179	0
173	Iter0174	6	7	4	2	0	0	0.42857142857142855	0.6284829721362215	-0.00043042142	0
174	Iter0175	8	9	0	2	0	0	2.7	0.4853801169590657	-5.1113819100999996e-05	0
175	Iter0176	6	11	2	1	0	0	0.2727272727272727	0.5368421052631582	-4.5719599999999985e-06	0
176	Iter0177	8	7	1	2	0	0	2.2857142857142856	1.0	-5.06009e-06	0
177	Iter0178	7	5	3	0	0	0	0.3333333333333333	0.5054945054945036	-0.0008052891809999999	0
178	Iter0179	6	3	3	2	0	0	1.3333333333333333	1.0	-0.000230949	0
179	Iter0180	7	11	2	0	0	0	0.2222222222222222	0.189473684210526	-0.001245739334	0
180	Iter0181	11	5	5	3	0	0	1.32	1.0	-5.4614622896079994e-06	0
181	Iter0182	8	5	4	3	0	0	1.2000000000000002	1.0	-0.0002115001573	0
182	Iter0183	4	4	0	3	0	0	4.0	0.23636363636363655	0.0	0
183	Iter0184	6	6	4	1	0	0	0.25	0.3382352941176461	-0.00030321543496315004	0
184	Iter0185	7	4	5	0	0	0	0.26666666666666666	0.2445054945054935	-2.6231962e-06	0
185	Iter0186	4	8	8	0	0	0	0.0617283950617284	0.004699531634516143	0.0	0
186	Iter0187	9	6	4	1	0	0	0.375	0.6126160990712072	-2.0737875329999998e-07	0
187	Iter0188	10	6	3	0	0	0	0.3928571428571429	0.5170278637770895	-0.001335258241	0
188	Iter0189	8	4	2	1	0	0	1.0	1.0	-6.757829871e-05	0
189	Iter0190	2	6	3	2	0	0	0.2222222222222222	0.2929292929292936	-7.2985202e-05	0
190	Iter0191	3	11	4	1	0	0	0.06818181818181818	0.03792569659442722	-1.97617601e-05	0
191	Iter0192	1	6	2	1	0	0	0.08333333333333333	0.1833333333333332	-5.72602e-05	0
192	Iter0193	5	4	3	1	0	0	0.4166666666666667	1.0	-1.377386e-05	0
193	Iter0194	4	4	3	2	0	0	0.6666666666666666	1.0	-1.8436e-05	0
194	Iter0195	6	5	4	1	0	0	0.3	0.5879120879120874	-0.0004092871	0
195	Iter0196	3	8	3	0	0	0	0.1111111111111111	0.05494505494505482	-0.00136971035	0
196	Iter0197	9	10	3	3	0	0	0.9	1.0	-3.9189688e-05	0
197	Iter0198	0	0	6	1	0	0	0.2857142857142857	1.0	0.0	0
198	Iter0199	4	8	3	2	0	0	0.3333333333333333	0.5927601809954732	-0.00044230600005830433	0
199	Iter0200	3	6	5	3	0	0	0.3	0.3469354175236523	-5.3023401899999995e-09	0
200	Iter0201	8	6	3	1	0	0	0.4444444444444444	1.0	-0.0004888730260000001	0
201	Iter0202	5	7	0	0	0	0	0.75	1.0	-0.0002798185	0
202	Iter0203	6	6	0	2	0	0	3.0	0.4725274725274709	-2.796765e-05	0
203	Iter0204	13	8	5	5	0	0	1.625	0.7007302800212822	-0.0011284549985000002	0
204	Iter0205	6	9	3	1	0	0	0.2222222222222222	0.3034055727554183	-0.00010784555774000001	0
205	Iter0206	6	4	5	1	0	0	0.3	0.5879120879120863	-1.5980520000000002e-05	0
206	Iter0207	3	12	7	2	0	0	0.07142857142857142	0.010372434807082869	-2.1028311e-05	0
207	Iter0208	8	10	3	3	0	0	0.8	1.0	-0.000800482	0
208	Iter0209	10	1	1	4	0	0	40.0	0.012820512820512796	-2.878992765e-05	0
209	Iter0210	6	6	3	1	0	0	0.3333333333333333	0.5846153846153823	-3.33886e-08	0
210	Iter0211	6	3	3	4	0	0	2.6666666666666665	0.6145104895104876	-1.2838312319999999e-06	0
211	Iter0212	2	9	5	4	0	0	0.17777777777777776	0.15967492260061916	-2.98609e-05	0
212	Iter0213	7	8	4	3	0	0	0.65625	1.0	-0.00018953099143471	0
213	Iter0214	10	6	1	1	0	0	1.6666666666666667	1.0	-0.00028863600000023223	0
214	Iter0215	8	6	1	2	0	0	2.6666666666666665	0.5764705882352932	-1.1963068e-05	0
215	Iter0216	7	5	5	2	0	0	0.5599999999999999	0.6561681352703008	-6.08983e-05	0
216	Iter0217	6	3	5	2	0	0	0.8	1.0	-2.81401e-05	0
217	Iter0218	5	7	4	2	0	0	0.35714285714285715	0.6199095022624423	-0.0004960660530000001	0
218	Iter0219	3	6	2	0	0	0	0.19047619047619047	0.18181818181818168	-0.00010796800000025307	0
219	Iter0220	8	2	1	1	0	0	4.0	0.4545454545454548	-0.0012561923999999999	0
220	Iter0221	7	6	4	3	0	0	0.8750000000000001	1.0	-5.9873081e-05	0
221	Iter0222	9	2	2	2	0	0	4.5	0.5164835164835158	-0.0001580538904233609	0
222	Iter0223	7	8	2	2	0	0	0.875	1.0	-0.000413215043	0
223	Iter0224	6	5	5	1	0	0	0.24	0.3333872010342601	-0.0002733330559	0
224	Iter0225	7	6	4	1	0	0	0.2916666666666667	0.5955882352941189	-0.0004894796795017603	0
225	Iter0226	3	6	1	1	0	0	0.5	1.0	0.0	0
226	Iter0227	5	8	1	3	0	0	1.875	1.0	-3.0572290000577984e-06	0
227	Iter0228	4	4	6	0	0	0	0.14285714285714285	0.08491508491508501	-0.00028874900005702533	0
228	Iter0229	5	6	0	0	0	0	0.8571428571428571	1.0	-0.00019267775999999998	0
229	Iter0230	5	6	1	0	0	0	0.42857142857142855	1.0	-0.000109145	0
230	Iter0231	4	5	3	0	0	0	0.20833333333333331	0.2045454545454545	-0.00016203799999999998	0
231	Iter0232	7	4	3	5	0	0	2.916666666666667	0.3698499642772106	-0.00020309400182146	0
232	Iter0233	5	9	1	1	0	0	0.5555555555555556	1.0	-3.2020339999999997e-07	0
233	Iter0234	8	5	3	2	0	0	1.0666666666666669	1.0	-7.939414599999999e-05	0
234	Iter0235	8	13	4	0	0	0	0.1285714285714286	0.039130434782608615	-0.00036142321	0
235	Iter0236	7	5	4	1	0	0	0.35	0.6000323206205536	-2.2906180096e-06	0
236	Iter0237	9	12	1	3	0	0	2.25	0.6264822134387378	-0.0003648349919	0
237	Iter0238	3	8	3	0	0	0	0.1111111111111111	0.05494505494505482	-9.98347e-08	0
238	Iter0239	9	8	4	2	0	0	0.5625	0.660019614253021	-7.265040000000002e-07	0
239	Iter0240	2	7	4	3	0	0	0.21428571428571427	0.3024475524475516	-1.3172352e-06	0
240	Iter0241	5	7	3	3	0	0	0.7142857142857143	1.0	-5.3421000000000006e-08	0
241	Iter0242	0	5	3	0	0	0	0.04166666666666666	0.01785714285714285	0.0	0
242	Iter0243	8	4	5	3	0	0	1.2	1.0	-7.498676738510001e-05	0
243	Iter0244	5	9	2	2	0	0	0.5555555555555556	1.0	0.0	0
244	Iter0245	6	3	3	0	0	0	0.4375	0.5090909090909093	-0.00021014756	0
245	Iter0246	6	7	3	3	0	0	0.8571428571428571	1.0	-4.61911e-05	0
246	Iter0247	11	4	3	6	0	0	5.5	0.09180239601561498	-2.2163793e-05	0
247	Iter0248	8	10	0	3	0	0	3.272727272727273	0.25714285714285745	-3.21853e-11	0
248	Iter0249	8	2	4	2	0	0	2.0	0.6043956043956026	-4.233710811e-05	0
249	Iter0250	5	7	5	1	0	0	0.14285714285714285	0.15158371040724014	-3.27679e-05	0
250	Iter0251	8	5	4	0	0	0	0.3	0.2605042016806704	-0.0004259685	0
251	Iter0252	6	6	3	4	0	0	1.3333333333333333	1.0	-2.69152e-06	0
252	Iter0253	6	6	1	3	0	0	3.0	0.5846153846153823	-0.0002547693690953	0
253	Iter0254	6	3	2	1	0	0	1.0	1.0	-0.000236005	0
254	Iter0255	4	10	1	3	0	0	1.2000000000000002	1.0	-0.00014490943383999998	0
255	Iter0256	10	6	2	3	0	0	2.5000000000000004	0.6107916850950903	-0.00076513407604	0
256	Iter0257	3	5	3	1	0	0	0.2	0.5454545454545472	-0.0016557100001607639	0
257	Iter0258	5	8	2	2	0	0	0.625	1.0	-3.194302200000001e-06	0
258	Iter0259	5	6	3	1	0	0	0.2777777777777778	0.5692307692307697	-0.0009961406	0
259	Iter0260	8	7	3	3	0	0	1.1428571428571428	1.0	-4.6914481180000004e-05	0
260	Iter0261	7	3	3	2	0	0	1.5555555555555556	1.0	-4.742587029999998e-06	0
261	Iter0262	6	11	7	0	0	0	0.07291666666666667	0.0059115179252479146	-0.000222284876	0
262	Iter0263	5	12	1	5	0	0	2.083333333333333	1.0	-1.3136300000000003e-05	0
263	Iter0264	8	6	0	2	0	0	3.8571428571428577	0.4666666666666657	-0.0007664000000000001	0
264	Iter0265	4	6	4	2	0	0	0.3333333333333333	0.6083916083916083	-0.00020379422	0
265	Iter0266	4	9	2	2	0	0	0.4444444444444444	0.5840336134453759	-1.6417240696e-05	0
266	Iter0267	6	7	4	2	0	0	0.42857142857142855	0.6284829721362215	-3.68379e-05	0
267	Iter0268	7	4	2	3	0	0	2.625	0.5961538461538446	-2.9468505699999997e-06	0
268	Iter0269	7	5	3	2	0	0	0.9333333333333332	1.0	-4.2239046999999995e-05	0
269	Iter0270	3	4	7	2	0	0	0.21428571428571427	0.30244755244755184	0.0	0
270	Iter0271	5	11	2	0	0	0	0.16666666666666666	0.13725490196078502	-2.046121e-05	0
271	Iter0272	5	5	5	3	0	0	0.6	0.6640614287673134	-5.190233094e-05	0
272	Iter0273	6	5	6	1	0	0	0.2	0.3156108597285074	-0.0008078809970475	0
273	Iter0274	9	6	6	2	0	0	0.5	0.6570197873199626	-0.0003997390699999999	0
274	Iter0275	2	7	4	1	0	0	0.07142857142857142	0.0909090909090907	-0.0007173339999999999	0
275	Iter0276	6	5	4	3	0	0	0.9	1.0	-8.973290000000001e-05	0
276	Iter0277	5	4	2	4	0	0	2.5	0.6083916083916083	-0.000756716	0
277	Iter0278	8	12	3	1	0	0	0.2222222222222222	0.3002070393374745	-6.41247714393e-06	0
278	Iter0279	2	9	3	1	0	0	0.07407407407407407	0.07692307692307687	-0.000187272	0
279	Iter0280	3	4	3	4	0	0	1.0	1.0	-0.000107256	0
280	Iter0281	5	4	4	1	0	0	0.3125	0.5804195804195778	-0.00013580751	0
281	Iter0282	4	5	5	3	0	0	0.48	0.6371863430686948	0.0	0
282	Iter0283	8	9	3	3	0	0	0.8888888888888888	1.0	-0.0002005736380839166	0
283	Iter0284	5	5	7	0	0	0	0.125	0.044117647058823366	-0.000189007	0
284	Iter0285	6	7	3	3	0	0	0.8571428571428571	1.0	-8.8221e-12	0
285	Iter0286	12	9	2	2	0	0	1.3333333333333333	1.0	-0.00037379872450999996	0
286	Iter0287	5	5	4	3	0	0	0.75	1.0	-1.34407e-09	0
287	Iter0288	4	10	6	0	0	0	0.06493506493506493	0.010835913312693528	-0.0005202618660189999	0
288	Iter0289	6	7	7	3	0	0	0.36734693877551017	0.401534526854218	-5.8476379700000005e-05	0
289	Iter0290	10	6	0	2	0	0	4.714285714285714	0.1830065359477128	-0.0009755029564	0
290	Iter0291	4	6	5	2	0	0	0.26666666666666666	0.3348416289592753	-1.692039e-05	0
291	Iter0292	5	5	4	1	0	0	0.25	0.5804195804195791	-1.57124e-05	0
292	Iter0293	5	5	6	4	0	0	0.6666666666666666	1.0	-5.279490000000002e-06	0
293	Iter0294	11	6	2	1	0	0	0.9166666666666666	1.0	-0.00030129689851	0
294	Iter0295	4	7	4	0	0	0	0.125	0.07692307692307683	-8.75364e-09	0
295	Iter0296	8	5	4	3	0	0	1.2000000000000002	1.0	-7.3655118629999996e-06	0
296	Iter0297	8	10	3	1	0	0	0.26666666666666666	0.5864661654135315	-0.00031195093492714305	0
297	Iter0298	6	10	4	3	0	0	0.45	0.6500201911428185	0.0	0
298	Iter0299	9	3	0	3	0	0	10.0	0.043956043956043744	-0.0012178742484687	0
299	Iter0300	8	13	6	1	0	0	0.10256410256410256	0.07681159420289853	-5.15353063e-07	0
300	Iter0301	5	4	3	4	0	0	1.6666666666666667	1.0	-0.00010373321999999999	0
301	Iter0302	5	7	3	5	0	0	1.1904761904761905	1.0	-2.8269222e-05	0
302	Iter0303	7	6	5	3	0	0	0.7000000000000001	1.0	-6.75555e-10	0
303	Iter0304	5	4	3	0	0	0	0.3	0.4909090909090916	-1.3577723374e-05	0
304	Iter0305	3	8	3	2	0	0	0.25	0.2994505494505498	0.0	0
305	Iter0306	6	4	2	3	0	0	2.25	0.6083916083916072	-0.000600465262282	0
306	Iter0307	4	5	2	0	0	0	0.2777777777777778	0.4545454545454538	-0.000670074	0
307	Iter0308	6	3	1	0	0	0	0.875	1.0	-0.000475022	0
308	Iter0309	6	11	2	5	0	0	1.3636363636363635	1.0	-9.18311e-05	0
309	Iter0310	6	3	3	1	0	0	0.6666666666666666	1.0	-1.6256284639999997e-05	0
310	Iter0311	6	5	2	2	0	0	1.2	1.0	-0.0004313069572	0
311	Iter0312	5	5	3	2	0	0	0.6666666666666666	1.0	-8.938610000000001e-05	0
312	Iter0313	4	6	2	0	0	0	0.2380952380952381	0.4545454545454557	-0.00040484310000000003	0
313	Iter0314	11	8	2	1	0	0	0.6875	1.0	-2.8076946156899997e-05	0
314	Iter0315	2	9	7	1	0	0	0.031746031746031744	0.005477494641581335	-6.49437e-07	0
315	Iter0316	5	7	1	1	0	0	0.7142857142857143	1.0	-0.0012797076000000001	0
316	Iter0317	5	4	0	1	0	0	2.4	1.0	-5.1036475653e-08	0
317	Iter0318	8	6	5	2	0	0	0.5333333333333333	0.6556587547299609	-7.348090000000001e-06	0
318	Iter0319	2	7	4	4	0	0	0.2857142857142857	0.33484162895927544	-4.67229e-06	0
319	Iter0320	9	4	2	2	0	0	2.25	0.5840336134453747	-0.0008424480979	0
320	Iter0321	8	9	2	1	0	0	0.4444444444444444	1.0	-0.00035197232	0
321	Iter0322	5	6	2	5	0	0	2.083333333333333	0.6370663650075439	-6.159372e-05	0
322	Iter0323	6	4	4	2	0	0	0.75	1.0	-9.26828e-05	0
323	Iter0324	3	7	2	1	0	0	0.21428571428571427	0.5104895104895119	-0.00015130299999999998	0
324	Iter0325	4	6	4	0	0	0	0.14285714285714285	0.08491508491508484	-0.00148946	0
325	Iter0326	6	3	5	4	0	0	1.6	1.0	-0.0010444773999999997	0
326	Iter0327	9	7	3	0	0	0	0.3125	0.2631578947368429	-4.1205735945e-05	0
327	Iter0328	8	7	3	4	0	0	1.5238095238095235	1.0	-0.00040588942400000003	0
328	Iter0329	3	6	2	3	0	0	0.75	1.0	0.0	0
329	Iter0330	7	4	3	1	0	0	0.5833333333333334	1.0	-5.443180998199e-05	0
330	Iter0331	5	7	6	1	0	0	0.11904761904761905	0.14729697547034978	-0.00017804329111	0
331	Iter0332	3	9	4	1	0	0	0.08333333333333333	0.1006787330316741	-0.00015490450000000001	0
332	Iter0333	4	5	2	0	0	0	0.2777777777777778	0.4545454545454538	-0.0013334651	0
333	Iter0334	8	5	6	5	0	0	1.3333333333333337	1.0	-0.00014552914851600002	0
334	Iter0335	10	6	4	0	0	0	0.3142857142857143	0.2674922600619205	-0.00020037100000000002	0
335	Iter0336	5	4	1	3	0	0	3.75	0.5594405594405606	-0.0008123643	0
336	Iter0337	3	9	0	2	0	0	1.2000000000000002	1.0	0.0	0
337	Iter0338	7	3	4	3	0	0	1.7500000000000002	0.6436651583710411	-8.070701e-05	0
338	Iter0339	5	6	2	2	0	0	0.8333333333333334	1.0	-0.00012757264	0
339	Iter0340	8	7	2	2	0	0	1.1428571428571428	1.0	-0.0001256985244	0
340	Iter0341	1	6	6	4	0	0	0.1111111111111111	0.13399835458658976	0.0	0
341	Iter0342	4	4	1	0	0	0	0.5	1.0	-0.00016445734	0
342	Iter0343	6	6	1	3	0	0	3.0	0.5846153846153823	-0.0008228717900000001	0
343	Iter0344	5	3	3	1	0	0	0.5555555555555556	1.0	-7.175476999999999e-05	0
344	Iter0345	8	4	2	2	0	0	2.0	0.604395604395601	-0.0006577709	0
345	Iter0346	5	5	2	5	0	0	2.5	0.6220691073632254	-7.48336e-06	0
346	Iter0347	6	9	1	0	0	0	0.35	0.4374999999999999	-0.00021939333	0
347	Iter0348	2	9	4	0	0	0	0.06	0.010989010989010973	-1.10807405e-05	0
348	Iter0349	8	3	2	2	0	0	2.6666666666666665	0.5604395604395587	-2.3735744e-05	0
349	Iter0350	3	4	9	2	0	0	0.16666666666666666	0.14140271493212675	-0.00079685183	0
350	Iter0351	4	8	4	2	0	0	0.25	0.3212669683257925	-0.000435062742	0
351	Iter0352	9	9	1	2	0	0	2.0	1.0	-0.000151858309	0
352	Iter0353	6	4	1	2	0	0	3.0	0.5594405594405605	-1.415e-06	0
353	Iter0354	4	7	1	1	0	0	0.5714285714285714	1.0	-0.000124214	0
354	Iter0355	7	10	8	5	0	0	0.4375	0.4621373523764494	-0.0005174129000000001	0
355	Iter0356	7	3	1	1	0	0	2.333333333333333	1.0	-1.5668493999999998e-05	0
356	Iter0357	7	7	0	0	0	0	1.0	1.0	-0.00053701384806	0
357	Iter0358	9	8	1	0	0	0	0.5555555555555556	1.0	-5.0026137e-05	0
358	Iter0359	6	8	7	5	0	0	0.5357142857142857	0.6950975905236217	-0.00017327629999999998	0
359	Iter0360	7	5	2	1	0	0	0.7	1.0	-0.00042740938597	0
360	Iter0361	7	3	2	3	0	0	3.5000000000000004	0.3286713286713279	-0.0002505287285	0
361	Iter0362	5	7	1	4	0	0	2.8571428571428568	0.6000323206205544	-1.4272e-11	0
362	Iter0363	10	8	4	0	0	0	0.2444444444444445	0.25358851674641114	-0.00049759804	0
363	Iter0364	3	4	3	3	0	0	0.75	1.0	-0.0001164327	0
364	Iter0365	4	4	5	1	0	0	0.2	0.30069930069930034	-0.00028400619	0
365	Iter0366	7	8	1	3	0	0	2.625	0.6026831785345723	-1.277338e-07	0
366	Iter0367	7	7	2	3	0	0	1.5	1.0	-2.4082522000000006e-05	0
367	Iter0368	4	7	4	0	0	0	0.125	0.07692307692307683	-0.0007356685080000001	0
368	Iter0369	9	4	8	2	0	0	0.5625	0.6600196142530221	-0.0006691510700040355	0
369	Iter0370	3	6	1	3	0	0	1.5	1.0	-2.856e-05	0
370	Iter0371	12	5	6	0	0	0	0.3095238095238095	0.27248952420577005	-0.0007842992510856752	0
371	Iter0372	7	3	1	0	0	0	1.0	1.0	-0.00020423216384	0
372	Iter0373	9	7	1	2	0	0	2.571428571428572	0.5820433436532529	-0.00010961613619999998	0
373	Iter0374	4	4	6	2	0	0	0.3333333333333333	0.6083916083916072	-0.0008936442399900001	0
374	Iter0375	4	5	5	1	0	0	0.16	0.2867132867132856	0.0	0
375	Iter0376	7	7	3	1	0	0	0.3333333333333333	0.5882352941176482	-0.000232138183966	0
376	Iter0377	7	3	5	1	0	0	0.4666666666666667	1.0	-0.00012616989	0
377	Iter0378	6	5	3	2	0	0	0.7999999999999999	1.0	-0.0015197794	0
378	Iter0379	2	4	6	1	0	0	0.08333333333333333	0.10256410256410263	0.0	0
379	Iter0380	10	8	5	3	0	0	0.75	1.0	-7.726841000000001e-05	0
380	Iter0381	5	6	3	3	0	0	0.8333333333333334	1.0	-2.80169e-05	0
381	Iter0382	2	4	3	0	0	0	0.15	0.16666666666666674	-0.000645164	0
382	Iter0383	7	5	4	2	0	0	0.7	1.0	-4.5405769999999996e-05	0
383	Iter0384	4	8	7	1	0	0	0.07142857142857142	0.028101929030721614	-0.000220765	0
384	Iter0385	8	7	4	7	0	0	2.0	0.452739265042402	-0.0020141428	0
385	Iter0386	8	9	1	0	0	0	0.45	1.0	0.0	0
386	Iter0387	8	8	4	1	0	0	0.25	0.33834586466165395	-0.0004291682162	0
387	Iter0388	7	5	3	2	0	0	0.9333333333333332	1.0	-0.00079053695	0
388	Iter0389	5	9	2	0	0	0	0.2	0.1749999999999998	-1.163432181e-07	0
389	Iter0390	2	4	4	6	0	0	0.75	1.0	0.0	0
390	Iter0391	6	3	4	2	0	0	1.0	1.0	-0.00036228350000000004	0
391	Iter0392	10	4	7	4	0	0	1.4285714285714286	1.0	-0.00053110952294	0
392	Iter0393	2	10	5	2	0	0	0.08	0.04491148686195125	-2.72467e-06	0
393	Iter0394	3	3	5	2	0	0	0.4	0.5920745920745938	-7.95313e-05	0
394	Iter0395	4	8	4	5	0	0	0.625	0.6730650154798746	-0.000291118	0
395	Iter0396	4	6	5	2	0	0	0.26666666666666666	0.3348416289592753	-0.0003693092	0
396	Iter0397	9	11	4	3	0	0	0.6136363636363638	0.677616747181968	-0.0015059702	0
397	Iter0398	4	7	1	3	0	0	1.7142857142857142	1.0	-0.000634039	0
398	Iter0399	7	7	2	1	0	0	0.5	1.0	-6.71200608933e-06	0
399	Iter0400	5	4	5	2	0	0	0.5	0.632867132867131	-0.0003376982390719999	0
400	Iter0401	2	3	3	1	0	0	0.2222222222222222	0.5238095238095235	0.0	0
401	Iter0402	5	6	3	0	0	0	0.21428571428571427	0.2087912087912085	-9.66252e-11	0
402	Iter0403	8	5	7	1	0	0	0.2285714285714286	0.3359133126934977	-0.0001714754	0
403	Iter0404	6	0	2	0	0	0	2.333333333333333	1.0	-1.06381e-05	0
404	Iter0405	7	8	3	2	0	0	0.5833333333333334	1.0	-0.000495597	0
405	Iter0406	6	10	3	3	0	0	0.6	0.6550199026979192	-0.00016827486	0
406	Iter0407	7	5	1	3	0	0	4.2	0.5692307692307679	-2.19034318e-06	0
407	Iter0408	3	8	3	3	0	0	0.375	0.6000323206205567	-3.59326e-05	0
408	Iter0409	5	5	3	2	0	0	0.6666666666666666	1.0	-8.0328915e-05	0
409	Iter0410	6	9	7	3	0	0	0.2857142857142857	0.2261946426167729	-0.00109212	0
410	Iter0411	3	9	3	1	0	0	0.1111111111111111	0.11813186813186805	-0.00054153717	0
411	Iter0412	6	2	5	1	0	0	0.6	1.0	-0.0001323145	0
412	Iter0413	10	7	2	0	0	0	0.4583333333333333	0.5087719298245621	-0.0014074983585842	0
413	Iter0414	8	4	2	2	0	0	2.0	0.604395604395601	-0.0010404665500009043	0
414	Iter0415	10	4	5	2	0	0	1.0	1.0	-0.00030245497	0
415	Iter0416	2	7	4	3	0	0	0.21428571428571427	0.3024475524475516	0.0	0
416	Iter0417	8	7	1	0	0	0	0.5625	1.0	-0.0008539763	0
417	Iter0418	8	9	3	0	0	0	0.225	0.21842105263157985	-0.000595195435807	0
418	Iter0419	2	4	2	2	0	0	0.5	1.0	0.0	0
419	Iter0420	7	7	6	3	0	0	0.5	0.6692690806299605	-7.73966e-11	0
420	Iter0421	9	1	3	2	0	0	6.0	0.2417582417582405	-0.00083025668	0
421	Iter0422	4	7	2	3	0	0	0.8571428571428571	1.0	-0.0005521727900000001	0
422	Iter0423	3	3	6	2	0	0	0.3333333333333333	0.5804195804195795	0.0	0
423	Iter0424	10	9	3	5	0	0	1.8518518518518519	0.6776167471819706	-1.34884657e-05	0
424	Iter0425	6	6	7	2	0	0	0.2857142857142857	0.36656346749225854	-0.00135574334	0
425	Iter0426	7	4	4	0	0	0	0.32	0.5164835164835158	-3.2830082250000002e-06	0
426	Iter0427	5	10	3	3	0	0	0.5	0.6310629514963877	-9.34451e-05	0
427	Iter0428	3	10	4	0	0	0	0.07272727272727272	0.014705882352941109	-9.10168e-05	0
428	Iter0429	6	4	3	3	0	0	1.5	1.0	-0.00049658334	0
429	Iter0430	6	5	1	2	0	0	2.4	1.0	-0.00099388957	0
430	Iter0431	12	8	6	2	0	0	0.5	0.6692003648525355	-0.0014688900999999999	0
431	Iter0432	4	5	3	1	0	0	0.26666666666666666	0.5594405594405606	-0.0006205970000000001	0
432	Iter0433	9	10	1	4	0	0	3.6	0.35770750988142497	-2.77925e-05	0
433	Iter0434	5	6	3	2	0	0	0.5555555555555556	1.0	-7.2938347e-05	0
434	Iter0435	3	2	3	3	0	0	1.5	1.0	-0.000223787	0
435	Iter0436	5	1	6	7	0	0	5.833333333333334	0.17698658410732615	-0.00010322429081000001	0
436	Iter0437	12	7	2	3	0	0	2.571428571428572	0.6146245059288562	-0.0005852284170000001	0
437	Iter0438	9	6	4	0	0	0	0.2857142857142857	0.2554179566563461	-1.1089610867878e-05	0
438	Iter0439	1	7	2	0	0	0	0.08333333333333333	0.06666666666666668	0.0	0
439	Iter0440	6	4	3	4	0	0	2.0	0.6371863430686954	-1.8523210000000007e-05	0
440	Iter0441	5	4	3	4	0	0	1.6666666666666667	1.0	0.0	0
441	Iter0442	1	3	3	2	0	0	0.2222222222222222	0.5238095238095237	-8.44961e-05	0
442	Iter0443	7	8	6	3	0	0	0.4375	0.4225333153856515	-4.9836182575e-05	0
443	Iter0444	8	3	7	4	0	0	1.5238095238095235	1.0	-4.803145e-05	0
444	Iter0445	2	4	5	3	0	0	0.3	0.592074592074592	-1.56973e-05	0
445	Iter0446	7	5	4	3	0	0	1.05	1.0	-0.0008529999799999999	0
446	Iter0447	9	9	1	1	0	0	1.0	1.0	-0.0002695072	0
447	Iter0448	4	5	3	1	0	0	0.26666666666666666	0.5594405594405606	-1.00691e-05	0
448	Iter0449	1	6	6	3	0	0	0.08333333333333333	0.060139860139860064	-1.78508e-05	0
449	Iter0450	9	6	1	1	0	0	1.5	1.0	-0.0016237327733881002	0
450	Iter0451	3	4	6	4	0	0	0.5	0.6371863430686964	-1.1814792e-05	0
451	Iter0452	9	9	0	1	0	0	2.0	1.0	-0.00011260504	0
452	Iter0453	6	11	3	0	0	0	0.14583333333333334	0.073684210526316	-2.784541e-05	0
453	Iter0454	4	4	3	1	0	0	0.3333333333333333	0.5757575757575777	-2.2621900000000003e-06	0
454	Iter0455	8	0	4	2	0	0	5.4	0.16483516483516408	-5.975668746e-05	0
455	Iter0456	3	9	6	4	0	0	0.2222222222222222	0.1919504643962836	-3.73719e-06	0
456	Iter0457	5	6	3	3	0	0	0.8333333333333334	1.0	-1.3296120000000001e-05	0
457	Iter0458	7	8	4	2	0	0	0.4375	0.6351172047766478	-0.00018159268694	0
458	Iter0459	8	6	1	2	0	0	2.6666666666666665	0.5764705882352932	-0.00051467556	0
459	Iter0460	6	6	3	3	0	0	1.0	1.0	-1.434071e-06	0
460	Iter0461	4	5	5	1	0	0	0.16	0.2867132867132856	-8.992463546500001e-05	0
461	Iter0462	6	4	2	4	0	0	3.0	0.6083916083916083	-0.001432689897457	0
462	Iter0463	5	7	4	2	0	0	0.35714285714285715	0.6199095022624423	-1.6093600000000004e-06	0
463	Iter0464	5	2	4	4	0	0	2.5	0.6083916083916074	-2.1830743999999998e-05	0
464	Iter0465	10	7	4	1	0	0	0.35714285714285715	0.6129718234981392	-1.7064304688399996e-05	0
465	Iter0466	5	7	3	2	0	0	0.4761904761904762	0.6199095022624422	-0.000249274707	0
466	Iter0467	9	4	3	3	0	0	2.25	0.6168730650154781	-0.0005930348	0
467	Iter0468	1	6	10	1	0	0	0.016666666666666666	0.002450980392156877	0.0	0
468	Iter0469	4	5	2	1	0	0	0.4	1.0	-0.00013383	0
469	Iter0470	7	5	1	3	0	0	4.2	0.5692307692307679	-2.71868e-05	0
470	Iter0471	8	4	2	1	0	0	1.0	1.0	-0.0001081167507355072	0
471	Iter0472	4	6	4	5	0	0	0.8333333333333333	1.0	-3.0026058000000002e-05	0
472	Iter0473	3	9	1	5	0	0	1.6666666666666663	1.0	-7.0669305808e-05	0
473	Iter0474	5	7	5	2	0	0	0.2857142857142857	0.3498452012383895	-0.00089604347	0
474	Iter0475	6	3	2	3	0	0	3.0	0.5804195804195786	-0.00017829979999999998	0
475	Iter0476	7	2	7	0	0	0	0.3333333333333333	0.4749999999999985	-0.000915311	0
476	Iter0477	7	5	6	3	0	0	0.7	1.0	-3.327193e-05	0
477	Iter0478	9	3	3	1	0	0	1.0	1.0	-0.000118808472	0
478	Iter0479	4	4	2	4	0	0	2.0	0.6270396270396283	-0.0005731250000000001	0
479	Iter0480	7	6	2	2	0	0	1.1666666666666667	1.0	-5.659308653e-05	0
480	Iter0481	8	6	5	0	0	0	0.2142857142857143	0.12796697626418954	-0.000357740158	0
481	Iter0482	3	9	6	2	0	0	0.1111111111111111	0.06477732793522263	-0.00010516	0
482	Iter0483	11	6	5	3	0	0	1.1	1.0	-0.00021509436489999998	0
483	Iter0484	8	3	4	2	0	0	1.3333333333333333	1.0	-8.118722660539999e-05	0
484	Iter0485	8	8	0	2	0	0	3.0	0.4771241830065378	-0.00023342064112	0
485	Iter0486	1	5	6	2	0	0	0.06666666666666668	0.10256410256410263	0.0	0
486	Iter0487	6	10	1	1	0	0	0.6	1.0	-0.000500322	0
487	Iter0488	6	3	2	2	0	0	2.0	1.0	-0.00029939508000000005	0
488	Iter0489	6	6	6	2	0	0	0.3333333333333333	0.37285067873303024	-0.0003732211255	0
489	Iter0490	7	1	4	1	0	0	1.75	1.0	-0.000309070102034	0
490	Iter0491	3	4	2	1	0	0	0.375	1.0	-9.14798e-05	0
491	Iter0492	4	4	4	5	0	0	1.25	1.0	-0.000679886055	0
492	Iter0493	6	4	5	1	0	0	0.3	0.5879120879120863	-0.0008577120000000001	0
493	Iter0494	10	6	4	2	0	0	0.8333333333333334	1.0	-0.0008439669999999999	0
494	Iter0495	8	3	4	0	0	0	0.45	0.5164835164835135	0.0	0
495	Iter0496	10	9	4	5	0	0	1.3888888888888888	1.0	-0.000387230002	0
496	Iter0497	7	5	1	3	0	0	4.2	0.5692307692307679	-0.00027818358119000003	0
497	Iter0498	4	6	5	5	0	0	0.6666666666666666	1.0	0.0	0
498	Iter0499	3	7	3	2	0	0	0.2857142857142857	0.3286713286713279	-2.380877e-06	0
499	Iter0500	4	1	3	4	0	0	5.333333333333333	0.2929292929292933	-0.0001156021	0
500	Iter0501	10	8	2	2	0	0	1.25	1.0	-0.0006585474	0
501	Iter0502	8	6	3	2	0	0	0.8888888888888888	1.0	-0.00013367835000000001	0
502	Iter0503	4	5	2	3	0	0	1.2000000000000002	1.0	-0.00014051220996000001	0
503	Iter0504	2	7	1	4	0	0	1.1428571428571428	1.0	0.0	0
504	Iter0505	4	4	8	2	0	0	0.25	0.3212669683257927	-0.000205729	0
505	Iter0506	6	3	5	0	0	0	0.2916666666666667	0.25824175824175777	-0.0007349997	0
506	Iter0507	8	6	3	3	0	0	1.3333333333333333	1.0	-1.3234396000000002e-06	0
507	Iter0508	8	5	3	3	0	0	1.6	1.0	-0.00043334616	0
508	Iter0509	3	5	4	1	0	0	0.15	0.2657342657342665	-4.4696e-10	0
509	Iter0510	11	8	4	0	0	0	0.26666666666666666	0.25691699604743035	-0.00098263546	0
510	Iter0511	3	6	4	2	0	0	0.25	0.3146853146853142	-0.000226849	0
511	Iter0512	4	5	8	2	0	0	0.2	0.16980233388902055	-0.0003249498	0
512	Iter0513	4	4	0	1	0	0	2.0	1.0	-0.0001490835356	0
513	Iter0514	1	7	2	0	0	0	0.08333333333333333	0.06666666666666668	0.0	0
514	Iter0515	7	8	2	2	0	0	0.875	1.0	-0.0002774886	0
515	Iter0516	5	5	5	0	0	0	0.16666666666666666	0.1008991008991007	-0.001011970771	0
516	Iter0517	5	6	4	2	0	0	0.4166666666666667	0.6199095022624437	-3.23398e-11	0
517	Iter0518	6	6	2	1	0	0	0.5	1.0	-0.000190197393	0
518	Iter0519	7	7	7	2	0	0	0.2857142857142857	0.2282945214699148	-0.00021653954	0
519	Iter0520	12	5	3	3	0	0	2.4	0.6213854795090508	-0.0013034689243000002	0
520	Iter0521	10	4	0	4	0	0	11.0	0.022875816993464138	-2.54357457381e-05	0
521	Iter0522	11	4	2	1	0	0	1.375	1.0	-0.0012820547000000002	0
522	Iter0523	5	4	5	1	0	0	0.25	0.5804195804195798	-6.854454e-06	0
523	Iter0524	3	5	1	4	0	0	2.4	1.0	0.0	0
524	Iter0525	1	5	6	3	0	0	0.1	0.11888111888111873	-7.665410000000002e-24	0
525	Iter0526	5	8	6	3	0	0	0.3125	0.3869969040247671	-0.0006998067	0
526	Iter0527	7	3	3	1	0	0	0.7777777777777778	1.0	-7.945330000000001e-05	0
527	Iter0528	7	5	2	2	0	0	1.4	1.0	-5.589530000000001e-05	0
528	Iter0529	2	5	3	1	0	0	0.13333333333333333	0.2424242424242426	0.0	0
529	Iter0530	6	5	3	3	0	0	1.2	1.0	-5.786319300000001e-07	0
530	Iter0531	7	7	2	2	0	0	1.0	1.0	-3.65877e-06	0
531	Iter0532	4	9	1	3	0	0	1.3333333333333333	1.0	-3.61589e-05	0
532	Iter0533	5	7	0	1	0	0	1.5	1.0	-0.00020414155100000002	0
533	Iter0534	11	3	4	3	0	0	2.75	0.35436016511868057	-0.0006581368698200001	0
534	Iter0535	5	7	4	2	0	0	0.35714285714285715	0.6199095022624423	-1.54429e-08	0
535	Iter0536	9	9	2	3	0	0	1.5	1.0	-0.0019906976331	0
536	Iter0537	7	7	2	1	0	0	0.5	1.0	-7.804800000000002e-07	0
537	Iter0538	6	6	5	0	0	0	0.16666666666666666	0.10229476405946963	-0.000431348	0
538	Iter0539	3	5	3	0	0	0	0.16666666666666666	0.1818181818181817	-0.0004901687615	0
539	Iter0540	9	5	3	2	0	0	1.2	1.0	-0.000537844418987901	0
540	Iter0541	4	8	5	3	0	0	0.3	0.3618480590616816	-4.26736e-08	0
541	Iter0542	9	5	1	0	0	0	0.8333333333333334	1.0	-0.000535533	0
542	Iter0543	3	3	3	2	0	0	0.6666666666666666	1.0	-0.000327055	0
543	Iter0544	3	6	3	3	0	0	0.5	0.6223776223776207	-4.54317e-09	0
544	Iter0545	8	7	2	1	0	0	0.5714285714285714	1.0	-5.8927514827e-05	0
545	Iter0546	14	11	4	0	0	0	0.25	0.2677781988126838	-0.00011171449560000001	0
546	Iter0547	3	5	3	1	0	0	0.2	0.5454545454545472	-2.96133e-05	0
547	Iter0548	6	7	4	4	0	0	0.8571428571428571	1.0	-0.0006979528766329999	0
548	Iter0549	5	5	6	3	0	0	0.5	0.6499166468206714	-2.8497739999999998e-08	0
549	Iter0550	4	7	4	0	0	0	0.125	0.07692307692307683	-0.000216223	0
550	Iter0551	2	8	0	2	0	0	1.0	1.0	-3.411606e-06	0
551	Iter0552	4	12	3	0	0	0	0.09615384615384616	0.036119711042311764	0.0	0
552	Iter0553	10	9	4	1	0	0	0.2777777777777778	0.3577075098814244	-0.00036175280137999997	0
553	Iter0554	4	11	3	5	0	0	0.6060606060606061	0.6570197873199641	-0.000292079555754	0
554	Iter0555	5	5	2	3	0	0	1.5	1.0	-0.00044237530449999993	0
555	Iter0556	4	7	2	3	0	0	0.8571428571428571	1.0	-5.1051630999999996e-05	0
556	Iter0557	9	5	4	1	0	0	0.45	1.0	-2.121201e-06	0
557	Iter0558	6	4	5	1	0	0	0.3	0.5879120879120863	-0.00038911930000000005	0
558	Iter0559	9	9	4	4	0	0	1.0	1.0	-0.00113666	0
559	Iter0560	6	5	2	1	0	0	0.6	1.0	-0.00040396392100000003	0
560	Iter0561	7	3	2	1	0	0	1.1666666666666667	1.0	-1.90698e-06	0
561	Iter0562	9	11	5	4	0	0	0.6545454545454545	0.6998500749625294	-9.7011097e-05	0
562	Iter0563	5	5	0	4	0	0	5.0	0.2207792207792202	-0.000132224992453	0
563	Iter0564	5	4	0	1	0	0	2.4	1.0	-5.27931e-05	0
564	Iter0565	3	3	3	2	0	0	0.6666666666666666	1.0	-4.33518122553e-05	0
565	Iter0566	6	3	3	2	0	0	1.3333333333333333	1.0	-2.922076e-05	0
566	Iter0567	10	5	3	3	0	0	2.0	0.63106295149639	-0.0009049924	0
567	Iter0568	6	6	5	2	0	0	0.4	0.6332460109549873	-1.4735900000055053e-05	0
568	Iter0569	11	6	1	2	0	0	3.6666666666666665	0.5368421052631573	-0.0002094101585926	0
569	Iter0570	7	4	3	1	0	0	0.5833333333333334	1.0	-0.00014020772120000002	0
570	Iter0571	7	2	5	3	0	0	2.1	0.6199095022624409	-5.0983218000000006e-05	0
571	Iter0572	2	7	2	0	0	0	0.125	0.10909090909090896	-1.0865187e-05	0
572	Iter0573	5	6	6	5	0	0	0.6944444444444445	1.0	-1.95186e-07	0
573	Iter0574	8	4	3	2	0	0	1.3333333333333333	1.0	-0.00021280492395999999	0
574	Iter0575	3	1	2	0	0	0	0.6666666666666666	1.0	-0.000340431	0
575	Iter0576	10	9	4	4	0	0	1.1111111111111112	1.0	-1.1253542e-05	0
576	Iter0577	2	3	3	4	0	0	0.8888888888888888	1.0	-8.45867e-11	0
577	Iter0578	4	6	6	0	0	0	0.1020408163265306	0.033841158841158736	0.0	0
578	Iter0579	3	3	3	4	0	0	1.3333333333333333	1.0	-2.6425700612902e-05	0
579	Iter0580	10	6	1	2	0	0	3.333333333333333	0.545923632610939	-0.0007739378035	0
580	Iter0581	8	7	5	4	0	0	0.9142857142857144	1.0	-6.39250869e-05	0
581	Iter0582	6	9	5	1	0	0	0.13333333333333333	0.14860681114551136	-2.667867407e-05	0
582	Iter0583	2	6	4	0	0	0	0.08571428571428573	0.060606060606060635	0.0	0
583	Iter0584	8	7	9	3	0	0	0.3809523809523809	0.4244088482074789	-8.399484500000001e-05	0
584	Iter0585	8	2	0	1	0	0	6.0	0.2727272727272725	-0.00030450773910000004	0
585	Iter0586	6	4	2	3	0	0	2.25	0.6083916083916072	-0.0002496073	0
586	Iter0587	6	4	3	4	0	0	2.0	0.6371863430686954	-0.0009369820010847001	0
587	Iter0588	5	3	5	1	0	0	0.33333333333333337	0.5804195804195811	-7.6502705e-05	0
588	Iter0589	5	3	6	1	0	0	0.2777777777777778	0.5692307692307679	-0.0005046278	0
589	Iter0590	6	2	3	1	0	0	1.0	1.0	-9.581025519999999e-05	0
590	Iter0591	11	2	2	1	0	0	2.75	0.489285714285712	-3.663965991e-06	0
591	Iter0592	7	11	6	4	0	0	0.42424242424242425	0.4327993897787917	-0.00013465665134	0
592	Iter0593	4	5	1	1	0	0	0.8	1.0	-3.3306597e-06	0
593	Iter0594	2	2	2	2	0	0	1.0	1.0	-6.65449e-05	0
594	Iter0595	7	5	3	2	0	0	0.9333333333333332	1.0	-1.9890944039601897e-05	0
595	Iter0596	5	4	6	1	0	0	0.20833333333333331	0.3076923076923062	-4.518570438009167e-05	0
596	Iter0597	4	5	4	2	0	0	0.4	0.6083916083916074	-3.14052e-05	0
597	Iter0598	6	4	4	0	0	0	0.28	0.2507492507492505	-0.0003309987	0
598	Iter0599	6	3	3	4	0	0	2.6666666666666665	0.6145104895104876	-0.000397787834	0
599	Iter0600	7	5	7	1	0	0	0.2	0.32456140350877233	-0.000571617	0
600	Iter0601	8	3	6	4	0	0	1.7777777777777777	0.6594427244582068	-7.037228e-05	0
601	Iter0602	6	5	4	4	0	0	1.2	1.0	-5.286258530000001e-06	0
602	Iter0603	6	8	2	2	0	0	0.75	1.0	-9.858210000200701e-05	0
603	Iter0604	4	8	2	2	0	0	0.5	0.6043956043956017	-4.11367e-12	0
604	Iter0605	8	5	1	1	0	0	1.6	1.0	-0.0016560603900000002	0
605	Iter0606	4	4	7	5	0	0	0.7142857142857143	1.0	-0.000131699	0
606	Iter0607	9	6	7	0	0	0	0.17857142857142858	0.12064921662444884	-0.000746588453939	0
607	Iter0608	6	3	1	1	0	0	2.0	1.0	-0.0003854026	0
608	Iter0609	7	6	5	1	0	0	0.2333333333333333	0.33307533539731554	-0.00019444529999999998	0
609	Iter0610	6	8	2	4	0	0	1.5	1.0	-0.000375700819	0
610	Iter0611	5	9	3	4	0	0	0.7407407407407408	1.0	-0.000102511	0
611	Iter0612	6	4	2	0	0	0	0.4666666666666666	0.5151515151515165	-1.519308e-05	0
612	Iter0613	1	6	6	7	0	0	0.19444444444444445	0.3285345717234254	0.0	0
613	Iter0614	8	7	2	2	0	0	1.1428571428571428	1.0	-0.000207293329	0
614	Iter0615	5	2	4	1	0	0	0.625	1.0	-8.726919999999999e-06	0
615	Iter0616	2	4	3	4	0	0	0.6666666666666666	1.0	0.0	0
616	Iter0617	6	4	5	3	0	0	0.8999999999999999	1.0	-0.000744719	0
617	Iter0618	7	3	7	2	0	0	0.6666666666666667	1.0	-0.000136462664	0
618	Iter0619	5	6	2	3	0	0	1.2500000000000002	1.0	-0.0010303340000030882	0
619	Iter0620	7	2	2	0	0	0	0.8888888888888888	1.0	-5.0799473e-05	0
620	Iter0621	2	8	1	1	0	0	0.25	0.45454545454545503	-1.0895089e-05	0
621	Iter0622	2	5	3	1	0	0	0.13333333333333333	0.2424242424242426	-3.333e-05	0
622	Iter0623	6	5	1	1	0	0	1.2	1.0	-1.83054e-08	0
623	Iter0624	10	6	3	3	0	0	1.6666666666666667	0.6550199026979204	-0.0010234959	0
624	Iter0625	8	7	3	2	0	0	0.7619047619047619	1.0	-0.00015133427774999999	0
625	Iter0626	3	6	2	2	0	0	0.5	1.0	-0.0001319479	0
626	Iter0627	3	4	2	3	0	0	1.125	1.0	-3.78949e-06	0
627	Iter0628	10	5	0	3	0	0	7.333333333333332	0.06862745098039226	-0.000187285215591	0
628	Iter0629	3	4	2	2	0	0	0.75	1.0	-0.0005908405310000921	0
629	Iter0630	7	0	2	3	0	0	10.666666666666666	0.045454545454545525	-2.14031e-05	0
630	Iter0631	4	5	5	1	0	0	0.16	0.2867132867132856	-1.8385990000000001e-07	0
631	Iter0632	5	9	3	1	0	0	0.1851851851851852	0.2745098039215697	-4.22173611e-05	0
632	Iter0633	6	8	4	4	0	0	0.75	1.0	-2.41871e-05	0
633	Iter0634	12	5	6	3	0	0	1.2	1.0	-2.8184635831e-10	0
634	Iter0635	5	6	2	2	0	0	0.8333333333333334	1.0	-0.000376335	0
635	Iter0636	3	5	2	1	0	0	0.3	0.5454545454545453	0.0	0
636	Iter0637	7	5	2	2	0	0	1.4	1.0	-0.0023364752000000003	0
637	Iter0638	2	2	3	1	0	0	0.3333333333333333	1.0	0.0	0
638	Iter0639	2	4	8	3	0	0	0.1875	0.16176470588235325	0.0	0
639	Iter0640	6	11	4	1	0	0	0.13636363636363635	0.1353383458646611	-0.0004582621290138264	0
640	Iter0641	3	8	0	2	0	0	1.3333333333333333	1.0	-3.73894e-05	0
641	Iter0642	11	6	2	0	0	0	0.5714285714285714	1.0	-0.001737954300240234	0
642	Iter0643	7	6	3	1	0	0	0.3888888888888889	0.6029411764705872	-0.00110967415988	0
643	Iter0644	3	6	5	3	0	0	0.3	0.3469354175236523	-6.20732e-07	0
644	Iter0645	7	8	3	6	0	0	1.75	0.6784560506124677	-2.753984728e-05	0
645	Iter0646	7	10	1	2	0	0	1.4	1.0	-0.0003893137000000001	0
646	Iter0647	4	5	2	2	0	0	0.8	1.0	-6.233553999999999e-05	0
647	Iter0648	5	2	5	1	0	0	0.5	1.0	-0.00012815324	0
648	Iter0649	12	7	4	3	0	0	1.2857142857142858	1.0	-8.83665123e-07	0
649	Iter0650	2	8	6	2	0	0	0.08333333333333333	0.05361305361305376	-7.7284987e-05	0
650	Iter0651	3	6	4	3	0	0	0.375	0.6145104895104885	-4.95645e-08	0
651	Iter0652	4	4	7	2	0	0	0.2857142857142857	0.3348416289592767	0.0	0
652	Iter0653	2	5	4	1	0	0	0.1	0.242424242424243	-8.209828799999999e-10	0
653	Iter0654	7	0	2	0	0	0	2.6666666666666665	1.0	-5.76827918e-05	0
654	Iter0655	10	9	4	3	0	0	0.8333333333333334	1.0	-0.0002969475	0
655	Iter0656	10	6	4	2	0	0	0.8333333333333334	1.0	0.0	0
656	Iter0657	13	3	4	3	0	0	3.25	0.31849386311628997	-0.00034398999	0
657	Iter0658	4	9	1	1	0	0	0.4444444444444444	1.0	-4.6934460400650006e-05	0
658	Iter0659	7	6	4	2	0	0	0.5833333333333334	1.0	-0.000116375299	0
659	Iter0660	7	6	2	2	0	0	1.1666666666666667	1.0	-0.00010046310708300001	0
660	Iter0661	9	5	2	3	0	0	2.7	0.6026831785345723	-1.58307371e-05	0
661	Iter0662	8	5	3	0	0	0	0.375	0.5089285714285694	-0.00014393051128818	0
662	Iter0663	6	4	1	2	0	0	3.0	0.5594405594405605	-0.00012191839699999999	0
663	Iter0664	6	6	6	2	0	0	0.3333333333333333	0.37285067873303024	-0.0005746965511789999	0
664	Iter0665	8	4	3	1	0	0	0.6666666666666666	1.0	-2.03133e-09	0
665	Iter0666	6	9	2	2	0	0	0.6666666666666666	1.0	-0.0008126656570000002	0
666	Iter0667	10	8	4	2	0	0	0.625	1.0	-0.00039974224840000003	0
667	Iter0668	5	5	3	3	0	0	1.0	1.0	-0.0014739	0
668	Iter0669	4	7	2	1	0	0	0.2857142857142857	0.5384615384615372	-3.9739997200000004e-05	0
669	Iter0670	5	11	7	3	0	0	0.1948051948051948	0.1053708439897703	-0.00035800178	0
670	Iter0671	7	4	6	1	0	0	0.2916666666666667	0.5955882352941169	-0.0001994007939	0
671	Iter0672	4	7	7	3	0	0	0.24489795918367346	0.19838056680161986	-0.000493745	0
672	Iter0673	8	5	2	2	0	0	1.6	1.0	-0.000145638	0
673	Iter0674	8	9	3	0	0	0	0.225	0.21842105263157985	-0.000127467	0
674	Iter0675	4	10	5	2	0	0	0.16	0.15882352941176492	-0.0001968031	0
675	Iter0676	5	7	3	2	0	0	0.4761904761904762	0.6199095022624422	-6.781071e-05	0
676	Iter0677	5	3	3	1	0	0	0.5555555555555556	1.0	-0.000340216	0
677	Iter0678	6	8	5	2	0	0	0.3	0.36145510835913375	-0.00035689718099999994	0
678	Iter0679	8	5	3	2	0	0	1.0666666666666669	1.0	-0.00035261060000000004	0
679	Iter0680	9	5	2	2	0	0	1.8	1.0	-0.00039051940000000006	0
680	Iter0681	9	6	6	1	0	0	0.25	0.35009147199549695	-0.0018082020890000002	0
681	Iter0682	2	5	2	2	0	0	0.4	0.5757575757575761	0.0	0
682	Iter0683	6	7	7	5	0	0	0.6122448979591837	0.6950975905236215	-7.665030000004255e-06	0
683	Iter0684	8	7	1	1	0	0	1.1428571428571428	1.0	-9.921082e-06	0
684	Iter0685	5	5	2	4	0	0	2.0	0.6328671328671309	-0.00036268909000000004	0
685	Iter0686	6	2	1	0	0	0	1.1666666666666667	1.0	-2.005252e-05	0
686	Iter0687	3	9	3	2	0	0	0.2222222222222222	0.280058177117	-1.14293136e-07	0
687	Iter0688	6	8	0	0	0	0	0.7777777777777778	1.0	-1.724119e-07	0
688	Iter0689	11	1	2	0	0	0	2.0	1.0	-0.0011096639299999999	0
689	Iter0690	7	4	0	2	0	0	4.800000000000002	0.1923076923076929	-0.00017065160700000003	0
690	Iter0691	13	9	4	5	0	0	1.8055555555555556	0.6927497541551884	-0.001435191856	0
691	Iter0692	5	3	4	2	0	0	0.8333333333333334	1.0	-0.00043676409999999995	0
692	Iter0693	8	7	3	1	0	0	0.3809523809523809	0.602683178534573	-0.00036342937999999997	0
693	Iter0694	9	9	1	1	0	0	1.0	1.0	-0.00014539085822890002	0
694	Iter0695	5	7	3	1	0	0	0.2380952380952381	0.5692307692307679	-7.722528435e-06	0
695	Iter0696	7	8	4	1	0	0	0.21875	0.3188854489164087	-7.76222e-06	0
696	Iter0697	9	4	2	0	0	0	0.6666666666666666	1.0	-0.00097225907	0
697	Iter0698	5	9	4	3	0	0	0.4166666666666667	0.3972136222910222	-8.763905e-05	0
698	Iter0699	12	8	7	0	0	0	0.18055555555555555	0.06813283335022546	-0.0001551579023637	0
699	Iter0700	7	6	3	3	0	0	1.1666666666666667	1.0	-0.0016552958	0
700	Iter0701	5	4	6	4	0	0	0.8333333333333334	1.0	-8.8927475338e-05	0
701	Iter0702	9	4	1	3	0	0	6.75	0.2499999999999995	-0.00021169233220000002	0
702	Iter0703	5	10	1	0	0	0	0.2727272727272727	0.3749999999999997	-2.994890000000001e-06	0
703	Iter0704	10	8	2	5	0	0	3.125	0.3782608695652168	-0.00070056942719	0
704	Iter0705	6	6	3	1	0	0	0.3333333333333333	0.5846153846153823	-0.00038989923	0
705	Iter0706	4	4	3	2	0	0	0.6666666666666666	1.0	0.0	0
706	Iter0707	5	5	8	2	0	0	0.25	0.3498452012383904	-3.4646e-10	0
707	Iter0708	7	6	0	1	0	0	2.2857142857142856	1.0	-0.000169841903	0
708	Iter0709	4	1	1	4	0	0	16.0	0.2063492063492062	-0.00059040555	0
709	Iter0710	7	5	6	1	0	0	0.2333333333333333	0.3330753353973148	-0.00040055357999999996	0
710	Iter0711	3	8	3	3	0	0	0.375	0.6000323206205567	-2.8970528889999995e-07	0
711	Iter0712	8	8	4	4	0	0	1.0	1.0	-0.00035698930000000004	0
712	Iter0713	8	10	1	1	0	0	0.8	1.0	-0.0001036172514	0
713	Iter0714	5	7	7	2	0	0	0.20408163265306126	0.1842343415098833	-6.51917e-05	0
714	Iter0715	9	4	2	1	0	0	1.125	1.0	-0.0004095950239	0
715	Iter0716	4	7	6	2	0	0	0.19047619047619047	0.16980233388902174	-1.02509e-05	0
716	Iter0717	11	8	2	0	0	0	0.4444444444444444	0.5047619047619039	-0.00046027646509999993	0
717	Iter0718	6	7	3	5	0	0	1.4285714285714286	1.0	0.0	0
718	Iter0719	6	4	9	2	0	0	0.3333333333333333	0.3614551083591342	-0.0006672686	0
719	Iter0720	3	4	4	2	0	0	0.375	0.5920745920745949	-0.00011098235	0
720	Iter0721	7	4	5	1	0	0	0.35	0.6000323206205543	-0.000104599231	0
721	Iter0722	8	6	2	2	0	0	1.3333333333333333	1.0	-0.0002800684	0
722	Iter0723	6	10	0	3	0	0	2.5454545454545454	0.5170278637770904	-2.8156450000000007e-05	0
723	Iter0724	2	3	2	2	0	0	0.6666666666666666	1.0	-0.000479072	0
724	Iter0725	5	4	3	2	0	0	0.8333333333333334	1.0	-1.65975e-10	0
725	Iter0726	5	5	7	4	0	0	0.5714285714285714	0.6699214098594904	-3.2559100000000005e-05	0
726	Iter0727	3	6	1	1	0	0	0.5	1.0	0.0	0
727	Iter0728	7	7	5	1	0	0	0.2	0.32456140350877233	-0.000143435	0
728	Iter0729	2	3	3	3	0	0	0.6666666666666666	1.0	0.0	0
729	Iter0730	7	2	3	1	0	0	1.1666666666666667	1.0	-6.50435e-08	0
730	Iter0731	8	7	3	3	0	0	1.1428571428571428	1.0	-0.0027972170000000003	0
731	Iter0732	3	4	6	0	0	0	0.1142857142857143	0.06993006993007007	-0.00040773164000000003	0
732	Iter0733	4	6	7	1	0	0	0.09523809523809523	0.06561085972850708	-1.9715e-05	0
733	Iter0734	6	3	3	4	0	0	2.6666666666666665	0.6145104895104876	-0.0007519287980000001	0
734	Iter0735	6	4	2	3	0	0	2.25	0.6083916083916072	-2.96945e-05	0
735	Iter0736	10	3	3	0	0	0	0.6875	1.0	-0.0006550586	0
736	Iter0737	6	8	3	8	0	0	2.0	0.6766186566159702	-0.000246483	0
737	Iter0738	8	6	2	2	0	0	1.3333333333333333	1.0	-0.000760814105	0
738	Iter0739	11	0	5	1	0	0	4.0	0.3529411764705884	-0.0009205970685400001	0
739	Iter0740	9	5	6	1	0	0	0.3	0.6126160990712111	-0.001294703865660047	0
740	Iter0741	4	3	4	1	0	0	0.3333333333333333	0.5757575757575769	-0.0001213549558	0
741	Iter0742	5	5	1	3	0	0	3.0	0.5804195804195801	-8.84888e-08	0
742	Iter0743	7	2	1	3	0	0	10.5	0.2167832167832169	-3.4598312e-06	0
743	Iter0744	3	4	0	1	0	0	1.6	1.0	0.0	0
744	Iter0745	6	7	6	1	0	0	0.14285714285714285	0.15768833849329114	-0.00144188468687	0
745	Iter0746	6	5	7	2	0	0	0.3428571428571429	0.3742260061919506	-0.000130719	0
746	Iter0747	5	3	2	4	0	0	3.333333333333333	0.5920745920745929	-0.00017867506609	0
747	Iter0748	3	6	3	0	0	0	0.14285714285714285	0.18181818181818213	-1.0508186e-05	0
748	Iter0749	4	4	1	3	0	0	3.0	0.5757575757575775	-0.0003627693	0
749	Iter0750	6	10	2	1	0	0	0.3	0.5459236326109398	-3.0556272710000006e-07	0
750	Iter0751	6	3	0	2	0	0	5.25	0.1818181818181815	-1.4285e-09	0
751	Iter0752	5	4	4	1	0	0	0.3125	0.5804195804195778	-0.000114335	0
752	Iter0753	10	5	9	1	0	0	0.2222222222222222	0.3448616600790536	-0.0006706371880000001	0
753	Iter0754	6	3	5	4	0	0	1.6	1.0	-6.0042566299999995e-05	0
754	Iter0755	5	4	5	1	0	0	0.25	0.5804195804195798	-5.65808e-11	0
755	Iter0756	8	6	3	1	0	0	0.4444444444444444	1.0	-2.5823649e-05	0
756	Iter0757	8	9	4	0	0	0	0.18	0.1037593984962408	-0.0001326858578	0
757	Iter0758	9	6	1	0	0	0	0.7142857142857143	1.0	-2.179870854e-05	0
758	Iter0759	4	0	2	1	0	0	3.333333333333333	0.42857142857142827	-0.00028213040000000004	0
759	Iter0760	4	10	2	4	0	0	0.8	1.0	0.0	0
760	Iter0761	10	6	2	4	0	0	3.333333333333333	0.34763379035824765	-2.1850290891e-05	0
761	Iter0762	8	6	0	4	0	0	6.428571428571429	0.09150326797385656	-0.001317941375991	0
762	Iter0763	7	4	1	2	0	0	3.5	0.5384615384615372	-0.0020697600399999998	0
763	Iter0764	6	5	2	1	0	0	0.6	1.0	-0.00036962951000000003	0
764	Iter0765	8	5	4	5	0	0	2.0	0.6656346749225968	-0.0004529412100000001	0
765	Iter0766	5	7	5	1	0	0	0.14285714285714285	0.15158371040724014	-0.0018052376249999998	0
766	Iter0767	4	3	1	3	0	0	4.0	0.5454545454545457	-8.779420000000001e-05	0
767	Iter0768	8	5	4	1	0	0	0.4	0.6148459383753492	-3.4139991e-05	0
768	Iter0769	4	3	3	2	0	0	0.8888888888888888	1.0	0.0	0
769	Iter0770	4	5	2	2	0	0	0.8	1.0	-1.6229199999999998e-07	0
770	Iter0771	2	8	1	2	0	0	0.5	1.0	-1.8639319999999999e-06	0
771	Iter0772	4	3	2	3	0	0	2.0	1.0	-8.028850000000002e-06	0
772	Iter0773	10	5	0	3	0	0	7.333333333333332	0.06862745098039226	-0.00113574126	0
773	Iter0774	3	5	6	4	0	0	0.4	0.6371863430686967	0.0	0
774	Iter0775	6	4	2	1	0	0	0.75	1.0	-0.001121078	0
775	Iter0776	7	3	2	0	0	0	0.6666666666666666	1.0	-0.000210863682	0
776	Iter0777	6	6	3	3	0	0	1.0	1.0	-6.929715000000001e-05	0
777	Iter0778	3	6	3	2	0	0	0.3333333333333333	0.5804195804195786	-0.000656158	0
778	Iter0779	3	7	2	4	0	0	0.8571428571428571	1.0	-7.172547877199999e-07	0
779	Iter0780	4	4	9	2	0	0	0.2222222222222222	0.3188854489164083	-6.56983e-05	0
780	Iter0781	6	5	6	2	0	0	0.4	0.6332460109549896	-0.00231111392	0
781	Iter0782	7	6	3	1	0	0	0.3888888888888889	0.6029411764705872	-0.0004590861976	0
782	Iter0783	10	6	3	0	0	0	0.3928571428571429	0.5170278637770895	-0.00012634385999999999	0
783	Iter0784	4	5	6	2	0	0	0.26666666666666666	0.3348416289592753	-4.71749e-06	0
784	Iter0785	2	9	6	1	0	0	0.037037037037037035	0.012820512820512848	0.0	0
785	Iter0786	5	1	2	1	0	0	2.5	1.0	-0.00020929176	0
786	Iter0787	8	6	1	4	0	0	5.333333333333333	0.3034055727554181	-0.00010970082	0
787	Iter0788	5	5	5	3	0	0	0.6	0.6640614287673134	-0.00045922465558700004	0
788	Iter0789	3	7	3	0	0	0	0.125	0.06993006993007027	-7.649035624e-05	0
789	Iter0790	9	11	2	1	0	0	0.4090909090909091	0.5900621118012406	-3.8280687e-05	0
790	Iter0791	3	11	6	5	0	0	0.2272727272727273	0.11532103917081782	0.0	0
791	Iter0792	2	4	1	2	0	0	1.0	1.0	-4.61028e-05	0
792	Iter0793	2	6	2	2	0	0	0.3333333333333333	0.5474747474747487	0.0	0
793	Iter0794	5	9	5	1	0	0	0.11111111111111112	0.14086687306501605	-5.43155e-06	0
794	Iter0795	4	3	1	2	0	0	2.6666666666666665	1.0	-6.52277e-05	0
795	Iter0796	4	9	2	2	0	0	0.4444444444444444	0.5840336134453759	-6.22238e-05	0
796	Iter0797	3	6	1	1	0	0	0.5	1.0	-2.35587e-12	0
797	Iter0798	8	8	5	0	0	0	0.16666666666666666	0.11071797139908593	-0.001260703	0
798	Iter0799	9	5	3	3	0	0	1.8	0.6424148606811155	-0.0009766554	0
799	Iter0800	5	5	4	2	0	0	0.5	0.6328671328671309	-1.17013e-08	0
800	Iter0801	6	7	1	3	0	0	2.571428571428572	0.6029411764705872	0.0	0
801	Iter0802	5	3	6	1	0	0	0.2777777777777778	0.5692307692307679	-3.7329558956e-05	0
802	Iter0803	7	3	2	3	0	0	3.5000000000000004	0.3286713286713279	-0.000338555928	0
803	Iter0804	5	5	5	0	0	0	0.16666666666666666	0.1008991008991007	-5.0019959999999996e-05	0
804	Iter0805	10	7	3	2	0	0	0.9523809523809524	1.0	-0.000608792	0
805	Iter0806	9	11	4	1	0	0	0.20454545454545456	0.3217391304347825	-2.35057817e-05	0
806	Iter0807	9	6	5	6	0	0	1.7999999999999998	0.6921658365863523	-0.00017466932000000004	0
807	Iter0808	6	2	4	4	0	0	3.0	0.6083916083916072	-0.00016068480000000002	0
808	Iter0809	8	5	3	1	0	0	0.5333333333333333	1.0	-8.63167377122e-05	0
809	Iter0810	6	4	5	4	0	0	1.2	1.0	-0.00011281262079999999	0
810	Iter0811	5	9	4	2	0	0	0.2777777777777778	0.3359133126934998	-0.0006288254999999999	0
811	Iter0812	15	5	3	1	0	0	1.0	1.0	-0.00045069946019999995	0
812	Iter0813	3	5	3	2	0	0	0.4	0.5920745920745942	-0.00022406770000000002	0
813	Iter0814	5	3	3	0	0	0	0.375	0.4909090909090914	-0.001031739	0
814	Iter0815	11	4	6	2	0	0	0.9166666666666666	1.0	-0.0004722975800787243	0
815	Iter0816	1	3	2	5	0	0	0.8333333333333333	1.0	-3.46327e-05	0
816	Iter0817	3	11	1	1	0	0	0.2727272727272727	0.44999999999999984	-6.08609e-09	0
817	Iter0818	5	7	1	1	0	0	0.7142857142857143	1.0	-7.73019e-07	0
818	Iter0819	5	5	3	1	0	0	0.3333333333333333	0.5804195804195801	-1.79427e-12	0
819	Iter0820	7	4	3	1	0	0	0.5833333333333334	1.0	-0.000290909308	0
820	Iter0821	2	9	6	4	0	0	0.14814814814814814	0.08049535603715177	-1.045906e-05	0
821	Iter0822	5	5	3	7	0	0	2.333333333333333	0.6499166468206714	-0.000113227032504519	0
822	Iter0823	8	6	6	1	0	0	0.2222222222222222	0.33714310285517896	-5.84328351e-05	0
823	Iter0824	8	6	1	3	0	0	4.0	0.5764705882352943	-0.000131483743683	0
824	Iter0825	4	5	3	3	0	0	0.8	1.0	-1.29357e-05	0
825	Iter0826	6	10	2	1	0	0	0.3	0.5459236326109398	-2.3158358e-06	0
826	Iter0827	11	5	4	1	0	0	0.55	1.0	-0.0007823605038409999	0
827	Iter0828	6	5	5	3	0	0	0.72	1.0	-6.751695083699999e-05	0
828	Iter0829	2	5	1	4	0	0	1.6	1.0	-3.17692e-06	0
829	Iter0830	4	6	8	1	0	0	0.08333333333333333	0.057275541795665526	-0.0005193062240000001	0
830	Iter0831	3	2	4	2	0	0	0.75	1.0	-0.000206572	0
831	Iter0832	7	3	5	1	0	0	0.4666666666666667	1.0	-0.000138909683	0
832	Iter0833	7	11	4	0	0	0	0.13333333333333333	0.09022556390977407	-0.001198523476	0
833	Iter0834	2	6	4	2	0	0	0.16666666666666666	0.2773892773892779	-0.00015456	0
834	Iter0835	5	7	5	1	0	0	0.14285714285714285	0.15158371040724014	-2.5424837400000002e-05	0
835	Iter0836	3	4	5	2	0	0	0.3	0.5920745920745918	-2.64673e-06	0
836	Iter0837	6	1	0	4	0	0	17.5	0.015151515151515155	-0.000302384	0
837	Iter0838	5	8	5	0	0	0	0.1111111111111111	0.035947712418300595	-0.000576506829	0
838	Iter0839	11	3	9	2	0	0	0.8148148148148148	1.0	-7.571622932e-09	0
839	Iter0840	6	4	3	2	0	0	1.0	1.0	-0.000100584031	0
840	Iter0841	7	3	5	4	0	0	1.8666666666666667	0.6499166468206711	-7.5823e-08	0
841	Iter0842	7	10	4	2	0	0	0.35	0.3707093821510293	-0.000945139	0
842	Iter0843	5	14	4	1	0	0	0.08928571428571429	0.047430830039525765	-2.9684614999999998e-05	0
843	Iter0844	10	2	6	0	0	0	0.5238095238095238	0.5294117647058844	-0.00134673429545	0
844	Iter0845	8	7	4	0	0	0	0.225	0.2450980392156861	-0.000624793208	0
845	Iter0846	2	6	2	2	0	0	0.3333333333333333	0.5474747474747487	-5.93496e-07	0
846	Iter0847	8	3	3	0	0	0	0.5625	1.0	-8.386788e-05	0
847	Iter0848	5	5	3	0	0	0	0.25	0.23076923076923125	-2.45173e-05	0
848	Iter0849	3	6	2	3	0	0	0.75	1.0	-1.6818911e-06	0
849	Iter0850	4	3	3	6	0	0	2.6666666666666665	0.6145104895104878	0.0	0
850	Iter0851	10	2	0	3	0	0	14.666666666666664	0.02197802197802187	-0.0006777147	0
851	Iter0852	4	6	4	3	0	0	0.5	0.6371863430686964	-0.000269728494363	0
852	Iter0853	6	4	4	2	0	0	0.75	1.0	-0.000308353	0
853	Iter0854	10	8	1	4	0	0	5.0	0.3167701863354012	-5.7609800000000015e-06	0
854	Iter0855	8	13	8	3	0	0	0.2307692307692308	0.13505182892424905	-9.848022e-08	0
855	Iter0856	2	6	2	0	0	0	0.14285714285714285	0.13333333333333333	-0.00028355110000000003	0
856	Iter0857	5	5	4	4	0	0	1.0	1.0	-3.0599622899999995e-05	0
857	Iter0858	5	9	2	4	0	0	1.1111111111111112	1.0	-0.000275192	0
858	Iter0859	5	4	3	3	0	0	1.25	1.0	-0.0003326394	0
859	Iter0860	2	7	1	4	0	0	1.1428571428571428	1.0	-1.74701e-06	0
860	Iter0861	3	7	5	2	0	0	0.17142857142857146	0.153434800493624	-0.00023929210578	0
861	Iter0862	8	7	3	0	0	0	0.28125	0.2450980392156868	-5.9548039999999996e-05	0
862	Iter0863	3	3	1	0	0	0	0.5	1.0	0.0	0
863	Iter0864	3	9	2	1	0	0	0.16666666666666666	0.24175824175824104	-2.41865e-06	0
864	Iter0865	14	8	4	0	0	0	0.33333333333333337	0.2767892976588637	-0.00119103929395	0
865	Iter0866	6	1	2	2	0	0	6.0	0.4909090909090907	-0.00017842128683	0
866	Iter0867	7	10	1	1	0	0	0.7	1.0	-4.32401e-05	0
867	Iter0868	6	6	2	1	0	0	0.5	1.0	-2.6853099144e-05	0
868	Iter0869	5	12	1	3	0	0	1.2500000000000002	1.0	-0.000220466	0
869	Iter0870	6	7	10	6	0	0	0.5142857142857142	0.4666572065581583	-5.3266800000000005e-06	0
870	Iter0871	8	3	5	2	0	0	1.0666666666666669	1.0	-0.0002227321327	0
871	Iter0872	6	8	6	2	0	0	0.25	0.20433436532507632	-0.00019510564040000003	0
872	Iter0873	7	4	5	4	0	0	1.4	1.0	-0.00019664286000000002	0
873	Iter0874	5	8	2	2	0	0	0.625	1.0	0.0	0
874	Iter0875	8	5	4	4	0	0	1.6	0.6730650154798768	-0.00022020828711	0
875	Iter0876	8	6	3	2	0	0	0.8888888888888888	1.0	-0.0004742412	0
876	Iter0877	7	7	5	1	0	0	0.2	0.32456140350877233	-4.16946e-09	0
877	Iter0878	5	11	3	3	0	0	0.4545454545454545	0.6243550051599616	-0.00040558900000000004	0
878	Iter0879	2	3	3	2	0	0	0.4444444444444444	1.0	-0.000113728	0
879	Iter0880	7	7	2	3	0	0	1.5	1.0	-0.00016837069	0
880	Iter0881	5	2	1	3	0	0	7.5	0.2424242424242428	0.0	0
881	Iter0882	9	7	2	6	0	0	3.8571428571428577	0.21079553102705667	-0.0010085049	0
882	Iter0883	3	3	2	3	0	0	1.5	1.0	-3.18973e-06	0
883	Iter0884	6	5	4	2	0	0	0.6	1.0	-0.000293167	0
884	Iter0885	5	10	7	6	0	0	0.42857142857142855	0.4454486600132027	-0.0006984725849999999	0
885	Iter0886	9	5	2	3	0	0	2.7	0.6026831785345723	-8.471198e-05	0
886	Iter0887	6	9	2	3	0	0	1.0	1.0	-6.151036000000001e-05	0
887	Iter0888	9	12	3	3	0	0	0.75	1.0	-0.000176756749639	0
888	Iter0889	2	8	2	2	0	0	0.25	0.5204795204795203	-5.051702e-06	0
889	Iter0890	4	4	4	1	0	0	0.25	0.5648795648795664	-8.827860000000001e-05	0
890	Iter0891	7	6	2	2	0	0	1.1666666666666667	1.0	-3.00971e-05	0
891	Iter0892	4	6	6	2	0	0	0.2222222222222222	0.18798848210612984	0.0	0
892	Iter0893	6	3	5	1	0	0	0.4	0.6043956043956029	-0.00113232289434	0
893	Iter0894	9	7	2	1	0	0	0.6428571428571429	1.0	-0.0006763698567061699	0
894	Iter0895	5	12	4	2	0	0	0.20833333333333331	0.16163927605575196	-3.564302e-06	0
895	Iter0896	4	8	6	1	0	0	0.08333333333333333	0.05727554179566556	-1.2364e-05	0
896	Iter0897	6	10	1	1	0	0	0.6	1.0	-0.0001419572644977	0
897	Iter0898	7	7	4	2	0	0	0.5	0.6424148606811164	-3.0756200000000005e-08	0
898	Iter0899	7	4	2	3	0	0	2.625	0.5961538461538446	-3.4513557510000005e-05	0
899	Iter0900	6	7	5	2	0	0	0.3428571428571429	0.3742260061919498	-0.0008202927299999999	0
900	Iter0901	2	5	4	2	0	0	0.2	0.2861305361305377	-2.85068e-05	0
901	Iter0902	5	8	7	3	0	0	0.26785714285714285	0.21375689864046188	-0.00014829900719889	0
902	Iter0903	2	5	4	3	0	0	0.30000000000000004	0.5920745920745918	-4.43134e-07	0
903	Iter0904	3	1	3	1	0	0	1.0	1.0	-2.4682680000000002e-05	0
904	Iter0905	10	6	2	0	0	0	0.5238095238095238	0.5294117647058828	-0.00016288939510000002	0
905	Iter0906	8	11	4	1	0	0	0.18181818181818185	0.3167701863354043	-0.00017681490489	0
906	Iter0907	11	6	4	0	0	0	0.3428571428571429	0.2807017543859659	-0.0003198356371	0
907	Iter0908	7	7	1	1	0	0	1.0	1.0	-0.00050524524572	0
908	Iter0909	5	9	4	3	0	0	0.4166666666666667	0.3972136222910222	0.0	0
909	Iter0910	7	8	5	1	0	0	0.175	0.17779743476337911	-2.8520700000000006e-05	0
910	Iter0911	6	12	7	5	0	0	0.35714285714285715	0.26412222460198603	-0.0004965848	0
911	Iter0912	6	7	3	1	0	0	0.2857142857142857	0.5764705882352927	-8.0805664e-05	0
912	Iter0913	9	5	6	0	0	0	0.2380952380952381	0.26044891640867074	-2.48485639041e-05	0
913	Iter0914	10	6	2	0	0	0	0.5238095238095238	0.5294117647058828	-3.4373138670000005e-06	0
914	Iter0915	7	10	4	3	0	0	0.525	0.6591342486651435	-0.00039930000500000004	0
915	Iter0916	6	3	2	6	0	0	6.0	0.1534348004936238	-5.6799099999999996e-05	0
916	Iter0917	5	6	3	0	0	0	0.21428571428571427	0.2087912087912085	-0.00046760085698	0
917	Iter0918	6	3	1	5	0	0	10.0	0.1188811188811186	-0.00025991538804359996	0
918	Iter0919	4	3	7	1	0	0	0.19047619047619047	0.2820512820512816	-0.00012831222999999998	0
919	Iter0920	6	6	3	1	0	0	0.3333333333333333	0.5846153846153823	-0.0005837234219391	0
920	Iter0921	5	3	1	4	0	0	6.666666666666668	0.2657342657342665	-0.000296763959	0
921	Iter0922	10	8	0	1	0	0	2.4444444444444446	0.4736842105263162	-0.0001617631954274	0
922	Iter0923	7	6	7	5	0	0	0.8333333333333335	1.0	-0.0014385350200000003	0
923	Iter0924	4	9	3	2	0	0	0.2962962962962963	0.3259803921568637	-6.704860717135e-05	0
924	Iter0925	10	4	4	0	0	0	0.4400000000000001	0.524183006535951	-0.0003759028012	0
925	Iter0926	4	6	5	3	0	0	0.4	0.6371863430686966	-3.33574e-05	0
926	Iter0927	8	8	1	0	0	0	0.5	1.0	-0.0011021477962306623	0
927	Iter0928	6	4	0	2	0	0	4.2	0.4545454545454557	-0.00010396455831	0
928	Iter0929	5	4	4	1	0	0	0.3125	0.5804195804195778	-2.84744108e-06	0
929	Iter0930	5	5	1	4	0	0	4.0	0.5804195804195791	-1.936942e-06	0
930	Iter0931	11	6	6	0	0	0	0.24489795918367346	0.1438279493199401	0.0	0
931	Iter0932	4	3	5	2	0	0	0.5333333333333333	1.0	-5.7706999999999995e-05	0
932	Iter0933	4	2	5	3	0	0	1.2	1.0	-2.44085e-15	0
933	Iter0934	4	6	4	2	0	0	0.3333333333333333	0.6083916083916083	-0.00019197004999999998	0
934	Iter0935	6	4	1	1	0	0	1.5	1.0	-0.000407340395	0
935	Iter0936	8	9	5	3	0	0	0.5333333333333333	0.6727688787185362	-3.18148e-05	0
936	Iter0937	7	11	7	2	0	0	0.18181818181818185	0.10318840579710198	-0.00010262029	0
937	Iter0938	5	3	2	2	0	0	1.6666666666666667	1.0	-8.18232e-09	0
938	Iter0939	4	4	5	2	0	0	0.4	0.6083916083916073	-1.6578600000000005e-07	0
939	Iter0940	6	9	6	5	0	0	0.5555555555555556	0.6921658365863522	-8.577672000000001e-05	0
940	Iter0941	9	4	1	2	0	0	4.5	0.5178571428571404	-0.00023977739799999997	0
941	Iter0942	7	5	6	2	0	0	0.4666666666666666	0.6424148606811138	-5.1567588000000005e-05	0
942	Iter0943	7	6	4	2	0	0	0.5833333333333334	1.0	-0.00027535722	0
943	Iter0944	6	3	6	6	0	0	2.0	0.6604905929983333	-6.34622e-07	0
944	Iter0945	11	7	2	2	0	0	1.5714285714285714	1.0	-0.0010279009117001	0
945	Iter0946	5	2	2	0	0	0	0.6666666666666666	1.0	-1.04934059e-05	0
946	Iter0947	6	9	3	6	0	0	1.3333333333333333	1.0	-0.000419721	0
947	Iter0948	7	8	3	4	0	0	1.1666666666666667	1.0	-0.0007050133350000001	0
948	Iter0949	4	5	7	2	0	0	0.2285714285714286	0.3348416289592771	-4.12177e-05	0
949	Iter0950	5	4	3	1	0	0	0.4166666666666667	1.0	-0.00107732754976	0
950	Iter0951	8	3	2	4	0	0	5.333333333333333	0.16176470588235325	-7.755364029e-05	0
951	Iter0952	8	7	3	0	0	0	0.28125	0.2450980392156868	-0.00053668503545924	0
952	Iter0953	8	9	7	1	0	0	0.12698412698412698	0.08753900561680919	-0.0020543624658999997	0
953	Iter0954	6	7	4	3	0	0	0.6428571428571429	1.0	-7.277792900000001e-05	0
954	Iter0955	9	7	2	2	0	0	1.2857142857142858	1.0	-0.000437364863	0
955	Iter0956	6	7	5	1	0	0	0.17142857142857146	0.1769865841073273	-9.53508e-08	0
956	Iter0957	5	4	3	3	0	0	1.25	1.0	-1.429029e-05	0
957	Iter0958	8	8	2	1	0	0	0.5	1.0	-1.45356e-06	0
958	Iter0959	6	2	6	1	0	0	0.5	1.0	-0.00058329004894	0
959	Iter0960	3	9	6	0	0	0	0.05714285714285715	0.009049773755656135	-0.00051521915068	0
960	Iter0961	7	7	6	1	0	0	0.16666666666666666	0.17358101135190887	-3.93492e-05	0
961	Iter0962	3	4	6	2	0	0	0.25	0.3146853146853137	0.0	0
962	Iter0963	7	3	3	1	0	0	0.7777777777777778	1.0	-9.470501758000002e-05	0
963	Iter0964	2	1	6	2	0	0	0.6666666666666666	1.0	-6.24936e-07	0
964	Iter0965	6	8	3	0	0	0	0.19444444444444445	0.20588235294117668	0.0	0
965	Iter0966	7	14	4	3	0	0	0.375	0.3808992939427713	-0.000812103	0
966	Iter0967	6	5	7	1	0	0	0.17142857142857146	0.17698658410732676	-0.00018643281742420002	0
967	Iter0968	3	2	2	4	0	0	3.0	0.5670995670995664	0.0	0
968	Iter0969	4	3	2	1	0	0	0.6666666666666666	1.0	-8.51806e-05	0
969	Iter0970	3	4	4	2	0	0	0.375	0.5920745920745949	-1.32791e-08	0
970	Iter0971	3	2	2	1	0	0	0.75	1.0	-0.00013205200000000002	0
971	Iter0972	8	6	2	5	0	0	3.333333333333333	0.36145510835913386	-0.00030392336240000003	0
972	Iter0973	8	8	2	3	0	0	1.5	1.0	-0.0005186685315044	0
973	Iter0974	5	11	2	3	0	0	0.6818181818181819	1.0	-1.604600000876249e-06	0
974	Iter0975	3	5	3	0	0	0	0.16666666666666666	0.1818181818181817	-6.38871e-05	0
975	Iter0976	5	8	4	1	0	0	0.15625	0.2941176470588233	-7.4791778544e-05	0
976	Iter0977	7	4	2	0	0	0	0.5333333333333333	1.0	-0.00028472947	0
977	Iter0978	2	6	3	2	0	0	0.2222222222222222	0.2929292929292936	0.0	0
978	Iter0979	5	7	1	2	0	0	1.4285714285714286	1.0	-2.35526e-18	0
979	Iter0980	7	4	3	1	0	0	0.5833333333333334	1.0	-0.0008397803	0
980	Iter0981	7	10	3	6	0	0	1.4	1.0	-4.8258222999999994e-05	0
981	Iter0982	6	6	4	0	0	0	0.2	0.23351648351648305	-9.492166999999998e-07	0
982	Iter0983	10	14	1	1	0	0	0.7142857142857143	1.0	-0.00030338231849999996	0
983	Iter0984	3	9	4	3	0	0	0.25	0.32608954512979216	-3.2529638000000005e-05	0
984	Iter0985	7	4	3	3	0	0	1.75	0.6436651583710422	-0.0006221143699999999	0
985	Iter0986	9	6	1	3	0	0	4.5	0.3034055727554189	-0.0013591953304096782	0
986	Iter0987	2	3	4	1	0	0	0.16666666666666666	0.5238095238095237	-1.73327e-06	0
987	Iter0988	4	5	7	6	0	0	0.6857142857142857	1.0	-1.38564e-07	0
988	Iter0989	10	5	4	1	0	0	0.5	1.0	-0.00113078815	0
989	Iter0990	9	4	3	3	0	0	2.25	0.6168730650154781	-4.0558609999999996e-05	0
990	Iter0991	5	10	2	3	0	0	0.75	1.0	-3.817514e-05	0
991	Iter0992	7	8	5	1	0	0	0.175	0.17779743476337911	-0.00023192567999999998	0
992	Iter0993	8	7	2	2	0	0	1.1428571428571428	1.0	-0.0005598161	0
993	Iter0994	5	6	4	2	0	0	0.4166666666666667	0.6199095022624437	-0.000906140149795	0
994	Iter0995	7	7	3	1	0	0	0.3333333333333333	0.5882352941176482	-0.0009921651	0
995	Iter0996	7	4	11	1	0	0	0.1590909090909091	0.15495259888852467	-0.001236027191	0
996	Iter0997	9	3	6	5	0	0	2.5	0.4003230582850996	-0.000736632491	0
997	Iter0998	7	9	2	2	0	0	0.7777777777777778	1.0	-0.00044036952999999997	0
998	Iter0999	10	5	1	2	0	0	4.0	0.5281862745098056	-0.00035126612067	0
999	Iter1000	8	5	2	3	0	0	2.4000000000000004	0.6078431372549022	-1.27858e-07	0
