	IterId	dN	dS	pN	pS	bdN	bpN	MkScore	FSPVal	SelCoef	PosSel
0	Iter0001	1	5	7	3	0	0	0.08571428571428573	0.11888111888111895	-1.23905e-08	0
1	Iter0002	3	3	6	4	0	0	0.6666666666666666	1.0	-8.907265128e-05	0
2	Iter0003	3	2	6	3	0	0	0.75	1.0	-0.00015980393	0
3	Iter0004	2	2	6	5	0	0	0.8333333333333334	1.0	-5.66765094e-05	0
4	Iter0005	0	1	6	6	0	0	0.5	1.0	0.0	0
5	Iter0006	1	1	5	3	0	0	0.6	1.0	-2.4302452e-05	0
6	Iter0007	3	3	11	1	0	0	0.09090909090909093	0.08333333333333333	-1.0727097999999999e-05	0
7	Iter0008	6	4	8	1	0	0	0.1875	0.30340557275541835	-9.780571066000001e-05	0
8	Iter0009	2	4	13	1	0	0	0.038461538461538464	0.013931888544891715	-2.5003816e-05	0
9	Iter0010	3	7	6	7	0	0	0.5	0.6692690806299625	-0.00051530179	0
10	Iter0011	5	1	5	2	0	0	2.0	1.0	-0.00017419213600000001	0
11	Iter0012	2	2	8	8	0	0	1.0	1.0	-9.39612e-05	0
12	Iter0013	2	4	6	1	0	0	0.08333333333333333	0.10256410256410263	-0.00033173412	0
13	Iter0014	3	5	6	3	0	0	0.3	0.3469354175236529	-1.320900111546e-05	0
14	Iter0015	1	1	11	0	0	0	0.08333333333333333	0.15384615384615366	-0.00012754700000000002	0
15	Iter0016	2	3	6	3	0	0	0.3333333333333333	0.5804195804195786	-3.08246e-06	0
16	Iter0017	2	3	10	3	0	0	0.2	0.2682072829131645	-4.5773951e-05	0
17	Iter0018	2	2	8	2	0	0	0.25	0.5204795204795203	-7.11346e-05	0
18	Iter0019	3	2	5	3	0	0	0.8999999999999999	1.0	-0.00011456077	0
19	Iter0020	4	6	9	5	0	0	0.3703703703703704	0.4080966482702935	-0.00012652824599999998	0
20	Iter0021	6	1	7	6	0	0	5.1428571428571415	0.3285345717234253	-0.0002042633560031	0
21	Iter0022	5	2	12	1	0	0	0.20833333333333331	0.2701754385964913	-0.0002000025725	0
22	Iter0023	2	0	6	7	0	0	3.4285714285714284	0.4666666666666659	-0.0001791839	0
23	Iter0024	1	2	10	5	0	0	0.25	0.5281862745098066	0.0	0
24	Iter0025	1	4	3	3	0	0	0.25	0.5454545454545456	0.0	0
25	Iter0026	3	3	3	3	0	0	1.0	1.0	-3.78591e-05	0
26	Iter0027	1	3	4	2	0	0	0.16666666666666666	0.5238095238095236	-4.90037e-07	0
27	Iter0028	6	5	9	4	0	0	0.5333333333333333	0.6751749899044311	-0.000580985920016	0
28	Iter0029	1	1	12	5	0	0	0.4166666666666667	1.0	-1.61688e-05	0
29	Iter0030	1	3	5	4	0	0	0.26666666666666666	0.5594405594405606	-9.17269e-08	0
30	Iter0031	4	3	7	1	0	0	0.19047619047619047	0.2820512820512816	-0.00033381829999999993	0
31	Iter0032	2	2	8	4	0	0	0.5	0.604395604395601	-7.914750798999999e-05	0
32	Iter0033	0	0	9	4	0	0	0.5	1.0	0.0	0
33	Iter0034	3	2	15	1	0	0	0.1	0.12781954887218092	-0.0010603156999999998	0
34	Iter0035	2	1	9	3	0	0	0.6666666666666666	1.0	-1.8386e-05	0
35	Iter0036	7	1	6	8	0	0	9.333333333333334	0.07430340557275555	-0.000167257703904	0
36	Iter0037	2	4	9	2	0	0	0.1111111111111111	0.10940530058177136	-4.6080078e-05	0
37	Iter0038	1	8	5	3	0	0	0.075	0.04977375565610851	-4.955519999999999e-10	0
38	Iter0039	4	2	10	3	0	1	0.6	1.0	-0.00037751137	0
39	Iter0040	4	2	5	5	0	0	2.0	0.6328671328671316	-0.000666516913	0
40	Iter0041	3	1	4	4	0	0	3.0	0.5757575757575777	-2.0106302400000002e-08	0
41	Iter0042	4	7	6	2	0	0	0.19047619047619047	0.16980233388902174	-0.000204180668101	0
42	Iter0043	2	1	12	5	0	0	0.8333333333333334	1.0	-6.268773298000001e-05	0
43	Iter0044	3	0	12	3	0	0	1.2307692307692308	1.0	-9.933358300000001e-05	0
44	Iter0045	2	3	6	1	0	0	0.1111111111111111	0.22222222222222265	-0.000133595	0
45	Iter0046	2	5	11	2	0	0	0.07272727272727274	0.022316821465428214	-0.0003824707660000001	0
46	Iter0047	4	3	8	4	0	0	0.6666666666666666	1.0	-6.511788100000001e-06	0
47	Iter0048	1	2	9	5	0	0	0.2777777777777778	0.5367647058823537	-1.41672e-06	0
48	Iter0049	1	5	5	3	0	0	0.12	0.1375291375291378	-6.22481e-12	0
49	Iter0050	5	0	6	12	0	0	11.142857142857144	0.013729977116704728	-0.00022866257026	0
50	Iter0051	4	1	8	2	0	0	1.0	1.0	-9.2531379e-05	0
51	Iter0052	2	4	11	2	0	0	0.09090909090909093	0.046034203154945975	-9.331134937179999e-05	0
52	Iter0053	2	0	4	4	0	0	3.0	0.4666666666666668	-1.9258201e-06	0
53	Iter0054	1	2	5	1	0	0	0.1	0.22619047619047605	-0.0008064810000000001	0
54	Iter0055	4	1	7	5	0	0	2.8571428571428568	0.6000323206205533	-0.000183478684837	0
55	Iter0056	5	6	5	6	0	0	1.0	1.0	-0.00040822993712000006	0
56	Iter0057	1	2	14	6	0	0	0.21428571428571427	0.26877470355731004	-5.265885e-05	0
57	Iter0058	3	4	13	7	0	0	0.40384615384615385	0.391304347826092	-5.8001479e-05	0
58	Iter0059	1	4	8	2	0	0	0.0625	0.0889110889110889	-1.0614e-07	0
59	Iter0060	4	1	4	7	0	0	7.0	0.28205128205128155	-0.000239425	0
60	Iter0061	5	3	7	1	0	0	0.2380952380952381	0.5692307692307681	-0.0004874374300000001	0
61	Iter0062	4	1	8	6	0	0	3.0	0.6026831785345721	-0.0007158753233999999	0
62	Iter0063	4	3	10	5	0	0	0.6666666666666666	1.0	-1.876181415e-07	0
63	Iter0064	2	3	13	4	0	0	0.20512820512820512	0.2743221690590105	-6.797782e-06	0
64	Iter0065	2	4	6	1	0	0	0.08333333333333333	0.10256410256410263	-0.000114692	0
65	Iter0066	1	3	8	6	0	0	0.25	0.5764705882352958	-0.00017360400000000005	0
66	Iter0067	4	2	9	3	0	0	0.6666666666666666	1.0	-0.0004959144	0
67	Iter0068	1	5	5	3	0	0	0.12	0.1375291375291378	-4.69042e-06	0
68	Iter0069	3	0	8	4	0	0	2.2222222222222223	0.5164835164835145	-0.0006286484711	0
69	Iter0070	1	1	8	3	0	0	0.375	1.0	-5.64633e-06	0
70	Iter0071	6	2	6	3	0	0	1.5	1.0	-0.00044987350999999996	0
71	Iter0072	2	2	9	4	0	0	0.4444444444444444	0.5840336134453747	-0.0001198007	0
72	Iter0073	5	7	7	7	0	0	0.7142857142857143	0.7126881141472621	-0.00029627367880000004	0
73	Iter0074	0	2	8	4	0	0	0.1851851851851852	0.16483516483516408	0.0	0
74	Iter0075	2	3	4	1	0	0	0.16666666666666666	0.5238095238095237	-4.27421e-06	0
75	Iter0076	1	4	6	2	0	0	0.08333333333333333	0.10256410256410267	-2.6161400000000005e-06	0
76	Iter0077	2	1	3	2	0	0	1.3333333333333333	1.0	-9.778480000000001e-05	0
77	Iter0078	0	0	6	2	0	0	0.42857142857142855	1.0	0.0	0
78	Iter0079	1	2	7	6	0	0	0.42857142857142855	1.0	-5.368229999999998e-13	0
79	Iter0080	3	4	8	7	0	0	0.65625	1.0	-9.639186790001527e-06	0
80	Iter0081	4	3	5	2	0	0	0.5333333333333333	1.0	-0.00021351088999999997	0
81	Iter0082	2	3	9	2	0	0	0.14814814814814814	0.2445054945054945	-1.1765089880999999e-07	0
82	Iter0083	1	3	13	4	0	0	0.10256410256410256	0.08771929824561492	-1.71662e-08	0
83	Iter0084	1	4	4	2	0	0	0.125	0.2424242424242421	-0.00141546	0
84	Iter0085	7	3	7	2	0	0	0.6666666666666667	1.0	-0.0020110581285699997	0
85	Iter0086	2	3	9	3	0	0	0.2222222222222222	0.28005817711699943	-7.762220199999999e-05	0
86	Iter0087	3	1	6	1	0	0	0.5	1.0	-0.0002794804087	0
87	Iter0088	3	1	6	3	0	0	1.5	1.0	-2.53309434262e-05	0
88	Iter0089	1	3	7	4	0	0	0.19047619047619047	0.2820512820512819	-6.05944e-05	0
89	Iter0090	3	8	6	3	0	0	0.1875	0.17480352464872545	-4.6672800000000005e-06	0
90	Iter0091	1	1	9	4	0	0	0.4444444444444444	1.0	-6.54125e-05	0
91	Iter0092	2	2	7	5	0	0	0.7142857142857143	1.0	-2.6456612e-05	0
92	Iter0093	1	2	6	4	0	0	0.3333333333333333	0.5594405594405605	-1.48728e-05	0
93	Iter0094	4	3	6	6	0	0	1.3333333333333333	1.0	-0.0005414238	0
94	Iter0095	3	4	6	5	0	0	0.625	1.0	-7.523684755e-05	0
95	Iter0096	4	1	5	2	0	0	1.6	1.0	-0.00013949441968810002	0
96	Iter0097	2	4	10	3	0	0	0.15	0.12874097007223875	-0.0006301909999999999	0
97	Iter0098	2	0	4	3	0	0	2.4	0.5000000000000007	-1.58732e-06	0
98	Iter0099	3	2	3	5	0	0	2.5	0.5920745920745939	-0.00020925071499999998	0
99	Iter0100	4	2	5	2	0	0	0.8	1.0	-5.787239745500001e-05	0
100	Iter0101	2	1	5	3	0	0	1.2	1.0	-0.0003979581	0
101	Iter0102	1	1	5	6	0	0	1.2	1.0	-2.67816e-05	0
102	Iter0103	1	2	5	0	0	0	0.1111111111111111	0.10714285714285704	-4.465e-13	0
103	Iter0104	7	3	8	3	0	0	0.8750000000000001	1.0	-0.000719306814922	0
104	Iter0105	1	2	8	2	0	0	0.125	0.2027972027972029	-1.42324e-11	0
105	Iter0106	4	2	4	2	0	0	1.0	1.0	-0.0002969043071	0
106	Iter0107	1	3	12	4	0	0	0.1111111111111111	0.10113519091847296	-0.000328561	0
107	Iter0108	4	3	7	3	0	0	0.5714285714285714	0.6436651583710411	-0.0002033922693	0
108	Iter0109	7	1	7	3	0	0	3.0	0.5882352941176499	-0.0006830537769999999	0
109	Iter0110	1	0	7	1	0	0	0.5	1.0	-5.631520000000001e-05	0
110	Iter0111	2	0	10	2	0	0	0.8181818181818182	1.0	-0.000158708382	0
111	Iter0112	3	2	9	3	0	0	0.5	0.6000323206205526	-0.0005185055768999999	0
112	Iter0113	6	1	6	2	0	0	2.0	1.0	-0.000202570655	0
113	Iter0114	3	2	2	1	0	0	0.75	1.0	-0.0009967205	0
114	Iter0115	2	2	13	3	0	0	0.2307692307692308	0.2487100103199188	-2.50496731e-05	0
115	Iter0116	2	4	11	1	0	0	0.045454545454545456	0.021708683473389275	-0.0003517648	0
116	Iter0117	3	0	7	1	0	0	1.0	1.0	-0.000101828158	0
117	Iter0118	4	2	13	3	0	0	0.4615384615384616	0.5853269537480075	-1.3332523329999999e-05	0
118	Iter0119	0	4	3	3	0	0	0.2	0.20000000000000012	0.0	0
119	Iter0120	3	2	6	5	0	0	1.25	1.0	-6.407492618056999e-05	0
120	Iter0121	3	4	5	6	0	0	0.8999999999999999	1.0	-0.00021975096000000001	0
121	Iter0122	5	1	6	1	0	0	0.8333333333333334	1.0	-0.0002272539506	0
122	Iter0123	2	5	13	4	0	0	0.12307692307692307	0.06056272103182875	-1.90439e-05	0
123	Iter0124	3	1	8	2	0	0	0.75	1.0	-0.0005999824	0
124	Iter0125	2	4	9	6	0	0	0.3333333333333333	0.3614551083591335	-7.177280000000002e-06	0
125	Iter0126	3	3	8	1	0	0	0.125	0.2351648351648344	-0.00011067144299999999	0
126	Iter0127	3	1	9	5	0	0	1.6666666666666663	1.0	-0.00091531039	0
127	Iter0128	4	3	9	1	0	0	0.14814814814814814	0.2499999999999993	-0.0003197590516	0
128	Iter0129	2	4	15	2	0	0	0.06666666666666668	0.02122896173239419	-2.2252831097e-05	0
129	Iter0130	4	2	9	3	0	0	0.6666666666666666	1.0	-0.00018292437600000001	0
130	Iter0131	2	2	8	5	0	0	0.625	1.0	-0.0006717013999999999	0
131	Iter0132	4	4	6	3	0	0	0.5	0.6371863430686968	-0.0011225705068279	0
132	Iter0133	1	3	6	4	0	0	0.2222222222222222	0.5594405594405611	-1.69725e-05	0
133	Iter0134	7	2	8	5	0	0	2.1875	0.6478328173374585	-0.00020048268614999997	0
134	Iter0135	1	2	6	7	0	0	0.5833333333333334	1.0	-0.000154097	0
135	Iter0136	2	2	3	4	0	0	1.3333333333333333	1.0	-0.001009110332663	0
136	Iter0137	6	6	12	4	0	0	0.3333333333333333	0.24254113544731226	-1.3261509146e-05	0
137	Iter0138	6	3	3	7	0	0	4.666666666666667	0.17889540799757514	-0.0003668010005620001	0
138	Iter0139	7	6	6	4	0	0	0.7777777777777778	1.0	-0.00083130997946	0
139	Iter0140	2	1	8	5	0	0	1.25	1.0	-7.305579999999999e-07	0
140	Iter0141	2	1	6	4	0	0	1.3333333333333333	1.0	-0.000159945	0
141	Iter0142	3	2	7	3	0	0	0.6428571428571428	1.0	-1.5103856909999998e-05	0
142	Iter0143	1	2	6	5	0	0	0.4166666666666667	1.0	-2.61264e-06	0
143	Iter0144	4	1	7	4	0	0	2.2857142857142856	1.0	-0.00030775771999999997	0
144	Iter0145	4	2	4	3	0	0	1.5	1.0	-0.0007685677879999999	0
145	Iter0146	2	2	7	2	0	0	0.2857142857142857	0.53006993006993	-0.0003067384679	0
146	Iter0147	2	1	10	5	0	0	1.0	1.0	-0.00013616465969999998	0
147	Iter0148	3	2	11	2	0	0	0.2727272727272727	0.5326797385620923	-6.0708800667999995e-05	0
148	Iter0149	1	1	7	5	0	0	0.7142857142857143	1.0	-5.4230900000000006e-09	0
149	Iter0150	1	4	10	4	0	0	0.1	0.11076711386308892	-1.33075e-11	0
150	Iter0151	4	3	4	3	0	0	1.0	1.0	-0.001950291000239025	0
151	Iter0152	2	2	9	7	0	0	0.7777777777777777	1.0	-0.00026479030434	0
152	Iter0153	1	3	8	5	0	0	0.2083333333333333	0.2941176470588228	-0.000148817	0
153	Iter0154	3	5	7	3	0	0	0.2571428571428571	0.34156040038393043	-0.000133409063	0
154	Iter0155	3	2	5	5	0	0	1.5	1.0	-0.00020567760000000002	0
155	Iter0156	3	1	7	4	0	0	1.7142857142857142	1.0	-0.0006760443999999999	0
156	Iter0157	4	3	7	2	0	0	0.3809523809523809	0.5961538461538444	-9.490198631e-05	0
157	Iter0158	1	4	11	2	0	0	0.045454545454545456	0.021708683473389348	-9.88705e-05	0
158	Iter0159	1	2	5	0	0	0	0.1111111111111111	0.10714285714285704	-1.15499e-07	0
159	Iter0160	2	0	9	6	0	0	2.1	0.5147058823529396	-0.0002525602976	0
160	Iter0161	4	2	10	1	0	0	0.2	0.514705882352942	-0.0011643363272999998	0
161	Iter0162	4	0	5	3	0	0	3.333333333333333	0.4909090909090915	-3.0915080000000004e-05	0
162	Iter0163	1	3	11	1	0	0	0.0303030303030303	0.02692307692307675	-0.000354987	0
163	Iter0164	4	4	14	5	0	1	0.35714285714285715	0.3747886895713004	-0.0006766914516	0
164	Iter0165	2	2	8	6	0	0	0.75	1.0	-2.01216679e-05	0
165	Iter0166	3	3	10	5	0	0	0.5	0.6310629514963866	-0.0001971991	0
166	Iter0167	4	3	6	2	0	0	0.4444444444444444	0.6083916083916068	-4.1038679058e-05	0
167	Iter0168	4	4	6	1	0	0	0.16666666666666666	0.28205128205128144	-0.0005102594825900001	0
168	Iter0169	4	2	8	2	0	0	0.5	0.6043956043956026	-0.0007582487334059999	0
169	Iter0170	4	1	5	3	0	0	2.4	1.0	-0.0010918197473	0
170	Iter0171	4	1	8	5	0	0	2.5	0.6148459383753485	-0.00075316882	0
171	Iter0172	3	1	6	5	0	0	2.5	0.6043956043956045	-1.4076373499999999e-05	0
172	Iter0173	1	3	13	4	0	0	0.10256410256410256	0.08771929824561492	0.0	0
173	Iter0174	0	2	6	5	0	0	0.2857142857142857	0.4615384615384627	0.0	0
174	Iter0175	1	3	6	6	0	0	0.3333333333333333	0.5846153846153823	-3.2980199999999995e-10	0
175	Iter0176	2	3	7	4	0	0	0.3809523809523809	0.5961538461538449	-1.294972e-05	0
176	Iter0177	1	5	8	4	0	0	0.1	0.13122171945701352	-2.74339e-05	0
177	Iter0178	2	5	6	6	0	0	0.4	0.6332460109549884	-3.207852e-05	0
178	Iter0179	2	4	9	3	0	0	0.16666666666666666	0.14140271493212714	-8.775482399999999e-09	0
179	Iter0180	1	2	6	5	0	0	0.4166666666666667	1.0	0.0	0
180	Iter0181	5	2	3	3	0	0	2.5	0.5920745920745939	-0.0005323969554712801	0
181	Iter0182	2	3	7	4	0	0	0.3809523809523809	0.5961538461538449	-7.4136663e-05	0
182	Iter0183	3	2	8	8	0	0	1.5	1.0	-0.0002307782	0
183	Iter0184	0	2	7	1	0	0	0.08333333333333333	0.06666666666666664	0.0	0
184	Iter0185	2	5	3	5	0	0	0.6666666666666667	1.0	-2.89492e-05	0
185	Iter0186	4	3	5	4	0	0	1.0666666666666669	1.0	-9.48818565e-05	0
186	Iter0187	3	0	11	4	0	0	1.6666666666666667	1.0	-0.0001356212	0
187	Iter0188	6	1	3	2	0	0	4.0	0.5227272727272729	-8.335592748199999e-05	0
188	Iter0189	1	3	2	3	0	0	0.5	1.0	-2.38206e-09	0
189	Iter0190	1	3	9	7	0	0	0.25925925925925924	0.5820433436532512	-7.00413e-08	0
190	Iter0191	2	0	6	3	0	0	1.7142857142857142	1.0	-4.1553674e-06	0
191	Iter0192	3	2	8	4	0	0	0.75	1.0	-9.83972e-05	0
192	Iter0193	3	4	7	1	0	0	0.10714285714285714	0.11888111888111852	-0.000326244515339	0
193	Iter0194	3	3	12	4	0	0	0.3333333333333333	0.3340838727835651	-0.00023830599999999998	0
194	Iter0195	0	0	5	4	0	0	0.8333333333333334	1.0	-2.53248e-07	0
195	Iter0196	4	2	6	6	0	0	2.0	0.6380090497737558	-0.000165467122	0
196	Iter0197	4	5	8	0	0	0	0.0925925925925926	0.029411764705882214	-0.0001412842	0
197	Iter0198	3	0	4	2	0	0	2.4	0.5000000000000007	-9.421109980000001e-05	0
198	Iter0199	3	4	7	4	0	0	0.42857142857142855	0.6304675716440441	-6.135622475e-05	0
199	Iter0200	1	1	6	2	0	0	0.3333333333333333	1.0	-2.03117e-07	0
200	Iter0201	2	3	8	3	0	0	0.25	0.2994505494505492	-9.8574716449e-05	0
201	Iter0202	1	3	5	5	0	0	0.3333333333333333	0.5804195804195819	-1.08749e-06	0
202	Iter0203	1	4	8	5	0	0	0.15625	0.2941176470588229	-3.09865e-05	0
203	Iter0204	3	3	6	1	0	0	0.16666666666666666	0.26573426573426634	-0.0001924222	0
204	Iter0205	1	1	4	4	0	0	1.0	1.0	-9.81046e-06	0
205	Iter0206	1	0	9	1	0	0	0.4	1.0	-6.35935e-12	0
206	Iter0207	2	3	9	2	0	0	0.14814814814814814	0.2445054945054945	-2.6359400000000003e-06	0
207	Iter0208	1	2	7	5	0	0	0.35714285714285715	0.5692307692307683	-2.1147600000000003e-09	0
208	Iter0209	2	3	4	4	0	0	0.6666666666666666	1.0	-0.000616034	0
209	Iter0210	5	4	13	3	0	0	0.2884615384615385	0.20490950696900467	-2.2296180000000004e-05	0
210	Iter0211	2	6	9	0	0	0	0.042857142857142864	0.002262443438914018	-5.038431000000001e-05	0
211	Iter0212	4	3	3	4	0	0	1.7777777777777777	1.0	-0.000302339032703	0
212	Iter0213	1	5	9	5	0	0	0.11111111111111112	0.1408668730650156	-5.1847e-07	0
213	Iter0214	1	2	2	4	0	0	1.0	1.0	-3.45995e-11	0
214	Iter0215	5	0	9	3	0	0	2.4	0.5147058823529412	-0.0007468893728134	0
215	Iter0216	0	0	14	3	0	0	0.26666666666666666	1.0	0.0	0
216	Iter0217	2	4	4	4	0	0	0.5	0.6270396270396283	-0.000329733	0
217	Iter0218	2	5	9	1	0	0	0.04444444444444445	0.034502262443438965	-1.400901e-05	0
218	Iter0219	3	1	4	2	0	0	1.5	1.0	-9.619079762673e-05	0
219	Iter0220	5	2	6	2	0	0	0.8333333333333334	1.0	-3.9760056000000005e-05	0
220	Iter0221	7	4	5	3	0	0	1.05	1.0	-0.0007768993850000001	0
221	Iter0222	2	7	7	0	0	0	0.046875	0.003234265734265722	-4.03906e-05	0
222	Iter0223	3	1	6	1	0	0	0.5	1.0	-0.000343301	0
223	Iter0224	3	2	5	5	0	0	1.5	1.0	-0.000316870779	0
224	Iter0225	2	5	4	2	0	0	0.2	0.2861305361305377	-0.000504975	0
225	Iter0226	2	2	8	6	0	0	0.75	1.0	-2.2791089e-06	0
226	Iter0227	2	0	7	1	0	0	0.75	1.0	-5.1813293e-05	0
227	Iter0228	1	3	8	3	0	0	0.125	0.23516483516483486	-2.70588e-10	0
228	Iter0229	2	4	1	2	0	0	1.0	1.0	-4.873739999999999e-09	0
229	Iter0230	1	4	5	2	0	0	0.1	0.2424242424242426	-0.000176194	0
230	Iter0231	1	2	7	3	0	0	0.21428571428571427	0.5104895104895115	0.0	0
231	Iter0232	2	1	6	8	0	0	2.6666666666666665	0.5764705882352942	-0.00043604319999999996	0
232	Iter0233	1	2	8	5	0	0	0.3125	0.5499999999999977	-0.000235874	0
233	Iter0234	6	2	5	4	0	0	2.4	0.6199095022624448	-0.0009528990179900001	0
234	Iter0235	0	3	6	5	0	0	0.21428571428571427	0.2087912087912085	-1.17109e-05	0
235	Iter0236	5	2	5	6	0	0	3.0	0.3665158371040737	-0.000920801561	0
236	Iter0237	3	0	10	9	0	0	3.636363636363636	0.24025974025973984	-4.12643e-05	0
237	Iter0238	1	1	3	7	0	0	2.333333333333333	1.0	-1.44888e-10	0
238	Iter0239	3	2	8	2	0	0	0.375	0.5604395604395591	-0.0005090787978999999	0
239	Iter0240	4	3	4	4	0	0	1.3333333333333333	1.0	-0.0001406525986024	0
240	Iter0241	4	4	6	4	0	0	0.6666666666666666	1.0	-0.0005075078	0
241	Iter0242	3	3	7	1	0	0	0.14285714285714285	0.2447552447552448	-0.0002321623623	0
242	Iter0243	2	4	8	5	0	0	0.3125	0.3498452012383894	-0.000113617	0
243	Iter0244	3	4	10	5	0	0	0.375	0.3761609907120742	-6.543211688e-07	0
244	Iter0245	5	4	9	3	0	0	0.4166666666666667	0.3972136222910224	-0.0005532362	0
245	Iter0246	3	5	5	1	0	0	0.12	0.13752913752913742	-0.001273434581	0
246	Iter0247	1	5	9	4	0	0	0.08888888888888889	0.057275541795665526	-0.000363092	0
247	Iter0248	1	3	3	1	0	0	0.1111111111111111	0.4857142857142854	-9.77694e-05	0
248	Iter0249	2	3	11	0	0	0	0.0625	0.017857142857142787	-7.46290145e-09	0
249	Iter0250	2	3	10	9	0	0	0.6	1.0	-1.6110110281e-05	0
250	Iter0251	2	1	3	3	0	0	2.0	1.0	-6.91782e-05	0
251	Iter0252	2	3	14	0	0	0	0.05	0.010319917440660466	-1.0399e-11	0
252	Iter0253	3	1	6	1	0	0	0.5	1.0	-6.579211e-05	0
253	Iter0254	3	1	7	5	0	0	2.142857142857143	1.0	-0.0004709184100000001	0
254	Iter0255	1	4	11	1	0	0	0.022727272727272728	0.009857789269553904	-4.1026099999999985e-08	0
255	Iter0256	5	3	5	1	0	0	0.33333333333333337	0.5804195804195811	-0.0016314039	0
256	Iter0257	2	2	2	3	0	0	1.5	1.0	-0.000664014	0
257	Iter0258	4	3	5	4	0	0	1.0666666666666669	1.0	-0.0002790475582	0
258	Iter0259	1	3	6	6	0	0	0.3333333333333333	0.5846153846153823	-4.130720000000001e-09	0
259	Iter0260	3	1	7	3	0	0	1.2857142857142856	1.0	-1.064780632e-06	0
260	Iter0261	0	4	9	1	0	0	0.04	0.004995004995004983	0.0	0
261	Iter0262	4	4	6	4	0	0	0.6666666666666666	1.0	-0.001083233838	0
262	Iter0263	2	2	10	1	0	0	0.1	0.15384615384615288	-0.0001737498	0
263	Iter0264	3	5	7	5	0	0	0.4285714285714286	0.6499166468206725	-0.0004043004090579258	0
264	Iter0265	0	0	2	3	0	0	1.3333333333333333	1.0	0.0	0
265	Iter0266	3	0	8	3	0	0	1.7777777777777777	1.0	-0.0007627150270000001	0
266	Iter0267	3	3	3	4	0	0	1.3333333333333333	1.0	-4.4404164849999994e-05	0
267	Iter0268	2	1	6	6	0	0	2.0	1.0	-0.000907484127	0
268	Iter0269	2	1	5	8	0	0	3.2	0.5499999999999977	-4.8405724e-05	0
269	Iter0270	2	1	7	6	0	0	1.7142857142857142	1.0	-0.000757342	0
270	Iter0271	0	3	9	4	0	0	0.125	0.062499999999999875	0.0	0
271	Iter0272	2	2	4	5	0	0	1.25	1.0	-4.454982e-05	0
272	Iter0273	3	2	9	4	0	0	0.6666666666666666	1.0	-0.0002761513	0
273	Iter0274	1	3	1	1	0	0	0.3333333333333333	1.0	-0.0003727680000000001	0
274	Iter0275	4	6	6	5	0	0	0.5555555555555556	0.6699214098594914	-0.00029351153	0
275	Iter0276	2	1	6	6	0	0	2.0	1.0	-7.13825e-05	0
276	Iter0277	4	0	6	6	0	0	5.0	0.23351648351648305	-0.0010019698066679999	0
277	Iter0278	3	2	3	6	0	0	3.0	0.5804195804195786	-2.6269322199999998e-06	0
278	Iter0279	5	3	8	5	0	0	1.0416666666666667	1.0	-5.6255737415682e-05	0
279	Iter0280	2	5	3	4	0	0	0.5333333333333333	1.0	-0.00075712	0
280	Iter0281	2	1	9	3	0	0	0.6666666666666666	1.0	-2.317080000033243e-05	0
281	Iter0282	2	1	6	4	0	0	1.3333333333333333	1.0	-4.3346350213600004e-05	0
282	Iter0283	3	5	13	3	0	0	0.13846153846153847	0.06488223193028726	-2.08085e-05	0
283	Iter0284	1	1	8	4	0	0	0.5	1.0	-9.01553e-07	0
284	Iter0285	1	1	5	1	0	0	0.2	0.464285714285714	-3.15073e-07	0
285	Iter0286	0	2	5	6	0	0	0.3888888888888889	0.4871794871794881	0.0	0
286	Iter0287	3	3	6	5	0	0	0.8333333333333334	1.0	-0.00126136	0
287	Iter0288	4	2	9	3	0	0	0.6666666666666666	1.0	-0.000199245846	0
288	Iter0289	3	1	3	5	0	0	5.0	0.5454545454545471	-4.1353656382e-05	0
289	Iter0290	0	1	14	4	0	0	0.16666666666666666	0.2631578947368405	0.0	0
290	Iter0291	1	1	9	1	0	0	0.1111111111111111	0.3181818181818192	-8.2258e-05	0
291	Iter0292	5	1	6	2	0	0	1.6666666666666667	1.0	-0.00016206183599999999	0
292	Iter0293	3	2	5	2	0	0	0.6	1.0	-1.369505734e-05	0
293	Iter0294	1	1	3	4	0	0	1.3333333333333333	1.0	-8.162660000000001e-06	0
294	Iter0295	4	5	6	4	0	0	0.5333333333333333	0.6562817986966594	-0.000230529160255	0
295	Iter0296	1	2	9	1	0	0	0.05555555555555555	0.10839160839160847	-8.17847e-05	0
296	Iter0297	1	4	6	3	0	0	0.125	0.2657342657342652	-0.000658597	0
297	Iter0298	0	2	9	2	0	0	0.1	0.0769230769230771	0.0	0
298	Iter0299	2	3	6	2	0	0	0.2222222222222222	0.2929292929292933	-0.0005295419999999999	0
299	Iter0300	2	1	15	6	0	0	0.8	1.0	-1.981164576e-05	0
300	Iter0301	4	5	3	2	0	0	0.5333333333333333	1.0	-8.367600267999998e-05	0
301	Iter0302	2	3	4	4	0	0	0.6666666666666666	1.0	-0.00017463194549999998	0
302	Iter0303	7	4	9	3	0	0	0.5833333333333334	0.6668461434917203	-0.00033026585100000007	0
303	Iter0304	7	2	5	3	0	0	2.1	0.6199095022624409	-0.0004767216729	0
304	Iter0305	6	2	3	2	0	0	2.0	1.0	-2.4127950927e-05	0
305	Iter0306	4	2	7	3	0	0	0.8571428571428571	1.0	-0.00019746613700000003	0
306	Iter0307	3	4	5	4	0	0	0.6	1.0	-5.5857142e-06	0
307	Iter0308	3	2	7	5	0	0	1.0714285714285714	1.0	-0.0004655124	0
308	Iter0309	1	2	10	2	0	0	0.1	0.1538461538461539	-3.82854e-12	0
309	Iter0310	0	1	5	4	0	0	0.4166666666666667	1.0	0.0	0
310	Iter0311	5	3	8	6	0	0	1.2500000000000002	1.0	-0.0007734294	0
311	Iter0312	1	2	11	5	0	0	0.2272727272727273	0.5232198142414874	-8.640000000000001e-05	0
312	Iter0313	4	2	7	2	0	0	0.5714285714285714	1.0	-0.000113078992	0
313	Iter0314	4	1	7	0	0	0	0.3125	0.4166666666666672	-1.944822363e-05	0
314	Iter0315	2	0	7	2	0	0	1.125	1.0	-0.00048129490000000004	0
315	Iter0316	1	5	5	4	0	0	0.16	0.2867132867132862	-5.33448e-06	0
316	Iter0317	5	3	6	3	0	0	0.8333333333333334	1.0	-0.0003865947111	0
317	Iter0318	1	2	7	5	0	0	0.35714285714285715	0.5692307692307683	-0.00039944	0
318	Iter0319	4	5	7	4	0	0	0.4571428571428572	0.6534174803524647	-0.0008760589123727	0
319	Iter0320	1	4	11	2	0	0	0.045454545454545456	0.021708683473389348	-4.00103e-09	0
320	Iter0321	6	3	9	3	0	0	0.6666666666666666	1.0	-0.00019467856700000003	0
321	Iter0322	3	0	1	4	0	0	10.0	0.14285714285714265	-3.5579596e-05	0
322	Iter0323	1	3	8	2	0	0	0.08333333333333333	0.09490509490509473	-6.04808e-06	0
323	Iter0324	2	1	4	1	0	0	0.5	1.0	-2.856038e-05	0
324	Iter0325	1	2	8	0	0	0	0.07407407407407407	0.05454545454545436	-1.92509e-06	0
325	Iter0326	1	6	10	3	0	0	0.05	0.016640866873065013	-1.48383e-05	0
326	Iter0327	3	4	9	2	0	0	0.16666666666666666	0.14140271493212675	-0.00038842705000035103	0
327	Iter0328	5	1	4	3	0	0	3.75	0.5594405594405606	-0.0005441480485	0
328	Iter0329	3	3	5	4	0	0	0.8	1.0	-9.3294787e-05	0
329	Iter0330	4	2	7	1	0	0	0.2857142857142857	0.5384615384615387	-0.00068017877	0
330	Iter0331	4	3	10	4	0	0	0.5333333333333333	0.638441692466463	-0.000455344418	0
331	Iter0332	1	0	6	3	0	0	1.1428571428571428	1.0	-1.13867e-05	0
332	Iter0333	1	2	5	1	0	0	0.1	0.22619047619047605	0.0	0
333	Iter0334	3	1	4	2	0	0	1.5	1.0	-0.0008873452000000001	0
334	Iter0335	6	1	14	3	0	0	1.2857142857142856	1.0	-0.00106566648	0
335	Iter0336	2	5	10	3	0	0	0.12	0.062332301341588875	-0.0013621220000000001	0
336	Iter0337	2	0	5	1	0	0	1.0	1.0	-4.307722e-05	0
337	Iter0338	1	0	11	7	0	0	1.3333333333333333	1.0	0.0	0
338	Iter0339	3	5	6	2	0	0	0.2	0.3146853146853145	-0.000651827738	0
339	Iter0340	2	3	5	5	0	0	0.6666666666666666	1.0	-9.376633178e-05	0
340	Iter0341	4	5	2	2	0	0	0.8	1.0	-0.0006408060310999999	0
341	Iter0342	4	4	6	5	0	0	0.8333333333333334	1.0	-0.001364206816	0
342	Iter0343	3	4	3	5	0	0	1.25	1.0	-2.328170704e-05	0
343	Iter0344	3	3	8	3	0	0	0.375	0.6000323206205559	-0.0006369228238	0
344	Iter0345	5	8	8	3	0	0	0.234375	0.1228006076572504	-0.00011926083938010301	0
345	Iter0346	4	2	5	4	0	0	1.6	1.0	-0.00063265143191	0
346	Iter0347	3	5	9	3	0	0	0.2	0.16746844486782547	-5.188164744000001e-06	0
347	Iter0348	3	2	13	3	0	0	0.3461538461538462	0.5528035775713813	-2.296745e-05	0
348	Iter0349	3	3	3	4	0	0	1.3333333333333333	1.0	-0.00014952707	0
349	Iter0350	2	2	13	4	0	0	0.3076923076923077	0.5438596491228077	-0.000491540657	0
350	Iter0351	2	3	11	5	0	0	0.303030303030303	0.3253722541648241	-0.0001874097	0
351	Iter0352	4	3	5	3	0	0	0.7999999999999999	1.0	-0.00011643374399999998	0
352	Iter0353	4	4	7	4	0	0	0.5714285714285714	0.6576962768913246	-2.576139085e-07	0
353	Iter0354	1	2	5	4	0	0	0.4	1.0	-4.49604e-05	0
354	Iter0355	5	3	7	2	0	0	0.4761904761904762	0.6199095022624421	-0.00034389654724999993	0
355	Iter0356	6	1	7	4	0	0	3.4285714285714284	0.5955882352941178	-0.0002805053888	0
356	Iter0357	3	5	8	3	0	0	0.225	0.1809160911328097	-0.000571023600438632	0
357	Iter0358	3	6	6	2	0	0	0.16666666666666666	0.1534348004936238	-0.00037438145242	0
358	Iter0359	1	0	8	3	0	0	0.8888888888888888	1.0	-8.121039999999998e-14	0
359	Iter0360	3	5	7	5	0	0	0.4285714285714286	0.6499166468206725	-0.0007915471236	0
360	Iter0361	1	4	8	2	0	0	0.0625	0.0889110889110889	0.0	0
361	Iter0362	1	2	7	1	0	0	0.07142857142857142	0.15151515151515138	-3.5024600000000003e-05	0
362	Iter0363	2	0	9	5	0	0	1.7999999999999998	1.0	-7.444495e-05	0
363	Iter0364	1	4	1	4	0	0	1.0	1.0	-1.10649e-06	0
364	Iter0365	4	4	3	3	0	0	1.0	1.0	-0.00040517307964	0
365	Iter0366	2	3	9	7	0	0	0.5185185185185185	0.6351172047766488	-0.00042632678	0
366	Iter0367	6	3	7	2	0	0	0.5714285714285714	1.0	-0.0001546788676331	0
367	Iter0368	7	2	11	4	0	0	1.2727272727272727	1.0	-8.037275404e-05	0
368	Iter0369	1	2	8	2	0	0	0.125	0.2027972027972029	-1.41084e-05	0
369	Iter0370	5	2	9	2	0	1	0.5555555555555556	1.0	-0.001009283567	0
370	Iter0371	2	3	10	6	0	0	0.4	0.6107916850950939	-5.4619421675e-05	0
371	Iter0372	2	0	6	2	0	0	1.2857142857142856	1.0	-0.000734263	0
372	Iter0373	5	3	6	1	0	0	0.2777777777777778	0.5692307692307679	-0.00025209542399999996	0
373	Iter0374	0	2	9	7	0	0	0.26666666666666666	0.4705882352941198	0.0	0
374	Iter0375	3	2	5	4	0	0	1.2	1.0	-0.0008008239000000001	0
375	Iter0376	2	3	7	0	0	0	0.09375	0.045454545454545525	-2.121965e-05	0
376	Iter0377	5	2	6	0	0	0	0.2857142857142857	0.4615384615384629	-3.5386071e-05	0
377	Iter0378	2	4	4	3	0	0	0.375	0.592074592074594	-4.6864162e-06	0
378	Iter0379	2	1	1	4	0	0	8.0	0.4642857142857138	-1.4904595e-06	0
379	Iter0380	1	1	9	1	0	0	0.1111111111111111	0.3181818181818192	0.0	0
380	Iter0381	1	5	9	0	0	0	0.03333333333333333	0.0019980019980019984	-1.93939e-05	0
381	Iter0382	2	7	7	6	0	0	0.24489795918367346	0.20309597523219625	-0.00016763260834	0
382	Iter0383	5	5	7	3	0	0	0.42857142857142855	0.6499166468206703	-0.00012255918478999998	0
383	Iter0384	6	5	10	2	0	0	0.24	0.1930273253466139	-0.00081752110556	0
384	Iter0385	2	4	11	4	0	0	0.18181818181818185	0.14617425917735505	-0.0008504578899999999	0
385	Iter0386	5	2	9	3	0	0	0.8333333333333334	1.0	-0.0014666587132999998	0
386	Iter0387	5	10	9	2	0	0	0.1111111111111111	0.0214160721496838	-6.218112287408999e-05	0
387	Iter0388	1	2	7	2	0	0	0.14285714285714285	0.2363636363636364	-0.000159037	0
388	Iter0389	2	1	3	4	0	0	2.6666666666666665	1.0	-8.082429999999999e-05	0
389	Iter0390	3	2	8	3	0	0	0.5625	1.0	-0.0012805200159604977	0
390	Iter0391	2	0	9	5	0	0	1.7999999999999998	1.0	-4.466641e-07	0
391	Iter0392	2	4	6	5	0	0	0.4166666666666667	0.6199095022624437	-1.9980733e-05	0
392	Iter0393	3	3	9	3	0	0	0.3333333333333333	0.3440530058177112	-0.0006894737000120253	0
393	Iter0394	3	6	3	3	0	0	0.5	0.6223776223776207	-3.9320467e-05	0
394	Iter0395	0	1	9	1	0	0	0.1	0.18181818181818185	0.0	0
395	Iter0396	4	3	1	2	0	0	2.6666666666666665	1.0	-0.00010138564434000001	0
396	Iter0397	4	6	7	4	0	0	0.3809523809523809	0.39485591807573217	-0.00041298259682999997	0
397	Iter0398	3	1	2	2	0	0	3.0	1.0	-2.6119854048e-05	0
398	Iter0399	1	4	4	4	0	0	0.25	0.5648795648795657	-0.0004121728964	0
399	Iter0400	1	3	9	3	0	0	0.1111111111111111	0.11813186813186785	-0.0006923639999999999	0
400	Iter0401	4	1	8	3	0	0	1.5	1.0	-0.0002340854	0
401	Iter0402	3	2	6	5	0	0	1.25	1.0	-2.2554569540000002e-05	0
402	Iter0403	1	4	7	3	0	0	0.10714285714285714	0.11888111888111895	0.0	0
403	Iter0404	1	7	11	3	0	0	0.03896103896103896	0.0061919504643962705	-1.14364e-06	0
404	Iter0405	4	1	8	1	0	0	0.5	1.0	-0.00035595929	0
405	Iter0406	4	1	10	2	0	0	0.8	1.0	-0.0001589902	0
406	Iter0407	1	5	4	2	0	0	0.1	0.24242424242424304	-7.849000000000001e-17	0
407	Iter0408	0	2	9	2	0	0	0.1	0.0769230769230771	0.0	0
408	Iter0409	2	3	7	3	0	0	0.2857142857142857	0.32867132867132803	-5.804742399999999e-07	0
409	Iter0410	1	1	4	1	0	0	0.25	1.0	-0.00013296	0
410	Iter0411	2	3	8	2	0	0	0.16666666666666666	0.25074925074925003	-0.0005728589550000001	0
411	Iter0412	3	1	5	5	0	0	3.0	0.5804195804195819	-0.00021666490000000002	0
412	Iter0413	0	1	9	3	0	0	0.2	0.3076923076923073	0.0	0
413	Iter0414	4	2	10	7	0	0	1.4	1.0	-0.00018771819000000002	0
414	Iter0415	0	1	10	2	0	0	0.13636363636363638	0.23076923076923075	0.0	0
415	Iter0416	3	0	5	4	0	0	3.333333333333333	0.4909090909090912	-0.00039170278299999997	0
416	Iter0417	3	1	11	1	0	0	0.2727272727272727	0.4499999999999981	-0.00031584960000000003	0
417	Iter0418	1	4	7	0	0	0	0.05	0.010101010101010109	-0.000621396	0
418	Iter0419	2	4	5	2	0	0	0.2	0.28613053613053674	-2.8080753999999998e-05	0
419	Iter0420	2	2	9	6	0	0	0.6666666666666666	1.0	-6.6282253e-06	0
420	Iter0421	2	4	11	5	0	0	0.2272727272727273	0.1777974347633786	-0.00044700550000000006	0
421	Iter0422	1	2	3	3	0	0	0.5	1.0	-5.59868e-11	0
422	Iter0423	2	2	5	0	0	0	0.16666666666666666	0.16666666666666705	-0.0001428353677	0
423	Iter0424	2	0	8	5	0	0	2.0	0.5238095238095224	-0.00021842206128	0
424	Iter0425	6	1	6	1	0	0	1.0	1.0	-3.535079009e-05	0
425	Iter0426	2	1	6	6	0	0	2.0	1.0	-8.5449e-07	0
426	Iter0427	4	4	7	3	0	0	0.42857142857142855	0.6304675716440447	-0.00027946538471	0
427	Iter0428	1	2	3	8	0	0	1.3333333333333333	1.0	0.0	0
428	Iter0429	2	2	9	1	0	0	0.1111111111111111	0.17582417582417564	-0.00014794602526200002	0
429	Iter0430	4	4	8	4	0	0	0.5	0.6479161705167888	-1.5184782000000001e-05	0
430	Iter0431	1	3	8	2	0	0	0.08333333333333333	0.09490509490509473	0.0	0
431	Iter0432	5	1	9	1	0	0	0.5555555555555556	1.0	-0.00090052268297369	0
432	Iter0433	5	5	10	1	0	0	0.1	0.0634674922600622	-0.000170551529	0
433	Iter0434	1	5	4	2	0	0	0.1	0.24242424242424304	-7.526560000000002e-07	0
434	Iter0435	6	2	1	3	0	0	9.0	0.2222222222222227	-0.001003679578	0
435	Iter0436	0	3	4	5	0	0	0.3	0.4909090909090914	0.0	0
436	Iter0437	3	1	11	2	0	0	0.5454545454545454	1.0	-7.988266000000001e-05	0
437	Iter0438	0	0	14	4	0	0	0.3333333333333333	1.0	0.0	0
438	Iter0439	4	1	6	5	0	0	3.333333333333333	0.5879120879120874	-0.0003840167	0
439	Iter0440	1	2	5	5	0	0	0.5	1.0	-1.75817e-05	0
440	Iter0441	3	3	10	5	0	0	0.5	0.6310629514963866	-0.00054971565146	0
441	Iter0442	3	4	5	2	0	0	0.3	0.5920745920745918	-0.00036756727515204	0
442	Iter0443	0	3	6	3	0	0	0.14285714285714285	0.18181818181818213	0.0	0
443	Iter0444	1	1	7	5	0	0	0.7142857142857143	1.0	-1.89945e-05	0
444	Iter0445	2	3	5	5	0	0	0.6666666666666666	1.0	-0.000116885143	0
445	Iter0446	6	3	7	3	0	0	0.8571428571428571	1.0	-0.00013133007434420002	0
446	Iter0447	2	2	5	1	0	0	0.2	0.5000000000000001	-2.411855175e-05	0
447	Iter0448	1	2	6	2	0	0	0.16666666666666666	0.4909090909090907	-9.46688e-05	0
448	Iter0449	5	6	4	7	0	0	1.4583333333333337	1.0	-0.0013830796362999998	0
449	Iter0450	3	4	10	4	0	0	0.3	0.34575163398692754	-0.000133068263	0
450	Iter0451	2	4	7	5	0	0	0.35714285714285715	0.6199095022624432	-1.4449230000000001e-06	0
451	Iter0452	4	4	6	2	0	0	0.3333333333333333	0.6083916083916072	-1.2044577699999998e-05	0
452	Iter0453	4	2	5	1	0	0	0.4	1.0	-0.0008157102979999999	0
453	Iter0454	3	6	8	3	0	0	0.1875	0.17480352464872584	-1.1597929e-05	0
454	Iter0455	0	2	5	1	0	0	0.1111111111111111	0.10714285714285714	0.0	0
455	Iter0456	2	4	8	1	0	0	0.0625	0.08891108891108859	-5.30789e-05	0
456	Iter0457	6	2	12	2	0	0	0.5	0.6019138755980888	-0.000405277668140396	0
457	Iter0458	3	5	8	2	0	0	0.15	0.14479638009049808	-0.00010205160000000002	0
458	Iter0459	1	4	10	3	0	0	0.075	0.04738562091503273	-1.45738e-05	0
459	Iter0460	3	2	5	5	0	0	1.5	1.0	-6.626287972700001e-05	0
460	Iter0461	0	2	5	2	0	0	0.16666666666666666	0.1666666666666669	0.0	0
461	Iter0462	2	2	13	1	0	0	0.07692307692307693	0.10784313725490263	-0.000263097	0
462	Iter0463	3	3	7	1	0	0	0.14285714285714285	0.2447552447552448	-5.9176597484e-07	0
463	Iter0464	1	3	8	7	0	0	0.2916666666666667	0.5820433436532519	-2.5338e-12	0
464	Iter0465	1	2	7	6	0	0	0.42857142857142855	1.0	-2.39216e-05	0
465	Iter0466	0	1	1	3	0	0	1.0	1.0	0.0	0
466	Iter0467	3	0	8	1	0	0	0.8888888888888888	1.0	-5.76833e-07	0
467	Iter0468	3	3	4	4	0	0	1.0	1.0	-0.000686247450529	0
468	Iter0469	1	2	10	1	0	0	0.05	0.09340659340659352	-1.46033e-05	0
469	Iter0470	3	1	6	4	0	0	2.0	1.0	-0.00014023	0
470	Iter0471	2	7	5	3	0	0	0.1714285714285714	0.1534348004936239	-1.89345e-06	0
471	Iter0472	2	3	7	2	0	0	0.19047619047619047	0.26573426573426473	-8.981043490000001e-05	0
472	Iter0473	3	1	10	8	0	0	2.4	0.6161312371838691	-0.00037858904000000003	0
473	Iter0474	2	3	7	6	0	0	0.5714285714285714	1.0	-8.003090014608498e-06	0
474	Iter0475	2	1	7	2	0	0	0.5714285714285714	1.0	-1.4905810000000001e-05	0
475	Iter0476	5	1	7	5	0	0	3.571428571428572	0.6000323206205556	-0.000648398672063	0
476	Iter0477	1	3	7	1	0	0	0.047619047619047616	0.0666666666666667	-1.36514e-05	0
477	Iter0478	3	3	12	4	0	0	0.3333333333333333	0.3340838727835651	-4.8549696e-05	0
478	Iter0479	2	5	2	3	0	0	0.6000000000000001	1.0	-4.58019326868e-05	0
479	Iter0480	1	10	4	3	0	0	0.07500000000000001	0.047385620915032615	-1.80008e-05	0
480	Iter0481	1	3	5	3	0	0	0.2	0.5454545454545471	-8.66811e-05	0
481	Iter0482	4	4	6	5	0	0	0.8333333333333334	1.0	-1.26087487e-05	0
482	Iter0483	4	2	7	4	0	0	1.1428571428571428	1.0	-0.0009849852363799998	0
483	Iter0484	0	2	6	4	0	0	0.2380952380952381	0.4545454545454557	0.0	0
484	Iter0485	1	2	10	1	0	0	0.05	0.09340659340659352	-3.474e-06	0
485	Iter0486	4	1	3	4	0	0	5.333333333333333	0.2929292929292933	-0.000186665185232	0
486	Iter0487	5	4	15	3	0	0	0.25	0.17506840985101965	-5.5908676380000003e-05	0
487	Iter0488	2	5	7	2	0	0	0.1142857142857143	0.1262237762237761	-0.000337679	0
488	Iter0489	1	2	4	6	0	0	0.75	1.0	0.0	0
489	Iter0490	4	2	11	0	0	0	0.1388888888888889	0.11029411764705874	-0.00036996061305979994	0
490	Iter0491	2	1	3	5	0	0	3.333333333333333	0.5454545454545451	-8.6313373e-05	0
491	Iter0492	4	4	10	6	0	0	0.6	0.6733521783999691	-0.000239238758	0
492	Iter0493	3	1	12	5	0	0	1.25	1.0	-0.00016167394999999998	0
493	Iter0494	4	4	10	4	0	0	0.4	0.3864465084279329	-0.00039743110158042	0
494	Iter0495	3	6	6	7	0	0	0.5833333333333334	0.6739938080495301	-0.00022327650000000002	0
495	Iter0496	4	1	9	2	0	0	0.8888888888888888	1.0	-4.868469e-06	0
496	Iter0497	5	2	6	2	0	0	0.8333333333333334	1.0	-0.0002174327707366	0
497	Iter0498	2	2	2	5	0	0	2.5	0.5757575757575755	-0.00102085962	0
498	Iter0499	1	0	10	6	0	0	1.2727272727272727	1.0	0.0	0
499	Iter0500	1	0	2	3	0	0	2.6666666666666665	1.0	-7.67373e-05	0
500	Iter0501	1	6	7	3	0	0	0.07142857142857142	0.04977375565610854	-1.5226300000000004e-05	0
501	Iter0502	2	4	7	3	0	0	0.21428571428571427	0.3024475524475516	-7.51205e-08	0
502	Iter0503	5	2	4	4	0	0	2.5	0.6083916083916074	-0.0016498672899999999	0
503	Iter0504	1	4	6	4	0	0	0.16666666666666666	0.2820512820512825	-1.53995e-05	0
504	Iter0505	1	1	7	3	0	0	0.42857142857142855	1.0	-5.25041e-06	0
505	Iter0506	3	2	4	2	0	0	0.75	1.0	-0.00023170790000000003	0
506	Iter0507	1	2	5	3	0	0	0.3	0.5454545454545457	-5.53516e-09	0
507	Iter0508	4	2	10	0	0	0	0.15151515151515152	0.1249999999999993	-9.291584822173e-05	0
508	Iter0509	2	3	5	2	0	0	0.26666666666666666	0.5580808080808088	-5.2883640484e-07	0
509	Iter0510	2	6	4	5	0	0	0.4166666666666666	0.619909502262443	-0.00025703462410000004	0
510	Iter0511	4	2	4	6	0	0	3.0	0.6083916083916083	-0.000388371929	0
511	Iter0512	2	3	4	3	0	0	0.5	1.0	-0.0010335780563599998	0
512	Iter0513	1	3	6	2	0	0	0.1111111111111111	0.2222222222222228	-8.18663e-05	0
513	Iter0514	0	3	9	10	0	0	0.275	0.24025974025973898	0.0	0
514	Iter0515	4	4	6	2	0	0	0.3333333333333333	0.6083916083916072	-0.00019070746799999998	0
515	Iter0516	0	2	5	5	0	0	0.3333333333333333	0.4696969696969709	0.0	0
516	Iter0517	4	2	7	2	0	0	0.5714285714285714	1.0	-0.0006189631647899999	0
517	Iter0518	4	2	7	2	0	0	0.5714285714285714	1.0	-0.00020431737377	0
518	Iter0519	0	1	5	5	0	0	0.5	1.0	0.0	0
519	Iter0520	2	6	8	5	0	0	0.2083333333333333	0.1826625386996912	-6.012498e-05	0
520	Iter0521	0	0	4	8	0	0	1.7999999999999998	1.0	0.0	0
521	Iter0522	2	3	8	3	0	0	0.25	0.2994505494505492	-0.0001657142	0
522	Iter0523	0	2	4	3	0	0	0.26666666666666666	0.4444444444444452	0.0	0
523	Iter0524	0	3	6	4	0	0	0.17857142857142858	0.19230769230769307	0.0	0
524	Iter0525	3	3	6	1	0	0	0.16666666666666666	0.26573426573426634	-3.1484813000000004e-07	0
525	Iter0526	5	3	12	3	0	0	0.4166666666666667	0.6213854795090508	-1.4684901000000002e-05	0
526	Iter0527	4	4	5	2	0	0	0.4	0.6083916083916073	-2.696195744659e-05	0
527	Iter0528	3	2	10	5	0	0	0.75	1.0	-0.0003715285333	0
528	Iter0529	4	3	5	5	0	0	1.3333333333333333	1.0	-0.0002829487600052919	0
529	Iter0530	2	1	10	5	0	0	1.0	1.0	-0.0002701339	0
530	Iter0531	1	2	6	4	0	0	0.3333333333333333	0.5594405594405605	-0.000130153	0
531	Iter0532	1	1	6	1	0	0	0.16666666666666666	0.4166666666666671	-2.18005e-06	0
532	Iter0533	0	1	1	2	0	0	0.75	1.0	0.0	0
533	Iter0534	2	0	7	1	0	0	0.75	1.0	-6.851129599999999e-05	0
534	Iter0535	3	1	4	0	0	0	0.4	1.0	-0.000613032208	0
535	Iter0536	2	6	8	6	0	0	0.25	0.2043343653250776	-2.3174400000000003e-06	0
536	Iter0537	2	5	2	5	0	0	1.0	1.0	0.0	0
537	Iter0538	1	2	7	4	0	0	0.2857142857142857	0.5384615384615384	-8.193149999999999e-05	0
538	Iter0539	1	4	15	5	0	0	0.08333333333333333	0.04031620553359698	-0.00026548	0
539	Iter0540	4	1	8	3	0	0	1.5	1.0	-0.000682658985	0
540	Iter0541	3	2	5	2	0	0	0.6	1.0	-7.78065e-05	0
541	Iter0542	3	1	11	2	0	0	0.5454545454545454	1.0	-2.3860798886460005e-05	0
542	Iter0543	0	7	10	5	0	0	0.06818181818181819	0.005347593582887686	0.0	0
543	Iter0544	6	4	3	0	0	0	0.35	0.4965034965034971	-0.00025158950888284	0
544	Iter0545	5	3	5	1	0	0	0.33333333333333337	0.5804195804195811	-0.00030748171999999996	0
545	Iter0546	0	2	7	2	0	0	0.125	0.10909090909090892	0.0	0
546	Iter0547	4	2	5	6	0	0	2.4	0.6199095022624426	-4.017308914000001e-06	0
547	Iter0548	1	3	8	2	0	0	0.08333333333333333	0.09490509490509473	-7.41469e-06	0
548	Iter0549	1	5	4	3	0	0	0.15000000000000002	0.2657342657342664	-5.94484e-05	0
549	Iter0550	0	2	11	5	0	0	0.16666666666666666	0.13725490196078502	-7.63022e-07	0
550	Iter0551	1	0	9	6	0	0	1.4	1.0	-0.000681153	0
551	Iter0552	1	1	8	3	0	0	0.375	1.0	-3.54618e-05	0
552	Iter0553	7	2	2	1	0	0	1.75	1.0	-0.0007248466553799999	0
553	Iter0554	3	1	7	5	0	0	2.142857142857143	1.0	-0.00045938870650186	0
554	Iter0555	1	4	6	1	0	0	0.04166666666666666	0.07196969696969706	-7.52182e-05	0
555	Iter0556	3	3	5	7	0	0	1.4	1.0	-1.38483015e-05	0
556	Iter0557	7	3	6	0	0	0	0.2857142857142857	0.2499999999999992	-0.00032332450026000003	0
557	Iter0558	1	2	4	2	0	0	0.25	0.5238095238095238	-2.04701e-08	0
558	Iter0559	2	4	7	2	0	0	0.14285714285714285	0.13566433566433514	-6.61670781e-05	0
559	Iter0560	1	5	13	3	0	0	0.04615384615384616	0.010882822028332885	-7.61629e-05	0
560	Iter0561	3	4	4	4	0	0	0.75	1.0	-0.000172012784	0
561	Iter0562	1	1	5	2	0	0	0.4	1.0	-1.5827899999999998e-05	0
562	Iter0563	2	5	5	3	0	0	0.24	0.3146853146853151	-4.138400000000001e-06	0
563	Iter0564	6	3	2	2	0	0	2.0	1.0	-0.00036329374799999993	0
564	Iter0565	2	3	8	3	0	0	0.25	0.2994505494505492	-1.9068013999999999e-06	0
565	Iter0566	4	2	9	4	0	0	0.8888888888888888	1.0	-6.382197900000002e-05	0
566	Iter0567	2	1	5	6	0	0	2.4	1.0	-0.00027880550000000003	0
567	Iter0568	3	5	9	5	0	0	0.3333333333333333	0.3777089783281732	-0.0009110988	0
568	Iter0569	2	8	5	6	0	0	0.3	0.3614551083591329	-1.161946029e-06	0
569	Iter0570	3	3	11	5	0	0	0.4545454545454545	0.6243550051599598	-1.2517260106499001e-05	0
570	Iter0571	3	2	7	1	0	0	0.21428571428571427	0.5104895104895115	-3.0480384999999997e-07	0
571	Iter0572	2	1	9	4	0	0	0.8888888888888888	1.0	-0.000403214628	0
572	Iter0573	6	1	8	4	0	0	3.0	0.6026831785345702	-1.5059194e-05	0
573	Iter0574	3	1	8	6	0	0	2.25	1.0	-0.0002709361791	0
574	Iter0575	1	3	6	4	0	0	0.2222222222222222	0.5594405594405611	-1.80871e-05	0
575	Iter0576	4	4	5	1	0	0	0.2	0.30069930069930034	-0.00035409245	0
576	Iter0577	1	2	3	5	0	0	0.8333333333333334	1.0	-6.815750000000001e-10	0
577	Iter0578	4	2	9	3	0	0	0.6666666666666666	1.0	-7.8583884154e-05	0
578	Iter0579	2	4	11	3	0	0	0.13636363636363638	0.12192982456140393	-1.0961160000000002e-05	0
579	Iter0580	1	2	3	3	0	0	0.5	1.0	-2.96256e-12	0
580	Iter0581	5	4	6	8	0	0	1.6666666666666667	0.6801722977520513	-0.00031304681468962	0
581	Iter0582	2	2	7	5	0	0	0.7142857142857143	1.0	-0.00156348	0
582	Iter0583	2	3	11	6	0	0	0.3636363636363637	0.609022556390977	-1.1748164500000001e-06	0
583	Iter0584	1	2	10	3	0	0	0.15	0.2142857142857131	-8.03053e-09	0
584	Iter0585	4	4	9	3	0	0	0.3333333333333333	0.3563467492260055	-2.208308456e-06	0
585	Iter0586	9	4	6	3	0	0	1.125	1.0	-0.00025236146606691	0
586	Iter0587	2	4	6	1	0	0	0.08333333333333333	0.10256410256410263	-2.58928443e-06	0
587	Iter0588	1	0	8	1	0	0	0.4444444444444444	1.0	-0.000114975	0
588	Iter0589	5	0	9	5	0	0	3.6	0.2565359477124198	-3.3610370448196e-06	0
589	Iter0590	1	2	6	4	0	0	0.3333333333333333	0.5594405594405605	-4.8415200000000005e-09	0
590	Iter0591	1	2	10	2	0	0	0.1	0.1538461538461539	-5.587809999999998e-06	0
591	Iter0592	4	5	6	2	0	0	0.26666666666666666	0.3348416289592753	-0.0009537738	0
592	Iter0593	2	4	7	3	0	0	0.21428571428571427	0.3024475524475516	-8.513247999999999e-05	0
593	Iter0594	2	5	4	1	0	0	0.1	0.242424242424243	-0.0001979335	0
594	Iter0595	1	5	6	3	0	0	0.1	0.11888111888111873	-4.44915e-06	0
595	Iter0596	1	3	5	1	0	0	0.06666666666666668	0.19047619047619052	-7.52193e-12	0
596	Iter0597	4	1	9	1	0	0	0.4444444444444444	1.0	-3.0398133010000003e-05	0
597	Iter0598	6	1	10	3	0	0	1.7999999999999998	1.0	-0.00060886961149	0
598	Iter0599	4	3	7	5	0	0	0.9523809523809524	1.0	-9.54161117254e-07	0
599	Iter0600	6	4	10	4	0	0	0.6	0.6733521783999671	-0.0004413494675	0
600	Iter0601	0	1	14	6	0	0	0.2333333333333333	0.3333333333333329	0.0	0
601	Iter0602	2	1	9	4	0	0	0.8888888888888888	1.0	-1.5160167199999998e-06	0
602	Iter0603	1	2	3	3	0	0	0.5	1.0	-1.98618e-06	0
603	Iter0604	5	3	10	4	0	0	0.6666666666666667	1.0	-0.000703578128	0
604	Iter0605	2	2	10	1	0	0	0.1	0.15384615384615288	-1.6487386e-06	0
605	Iter0606	1	0	5	3	0	0	1.3333333333333333	1.0	-0.000128176264	0
606	Iter0607	0	2	6	3	0	0	0.19047619047619047	0.1818181818181815	0.0	0
607	Iter0608	1	3	4	5	0	0	0.4166666666666666	1.0	-1.4142e-09	0
608	Iter0609	1	2	6	5	0	0	0.4166666666666667	1.0	-4.80846e-10	0
609	Iter0610	2	2	3	4	0	0	1.3333333333333333	1.0	-0.00142340288	0
610	Iter0611	4	1	8	2	0	0	1.0	1.0	-0.0001568657931929	0
611	Iter0612	7	2	8	4	0	0	1.75	0.6594427244582046	-0.00090644485608	0
612	Iter0613	3	3	6	7	0	0	1.1666666666666667	1.0	-0.00108953548	0
613	Iter0614	1	6	9	2	0	0	0.037037037037037035	0.012820512820512895	-8.558430000000001e-06	0
614	Iter0615	0	4	6	1	0	0	0.05714285714285715	0.015151515151515155	0.0	0
615	Iter0616	2	4	8	3	0	0	0.1875	0.16176470588235325	-8.543232e-05	0
616	Iter0617	0	1	8	8	0	0	0.5	1.0	0.0	0
617	Iter0618	2	0	7	4	0	0	1.875	1.0	-0.00047867515	0
618	Iter0619	6	3	3	2	0	0	1.3333333333333333	1.0	-0.000443247732	0
619	Iter0620	2	3	4	4	0	0	0.6666666666666666	1.0	-6.80653e-05	0
620	Iter0621	1	1	5	3	0	0	0.6	1.0	-0.000249345	0
621	Iter0622	2	7	7	3	0	0	0.12244897959183673	0.06977851869492714	-1.3956879e-06	0
622	Iter0623	0	2	8	1	0	0	0.07407407407407407	0.05454545454545445	0.0	0
623	Iter0624	4	4	8	5	0	0	0.625	0.6730650154798771	-3.2588172277000005e-05	0
624	Iter0625	3	4	6	1	0	0	0.125	0.2657342657342656	-0.0003073804	0
625	Iter0626	2	3	5	2	0	0	0.26666666666666666	0.5580808080808088	-0.0020227398	0
626	Iter0627	1	1	9	2	0	0	0.2222222222222222	0.42307692307692496	-0.000305413	0
627	Iter0628	3	5	5	6	0	0	0.72	1.0	-0.00028276501300000004	0
628	Iter0629	2	0	4	2	0	0	1.7999999999999998	1.0	-0.0002491083248	0
629	Iter0630	4	1	4	3	0	0	3.0	0.5757575757575769	-4.920319894000001e-05	0
630	Iter0631	2	1	9	2	0	0	0.4444444444444444	1.0	-0.000142521296	0
631	Iter0632	8	3	4	1	0	0	0.6666666666666666	1.0	-0.0009811499562799998	0
632	Iter0633	1	1	6	5	0	0	0.8333333333333334	1.0	-4.92578e-07	0
633	Iter0634	1	0	8	3	0	0	0.8888888888888888	1.0	-0.00014455299999999998	0
634	Iter0635	5	2	10	3	0	0	0.75	1.0	-0.00027665770893979595	0
635	Iter0636	1	5	15	4	0	0	0.05333333333333334	0.011857707509881393	-2.22249e-07	0
636	Iter0637	0	1	12	5	0	0	0.2307692307692308	0.3333333333333353	-8.76684e-09	0
637	Iter0638	3	4	10	1	0	0	0.075	0.04738562091503256	-0.0004152754612	0
638	Iter0639	1	4	7	2	0	0	0.07142857142857142	0.0909090909090907	-2.92876e-07	0
639	Iter0640	1	2	8	5	0	0	0.3125	0.5499999999999977	-4.08368e-07	0
640	Iter0641	0	1	12	4	0	0	0.1923076923076923	0.29411764705882354	0.0	0
641	Iter0642	1	2	6	1	0	0	0.08333333333333333	0.18333333333333315	-3.80626e-08	0
642	Iter0643	5	3	5	1	0	0	0.33333333333333337	0.5804195804195811	-2.5801720602e-05	0
643	Iter0644	4	0	4	3	0	0	4.0	0.2363636363636365	-7.9518091734e-05	0
644	Iter0645	1	3	10	4	0	0	0.13333333333333333	0.2450980392156869	-1.34446e-07	0
645	Iter0646	1	3	9	1	0	0	0.037037037037037035	0.040959040959041085	-0.000115802	0
646	Iter0647	4	2	2	8	0	0	8.0	0.1181318681318678	-0.0007264577	0
647	Iter0648	3	3	7	1	0	0	0.14285714285714285	0.2447552447552448	-4.644053e-05	0
648	Iter0649	2	1	6	0	0	0	0.21428571428571427	0.33333333333333354	-0.0001074279	0
649	Iter0650	0	4	9	2	0	0	0.06	0.010989010989010952	0.0	0
650	Iter0651	2	1	9	2	0	0	0.4444444444444444	1.0	-2.01257e-07	0
651	Iter0652	1	2	10	3	0	0	0.15	0.2142857142857131	-1.34357e-05	0
652	Iter0653	1	3	5	4	0	0	0.26666666666666666	0.5594405594405606	-1.6319299999999994e-07	0
653	Iter0654	5	3	10	4	0	0	0.6666666666666667	1.0	-6.5855457e-05	0
654	Iter0655	1	6	6	4	0	0	0.1111111111111111	0.13399835458658976	-0.000678474	0
655	Iter0656	2	2	9	1	0	0	0.1111111111111111	0.17582417582417564	-1.1155699999999999e-05	0
656	Iter0657	2	4	7	9	0	0	0.6428571428571428	1.0	-0.00048025400000000005	0
657	Iter0658	1	5	5	4	0	0	0.16	0.2867132867132862	-2.58735e-05	0
658	Iter0659	2	3	3	6	0	0	1.3333333333333333	1.0	-9.67857e-05	0
659	Iter0660	1	2	9	6	0	0	0.3333333333333333	0.5588235294117663	-1.86046e-06	0
660	Iter0661	5	1	6	4	0	0	3.333333333333333	0.5879120879120866	-0.001024841871	0
661	Iter0662	6	5	3	4	0	0	1.6	1.0	-0.000707986725	0
662	Iter0663	1	1	8	4	0	0	0.5	1.0	-6.86241e-07	0
663	Iter0664	0	1	4	1	0	0	0.2	0.3333333333333331	0.0	0
664	Iter0665	1	3	4	3	0	0	0.25	0.5454545454545454	-1.7234300000000002e-05	0
665	Iter0666	4	5	9	0	0	0	0.08333333333333334	0.029411764705882262	-0.00012975627880436	0
666	Iter0667	6	4	2	3	0	0	2.25	0.6083916083916072	-9.5826439631e-05	0
667	Iter0668	2	2	10	2	0	0	0.2	0.2445054945054928	-0.0008247464346099999	0
668	Iter0669	2	1	6	3	0	0	1.0	1.0	-0.0017160160000000001	0
669	Iter0670	4	1	8	3	0	0	1.5	1.0	-0.000111747	0
670	Iter0671	4	1	11	5	0	0	1.818181818181818	1.0	-0.00160767374	0
671	Iter0672	2	3	6	2	0	1	0.2222222222222222	0.2929292929292933	-1.2780489e-05	0
672	Iter0673	2	4	6	5	0	0	0.4166666666666667	0.6199095022624437	-0.000572682	0
673	Iter0674	0	3	9	0	0	0	0.025	0.004545454545454548	0.0	0
674	Iter0675	4	5	10	6	0	0	0.48	0.4340826490779416	-5.6578529836500004e-05	0
675	Iter0676	1	1	10	1	0	0	0.1	0.2948717948717952	-3.39102e-07	0
676	Iter0677	3	3	9	2	0	0	0.2222222222222222	0.28005817711700043	-0.001239895	0
677	Iter0678	4	2	11	3	0	0	0.5454545454545455	0.6126160990712118	-1.730733848e-05	0
678	Iter0679	3	2	4	3	0	0	1.125	1.0	-0.0004538009	0
679	Iter0680	1	1	8	3	0	0	0.375	1.0	-2.41328e-07	0
680	Iter0681	3	4	7	3	0	0	0.3214285714285714	0.34995886466474685	-3.59531e-08	0
681	Iter0682	2	3	8	8	0	0	0.6666666666666666	1.0	-0.000132764	0
682	Iter0683	3	2	7	4	0	0	0.8571428571428571	1.0	-0.0005622081	0
683	Iter0684	6	3	4	0	0	0	0.35	0.4965034965034971	-0.00031811904110000004	0
684	Iter0685	1	3	7	3	0	0	0.14285714285714285	0.24475524475524504	-4.30483e-08	0
685	Iter0686	3	2	12	1	0	0	0.125	0.17156862745098106	-7.776317999999999e-07	0
686	Iter0687	6	4	3	6	0	0	3.0	0.3698499642772088	-0.0031679721701000003	0
687	Iter0688	0	2	9	4	0	0	0.16666666666666666	0.14285714285714254	0.0	0
688	Iter0689	4	3	8	1	0	0	0.16666666666666666	0.2615384615384597	-0.000108594602	0
689	Iter0690	4	4	5	2	0	0	0.4	0.6083916083916073	-0.000216814850736473	0
690	Iter0691	3	3	5	5	0	0	1.0	1.0	-0.0010016080208045	0
691	Iter0692	3	1	12	4	0	0	1.0	1.0	-3.3314758500000005e-05	0
692	Iter0693	4	2	6	6	0	0	2.0	0.6380090497737558	-0.0005341218045510001	0
693	Iter0694	1	2	6	3	0	0	0.25	0.5227272727272733	-4.45516e-09	0
694	Iter0695	3	0	7	4	0	0	2.5	0.5054945054945058	-0.0002380331	0
695	Iter0696	2	1	4	3	0	0	1.5	1.0	-4.276361550000001e-06	0
696	Iter0697	1	2	7	6	0	0	0.42857142857142855	1.0	0.0	0
697	Iter0698	4	2	2	4	0	0	4.0	0.5670995670995689	-0.0002348272952	0
698	Iter0699	3	5	2	3	0	0	0.9	1.0	-2.235592308e-05	0
699	Iter0700	2	1	6	3	0	0	1.0	1.0	-7.111475e-05	0
700	Iter0701	3	3	6	2	0	0	0.3333333333333333	0.5804195804195795	-1.531492716e-05	0
701	Iter0702	1	1	6	7	0	0	1.1666666666666667	1.0	-1.97103e-05	0
702	Iter0703	2	2	8	2	0	0	0.25	0.5204795204795203	-0.00021270063	0
703	Iter0704	2	3	11	1	0	0	0.0606060606060606	0.05252100840336108	-2.4201706e-06	0
704	Iter0705	3	2	2	3	0	0	2.25	1.0	-0.0003147276580000186	0
705	Iter0706	3	1	4	5	0	0	3.75	0.5594405594405606	-0.00021985333446	0
706	Iter0707	2	2	10	6	0	0	0.6	1.0	-1.4551189999999998e-05	0
707	Iter0708	2	3	2	2	0	0	0.6666666666666666	1.0	-0.000129060000528564	0
708	Iter0709	4	2	8	1	0	0	0.25	0.525274725274723	-0.0007890429654400001	0
709	Iter0710	1	3	7	3	0	0	0.14285714285714285	0.24475524475524504	-4.11543e-07	0
710	Iter0711	1	2	3	5	0	0	0.8333333333333334	1.0	-1.31937e-07	0
711	Iter0712	2	4	10	4	0	0	0.2	0.16109391124871014	-4.106833000000001e-06	0
712	Iter0713	3	1	5	4	0	0	2.4	1.0	-0.0005836206545979999	0
713	Iter0714	4	3	9	4	0	0	0.5925925925925926	0.6513544891640859	-0.00043800215406	0
714	Iter0715	2	1	14	3	0	1	0.42857142857142855	0.5087719298245599	-2.0631837e-05	0
715	Iter0716	4	2	3	9	0	0	6.0	0.1414027149321271	-0.0007769178747999999	0
716	Iter0717	2	3	10	3	0	0	0.2	0.2682072829131645	-2.8444200000000004e-09	0
717	Iter0718	3	2	7	2	0	0	0.42857142857142855	0.5804195804195791	-4.8038142000000005e-05	0
718	Iter0719	1	6	10	6	0	0	0.1	0.06864988558352393	-1.20271e-05	0
719	Iter0720	2	2	7	3	0	0	0.42857142857142855	0.5804195804195794	-8.844775295999999e-05	0
720	Iter0721	0	5	8	4	0	0	0.0925925925925926	0.02941176470588231	0.0	0
721	Iter0722	0	2	7	3	0	0	0.16666666666666666	0.15151515151515202	0.0	0
722	Iter0723	3	2	6	0	0	0	0.19047619047619047	0.1818181818181815	-0.0009755401760000001	0
723	Iter0724	2	2	11	2	0	0	0.18181818181818185	0.2189075630252089	-0.00030958900000000003	0
724	Iter0725	6	2	6	3	0	0	1.5	1.0	-0.0006418953857764002	0
725	Iter0726	1	3	7	4	0	0	0.19047619047619047	0.2820512820512819	-0.00024425200000000003	0
726	Iter0727	0	2	6	5	0	0	0.2857142857142857	0.4615384615384627	0.0	0
727	Iter0728	1	2	10	2	0	0	0.1	0.1538461538461539	-5.86163e-06	0
728	Iter0729	2	9	10	1	0	0	0.02222222222222222	0.0019052155275065433	-1.86914e-05	0
729	Iter0730	0	4	7	2	0	0	0.07500000000000001	0.02097902097902101	0.0	0
730	Iter0731	2	2	1	3	0	0	3.0	1.0	-9.1326e-07	0
731	Iter0732	2	1	7	1	0	0	0.2857142857142857	0.4909090909090901	-6.326979e-11	0
732	Iter0733	1	5	12	6	0	0	0.1	0.060804184373978575	-0.000189977	0
733	Iter0734	3	2	4	2	0	0	0.75	1.0	-6.91968e-05	0
734	Iter0735	1	3	7	6	0	0	0.2857142857142857	0.5764705882352921	-3.25014e-16	0
735	Iter0736	2	3	10	3	0	0	0.2	0.2682072829131645	-3.648808e-05	0
736	Iter0737	6	2	6	4	0	0	2.0	0.6380090497737567	-0.000537906190726944	0
737	Iter0738	4	3	6	1	0	0	0.2222222222222222	0.5594405594405601	-0.00055319239	0
738	Iter0739	5	4	8	7	0	0	1.09375	1.0	-0.0001187890689	0
739	Iter0740	1	3	7	1	0	0	0.047619047619047616	0.0666666666666667	-3.62472e-05	0
740	Iter0741	2	2	7	2	0	0	0.2857142857142857	0.53006993006993	-1.583512e-06	0
741	Iter0742	3	5	8	1	0	0	0.075	0.049773755656108594	-0.00043670172	0
742	Iter0743	3	3	10	2	0	0	0.2	0.2682072829131648	-6.260540000000002e-05	0
743	Iter0744	3	4	5	4	0	0	0.6	1.0	-2.5003396999999997e-05	0
744	Iter0745	2	8	8	8	0	0	0.25	0.21772904710043164	-4.919459208e-06	0
745	Iter0746	2	3	11	4	0	0	0.2424242424242424	0.2897961816305479	-0.00011552249999999999	0
746	Iter0747	4	3	6	1	0	0	0.2222222222222222	0.5594405594405601	-0.00047111310000000003	0
747	Iter0748	2	2	8	0	0	0	0.1111111111111111	0.0909090909090909	-1.758982883e-05	0
748	Iter0749	3	3	5	3	0	0	0.6	1.0	-8.88053338051602e-05	0
749	Iter0750	3	2	12	2	0	0	0.25	0.2721878224974221	-6.167869000000001e-05	0
750	Iter0751	1	4	13	4	0	0	0.07692307692307693	0.039340776182881586	-7.85348e-06	0
751	Iter0752	1	0	5	5	0	0	2.0	1.0	-1.82156e-11	0
752	Iter0753	2	2	4	4	0	0	1.0	1.0	-0.000310657146	0
753	Iter0754	2	2	6	4	0	0	0.6666666666666666	1.0	-0.000103266544881	0
754	Iter0755	3	4	1	6	0	0	4.5	0.5594405594405604	-0.00022424136	0
755	Iter0756	3	2	7	2	0	0	0.42857142857142855	0.5804195804195791	-9.123015685991899e-06	0
756	Iter0757	0	3	9	1	0	0	0.05	0.013986013986014015	0.0	0
757	Iter0758	2	2	8	5	0	0	0.625	1.0	-4.93644e-05	0
758	Iter0759	4	2	7	5	0	0	1.4285714285714286	1.0	-0.000983296576	0
759	Iter0760	4	1	7	0	0	0	0.3125	0.4166666666666672	-1.6346790000159147e-05	0
760	Iter0761	2	1	10	6	0	0	1.2	1.0	-0.0001918636435	0
761	Iter0762	1	1	7	4	0	0	0.5714285714285714	1.0	-4.833909999999999e-10	0
762	Iter0763	1	1	7	3	0	0	0.42857142857142855	1.0	-4.0576e-06	0
763	Iter0764	2	4	8	1	0	0	0.0625	0.08891108891108859	-0.0007958639	0
764	Iter0765	0	3	8	4	0	1	0.1388888888888889	0.07692307692307655	0.0	0
765	Iter0766	3	2	11	8	0	0	1.0909090909090908	1.0	-0.00012589730999999999	0
766	Iter0767	3	3	1	0	0	0	0.5	1.0	-3.864438720000001e-05	0
767	Iter0768	0	2	3	3	0	0	0.3333333333333333	0.4642857142857145	0.0	0
768	Iter0769	4	1	6	1	0	0	0.6666666666666666	1.0	-0.0001696335000003726	0
769	Iter0770	1	1	12	4	0	0	0.3333333333333333	0.4901960784313731	-0.000182632	0
770	Iter0771	2	0	4	1	0	0	1.2	1.0	-1.509767e-05	0
771	Iter0772	3	2	7	3	0	0	0.6428571428571428	1.0	-6.012540000076196e-05	0
772	Iter0773	1	1	3	5	0	0	1.6666666666666667	1.0	-0.000294803	0
773	Iter0774	0	9	3	2	0	0	0.07500000000000001	0.02747252747252747	0.0	0
774	Iter0775	4	3	5	0	0	0	0.20833333333333331	0.20454545454545486	-0.00049129394219	0
775	Iter0776	4	1	15	1	0	0	0.26666666666666666	0.4285714285714309	-8.1086092263089e-05	0
776	Iter0777	2	3	9	3	0	0	0.2222222222222222	0.28005817711699943	-0.0005826715279999999	0
777	Iter0778	3	4	6	2	0	0	0.25	0.3146853146853137	-9.0463360415015e-05	0
778	Iter0779	2	2	7	2	0	0	0.2857142857142857	0.53006993006993	-9.015744e-05	0
779	Iter0780	4	5	2	1	0	0	0.4	1.0	-0.00012321648068	0
780	Iter0781	3	2	8	7	0	0	1.3125	1.0	-0.00232085	0
781	Iter0782	5	1	7	3	0	0	2.142857142857143	1.0	-0.00016497629749999998	0
782	Iter0783	4	3	5	6	0	0	1.6	1.0	-0.00034521747176778	0
783	Iter0784	3	0	9	7	0	0	3.2	0.2631578947368429	-0.0008626321000546167	0
784	Iter0785	3	2	10	3	0	0	0.45	0.5827497665732946	-0.0003645118	0
785	Iter0786	3	3	9	3	0	0	0.3333333333333333	0.3440530058177112	-0.0005606852561926	0
786	Iter0787	2	1	10	1	0	0	0.2	0.3956043956043948	-0.000897047	0
787	Iter0788	0	2	11	2	0	0	0.08333333333333333	0.057142857142856975	0.0	0
788	Iter0789	1	4	7	0	0	0	0.05	0.010101010101010109	-6.96328e-08	0
789	Iter0790	3	2	9	1	0	0	0.16666666666666666	0.2417582417582405	-9.066797e-05	0
790	Iter0791	4	2	9	2	0	0	0.4444444444444444	0.5840336134453777	-0.00022830715000023518	0
791	Iter0792	0	2	6	1	0	0	0.09523809523809523	0.08333333333333337	0.0	0
792	Iter0793	2	5	7	3	0	0	0.17142857142857146	0.1534348004936239	-3.38917591193e-05	0
793	Iter0794	0	5	10	5	0	0	0.09090909090909093	0.03250773993808051	0.0	0
794	Iter0795	3	2	4	4	0	0	1.5	1.0	-0.0006956830000000001	0
795	Iter0796	4	1	10	2	0	0	0.8	1.0	-0.0013650928030000003	0
796	Iter0797	3	3	10	3	0	0	0.3	0.320101724900484	-0.0010175693	0
797	Iter0798	6	2	10	3	0	1	0.8999999999999999	1.0	-0.000152670235566	0
798	Iter0799	0	5	5	1	0	0	0.05555555555555555	0.015151515151515138	0.0	0
799	Iter0800	4	3	6	2	0	0	0.4444444444444444	0.6083916083916068	-0.0011197994933	0
800	Iter0801	4	4	5	1	0	0	0.2	0.30069930069930034	-0.00033271167073	0
801	Iter0802	3	0	4	3	0	0	3.2	0.4749999999999999	-1.4348371899999996e-05	0
802	Iter0803	2	3	5	3	0	0	0.4	0.5920745920745939	-2.119932e-06	0
803	Iter0804	1	3	4	7	0	0	0.5833333333333334	1.0	-7.04105e-07	0
804	Iter0805	3	1	4	4	0	0	3.0	0.5757575757575777	-0.000396728	0
805	Iter0806	2	3	8	2	0	0	0.16666666666666666	0.25074925074925003	-0.0001371270000000353	0
806	Iter0807	1	3	2	0	0	0	0.16666666666666666	0.4	-3.34746e-06	0
807	Iter0808	1	1	5	3	0	0	0.6	1.0	-6.31388e-07	0
808	Iter0809	2	3	2	1	0	0	0.3333333333333333	1.0	-7.318329000000002e-06	0
809	Iter0810	3	1	9	2	0	0	0.6666666666666666	1.0	-0.000459807575916	0
810	Iter0811	4	2	6	3	0	0	1.0	1.0	-0.000266843629	0
811	Iter0812	2	1	9	2	0	0	0.4444444444444444	1.0	-0.0003680831	0
812	Iter0813	3	2	6	2	0	0	0.5	1.0	-0.00016347531	0
813	Iter0814	0	3	8	3	0	0	0.1111111111111111	0.05494505494505482	0.0	0
814	Iter0815	0	3	7	4	0	0	0.15625	0.1923076923076922	0.0	0
815	Iter0816	7	3	10	4	0	0	0.9333333333333332	1.0	-7.28444353e-05	0
816	Iter0817	5	4	7	4	0	0	0.7142857142857143	1.0	-0.00014039964399999998	0
817	Iter0818	3	2	6	4	0	0	1.0	1.0	-8.569757e-05	0
818	Iter0819	3	1	8	7	0	0	2.625	0.602683178534573	-0.0009167709999999999	0
819	Iter0820	1	4	12	1	0	1	0.02083333333333333	0.0077030812324929455	-6.7620500000000015e-09	0
820	Iter0821	4	6	5	6	0	0	0.7999999999999999	1.0	-0.00044131921	0
821	Iter0822	0	2	7	4	0	0	0.2083333333333333	0.1923076923076929	0.0	0
822	Iter0823	4	6	7	4	0	0	0.3809523809523809	0.39485591807573217	-0.00034953433700000004	0
823	Iter0824	1	2	10	4	0	0	0.2	0.5147058823529405	-1.2326140909999999e-05	0
824	Iter0825	4	3	13	1	0	0	0.10256410256410256	0.08771929824561465	-0.000472597000000002	0
825	Iter0826	3	3	6	4	0	0	0.6666666666666666	1.0	-0.0009158978180200001	0
826	Iter0827	2	3	10	6	0	0	0.4	0.6107916850950939	-6.82665e-05	0
827	Iter0828	3	3	7	7	0	0	1.0	1.0	-0.00019266295	0
828	Iter0829	4	4	10	2	0	0	0.2	0.16109391124871014	-0.000214287	0
829	Iter0830	4	4	9	2	0	0	0.2222222222222222	0.3188854489164083	-1.597409273e-05	0
830	Iter0831	4	0	11	5	0	0	2.5	0.530443756449952	-8.827698373e-05	0
831	Iter0832	6	5	9	3	0	0	0.4	0.4003230582850977	-0.0008271713063	0
832	Iter0833	4	2	7	3	0	0	0.8571428571428571	1.0	-8.23518527e-07	0
833	Iter0834	2	2	2	5	0	0	2.5	0.5757575757575755	-0.0001556772	0
834	Iter0835	3	1	8	1	0	0	0.375	1.0	-0.000756122	0
835	Iter0836	5	2	10	1	0	0	0.25	0.5281862745098062	-0.00017533768783	0
836	Iter0837	4	6	13	2	0	0	0.10256410256410256	0.02804243811108806	-0.00023164777989337	0
837	Iter0838	1	3	9	5	0	0	0.1851851851851852	0.2745098039215692	-0.000140754	0
838	Iter0839	5	4	8	1	0	0	0.15625	0.2941176470588228	-0.000307207244	0
839	Iter0840	2	3	13	4	0	0	0.20512820512820512	0.2743221690590105	-9.748992e-05	0
840	Iter0841	1	1	8	3	0	0	0.375	1.0	-2.03694e-07	0
841	Iter0842	3	1	8	6	0	0	2.25	1.0	-0.0016624156	0
842	Iter0843	1	2	6	3	0	0	0.25	0.5227272727272733	-4.299281e-05	0
843	Iter0844	1	1	4	2	0	0	0.5	1.0	-0.000116036	0
844	Iter0845	4	3	1	4	0	0	5.333333333333333	0.29292929292929354	-0.000301540456	0
845	Iter0846	4	1	3	6	0	0	8.0	0.2657342657342652	-0.00038965977695000004	0
846	Iter0847	2	2	1	4	0	0	4.0	0.5238095238095243	-8.0839229887e-05	0
847	Iter0848	2	3	5	1	0	0	0.13333333333333333	0.2424242424242424	-0.0003401160405065	0
848	Iter0849	1	0	6	5	0	0	1.7142857142857142	1.0	-9.72464e-06	0
849	Iter0850	3	3	4	3	0	0	0.75	1.0	-0.000280272486	0
850	Iter0851	2	4	4	4	0	0	0.5	0.6270396270396283	-3.2984400000000005e-09	0
851	Iter0852	1	0	9	3	0	0	0.8	1.0	0.0	0
852	Iter0853	1	1	13	4	0	0	0.3076923076923077	0.4678362573099442	-4.10716e-08	0
853	Iter0854	1	1	6	3	0	0	0.5	1.0	-0.000214577	0
854	Iter0855	4	6	8	3	0	0	0.25	0.1983805668016196	-0.000119168485	0
855	Iter0856	2	5	11	4	0	0	0.14545454545454548	0.0743034055727552	-3.5537484e-05	0
856	Iter0857	4	6	5	4	0	0	0.5333333333333333	0.6562817986966591	-0.0006017061530000001	0
857	Iter0858	5	1	7	5	0	0	3.571428571428572	0.6000323206205556	-0.00051233392	0
858	Iter0859	2	4	7	4	0	0	0.2857142857142857	0.3348416289592757	-3.859797e-05	0
859	Iter0860	5	2	7	6	0	0	2.142857142857143	0.6424148606811114	-0.0004648448527668	0
860	Iter0861	6	4	4	5	0	0	1.875	0.6562817986966594	-0.0005458430797999999	0
861	Iter0862	2	4	6	5	0	0	0.4166666666666667	0.6199095022624437	-8.722623508e-06	0
862	Iter0863	1	1	11	6	0	0	0.5454545454545455	1.0	-3.71095e-09	0
863	Iter0864	1	1	7	3	0	0	0.42857142857142855	1.0	-1.84577e-05	0
864	Iter0865	4	2	6	2	0	0	0.6666666666666666	1.0	-0.0004893182067169999	0
865	Iter0866	1	4	9	3	0	0	0.08333333333333333	0.10067873303167392	-8.31949e-10	0
866	Iter0867	1	2	10	1	0	0	0.05	0.09340659340659352	0.0	0
867	Iter0868	1	1	10	5	0	0	0.5	1.0	-7.09741e-07	0
868	Iter0869	0	2	8	2	0	0	0.1111111111111111	0.09090909090909123	0.0	0
869	Iter0870	1	3	8	2	0	0	0.08333333333333333	0.09490509490509473	-4.7806699999999986e-06	0
870	Iter0871	4	3	7	7	0	0	1.3333333333333333	1.0	-0.000125189653	0
871	Iter0872	2	5	3	3	0	0	0.4	0.5920745920745943	-0.000706471524	0
872	Iter0873	0	1	10	4	0	0	0.2272727272727273	0.3333333333333323	0.0	0
873	Iter0874	0	1	9	2	0	0	0.15	0.25000000000000083	0.0	0
874	Iter0875	2	5	10	2	0	0	0.08	0.044911486861951136	-2.62336e-05	0
875	Iter0876	3	4	3	1	0	0	0.25	0.5454545454545461	-0.0002886150155	0
876	Iter0877	2	5	4	4	0	0	0.4	0.6083916083916078	-9.73578e-06	0
877	Iter0878	3	2	8	1	0	0	0.1875	0.5054945054945037	-5.476048899999998e-06	0
878	Iter0879	8	6	3	2	0	0	0.8888888888888888	1.0	-0.0007706243861	0
879	Iter0880	4	1	6	2	0	0	1.3333333333333333	1.0	-0.00016378022	0
880	Iter0881	3	3	3	7	0	0	2.333333333333333	0.6066433566433567	-0.0006947052299999999	0
881	Iter0882	3	1	1	3	0	0	9.0	0.4857142857142854	-0.001012343535	0
882	Iter0883	2	4	5	6	0	0	0.6	1.0	-6.25286e-09	0
883	Iter0884	2	0	7	1	0	0	0.75	1.0	-0.000518763	0
884	Iter0885	3	3	10	3	0	0	0.3	0.320101724900484	-0.00032789509	0
885	Iter0886	2	2	3	8	0	0	2.6666666666666665	0.5604395604395589	-1.4846811899999997e-06	0
886	Iter0887	1	6	11	3	0	0	0.045454545454545456	0.01578947368421057	-8.175789999999999e-12	0
887	Iter0888	2	1	6	2	0	1	0.6666666666666666	1.0	-3.7646578799999997e-10	0
888	Iter0889	4	1	6	5	0	0	3.333333333333333	0.5879120879120874	-0.00024888077	0
889	Iter0890	5	1	12	1	0	0	0.4166666666666667	1.0	-0.0008989394	0
890	Iter0891	3	0	6	4	0	0	2.8571428571428568	0.4965034965034971	-3.529865e-06	0
891	Iter0892	3	4	8	8	0	0	0.75	1.0	-0.0005493997499999999	0
892	Iter0893	2	5	11	8	0	0	0.2909090909090909	0.3782608695652164	-9.815225000000001e-05	0
893	Iter0894	4	2	12	5	0	0	0.8333333333333334	1.0	-9.839583275400002e-05	0
894	Iter0895	3	1	6	3	0	0	1.5	1.0	-0.00014635520238899999	0
895	Iter0896	3	0	6	6	0	0	4.0	0.22857142857142754	-0.00027245269795272005	0
896	Iter0897	3	5	10	2	0	0	0.12	0.062332301341589215	-0.000267053851	0
897	Iter0898	3	0	11	4	0	0	1.6666666666666667	1.0	-0.000729570596129	0
898	Iter0899	2	2	4	4	0	0	1.0	1.0	-0.000189998	0
899	Iter0900	3	3	5	7	0	0	1.4	1.0	-4.8001809513e-05	0
900	Iter0901	2	2	8	3	0	0	0.375	0.5604395604395587	-0.00038881814336899997	0
901	Iter0902	4	2	5	1	0	0	0.4	1.0	-0.001297726577821	0
902	Iter0903	1	2	7	4	0	0	0.2857142857142857	0.5384615384615384	-0.00014243813000000002	0
903	Iter0904	2	4	3	0	0	0	0.15	0.16666666666666674	-6.0358799999999995e-06	0
904	Iter0905	1	2	7	5	0	0	0.35714285714285715	0.5692307692307683	-6.63111e-09	0
905	Iter0906	5	2	5	3	0	0	1.5	1.0	-1.70497e-05	0
906	Iter0907	6	5	7	5	0	0	0.8571428571428572	1.0	-0.00043904514692367727	0
907	Iter0908	3	1	13	2	0	0	0.4615384615384616	0.5304437564499519	-0.0009370026350000001	0
908	Iter0909	4	4	11	4	0	0	0.3636363636363637	0.3712029434199326	-1.78985056e-05	0
909	Iter0910	3	3	6	3	0	0	0.5	0.6223776223776206	-1.243458663e-08	0
910	Iter0911	2	2	7	5	0	0	0.7142857142857143	1.0	-0.00014162572	0
911	Iter0912	3	2	8	3	0	0	0.5625	1.0	-0.00027967187922000003	0
912	Iter0913	4	1	8	2	0	0	1.0	1.0	-0.00020608217305	0
913	Iter0914	1	4	5	4	0	0	0.2	0.3006993006992999	-8.7059e-10	0
914	Iter0915	4	4	6	4	0	0	0.6666666666666666	1.0	-1.3271284555200001e-05	0
915	Iter0916	3	3	9	0	0	0	0.1	0.0439560439560439	-0.00046994701218729996	0
916	Iter0917	2	2	1	2	0	0	2.0	1.0	-3.0369220400000002e-05	0
917	Iter0918	5	1	8	4	0	0	2.5	0.6148459383753487	-4.58462058e-05	0
918	Iter0919	0	2	6	1	0	0	0.09523809523809523	0.08333333333333337	0.0	0
919	Iter0920	2	1	6	1	0	0	0.3333333333333333	1.0	-0.00041170704	0
920	Iter0921	2	1	9	1	0	0	0.2222222222222222	0.42307692307692296	-2.2285182000000002e-05	0
921	Iter0922	1	2	8	7	0	0	0.4375	1.0	-1.40271e-07	0
922	Iter0923	4	2	5	4	0	0	1.6	1.0	-0.0005396672292410001	0
923	Iter0924	2	6	12	2	0	0	0.05555555555555555	0.008321606154423528	-8.460180000000001e-06	0
924	Iter0925	0	4	9	7	0	0	0.16	0.09411764705882404	0.0	0
925	Iter0926	3	3	3	0	0	0	0.25	0.4642857142857149	-8.802820427e-07	0
926	Iter0927	1	4	9	1	0	0	0.027777777777777776	0.016983016983016998	-1.95443e-07	0
927	Iter0928	1	2	6	6	0	0	0.5	1.0	-0.00306573	0
928	Iter0929	6	3	6	3	0	0	1.0	1.0	-0.0006664254940000001	0
929	Iter0930	0	4	3	3	0	0	0.2	0.20000000000000012	0.0	0
930	Iter0931	2	2	7	4	0	0	0.5714285714285714	1.0	0.0	0
931	Iter0932	0	0	7	2	0	0	0.375	1.0	0.0	0
932	Iter0933	3	3	6	3	0	0	0.5	0.6223776223776206	-0.00014526122599999998	0
933	Iter0934	0	2	13	2	0	0	0.07142857142857142	0.044117647058823616	0.0	0
934	Iter0935	1	3	6	5	0	0	0.2777777777777778	0.5692307692307697	-0.000116386	0
935	Iter0936	2	2	4	1	0	0	0.25	0.5238095238095241	-1.7407119999999996e-05	0
936	Iter0937	5	3	3	4	0	0	2.2222222222222223	0.6192696192696191	-0.00040493608138	0
937	Iter0938	7	2	7	3	0	0	1.5	1.0	-0.0014852824970799999	0
938	Iter0939	2	3	5	2	0	0	0.26666666666666666	0.5580808080808088	-7.8499e-06	0
939	Iter0940	3	3	2	1	0	0	0.5	1.0	-0.0001899596521	0
940	Iter0941	0	1	10	1	0	0	0.09090909090909093	0.16666666666666646	0.0	0
941	Iter0942	1	2	8	0	0	0	0.07407407407407407	0.05454545454545436	-1.22328e-09	0
942	Iter0943	3	3	5	3	0	0	0.6	1.0	-0.00030816582565	0
943	Iter0944	4	2	8	2	0	0	0.5	0.6043956043956026	-7.94175983e-05	0
944	Iter0945	3	1	10	3	0	0	0.8999999999999999	1.0	-0.0005744947856999999	0
945	Iter0946	1	3	10	5	0	0	0.16666666666666666	0.2621259029927765	-2.5313e-06	0
946	Iter0947	4	3	6	4	0	0	0.8888888888888888	1.0	-2.44622552e-05	0
947	Iter0948	0	0	10	1	0	0	0.18181818181818185	1.0	0.0	0
948	Iter0949	4	1	6	3	0	0	2.0	1.0	-0.00018636354000000003	0
949	Iter0950	2	2	8	4	0	0	0.5	0.604395604395601	-5.0125171e-05	0
950	Iter0951	3	2	6	1	0	0	0.25	0.5227272727272729	-7.8593811e-05	0
951	Iter0952	3	1	7	4	0	0	1.7142857142857142	1.0	-3.790682e-06	0
952	Iter0953	1	5	4	4	0	0	0.2	0.3006993006993006	-3.3754600000000004e-05	0
953	Iter0954	3	1	6	5	0	0	2.5	0.6043956043956045	-2.2683779899999998e-05	0
954	Iter0955	5	5	5	1	0	0	0.2	0.3069430569430568	-0.0016390302001	0
955	Iter0956	2	2	5	2	0	0	0.4	0.5757575757575751	-2.9552258649999995e-07	0
956	Iter0957	5	2	12	5	0	0	1.0416666666666667	1.0	-7.83617099e-05	0
957	Iter0958	5	3	5	2	0	0	0.6666666666666667	1.0	-0.00011964950006839998	0
958	Iter0959	4	2	4	9	0	0	4.5	0.3188854489164077	-4.205955e-05	0
959	Iter0960	4	5	5	7	0	0	1.12	1.0	-0.00043380752	0
960	Iter0961	2	0	1	2	0	0	4.5	0.4000000000000001	-0.0005471377	0
961	Iter0962	2	1	6	2	0	0	0.6666666666666666	1.0	-0.00016371000000000002	0
962	Iter0963	3	3	4	1	0	0	0.25	0.5454545454545454	-0.00075445094687	0
963	Iter0964	3	3	11	3	0	0	0.2727272727272728	0.3027089783281731	-0.00037532084556899997	0
964	Iter0965	0	6	12	5	0	0	0.06593406593406594	0.004576659038901587	0.0	0
965	Iter0966	4	2	12	4	0	0	0.6666666666666666	1.0	-0.0004078659000042924	0
966	Iter0967	3	5	7	3	0	0	0.2571428571428571	0.34156040038393043	-2.0237765891e-05	0
967	Iter0968	3	4	5	7	0	0	1.05	1.0	-9.0257989e-08	0
968	Iter0969	1	4	8	4	0	0	0.125	0.13122171945701286	-3.04597e-05	0
969	Iter0970	4	4	6	4	0	0	0.6666666666666666	1.0	-0.0007760102055199999	0
970	Iter0971	2	2	4	5	0	0	1.25	1.0	-0.00029609032094	0
971	Iter0972	3	2	3	4	0	0	2.0	1.0	-5.8363820143909e-05	0
972	Iter0973	2	4	4	5	0	0	0.625	1.0	-0.000212281	0
973	Iter0974	4	4	3	2	0	0	0.6666666666666666	1.0	-7.6993529e-05	0
974	Iter0975	2	2	13	6	0	0	0.4615384615384616	0.5889328063241088	-5.320241007669999e-06	0
975	Iter0976	2	4	4	2	0	0	0.25	0.5670995670995689	-1.00782e-05	0
976	Iter0977	0	1	6	4	0	0	0.35714285714285715	0.4545454545454545	0.0	0
977	Iter0978	2	5	9	6	0	0	0.26666666666666666	0.3614551083591333	-0.00030047364	0
978	Iter0979	3	1	6	3	0	0	1.5	1.0	-0.000350290973462	0
979	Iter0980	2	5	5	2	0	0	0.16	0.28613053613053563	-6.13498e-05	0
980	Iter0981	1	0	8	2	0	0	0.6666666666666666	1.0	0.0	0
981	Iter0982	5	1	9	5	0	0	2.7777777777777777	0.6126160990712087	-0.000261322193486587	0
982	Iter0983	5	3	5	2	0	0	0.6666666666666667	1.0	-0.00033135040000000003	0
983	Iter0984	2	6	6	6	0	0	0.3333333333333333	0.3728506787330324	-3.0322179999999998e-05	0
984	Iter0985	3	3	5	3	0	0	0.6	1.0	-0.0002465991	0
985	Iter0986	7	0	9	4	0	0	4.0	0.24871001031991885	-0.0009684744174000001	0
986	Iter0987	4	4	5	1	0	0	0.2	0.30069930069930034	-0.00062051573	0
987	Iter0988	6	4	12	5	0	0	0.625	0.6831287705429651	-9.6565442e-06	0
988	Iter0989	2	1	6	6	0	0	2.0	1.0	-2.19544e-12	0
989	Iter0990	2	1	7	0	0	0	0.1875	0.2999999999999995	-0.0001119683	0
990	Iter0991	1	4	6	8	0	0	0.3333333333333333	0.6026831785345721	-0.000352576	0
991	Iter0992	2	3	4	3	0	0	0.5	1.0	-7.270160000000002e-06	0
992	Iter0993	2	2	5	2	0	0	0.4	0.5757575757575751	-0.00022346800000000005	0
993	Iter0994	0	4	5	4	0	0	0.16666666666666669	0.10489510489510503	0.0	0
994	Iter0995	2	1	5	3	0	0	1.2	1.0	-1.0664044099999999e-07	0
995	Iter0996	1	2	7	3	0	0	0.21428571428571427	0.5104895104895115	0.0	0
996	Iter0997	2	2	4	1	0	0	0.25	0.5238095238095241	-1.48383e-06	0
997	Iter0998	4	6	9	5	0	0	0.3703703703703704	0.4080966482702935	-0.00054625638089	0
998	Iter0999	2	1	9	3	0	0	0.6666666666666666	1.0	-2.9577e-05	0
999	Iter1000	8	3	5	5	0	0	2.6666666666666665	0.3869969040247678	-4.83448274e-05	0
