	IterId	dN	dS	pN	pS	bdN	bpN	MkScore	FSPVal	SelCoef	PosSel
0	Iter0001	36	8	4	1	0	0	1.125	1.0	-1.23905e-08	0
1	Iter0002	27	8	1	1	0	0	3.375	0.4324324324324422	-8.907265128e-05	0
2	Iter0003	20	7	0	1	0	0	5.25	0.28571428571428165	-0.00015980393	0
3	Iter0004	26	5	3	1	0	0	1.7333333333333334	0.5463903743315546	-5.66765094e-05	0
4	Iter0005	25	8	5	5	0	0	3.125	0.13979079729656085	0.0	0
5	Iter0006	27	10	0	0	0	0	2.5454545454545454	1.0	-2.4302452e-05	0
6	Iter0007	29	5	2	0	0	0	1.6666666666666667	1.0	-1.0727097999999999e-05	0
7	Iter0008	34	7	1	0	0	0	2.1875	1.0	-9.780571066000001e-05	0
8	Iter0009	29	5	5	0	0	0	0.8333333333333334	1.0	-2.5003816e-05	0
9	Iter0010	32	8	3	0	0	0	0.9166666666666666	1.0	-0.00051530179	0
10	Iter0011	25	7	1	1	0	0	3.571428571428572	0.42067736185383175	-0.00034521813600000005	0
11	Iter0012	21	4	3	5	0	0	8.75	0.020100681669090674	-9.39612e-05	0
12	Iter0013	28	6	1	0	0	0	2.071428571428572	1.0	-0.00033173412	0
13	Iter0014	24	8	0	3	0	0	11.111111111111109	0.025210084033613446	-1.320900111546e-05	0
14	Iter0015	31	3	0	0	0	0	8.0	1.0	-0.00012754700000000002	0
15	Iter0016	20	4	2	0	0	0	1.4	1.0	-3.08246e-06	0
16	Iter0017	38	8	1	3	0	0	14.25	0.029374728614849705	-4.5773951e-05	0
17	Iter0018	32	3	3	1	0	0	3.555555555555556	0.3634119949909416	-7.11346e-05	0
18	Iter0019	29	3	0	1	0	0	15.0	0.12121212121211912	-0.00011456077	0
19	Iter0020	37	7	0	2	0	0	14.25	0.03478260869565245	-0.00012652824599999998	0
20	Iter0021	36	5	1	0	0	0	3.083333333333333	1.0	-0.0002042633560031	0
21	Iter0022	35	6	1	0	0	0	2.571428571428572	1.0	-0.0002000025725	0
22	Iter0023	33	1	4	4	0	0	33.0	0.0028636318751850648	-0.0001791839	0
23	Iter0024	22	9	4	1	0	0	0.6111111111111112	1.0	0.0	0
24	Iter0025	31	5	0	0	0	0	5.333333333333333	1.0	0.0	0
25	Iter0026	27	4	1	2	0	0	13.5	0.07352941176470737	-3.78591e-05	0
26	Iter0027	19	9	2	1	0	0	1.0555555555555556	1.0	-4.90037e-07	0
27	Iter0028	32	6	2	3	0	0	8.0	0.05353636720624744	-0.000580985920016	0
28	Iter0029	25	5	2	2	0	0	5.0	0.18007158875280324	-1.61688e-05	0
29	Iter0030	28	6	0	2	0	0	12.428571428571429	0.04444444444444398	-9.17269e-08	0
30	Iter0031	34	5	1	0	0	0	2.9166666666666665	1.0	-0.00033381829999999993	0
31	Iter0032	31	2	2	2	0	0	15.5	0.04998107351048815	-7.914750798999999e-05	0
32	Iter0033	24	5	3	0	0	0	1.0416666666666667	1.0	0.0	0
33	Iter0034	29	8	2	0	0	0	1.1111111111111112	1.0	-0.0010603156999999998	0
34	Iter0035	30	8	1	1	0	0	3.75	0.4038461538461545	-1.8386e-05	0
35	Iter0036	27	4	3	4	0	0	9.0	0.02451677683875829	-0.000167257703904	0
36	Iter0037	35	6	4	0	0	0	1.0285714285714287	1.0	-4.6080078e-05	0
37	Iter0038	24	8	1	1	0	0	3.0	0.4652406417112291	-4.955519999999999e-10	0
38	Iter0039	33	6	2	1	0	0	2.75	0.4298780487804764	-0.00037751137	0
39	Iter0040	31	3	1	4	0	0	41.333333333333336	0.0019817388238440874	-0.000666516913	0
40	Iter0041	27	4	0	0	0	0	5.6	1.0	-2.0106302400000002e-08	0
41	Iter0042	34	8	0	1	0	0	7.777777777777778	0.20930232558139	-0.000204180668101	0
42	Iter0043	26	7	2	2	0	0	3.7142857142857135	0.2435612082671021	-6.268773298000001e-05	0
43	Iter0044	29	2	6	1	0	0	2.4166666666666665	0.4671645329540013	-9.933358300000001e-05	0
44	Iter0045	30	4	2	0	0	0	2.066666666666667	1.0	-0.000133595	0
45	Iter0046	29	9	3	2	0	0	2.1481481481481484	0.5890704115321208	-0.0003824707660000001	0
46	Iter0047	28	6	3	4	0	0	6.222222222222222	0.047494121948550266	-6.511788100000001e-06	0
47	Iter0048	26	2	3	2	0	0	8.666666666666666	0.09934017595307833	-1.41672e-06	0
48	Iter0049	22	8	2	0	0	0	0.8518518518518517	1.0	-6.22481e-12	0
49	Iter0050	32	2	1	4	0	0	64.0	0.0008701587648956319	-0.00022866257026	0
50	Iter0051	33	5	3	0	0	0	1.4166666666666667	1.0	-9.2531379e-05	0
51	Iter0052	29	9	1	1	0	0	3.2222222222222223	0.4423076923076963	-9.331134937179999e-05	0
52	Iter0053	27	2	0	0	0	0	9.333333333333334	1.0	-1.9258201e-06	0
53	Iter0054	27	5	3	0	0	0	1.1666666666666667	1.0	-0.0008064810000000001	0
54	Iter0055	32	7	3	1	0	0	1.5238095238095235	1.0	-0.000183478684837	0
55	Iter0056	26	7	2	4	0	0	7.428571428571429	0.04233955317546783	-0.00040822993712000006	0
56	Iter0057	26	5	3	4	0	0	6.933333333333334	0.04073071100934822	-5.265885e-05	0
57	Iter0058	24	7	3	4	0	0	4.571428571428571	0.1607135386160139	-5.8001479e-05	0
58	Iter0059	26	8	3	1	0	0	1.0833333333333333	1.0	-1.0614e-07	0
59	Iter0060	28	2	3	4	0	0	18.666666666666668	0.0068229994700583965	-0.000239425	0
60	Iter0061	31	7	4	1	0	0	1.1071428571428572	1.0	-0.0004874374300000001	0
61	Iter0062	39	6	7	3	0	0	2.7857142857142856	0.33983179783353995	-0.0007158753233999999	0
62	Iter0063	39	5	5	2	0	0	3.12	0.2422037899340982	-1.876181415e-07	0
63	Iter0064	27	5	3	1	0	0	1.8	0.5347593582887668	-6.797782e-06	0
64	Iter0065	17	6	2	0	0	0	0.8571428571428572	1.0	-0.000114692	0
65	Iter0066	20	5	3	3	0	0	4.0	0.16053925063936147	-0.00017360400000000005	0
66	Iter0067	31	8	2	1	0	0	1.9375	0.5247386759581956	-0.0004959144	0
67	Iter0068	28	10	1	0	0	0	1.318181818181818	1.0	-4.69042e-06	0
68	Iter0069	21	4	3	2	0	0	3.5	0.2543471853816673	-0.0006286484711070176	0
69	Iter0070	27	3	1	0	0	0	3.5	1.0	-5.64633e-06	0
70	Iter0071	28	4	4	2	0	0	3.5	0.2340846334654355	-0.00044987350999999996	0
71	Iter0072	20	5	2	2	0	0	4.0	0.23813734158562	-0.0001198007	0
72	Iter0073	28	9	0	1	0	0	5.8	0.2631578947368368	-0.00029745171410000006	0
73	Iter0074	26	6	2	3	0	0	6.5	0.08122561063737742	0.0	0
74	Iter0075	27	6	1	0	0	0	2.0	1.0	-4.27421e-06	0
75	Iter0076	31	9	1	1	0	0	3.4444444444444446	0.4239256678281125	-2.6161400000000005e-06	0
76	Iter0077	19	3	1	1	0	0	6.333333333333332	0.3115942028985534	-9.778480000000001e-05	0
77	Iter0078	28	3	1	0	0	0	3.625	1.0	0.0	0
78	Iter0079	20	6	3	1	0	0	1.1111111111111112	1.0	-5.368229999999998e-13	0
79	Iter0080	47	6	3	3	0	0	7.833333333333332	0.040107308279199734	-9.639186790001527e-06	0
80	Iter0081	28	11	0	1	0	0	4.833333333333333	0.2999999999999979	-0.00021351088999999997	0
81	Iter0082	33	8	3	1	0	0	1.375	1.0	-1.1765089880999999e-07	0
82	Iter0083	36	7	3	3	0	0	5.142857142857143	0.0902706385724778	-1.71662e-08	0
83	Iter0084	23	6	0	1	0	0	6.857142857142858	0.2333333333333316	-0.00141546	0
84	Iter0085	38	4	0	1	0	0	15.6	0.11627906976743975	-0.0020110581285699997	0
85	Iter0086	23	6	2	0	0	0	1.1428571428571428	1.0	-7.762220199999999e-05	0
86	Iter0087	26	9	2	1	0	0	1.4444444444444444	1.0	-0.0002794804087	0
87	Iter0088	25	4	3	3	0	0	6.25	0.0791573227531489	-2.53309434262e-05	0
88	Iter0089	38	4	1	1	0	0	9.5	0.21670190274841225	-6.05944e-05	0
89	Iter0090	24	15	2	2	0	0	1.6	1.0	-4.6672800000000005e-06	0
90	Iter0091	30	6	3	2	0	0	3.333333333333333	0.24646716431056145	-6.54125e-05	0
91	Iter0092	27	3	2	0	0	0	2.333333333333333	1.0	-2.6456612e-05	0
92	Iter0093	29	3	2	1	0	0	4.833333333333333	0.3132161955691403	-1.48728e-05	0
93	Iter0094	30	7	2	2	0	0	4.285714285714286	0.20410783055198572	-0.0005414238	0
94	Iter0095	30	9	2	1	0	0	1.6666666666666667	1.0	-7.523684755e-05	0
95	Iter0096	39	4	1	0	0	0	4.0	1.0	-0.00013949441968810002	0
96	Iter0097	28	7	2	0	0	0	1.2083333333333333	1.0	-0.0006301909999999999	0
97	Iter0098	26	6	1	0	0	0	1.9285714285714288	1.0	-1.58732e-06	0
98	Iter0099	35	7	2	3	0	0	7.5	0.0573308325819976	-0.00020925071499999998	0
99	Iter0100	24	4	0	1	0	0	10.0	0.1724137931034499	-5.787239745500001e-05	0
100	Iter0101	30	4	2	0	0	0	2.066666666666667	1.0	-0.0003979581	0
101	Iter0102	22	6	2	2	0	0	3.6666666666666665	0.2542269187986693	-2.67816e-05	0
102	Iter0103	18	6	1	0	0	0	1.3571428571428572	1.0	-4.465e-13	0
103	Iter0104	26	7	3	2	0	0	2.4761904761904763	0.5741360555602103	-0.000719306814922	0
104	Iter0105	24	4	3	1	0	0	2.0	0.5119577308120208	-1.42324e-11	0
105	Iter0106	33	7	3	0	0	0	1.0625	1.0	-0.0002969043071	0
106	Iter0107	27	4	5	2	0	0	2.7	0.3024699340488827	-0.000328561	0
107	Iter0108	30	4	3	1	0	0	2.5	0.4456411298516635	-0.0002033922693	0
108	Iter0109	25	5	1	0	0	0	2.1666666666666665	1.0	-0.0006830537769999999	0
109	Iter0110	28	2	4	0	0	0	1.933333333333333	1.0	-5.631520000000001e-05	0
110	Iter0111	25	0	3	0	0	0	6.5	1.0	-0.000158708382	0
111	Iter0112	26	7	3	1	0	0	1.238095238095238	1.0	-0.0005185055768999999	0
112	Iter0113	35	5	2	0	0	0	2.0	1.0	-0.000202570655	0
113	Iter0114	25	5	1	1	0	0	5.0	0.3447580645161263	-0.0009967205	0
114	Iter0115	30	6	5	2	0	0	2.0	0.5970322101020289	-2.50496731e-05	0
115	Iter0116	27	8	2	0	0	0	1.037037037037037	1.0	-0.0003517648	0
116	Iter0117	31	6	2	0	0	0	1.5238095238095235	1.0	-0.000101828158	0
117	Iter0118	31	3	2	3	0	0	15.500000000000002	0.01921122973754607	-1.3332523329999999e-05	0
118	Iter0119	31	5	1	2	0	0	12.4	0.07736076157128788	0.0	0
119	Iter0120	38	5	3	2	0	0	5.066666666666666	0.14834748969809192	-6.407492618056999e-05	0
120	Iter0121	27	10	3	2	0	0	1.8	0.613409696849996	-0.00021975096000000001	0
121	Iter0122	30	6	2	0	0	0	1.4761904761904765	1.0	-0.0002272539506	0
122	Iter0123	21	7	4	1	0	0	0.75	1.0	-1.90439e-05	0
123	Iter0124	28	5	3	2	0	0	3.733333333333333	0.22268708336819976	-0.0005999824	0
124	Iter0125	28	13	4	2	0	0	1.0769230769230769	1.0	-7.177280000000002e-06	0
125	Iter0126	27	4	1	0	0	0	2.8	1.0	-0.00011067144299999999	0
126	Iter0127	30	3	1	1	0	0	10.0	0.21848739495799066	-0.00091531039	0
127	Iter0128	33	10	2	1	0	0	1.65	1.0	-0.0003197590516	0
128	Iter0129	29	5	5	1	0	0	1.16	1.0	-2.2252831097e-05	0
129	Iter0130	28	3	4	0	0	0	1.45	1.0	-0.00018292437600000001	0
130	Iter0131	27	6	4	3	0	0	3.375	0.3164757696491484	-0.0006717013999999999	0
131	Iter0132	33	6	0	3	0	0	19.428571428571427	0.007317073170731702	-0.0011225705068279	0
132	Iter0133	23	7	1	1	0	0	3.2857142857142856	0.4435483870967705	-1.7132508e-05	0
133	Iter0134	44	6	4	3	0	0	5.5	0.07061729282653399	-0.00020050436604999997	0
134	Iter0135	27	4	2	1	0	0	3.375	0.3893716577540132	-0.000154097	0
135	Iter0136	24	5	0	1	0	0	8.333333333333334	0.199999999999998	-0.001009110332663	0
136	Iter0137	41	8	0	0	0	0	4.666666666666667	1.0	-1.3261509146e-05	0
137	Iter0138	24	6	1	6	0	0	24.0	0.00232063182727322	-0.0003668010005620001	0
138	Iter0139	27	9	1	1	0	0	3.0	0.4623044096728395	-0.00083130997946	0
139	Iter0140	28	3	2	1	0	0	4.666666666666667	0.3215240641711227	-7.305579999999999e-07	0
140	Iter0141	33	1	0	2	0	0	51.0	0.004761904761904708	-0.000159945	0
141	Iter0142	31	8	1	1	0	0	3.875	0.3951219512195086	-1.5103856909999998e-05	0
142	Iter0143	23	4	4	3	0	0	4.3125	0.1346166715245096	-2.61264e-06	0
143	Iter0144	28	7	2	0	0	0	1.2083333333333333	1.0	-0.00030775771999999997	0
144	Iter0145	19	4	1	2	0	0	9.5	0.12307692307692268	-0.0007685677879999999	0
145	Iter0146	18	4	2	0	0	0	1.2666666666666666	1.0	-0.0003067384679	0
146	Iter0147	21	3	4	2	0	0	3.5	0.2543471853816707	-0.00013616465969999998	0
147	Iter0148	30	4	0	1	0	0	12.4	0.1428571428571436	-6.0708800667999995e-05	0
148	Iter0149	21	4	5	4	0	0	4.2	0.1647582280965799	-5.4230900000000006e-09	0
149	Iter0150	25	7	4	0	0	0	0.65	0.5657754010695133	-1.33075e-11	0
150	Iter0151	31	5	2	1	0	0	3.1	0.4029981398402557	-0.001950291000239025	0
151	Iter0152	26	7	2	2	0	0	3.7142857142857135	0.2435612082671021	-0.00026479030434	0
152	Iter0153	32	5	1	1	0	0	6.4	0.2874493927125523	-0.000148817	0
153	Iter0154	23	5	1	2	0	0	9.2	0.11991101223581806	-0.000133409063	0
154	Iter0155	27	9	1	3	0	0	9.0	0.07281978334610056	-0.00020567760000000002	0
155	Iter0156	21	4	2	2	0	0	5.25	0.1797819039198358	-0.0006760443999999999	0
156	Iter0157	29	4	2	1	0	0	3.625	0.3704481792717156	-9.490198631e-05	0
157	Iter0158	18	8	6	1	0	0	0.375	0.641824249165734	-9.88705e-05	0
158	Iter0159	28	5	2	0	0	0	1.6111111111111107	1.0	-1.15499e-07	0
159	Iter0160	28	4	3	5	0	0	11.666666666666668	0.007887100766357628	-0.0002525602976	0
160	Iter0161	32	6	5	0	0	0	0.7857142857142857	1.0	-0.0011643363272999998	0
161	Iter0162	31	4	3	1	0	0	2.583333333333333	0.4361649098491196	-3.0915080000000004e-05	0
162	Iter0163	38	7	1	0	0	0	2.4375	1.0	-0.000354987	0
163	Iter0164	25	5	5	3	0	0	3.0	0.3269989799501393	-0.0006766914516	0
164	Iter0165	20	8	5	4	0	0	2.0	0.43178341594884173	-2.01216679e-05	0
165	Iter0166	27	4	5	3	0	0	4.05	0.13676709032746248	-0.0001971991	0
166	Iter0167	25	5	3	1	0	0	1.6666666666666667	0.5585000862515149	-4.1038679058e-05	0
167	Iter0168	30	8	0	0	0	0	3.4444444444444446	1.0	-0.0005102594825900001	0
168	Iter0169	32	4	2	1	0	0	4.0	0.3452237662764006	-0.0007582487334059999	0
169	Iter0170	31	3	2	2	0	0	10.333333333333334	0.07606854975276134	-0.0010918197473	0
170	Iter0171	33	3	2	3	0	0	16.5	0.016587981286312403	-0.00075316882	0
171	Iter0172	29	6	1	2	0	0	9.666666666666666	0.10621147463252614	-1.4076373499999999e-05	0
172	Iter0173	22	5	5	2	0	0	1.7600000000000002	0.6148293855918308	0.0	0
173	Iter0174	19	5	2	3	0	0	5.7	0.11187739463601584	0.0	0
174	Iter0175	20	8	0	3	0	0	9.333333333333334	0.03670745272525067	-3.2980199999999995e-10	0
175	Iter0176	31	4	1	1	0	0	7.75	0.2552552552552589	-1.294972e-05	0
176	Iter0177	25	9	3	0	0	0	0.65	0.5621621621621788	-2.74339e-05	0
177	Iter0178	30	7	4	4	0	0	4.285714285714286	0.08507994975439279	-3.207852e-05	0
178	Iter0179	30	5	0	1	0	0	10.333333333333334	0.16666666666666438	-8.775482399999999e-09	0
179	Iter0180	26	2	2	0	0	0	3.0	1.0	-2.74358e-07	0
180	Iter0181	26	5	0	1	0	0	9.0	0.1874999999999995	-0.0005323969554712801	0
181	Iter0182	22	5	1	1	0	0	4.4	0.3768472906403947	-7.4136663e-05	0
182	Iter0183	25	5	1	6	0	0	30.0	0.0011987794245858995	-0.0002307782	0
183	Iter0184	27	7	2	1	0	0	1.9285714285714288	0.5297297297297378	0.0	0
184	Iter0185	33	11	0	3	0	0	11.333333333333336	0.02244835029293817	-2.89492e-05	0
185	Iter0186	26	5	0	1	0	0	9.0	0.1874999999999995	-9.48818565e-05	0
186	Iter0187	26	3	4	2	0	0	4.333333333333333	0.19520872865275293	-0.0001356212	0
187	Iter0188	28	4	1	0	0	0	2.9	1.0	-8.335592748199999e-05	0
188	Iter0189	20	7	1	0	0	0	1.3125	1.0	-2.38206e-09	0
189	Iter0190	30	7	2	3	0	0	6.428571428571429	0.07816445428768885	-7.00413e-08	0
190	Iter0191	33	3	1	1	0	0	11.0	0.20199146514935687	-4.1553674e-06	0
191	Iter0192	26	4	3	0	0	0	1.35	1.0	-9.83972e-05	0
192	Iter0193	25	11	2	0	0	0	0.7222222222222222	1.0	-0.000326244515339	0
193	Iter0194	31	5	1	1	0	0	6.2	0.2944523470839258	-0.00023830599999999998	0
194	Iter0195	41	5	2	0	0	0	2.333333333333333	1.0	-2.53248e-07	0
195	Iter0196	22	6	2	3	0	0	5.5	0.11095661846495992	-0.000165467122	0
196	Iter0197	35	8	3	0	0	0	1.0	1.0	-0.0001412842	0
197	Iter0198	27	0	2	0	0	0	9.333333333333334	1.0	-9.421109980000001e-05	0
198	Iter0199	28	6	1	0	0	0	2.071428571428572	1.0	-6.135622475e-05	0
199	Iter0200	20	3	1	2	0	0	13.333333333333336	0.08461538461538466	-2.03117e-07	0
200	Iter0201	21	8	3	0	0	0	0.6111111111111112	0.5548387096774183	-9.8574716449e-05	0
201	Iter0202	27	7	0	2	0	0	10.5	0.05714285714285657	-1.08749e-06	0
202	Iter0203	29	7	1	2	0	0	8.285714285714286	0.12736623262939215	-3.09865e-05	0
203	Iter0204	29	6	0	0	0	0	4.285714285714286	1.0	-0.0001924222	0
204	Iter0205	23	4	3	2	0	0	3.8333333333333335	0.22791196567614644	-9.81046e-06	0
205	Iter0206	20	6	1	0	0	0	1.5	1.0	-6.35935e-12	0
206	Iter0207	26	13	0	0	0	0	1.9285714285714288	1.0	-2.6359400000000003e-06	0
207	Iter0208	27	6	3	3	0	0	4.5	0.12251308226540747	-2.1147600000000003e-09	0
208	Iter0209	40	3	0	2	0	0	30.75	0.010101010101009916	-0.000616034	0
209	Iter0210	33	7	2	0	0	0	1.4166666666666667	1.0	-2.2296180000000004e-05	0
210	Iter0211	29	6	2	0	0	0	1.4285714285714286	1.0	-5.038431000000001e-05	0
211	Iter0212	32	7	0	2	0	0	12.375	0.04390243902439018	-0.000302339032703	0
212	Iter0213	29	6	2	1	0	0	2.4166666666666665	0.4671645329540002	-5.1847e-07	0
213	Iter0214	20	4	0	4	0	0	21.0	0.0034188034188033845	-3.45995e-11	0
214	Iter0215	38	4	3	2	0	0	6.333333333333332	0.11533770247708333	-0.0007893788728134	0
215	Iter0216	33	6	3	1	0	0	1.8333333333333333	0.5226885989789987	0.0	0
216	Iter0217	23	7	3	3	0	0	3.2857142857142856	0.3168931795592117	-0.000329733	0
217	Iter0218	33	5	1	0	0	0	2.833333333333333	1.0	-1.400901e-05	0
218	Iter0219	31	1	1	0	0	0	8.0	1.0	-9.619079762673e-05	0
219	Iter0220	30	6	4	0	0	0	0.8857142857142858	1.0	-3.9760056000000005e-05	0
220	Iter0221	36	5	3	1	0	0	2.4	0.44796134098457663	-0.0007768993850000001	0
221	Iter0222	31	10	2	0	0	0	0.9696969696969696	1.0	-4.03906e-05	0
222	Iter0223	25	6	2	1	0	0	2.083333333333333	0.5111965240641712	-0.000343301	0
223	Iter0224	25	4	2	3	0	0	9.375	0.047621614628255635	-0.000316870779	0
224	Iter0225	26	8	2	1	0	0	1.625	1.0	-0.000504975	0
225	Iter0226	24	5	2	4	0	0	9.6	0.02729860272554774	-2.2791089e-06	0
226	Iter0227	28	2	2	0	0	0	3.2222222222222214	1.0	-5.1813293e-05	0
227	Iter0228	25	5	0	1	0	0	8.666666666666666	0.19354838709677086	-2.70588e-10	0
228	Iter0229	32	8	0	1	0	0	7.333333333333332	0.21951219512195155	-4.873739999999999e-09	0
229	Iter0230	24	6	2	1	0	0	2.0	0.5234604105571717	-0.000176194	0
230	Iter0231	31	3	2	2	0	0	10.333333333333334	0.07606854975276134	0.0	0
231	Iter0232	31	3	3	3	0	0	10.333333333333334	0.03342555974134913	-0.00043604319999999996	0
232	Iter0233	30	8	1	1	0	0	3.75	0.4038461538461545	-0.000235874	0
233	Iter0234	28	4	0	1	0	0	11.6	0.15151515151514874	-0.0009528990179900001	0
234	Iter0235	23	6	5	1	0	0	0.7666666666666667	1.0	-1.17109e-05	0
235	Iter0236	31	7	3	3	0	0	4.428571428571429	0.11965742708794458	-0.000920801561	0
236	Iter0237	26	3	5	9	0	0	15.599999999999998	0.0005041086896090584	-4.12643e-05	0
237	Iter0238	28	4	1	1	0	0	7.0	0.27629233511586315	-1.44888e-10	0
238	Iter0239	23	6	3	1	0	0	1.2777777777777781	1.0	-0.0005090787978999999	0
239	Iter0240	34	5	1	2	0	0	13.6	0.06707317073170686	-0.0001406525986024	0
240	Iter0241	36	6	1	2	0	0	12.0	0.07695560253699223	-0.0005075078	0
241	Iter0242	24	3	3	1	0	0	2.6666666666666665	0.4422374066422985	-0.00029735856230000003	0
242	Iter0243	39	8	0	0	0	0	4.4444444444444455	1.0	-0.000113617	0
243	Iter0244	26	6	2	1	0	0	2.1666666666666665	0.4994652406417136	-2.12394211688e-05	0
244	Iter0245	31	5	1	0	0	0	2.6666666666666665	1.0	-0.0005532362	0
245	Iter0246	22	5	1	1	0	0	4.4	0.3768472906403947	-0.001273434581	0
246	Iter0247	31	9	2	0	0	0	1.0666666666666669	1.0	-0.000363092	0
247	Iter0248	30	7	0	0	0	0	3.875	1.0	-9.77694e-05	0
248	Iter0249	26	4	2	0	0	0	1.8	1.0	-7.46290145e-09	0
249	Iter0250	22	6	4	6	0	0	5.5	0.04516579518387557	-1.6110110281e-05	0
250	Iter0251	22	3	1	2	0	0	14.666666666666664	0.07326007326007253	-6.91782e-05	0
251	Iter0252	27	3	3	0	0	0	1.75	1.0	-1.0399e-11	0
252	Iter0253	36	3	0	0	0	0	9.25	1.0	-6.579211e-05	0
253	Iter0254	33	5	2	3	0	0	9.9	0.03721802870980307	-0.00105260626779	0
254	Iter0255	27	12	3	0	0	0	0.5384615384615384	0.5452961672473884	-4.1026099999999985e-08	0
255	Iter0256	21	8	1	0	0	0	1.2222222222222223	1.0	-0.0016314039	0
256	Iter0257	16	4	1	3	0	0	12.0	0.05928853754940695	-0.000664014	0
257	Iter0258	23	7	1	1	0	0	3.2857142857142856	0.4435483870967705	-0.0002790475582	0
258	Iter0259	29	10	3	3	0	0	2.9	0.33422614443599513	-4.130720000000001e-09	0
259	Iter0260	30	1	1	0	0	0	7.75	1.0	-1.064780632e-06	0
260	Iter0261	25	8	1	0	0	0	1.4444444444444444	1.0	0.0	0
261	Iter0262	28	8	2	0	0	0	1.0740740740740742	1.0	-0.001083233838	0
262	Iter0263	24	9	2	1	0	0	1.3333333333333333	1.0	-0.0001737498	0
263	Iter0264	34	9	1	4	0	0	15.111111111111109	0.015366430260047387	-0.0004043004090579258	0
264	Iter0265	38	2	0	2	0	0	39.0	0.00696864111498267	0.0	0
265	Iter0266	30	3	1	2	0	0	20.0	0.04481792717086923	-0.0007627150270000001	0
266	Iter0267	36	6	0	2	0	0	15.857142857142858	0.02959830866807597	-4.4404164849999994e-05	0
267	Iter0268	27	4	4	3	0	0	5.0625	0.10051959326340104	-0.000907484127	0
268	Iter0269	25	3	3	4	0	0	11.111111111111114	0.01826078292577074	-4.8405724e-05	0
269	Iter0270	25	4	2	2	0	0	6.25	0.14222873900293004	-0.000757342	0
270	Iter0271	23	9	4	0	0	0	0.48	0.553093964858661	0.0	0
271	Iter0272	31	5	1	1	0	0	6.2	0.2944523470839258	-4.454982e-05	0
272	Iter0273	25	8	2	3	0	0	4.6875	0.134053336839715	-0.0002761513	0
273	Iter0274	24	8	1	1	0	0	3.0	0.4652406417112291	-0.0003727680000000001	0
274	Iter0275	33	11	4	2	0	0	1.5	0.6433976476806953	-0.00029351153	0
275	Iter0276	27	5	2	2	0	0	5.4	0.1625668449197836	-7.13825e-05	0
276	Iter0277	26	3	1	1	0	0	8.666666666666666	0.2451612903225791	-0.0010019698066679999	0
277	Iter0278	29	7	0	1	0	0	7.5	0.2162162162162233	-2.6269322199999998e-06	0
278	Iter0279	30	4	3	3	0	0	7.5	0.054747054747054866	-5.6255737415682e-05	0
279	Iter0280	21	9	1	0	0	0	1.1	1.0	-0.00075712	0
280	Iter0281	38	5	1	1	0	0	7.6	0.25151515151514325	-2.317080000033243e-05	0
281	Iter0282	30	3	1	1	0	0	10.0	0.21848739495799066	-4.3346350213600004e-05	0
282	Iter0283	21	7	4	1	0	0	0.75	1.0	-2.08085e-05	0
283	Iter0284	24	2	1	1	0	0	12.0	0.2063492063492047	-9.01553e-07	0
284	Iter0285	25	8	0	1	0	0	5.777777777777778	0.26470588235294434	-3.15073e-07	0
285	Iter0286	33	4	2	2	0	0	8.25	0.09519107336821983	0.0	0
286	Iter0287	28	7	3	2	0	0	2.6666666666666665	0.3114126272020975	-0.00126136	0
287	Iter0288	34	5	4	1	0	0	1.7	0.5378100345485541	-0.000199245846	0
288	Iter0289	36	4	1	2	0	0	18.0	0.04659265861761444	-4.1353656382e-05	0
289	Iter0290	31	4	3	1	0	0	2.583333333333333	0.4361649098491196	0.0	0
290	Iter0291	37	2	1	1	0	0	18.5	0.14268292682927136	-0.0001007787	0
291	Iter0292	38	3	5	2	0	0	5.066666666666666	0.14834748969809214	-0.00016206183599999999	0
292	Iter0293	29	3	2	1	0	0	4.833333333333333	0.3132161955691403	-1.369505734e-05	0
293	Iter0294	29	4	2	2	0	0	7.25	0.11522446816565007	-8.162660000000001e-06	0
294	Iter0295	26	9	2	4	0	0	5.777777777777778	0.06850431946709201	-0.000230529160255	0
295	Iter0296	27	10	2	1	0	0	1.35	1.0	-8.17847e-05	0
296	Iter0297	31	7	2	0	0	0	1.3333333333333333	1.0	-0.000658597	0
297	Iter0298	24	5	3	1	0	0	1.6	1.0	0.0	0
298	Iter0299	33	5	1	1	0	0	6.6	0.2807692307692254	-0.0005295419999999999	0
299	Iter0300	20	3	7	2	0	0	1.9047619047619049	0.6042477753059035	-1.981164576e-05	0
300	Iter0301	30	8	0	1	0	0	6.888888888888888	0.230769230769232	-8.367600267999998e-05	0
301	Iter0302	23	3	0	2	0	0	18.0	0.026455026455026287	-0.00017463194549999998	0
302	Iter0303	32	6	3	1	0	0	1.7777777777777777	0.532207629768606	-0.00033026585100000007	0
303	Iter0304	35	7	0	1	0	0	9.0	0.18604651162790412	-0.0004767216729	0
304	Iter0305	34	4	1	1	0	0	8.5	0.2371794871794881	-2.4127950927e-05	0
305	Iter0306	28	3	2	1	0	0	4.666666666666667	0.3215240641711227	-0.00019746613700000003	0
306	Iter0307	29	8	0	1	0	0	6.666666666666668	0.2368421052631509	-5.5857142e-06	0
307	Iter0308	34	2	3	3	0	0	17.0	0.015453737533326904	-0.0004655124	0
308	Iter0309	34	4	4	0	0	0	1.4	1.0	-3.82854e-12	0
309	Iter0310	32	7	1	0	0	0	2.0625	1.0	0.0	0
310	Iter0311	25	4	1	4	0	0	25.0	0.006741992984877255	-0.0007734294	0
311	Iter0312	27	6	3	4	0	0	6.0	0.05195574235821996	-8.640000000000001e-05	0
312	Iter0313	27	5	2	0	0	0	1.5555555555555556	1.0	-0.000113078992	0
313	Iter0314	25	3	0	0	0	0	6.5	1.0	-1.944822363e-05	0
314	Iter0315	23	2	2	1	0	0	5.75	0.2979242979242929	-0.00048129490000000004	0
315	Iter0316	33	9	1	3	0	0	11.0	0.04887091338051824	-5.33448e-06	0
316	Iter0317	37	6	1	2	0	0	12.333333333333336	0.07378129117259881	-0.0003865947111	0
317	Iter0318	31	7	3	1	0	0	1.4761904761904765	1.0	-0.00039944	0
318	Iter0319	32	7	3	2	0	0	3.0476190476190474	0.267158252977877	-0.0008760589123727	0
319	Iter0320	24	7	3	1	0	0	1.1428571428571428	1.0	-4.00103e-09	0
320	Iter0321	34	4	2	0	0	0	2.333333333333333	1.0	-0.00019467856700000003	0
321	Iter0322	23	4	0	1	0	0	9.6	0.17857142857142552	-3.5579596e-05	0
322	Iter0323	27	4	2	1	0	0	3.375	0.3893716577540132	-2.806218e-05	0
323	Iter0324	26	2	1	0	0	0	4.5	1.0	-2.856038e-05	0
324	Iter0325	22	11	3	0	0	0	0.4791666666666667	0.5378151260504246	-1.92509e-06	0
325	Iter0326	34	10	3	2	0	0	2.2666666666666666	0.5843795427514158	-1.48383e-05	0
326	Iter0327	31	7	0	1	0	0	8.0	0.2051282051282083	-0.00038843564003035105	0
327	Iter0328	24	5	2	0	0	0	1.3888888888888893	1.0	-0.0005441480485	0
328	Iter0329	34	7	0	2	0	0	13.125	0.03986710963455092	-9.3294787e-05	0
329	Iter0330	31	5	0	0	0	0	5.333333333333333	1.0	-0.00068017877	0
330	Iter0331	33	5	1	0	0	0	2.833333333333333	1.0	-0.000455344418	0
331	Iter0332	25	2	2	2	0	0	12.5	0.07039567773716719	-1.13867e-05	0
332	Iter0333	27	4	0	0	0	0	5.6	1.0	0.0	0
333	Iter0334	32	6	1	0	0	0	2.357142857142857	1.0	-0.0008873452000000001	0
334	Iter0335	24	5	1	1	0	0	4.8	0.3548387096774149	-0.00106566648	0
335	Iter0336	21	6	4	0	0	0	0.6285714285714286	0.5614174479580452	-0.0013621220000000001	0
336	Iter0337	24	4	2	1	0	0	3.0	0.42157953281424	-4.307722e-05	0
337	Iter0338	22	8	1	1	0	0	2.75	0.4899193548387102	0.0	0
338	Iter0339	29	12	2	0	0	0	0.7692307692307692	1.0	-0.000651827738	0
339	Iter0340	29	7	5	4	0	0	3.3142857142857145	0.1903225764407306	-9.376633178e-05	0
340	Iter0341	20	11	0	1	0	0	3.5	0.3750000000000023	-0.0006408060310999999	0
341	Iter0342	33	5	3	2	0	0	4.4	0.18000349055368586	-0.001364206816	0
342	Iter0343	25	4	1	2	0	0	12.5	0.08266129032258078	-2.328170704e-05	0
343	Iter0344	32	7	2	0	0	0	1.375	1.0	-0.0006369228238	0
344	Iter0345	29	14	2	0	0	0	0.6666666666666666	1.0	-0.00011926083938010301	0
345	Iter0346	25	4	1	0	0	0	2.6	1.0	-0.00063265143191	0
346	Iter0347	29	5	2	1	0	0	2.9	0.4214929214929294	-5.188164744000001e-06	0
347	Iter0348	29	3	7	2	0	0	2.761904761904762	0.29941633150876196	-2.296745e-05	0
348	Iter0349	24	5	0	1	0	0	8.333333333333334	0.199999999999998	-0.00014952707	0
349	Iter0350	23	5	2	0	0	0	1.3333333333333333	1.0	-0.000491540657	0
350	Iter0351	19	4	4	1	0	0	1.1875	1.0	-0.0001874097	0
351	Iter0352	33	6	2	0	0	0	1.6190476190476188	1.0	-0.00011643374399999998	0
352	Iter0353	38	6	2	0	0	0	1.857142857142857	1.0	-2.576139085e-07	0
353	Iter0354	23	3	3	3	0	0	7.666666666666668	0.06293588996592395	-4.49604e-05	0
354	Iter0355	32	4	0	0	0	0	6.6	1.0	-0.00034389654724999993	0
355	Iter0356	28	2	3	3	0	0	14.0	0.02428698752228156	-0.0002805053888	0
356	Iter0357	30	6	1	0	0	0	2.2142857142857144	1.0	-0.000571023600438632	0
357	Iter0358	30	8	3	0	0	0	0.8611111111111112	1.0	-0.00037438145242	0
358	Iter0359	30	3	2	2	0	0	10.0	0.08002119766825999	-8.121039999999998e-14	0
359	Iter0360	29	7	3	5	0	0	6.904761904761906	0.02489644866574173	-0.0007915471236	0
360	Iter0361	20	8	3	1	0	0	0.8333333333333334	1.0	0.0	0
361	Iter0362	22	5	1	0	0	0	1.9166666666666667	1.0	-3.5024600000000003e-05	0
362	Iter0363	21	3	1	4	0	0	28.0	0.006660772178013613	-7.444495e-05	0
363	Iter0364	29	7	1	2	0	0	8.285714285714286	0.12736623262939215	-1.10649e-06	0
364	Iter0365	29	7	1	1	0	0	4.142857142857143	0.3812233285917539	-0.00040517307964	0
365	Iter0366	27	6	1	3	0	0	13.5	0.03751987281399239	-0.00042632678	0
366	Iter0367	33	5	0	1	0	0	11.333333333333336	0.1538461538461553	-0.0001546788676331	0
367	Iter0368	27	4	2	1	0	0	3.375	0.3893716577540132	-8.037275404e-05	0
368	Iter0369	27	3	2	1	0	0	4.5	0.3302785923753601	-1.41084e-05	0
369	Iter0370	31	7	3	1	0	0	1.4761904761904765	1.0	-0.001009283567	0
370	Iter0371	25	9	0	1	0	0	5.2	0.28571428571428364	-5.4619421675e-05	0
371	Iter0372	29	3	1	0	0	0	3.75	1.0	-0.000734263	0
372	Iter0373	41	5	0	0	0	0	7.0	1.0	-0.00025209542399999996	0
373	Iter0374	26	7	6	5	0	0	3.095238095238096	0.13871426386155827	0.0	0
374	Iter0375	29	5	3	1	0	0	1.9333333333333331	0.5128361444150888	-0.0008008239000000001	0
375	Iter0376	29	5	1	0	0	0	2.5	1.0	-2.121965e-05	0
376	Iter0377	34	6	3	0	0	0	1.25	1.0	-3.5386071e-05	0
377	Iter0378	27	7	2	1	0	0	1.9285714285714288	0.5297297297297378	-4.6864162e-06	0
378	Iter0379	31	2	1	2	0	0	31.0	0.027450980392157064	-1.4904595e-06	0
379	Iter0380	28	2	3	1	0	0	4.666666666666667	0.3215240641711227	0.0	0
380	Iter0381	21	7	1	0	0	0	1.375	1.0	-1.93939e-05	0
381	Iter0382	19	11	3	5	0	0	2.878787878787879	0.24312357898695716	-0.00016763260834	0
382	Iter0383	37	8	3	2	0	0	3.083333333333333	0.2581000207668805	-0.00012255918478999998	0
383	Iter0384	25	8	1	1	0	0	3.125	0.4537815126050506	-0.00081752110556	0
384	Iter0385	31	7	1	1	0	0	4.428571428571429	0.3641025641025655	-0.0008504578899999999	0
385	Iter0386	25	3	0	1	0	0	13.0	0.13793103448276098	-0.0014831083132999998	0
386	Iter0387	32	11	3	0	0	0	0.6875	1.0	-6.218112287408999e-05	0
387	Iter0388	20	5	2	1	0	0	2.0	0.5299145299145259	-0.000159037	0
388	Iter0389	27	2	0	1	0	0	18.666666666666668	0.09999999999999952	-8.082429999999999e-05	0
389	Iter0390	25	5	5	1	0	0	1.0	1.0	-0.0012805200159604977	0
390	Iter0391	23	5	2	2	0	0	4.6	0.20050055617352808	-4.466641e-07	0
391	Iter0392	28	7	1	1	0	0	4.0	0.3903903903903937	-1.9980733e-05	0
392	Iter0393	27	6	3	1	0	0	1.5	1.0	-0.0006894737000120253	0
393	Iter0394	26	10	1	3	0	0	7.800000000000002	0.09231863442389664	-3.9320467e-05	0
394	Iter0395	26	2	3	1	0	0	4.333333333333333	0.3395161290322606	0.0	0
395	Iter0396	26	5	0	0	0	0	4.5	1.0	-0.00010138564434000001	0
396	Iter0397	37	10	2	2	0	0	3.7	0.2320168067226926	-0.00041298259682999997	0
397	Iter0398	31	3	0	2	0	0	24.0	0.015873015873015803	-2.6119854048e-05	0
398	Iter0399	27	9	3	1	0	0	1.0	1.0	-0.0004121728964	0
399	Iter0400	19	11	3	1	0	0	0.5757575757575758	1.0	-0.0006923639999999999	0
400	Iter0401	30	7	2	1	0	0	2.142857142857143	0.4979757085020125	-0.0002340854	0
401	Iter0402	31	10	0	0	0	0	2.9090909090909087	1.0	-2.2554569540000002e-05	0
402	Iter0403	26	7	5	3	0	0	2.2285714285714286	0.3780273515227925	0.0	0
403	Iter0404	28	9	1	1	0	0	3.111111111111111	0.45209176788123207	-1.14364e-06	0
404	Iter0405	24	7	2	1	0	0	1.7142857142857142	1.0	-0.00035595929	0
405	Iter0406	30	5	6	2	0	0	2.0	0.5970322101020249	-0.0001589902	0
406	Iter0407	25	9	0	1	0	0	5.2	0.28571428571428364	-7.849000000000001e-17	0
407	Iter0408	23	10	2	1	0	0	1.15	1.0	0.0	0
408	Iter0409	27	8	2	1	0	0	1.6875	1.0	-5.804742399999999e-07	0
409	Iter0410	22	6	0	0	0	0	3.2857142857142856	1.0	-0.00013296	0
410	Iter0411	32	7	3	0	0	0	1.03125	1.0	-0.0005728589550000001	0
411	Iter0412	33	4	1	2	0	0	16.5	0.053643724696353805	-0.00021666490000000002	0
412	Iter0413	34	3	3	2	0	0	7.555555555555557	0.0993877752542691	-4.73223e-06	0
413	Iter0414	25	3	2	1	0	0	4.166666666666667	0.3492769744160214	-0.00018771819000000002	0
414	Iter0415	33	3	5	1	0	0	2.2	0.4737335834896848	0.0	0
415	Iter0416	26	6	1	1	0	0	4.333333333333333	0.3743315508021364	-0.00039170278299999997	0
416	Iter0417	29	4	3	1	0	0	2.4166666666666665	0.4555227496404178	-0.00031584960000000003	0
417	Iter0418	27	5	0	0	0	0	4.666666666666667	1.0	-0.000621396	0
418	Iter0419	20	7	1	1	0	0	2.8571428571428568	0.4827586206896556	-2.8080753999999998e-05	0
419	Iter0420	33	2	2	4	0	0	33.0	0.002031853122995563	-6.6282253e-06	0
420	Iter0421	30	8	3	3	0	0	3.75	0.15443830134698214	-0.00044700550000000006	0
421	Iter0422	25	8	0	0	0	0	2.888888888888889	1.0	-6.35316559868e-05	0
422	Iter0423	26	4	0	0	0	0	5.4	1.0	-0.0001428353677	0
423	Iter0424	18	3	3	2	0	0	4.0	0.23572514442079595	-0.00021842206128	0
424	Iter0425	29	2	2	0	0	0	3.333333333333333	1.0	-3.535079009e-05	0
425	Iter0426	30	1	4	4	0	0	30.0	0.0038662143925302186	-8.5449e-07	0
426	Iter0427	28	7	4	1	0	0	1.0	1.0	-0.00027946538471	0
427	Iter0428	31	4	1	5	0	0	38.75	0.0009154014288802383	0.0	0
428	Iter0429	34	4	1	1	0	0	8.5	0.2371794871794881	-0.00014794602526200002	0
429	Iter0430	30	10	4	2	0	0	1.5	0.6435212423769492	-1.5184782000000001e-05	0
430	Iter0431	30	7	3	1	0	0	1.4285714285714286	1.0	0.0	0
431	Iter0432	40	6	2	0	0	0	1.9523809523809523	1.0	-0.00090052268297369	0
432	Iter0433	27	8	6	1	0	0	0.5625	1.0	-0.000170551529	0
433	Iter0434	31	9	0	1	0	0	6.4	0.24390243902439285	-7.526560000000002e-07	0
434	Iter0435	25	3	0	0	0	0	6.5	1.0	-0.001003679578	0
435	Iter0436	24	10	2	2	0	0	2.4	0.5773216825848334	0.0	0
436	Iter0437	29	3	1	0	0	0	3.75	1.0	-7.988266000000001e-05	0
437	Iter0438	26	3	5	4	0	0	6.933333333333333	0.04073071100934873	0.0	0
438	Iter0439	32	3	2	3	0	0	16.0	0.017835649414596734	-0.0003840167	0
439	Iter0440	27	5	4	2	0	0	2.7	0.30246993404887845	-1.75817e-05	0
440	Iter0441	28	10	2	2	0	0	2.8	0.5647279549718599	-0.00054971565146	0
441	Iter0442	33	7	2	1	0	0	2.357142857142857	0.4696539988655566	-0.00043337257515204	0
442	Iter0443	29	6	1	0	0	0	2.142857142857143	1.0	0.0	0
443	Iter0444	24	6	3	3	0	0	4.0	0.15063826116956675	-1.89945e-05	0
444	Iter0445	29	6	2	2	0	0	4.833333333333333	0.18025312762154946	-0.000116885143	0
445	Iter0446	24	5	2	2	0	0	4.8	0.1898826979472089	-0.00013133007434420002	0
446	Iter0447	25	3	2	1	0	0	4.166666666666667	0.3492769744160214	-2.411855175e-05	0
447	Iter0448	28	3	1	0	0	0	3.625	1.0	-9.46688e-05	0
448	Iter0449	37	6	2	3	0	0	9.250000000000002	0.039294424354554915	-0.0013830796362999998	0
449	Iter0450	23	9	3	2	0	0	1.7037037037037035	0.6227319756731627	-0.000133068263	0
450	Iter0451	26	9	5	3	0	0	1.7333333333333332	0.664884874724546	-1.4449230000000001e-06	0
451	Iter0452	21	8	1	1	0	0	2.625	0.5032258064516139	-1.2044577699999998e-05	0
452	Iter0453	30	6	0	0	0	0	4.428571428571429	1.0	-0.0008157102979999999	0
453	Iter0454	31	9	1	1	0	0	3.4444444444444446	0.4239256678281125	-1.1597929e-05	0
454	Iter0455	25	7	1	1	0	0	3.571428571428572	0.42067736185383175	0.0	0
455	Iter0456	26	7	1	0	0	0	1.6875	1.0	-5.30789e-05	0
456	Iter0457	36	2	6	0	0	0	1.761904761904762	1.0	-0.000405277668140396	0
457	Iter0458	31	6	4	1	0	0	1.2916666666666667	1.0	-0.00010205160000000002	0
458	Iter0459	28	11	5	0	0	0	0.4027777777777777	0.30921319179969464	-1.45738e-05	0
459	Iter0460	33	9	2	2	0	0	3.6666666666666665	0.23795079204583244	-6.626287972700001e-05	0
460	Iter0461	26	4	1	2	0	0	13.0	0.07789589442815054	0.0	0
461	Iter0462	20	5	3	1	0	0	1.3333333333333333	1.0	-0.000263097	0
462	Iter0463	30	4	1	0	0	0	3.1	1.0	-5.9176597484e-07	0
463	Iter0464	24	5	4	5	0	0	5.999999999999999	0.03615870621263632	-2.5338e-12	0
464	Iter0465	27	10	4	2	0	0	1.35	1.0	-2.39216e-05	0
465	Iter0466	34	4	0	0	0	0	7.0	1.0	0.0	0
466	Iter0467	28	6	2	0	0	0	1.3809523809523812	1.0	-5.76833e-07	0
467	Iter0468	28	5	0	2	0	0	14.5	0.035294117647059545	-0.000686247450529	0
468	Iter0469	20	4	2	0	0	0	1.4	1.0	-1.46033e-05	0
469	Iter0470	36	4	2	1	0	0	4.5	0.31642492504659003	-0.00014023	0
470	Iter0471	29	10	0	0	0	0	2.727272727272727	1.0	-1.89345e-06	0
471	Iter0472	32	6	3	2	0	0	3.555555555555556	0.2275986445016482	-8.981043490000001e-05	0
472	Iter0473	21	1	1	2	0	0	42.0	0.02913043478260888	-0.00037858904000000003	0
473	Iter0474	26	3	2	3	0	0	13.0	0.028700189753321236	-8.003090014608498e-06	0
474	Iter0475	19	5	1	1	0	0	3.8	0.4153846153846155	-1.4905810000000001e-05	0
475	Iter0476	27	3	1	0	0	0	3.5	1.0	-0.000648398672063	0
476	Iter0477	32	7	2	0	0	0	1.375	1.0	-1.36514e-05	0
477	Iter0478	23	6	1	2	0	0	7.666666666666668	0.14677419354838622	-4.8549696e-05	0
478	Iter0479	33	9	1	1	0	0	3.6666666666666665	0.4069767441860382	-4.58019326868e-05	0
479	Iter0480	25	10	5	2	0	0	1.0	1.0	-1.80008e-05	0
480	Iter0481	30	5	0	0	0	0	5.166666666666667	1.0	-8.66811e-05	0
481	Iter0482	30	7	3	4	0	0	5.7142857142857135	0.053756823228716236	-1.26087487e-05	0
482	Iter0483	29	10	3	0	0	0	0.6818181818181818	1.0	-0.0009849852363799998	0
483	Iter0484	14	4	1	2	0	0	7.0	0.18421052631578888	0.0	0
484	Iter0485	32	5	4	0	0	0	1.1	1.0	-3.474e-06	0
485	Iter0486	26	3	0	1	0	0	13.5	0.13333333333333353	-0.000186665185232	0
486	Iter0487	23	7	3	1	0	0	1.0952380952380951	1.0	-5.5908676380000003e-05	0
487	Iter0488	33	7	4	2	0	0	2.357142857142857	0.5811733951515351	-0.000337679	0
488	Iter0489	28	4	0	2	0	0	17.400000000000002	0.026737967914438644	0.0	0
489	Iter0490	37	5	2	0	0	0	2.1111111111111107	1.0	-0.00036996061305979994	0
490	Iter0491	35	4	1	3	0	0	26.25	0.010493477027793494	-8.6313373e-05	0
491	Iter0492	34	5	5	1	0	0	1.36	1.0	-0.000239238758	0
492	Iter0493	26	9	4	3	0	0	2.166666666666667	0.387260174166462	-0.00016167394999999998	0
493	Iter0494	28	9	2	0	0	0	0.9666666666666668	1.0	-0.00039743110158042	0
494	Iter0495	44	9	2	4	0	0	9.777777777777779	0.017776029788088787	-0.00022327650000000002	0
495	Iter0496	37	5	3	1	0	0	2.466666666666667	0.4399607807090217	-4.868469e-06	0
496	Iter0497	37	5	1	0	0	0	3.1666666666666665	1.0	-0.0002174327707366	0
497	Iter0498	30	4	0	1	0	0	12.4	0.1428571428571436	-0.00102085962	0
498	Iter0499	29	6	4	2	0	0	2.4166666666666665	0.5777303915943303	0.0	0
499	Iter0500	34	1	1	0	0	0	8.75	1.0	-7.67373e-05	0
500	Iter0501	20	9	1	1	0	0	2.2222222222222223	1.0	-1.5226300000000004e-05	0
501	Iter0502	27	5	2	0	0	0	1.5555555555555556	1.0	-7.51205e-08	0
502	Iter0503	34	5	1	3	0	0	20.4	0.01644923425978419	-0.0016498672899999999	0
503	Iter0504	21	9	2	2	0	0	2.333333333333333	0.5799335863377659	-1.53995e-05	0
504	Iter0505	25	2	2	1	0	0	6.25	0.27955665024630394	-5.2504326052e-06	0
505	Iter0506	32	5	1	1	0	0	6.4	0.2874493927125523	-0.00023170790000000003	0
506	Iter0507	22	7	0	1	0	0	5.75	0.2666666666666657	-5.53516e-09	0
507	Iter0508	27	7	2	0	0	0	1.1666666666666667	1.0	-9.291584822173e-05	0
508	Iter0509	27	7	1	1	0	0	3.8571428571428568	0.4000000000000029	-5.2883640484e-07	0
509	Iter0510	30	11	2	1	0	0	1.3636363636363635	1.0	-0.00025703462410000004	0
510	Iter0511	33	3	1	4	0	0	44.0	0.0016159637469008296	-0.000388371929	0
511	Iter0512	32	10	1	0	0	0	1.5	1.0	-0.0010341419333599999	0
512	Iter0513	31	4	1	1	0	0	7.75	0.2552552552552589	-8.18663e-05	0
513	Iter0514	21	12	5	4	0	0	1.4	0.7108518319724403	0.0	0
514	Iter0515	29	5	2	1	0	0	2.9	0.4214929214929294	-0.00019070746799999998	0
515	Iter0516	24	4	2	4	0	0	12.0	0.0180191299899476	0.0	0
516	Iter0517	34	2	2	1	0	0	8.5	0.21873290294343334	-0.0006189631647899999	0
517	Iter0518	25	4	1	0	0	0	2.6	1.0	-0.00020431737377	0
518	Iter0519	32	5	0	0	0	0	5.5	1.0	-4.01309e-05	0
519	Iter0520	33	11	2	1	0	0	1.5	1.0	-6.012498e-05	0
520	Iter0521	26	4	2	3	0	0	9.75	0.04383732965326962	0.0	0
521	Iter0522	31	4	0	1	0	0	12.8	0.13888888888888745	-0.0001657142	0
522	Iter0523	28	2	1	2	0	0	28.0	0.03262463343108397	0.0	0
523	Iter0524	28	5	1	0	0	0	2.4166666666666665	1.0	0.0	0
524	Iter0525	27	6	4	1	0	0	1.125	1.0	-3.1484813000000004e-07	0
525	Iter0526	32	6	7	2	0	0	1.5238095238095235	0.6387991833363504	-1.4684901000000002e-05	0
526	Iter0527	27	5	2	0	0	0	1.5555555555555556	1.0	-2.696195744659e-05	0
527	Iter0528	24	5	1	0	0	0	2.083333333333333	1.0	-0.0003715285333	0
528	Iter0529	31	7	0	1	0	0	8.0	0.2051282051282083	-0.0002832022290052919	0
529	Iter0530	28	3	2	3	0	0	14.000000000000002	0.02428698752228156	-0.0002701339	0
530	Iter0531	15	8	2	3	0	0	2.8125	0.3530728530728534	-0.000130153	0
531	Iter0532	28	2	3	0	0	0	2.4166666666666665	1.0	-2.18005e-06	0
532	Iter0533	21	2	1	1	0	0	10.5	0.23000000000000195	0.0	0
533	Iter0534	31	3	1	1	0	0	10.333333333333334	0.21269841269841053	-6.851129599999999e-05	0
534	Iter0535	31	4	0	0	0	0	6.4	1.0	-0.000613032208	0
535	Iter0536	25	10	2	3	0	0	3.75	0.3065433854907464	-2.3174400000000003e-06	0
536	Iter0537	23	10	0	1	0	0	4.363636363636363	0.3235294117647096	0.0	0
537	Iter0538	23	5	3	1	0	0	1.5333333333333332	1.0	-8.193149999999999e-05	0
538	Iter0539	28	8	5	0	0	0	0.5370370370370371	0.5631693706148272	-0.00026548	0
539	Iter0540	39	9	1	1	0	0	4.333333333333333	0.3632653061224549	-0.000682658985	0
540	Iter0541	31	5	0	0	0	0	5.333333333333333	1.0	-7.78065e-05	0
541	Iter0542	32	4	3	1	0	0	2.6666666666666665	0.42707079549184895	-0.00010385019888646001	0
542	Iter0543	29	10	2	1	0	0	1.45	1.0	0.0	0
543	Iter0544	30	8	0	0	0	0	3.4444444444444446	1.0	-0.00025158950888284	0
544	Iter0545	32	10	3	0	0	0	0.75	1.0	-0.00030748171999999996	0
545	Iter0546	24	4	1	1	0	0	6.0	0.31034482758620946	0.0	0
546	Iter0547	42	5	2	1	0	0	4.2	0.3242857142857312	-4.017308914000001e-06	0
547	Iter0548	23	6	4	1	0	0	0.9583333333333334	1.0	-7.41469e-06	0
548	Iter0549	28	5	1	1	0	0	5.6	0.3176470588235342	-0.0002548574	0
549	Iter0550	27	5	4	1	0	0	1.35	1.0	-7.63022e-07	0
550	Iter0551	27	5	5	3	0	0	3.24	0.3199344877363425	-0.000681153	0
551	Iter0552	21	4	0	1	0	0	8.8	0.1923076923076912	-3.54618e-05	0
552	Iter0553	32	4	0	1	0	0	13.2	0.1351351351351392	-0.0007248466553799999	0
553	Iter0554	28	5	3	2	0	0	3.733333333333333	0.22268708336819976	-0.00045938870650186	0
554	Iter0555	27	5	2	0	0	0	1.5555555555555556	1.0	-7.52182e-05	0
555	Iter0556	28	4	1	4	0	0	28.0	0.004785534197298959	-1.38483015e-05	0
556	Iter0557	34	8	1	0	0	0	1.9444444444444444	1.0	-0.00032332450026000003	0
557	Iter0558	24	5	2	0	0	0	1.3888888888888893	1.0	-2.04701e-08	0
558	Iter0559	29	7	1	0	0	0	1.875	1.0	-6.61670781e-05	0
559	Iter0560	29	9	6	1	0	0	0.5370370370370371	1.0	-7.61629e-05	0
560	Iter0561	27	9	1	2	0	0	6.0	0.18656308129992727	-0.000172012784	0
561	Iter0562	24	4	0	2	0	0	15.0	0.034482758620689884	-1.5827899999999998e-05	0
562	Iter0563	31	10	1	2	0	0	6.2	0.17607973421926745	-4.138400000000001e-06	0
563	Iter0564	35	9	1	0	0	0	1.8	1.0	-0.00036329374799999993	0
564	Iter0565	24	4	1	2	0	0	12.0	0.0878754171301446	-1.9068013999999999e-06	0
565	Iter0566	28	8	3	2	0	0	2.333333333333333	0.5801296507329936	-6.382197900000002e-05	0
566	Iter0567	32	5	0	3	0	0	22.0	0.005668016194331852	-0.00027880550000000003	0
567	Iter0568	32	8	5	1	0	0	0.8	1.0	-0.0009110988	0
568	Iter0569	34	9	0	3	0	0	14.0	0.01449275362318875	-1.161946029e-06	0
569	Iter0570	19	6	2	3	0	0	4.75	0.14323607427055762	-1.2517260106499001e-05	0
570	Iter0571	34	7	3	0	0	0	1.09375	1.0	-3.0480384999999997e-07	0
571	Iter0572	30	2	5	1	0	0	3.0	0.4120436225699319	-0.000403214628	0
572	Iter0573	30	2	2	1	0	0	7.5	0.2421695951107712	-1.5059194e-05	0
573	Iter0574	22	1	2	2	0	0	22.0	0.048547008547008864	-0.0002709361791	0
574	Iter0575	33	5	2	1	0	0	3.3	0.3860225140712876	-1.80871e-05	0
575	Iter0576	29	5	0	1	0	0	10.0	0.17142857142857176	-0.00035409245	0
576	Iter0577	24	11	2	3	0	0	3.2727272727272725	0.32234866445392685	-6.815750000000001e-10	0
577	Iter0578	37	4	2	1	0	0	4.625	0.30995167623075026	-7.8583884154e-05	0
578	Iter0579	22	6	1	2	0	0	7.333333333333332	0.1557285873192457	-1.0961160000000002e-05	0
579	Iter0580	26	3	2	0	0	0	2.25	1.0	-2.96256e-12	0
580	Iter0581	34	5	1	2	0	0	13.6	0.06707317073170686	-0.00031304681468962	0
581	Iter0582	32	6	1	1	0	0	5.333333333333333	0.32307692307692865	-0.00156348	0
582	Iter0583	29	5	2	3	0	0	8.700000000000001	0.049093628040997005	-1.1748164500000001e-06	0
583	Iter0584	31	3	3	2	0	0	6.888888888888888	0.11397342976290402	-8.03053e-09	0
584	Iter0585	29	6	1	0	0	0	2.142857142857143	1.0	-2.2193847559999996e-06	0
585	Iter0586	27	6	1	2	0	0	9.0	0.11764705882353213	-0.00025236146606691	0
586	Iter0587	25	10	1	1	0	0	2.5	0.5120120120120152	-2.58928443e-06	0
587	Iter0588	17	4	5	1	0	0	0.85	1.0	-0.000114975	0
588	Iter0589	31	1	4	4	0	0	31.0	0.003489319278792933	-3.3610370448196e-06	0
589	Iter0590	34	3	1	3	0	0	34.00000000000001	0.00706033376123228	-4.8415200000000005e-09	0
590	Iter0591	26	4	3	1	0	0	2.1666666666666665	0.4878601000517533	-5.587809999999998e-06	0
591	Iter0592	35	10	3	0	0	0	0.8181818181818182	1.0	-0.0009537738	0
592	Iter0593	33	6	2	1	0	0	2.75	0.4298780487804764	-8.513247999999999e-05	0
593	Iter0594	29	8	1	0	0	0	1.6666666666666667	1.0	-0.0001979335	0
594	Iter0595	33	6	2	1	0	0	2.75	0.4298780487804764	-4.44915e-06	0
595	Iter0596	25	5	2	0	0	0	1.4444444444444444	1.0	-7.52193e-12	0
596	Iter0597	22	2	2	0	0	0	2.5555555555555562	1.0	-3.0398133010000003e-05	0
597	Iter0598	34	3	2	1	0	0	5.666666666666668	0.277327935222669	-0.00060886961149	0
598	Iter0599	36	5	3	3	0	0	7.2	0.05269961843332602	-9.54161117254e-07	0
599	Iter0600	29	9	2	2	0	0	3.2222222222222223	0.2771374966496964	-0.0004413494675	0
600	Iter0601	26	5	6	2	0	0	1.7333333333333334	0.6170423167327184	0.0	0
601	Iter0602	34	3	1	1	0	0	11.333333333333336	0.1970310391363	-1.5160167199999998e-06	0
602	Iter0603	19	5	0	1	0	0	6.666666666666668	0.24000000000000024	-1.98618e-06	0
603	Iter0604	34	7	2	0	0	0	1.4583333333333333	1.0	-0.000703578128	0
604	Iter0605	29	7	3	1	0	0	1.3809523809523812	1.0	-1.6487386e-06	0
605	Iter0606	28	3	1	0	0	0	3.625	1.0	-0.000128176264	0
606	Iter0607	32	6	2	3	0	0	8.0	0.05353636720624744	-0.000124776	0
607	Iter0608	18	5	2	1	0	0	1.8	1.0	-1.4142e-09	0
608	Iter0609	27	8	1	1	0	0	3.375	0.4324324324324422	-4.80846e-10	0
609	Iter0610	32	4	0	1	0	0	13.2	0.1351351351351392	-0.00142340288	0
610	Iter0611	23	2	0	1	0	0	16.0	0.11538461538461495	-0.0005997877931929	0
611	Iter0612	31	7	1	0	0	0	2.0	1.0	-0.00090644485608	0
612	Iter0613	27	5	2	4	0	0	10.8	0.01988422421858932	-0.00108953548	0
613	Iter0614	23	11	3	0	0	0	0.5	0.5398970398970506	-8.558430000000001e-06	0
614	Iter0615	26	5	1	1	0	0	5.2	0.3352272727272657	0.0	0
615	Iter0616	27	9	2	2	0	0	3.0	0.3003063792537476	-8.543232e-05	0
616	Iter0617	29	6	1	5	0	0	24.166666666666664	0.003185223339266965	0.0	0
617	Iter0618	35	2	2	1	0	0	8.75	0.2135627530364282	-0.00047867515	0
618	Iter0619	39	5	0	2	0	0	20.000000000000004	0.0202898550724638	-0.000443247732	0
619	Iter0620	25	6	2	0	0	0	1.238095238095238	1.0	-6.80653e-05	0
620	Iter0621	27	3	1	2	0	0	18.0	0.053152492668621584	-0.000249345	0
621	Iter0622	26	8	2	1	0	0	1.625	1.0	-1.3956879e-06	0
622	Iter0623	22	3	1	0	0	0	2.875	1.0	0.0	0
623	Iter0624	34	5	2	2	0	0	6.8	0.11769710720362875	-3.2588172277000005e-05	0
624	Iter0625	27	7	2	0	0	0	1.1666666666666667	1.0	-0.0003073804	0
625	Iter0626	25	6	1	1	0	0	4.166666666666667	0.38446969696968747	-0.0020227398	0
626	Iter0627	18	5	2	1	0	0	1.8	1.0	-0.000305413	0
627	Iter0628	31	8	3	1	0	0	1.2916666666666667	1.0	-0.00028276501300000004	0
628	Iter0629	24	2	0	0	0	0	8.333333333333334	1.0	-0.0002491083248	0
629	Iter0630	32	5	4	1	0	0	1.6	0.556828280833413	-4.920319894000001e-05	0
630	Iter0631	33	6	3	1	0	0	1.8333333333333333	0.5226885989789987	-0.000142521296	0
631	Iter0632	37	6	3	0	0	0	1.3571428571428572	1.0	-0.0009811499562799998	0
632	Iter0633	25	2	3	3	0	0	12.5	0.03131004146020802	-4.92578e-07	0
633	Iter0634	28	3	3	2	0	0	6.222222222222222	0.13198158051099235	-0.00014455299999999998	0
634	Iter0635	43	4	4	2	0	0	5.375	0.13138519558766787	-0.00027665770893979595	0
635	Iter0636	21	8	4	2	0	0	1.3125	1.0	-2.22249e-07	0
636	Iter0637	26	1	7	2	0	0	7.428571428571429	0.14789915966386624	-8.76684e-09	0
637	Iter0638	30	8	5	0	0	0	0.5740740740740741	0.5648443067614858	-0.0004152754612	0
638	Iter0639	25	5	1	1	0	0	5.0	0.3447580645161263	-2.92876e-07	0
639	Iter0640	26	4	3	2	0	0	4.333333333333333	0.19520872865275293	-4.08368e-07	0
640	Iter0641	29	3	2	1	0	0	4.833333333333333	0.3132161955691403	0.0	0
641	Iter0642	22	3	1	1	0	0	7.333333333333332	0.27920227920228224	-3.80626e-08	0
642	Iter0643	33	5	1	0	0	0	2.833333333333333	1.0	-2.5801720602e-05	0
643	Iter0644	31	3	3	2	0	0	6.888888888888888	0.11397342976290402	-7.9518091734e-05	0
644	Iter0645	21	7	3	3	0	0	3.0	0.3284204671857673	-1.34446e-07	0
645	Iter0646	22	4	1	1	0	0	5.5	0.33068783068782803	-0.000115802	0
646	Iter0647	30	7	1	3	0	0	12.857142857142858	0.038807149205095065	-0.0007264577	0
647	Iter0648	28	4	4	1	0	0	1.75	0.5380193027251935	-4.644053e-05	0
648	Iter0649	28	2	3	0	0	0	2.4166666666666665	1.0	-0.0001074279	0
649	Iter0650	28	6	1	1	0	0	4.666666666666667	0.35555555555554597	-0.000126226	0
650	Iter0651	28	4	1	0	0	0	2.9	1.0	-2.01257e-07	0
651	Iter0652	34	7	1	0	0	0	2.1875	1.0	-1.34357e-05	0
652	Iter0653	25	6	2	2	0	0	4.166666666666667	0.2179144385026735	-1.6319299999999994e-07	0
653	Iter0654	28	4	2	1	0	0	3.5	0.3796791443850255	-6.5855457e-05	0
654	Iter0655	22	10	2	2	0	0	2.2	0.5876750700280033	-0.000678474	0
655	Iter0656	27	8	3	1	0	0	1.125	1.0	-1.1155699999999999e-05	0
656	Iter0657	24	6	3	1	0	0	1.3333333333333333	1.0	-0.00048025400000000005	0
657	Iter0658	28	8	0	1	0	0	6.4444444444444455	0.2432432432432487	-2.58735e-05	0
658	Iter0659	29	8	0	2	0	0	10.000000000000002	0.06072874493927035	-9.67857e-05	0
659	Iter0660	33	7	0	1	0	0	8.5	0.19512195121951448	-1.86046e-06	0
660	Iter0661	29	7	1	1	0	0	4.142857142857143	0.3812233285917539	-0.001024841871	0
661	Iter0662	32	7	0	1	0	0	8.25	0.19999999999999946	-0.000707986725	0
662	Iter0663	21	6	0	2	0	0	9.428571428571429	0.0689655172413794	-6.86241e-07	0
663	Iter0664	22	3	1	1	0	0	7.333333333333332	0.27920227920228224	0.0	0
664	Iter0665	37	4	1	0	0	0	3.8	1.0	-1.7234300000000002e-05	0
665	Iter0666	29	9	0	0	0	0	3.0	1.0	-0.00012975627880436	0
666	Iter0667	39	9	0	0	0	0	4.0	1.0	-9.5826439631e-05	0
667	Iter0668	23	4	2	0	0	0	1.6	1.0	-0.0008247464346099999	0
668	Iter0669	24	2	3	1	0	0	4.0	0.35960591133004943	-0.0017160160000000001	0
669	Iter0670	34	3	1	2	0	0	22.66666666666667	0.036437246963561966	-0.000111747	0
670	Iter0671	37	1	2	2	0	0	37.0	0.020209059233450014	-0.00160767374	0
671	Iter0672	28	4	1	0	0	0	2.9	1.0	-1.2780489e-05	0
672	Iter0673	27	5	1	1	0	0	5.4	0.32620320855615503	-0.000572682	0
673	Iter0674	26	5	2	0	0	0	1.5	1.0	0.0	0
674	Iter0675	33	10	3	1	0	0	1.1	1.0	-0.0003992795298365	0
675	Iter0676	31	2	3	1	0	0	5.166666666666667	0.29781209781210793	-3.39102e-07	0
676	Iter0677	23	5	3	0	0	0	1.0	1.0	-0.001239895	0
677	Iter0678	31	6	3	1	0	0	1.7222222222222223	0.5420558901945148	-1.730733848e-05	0
678	Iter0679	17	6	3	2	0	0	1.8888888888888893	0.6056166056166021	-0.0004538009	0
679	Iter0680	30	6	0	2	0	0	13.285714285714285	0.039829302987197834	-2.41328e-07	0
680	Iter0681	26	9	3	1	0	0	0.9629629629629628	1.0	-3.59531e-08	0
681	Iter0682	22	6	2	3	0	0	5.5	0.11095661846495992	-0.000132764	0
682	Iter0683	29	5	2	2	0	0	5.8	0.14746325272640926	-0.0005622081	0
683	Iter0684	32	8	1	0	0	0	1.8333333333333333	1.0	-0.00031811904110000004	0
684	Iter0685	28	6	1	2	0	0	9.333333333333334	0.11171171171171193	-4.30483e-08	0
685	Iter0686	31	5	3	0	0	0	1.3333333333333333	1.0	-7.776317999999999e-07	0
686	Iter0687	39	8	1	0	0	0	2.2222222222222223	1.0	-0.0031679721701000003	0
687	Iter0688	21	7	1	4	0	0	12.0	0.03253615127919888	0.0	0
688	Iter0689	40	7	4	1	0	0	1.4285714285714286	1.0	-0.000108594602	0
689	Iter0690	36	5	1	2	0	0	14.4	0.06131078224101276	-0.000216814850736473	0
690	Iter0691	34	5	0	1	0	0	11.666666666666664	0.14999999999999866	-0.0010016080208045	0
691	Iter0692	27	4	5	2	0	0	2.7	0.3024699340488827	-3.3314758500000005e-05	0
692	Iter0693	25	5	3	3	0	0	5.0	0.10859065033638103	-0.0005341218045510001	0
693	Iter0694	27	4	2	3	0	0	10.125	0.04044117647058811	-4.45516e-09	0
694	Iter0695	25	2	1	3	0	0	37.5	0.008422056252979484	-0.0002380331	0
695	Iter0696	30	6	0	2	0	0	13.285714285714285	0.039829302987197834	-4.276361550000001e-06	0
696	Iter0697	26	6	1	3	0	0	13.0	0.040641711229945886	0.0	0
697	Iter0698	32	6	0	1	0	0	9.428571428571429	0.17948717948718032	-0.0002348272952	0
698	Iter0699	37	10	0	0	0	0	3.4545454545454546	1.0	-2.235592308e-05	0
699	Iter0700	27	2	1	0	0	0	4.666666666666667	1.0	-7.111475e-05	0
700	Iter0701	27	4	1	1	0	0	6.75	0.2840909090909093	-1.531492716e-05	0
701	Iter0702	27	6	1	4	0	0	18.0	0.012216550916241692	-1.97103e-05	0
702	Iter0703	25	4	1	1	0	0	6.25	0.30107526881720065	-0.00021270063	0
703	Iter0704	27	6	3	0	0	0	1.0	1.0	-2.4201706e-06	0
704	Iter0705	33	7	1	1	0	0	4.714285714285714	0.3484320557491279	-0.0003147276580000186	0
705	Iter0706	25	4	2	0	0	0	1.7333333333333334	1.0	-0.00021985333446	0
706	Iter0707	26	4	1	3	0	0	19.5	0.02113161980334654	-1.4551189999999998e-05	0
707	Iter0708	29	4	1	0	0	0	3.0	1.0	-0.000129060000528564	0
708	Iter0709	31	6	2	0	0	0	1.5238095238095235	1.0	-0.0007890429654400001	0
709	Iter0710	19	7	1	1	0	0	2.7142857142857144	0.4973544973544944	-4.11543e-07	0
710	Iter0711	36	4	0	3	0	0	29.6	0.002836074872376597	-1.31937e-07	0
711	Iter0712	33	5	2	1	0	0	3.3	0.3860225140712876	-4.106833000000001e-06	0
712	Iter0713	21	3	1	2	0	0	14.0	0.07863247863247927	-0.0005836206545979999	0
713	Iter0714	28	6	4	2	0	0	2.333333333333333	0.5802896013422232	-0.00043800215406	0
714	Iter0715	23	6	2	2	0	0	3.8333333333333335	0.24120234604104934	-2.0631837e-05	0
715	Iter0716	27	6	1	2	0	0	9.0	0.11764705882353213	-0.0007769178747999999	0
716	Iter0717	23	5	6	2	0	0	1.5333333333333332	0.6389511816456744	-2.8444200000000004e-09	0
717	Iter0718	24	5	0	1	0	0	8.333333333333334	0.199999999999998	-4.8038142000000005e-05	0
718	Iter0719	33	11	4	4	0	0	3.0	0.20686076180987265	-1.20271e-05	0
719	Iter0720	32	7	2	0	0	0	1.375	1.0	-8.844775295999999e-05	0
720	Iter0721	31	8	0	1	0	0	7.111111111111112	0.22499999999999706	-0.000184281	0
721	Iter0722	34	7	6	0	0	0	0.625	0.5710337894792297	0.0	0
722	Iter0723	26	5	3	0	0	0	1.125	1.0	-0.0009755401760000001	0
723	Iter0724	29	4	2	2	0	0	7.25	0.11522446816565007	-0.00030958900000000003	0
724	Iter0725	25	4	0	1	0	0	10.4	0.16666666666666674	-0.0006418953857764002	0
725	Iter0726	26	3	1	2	0	0	17.333333333333332	0.05645161290322565	-0.00024425200000000003	0
726	Iter0727	27	4	5	4	0	0	5.4	0.059439096590799836	0.0	0
727	Iter0728	22	5	1	0	0	0	1.9166666666666667	1.0	-0.00043375763	0
728	Iter0729	26	10	4	0	0	0	0.4909090909090909	0.5557500820658701	-1.86914e-05	0
729	Iter0730	31	5	3	2	0	0	4.133333333333334	0.19550359088228192	0.0	0
730	Iter0731	23	5	1	2	0	0	9.2	0.11991101223581806	-9.1326e-07	0
731	Iter0732	26	5	4	0	0	0	0.9	1.0	-6.326979e-11	0
732	Iter0733	23	9	6	1	0	0	0.4259259259259259	0.6525585534873464	-0.000189977	0
733	Iter0734	24	3	1	1	0	0	8.0	0.2610837438423657	-6.91968e-05	0
734	Iter0735	19	8	2	1	0	0	1.1875	1.0	-3.25014e-16	0
735	Iter0736	28	4	0	0	0	0	5.8	1.0	-3.648808e-05	0
736	Iter0737	30	6	3	1	0	0	1.6666666666666667	0.5522486048801946	-0.000537906190726944	0
737	Iter0738	32	7	0	0	0	0	4.125	1.0	-0.00055319239	0
738	Iter0739	22	6	1	2	0	0	7.333333333333332	0.1557285873192457	-0.0001187890689	0
739	Iter0740	28	6	3	0	0	0	1.0357142857142858	1.0	-3.62472e-05	0
740	Iter0741	30	11	1	2	0	0	5.454545454545454	0.20416792509815648	-0.000111348012	0
741	Iter0742	35	9	1	1	0	0	3.888888888888889	0.39130434782609663	-0.00043670172	0
742	Iter0743	30	4	4	1	0	0	1.875	0.516712779870676	-6.260540000000002e-05	0
743	Iter0744	31	6	1	1	0	0	5.166666666666667	0.3306342780026915	-2.5003396999999997e-05	0
744	Iter0745	32	13	1	3	0	0	7.384615384615384	0.09581075723537127	-4.919459208e-06	0
745	Iter0746	39	5	6	2	0	0	2.6	0.29145049324077354	-0.00011552249999999999	0
746	Iter0747	30	6	1	0	0	0	2.2142857142857144	1.0	-0.00047111310000000003	0
747	Iter0748	27	7	3	0	0	0	0.875	1.0	-1.758982883e-05	0
748	Iter0749	30	6	1	0	0	0	2.2142857142857144	1.0	-8.88053338051602e-05	0
749	Iter0750	34	2	0	0	0	0	11.666666666666664	1.0	-6.167869000000001e-05	0
750	Iter0751	27	5	4	2	0	0	2.7	0.30246993404887845	-7.85348e-06	0
751	Iter0752	21	2	0	1	0	0	14.666666666666664	0.1250000000000002	-1.82156e-11	0
752	Iter0753	23	5	2	2	0	0	4.6	0.20050055617352808	-0.000310657146	0
753	Iter0754	30	6	0	0	0	0	4.428571428571429	1.0	-0.000103266544881	0
754	Iter0755	27	6	0	2	0	0	12.0	0.04705882352941302	-0.00022424136	0
755	Iter0756	37	4	3	1	0	0	3.083333333333333	0.3866237122051021	-9.123015685991899e-06	0
756	Iter0757	28	7	0	1	0	0	7.25	0.22222222222222046	0.0	0
757	Iter0758	31	7	4	3	0	0	3.321428571428572	0.17221519263492482	-4.93644e-05	0
758	Iter0759	28	6	0	1	0	0	8.285714285714286	0.19999999999999946	-0.000983296576	0
759	Iter0760	32	1	1	0	0	0	8.25	1.0	-1.6346790000159147e-05	0
760	Iter0761	22	2	7	4	0	0	6.2857142857142865	0.0632285172133371	-0.0001918636435	0
761	Iter0762	29	4	1	1	0	0	7.25	0.268907563025219	-4.833909999999999e-10	0
762	Iter0763	28	4	4	1	0	0	1.75	0.5380193027251935	-4.0576e-06	0
763	Iter0764	26	6	2	0	0	0	1.2857142857142858	1.0	-0.0007958639	0
764	Iter0765	27	7	4	2	0	0	1.9285714285714288	0.6016030200240692	0.0	0
765	Iter0766	31	3	2	3	0	0	15.500000000000002	0.01921122973754607	-0.00012589730999999999	0
766	Iter0767	31	7	1	0	0	0	2.0	1.0	-3.864438720000001e-05	0
767	Iter0768	25	5	0	2	0	0	13.0	0.04233870967741951	0.0	0
768	Iter0769	30	2	0	0	0	0	10.333333333333334	1.0	-0.0001696335000003726	0
769	Iter0770	35	2	3	2	0	0	11.666666666666664	0.06285178236397779	-0.000182632	0
770	Iter0771	26	3	0	0	0	0	6.75	1.0	-1.509767e-05	0
771	Iter0772	29	6	0	0	0	0	4.285714285714286	1.0	-6.012540000076196e-05	0
772	Iter0773	27	6	0	1	0	0	8.0	0.20588235294118032	-0.000294803	0
773	Iter0774	26	16	0	0	0	0	1.5882352941176472	1.0	0.0	0
774	Iter0775	31	5	1	0	0	0	2.6666666666666665	1.0	-0.00049129394219	0
775	Iter0776	40	3	4	1	0	0	3.333333333333333	0.36576215438380616	-0.000100843392263089	0
776	Iter0777	22	7	5	1	0	0	0.6285714285714286	1.0	-0.0005826715279999999	0
777	Iter0778	33	11	3	2	0	0	2.0	0.5984207744152258	-9.0463360415015e-05	0
778	Iter0779	17	5	0	0	0	0	3.0	1.0	-9.015744e-05	0
779	Iter0780	22	7	0	0	0	0	2.875	1.0	-0.00012321648068	0
780	Iter0781	36	7	0	1	0	0	9.25	0.18181818181818568	-0.002456932	0
781	Iter0782	26	5	2	2	0	0	5.2	0.17098930481283614	-0.00016497629749999998	0
782	Iter0783	24	5	1	2	0	0	9.6	0.11290322580645062	-0.00034521747176778	0
783	Iter0784	26	4	4	3	0	0	4.875	0.10787470453030357	-0.0008626321000546167	0
784	Iter0785	24	6	3	2	0	0	2.6666666666666665	0.5675102885729076	-0.0003645118	0
785	Iter0786	40	5	7	1	0	0	1.1428571428571428	1.0	-0.0005606852561926	0
786	Iter0787	23	3	4	0	0	0	1.2	1.0	-0.000897047	0
787	Iter0788	21	5	3	1	0	0	1.4	1.0	0.0	0
788	Iter0789	27	10	3	0	0	0	0.6363636363636364	0.5597165991902711	-6.96328e-08	0
789	Iter0790	33	3	2	1	0	0	5.5	0.2838384943648071	-9.066797e-05	0
790	Iter0791	22	4	2	1	0	0	2.75	0.4460864805692383	-0.00022830715000023518	0
791	Iter0792	32	4	0	0	0	0	6.6	1.0	-1.42076e-05	0
792	Iter0793	30	7	2	0	0	0	1.2916666666666667	1.0	-3.38917591193e-05	0
793	Iter0794	19	8	1	1	0	0	2.375	0.5320197044334997	0.0	0
794	Iter0795	31	6	2	2	0	0	5.166666666666667	0.1649254468253184	-0.0006956830000000001	0
795	Iter0796	34	3	0	1	0	0	17.5	0.10526315789473464	-0.0013650928030000003	0
796	Iter0797	26	4	2	0	0	0	1.8	1.0	-0.0010175693	0
797	Iter0798	26	10	3	1	0	0	0.8666666666666667	1.0	-0.000152670235566	0
798	Iter0799	27	9	0	0	0	0	2.8	1.0	0.0	0
799	Iter0800	24	5	0	0	0	0	4.166666666666667	1.0	-0.0011197994933	0
800	Iter0801	31	10	0	0	0	0	2.9090909090909087	1.0	-0.00033271167073	0
801	Iter0802	31	2	3	1	0	0	5.166666666666667	0.29781209781210793	-1.4348371899999996e-05	0
802	Iter0803	32	4	0	2	0	0	19.8	0.0213371266002846	-2.119932e-06	0
803	Iter0804	25	6	1	2	0	0	8.333333333333334	0.13101604278074966	-7.04105e-07	0
804	Iter0805	24	2	0	1	0	0	16.666666666666668	0.11111111111111163	-0.000396728	0
805	Iter0806	23	3	3	0	0	0	1.5	1.0	-0.0001371270000000353	0
806	Iter0807	26	6	0	0	0	0	3.8571428571428568	1.0	-3.34746e-06	0
807	Iter0808	24	6	1	2	0	0	8.0	0.13856304985336848	-6.31388e-07	0
808	Iter0809	23	3	1	0	0	0	3.0	1.0	-7.318329000000002e-06	0
809	Iter0810	33	5	5	1	0	0	1.3199999999999998	1.0	-0.000459807575916	0
810	Iter0811	31	4	0	1	0	0	12.8	0.13888888888888745	-0.000266843629	0
811	Iter0812	26	3	0	1	0	0	13.5	0.13333333333333353	-0.0003680831	0
812	Iter0813	37	8	1	0	0	0	2.1111111111111107	1.0	-0.00016347531	0
813	Iter0814	29	6	1	0	0	0	2.142857142857143	1.0	0.0	0
814	Iter0815	24	6	2	2	0	0	4.0	0.22912713472485735	0.0	0
815	Iter0816	34	5	7	1	0	0	0.9714285714285714	1.0	-7.28444353e-05	0
816	Iter0817	33	8	2	1	0	0	2.0625	0.5058139534883586	-0.00014039964399999998	0
817	Iter0818	34	8	3	2	0	0	2.833333333333333	0.28527340396194506	-8.569757e-05	0
818	Iter0819	30	4	2	3	0	0	11.25	0.03213334792282164	-0.0009167709999999999	0
819	Iter0820	23	8	3	1	0	0	0.9583333333333334	1.0	-6.7620500000000015e-09	0
820	Iter0821	30	10	0	0	0	0	2.8181818181818183	1.0	-0.00044131921	0
821	Iter0822	25	5	3	2	0	0	3.333333333333333	0.2557572882525465	0.0	0
822	Iter0823	35	10	2	2	0	0	3.5	0.2482159376239007	-0.00034953433700000004	0
823	Iter0824	27	3	3	0	0	0	1.75	1.0	-1.2326140909999999e-05	0
824	Iter0825	28	9	4	0	0	0	0.58	0.5591981830749333	-0.000472597000000002	0
825	Iter0826	26	6	1	1	0	0	4.333333333333333	0.3743315508021364	-0.0009158978180200001	0
826	Iter0827	35	8	4	2	0	0	2.1875	0.5882690390091031	-6.82665e-05	0
827	Iter0828	28	5	4	2	0	0	2.8	0.2901956493287787	-0.00019266295	0
828	Iter0829	33	4	3	1	0	0	2.75	0.4183371185938496	-0.000214287	0
829	Iter0830	29	6	1	0	0	0	2.142857142857143	1.0	-1.597409273e-05	0
830	Iter0831	28	7	2	2	0	0	4.0	0.22256264361527292	-8.827698373e-05	0
831	Iter0832	29	8	0	0	0	0	3.333333333333333	1.0	-0.0008271713063	0
832	Iter0833	36	6	1	1	0	0	6.0	0.2959830866807511	-8.23518527e-07	0
833	Iter0834	29	5	0	0	0	0	5.0	1.0	-0.0001556772	0
834	Iter0835	28	3	2	0	0	0	2.4166666666666665	1.0	-0.000756122	0
835	Iter0836	27	4	2	0	0	0	1.8666666666666665	1.0	-0.00017533768783	0
836	Iter0837	33	7	4	1	0	0	1.1785714285714286	1.0	-0.00023164777989337	0
837	Iter0838	25	5	5	2	0	0	2.0	0.5962861149056651	-0.000140754	0
838	Iter0839	30	9	2	1	0	0	1.6666666666666667	1.0	-0.000307207244	0
839	Iter0840	22	9	2	1	0	0	1.2222222222222223	1.0	-0.00011361052	0
840	Iter0841	24	4	2	1	0	0	3.0	0.42157953281424	-2.03694e-07	0
841	Iter0842	24	3	3	2	0	0	5.333333333333333	0.1633561099634521	-0.0016624156	0
842	Iter0843	28	3	1	1	0	0	9.333333333333334	0.2310606060606006	-4.299281e-05	0
843	Iter0844	27	4	1	0	0	0	2.8	1.0	-0.000116036	0
844	Iter0845	23	8	0	3	0	0	10.666666666666666	0.02757352941176458	-0.000301540456	0
845	Iter0846	31	4	2	2	0	0	7.75	0.10449720976036952	-0.00038965977695000004	0
846	Iter0847	21	3	0	1	0	0	11.0	0.16000000000000086	-8.0839229887e-05	0
847	Iter0848	28	7	1	0	0	0	1.8125	1.0	-0.0003401160405065	0
848	Iter0849	19	4	0	3	0	0	16.0	0.013461538461538476	-9.72464e-06	0
849	Iter0850	22	6	1	1	0	0	3.6666666666666665	0.4183908045977073	-0.000280272486	0
850	Iter0851	34	9	0	2	0	0	10.5	0.05555555555555414	-3.2984400000000005e-09	0
851	Iter0852	28	7	5	0	0	0	0.6041666666666666	0.5646861436335131	0.0	0
852	Iter0853	25	2	3	2	0	0	8.333333333333334	0.10525583982202526	-4.10716e-08	0
853	Iter0854	23	3	2	2	0	0	7.666666666666668	0.11877394636015245	-0.000214577	0
854	Iter0855	26	11	3	2	0	0	1.575757575757576	0.6370346598202693	-0.000119168485	0
855	Iter0856	31	9	3	0	0	0	0.8	1.0	-3.9847943999999995e-05	0
856	Iter0857	21	9	0	1	0	0	4.4	0.32258064516128865	-0.0006017061530000001	0
857	Iter0858	30	4	2	1	0	0	3.75	0.36164736164736705	-0.00051233392	0
858	Iter0859	23	6	2	3	0	0	5.750000000000001	0.10233741590477748	-3.859797e-05	0
859	Iter0860	34	3	1	3	0	0	34.00000000000001	0.00706033376123228	-0.0004648448527668	0
860	Iter0861	31	7	2	1	0	0	2.2142857142857144	0.4881801125703694	-0.0005458430797999999	0
861	Iter0862	32	9	3	3	0	0	3.555555555555556	0.16419622944588594	-8.722623508e-06	0
862	Iter0863	21	8	3	2	0	0	1.75	0.6181214421252399	-3.71095e-09	0
863	Iter0864	17	2	2	0	0	0	2.0	1.0	-1.84577e-05	0
864	Iter0865	35	4	3	0	0	0	1.8	1.0	-0.0004893182067169999	0
865	Iter0866	27	6	0	1	0	0	8.0	0.20588235294118032	-8.31949e-10	0
866	Iter0867	36	4	1	1	0	0	9.0	0.2264808362369317	0.0	0
867	Iter0868	30	2	5	4	0	0	12.0	0.014814557818408972	-7.09741e-07	0
868	Iter0869	29	6	2	0	0	0	1.4285714285714286	1.0	0.0	0
869	Iter0870	23	7	3	0	0	0	0.75	1.0	-4.7806699999999986e-06	0
870	Iter0871	33	6	2	2	0	0	5.5	0.1514463981849059	-0.000125189653	0
871	Iter0872	30	6	0	0	0	0	4.428571428571429	1.0	-0.000706471524	0
872	Iter0873	34	1	4	0	0	0	3.5	1.0	0.0	0
873	Iter0874	32	5	3	1	0	0	2.1333333333333333	0.4829663276389738	0.0	0
874	Iter0875	24	9	2	0	0	0	0.8333333333333334	1.0	-2.62336e-05	0
875	Iter0876	29	12	1	1	0	0	2.4166666666666665	0.5182724252491596	-0.0002886150155	0
876	Iter0877	27	11	2	2	0	0	2.4545454545454546	0.5756097560975649	-9.73578e-06	0
877	Iter0878	23	3	4	0	0	0	1.2	1.0	-5.476048899999998e-06	0
878	Iter0879	33	9	1	2	0	0	7.333333333333332	0.14341085271316814	-0.0007706243861	0
879	Iter0880	33	4	0	0	0	0	6.8	1.0	-0.00016378022	0
880	Iter0881	21	6	1	3	0	0	10.5	0.0627363737486099	-0.0006947052299999999	0
881	Iter0882	31	7	0	1	0	0	8.0	0.2051282051282083	-0.001012343535	0
882	Iter0883	30	8	3	1	0	0	1.25	1.0	-6.25286e-09	0
883	Iter0884	21	6	0	0	0	0	3.1428571428571432	1.0	-0.00052493547	0
884	Iter0885	30	4	2	1	0	0	3.75	0.36164736164736705	-0.00032789509	0
885	Iter0886	32	3	0	1	0	0	16.5	0.11111111111111004	-1.4846811899999997e-06	0
886	Iter0887	24	6	2	1	0	0	2.0	0.5234604105571717	-8.175789999999999e-12	0
887	Iter0888	24	4	1	0	0	0	2.5	1.0	-3.7646578799999997e-10	0
888	Iter0889	31	6	3	1	0	0	1.7222222222222223	0.5420558901945148	-0.00024888077	0
889	Iter0890	31	5	6	1	0	0	1.0333333333333334	1.0	-0.0008989394	0
890	Iter0891	24	3	4	1	0	0	2.0	0.5119577308120195	-3.529865e-06	0
891	Iter0892	27	7	2	5	0	0	9.642857142857142	0.01552979858499764	-0.0005493997499999999	0
892	Iter0893	28	6	3	5	0	0	7.777777777777778	0.019502765330749787	-9.815225000000001e-05	0
893	Iter0894	29	6	6	2	0	0	1.6111111111111107	0.6290137807288441	-9.839583275400002e-05	0
894	Iter0895	29	6	2	1	0	0	2.4166666666666665	0.4671645329540002	-0.00014635520238899999	0
895	Iter0896	27	6	2	2	0	0	4.5	0.1977742448330759	-0.00027245269795272005	0
896	Iter0897	27	11	2	1	0	0	1.2272727272727273	1.0	-0.000267053851	0
897	Iter0898	28	5	0	1	0	0	9.666666666666666	0.17647058823529824	-0.000765757696129	0
898	Iter0899	32	8	0	1	0	0	7.333333333333332	0.21951219512195155	-0.000189998	0
899	Iter0900	32	6	1	3	0	0	16.0	0.025891181988743805	-4.8001809513e-05	0
900	Iter0901	34	5	4	1	0	0	1.7	0.5378100345485541	-0.000533601143369	0
901	Iter0902	26	7	2	0	0	0	1.125	1.0	-0.001297726577821	0
902	Iter0903	30	3	4	3	0	0	7.5	0.05474705474705557	-0.00014243813000000002	0
903	Iter0904	25	5	0	0	0	0	4.333333333333333	1.0	-6.0358799999999995e-06	0
904	Iter0905	19	5	1	2	0	0	7.6	0.15555555555555642	-6.63111e-09	0
905	Iter0906	26	3	2	1	0	0	4.333333333333333	0.3395161290322606	-1.70497e-05	0
906	Iter0907	34	8	4	1	0	0	1.0625	1.0	-0.00043904514692367727	0
907	Iter0908	26	5	5	1	0	0	1.04	1.0	-0.0009370026350000001	0
908	Iter0909	27	8	3	0	0	0	0.7777777777777778	1.0	-1.78985056e-05	0
909	Iter0910	24	5	0	2	0	0	12.500000000000002	0.045161290322580164	-1.243458663e-08	0
910	Iter0911	33	6	3	3	0	0	5.5	0.08394781622234397	-0.00014162572	0
911	Iter0912	21	3	4	1	0	0	1.75	0.5526083112290037	-0.00027967187922000003	0
912	Iter0913	19	4	1	0	0	0	2.0	1.0	-0.00020608217305	0
913	Iter0914	27	11	2	3	0	0	3.6818181818181817	0.3091321610890504	-8.7059e-10	0
914	Iter0915	27	9	1	1	0	0	3.0	0.4623044096728395	-1.3271284555200001e-05	0
915	Iter0916	31	7	2	0	0	0	1.3333333333333333	1.0	-0.00046994701218729996	0
916	Iter0917	29	4	0	2	0	0	18.0	0.025210084033614164	-3.0369220400000002e-05	0
917	Iter0918	38	4	3	3	0	0	9.5	0.03281323442457545	-4.58462058e-05	0
918	Iter0919	29	4	1	1	0	0	7.25	0.268907563025219	0.0	0
919	Iter0920	29	5	2	1	0	0	2.9	0.4214929214929294	-0.00041170704	0
920	Iter0921	36	4	1	0	0	0	3.7	1.0	-2.2285182000000002e-05	0
921	Iter0922	29	5	3	4	0	0	7.7333333333333325	0.03069930797787002	-1.40271e-07	0
922	Iter0923	29	5	2	1	0	0	2.9	0.4214929214929294	-0.0005396672292410001	0
923	Iter0924	20	9	2	0	0	0	0.7000000000000001	1.0	-8.460180000000001e-06	0
924	Iter0925	28	6	3	4	0	0	6.222222222222222	0.047494121948550266	-0.000175976	0
925	Iter0926	32	11	1	0	0	0	1.375	1.0	-8.802820427e-07	0
926	Iter0927	31	6	3	0	0	0	1.1428571428571428	1.0	-1.1726143e-05	0
927	Iter0928	28	9	1	2	0	0	6.222222222222222	0.17813765182185545	-0.00306573	0
928	Iter0929	27	6	2	0	0	0	1.3333333333333333	1.0	-0.0006664254940000001	0
929	Iter0930	29	6	1	1	0	0	4.833333333333333	0.3468468468468512	0.0	0
930	Iter0931	27	6	3	1	0	0	1.5	1.0	0.0	0
931	Iter0932	27	5	1	1	0	0	5.4	0.32620320855615503	0.0	0
932	Iter0933	31	5	0	3	0	0	21.33333333333333	0.006127585074953571	-0.00014526122599999998	0
933	Iter0934	24	5	1	0	0	0	2.083333333333333	1.0	0.0	0
934	Iter0935	27	6	1	1	0	0	4.5	0.3647058823529537	-0.00011639164010999999	0
935	Iter0936	25	5	1	0	0	0	2.1666666666666665	1.0	-1.7407119999999996e-05	0
936	Iter0937	30	8	1	2	0	0	7.5	0.1421200750469055	-0.00040493608138	0
937	Iter0938	35	8	2	1	0	0	2.1875	0.4881422924901189	-0.0014852824970799999	0
938	Iter0939	25	6	3	1	0	0	1.3888888888888893	1.0	-7.8499e-06	0
939	Iter0940	24	5	1	0	0	0	2.083333333333333	1.0	-0.0001899596521	0
940	Iter0941	24	4	2	0	0	0	1.6666666666666667	1.0	0.0	0
941	Iter0942	21	6	2	0	0	0	1.0476190476190477	1.0	-1.22328e-09	0
942	Iter0943	32	7	3	2	0	0	3.0476190476190474	0.267158252977877	-0.00030816582565	0
943	Iter0944	30	3	2	1	0	0	5.0	0.3053221288515442	-7.94175983e-05	0
944	Iter0945	39	5	1	1	0	0	7.8	0.24637681159420696	-0.0005825945867	0
945	Iter0946	26	4	3	0	0	0	1.35	1.0	-2.5313e-06	0
946	Iter0947	23	7	2	2	0	0	3.2857142857142856	0.28087804036570824	-2.44622552e-05	0
947	Iter0948	33	4	0	0	0	0	6.8	1.0	0.0	0
948	Iter0949	29	10	0	1	0	0	5.454545454545454	0.27499999999999625	-0.00018636354000000003	0
949	Iter0950	14	4	1	1	0	0	3.5	0.4473684210526287	-5.0125171e-05	0
950	Iter0951	23	4	2	0	0	0	1.6	1.0	-7.8593811e-05	0
951	Iter0952	27	2	4	2	0	0	6.75	0.12767379679144522	-3.790682e-06	0
952	Iter0953	30	7	0	2	0	0	11.625	0.048582995951416325	-3.3754600000000004e-05	0
953	Iter0954	30	3	2	2	0	0	10.0	0.08002119766825999	-2.2683779899999998e-05	0
954	Iter0955	36	11	1	0	0	0	1.5416666666666667	1.0	-0.0016390302001	0
955	Iter0956	30	5	2	1	0	0	3.0	0.4120436225699319	-2.9552258649999995e-07	0
956	Iter0957	29	3	5	3	0	0	5.8	0.08188350293613443	-7.83617099e-05	0
957	Iter0958	30	7	1	2	0	0	8.571428571428571	0.12145748987853977	-0.00011964950006839998	0
958	Iter0959	27	5	0	2	0	0	14.000000000000002	0.037433155080213804	-4.205955e-05	0
959	Iter0960	37	6	0	2	0	0	16.285714285714292	0.028282828282827587	-0.00043380752	0
960	Iter0961	25	4	1	1	0	0	6.25	0.30107526881720065	-0.0005471377	0
961	Iter0962	23	4	0	0	0	0	4.8	1.0	-0.00016371000000000002	0
962	Iter0963	33	4	0	0	0	0	6.8	1.0	-0.00075445094687	0
963	Iter0964	26	6	3	3	0	0	4.333333333333333	0.13106548710263732	-0.00037532084556899997	0
964	Iter0965	34	11	0	1	0	0	5.833333333333332	0.2608695652174042	0.0	0
965	Iter0966	34	6	3	3	0	0	5.666666666666668	0.07914554556888417	-0.0004078659000042924	0
966	Iter0967	30	8	3	0	0	0	0.8611111111111112	1.0	-2.0237765891e-05	0
967	Iter0968	23	6	0	1	0	0	6.857142857142858	0.2333333333333316	-9.0257989e-08	0
968	Iter0969	23	8	0	1	0	0	5.333333333333333	0.2812499999999981	-3.04597e-05	0
969	Iter0970	31	9	0	1	0	0	6.4	0.24390243902439285	-0.0007760102055199999	0
970	Iter0971	29	5	2	1	0	0	2.9	0.4214929214929294	-0.00029609032094	0
971	Iter0972	31	6	1	1	0	0	5.166666666666667	0.3306342780026915	-5.8363820143909e-05	0
972	Iter0973	24	7	1	0	0	0	1.5625	1.0	-0.000212281	0
973	Iter0974	27	11	1	1	0	0	2.4545454545454546	0.5153846153846227	-7.6993529e-05	0
974	Iter0975	27	6	5	4	0	0	3.6	0.18054211401640674	-5.320241007669999e-06	0
975	Iter0976	25	8	1	1	0	0	3.125	0.4537815126050506	-1.00782e-05	0
976	Iter0977	35	4	2	0	0	0	2.4	1.0	0.0	0
977	Iter0978	25	10	1	1	0	0	2.5	0.5120120120120152	-0.00030047364	0
978	Iter0979	31	2	0	1	0	0	21.33333333333333	0.08823529411764895	-0.000350290973462	0
979	Iter0980	19	9	3	0	0	0	0.5	0.5374860956618525	-6.13498e-05	0
980	Iter0981	24	5	2	0	0	0	1.3888888888888893	1.0	0.0	0
981	Iter0982	34	6	3	1	0	0	1.8888888888888893	0.5134842468932028	-0.000261322193486587	0
982	Iter0983	33	6	2	1	0	0	2.75	0.4298780487804764	-0.00033135040000000003	0
983	Iter0984	20	10	0	2	0	0	5.727272727272728	0.13306451612903206	-3.0322179999999998e-05	0
984	Iter0985	29	6	2	1	0	0	2.4166666666666665	0.4671645329540002	-0.0002465991	0
985	Iter0986	31	6	3	0	0	0	1.1428571428571428	1.0	-0.0009684744174000001	0
986	Iter0987	27	7	1	0	0	0	1.75	1.0	-0.00062051573	0
987	Iter0988	30	8	4	1	0	0	0.9375	1.0	-9.6565442e-06	0
988	Iter0989	29	7	0	1	0	0	7.5	0.2162162162162233	-7.535240219543999e-05	0
989	Iter0990	28	3	1	0	0	0	3.625	1.0	-0.0001119683	0
990	Iter0991	20	6	1	4	0	0	13.333333333333336	0.02743789395624765	-0.000352576	0
991	Iter0992	34	4	1	0	0	0	3.5	1.0	-7.270160000000002e-06	0
992	Iter0993	23	4	3	0	0	0	1.2	1.0	-0.00022346800000000005	0
993	Iter0994	33	7	3	3	0	0	4.714285714285714	0.10658709216010416	0.0	0
994	Iter0995	26	4	3	2	0	0	4.333333333333333	0.19520872865275293	-1.0664044099999999e-07	0
995	Iter0996	28	11	3	0	0	0	0.6041666666666666	0.5544425087107998	0.0	0
996	Iter0997	31	4	0	0	0	0	6.4	1.0	-1.48383e-06	0
997	Iter0998	32	9	2	1	0	0	1.7777777777777777	0.5481727574750801	-0.00054625638089	0
998	Iter0999	27	5	3	0	0	0	1.1666666666666667	1.0	-2.9577e-05	0
999	Iter1000	33	10	0	1	0	0	6.1818181818181825	0.2500000000000026	-4.83448274e-05	0
