	IterId	dN	dS	pN	pS	bdN	bpN	MkScore	FSPVal	SelCoef	PosSel
0	Iter0001	36	8	7	2	0	0	1.2857142857142858	1.0	-1.23905e-08	0
1	Iter0002	27	8	2	4	0	0	6.75	0.05000947427134805	-8.907265128e-05	0
2	Iter0003	20	7	4	2	0	0	1.4285714285714286	1.0	-0.00015980393	0
3	Iter0004	26	5	6	5	0	0	4.333333333333334	0.09443088896385073	-5.66765094e-05	0
4	Iter0005	23	7	8	6	0	0	2.4642857142857144	0.2877776457023657	0.0	0
5	Iter0006	28	10	2	2	0	0	2.8	0.5647279549718599	-2.4302452e-05	0
6	Iter0007	29	5	8	0	0	0	0.5555555555555556	0.5638627525662105	-1.0727097999999999e-05	0
7	Iter0008	35	7	6	1	0	0	0.8333333333333334	1.0	-9.780571066000001e-05	0
8	Iter0009	30	5	10	1	0	0	0.6	1.0	-2.5003816e-05	0
9	Iter0010	32	8	5	4	0	0	3.2	0.19479893134552664	-0.00051530179	0
10	Iter0011	24	7	4	1	0	0	0.8571428571428571	1.0	-0.00017419213600000001	0
11	Iter0012	21	4	6	7	0	0	6.125	0.024388003357583846	-9.39612e-05	0
12	Iter0013	28	6	3	1	0	0	1.5555555555555556	1.0	-0.00033173412	0
13	Iter0014	23	8	3	3	0	0	2.875	0.3350651071239369	-1.320900111546e-05	0
14	Iter0015	32	3	9	1	0	0	1.1851851851851851	1.0	-0.00012754700000000002	0
15	Iter0016	20	4	5	2	0	0	2.0	0.5959042811100655	-3.08246e-06	0
16	Iter0017	39	8	8	3	0	0	1.828125	0.4206899180359597	-4.5773951e-05	0
17	Iter0018	32	3	7	2	0	0	3.0476190476190474	0.26715825297787704	-7.11346e-05	0
18	Iter0019	30	3	2	1	0	0	5.0	0.3053221288515442	-0.00011456077	0
19	Iter0020	37	7	5	5	0	0	5.285714285714286	0.032873238311434315	-0.00012652824599999998	0
20	Iter0021	36	5	4	2	0	0	3.6	0.21356194737860493	-0.0002042633560031	0
21	Iter0022	35	5	5	1	0	0	1.4	1.0	-0.0002000025725	0
22	Iter0023	33	1	5	7	0	0	46.2	0.00010509601868204972	-0.0001791839	0
23	Iter0024	22	8	5	4	0	0	2.2	0.4161239037899376	0.0	0
24	Iter0025	32	5	2	2	0	0	6.4	0.12842895230571386	0.0	0
25	Iter0026	27	4	3	3	0	0	6.75	0.06794695765284102	-3.78591e-05	0
26	Iter0027	19	9	2	1	0	0	1.0555555555555556	1.0	-4.90037e-07	0
27	Iter0028	32	6	4	4	0	0	5.333333333333333	0.05482635443916969	-0.000580985920016	0
28	Iter0029	24	5	7	2	0	0	1.3714285714285714	1.0	-1.61688e-05	0
29	Iter0030	28	6	4	3	0	0	3.5000000000000004	0.1650578197433109	-9.17269e-08	0
30	Iter0031	33	5	3	0	0	0	1.4166666666666667	1.0	-0.00033381829999999993	0
31	Iter0032	32	2	5	3	0	0	9.6	0.03979460847240007	-7.914750798999999e-05	0
32	Iter0033	23	5	5	3	0	0	2.76	0.33837359395169186	0.0	0
33	Iter0034	28	8	10	1	0	0	0.35	0.6630663133759078	-0.0010603156999999998	0
34	Iter0035	30	8	4	2	0	0	1.875	0.6058167583975872	-1.8386e-05	0
35	Iter0036	27	4	4	7	0	0	11.8125	0.0026050419607393377	-0.000167257703904	0
36	Iter0037	35	6	6	2	0	0	1.9444444444444444	0.6011878768401127	-4.6080078e-05	0
37	Iter0038	23	8	4	1	0	0	0.71875	1.0	-4.955519999999999e-10	0
38	Iter0039	33	6	7	3	0	0	2.357142857142857	0.3636369540604055	-0.00037751137	0
39	Iter0040	31	3	2	5	0	0	25.83333333333333	0.0013566444888653227	-0.000666516913	0
40	Iter0041	27	5	2	3	0	0	8.100000000000001	0.05694464517994055	-2.0106302400000002e-08	0
41	Iter0042	33	8	5	2	0	0	1.65	0.6250555758736148	-0.000204180668101	0
42	Iter0043	26	7	11	3	0	0	1.012987012987013	1.0	-6.268773298000001e-05	0
43	Iter0044	27	2	10	1	0	0	1.35	1.0	-9.933358300000001e-05	0
44	Iter0045	30	4	4	0	0	0	1.24	1.0	-0.000133595	0
45	Iter0046	29	9	7	2	0	0	0.9206349206349208	1.0	-0.0003824707660000001	0
46	Iter0047	28	6	8	4	0	0	2.333333333333333	0.4156967046479576	-6.511788100000001e-06	0
47	Iter0048	25	2	8	3	0	0	4.6875	0.13405333683971665	-1.41672e-06	0
48	Iter0049	22	8	4	2	0	0	1.375	1.0	-6.22481e-12	0
49	Iter0050	32	2	4	9	0	0	36.0	2.359268804132719e-05	-0.00022866257026	0
50	Iter0051	32	5	6	1	0	0	1.0666666666666669	1.0	-9.2531379e-05	0
51	Iter0052	27	9	6	1	0	0	0.5	1.0	-9.331134937179999e-05	0
52	Iter0053	27	2	3	4	0	0	18.0	0.007611695704674791	-1.9258201e-06	0
53	Iter0054	27	5	4	0	0	0	0.9333333333333332	1.0	-0.0008064810000000001	0
54	Iter0055	32	7	5	2	0	0	1.8285714285714283	0.6090951688080991	-0.000183478684837	0
55	Iter0056	26	7	4	5	0	0	4.6428571428571415	0.08998357695782971	-0.00040822993712000006	0
56	Iter0057	27	4	11	6	0	0	3.6818181818181817	0.133927273700379	-5.265885e-05	0
57	Iter0058	24	7	6	6	0	0	3.4285714285714284	0.1368048917177519	-5.8001479e-05	0
58	Iter0059	28	7	5	2	0	0	1.6	0.6305140926450402	-1.0614e-07	0
59	Iter0060	28	2	4	7	0	0	24.5	0.0004240266265487085	-0.000239425	0
60	Iter0061	31	7	7	1	0	0	0.6326530612244898	1.0	-0.0004874374300000001	0
61	Iter0062	37	6	7	6	0	0	5.285714285714286	0.021994295283260336	-0.0007158753233999999	0
62	Iter0063	39	5	9	4	0	0	3.466666666666667	0.18724528142935307	-1.876181415e-07	0
63	Iter0064	26	5	10	4	0	0	2.08	0.427534740541862	-6.797782e-06	0
64	Iter0065	18	7	5	1	0	0	0.5142857142857143	1.0	-0.000114692	0
65	Iter0066	20	5	6	6	0	0	4.0	0.1216380779130272	-0.00017360400000000005	0
66	Iter0067	32	9	4	2	0	0	1.7777777777777777	0.6137942903857194	-0.0004959144	0
67	Iter0068	28	10	2	2	0	0	2.8	0.5647279549718599	-4.69042e-06	0
68	Iter0069	20	3	7	3	0	0	2.8571428571428568	0.3364154616240226	-0.0006286484711	0
69	Iter0070	27	3	4	2	0	0	4.5	0.1858288770053484	-5.64633e-06	0
70	Iter0071	29	4	6	2	0	0	2.4166666666666665	0.5777303915943303	-0.00044987350999999996	0
71	Iter0072	20	5	7	4	0	0	2.2857142857142856	0.4087735205316805	-0.0001198007	0
72	Iter0073	27	9	5	4	0	0	2.4	0.4112735461512813	-0.00029627367880000004	0
73	Iter0074	27	6	4	4	0	0	4.5	0.08207168012348312	0.0	0
74	Iter0075	27	6	2	1	0	0	2.25	0.4882352941176482	-4.27421e-06	0
75	Iter0076	30	9	4	2	0	0	1.6666666666666667	0.6242119763390006	-2.6161400000000005e-06	0
76	Iter0077	19	3	1	1	0	0	6.333333333333332	0.3115942028985534	-9.778480000000001e-05	0
77	Iter0078	27	3	3	2	0	0	6.0	0.13892961876833104	0.0	0
78	Iter0079	19	6	3	5	0	0	5.277777777777779	0.0824966962341812	-5.368229999999998e-13	0
79	Iter0080	47	6	4	3	0	0	5.875	0.06157455697583051	-9.639186790001527e-06	0
80	Iter0081	28	11	3	2	0	0	1.6969696969696968	0.6233499200742485	-0.00021351088999999997	0
81	Iter0082	33	7	6	1	0	0	0.7857142857142857	1.0	-1.1765089880999999e-07	0
82	Iter0083	35	5	6	4	0	0	4.666666666666667	0.06521113290684984	-1.71662e-08	0
83	Iter0084	24	6	2	2	0	0	4.0	0.22912713472485735	-0.00141546	0
84	Iter0085	40	4	4	1	0	0	2.5	0.4304803018956559	-0.0020110581285699997	0
85	Iter0086	23	6	4	2	0	0	1.9166666666666667	0.6021094654870708	-7.762220199999999e-05	0
86	Iter0087	27	9	6	1	0	0	0.5	1.0	-0.0002794804087	0
87	Iter0088	25	4	6	3	0	0	3.125	0.32248917930032217	-2.53309434262e-05	0
88	Iter0089	38	4	4	2	0	0	4.75	0.15659993650333934	-6.05944e-05	0
89	Iter0090	24	15	4	3	0	0	1.2000000000000002	1.0	-4.6672800000000005e-06	0
90	Iter0091	30	6	6	3	0	0	2.5	0.3535506980890075	-6.54125e-05	0
91	Iter0092	27	3	6	3	0	0	4.5	0.12251308226540772	-2.6456612e-05	0
92	Iter0093	29	3	5	4	0	0	7.733333333333332	0.03069930797787041	-1.48728e-05	0
93	Iter0094	31	7	4	6	0	0	6.642857142857142	0.015575062060454116	-0.0005414238	0
94	Iter0095	29	9	4	5	0	0	4.027777777777779	0.10185050605965128	-7.523684755e-05	0
95	Iter0096	40	4	3	2	0	0	6.666666666666668	0.10688956433637402	-0.00013949441968810002	0
96	Iter0097	28	7	9	2	0	0	0.8888888888888888	1.0	-0.0006301909999999999	0
97	Iter0098	26	6	3	2	0	0	2.888888888888889	0.2916606446018262	-1.58732e-06	0
98	Iter0099	35	6	2	4	0	0	11.666666666666664	0.013913199938197784	-0.00020925071499999998	0
99	Iter0100	24	4	1	1	0	0	6.0	0.31034482758620946	-5.787239745500001e-05	0
100	Iter0101	29	4	2	0	0	0	2.0	1.0	-0.0003979581	0
101	Iter0102	22	7	3	2	0	0	2.095238095238096	0.59084440227704	-2.67816e-05	0
102	Iter0103	19	6	3	0	0	0	0.7142857142857143	1.0	-4.465e-13	0
103	Iter0104	26	7	6	2	0	0	1.238095238095238	1.0	-0.000719306814922	0
104	Iter0105	24	3	5	1	0	0	1.6	1.0	-1.42324e-11	0
105	Iter0106	33	7	3	1	0	0	1.5714285714285714	0.5660805445263793	-0.0002969043071	0
106	Iter0107	26	5	10	3	0	0	1.56	0.6759630606840881	-0.000328561	0
107	Iter0108	31	4	7	2	0	0	2.2142857142857144	0.5861075963174667	-0.0002033922693	0
108	Iter0109	24	5	3	2	0	0	3.2	0.2683715715024997	-0.0006830537769999999	0
109	Iter0110	28	2	6	1	0	0	2.333333333333333	0.4774774774774786	-5.631520000000001e-05	0
110	Iter0111	25	0	6	1	0	0	7.428571428571429	0.21874999999999994	-0.000158708382	0
111	Iter0112	26	8	7	2	0	0	0.9285714285714286	1.0	-0.0005185055768999999	0
112	Iter0113	34	4	5	2	0	0	3.4	0.2296833909142415	-0.000202570655	0
113	Iter0114	24	3	1	1	0	0	8.0	0.2610837438423657	-0.0009967205	0
114	Iter0115	31	6	11	3	0	0	1.4090909090909092	0.6920474151840114	-2.50496731e-05	0
115	Iter0116	25	8	5	1	0	0	0.625	1.0	-0.0003517648	0
116	Iter0117	31	6	7	1	0	0	0.7380952380952381	1.0	-0.000101828158	0
117	Iter0118	31	3	9	4	0	0	4.592592592592593	0.0804659942991641	-1.3332523329999999e-05	0
118	Iter0119	30	5	2	2	0	0	6.0	0.14067914067913945	0.0	0
119	Iter0120	38	5	5	5	0	0	7.6	0.013847448716198493	-6.407492618056999e-05	0
120	Iter0121	26	11	4	3	0	0	1.7727272727272732	0.6615904545047324	-0.00021975096000000001	0
121	Iter0122	30	6	6	1	0	0	0.8333333333333334	1.0	-0.0002272539506	0
122	Iter0123	21	7	11	2	0	0	0.5454545454545454	0.6924514940070357	-1.90439e-05	0
123	Iter0124	28	6	4	2	0	0	2.333333333333333	0.5802896013422232	-0.0005999824	0
124	Iter0125	28	13	7	4	0	0	1.2307692307692306	1.0	-7.177280000000002e-06	0
125	Iter0126	26	4	4	0	0	0	1.08	1.0	-0.00011067144299999999	0
126	Iter0127	30	3	8	3	0	0	3.75	0.154438301346984	-0.00091531039	0
127	Iter0128	33	10	6	1	0	0	0.5499999999999999	1.0	-0.0003197590516	0
128	Iter0129	27	6	12	2	0	0	0.75	1.0	-2.2252831097e-05	0
129	Iter0130	28	3	7	0	0	0	0.90625	1.0	-0.00018292437600000001	0
130	Iter0131	29	6	8	4	0	0	2.4166666666666665	0.2506763186761289	-0.0006717013999999999	0
131	Iter0132	33	6	4	3	0	0	4.125	0.12356654911341368	-0.0011225705068279	0
132	Iter0133	22	7	5	4	0	0	2.5142857142857142	0.4007587433633517	-1.69725e-05	0
133	Iter0134	43	6	7	5	0	0	5.11904761904762	0.03112775109813705	-0.00020048268614999997	0
134	Iter0135	27	5	6	5	0	0	4.500000000000001	0.09173248436290468	-0.000154097	0
135	Iter0136	24	6	2	2	0	0	4.0	0.22912713472485735	-0.001009110332663	0
136	Iter0137	41	8	8	3	0	0	1.921875	0.4065041336417377	-1.3261509146e-05	0
137	Iter0138	24	6	1	8	0	0	32.0	0.0003637163579238884	-0.0003668010005620001	0
138	Iter0139	27	9	5	3	0	0	1.7999999999999998	0.6625414123100517	-0.00083130997946	0
139	Iter0140	27	3	7	3	0	0	3.8571428571428568	0.15275194222562685	-7.305579999999999e-07	0
140	Iter0141	34	1	3	3	0	0	34.0	0.00706033376123228	-0.000159945	0
141	Iter0142	31	7	4	2	0	0	2.2142857142857144	0.5861075963174665	-1.5103856909999998e-05	0
142	Iter0143	22	5	6	5	0	0	3.666666666666667	0.11606174787315295	-2.61264e-06	0
143	Iter0144	27	7	4	3	0	0	2.8928571428571432	0.33240614466545165	-0.00030775771999999997	0
144	Iter0145	18	3	2	3	0	0	9.0	0.0624201885071449	-0.0007685677879999999	0
145	Iter0146	19	4	3	2	0	0	3.1666666666666665	0.2854700854700839	-0.0003067384679	0
146	Iter0147	20	3	7	5	0	0	4.761904761904763	0.09115590618895084	-0.00013616465969999998	0
147	Iter0148	29	4	3	2	0	0	4.833333333333333	0.16895577576692508	-6.0708800667999995e-05	0
148	Iter0149	21	4	6	5	0	0	4.375	0.09616251951280973	-5.4230900000000006e-09	0
149	Iter0150	25	7	9	3	0	0	1.1904761904761905	1.0	-1.33075e-11	0
150	Iter0151	31	5	4	2	0	0	3.1	0.25738793004518296	-0.001950291000239025	0
151	Iter0152	26	6	6	7	0	0	5.0555555555555545	0.02998017672237653	-0.00026479030434	0
152	Iter0153	31	5	6	4	0	0	4.133333333333334	0.08676372256368273	-0.000148817	0
153	Iter0154	23	5	4	2	0	0	2.3	0.5798138751910953	-0.000133409063	0
154	Iter0155	26	9	4	3	0	0	2.166666666666667	0.387260174166462	-0.00020567760000000002	0
155	Iter0156	20	4	4	3	0	0	3.75	0.30226139205004604	-0.0006760443999999999	0
156	Iter0157	29	4	5	2	0	0	2.9	0.2786227523069688	-9.490198631e-05	0
157	Iter0158	17	7	8	1	0	0	0.3035714285714285	0.3938564216650901	-9.88705e-05	0
158	Iter0159	29	5	4	1	0	0	1.45	1.0	-1.15499e-07	0
159	Iter0160	27	4	4	6	0	0	10.125	0.00639397893607671	-0.0002525602976	0
160	Iter0161	31	7	8	2	0	0	1.1071428571428572	1.0	-0.0011643363272999998	0
161	Iter0162	31	4	4	3	0	0	5.8125	0.07689194082005286	-3.0915080000000004e-05	0
162	Iter0163	38	7	8	1	0	0	0.6785714285714286	1.0	-0.000354987	0
163	Iter0164	24	5	11	4	0	0	1.7454545454545454	0.4639587438942556	-0.0006766914516	0
164	Iter0165	19	8	8	5	0	0	1.484375	0.7215143516896174	-2.01216679e-05	0
165	Iter0166	27	4	9	5	0	0	3.75	0.1109755767486276	-0.0001971991	0
166	Iter0167	25	5	7	2	0	0	1.4285714285714286	0.6525585534873457	-4.1038679058e-05	0
167	Iter0168	32	7	6	1	0	0	0.7619047619047619	1.0	-0.0005102594825900001	0
168	Iter0169	32	4	9	1	0	0	0.8888888888888888	1.0	-0.0007582487334059999	0
169	Iter0170	31	3	4	2	0	0	5.166666666666667	0.15424736477367915	-0.0010918197473	0
170	Iter0171	31	3	6	5	0	0	8.611111111111112	0.014080862962851616	-0.00075316882	0
171	Iter0172	29	6	3	2	0	0	3.2222222222222214	0.2567628357102029	-1.4076373499999999e-05	0
172	Iter0173	21	5	9	3	0	0	1.4	0.6892823113735915	0.0	0
173	Iter0174	23	6	5	5	0	0	3.8333333333333335	0.10874309343799048	0.0	0
174	Iter0175	20	7	4	5	0	0	3.571428571428571	0.12559753601106705	-3.2980199999999995e-10	0
175	Iter0176	31	4	4	3	0	0	5.8125	0.07689194082005286	-1.294972e-05	0
176	Iter0177	25	9	5	3	0	0	1.6666666666666663	0.6679734933906957	-2.74339e-05	0
177	Iter0178	29	7	4	5	0	0	5.178571428571429	0.042751400395368434	-3.207852e-05	0
178	Iter0179	30	5	4	4	0	0	6.0	0.04582984034875117	-8.775482399999999e-09	0
179	Iter0180	24	2	5	3	0	0	7.199999999999998	0.07214938761428384	0.0	0
180	Iter0181	27	5	2	1	0	0	2.7	0.4417112299465242	-0.0005323969554712801	0
181	Iter0182	22	5	4	3	0	0	3.3000000000000003	0.3152522410521508	-7.4136663e-05	0
182	Iter0183	25	5	4	6	0	0	7.5	0.014448446748955956	-0.0002307782	0
183	Iter0184	28	7	5	1	0	0	0.8	1.0	0.0	0
184	Iter0185	33	11	3	4	0	0	4.0	0.1742368177613272	-2.89492e-05	0
185	Iter0186	26	5	2	2	0	0	5.2	0.17098930481283614	-9.48818565e-05	0
186	Iter0187	27	3	8	4	0	0	4.5	0.08832022503396023	-0.0001356212	0
187	Iter0188	28	5	0	0	0	0	4.833333333333333	1.0	-8.335592748199999e-05	0
188	Iter0189	21	7	1	2	0	0	6.0	0.19488320355951255	-2.38206e-09	0
189	Iter0190	31	8	4	6	0	0	5.8125	0.022093124450503314	-7.00413e-08	0
190	Iter0191	32	3	3	2	0	0	7.111111111111112	0.10877679298731872	-4.1553674e-06	0
191	Iter0192	27	4	6	4	0	0	4.5	0.0820716801234833	-9.83972e-05	0
192	Iter0193	25	11	3	0	0	0	0.5416666666666666	0.5450268081847112	-0.000326244515339	0
193	Iter0194	31	5	3	4	0	0	8.266666666666667	0.025681450853853868	-0.00023830599999999998	0
194	Iter0195	41	5	5	4	0	0	6.56	0.030603460974914582	-2.53248e-07	0
195	Iter0196	22	6	4	6	0	0	5.5	0.04516579518387557	-0.000165467122	0
196	Iter0197	35	8	4	0	0	0	0.8	1.0	-0.0001412842	0
197	Iter0198	25	0	4	1	0	0	10.4	0.16666666666666674	-9.421109980000001e-05	0
198	Iter0199	28	6	1	4	0	0	18.666666666666668	0.0110150636466425	-6.135622475e-05	0
199	Iter0200	20	2	5	3	0	0	6.0	0.10197465369879223	-2.03117e-07	0
200	Iter0201	22	8	7	2	0	0	0.7857142857142857	1.0	-9.8574716449e-05	0
201	Iter0202	27	6	2	5	0	0	11.25	0.010797294079028	-1.08749e-06	0
202	Iter0203	29	7	5	5	0	0	4.142857142857143	0.09797560164173302	-3.09865e-05	0
203	Iter0204	29	6	4	1	0	0	1.2083333333333333	1.0	-0.0001924222	0
204	Iter0205	23	4	3	3	0	0	5.75	0.09293154009505264	-9.81046e-06	0
205	Iter0206	20	6	4	1	0	0	0.8333333333333334	1.0	-6.35935e-12	0
206	Iter0207	26	13	7	2	0	0	0.5714285714285714	0.6995161619537922	-2.6359400000000003e-06	0
207	Iter0208	27	6	5	4	0	0	3.6	0.18054211401640674	-2.1147600000000003e-09	0
208	Iter0209	41	3	3	3	0	0	13.666666666666664	0.01757852077000987	-0.000616034	0
209	Iter0210	32	7	12	2	0	0	0.7619047619047619	1.0	-2.2296180000000004e-05	0
210	Iter0211	29	6	8	0	0	0	0.4761904761904762	0.5740054792507028	-5.038431000000001e-05	0
211	Iter0212	32	7	2	4	0	0	9.142857142857142	0.0247143667449952	-0.000302339032703	0
212	Iter0213	29	6	7	3	0	0	2.071428571428571	0.3929316411926612	-5.1847e-07	0
213	Iter0214	20	4	1	4	0	0	20.0	0.012849985263778443	-3.45995e-11	0
214	Iter0215	38	4	4	3	0	0	7.125	0.050497049007256316	-0.0007893788728134	0
215	Iter0216	32	6	8	1	0	0	0.6666666666666666	1.0	0.0	0
216	Iter0217	23	7	4	4	0	0	3.2857142857142856	0.1949587158315789	-0.000329733	0
217	Iter0218	33	5	5	1	0	0	1.3199999999999998	1.0	-1.400901e-05	0
218	Iter0219	32	1	4	0	0	0	3.3	1.0	-9.619079762673e-05	0
219	Iter0220	28	6	5	1	0	0	0.9333333333333332	1.0	-3.9760056000000005e-05	0
220	Iter0221	37	5	5	2	0	0	2.96	0.2584587084995861	-0.0007768993850000001	0
221	Iter0222	30	10	2	0	0	0	0.9393939393939394	1.0	-4.03906e-05	0
222	Iter0223	25	6	5	2	0	0	1.6666666666666667	0.6236050996112862	-0.000343301	0
223	Iter0224	26	4	4	4	0	0	6.5	0.04413040688382719	-0.000316870779	0
224	Iter0225	26	8	4	2	0	0	1.625	0.6287339971550443	-0.000504975	0
225	Iter0226	23	5	6	5	0	0	3.833333333333333	0.10874309343799198	-2.2791089e-06	0
226	Iter0227	29	3	4	1	0	0	2.4166666666666665	0.4555227496404178	-5.1813293e-05	0
227	Iter0228	25	5	4	2	0	0	2.5	0.5732167500431165	-2.70588e-10	0
228	Iter0229	31	9	1	2	0	0	6.888888888888888	0.1559841179807121	-4.873739999999999e-09	0
229	Iter0230	24	6	4	2	0	0	2.0	0.5963429360013794	-0.000176194	0
230	Iter0231	30	3	5	3	0	0	6.0	0.07658858621631569	0.0	0
231	Iter0232	32	3	5	6	0	0	12.8	0.0029281312368311385	-0.00043604319999999996	0
232	Iter0233	29	8	6	4	0	0	2.4166666666666665	0.2506763186761265	-0.000235874	0
233	Iter0234	28	4	1	1	0	0	7.0	0.27629233511586315	-0.0009528990179900001	0
234	Iter0235	23	6	5	4	0	0	3.066666666666667	0.2051386637175111	-1.17109e-05	0
235	Iter0236	31	7	4	6	0	0	6.642857142857142	0.015575062060454116	-0.000920801561	0
236	Iter0237	26	3	8	9	0	0	9.75	0.0038289203302033967	-4.12643e-05	0
237	Iter0238	28	4	2	4	0	0	14.0	0.011648575116067228	-1.44888e-10	0
238	Iter0239	23	6	6	1	0	0	0.6388888888888891	1.0	-0.0005090787978999999	0
239	Iter0240	33	5	4	4	0	0	6.6	0.035863542115236624	-0.0001406525986024	0
240	Iter0241	36	6	4	2	0	0	3.0	0.2582459276411886	-0.0005075078	0
241	Iter0242	23	3	5	1	0	0	1.5333333333333334	1.0	-0.0002321623623	0
242	Iter0243	39	6	6	4	0	0	4.333333333333333	0.07013597752298165	-0.000113617	0
243	Iter0244	25	6	7	4	0	0	2.380952380952381	0.41026613608355184	-6.543211688e-07	0
244	Iter0245	31	5	4	2	0	0	3.1	0.25738793004518296	-0.0005532362	0
245	Iter0246	22	5	4	1	0	0	1.1	1.0	-0.001273434581	0
246	Iter0247	31	9	8	3	0	0	1.2916666666666667	0.7063286077269273	-0.000363092	0
247	Iter0248	29	7	0	0	0	0	3.75	1.0	-9.77694e-05	0
248	Iter0249	27	4	5	1	0	0	1.35	1.0	-7.46290145e-09	0
249	Iter0250	22	6	7	8	0	0	4.190476190476192	0.045727774310070066	-1.6110110281e-05	0
250	Iter0251	22	3	2	2	0	0	7.333333333333332	0.12652098858995434	-6.91782e-05	0
251	Iter0252	28	3	10	0	0	0	0.6590909090909091	0.5637898686679181	-1.0399e-11	0
252	Iter0253	36	3	4	1	0	0	3.0	0.3941039108367544	-6.579211e-05	0
253	Iter0254	31	5	5	4	0	0	4.96	0.06268122065357483	-0.0004709184100000001	0
254	Iter0255	27	11	8	0	0	0	0.2592592592592593	0.16910489008444685	-4.1026099999999985e-08	0
255	Iter0256	21	8	3	0	0	0	0.6111111111111112	0.5548387096774183	-0.0016314039	0
256	Iter0257	17	4	1	4	0	0	17.0	0.020006080875645874	-0.000664014	0
257	Iter0258	23	6	3	2	0	0	2.5555555555555562	0.5701799781496155	-0.0002790475582	0
258	Iter0259	29	10	4	5	0	0	3.625	0.11470479897450292	-4.130720000000001e-09	0
259	Iter0260	31	1	5	2	0	0	12.4	0.07736076157128892	-1.064780632e-06	0
260	Iter0261	25	8	9	1	0	0	0.3472222222222222	0.659097957333618	0.0	0
261	Iter0262	28	7	5	4	0	0	3.2	0.19535544095952725	-0.001083233838	0
262	Iter0263	24	9	7	1	0	0	0.3809523809523809	0.6532364880171408	-0.0001737498	0
263	Iter0264	34	9	6	5	0	0	3.1481481481481484	0.12867521143750338	-0.0004043004090579258	0
264	Iter0265	39	2	0	3	0	0	53.33333333333334	0.0007550588945937817	0.0	0
265	Iter0266	30	3	3	3	0	0	10.0	0.035933970918493034	-0.0007627150270000001	0
266	Iter0267	36	6	3	3	0	0	6.0	0.07057321053835712	-4.4404164849999994e-05	0
267	Iter0268	27	4	4	4	0	0	6.75	0.04010709815663435	-0.000907484127	0
268	Iter0269	26	3	5	5	0	0	8.666666666666666	0.016409809753463043	-4.8405724e-05	0
269	Iter0270	26	4	5	5	0	0	6.5	0.02857026038140557	-0.000757342	0
270	Iter0271	23	9	8	2	0	0	0.6388888888888888	1.0	0.0	0
271	Iter0272	31	5	3	3	0	0	6.2	0.07173491255647879	-4.454982e-05	0
272	Iter0273	25	8	5	4	0	0	2.5	0.40570045455646175	-0.0002761513	0
273	Iter0274	24	8	3	1	0	0	1.0	1.0	-0.0003727680000000001	0
274	Iter0275	32	11	5	4	0	0	2.327272727272727	0.41865793780685984	-0.00029351153	0
275	Iter0276	26	5	6	5	0	0	4.333333333333334	0.09443088896385073	-7.13825e-05	0
276	Iter0277	26	3	4	6	0	0	13.0	0.0038570865246187274	-0.0010019698066679999	0
277	Iter0278	31	8	2	3	0	0	5.8125	0.09067336520541416	-2.6269322199999998e-06	0
278	Iter0279	30	4	5	5	0	0	7.5	0.018354763764800438	-5.6255737415682e-05	0
279	Iter0280	22	10	4	2	0	0	1.1	1.0	-0.00075712	0
280	Iter0281	38	5	5	2	0	0	3.04	0.25014024211989416	-2.317080000033243e-05	0
281	Iter0282	30	3	5	5	0	0	10.0	0.010273858887167545	-4.3346350213600004e-05	0
282	Iter0283	21	7	9	3	0	0	1.0	1.0	-2.08085e-05	0
283	Iter0284	23	2	6	3	0	0	5.75	0.1023374159047782	-9.01553e-07	0
284	Iter0285	24	8	5	1	0	0	0.6	1.0	-3.15073e-07	0
285	Iter0286	33	4	4	3	0	0	6.1875	0.06779051396106256	0.0	0
286	Iter0287	28	7	5	4	0	0	3.2	0.19535544095952725	-0.00126136	0
287	Iter0288	34	5	7	3	0	0	2.914285714285714	0.33338796791948866	-0.000199245846	0
288	Iter0289	36	4	3	4	0	0	12.0	0.010849256431302114	-4.1353656382e-05	0
289	Iter0290	31	4	8	1	0	0	0.96875	1.0	0.0	0
290	Iter0291	37	2	7	2	0	0	5.285714285714286	0.15457909343201118	-8.2258e-05	0
291	Iter0292	38	4	6	2	0	0	3.1666666666666665	0.2416237170168721	-0.00016206183599999999	0
292	Iter0293	27	4	4	2	0	0	3.375	0.2447698366816089	-1.369505734e-05	0
293	Iter0294	26	4	3	2	0	0	4.333333333333333	0.19520872865275293	-8.162660000000001e-06	0
294	Iter0295	27	9	1	4	0	0	12.0	0.028432154876314564	-0.000230529160255	0
295	Iter0296	28	9	7	1	0	0	0.4444444444444445	0.6611407221312164	-8.17847e-05	0
296	Iter0297	30	7	5	1	0	0	0.8571428571428571	1.0	-0.000658597	0
297	Iter0298	23	4	7	2	0	0	1.6428571428571428	0.6269776238941274	0.0	0
298	Iter0299	33	5	2	1	0	0	3.3	0.3860225140712876	-0.0005295419999999999	0
299	Iter0300	20	3	12	6	0	0	3.333333333333333	0.14735881334084214	-1.981164576e-05	0
300	Iter0301	30	8	2	2	0	0	3.75	0.2355936746180676	-8.367600267999998e-05	0
301	Iter0302	23	3	4	3	0	0	5.750000000000001	0.09293154009505382	-0.00017463194549999998	0
302	Iter0303	32	6	6	2	0	0	1.7777777777777777	0.6130726294429566	-0.00033026585100000007	0
303	Iter0304	35	7	5	3	0	0	3.0	0.3310169812116774	-0.0004767216729	0
304	Iter0305	34	4	2	1	0	0	4.25	0.3302063789868732	-2.4127950927e-05	0
305	Iter0306	28	3	5	2	0	0	3.733333333333333	0.22268708336820245	-0.00019746613700000003	0
306	Iter0307	28	8	3	4	0	0	4.666666666666667	0.0813906318727633	-5.5857142e-06	0
307	Iter0308	34	2	4	5	0	0	21.25	0.0018166745336342296	-0.0004655124	0
308	Iter0309	34	4	7	2	0	0	2.4285714285714284	0.3221783917091832	-3.82854e-12	0
309	Iter0310	32	7	2	1	0	0	2.2857142857142856	0.4787456445993027	0.0	0
310	Iter0311	25	4	5	5	0	0	6.25	0.032100713789518315	-0.0007734294	0
311	Iter0312	28	6	7	5	0	0	3.333333333333334	0.12354505697192895	-8.640000000000001e-05	0
312	Iter0313	27	4	4	1	0	0	1.6875	0.5492981283422489	-0.000113078992	0
313	Iter0314	24	4	5	0	0	0	0.8333333333333334	1.0	-1.944822363e-05	0
314	Iter0315	23	2	6	2	0	0	3.8333333333333335	0.2412023460410499	-0.00048129490000000004	0
315	Iter0316	33	9	3	4	0	0	4.8888888888888875	0.06960839754011347	-5.33448e-06	0
316	Iter0317	36	6	4	3	0	0	4.5	0.10504370959806243	-0.0003865947111	0
317	Iter0318	31	8	2	3	0	0	5.8125	0.09067336520541416	-0.00039944	0
318	Iter0319	33	7	5	3	0	0	2.8285714285714287	0.3363353050306537	-0.0008760589123727	0
319	Iter0320	24	7	7	2	0	0	0.979591836734694	1.0	-4.00103e-09	0
320	Iter0321	34	4	7	1	0	0	1.2142857142857142	1.0	-0.00019467856700000003	0
321	Iter0322	22	4	1	1	0	0	5.5	0.33068783068782803	-3.5579596e-05	0
322	Iter0323	25	4	5	2	0	0	2.5	0.5732167500431165	-6.04808e-06	0
323	Iter0324	25	2	4	0	0	0	1.7333333333333332	1.0	-2.856038e-05	0
324	Iter0325	22	11	5	0	0	0	0.3194444444444445	0.2948886524737929	-1.92509e-06	0
325	Iter0326	35	10	6	3	0	0	1.75	0.6702496543273719	-1.48383e-05	0
326	Iter0327	30	7	4	2	0	0	2.142857142857143	0.5892195692774596	-0.00038842705000035103	0
327	Iter0328	24	5	4	1	0	0	1.2	1.0	-0.0005441480485	0
328	Iter0329	34	7	5	3	0	0	2.914285714285714	0.3333879679194886	-9.3294787e-05	0
329	Iter0330	30	5	5	1	0	0	1.2	1.0	-0.00068017877	0
330	Iter0331	33	4	6	2	0	0	2.75	0.28644356211001804	-0.000455344418	0
331	Iter0332	25	2	6	3	0	0	6.25	0.08756684491978603	-1.13867e-05	0
332	Iter0333	27	4	2	0	0	0	1.8666666666666665	1.0	0.0	0
333	Iter0334	32	6	3	1	0	0	1.7777777777777777	0.532207629768606	-0.0008873452000000001	0
334	Iter0335	26	4	11	2	0	0	1.181818181818182	1.0	-0.00106566648	0
335	Iter0336	19	6	7	1	0	0	0.4523809523809524	0.6517735755777917	-0.0013621220000000001	0
336	Iter0337	24	4	6	1	0	0	1.0	1.0	-4.307722e-05	0
337	Iter0338	23	7	10	4	0	0	1.3142857142857145	0.7222101326683195	0.0	0
338	Iter0339	29	12	3	0	0	0	0.5769230769230769	0.5505889459377817	-0.000651827738	0
339	Iter0340	29	7	5	4	0	0	3.3142857142857145	0.1903225764407306	-9.376633178e-05	0
340	Iter0341	20	11	1	1	0	0	1.818181818181818	1.0	-0.0006408060310999999	0
341	Iter0342	33	5	5	4	0	0	5.2799999999999985	0.053777347799970884	-0.001364206816	0
342	Iter0343	25	4	3	4	0	0	8.333333333333334	0.03010177678109388	-2.328170704e-05	0
343	Iter0344	32	7	6	2	0	0	1.5238095238095235	0.6387991833363501	-0.0006369228238	0
344	Iter0345	29	14	6	3	0	0	1.0357142857142858	1.0	-0.00011926083938010301	0
345	Iter0346	28	4	3	4	0	0	9.333333333333334	0.02220709960648037	-0.00063265143191	0
346	Iter0347	29	5	8	2	0	0	1.45	0.6490386050645004	-5.188164744000001e-06	0
347	Iter0348	30	3	9	2	0	0	2.2222222222222223	0.5855279150798236	-2.296745e-05	0
348	Iter0349	24	5	2	4	0	0	9.6	0.02729860272554774	-0.00014952707	0
349	Iter0350	24	5	11	2	0	0	0.8727272727272727	1.0	-0.000491540657	0
350	Iter0351	19	4	9	4	0	0	2.1111111111111107	0.4217685591107104	-0.0001874097	0
351	Iter0352	33	6	3	2	0	0	3.6666666666666665	0.21894498014747465	-0.00011643374399999998	0
352	Iter0353	39	5	7	3	0	0	3.3428571428571425	0.15605524425747164	-2.576139085e-07	0
353	Iter0354	24	3	5	4	0	0	6.4	0.04972399516991503	-4.49604e-05	0
354	Iter0355	32	4	4	1	0	0	2.0	0.4969402106757794	-0.00034389654724999993	0
355	Iter0356	31	3	4	4	0	0	10.333333333333334	0.01672661107834399	-0.0002805053888	0
356	Iter0357	30	6	5	3	0	0	3.0	0.3288231291634585	-0.000571023600438632	0
357	Iter0358	30	8	4	1	0	0	0.9375	1.0	-0.00037438145242	0
358	Iter0359	31	3	7	3	0	0	4.428571428571429	0.1196574270879446	-8.121039999999998e-14	0
359	Iter0360	29	7	5	5	0	0	4.142857142857143	0.09797560164173302	-0.0007915471236	0
360	Iter0361	19	8	5	2	0	0	0.95	1.0	0.0	0
361	Iter0362	19	5	4	1	0	0	0.95	1.0	-3.5024600000000003e-05	0
362	Iter0363	20	3	7	5	0	0	4.761904761904763	0.09115590618895084	-7.444495e-05	0
363	Iter0364	29	7	2	4	0	0	8.285714285714286	0.03207031319996726	-1.10649e-06	0
364	Iter0365	29	7	3	3	0	0	4.142857142857143	0.1348957048571974	-0.00040517307964	0
365	Iter0366	27	7	4	4	0	0	3.8571428571428568	0.17431210499246447	-0.00042632678	0
366	Iter0367	33	5	4	2	0	0	3.3	0.23841572494436125	-0.0001546788676331	0
367	Iter0368	27	4	5	2	0	0	2.7	0.3024699340488827	-8.037275404e-05	0
368	Iter0369	26	4	6	1	0	0	1.0833333333333333	1.0	-1.41084e-05	0
369	Iter0370	31	7	6	2	0	0	1.4761904761904765	0.6448923145216461	-0.001009283567	0
370	Iter0371	25	7	4	5	0	0	4.464285714285714	0.0928751752583207	-5.4619421675e-05	0
371	Iter0372	30	3	4	3	0	0	7.5	0.05474705474705557	-0.000734263	0
372	Iter0373	41	6	2	1	0	0	3.4166666666666665	0.3703571428571616	-0.00025209542399999996	0
373	Iter0374	25	8	8	6	0	0	2.34375	0.2965997947300648	0.0	0
374	Iter0375	29	5	5	4	0	0	4.64	0.0734619173703258	-0.0008008239000000001	0
375	Iter0376	27	5	7	0	0	0	0.5833333333333334	0.5628016680648289	-2.121965e-05	0
376	Iter0377	35	5	4	0	0	0	1.2	1.0	-3.5386071e-05	0
377	Iter0378	27	7	3	4	0	0	5.142857142857143	0.06916484965265435	-4.6864162e-06	0
378	Iter0379	32	2	1	3	0	0	48.0	0.004538372959425682	-1.4904595e-06	0
379	Iter0380	28	2	6	1	0	0	2.333333333333333	0.4774774774774786	0.0	0
380	Iter0381	21	7	5	0	0	0	0.4583333333333333	0.5590639431017574	-1.93939e-05	0
381	Iter0382	18	11	4	6	0	0	2.454545454545455	0.28193950774596155	-0.00016763260834	0
382	Iter0383	37	8	6	2	0	0	1.5416666666666667	0.6364291060532805	-0.00012255918478999998	0
383	Iter0384	25	8	8	2	0	0	0.78125	1.0	-0.00081752110556	0
384	Iter0385	31	6	8	4	0	0	2.583333333333333	0.2326462913532985	-0.0008504578899999999	0
385	Iter0386	24	3	7	3	0	0	3.4285714285714284	0.3130329527388413	-0.0014666587132999998	0
386	Iter0387	33	11	5	2	0	0	1.2	1.0	-6.218112287408999e-05	0
387	Iter0388	19	5	4	3	0	0	2.85	0.3345890495612415	-0.000159037	0
388	Iter0389	27	2	3	2	0	0	9.0	0.09390633086079096	-8.082429999999999e-05	0
389	Iter0390	25	4	6	3	0	0	3.125	0.32248917930032217	-0.0012805200159604977	0
390	Iter0391	23	5	6	3	0	0	2.3	0.3726951032453988	-4.466641e-07	0
391	Iter0392	28	7	6	4	0	0	2.6666666666666665	0.22788493114192615	-1.9980733e-05	0
392	Iter0393	26	6	5	3	0	0	2.6	0.3476042324339496	-0.0006894737000120253	0
393	Iter0394	27	10	2	3	0	0	4.050000000000002	0.1623876765083407	-3.9320467e-05	0
394	Iter0395	26	2	6	1	0	0	2.1666666666666665	0.4994652406417148	0.0	0
395	Iter0396	26	5	0	2	0	0	13.5	0.03977272727272641	-0.00010138564434000001	0
396	Iter0397	37	10	4	3	0	0	2.7750000000000004	0.33988865986646405	-0.00041298259682999997	0
397	Iter0398	32	3	1	2	0	0	21.33333333333333	0.04030346135609349	-2.6119854048e-05	0
398	Iter0399	27	10	4	3	0	0	2.0250000000000004	0.40437440802024616	-0.0004121728964	0
399	Iter0400	19	11	9	1	0	0	0.19191919191919196	0.2306943540964318	-0.0006923639999999999	0
400	Iter0401	30	7	6	3	0	0	2.142857142857143	0.3843705666049257	-0.0002340854	0
401	Iter0402	31	10	4	5	0	0	3.875	0.1056349325867208	-2.2554569540000002e-05	0
402	Iter0403	29	7	6	3	0	0	2.071428571428572	0.3929316411926688	0.0	0
403	Iter0404	28	9	7	2	0	0	0.8888888888888891	1.0	-1.14364e-06	0
404	Iter0405	24	7	6	2	0	0	1.1428571428571428	1.0	-0.00035595929	0
405	Iter0406	30	5	9	2	0	0	1.3333333333333333	1.0	-0.0001589902	0
406	Iter0407	24	9	2	1	0	0	1.3333333333333333	1.0	-7.849000000000001e-17	0
407	Iter0408	25	10	7	1	0	0	0.35714285714285715	0.6562921792046603	0.0	0
408	Iter0409	25	10	4	1	0	0	0.625	1.0	-5.804742399999999e-07	0
409	Iter0410	22	6	4	0	0	0	0.6571428571428571	0.5661846496106868	-0.00013296	0
410	Iter0411	32	7	6	1	0	0	0.7619047619047619	1.0	-0.0005728589550000001	0
411	Iter0412	32	4	3	3	0	0	8.0	0.047779684493419995	-0.00021666490000000002	0
412	Iter0413	33	3	8	3	0	0	4.125	0.13067142826409225	0.0	0
413	Iter0414	27	2	7	7	0	0	13.5	0.002628876002610927	-0.00018771819000000002	0
414	Iter0415	33	3	10	1	0	0	1.1	1.0	0.0	0
415	Iter0416	26	6	5	3	0	0	2.6	0.3476042324339496	-0.00039170278299999997	0
416	Iter0417	29	4	7	1	0	0	1.0357142857142858	1.0	-0.00031584960000000003	0
417	Iter0418	27	5	4	0	0	0	0.9333333333333332	1.0	-0.000621396	0
418	Iter0419	22	7	3	2	0	0	2.095238095238096	0.59084440227704	-2.8080753999999998e-05	0
419	Iter0420	33	2	9	6	0	0	11.0	0.005978324897069311	-6.6282253e-06	0
420	Iter0421	29	8	8	5	0	0	2.265625	0.28067400662361325	-0.00044700550000000006	0
421	Iter0422	25	9	1	3	0	0	8.333333333333334	0.08419697893382022	-6.35316559868e-05	0
422	Iter0423	26	4	3	0	0	0	1.35	1.0	-0.0001428353677	0
423	Iter0424	18	3	5	4	0	0	4.8	0.15331564986737525	-0.00021842206128	0
424	Iter0425	29	1	5	1	0	0	5.8	0.3095238095238073	-3.535079009e-05	0
425	Iter0426	31	1	6	4	0	0	20.666666666666668	0.008195911918633248	-8.5449e-07	0
426	Iter0427	28	7	6	2	0	0	1.3333333333333333	1.0	-0.00027946538471	0
427	Iter0428	31	5	3	8	0	0	16.533333333333335	0.00046576693837163007	0.0	0
428	Iter0429	34	4	6	2	0	0	2.833333333333333	0.2765722279890391	-0.00014794602526200002	0
429	Iter0430	30	10	8	4	0	0	1.5	0.7124895460263749	-1.5184782000000001e-05	0
430	Iter0431	30	7	5	2	0	0	1.7142857142857142	0.61878331239765	0.0	0
431	Iter0432	40	6	7	0	0	0	0.7321428571428571	0.5820413216084436	-0.00090052268297369	0
432	Iter0433	27	8	9	3	0	0	1.125	1.0	-0.000170551529	0
433	Iter0434	31	9	2	2	0	0	3.4444444444444446	0.2564621991734924	-7.526560000000002e-07	0
434	Iter0435	25	3	0	2	0	0	19.5	0.022988505747126846	-0.001003679578	0
435	Iter0436	23	10	3	5	0	0	3.833333333333333	0.11690895002833572	0.0	0
436	Iter0437	27	4	8	2	0	0	1.6875	0.6221166856596864	-7.988266000000001e-05	0
437	Iter0438	26	3	11	4	0	0	3.1515151515151514	0.20665894096350107	0.0	0
438	Iter0439	32	3	3	4	0	0	14.222222222222221	0.008963342724575026	-0.0003840167	0
439	Iter0440	26	5	6	4	0	0	3.466666666666667	0.18488057572857	-1.75817e-05	0
440	Iter0441	28	10	6	3	0	0	1.4	0.6920630306490003	-0.00054971565146	0
441	Iter0442	30	7	6	1	0	0	0.7142857142857143	1.0	-0.00036756727515204	0
442	Iter0443	28	6	5	2	0	0	1.8666666666666667	0.6058816988213735	0.0	0
443	Iter0444	24	6	5	3	0	0	2.4	0.3630773851486884	-1.89945e-05	0
444	Iter0445	29	6	3	4	0	0	6.444444444444443	0.043495356717436366	-0.000116885143	0
445	Iter0446	24	5	7	2	0	0	1.3714285714285714	1.0	-0.00013133007434420002	0
446	Iter0447	26	3	3	1	0	0	2.888888888888889	0.419574780058642	-2.411855175e-05	0
447	Iter0448	29	3	4	2	0	0	4.833333333333333	0.16895577576692508	-9.46688e-05	0
448	Iter0449	37	6	3	5	0	0	10.277777777777779	0.007755294532244115	-0.0013830796362999998	0
449	Iter0450	23	9	7	4	0	0	1.4603174603174602	0.7089820437477381	-0.000133068263	0
450	Iter0451	26	9	8	4	0	0	1.4444444444444444	0.7129060853549402	-1.4449230000000001e-06	0
451	Iter0452	21	8	5	2	0	0	1.05	1.0	-1.2044577699999998e-05	0
452	Iter0453	30	6	5	1	0	0	1.0	1.0	-0.0008157102979999999	0
453	Iter0454	31	9	6	1	0	0	0.5740740740740741	1.0	-1.1597929e-05	0
454	Iter0455	24	7	4	1	0	0	0.8571428571428571	1.0	0.0	0
455	Iter0456	25	7	5	0	0	0	0.5416666666666666	0.5599075010839831	-5.30789e-05	0
456	Iter0457	35	3	9	2	0	0	2.592592592592593	0.310966477247707	-0.000405277668140396	0
457	Iter0458	31	6	6	2	0	0	1.7222222222222223	0.6178958238127221	-0.00010205160000000002	0
458	Iter0459	28	10	6	3	0	0	1.4	0.6920630306490003	-1.45738e-05	0
459	Iter0460	34	9	3	3	0	0	3.7777777777777777	0.14797806264041255	-6.626287972700001e-05	0
460	Iter0461	26	4	3	2	0	0	4.333333333333333	0.19520872865275293	0.0	0
461	Iter0462	20	4	9	1	0	0	0.5555555555555556	1.0	-0.000263097	0
462	Iter0463	30	4	5	0	0	0	1.0333333333333334	1.0	-5.9176597484e-07	0
463	Iter0464	24	5	6	5	0	0	4.0	0.1028031801900766	-2.5338e-12	0
464	Iter0465	27	9	6	4	0	0	2.0	0.4345996644138968	-2.39216e-05	0
465	Iter0466	34	4	2	3	0	0	12.75	0.024237532178541948	0.0	0
466	Iter0467	28	6	8	0	0	0	0.4603174603174604	0.5756502457401081	-5.76833e-07	0
467	Iter0468	28	5	3	2	0	0	3.733333333333333	0.22268708336819976	-0.000686247450529	0
468	Iter0469	20	4	9	1	0	0	0.5555555555555556	1.0	-1.46033e-05	0
469	Iter0470	34	5	5	4	0	0	5.44	0.049909594299859014	-0.00014023	0
470	Iter0471	29	8	5	3	0	0	2.175	0.3823079449135263	-1.89345e-06	0
471	Iter0472	32	6	6	1	0	0	0.8888888888888888	1.0	-8.981043490000001e-05	0
472	Iter0473	21	1	9	5	0	0	11.666666666666664	0.02415401644528798	-0.00037858904000000003	0
473	Iter0474	26	3	5	5	0	0	8.666666666666666	0.016409809753463043	-8.003090014608498e-06	0
474	Iter0475	19	5	7	1	0	0	0.5428571428571428	1.0	-1.4905810000000001e-05	0
475	Iter0476	26	2	4	6	0	0	19.5	0.0016928238989559346	-0.000648398672063	0
476	Iter0477	31	7	4	0	0	0	0.8	1.0	-1.36514e-05	0
477	Iter0478	23	6	8	2	0	0	0.9583333333333334	1.0	-4.8549696e-05	0
478	Iter0479	32	9	2	1	0	0	1.7777777777777777	0.5481727574750801	-4.58019326868e-05	0
479	Iter0480	25	10	5	3	0	0	1.5	0.6806087515703054	-1.80008e-05	0
480	Iter0481	30	5	1	4	0	0	24.0	0.006127585074953442	-8.66811e-05	0
481	Iter0482	30	7	5	4	0	0	3.4285714285714284	0.18621155411211596	-1.26087487e-05	0
482	Iter0483	30	10	6	3	0	0	1.5	0.6830697975539846	-0.0009849852363799998	0
483	Iter0484	14	4	4	4	0	0	3.5	0.19720151701845	0.0	0
484	Iter0485	31	5	7	1	0	0	0.8857142857142858	1.0	-3.474e-06	0
485	Iter0486	26	3	2	1	0	0	4.333333333333333	0.3395161290322606	-0.000186665185232	0
486	Iter0487	25	7	5	3	0	0	2.142857142857143	0.3878412609062725	-5.5908676380000003e-05	0
487	Iter0488	33	7	6	2	0	0	1.5714285714285714	0.633155420575991	-0.000337679	0
488	Iter0489	28	4	3	3	0	0	7.0	0.06312138200682951	0.0	0
489	Iter0490	37	5	5	0	0	0	1.0555555555555556	1.0	-0.00036996061305979994	0
490	Iter0491	34	4	1	5	0	0	42.5	0.0006366293944286025	-8.6313373e-05	0
491	Iter0492	34	5	8	3	0	0	2.5500000000000003	0.3506268651211917	-0.000239238758	0
492	Iter0493	26	9	8	5	0	0	1.8055555555555556	0.4804578874179445	-0.00016167394999999998	0
493	Iter0494	28	9	6	2	0	0	1.037037037037037	1.0	-0.00039743110158042	0
494	Iter0495	44	10	4	5	0	0	5.5	0.028666202333361538	-0.00022327650000000002	0
495	Iter0496	37	5	7	2	0	0	2.1142857142857143	0.5922087391848343	-4.868469e-06	0
496	Iter0497	37	5	3	2	0	0	4.933333333333334	0.15398330702850466	-0.0002174327707366	0
497	Iter0498	31	4	1	5	0	0	38.75	0.0009154014288802383	-0.00102085962	0
498	Iter0499	29	6	8	4	0	0	2.4166666666666665	0.2506763186761289	0.0	0
499	Iter0500	34	2	2	2	0	0	17.0	0.04294780610570153	-7.67373e-05	0
500	Iter0501	20	9	7	3	0	0	0.9523809523809524	1.0	-1.5226300000000004e-05	0
501	Iter0502	27	5	4	3	0	0	4.050000000000002	0.13676709032746248	-7.51205e-08	0
502	Iter0503	32	5	2	4	0	0	12.8	0.012311091004704858	-0.0016498672899999999	0
503	Iter0504	21	9	6	2	0	0	0.7777777777777778	1.0	-1.53995e-05	0
504	Iter0505	24	2	7	3	0	0	5.1428571428571415	0.11860198624904444	-5.25041e-06	0
505	Iter0506	32	6	2	2	0	0	5.333333333333333	0.157973733583491	-0.00023170790000000003	0
506	Iter0507	22	7	3	4	0	0	4.190476190476192	0.16653489352730114	-5.53516e-09	0
507	Iter0508	26	6	6	0	0	0	0.5510204081632654	0.5623340762659575	-9.291584822173e-05	0
508	Iter0509	26	7	3	2	0	0	2.4761904761904763	0.5741360555602103	-5.2883640484e-07	0
509	Iter0510	30	11	3	4	0	0	3.636363636363636	0.1830346578318987	-0.00025703462410000004	0
510	Iter0511	33	3	3	5	0	0	18.333333333333336	0.002357178850596184	-0.000388371929	0
511	Iter0512	31	10	5	3	0	0	1.86	0.4224827422094636	-0.0010335780563599998	0
512	Iter0513	31	4	5	2	0	0	3.1	0.25738793004518656	-8.18663e-05	0
513	Iter0514	22	12	8	6	0	0	1.375	0.7458461129517024	0.0	0
514	Iter0515	30	5	4	1	0	0	1.5	1.0	-0.00019070746799999998	0
515	Iter0516	25	4	4	5	0	0	7.8125	0.02033253576247654	0.0	0
516	Iter0517	34	2	4	2	0	0	8.5	0.09099437148217876	-0.0006189631647899999	0
517	Iter0518	25	4	4	1	0	0	1.5625	1.0	-0.00020431737377	0
518	Iter0519	32	6	6	3	0	0	2.6666666666666665	0.3435869774093546	0.0	0
519	Iter0520	33	11	6	4	0	0	2.0	0.4376130882772	-6.012498e-05	0
520	Iter0521	27	4	6	7	0	0	7.875	0.00783906187550774	0.0	0
521	Iter0522	31	4	3	2	0	0	5.166666666666667	0.15424736477367915	-0.0001657142	0
522	Iter0523	28	2	3	2	0	0	9.333333333333334	0.08890374331550854	0.0	0
523	Iter0524	28	5	6	3	0	0	2.8	0.3364334725053641	0.0	0
524	Iter0525	27	6	6	1	0	0	0.75	1.0	-3.1484813000000004e-07	0
525	Iter0526	31	6	11	3	0	0	1.4090909090909092	0.6920474151840114	-1.4684901000000002e-05	0
526	Iter0527	27	6	4	2	0	0	2.25	0.5833757072147305	-2.696195744659e-05	0
527	Iter0528	25	5	4	4	0	0	5.0	0.07132797387965609	-0.0003715285333	0
528	Iter0529	31	7	4	3	0	0	3.321428571428572	0.17221519263492482	-0.0002829487600052919	0
529	Iter0530	29	3	7	3	0	0	4.142857142857142	0.13489570485719582	-0.0002701339	0
530	Iter0531	15	7	4	3	0	0	1.6071428571428572	0.6647445508015294	-0.000130153	0
531	Iter0532	28	2	3	1	0	0	4.666666666666667	0.3215240641711227	-2.18005e-06	0
532	Iter0533	21	2	1	2	0	0	21.0	0.052307692307692666	0.0	0
533	Iter0534	31	3	3	1	0	0	3.4444444444444446	0.3717266138318736	-6.851129599999999e-05	0
534	Iter0535	31	4	1	0	0	0	3.2	1.0	-0.000613032208	0
535	Iter0536	24	10	5	5	0	0	2.4	0.27084030921688	-2.3174400000000003e-06	0
536	Iter0537	23	10	2	4	0	0	4.6	0.16258482821950693	0.0	0
537	Iter0538	23	5	8	2	0	0	1.15	1.0	-8.193149999999999e-05	0
538	Iter0539	28	8	9	4	0	0	1.5555555555555556	0.7081737680805936	-0.00026548	0
539	Iter0540	39	9	7	3	0	0	1.857142857142857	0.4165875095714945	-0.000682658985	0
540	Iter0541	31	5	2	1	0	0	3.1	0.4029981398402557	-7.78065e-05	0
541	Iter0542	31	4	9	2	0	0	1.7222222222222223	0.6187657730975726	-2.3860798886460005e-05	0
542	Iter0543	29	10	9	4	0	0	1.2888888888888888	0.7290213971298384	0.0	0
543	Iter0544	30	8	3	0	0	0	0.8611111111111112	1.0	-0.00025158950888284	0
544	Iter0545	32	10	5	1	0	0	0.64	1.0	-0.00030748171999999996	0
545	Iter0546	25	4	3	1	0	0	2.083333333333333	0.4996334310850373	0.0	0
546	Iter0547	45	4	2	3	0	0	16.875	0.012490395287286852	-4.017308914000001e-06	0
547	Iter0548	23	6	5	1	0	0	0.7666666666666667	1.0	-7.41469e-06	0
548	Iter0549	27	6	2	3	0	0	6.75	0.0754748556606152	-5.94484e-05	0
549	Iter0550	26	4	6	4	0	0	4.333333333333333	0.08937251352111955	-7.63022e-07	0
550	Iter0551	26	5	8	4	0	0	2.6	0.2371312454304917	-0.000681153	0
551	Iter0552	21	4	3	2	0	0	3.5	0.2543471853816673	-3.54618e-05	0
552	Iter0553	32	4	3	1	0	0	2.6666666666666665	0.42707079549184895	-0.0007248466553799999	0
553	Iter0554	28	6	7	4	0	0	2.666666666666667	0.22788493114192626	-0.00045938870650186	0
554	Iter0555	27	5	5	0	0	0	0.7777777777777778	1.0	-7.52182e-05	0
555	Iter0556	28	4	5	5	0	0	7.0	0.022795866109315218	-1.38483015e-05	0
556	Iter0557	34	7	4	0	0	0	0.875	1.0	-0.00032332450026000003	0
557	Iter0558	24	5	2	0	0	0	1.3888888888888893	1.0	-2.04701e-08	0
558	Iter0559	29	7	4	1	0	0	1.0357142857142858	1.0	-6.61670781e-05	0
559	Iter0560	29	9	10	2	0	0	0.6444444444444445	1.0	-7.61629e-05	0
560	Iter0561	27	9	2	3	0	0	4.5	0.13940122605077845	-0.000172012784	0
561	Iter0562	24	4	4	2	0	0	3.0	0.2814208300369467	-1.5827899999999998e-05	0
562	Iter0563	31	9	4	2	0	0	1.7222222222222223	0.6187657730975726	-4.138400000000001e-06	0
563	Iter0564	35	11	3	2	0	0	2.121212121212121	0.5914983014482167	-0.00036329374799999993	0
564	Iter0565	27	5	6	2	0	0	1.8	0.6111506600670725	-1.9068013999999999e-06	0
565	Iter0566	28	8	6	3	0	0	1.75	0.6661124026559495	-6.382197900000002e-05	0
566	Iter0567	30	6	1	6	0	0	30.0	0.0009134774039093726	-0.00027880550000000003	0
567	Iter0568	31	7	8	4	0	0	2.2142857142857144	0.4239522690028525	-0.0009110988	0
568	Iter0569	32	10	4	4	0	0	3.2	0.1965750919691064	-1.161946029e-06	0
569	Iter0570	19	6	9	3	0	0	1.0555555555555556	1.0	-1.2517260106499001e-05	0
570	Iter0571	34	7	5	0	0	0	0.7291666666666666	1.0	-3.0480384999999997e-07	0
571	Iter0572	30	2	7	3	0	0	6.428571428571428	0.07816445428768885	-0.000403214628	0
572	Iter0573	29	2	7	3	0	0	6.2142857142857135	0.08348300902858123	-1.5059194e-05	0
573	Iter0574	25	2	6	5	0	0	10.416666666666668	0.013863902602292543	-0.0002709361791	0
574	Iter0575	33	5	6	2	0	0	2.2	0.5873782337418905	-1.80871e-05	0
575	Iter0576	29	5	5	1	0	0	1.16	1.0	-0.00035409245	0
576	Iter0577	25	11	2	4	0	0	4.545454545454546	0.16417196584077431	-6.815750000000001e-10	0
577	Iter0578	37	4	4	2	0	0	4.625	0.1624945413642345	-7.8583884154e-05	0
578	Iter0579	22	6	7	3	0	0	1.5714285714285712	0.6731411327436476	-1.0961160000000002e-05	0
579	Iter0580	28	3	2	2	0	0	9.333333333333334	0.08890374331550854	-2.96256e-12	0
580	Iter0581	33	5	4	3	0	0	4.95	0.09433221344735136	-0.00031304681468962	0
581	Iter0582	32	6	5	4	0	0	4.266666666666667	0.08064805632707188	-0.00156348	0
582	Iter0583	30	5	7	4	0	0	3.4285714285714284	0.18621155411211454	-1.1748164500000001e-06	0
583	Iter0584	31	2	8	3	0	0	5.8125	0.09067336520541418	-8.03053e-09	0
584	Iter0585	28	5	6	3	0	0	2.8	0.3364334725053641	-2.208308456e-06	0
585	Iter0586	27	6	5	3	0	0	2.7	0.34153038603692304	-0.00025236146606691	0
586	Iter0587	25	10	3	1	0	0	0.8333333333333334	1.0	-2.58928443e-06	0
587	Iter0588	16	4	8	1	0	0	0.5	1.0	-0.000114975	0
588	Iter0589	31	1	4	5	0	0	38.75	0.0009154014288802511	-3.3610370448196e-06	0
589	Iter0590	34	3	5	4	0	0	9.066666666666666	0.019917540842841017	-4.8415200000000005e-09	0
590	Iter0591	27	4	7	2	0	0	1.9285714285714288	0.6016030200240707	-5.587809999999998e-06	0
591	Iter0592	35	8	6	1	0	0	0.7291666666666666	1.0	-0.0009537738	0
592	Iter0593	32	6	4	1	0	0	1.3333333333333333	1.0	-8.513247999999999e-05	0
593	Iter0594	28	7	4	0	0	0	0.725	1.0	-0.0001979335	0
594	Iter0595	33	6	3	1	0	0	1.8333333333333333	0.5226885989789987	-4.44915e-06	0
595	Iter0596	24	5	4	1	0	0	1.2	1.0	-7.52193e-12	0
596	Iter0597	22	2	4	1	0	0	2.75	0.44608648056924105	-3.0398133010000003e-05	0
597	Iter0598	34	3	4	3	0	0	8.500000000000002	0.041938209266626544	-0.00060886961149	0
598	Iter0599	36	5	6	5	0	0	6.0	0.025073538224961202	-9.54161117254e-07	0
599	Iter0600	28	8	6	5	0	0	2.916666666666667	0.24612751783770545	-0.0004413494675	0
600	Iter0601	26	5	10	4	0	0	2.08	0.427534740541862	0.0	0
601	Iter0602	34	3	7	3	0	0	4.857142857142857	0.10074846522579796	-1.5160167199999998e-06	0
602	Iter0603	19	6	1	2	0	0	6.333333333333332	0.18803418803418626	-1.98618e-06	0
603	Iter0604	34	7	7	3	0	0	2.081632653061224	0.3893189364114117	-0.000703578128	0
604	Iter0605	28	6	7	2	0	0	1.3333333333333337	1.0	-1.6487386e-06	0
605	Iter0606	28	3	4	2	0	0	4.666666666666667	0.17709688297923942	-0.000128176264	0
606	Iter0607	32	6	6	3	0	0	2.6666666666666665	0.3435869774093546	0.0	0
607	Iter0608	17	6	4	3	0	0	2.1250000000000004	0.6401591511936393	-1.4142e-09	0
608	Iter0609	26	5	3	3	0	0	5.2	0.10095389507154448	-4.80846e-10	0
609	Iter0610	31	4	3	3	0	0	7.75	0.05110679950217782	-0.00142340288	0
610	Iter0611	23	2	7	0	0	0	1.0	1.0	-0.0001568657931929	0
611	Iter0612	32	6	3	4	0	0	7.111111111111112	0.033756562968132765	-0.00090644485608	0
612	Iter0613	28	6	4	6	0	0	7.000000000000001	0.015076225214446256	-0.00108953548	0
613	Iter0614	22	12	8	2	0	0	0.4583333333333333	0.4618050067045481	-8.558430000000001e-06	0
614	Iter0615	26	5	3	1	0	0	1.7333333333333334	0.5463903743315546	0.0	0
615	Iter0616	27	9	3	2	0	0	2.0	0.5977371169925798	-8.543232e-05	0
616	Iter0617	30	6	7	7	0	0	5.0	0.028893116429097757	0.0	0
617	Iter0618	33	2	5	2	0	0	6.6	0.12288930581613307	-0.00047867515	0
618	Iter0619	39	5	1	2	0	0	15.6	0.05396238051187036	-0.000443247732	0
619	Iter0620	25	6	3	1	0	0	1.3888888888888893	1.0	-6.80653e-05	0
620	Iter0621	27	3	3	3	0	0	9.0	0.04513110229429045	-0.000249345	0
621	Iter0622	26	8	4	2	0	0	1.625	0.6287339971550443	-1.3956879e-06	0
622	Iter0623	23	4	6	1	0	0	0.9583333333333334	1.0	0.0	0
623	Iter0624	32	4	5	5	0	0	8.0	0.014904644283524253	-3.2588172277000005e-05	0
624	Iter0625	28	7	5	0	0	0	0.6041666666666666	0.5646861436335131	-0.0003073804	0
625	Iter0626	26	6	2	2	0	0	4.333333333333333	0.2074866310160426	-0.0020227398	0
626	Iter0627	18	5	5	1	0	0	0.72	1.0	-0.000305413	0
627	Iter0628	31	8	4	2	0	0	1.9375	0.6014369446019736	-0.00028276501300000004	0
628	Iter0629	24	2	4	2	0	0	6.0	0.15044493882091445	-0.0002491083248	0
629	Iter0630	32	6	4	2	0	0	2.6666666666666665	0.2968279593350537	-4.920319894000001e-05	0
630	Iter0631	33	5	3	1	0	0	2.2	0.4737335834896848	-0.000142521296	0
631	Iter0632	38	6	4	0	0	0	1.1142857142857143	1.0	-0.0009811499562799998	0
632	Iter0633	24	2	6	4	0	0	8.0	0.03851129894773141	-4.92578e-07	0
633	Iter0634	29	2	7	3	0	0	6.2142857142857135	0.08348300902858123	-0.00014455299999999998	0
634	Iter0635	43	4	7	4	0	0	6.142857142857142	0.03488468844163533	-0.00027665770893979595	0
635	Iter0636	21	8	10	4	0	0	1.05	1.0	-2.22249e-07	0
636	Iter0637	26	1	11	5	0	0	11.818181818181815	0.020658566438784727	-8.76684e-09	0
637	Iter0638	30	8	7	0	0	0	0.4305555555555556	0.32120656805850595	-0.0004152754612	0
638	Iter0639	24	5	6	2	0	0	1.6	0.6308901621994665	-2.92876e-07	0
639	Iter0640	27	4	5	3	0	0	4.05	0.13676709032746248	-4.08368e-07	0
640	Iter0641	29	4	9	2	0	0	1.6111111111111112	0.63016337037893	0.0	0
641	Iter0642	23	3	4	1	0	0	1.9166666666666667	0.5248689019545493	-3.80626e-08	0
642	Iter0643	33	5	4	1	0	0	1.65	0.5471661067236581	-2.5801720602e-05	0
643	Iter0644	31	3	4	2	0	0	5.166666666666667	0.15424736477367915	-7.9518091734e-05	0
644	Iter0645	21	7	9	4	0	0	1.3333333333333333	0.7186489221888996	-1.34446e-07	0
645	Iter0646	23	4	5	1	0	0	1.15	1.0	-0.000115802	0
646	Iter0647	32	8	1	7	0	0	28.0	0.0005798080913924568	-0.0007264577	0
647	Iter0648	28	4	7	1	0	0	1.0	1.0	-4.644053e-05	0
648	Iter0649	28	2	7	0	0	0	1.2083333333333333	1.0	-0.0001074279	0
649	Iter0650	27	6	10	1	0	0	0.45	0.6593609990332053	0.0	0
650	Iter0651	27	4	6	0	0	0	0.7999999999999999	1.0	-2.01257e-07	0
651	Iter0652	33	6	6	3	0	0	2.75	0.33967975703678993	-1.34357e-05	0
652	Iter0653	25	6	3	4	0	0	5.555555555555557	0.06253565696290228	-1.6319299999999994e-07	0
653	Iter0654	26	5	7	3	0	0	2.2285714285714286	0.3780273515227915	-6.5855457e-05	0
654	Iter0655	22	10	4	3	0	0	1.65	0.6664156416478367	-0.000678474	0
655	Iter0656	27	8	7	1	0	0	0.4821428571428572	1.0	-1.1155699999999999e-05	0
656	Iter0657	25	5	6	6	0	0	5.0	0.04908585055643881	-0.00048025400000000005	0
657	Iter0658	28	8	2	3	0	0	5.25	0.10960397545763399	-2.58735e-05	0
658	Iter0659	29	7	0	5	0	0	22.5	0.0010568482968996572	-9.67857e-05	0
659	Iter0660	33	6	7	5	0	0	3.928571428571429	0.1020846470126267	-1.86046e-06	0
660	Iter0661	29	7	4	4	0	0	4.142857142857143	0.09185251765184572	-0.001024841871	0
661	Iter0662	32	7	2	4	0	0	9.142857142857142	0.0247143667449952	-0.000707986725	0
662	Iter0663	21	6	6	3	0	0	1.75	0.6604210093380961	-6.86241e-07	0
663	Iter0664	22	3	3	1	0	0	2.4444444444444438	0.4673908467011923	0.0	0
664	Iter0665	35	4	3	3	0	0	8.75	0.03936987572835392	-1.7234300000000002e-05	0
665	Iter0666	28	9	5	0	0	0	0.4833333333333333	0.5670696440914691	-0.00012975627880436	0
666	Iter0667	39	8	1	3	0	0	14.625	0.027731092436974525	-9.5826439631e-05	0
667	Iter0668	23	4	5	2	0	0	2.3	0.5798138751910984	-0.0008247464346099999	0
668	Iter0669	27	2	6	3	0	0	6.75	0.07547485566061529	-0.0017160160000000001	0
669	Iter0670	35	3	4	3	0	0	8.75	0.03936987572835445	-0.000111747	0
670	Iter0671	37	1	6	4	0	0	24.66666666666667	0.004807557536512469	-0.00160767374	0
671	Iter0672	28	4	4	2	0	0	3.5	0.2340846334654355	-1.2780489e-05	0
672	Iter0673	27	5	4	4	0	0	5.4	0.05943909659079901	-0.000572682	0
673	Iter0674	26	5	6	0	0	0	0.6428571428571429	0.5668930963048708	0.0	0
674	Iter0675	32	9	9	5	0	0	1.9753086419753083	0.3129645996558072	-5.6578529836500004e-05	0
675	Iter0676	31	2	8	1	0	0	1.9375	0.5247386759581956	-3.39102e-07	0
676	Iter0677	23	5	5	2	0	0	1.84	0.6078262835117001	-0.001239895	0
677	Iter0678	33	6	6	3	0	0	2.75	0.33967975703678993	-1.730733848e-05	0
678	Iter0679	18	6	4	2	0	0	1.5	0.6451989389920487	-0.0004538009	0
679	Iter0680	29	6	6	2	0	0	1.6111111111111107	0.6290137807288441	-2.41328e-07	0
680	Iter0681	26	9	4	2	0	0	1.4444444444444444	0.6513721680602249	-3.59531e-08	0
681	Iter0682	21	5	6	7	0	0	4.9	0.06243506727102197	-0.000132764	0
682	Iter0683	28	5	5	4	0	0	4.48	0.0797006475629176	-0.0005622081	0
683	Iter0684	32	8	3	0	0	0	0.9166666666666666	1.0	-0.00031811904110000004	0
684	Iter0685	28	6	5	3	0	0	2.8000000000000003	0.33643347250536343	-4.30483e-08	0
685	Iter0686	31	5	11	0	0	0	0.4444444444444444	0.3215799324484137	-7.776317999999999e-07	0
686	Iter0687	39	8	2	3	0	0	7.3125	0.057442977190876425	-0.0031679721701000003	0
687	Iter0688	23	8	8	4	0	0	1.4375	0.7108475434673125	0.0	0
688	Iter0689	40	7	4	1	0	0	1.4285714285714286	1.0	-0.000108594602	0
689	Iter0690	36	5	4	2	0	0	3.6	0.21356194737860493	-0.000216814850736473	0
690	Iter0691	34	5	5	2	0	0	2.72	0.2859499954039905	-0.0010016080208045	0
691	Iter0692	27	6	8	3	0	0	1.6875	0.6685674585188061	-3.3314758500000005e-05	0
692	Iter0693	25	5	3	3	0	0	5.0	0.10859065033638103	-0.0005341218045510001	0
693	Iter0694	28	4	4	3	0	0	5.25	0.09380709380709266	-4.45516e-09	0
694	Iter0695	25	2	4	3	0	0	9.375	0.04762161462825626	-0.0002380331	0
695	Iter0696	30	6	1	2	0	0	10.0	0.101105153736734	-4.276361550000001e-06	0
696	Iter0697	26	6	5	4	0	0	3.4666666666666663	0.18488057572857144	0.0	0
697	Iter0698	32	5	2	2	0	0	6.4	0.12842895230571386	-0.0002348272952	0
698	Iter0699	37	10	2	0	0	0	1.1515151515151516	1.0	-2.235592308e-05	0
699	Iter0700	27	2	6	1	0	0	2.25	0.4882352941176494	-7.111475e-05	0
700	Iter0701	27	4	4	1	0	0	1.6875	0.5492981283422489	-1.531492716e-05	0
701	Iter0702	27	6	3	5	0	0	7.5	0.02183980459295761	-1.97103e-05	0
702	Iter0703	25	4	5	2	0	0	2.5	0.5732167500431165	-0.00021270063	0
703	Iter0704	27	6	7	1	0	0	0.6428571428571429	1.0	-2.4201706e-06	0
704	Iter0705	33	7	1	2	0	0	9.428571428571429	0.10598816951624317	-0.0003147276580000186	0
705	Iter0706	25	4	3	2	0	0	4.166666666666667	0.2053001552527192	-0.00021985333446	0
706	Iter0707	26	4	8	6	0	0	4.875	0.051443090103268765	-1.4551189999999998e-05	0
707	Iter0708	29	4	1	1	0	0	7.25	0.268907563025219	-0.000129060000528564	0
708	Iter0709	31	6	3	1	0	0	1.7222222222222223	0.5420558901945148	-0.0007890429654400001	0
709	Iter0710	18	6	3	2	0	0	2.0	0.5968169761273238	-4.11543e-07	0
710	Iter0711	38	4	4	5	0	0	11.875	0.004962960164165715	-1.31937e-07	0
711	Iter0712	32	5	8	3	0	0	2.4000000000000004	0.3610336430365527	-4.106833000000001e-06	0
712	Iter0713	21	3	3	2	0	0	4.666666666666667	0.1946949602122024	-0.0005836206545979999	0
713	Iter0714	28	6	7	4	0	0	2.666666666666667	0.22788493114192626	-0.00043800215406	0
714	Iter0715	24	6	10	3	0	0	1.2	1.0	-2.0631837e-05	0
715	Iter0716	28	4	2	7	0	0	24.5	0.0004240266265487085	-0.0007769178747999999	0
716	Iter0717	23	5	7	3	0	0	1.971428571428571	0.4112138249759341	-2.8444200000000004e-09	0
717	Iter0718	23	5	4	1	0	0	1.15	1.0	-4.8038142000000005e-05	0
718	Iter0719	33	11	5	5	0	0	3.0	0.14050250346132448	-1.20271e-05	0
719	Iter0720	32	7	7	0	0	0	0.515625	0.5733115826194585	-8.844775295999999e-05	0
720	Iter0721	30	8	5	2	0	0	1.5	0.6423152066940809	0.0	0
721	Iter0722	31	6	6	3	0	0	2.583333333333333	0.34819049836538657	0.0	0
722	Iter0723	26	5	6	0	0	0	0.6428571428571429	0.5668930963048708	-0.0009755401760000001	0
723	Iter0724	28	3	9	2	0	0	2.0740740740740744	0.5931256377341019	-0.00030958900000000003	0
724	Iter0725	25	4	3	2	0	0	4.166666666666667	0.2053001552527192	-0.0006418953857764002	0
725	Iter0726	26	3	3	4	0	0	11.555555555555555	0.016366223908918138	-0.00024425200000000003	0
726	Iter0727	27	4	6	4	0	0	4.5	0.0820716801234833	0.0	0
727	Iter0728	22	5	6	2	0	0	1.4666666666666668	0.6478440096839712	-0.00043375763	0
728	Iter0729	27	11	8	1	0	0	0.3068181818181818	0.4122379022224283	-1.86914e-05	0
729	Iter0730	32	5	7	2	0	0	1.8285714285714287	0.6090951688080952	0.0	0
730	Iter0731	23	5	1	3	0	0	13.8	0.03932146829810952	-9.1326e-07	0
731	Iter0732	26	5	6	1	0	0	0.8666666666666667	1.0	-6.326979e-11	0
732	Iter0733	22	9	9	5	0	0	1.3580246913580247	0.7339476119391884	-0.000189977	0
733	Iter0734	24	3	2	2	0	0	8.0	0.11171142539329358	-6.91968e-05	0
734	Iter0735	19	7	4	3	0	0	2.035714285714286	0.6455552465702591	-3.25014e-16	0
735	Iter0736	28	5	5	3	0	0	3.3599999999999994	0.17243436548730492	-3.648808e-05	0
736	Iter0737	31	6	6	3	0	0	2.583333333333333	0.34819049836538657	-0.000537906190726944	0
737	Iter0738	32	6	3	1	0	0	1.7777777777777777	0.532207629768606	-0.00055319239	0
738	Iter0739	22	7	6	4	0	0	2.095238095238096	0.4238064840032295	-0.0001187890689	0
739	Iter0740	27	6	6	0	0	0	0.5714285714285714	0.5635364551773486	-3.62472e-05	0
740	Iter0741	28	11	6	2	0	0	0.8484848484848485	1.0	-1.583512e-06	0
741	Iter0742	35	9	7	1	0	0	0.5555555555555556	1.0	-0.00043670172	0
742	Iter0743	30	4	8	2	0	0	1.875	0.6058167583975872	-6.260540000000002e-05	0
743	Iter0744	31	6	5	3	0	0	3.1	0.3261541217238547	-2.5003396999999997e-05	0
744	Iter0745	31	13	6	6	0	0	2.3846153846153846	0.3017206341619275	-4.919459208e-06	0
745	Iter0746	38	6	8	3	0	0	2.375	0.3619167040561554	-0.00011552249999999999	0
746	Iter0747	31	6	3	1	0	0	1.7222222222222223	0.5420558901945148	-0.00047111310000000003	0
747	Iter0748	27	7	7	0	0	0	0.4375	0.3213350805135124	-1.758982883e-05	0
748	Iter0749	31	6	3	2	0	0	3.4444444444444446	0.2367598169908792	-8.88053338051602e-05	0
749	Iter0750	34	2	9	2	0	0	3.7777777777777777	0.2294172062904719	-6.167869000000001e-05	0
750	Iter0751	27	5	10	3	0	0	1.62	0.6720856955982042	-7.85348e-06	0
751	Iter0752	20	2	3	4	0	0	13.333333333333336	0.018007662835249218	-1.82156e-11	0
752	Iter0753	22	5	2	3	0	0	6.6000000000000005	0.08537263626251336	-0.000310657146	0
753	Iter0754	30	6	4	1	0	0	1.25	1.0	-0.000103266544881	0
754	Iter0755	27	6	0	5	0	0	24.0	0.00092042506903189	-0.00022424136	0
755	Iter0756	38	4	5	2	0	0	3.8	0.19904109150178007	-9.123015685991899e-06	0
756	Iter0757	26	7	5	1	0	0	0.7428571428571429	1.0	0.0	0
757	Iter0758	29	7	7	3	0	0	1.7755102040816326	0.6659474384280508	-4.93644e-05	0
758	Iter0759	27	6	5	4	0	0	3.6	0.18054211401640674	-0.000983296576	0
759	Iter0760	32	1	5	0	0	0	2.75	1.0	-1.6346790000159147e-05	0
760	Iter0761	21	2	10	6	0	0	6.3	0.045386181609092656	-0.0001918636435	0
761	Iter0762	29	4	4	2	0	0	3.625	0.22406480920413926	-4.833909999999999e-10	0
762	Iter0763	28	4	6	2	0	0	2.333333333333333	0.5802896013422242	-4.0576e-06	0
763	Iter0764	26	5	5	1	0	0	1.04	1.0	-0.0007958639	0
764	Iter0765	27	7	5	4	0	0	3.085714285714286	0.20140540005005086	0.0	0
765	Iter0766	31	3	7	6	0	0	8.857142857142858	0.00827483218359908	-0.00012589730999999999	0
766	Iter0767	31	7	1	0	0	0	2.0	1.0	-3.864438720000001e-05	0
767	Iter0768	26	5	2	2	0	0	5.2	0.17098930481283614	0.0	0
768	Iter0769	30	2	4	1	0	0	3.75	0.36164736164736705	-0.0001696335000003726	0
769	Iter0770	35	2	12	3	0	0	4.375	0.13718487394957732	-0.000182632	0
770	Iter0771	26	2	3	1	0	0	4.333333333333333	0.3395161290322606	-1.509767e-05	0
771	Iter0772	28	5	4	3	0	0	4.2	0.1281750910233887	-6.012540000076196e-05	0
772	Iter0773	27	6	1	5	0	0	22.5	0.00410651184645006	-0.000294803	0
773	Iter0774	25	16	2	0	0	0	0.5098039215686274	0.5215946843853684	0.0	0
774	Iter0775	31	5	4	0	0	0	1.0666666666666669	1.0	-0.00049129394219	0
775	Iter0776	39	3	12	1	0	0	1.0833333333333333	1.0	-8.1086092263089e-05	0
776	Iter0777	22	5	7	2	0	0	1.2571428571428571	1.0	-0.0005826715279999999	0
777	Iter0778	31	11	4	2	0	0	1.4090909090909092	0.6560964940587463	-9.0463360415015e-05	0
778	Iter0779	17	5	5	1	0	0	0.6799999999999999	1.0	-9.015744e-05	0
779	Iter0780	22	7	1	1	0	0	3.1428571428571432	0.4559139784946207	-0.00012321648068	0
780	Iter0781	35	6	6	6	0	0	5.833333333333332	0.017994818818751562	-0.00232085	0
781	Iter0782	26	4	7	2	0	0	1.8571428571428568	0.606894820517125	-0.00016497629749999998	0
782	Iter0783	24	5	3	5	0	0	8.0	0.021086162926770416	-0.00034521747176778	0
783	Iter0784	25	4	7	6	0	0	5.357142857142857	0.045941660152941696	-0.0008626321000546167	0
784	Iter0785	24	6	5	3	0	0	2.4	0.3630773851486884	-0.0003645118	0
785	Iter0786	41	5	9	3	0	0	2.733333333333333	0.3423894082246982	-0.0005606852561926	0
786	Iter0787	23	2	7	0	0	0	1.0	1.0	-0.000897047	0
787	Iter0788	21	5	7	1	0	0	0.6	1.0	0.0	0
788	Iter0789	26	10	6	0	0	0	0.35064935064935066	0.3076423628413407	-6.96328e-08	0
789	Iter0790	34	3	8	1	0	0	1.4166666666666667	1.0	-9.066797e-05	0
790	Iter0791	22	4	6	1	0	0	0.9166666666666666	1.0	-0.00022830715000023518	0
791	Iter0792	33	4	4	2	0	0	4.125	0.1896656646634133	0.0	0
792	Iter0793	30	7	5	3	0	0	2.5714285714285707	0.34917503774414177	-3.38917591193e-05	0
793	Iter0794	19	9	7	2	0	0	0.6031746031746031	0.6946395129016585	0.0	0
794	Iter0795	32	6	4	3	0	0	4.0	0.13067760373488796	-0.0006956830000000001	0
795	Iter0796	36	4	7	2	0	0	2.571428571428572	0.3020179899392358	-0.0013650928030000003	0
796	Iter0797	27	4	6	2	0	0	2.25	0.5833757072147305	-0.0010175693	0
797	Iter0798	25	8	5	2	0	0	1.25	1.0	-0.000152670235566	0
798	Iter0799	26	9	4	1	0	0	0.7222222222222222	1.0	0.0	0
799	Iter0800	24	4	3	2	0	0	4.0	0.21617453736474695	-0.0011197994933	0
800	Iter0801	31	10	3	1	0	0	1.0333333333333334	1.0	-0.00033271167073	0
801	Iter0802	31	2	3	2	0	0	10.333333333333334	0.07606854975276134	-1.4348371899999996e-05	0
802	Iter0803	32	4	2	2	0	0	8.0	0.09968267863004723	-2.119932e-06	0
803	Iter0804	25	6	3	3	0	0	4.166666666666667	0.1404104639398794	-7.04105e-07	0
804	Iter0805	24	2	3	3	0	0	12.0	0.03424439853805853	-0.000396728	0
805	Iter0806	23	4	5	0	0	0	0.7999999999999999	1.0	-0.0001371270000000353	0
806	Iter0807	27	6	1	0	0	0	2.0	1.0	-3.34746e-06	0
807	Iter0808	25	5	4	3	0	0	3.75	0.15632037074162605	-6.31388e-07	0
808	Iter0809	23	3	1	1	0	0	7.666666666666668	0.2698412698412688	-7.318329000000002e-06	0
809	Iter0810	33	4	8	1	0	0	1.03125	1.0	-0.000459807575916	0
810	Iter0811	30	4	4	2	0	0	3.75	0.21465826728984447	-0.000266843629	0
811	Iter0812	25	3	6	2	0	0	2.7777777777777786	0.30481283422460337	-0.0003680831	0
812	Iter0813	37	8	4	1	0	0	1.15625	1.0	-0.00016347531	0
813	Iter0814	29	6	6	3	0	0	2.4166666666666665	0.3597325903204016	0.0	0
814	Iter0815	24	6	4	3	0	0	3.0	0.3270109422860916	0.0	0
815	Iter0816	35	6	10	3	0	0	1.7499999999999998	0.6702496543273693	-7.28444353e-05	0
816	Iter0817	33	8	6	4	0	0	2.75	0.2183768742313839	-0.00014039964399999998	0
817	Iter0818	34	8	4	4	0	0	4.25	0.0817687572415108	-8.569757e-05	0
818	Iter0819	30	4	7	6	0	0	6.428571428571428	0.017496175185941532	-0.0009167709999999999	0
819	Iter0820	23	8	6	1	0	0	0.4791666666666667	1.0	-6.7620500000000015e-09	0
820	Iter0821	30	12	5	5	0	0	2.5	0.2644343802401469	-0.00044131921	0
821	Iter0822	25	5	6	4	0	0	3.333333333333333	0.19033734339461605	0.0	0
822	Iter0823	35	9	5	4	0	0	3.111111111111111	0.1985458061883494	-0.00034953433700000004	0
823	Iter0824	25	2	7	5	0	0	8.928571428571429	0.01974730148104759	-1.2326140909999999e-05	0
824	Iter0825	28	9	9	1	0	0	0.34567901234567894	0.6644769209155709	-0.000472597000000002	0
825	Iter0826	25	6	4	2	0	0	2.083333333333333	0.5913426795779804	-0.0009158978180200001	0
826	Iter0827	35	8	8	4	0	0	2.1875	0.42878972884367184	-6.82665e-05	0
827	Iter0828	28	4	6	7	0	0	8.166666666666668	0.006743914407286888	-0.00019266295	0
828	Iter0829	33	4	5	1	0	0	1.65	0.5471661067236581	-0.000214287	0
829	Iter0830	29	6	6	2	0	0	1.6111111111111107	0.6290137807288441	-1.597409273e-05	0
830	Iter0831	29	6	8	4	0	0	2.4166666666666665	0.2506763186761289	-8.827698373e-05	0
831	Iter0832	29	8	3	0	0	0	0.8333333333333334	1.0	-0.0008271713063	0
832	Iter0833	36	6	4	3	0	0	4.5	0.10504370959806243	-8.23518527e-07	0
833	Iter0834	29	5	2	3	0	0	8.700000000000001	0.049093628040997005	-0.0001556772	0
834	Iter0835	28	3	5	0	0	0	1.2083333333333333	1.0	-0.000756122	0
835	Iter0836	28	4	6	1	0	0	1.1666666666666667	1.0	-0.00017533768783	0
836	Iter0837	30	7	7	1	0	0	0.6122448979591837	1.0	-0.00023164777989337	0
837	Iter0838	24	5	8	3	0	0	1.8	0.6602794745209553	-0.000140754	0
838	Iter0839	30	9	8	1	0	0	0.4166666666666667	0.6613742343778477	-0.000307207244	0
839	Iter0840	21	9	9	2	0	0	0.5185185185185186	0.694336366513908	-9.748992e-05	0
840	Iter0841	25	3	4	2	0	0	4.166666666666667	0.2053001552527192	-2.03694e-07	0
841	Iter0842	26	3	5	4	0	0	6.933333333333333	0.04073071100934873	-0.0016624156	0
842	Iter0843	27	3	3	2	0	0	6.0	0.13892961876833104	-4.299281e-05	0
843	Iter0844	27	4	3	1	0	0	2.25	0.4766042780748739	-0.000116036	0
844	Iter0845	24	8	1	3	0	0	9.0	0.07563025210083958	-0.000301540456	0
845	Iter0846	32	3	2	5	0	0	26.666666666666664	0.0012000743708060922	-0.00038965977695000004	0
846	Iter0847	21	3	0	1	0	0	11.0	0.16000000000000086	-8.0839229887e-05	0
847	Iter0848	28	7	4	1	0	0	1.0	1.0	-0.0003401160405065	0
848	Iter0849	19	2	3	5	0	0	15.833333333333336	0.007916554543241281	-9.72464e-06	0
849	Iter0850	22	6	4	3	0	0	2.75	0.33970751815743594	-0.000280272486	0
850	Iter0851	35	10	2	3	0	0	5.25	0.10299326020880337	-3.2984400000000005e-09	0
851	Iter0852	28	7	7	2	0	0	1.1428571428571428	1.0	0.0	0
852	Iter0853	25	2	9	2	0	0	2.7777777777777777	0.5641129851656073	-4.10716e-08	0
853	Iter0854	23	3	6	2	0	0	2.5555555555555562	0.5701799781496234	-0.000214577	0
854	Iter0855	26	11	7	2	0	0	0.6753246753246753	1.0	-0.000119168485	0
855	Iter0856	31	9	9	3	0	0	1.148148148148148	1.0	-3.5537484e-05	0
856	Iter0857	22	10	3	2	0	0	1.4666666666666668	1.0	-0.0006017061530000001	0
857	Iter0858	31	4	5	5	0	0	7.75	0.016523091992536234	-0.00051233392	0
858	Iter0859	23	6	6	4	0	0	2.5555555555555562	0.24405244926067846	-3.859797e-05	0
859	Iter0860	34	3	2	5	0	0	28.33333333333333	0.0009471675889564123	-0.0004648448527668	0
860	Iter0861	31	7	3	4	0	0	5.904761904761906	0.049580406358623236	-0.0005458430797999999	0
861	Iter0862	32	9	5	4	0	0	2.8444444444444437	0.21377312838092105	-8.722623508e-06	0
862	Iter0863	21	9	6	6	0	0	2.333333333333333	0.2919534203426137	-3.71095e-09	0
863	Iter0864	17	2	4	3	0	0	6.375	0.10141380358771676	-1.84577e-05	0
864	Iter0865	35	4	4	2	0	0	4.375	0.1753081008611286	-0.0004893182067169999	0
865	Iter0866	27	6	9	2	0	0	1.0	1.0	-8.31949e-10	0
866	Iter0867	36	4	8	1	0	0	1.125	1.0	0.0	0
867	Iter0868	29	2	7	4	0	0	8.285714285714286	0.03207031319996731	-7.09741e-07	0
868	Iter0869	28	6	5	1	0	0	0.9333333333333332	1.0	0.0	0
869	Iter0870	23	7	7	0	0	0	0.375	0.3056121176377366	-4.7806699999999986e-06	0
870	Iter0871	33	6	5	6	0	0	6.6	0.014097354238606832	-0.000125189653	0
871	Iter0872	29	8	2	1	0	0	1.8125	0.545040485829946	-0.000706471524	0
872	Iter0873	34	1	7	4	0	0	19.428571428571427	0.008763060330300044	0.0	0
873	Iter0874	29	4	6	2	0	0	2.4166666666666665	0.5777303915943303	0.0	0
874	Iter0875	27	9	6	1	0	0	0.5	1.0	-2.62336e-05	0
875	Iter0876	29	11	3	1	0	0	0.8787878787878788	1.0	-0.0002886150155	0
876	Iter0877	26	11	2	3	0	0	3.5454545454545463	0.3125802310654689	-9.73578e-06	0
877	Iter0878	23	3	7	0	0	0	0.75	1.0	-5.476048899999998e-06	0
878	Iter0879	33	9	3	2	0	0	2.4444444444444438	0.5775875051093764	-0.0007706243861	0
879	Iter0880	33	4	5	2	0	0	3.3	0.2384157249443645	-0.00016378022	0
880	Iter0881	21	6	3	5	0	0	5.833333333333334	0.076740729662277	-0.0006947052299999999	0
881	Iter0882	31	6	0	3	0	0	18.285714285714285	0.008502024291497741	-0.001012343535	0
882	Iter0883	30	8	5	3	0	0	2.25	0.3743848584165256	-6.25286e-09	0
883	Iter0884	21	6	3	0	0	0	0.7857142857142857	1.0	-0.00052493547	0
884	Iter0885	30	4	8	2	0	0	1.875	0.6058167583975872	-0.00032789509	0
885	Iter0886	32	3	2	6	0	0	32.0	0.00033347697317604336	-1.4846811899999997e-06	0
886	Iter0887	24	6	5	2	0	0	1.6	0.6308901621994711	-8.175789999999999e-12	0
887	Iter0888	26	4	4	2	0	1	3.25	0.2561777643608748	-3.7646578799999997e-10	0
888	Iter0889	31	6	5	3	0	0	3.1	0.3261541217238547	-0.00024888077	0
889	Iter0890	31	5	9	1	0	0	0.6888888888888889	1.0	-0.0008989394	0
890	Iter0891	24	4	6	3	0	0	3.0	0.32701094228609323	-3.529865e-06	0
891	Iter0892	27	7	5	5	0	0	3.8571428571428568	0.10535387563181002	-0.0005493997499999999	0
892	Iter0893	28	6	10	7	0	0	3.2666666666666666	0.09327051623901084	-9.815225000000001e-05	0
893	Iter0894	29	6	9	3	0	0	1.6111111111111107	0.6742974362633702	-9.839583275400002e-05	0
894	Iter0895	28	6	4	2	0	0	2.333333333333333	0.5802896013422232	-0.00014635520238899999	0
895	Iter0896	27	6	6	6	0	0	4.5	0.05520410391469949	-0.00027245269795272005	0
896	Iter0897	27	11	8	2	0	0	0.6136363636363636	0.7059629632933297	-0.000267053851	0
897	Iter0898	27	4	8	4	0	0	3.375	0.1894967849232366	-0.000729570596129	0
898	Iter0899	32	7	6	3	0	1	2.2857142857142856	0.3697798250921032	-0.000189998	0
899	Iter0900	32	6	2	6	0	0	16.0	0.0020916763573795927	-4.8001809513e-05	0
900	Iter0901	34	5	3	3	0	0	6.8	0.0594028773268674	-0.000533601143369	0
901	Iter0902	26	7	5	0	0	0	0.5625	0.5611943212562468	-0.001297726577821	0
902	Iter0903	30	3	4	4	0	0	10.0	0.01834450229828953	-0.00014243813000000002	0
903	Iter0904	25	5	3	0	0	0	1.0833333333333333	1.0	-6.0358799999999995e-06	0
904	Iter0905	19	5	4	3	0	0	2.85	0.3345890495612415	-6.63111e-09	0
905	Iter0906	26	3	4	1	0	0	2.1666666666666665	0.4878601000517533	-1.70497e-05	0
906	Iter0907	34	8	6	3	0	0	2.125	0.3848930945568334	-0.00043904514692367727	0
907	Iter0908	26	5	9	2	0	0	1.1555555555555557	1.0	-0.0009370026350000001	0
908	Iter0909	27	7	7	3	0	0	1.6530612244897958	0.6707196178790626	-1.78985056e-05	0
909	Iter0910	25	5	4	2	0	0	2.5	0.5732167500431165	-1.243458663e-08	0
910	Iter0911	33	6	2	5	0	0	13.75	0.0054440306789315645	-0.00014162572	0
911	Iter0912	21	4	8	2	0	0	1.3125	1.0	-0.00027967187922000003	0
912	Iter0913	19	4	5	0	0	0	0.6666666666666666	1.0	-0.00020608217305	0
913	Iter0914	26	10	3	3	0	0	2.6	0.3525483121118543	-8.7059e-10	0
914	Iter0915	27	9	6	3	0	0	1.5	0.6818247601780401	-1.3271284555200001e-05	0
915	Iter0916	31	6	4	0	0	0	0.9142857142857144	1.0	-0.00046994701218729996	0
916	Iter0917	28	4	1	2	0	0	14.0	0.06951871657753958	-3.0369220400000002e-05	0
917	Iter0918	37	4	5	4	0	0	7.4	0.02639990433592444	-4.58462058e-05	0
918	Iter0919	28	2	3	1	0	0	4.666666666666667	0.3215240641711227	0.0	0
919	Iter0920	30	4	5	2	0	0	3.0	0.26770198657233296	-0.00041170704	0
920	Iter0921	36	4	4	0	0	0	1.48	1.0	-2.2285182000000002e-05	0
921	Iter0922	29	5	8	5	0	0	3.625	0.11198001163040064	-1.40271e-07	0
922	Iter0923	29	6	4	3	0	0	3.625	0.15546078318864195	-0.0005396672292410001	0
923	Iter0924	20	9	10	1	0	0	0.22222222222222224	0.23276682879823776	-8.460180000000001e-06	0
924	Iter0925	29	5	7	7	0	0	5.8	0.02375749351753974	0.0	0
925	Iter0926	31	9	4	0	0	1	0.64	0.5660805445263711	-8.802820427e-07	0
926	Iter0927	30	5	8	0	0	0	0.5740740740740741	0.5648443067614858	-1.95443e-07	0
927	Iter0928	28	9	5	4	0	0	2.4888888888888894	0.2461959604429209	-0.00306573	0
928	Iter0929	27	6	3	2	0	0	3.0	0.2793071709480433	-0.0006664254940000001	0
929	Iter0930	29	6	1	3	0	0	14.5	0.03216982164350587	0.0	0
930	Iter0931	28	6	5	3	0	0	2.8000000000000003	0.33643347250536343	0.0	0
931	Iter0932	26	5	6	2	0	0	1.7333333333333334	0.6170423167327184	0.0	0
932	Iter0933	32	5	3	3	0	0	6.4	0.0672781259400934	-0.00014526122599999998	0
933	Iter0934	23	6	10	2	0	0	0.7666666666666667	1.0	0.0	0
934	Iter0935	28	6	4	3	0	0	3.5000000000000004	0.1650578197433109	-0.00011639164010999999	0
935	Iter0936	26	5	3	0	0	0	1.125	1.0	-1.7407119999999996e-05	0
936	Iter0937	31	8	3	4	0	0	5.166666666666667	0.0642432612394876	-0.00040493608138	0
937	Iter0938	35	8	5	3	0	0	2.625	0.346397282317184	-0.0014852824970799999	0
938	Iter0939	25	6	4	1	0	0	1.0416666666666667	1.0	-7.8499e-06	0
939	Iter0940	25	5	2	1	0	0	2.5	0.4638929618768232	-0.0001899596521	0
940	Iter0941	24	4	5	1	0	0	1.2	1.0	0.0	0
941	Iter0942	22	7	5	0	0	0	0.4791666666666667	0.5585000862515055	-1.22328e-09	0
942	Iter0943	31	7	3	3	0	0	4.428571428571429	0.11965742708794458	-0.00030816582565	0
943	Iter0944	30	3	5	2	0	0	4.0	0.20399751978699768	-7.94175983e-05	0
944	Iter0945	38	4	7	3	0	0	4.071428571428571	0.1201058776887252	-0.0005744947856999999	0
945	Iter0946	26	4	7	4	0	0	3.7142857142857135	0.17774612186754765	-2.5313e-06	0
946	Iter0947	24	6	5	3	0	0	2.4	0.3630773851486884	-2.44622552e-05	0
947	Iter0948	33	4	6	1	0	0	1.375	1.0	0.0	0
948	Iter0949	29	10	2	2	0	0	2.9	0.3079572157847776	-0.00018636354000000003	0
949	Iter0950	14	4	6	4	0	0	2.333333333333333	0.4004256612952225	-5.0125171e-05	0
950	Iter0951	24	4	6	0	0	0	0.7142857142857143	1.0	-7.8593811e-05	0
951	Iter0952	27	2	6	4	0	0	9.0	0.028436629055824787	-3.790682e-06	0
952	Iter0953	30	7	3	3	0	0	4.285714285714286	0.12697971640563313	-3.3754600000000004e-05	0
953	Iter0954	30	2	4	4	0	0	15.0	0.009519641098588409	-2.2683779899999998e-05	0
954	Iter0955	35	11	2	1	0	0	1.5909090909090908	1.0	-0.0016390302001	0
955	Iter0956	30	5	5	1	0	0	1.2	1.0	-2.9552258649999995e-07	0
956	Iter0957	30	3	7	5	0	0	7.142857142857142	0.02243369670303341	-7.83617099e-05	0
957	Iter0958	31	7	3	2	0	0	2.952380952380953	0.27733072372890577	-0.00011964950006839998	0
958	Iter0959	26	5	2	8	0	0	20.8	0.0004520491192695376	-4.205955e-05	0
959	Iter0960	37	6	4	6	0	0	9.250000000000002	0.0052531238875735894	-0.00043380752	0
960	Iter0961	25	3	1	2	0	0	16.666666666666668	0.06006674082313807	-0.0005471377	0
961	Iter0962	25	4	5	0	0	0	0.8666666666666667	1.0	-0.00016371000000000002	0
962	Iter0963	32	4	4	0	0	0	1.3199999999999998	1.0	-0.00075445094687	0
963	Iter0964	26	7	9	3	0	0	1.238095238095238	1.0	-0.00037532084556899997	0
964	Iter0965	34	11	8	3	0	0	1.1590909090909092	1.0	0.0	0
965	Iter0966	35	6	7	3	0	0	2.5	0.3533965209061979	-0.0004078659000042924	0
966	Iter0967	30	8	4	2	0	0	1.875	0.6058167583975872	-2.0237765891e-05	0
967	Iter0968	23	5	3	6	0	0	9.2	0.010552707389061795	-9.0257989e-08	0
968	Iter0969	26	8	5	3	0	0	1.95	0.4118387597206589	-3.04597e-05	0
969	Iter0970	31	9	3	3	0	0	3.4444444444444446	0.173167326068754	-0.0007760102055199999	0
970	Iter0971	29	4	3	2	0	0	4.833333333333333	0.16895577576692508	-0.00029609032094	0
971	Iter0972	31	6	2	4	0	0	10.333333333333334	0.019586139746153777	-5.8363820143909e-05	0
972	Iter0973	24	7	2	4	0	0	6.857142857142858	0.0514989779695675	-0.000212281	0
973	Iter0974	28	11	0	2	0	0	7.25	0.0951219512195114	-7.6993529e-05	0
974	Iter0975	27	6	14	6	0	1	1.9285714285714284	0.33478155753849864	-5.320241007669999e-06	0
975	Iter0976	26	7	1	2	0	0	7.428571428571429	0.14789915966386624	-1.00782e-05	0
976	Iter0977	35	4	6	3	0	0	4.375	0.11078879277467928	0.0	0
977	Iter0978	26	10	4	5	0	0	3.25	0.13532716524028812	-0.00030047364	0
978	Iter0979	31	2	2	2	0	0	15.5	0.04998107351048815	-0.000350290973462	0
979	Iter0980	19	9	4	2	0	0	1.0555555555555556	1.0	-6.13498e-05	0
980	Iter0981	26	5	5	1	0	0	1.04	1.0	0.0	0
981	Iter0982	34	6	5	4	0	0	4.533333333333333	0.06991929863207884	-0.000261322193486587	0
982	Iter0983	33	5	3	2	0	0	4.4	0.18000349055368586	-0.00033135040000000003	0
983	Iter0984	20	11	6	5	0	0	1.5151515151515151	0.7203179922352396	-3.0322179999999998e-05	0
984	Iter0985	27	5	5	1	0	0	1.08	1.0	-0.0002465991	0
985	Iter0986	32	6	7	2	0	0	1.5238095238095235	0.6387991833363504	-0.0009684744174000001	0
986	Iter0987	27	7	5	1	0	0	0.7714285714285715	1.0	-0.00062051573	0
987	Iter0988	29	7	8	3	0	0	1.5535714285714288	0.6785829963125352	-9.6565442e-06	0
988	Iter0989	28	6	3	5	0	0	7.777777777777778	0.019502765330749787	-2.19544e-12	0
989	Iter0990	29	3	5	0	0	0	1.25	1.0	-0.0001119683	0
990	Iter0991	19	7	2	6	0	0	8.142857142857144	0.03311116134187558	-0.000352576	0
991	Iter0992	34	4	3	2	0	0	5.666666666666668	0.1354989310179305	-7.270160000000002e-06	0
992	Iter0993	25	4	3	2	0	0	4.166666666666667	0.2053001552527192	-0.00022346800000000005	0
993	Iter0994	33	6	5	4	0	0	4.4	0.07504999205059429	0.0	0
994	Iter0995	26	4	4	3	0	0	4.875	0.10787470453030357	-1.0664044099999999e-07	0
995	Iter0996	28	11	5	3	0	0	1.5272727272727271	0.6794839060840263	0.0	0
996	Iter0997	31	5	4	1	0	0	1.55	0.5668096258596924	-1.48383e-06	0
997	Iter0998	33	9	6	4	0	0	2.4444444444444438	0.2444577280172961	-0.00054625638089	0
998	Iter0999	27	5	8	1	0	0	0.675	1.0	-2.9577e-05	0
999	Iter1000	33	10	4	1	0	0	0.825	1.0	-4.83448274e-05	0
