	IterId	dN	dS	pN	pS	bdN	bpN	MkScore	FSPVal	SelCoef	PosSel
0	Iter0001	10	3	7	2	0	0	0.9523809523809524	1.0	-1.23905e-08	0
1	Iter0002	0	0	2	4	0	0	1.6666666666666667	1.0	-8.907265128e-05	0
2	Iter0003	1	0	4	2	0	0	1.2	1.0	-0.00015980393	0
3	Iter0004	3	1	6	5	0	0	2.5	0.6043956043956045	-5.66765094e-05	0
4	Iter0005	8	2	8	6	0	0	3.0	0.3875353344999348	0.0	0
5	Iter0006	5	4	2	2	0	0	1.25	1.0	-2.4302452e-05	0
6	Iter0007	0	0	8	0	0	0	0.1111111111111111	1.0	-1.0727097999999999e-05	0
7	Iter0008	16	1	6	1	0	0	2.6666666666666665	0.507246376811596	-9.780571066000001e-05	0
8	Iter0009	12	0	10	1	0	0	2.363636363636364	0.4782608695652183	-2.5003816e-05	0
9	Iter0010	7	7	5	4	0	0	0.8	1.0	-0.00051530179	0
10	Iter0011	6	1	4	1	0	0	1.5	1.0	-0.00017419213600000001	0
11	Iter0012	4	2	6	7	0	0	2.333333333333333	0.6284829721362215	-9.39612e-05	0
12	Iter0013	7	0	3	1	0	0	4.0	0.3636363636363637	-0.00033173412	0
13	Iter0014	6	2	3	3	0	0	3.0	0.5804195804195795	-1.320900111546e-05	0
14	Iter0015	6	1	9	1	0	0	0.6666666666666666	1.0	-0.00012754700000000002	0
15	Iter0016	3	0	5	2	0	0	2.0	1.0	-3.08246e-06	0
16	Iter0017	6	0	8	3	0	0	3.111111111111111	0.514705882352942	-4.5773951e-05	0
17	Iter0018	7	1	7	2	0	0	2.0	1.0	-7.11346e-05	0
18	Iter0019	5	2	2	1	0	0	1.25	1.0	-0.00011456077	0
19	Iter0020	2	0	5	5	0	0	3.0	0.4696969696969707	-0.00012652824599999998	0
20	Iter0021	2	0	4	2	0	0	1.7999999999999998	1.0	-0.0002042633560031	0
21	Iter0022	7	0	5	1	0	0	2.6666666666666665	0.4615384615384615	-0.0002000025725	0
22	Iter0023	1	0	5	7	0	0	2.6666666666666665	0.4615384615384624	-0.0001791839	0
23	Iter0024	3	2	5	4	0	0	1.2	1.0	0.0	0
24	Iter0025	5	0	2	2	0	0	6.0	0.16666666666666674	0.0	0
25	Iter0026	1	1	3	3	0	0	1.0	1.0	-3.78591e-05	0
26	Iter0027	3	0	2	1	0	0	2.6666666666666665	1.0	-4.90037e-07	0
27	Iter0028	8	2	4	4	0	0	4.0	0.32126696832579216	-0.000580985920016	0
28	Iter0029	5	2	7	2	0	0	0.7142857142857143	1.0	-1.61688e-05	0
29	Iter0030	5	0	4	3	0	0	4.8	0.20454545454545486	-9.17269e-08	0
30	Iter0031	8	1	3	0	0	0	1.125	1.0	-0.00033381829999999993	0
31	Iter0032	3	0	5	3	0	0	2.6666666666666665	0.4909090909090907	-7.914750798999999e-05	0
32	Iter0033	4	1	5	3	0	0	2.4	1.0	0.0	0
33	Iter0034	5	2	10	1	0	0	0.25	0.5281862745098062	-0.0010603156999999998	0
34	Iter0035	7	2	4	2	0	0	1.75	1.0	-1.8386e-05	0
35	Iter0036	3	0	4	7	0	0	6.4	0.1923076923076922	-0.000167257703904	0
36	Iter0037	8	1	6	2	0	0	2.6666666666666665	0.5764705882352942	-4.6080078e-05	0
37	Iter0038	10	3	4	1	0	0	0.8333333333333334	1.0	-4.955519999999999e-10	0
38	Iter0039	3	1	7	3	0	0	1.2857142857142856	1.0	-0.00037751137	0
39	Iter0040	4	2	2	5	0	0	5.0	0.28613053613053674	-0.000666516913	0
40	Iter0041	7	1	2	3	0	0	10.5	0.21678321678321727	-2.0106302400000002e-08	0
41	Iter0042	2	1	5	2	0	0	0.8	1.0	-0.000204180668101	0
42	Iter0043	7	1	11	3	0	0	1.9090909090909087	1.0	-6.268773298000001e-05	0
43	Iter0044	5	0	10	1	0	0	1.0909090909090908	1.0	-9.933358300000001e-05	0
44	Iter0045	9	2	4	0	0	0	0.6666666666666667	1.0	-0.000133595	0
45	Iter0046	1	0	7	2	0	0	0.75	1.0	-0.0003824707660000001	0
46	Iter0047	11	1	8	4	0	0	5.5	0.316770186335402	-6.511788100000001e-06	0
47	Iter0048	5	1	8	3	0	0	1.875	1.0	-1.41672e-06	0
48	Iter0049	0	0	4	2	0	0	0.6	1.0	-6.22481e-12	0
49	Iter0050	5	0	4	9	0	0	12.0	0.029411764705882318	-0.00022866257026	0
50	Iter0051	7	0	6	1	0	0	2.2857142857142856	1.0	-9.2531379e-05	0
51	Iter0052	0	2	6	1	0	0	0.09523809523809523	0.08333333333333337	-9.331134937179999e-05	0
52	Iter0053	4	0	3	4	0	0	6.25	0.193939393939394	-1.9258201e-06	0
53	Iter0054	0	0	4	0	0	0	0.2	1.0	-0.0008064810000000001	0
54	Iter0055	0	0	5	2	0	0	0.5	1.0	-0.000183478684837	0
55	Iter0056	4	2	4	5	0	0	2.5	0.6083916083916074	-0.00040822993712000006	0
56	Iter0057	11	2	11	6	0	0	3.0	0.4068832250541423	-5.265885e-05	0
57	Iter0058	6	1	6	6	0	0	6.0	0.1732753830277042	-5.8001479e-05	0
58	Iter0059	4	0	5	2	0	0	2.5	0.4909090909090901	-1.0614e-07	0
59	Iter0060	6	0	4	7	0	0	11.2	0.034502262443438965	-0.000239425	0
60	Iter0061	7	1	7	1	0	0	1.0	1.0	-0.0004874374300000001	0
61	Iter0062	9	2	7	6	0	0	3.8571428571428568	0.21079553102705634	-0.0007158753233999999	0
62	Iter0063	11	1	9	4	0	0	4.888888888888889	0.3217391304347817	-1.876181415e-07	0
63	Iter0064	4	2	10	4	0	0	0.8	1.0	-6.797782e-06	0
64	Iter0065	4	1	5	1	0	0	0.8	1.0	-0.000114692	0
65	Iter0066	0	0	6	6	0	0	1.0	1.0	-0.00017360400000000005	0
66	Iter0067	3	3	4	2	0	0	0.5	1.0	-0.0004959144	0
67	Iter0068	1	1	2	2	0	0	1.0	1.0	-4.69042e-06	0
68	Iter0069	6	0	7	3	0	0	3.5	0.24999999999999936	-0.0006286484711	0
69	Iter0070	4	0	4	2	0	0	3.0	0.4666666666666668	-5.64633e-06	0
70	Iter0071	8	2	6	2	0	0	1.3333333333333333	1.0	-0.00044987350999999996	0
71	Iter0072	0	0	7	4	0	0	0.625	1.0	-0.0001198007	0
72	Iter0073	4	4	5	4	0	0	0.8	1.0	-0.00029627367880000004	0
73	Iter0074	7	1	4	4	0	0	7.0	0.28205128205128155	0.0	0
74	Iter0075	2	4	2	1	0	0	0.25	0.5238095238095242	-4.27421e-06	0
75	Iter0076	3	1	4	2	0	0	1.5	1.0	-2.6161400000000005e-06	0
76	Iter0077	8	1	1	1	0	0	8.0	0.3454545454545447	-9.778480000000001e-05	0
77	Iter0078	5	1	3	2	0	0	3.333333333333333	0.5454545454545453	0.0	0
78	Iter0079	7	2	3	5	0	0	5.833333333333334	0.1534348004936239	-5.368229999999998e-13	0
79	Iter0080	13	2	4	3	0	0	4.875	0.2743221690590115	-9.639186790001527e-06	0
80	Iter0081	6	4	3	2	0	0	1.0	1.0	-0.00021351088999999997	0
81	Iter0082	2	1	6	1	0	0	0.3333333333333333	1.0	-1.1765089880999999e-07	0
82	Iter0083	13	1	6	4	0	0	8.666666666666666	0.12220026350461165	-1.71662e-08	0
83	Iter0084	0	0	2	2	0	0	1.0	1.0	-0.00141546	0
84	Iter0085	2	0	4	1	0	0	1.2	1.0	-0.0020110581285699997	0
85	Iter0086	4	3	4	2	0	0	0.6666666666666666	1.0	-7.762220199999999e-05	0
86	Iter0087	1	0	6	1	0	0	0.5714285714285714	1.0	-0.0002794804087	0
87	Iter0088	4	2	6	3	0	0	1.0	1.0	-2.53309434262e-05	0
88	Iter0089	7	1	4	2	0	0	3.5	0.538461538461539	-6.05944e-05	0
89	Iter0090	7	6	4	3	0	0	0.8750000000000001	1.0	-4.6672800000000005e-06	0
90	Iter0091	9	0	6	3	0	0	5.7142857142857135	0.20588235294117666	-6.54125e-05	0
91	Iter0092	6	1	6	3	0	0	3.0	0.5846153846153819	-2.6456612e-05	0
92	Iter0093	10	0	5	4	0	0	9.166666666666668	0.03250773993808051	-1.48728e-05	0
93	Iter0094	9	2	4	6	0	0	6.75	0.08049535603715162	-0.0005414238	0
94	Iter0095	10	5	4	5	0	0	2.5	0.4028469511374351	-7.523684755e-05	0
95	Iter0096	3	0	3	2	0	0	3.0	0.4642857142857138	-0.00013949441968810002	0
96	Iter0097	7	3	9	2	0	0	0.5185185185185186	0.6351172047766502	-0.0006301909999999999	0
97	Iter0098	5	2	3	2	0	0	1.6666666666666667	1.0	-1.58732e-06	0
98	Iter0099	16	4	2	4	0	0	8.0	0.051018546670720415	-0.00020925071499999998	0
99	Iter0100	5	2	1	1	0	0	2.5	1.0	-5.787239745500001e-05	0
100	Iter0101	6	1	2	0	0	0	1.1666666666666667	1.0	-0.0003979581	0
101	Iter0102	3	4	3	2	0	0	0.5	1.0	-2.67816e-05	0
102	Iter0103	6	3	3	0	0	0	0.4375	0.5090909090909093	-4.465e-13	0
103	Iter0104	0	0	6	2	0	0	0.42857142857142855	1.0	-0.000719306814922	0
104	Iter0105	5	2	5	1	0	0	0.5	1.0	-1.42324e-11	0
105	Iter0106	14	0	3	1	0	0	7.5	0.22222222222222368	-0.0002969043071	0
106	Iter0107	0	0	10	3	0	0	0.3636363636363637	1.0	-0.000328561	0
107	Iter0108	5	0	7	2	0	0	2.25	0.5054945054945027	-0.0002033922693	0
108	Iter0109	8	1	3	2	0	0	5.333333333333333	0.5054945054945037	-0.0006830537769999999	0
109	Iter0110	3	0	6	1	0	0	1.1428571428571428	1.0	-5.631520000000001e-05	0
110	Iter0111	7	0	6	1	0	0	2.2857142857142856	1.0	-0.000158708382	0
111	Iter0112	9	2	7	2	0	0	1.2857142857142858	1.0	-0.0005185055768999999	0
112	Iter0113	9	1	5	2	0	0	3.6	0.5367647058823528	-0.000202570655	0
113	Iter0114	2	0	1	1	0	0	3.0	1.0	-0.0009967205	0
114	Iter0115	1	0	11	3	0	0	0.6666666666666666	1.0	-2.50496731e-05	0
115	Iter0116	3	0	5	1	0	0	1.3333333333333333	1.0	-0.0003517648	0
116	Iter0117	3	2	7	1	0	0	0.21428571428571427	0.5104895104895115	-0.000101828158	0
117	Iter0118	7	1	9	4	0	0	3.111111111111111	0.6064671482628156	-1.3332523329999999e-05	0
118	Iter0119	2	1	2	2	0	0	2.0	1.0	0.0	0
119	Iter0120	14	1	5	5	0	0	14.0	0.02252964426877476	-6.407492618056999e-05	0
120	Iter0121	4	1	4	3	0	0	3.0	0.5757575757575769	-0.00021975096000000001	0
121	Iter0122	9	2	6	1	0	0	0.75	1.0	-0.0002272539506	0
122	Iter0123	9	3	11	2	0	0	0.5454545454545454	0.6447204968944095	-1.90439e-05	0
123	Iter0124	3	0	4	2	0	0	2.4	0.5000000000000007	-0.0005999824	0
124	Iter0125	6	2	7	4	0	0	1.7142857142857142	1.0	-7.177280000000002e-06	0
125	Iter0126	0	0	4	0	0	0	0.2	1.0	-0.00011067144299999999	0
126	Iter0127	9	2	8	3	0	0	1.6875	1.0	-0.00091531039	0
127	Iter0128	10	1	6	1	0	0	1.6666666666666667	1.0	-0.0003197590516	0
128	Iter0129	0	0	12	2	0	0	0.2307692307692308	1.0	-2.2252831097e-05	0
129	Iter0130	4	0	7	0	0	0	0.625	1.0	-0.00018292437600000001	0
130	Iter0131	3	0	8	4	0	0	2.2222222222222223	0.5164835164835145	-0.0006717013999999999	0
131	Iter0132	7	3	4	3	0	0	1.7500000000000002	0.6436651583710411	-0.0011225705068279	0
132	Iter0133	3	2	5	4	0	0	1.2	1.0	-1.69725e-05	0
133	Iter0134	11	2	7	5	0	0	3.928571428571429	0.201556064073226	-0.00020048268614999997	0
134	Iter0135	4	0	6	5	0	0	4.285714285714286	0.23076923076923045	-0.000154097	0
135	Iter0136	3	1	2	2	0	0	3.0	1.0	-0.001009110332663	0
136	Iter0137	5	3	8	3	0	0	0.6250000000000001	1.0	-1.3261509146e-05	0
137	Iter0138	2	0	1	8	0	0	13.5	0.054545454545454466	-0.0003668010005620001	0
138	Iter0139	11	3	5	3	0	0	2.2	0.6243550051599605	-0.00083130997946	0
139	Iter0140	3	1	7	3	0	0	1.2857142857142856	1.0	-7.305579999999999e-07	0
140	Iter0141	2	0	3	3	0	0	3.0	0.4642857142857143	-0.000159945	0
141	Iter0142	0	0	4	2	0	0	0.6	1.0	-1.5103856909999998e-05	0
142	Iter0143	3	1	6	5	0	0	2.5	0.6043956043956045	-2.61264e-06	0
143	Iter0144	4	0	4	3	0	0	4.0	0.2363636363636365	-0.00030775771999999997	0
144	Iter0145	3	2	2	3	0	0	2.25	1.0	-0.0007685677879999999	0
145	Iter0146	4	0	3	2	0	0	3.75	0.4444444444444449	-0.0003067384679	0
146	Iter0147	4	1	7	5	0	0	2.8571428571428568	0.6000323206205533	-0.00013616465969999998	0
147	Iter0148	10	1	3	2	0	0	6.666666666666668	0.2142857142857131	-6.0708800667999995e-05	0
148	Iter0149	6	2	6	5	0	0	2.5	0.6332460109549893	-5.4230900000000006e-09	0
149	Iter0150	11	2	9	3	0	0	1.8333333333333333	0.6447204968944106	-1.33075e-11	0
150	Iter0151	6	0	4	2	0	0	4.2	0.4545454545454549	-0.001950291000239025	0
151	Iter0152	5	0	6	7	0	0	6.857142857142858	0.1013071895424836	-0.00026479030434	0
152	Iter0153	6	2	6	4	0	0	2.0	0.6380090497737567	-0.000148817	0
153	Iter0154	3	2	4	2	0	0	0.75	1.0	-0.000133409063	0
154	Iter0155	0	0	4	3	0	0	0.8	1.0	-0.00020567760000000002	0
155	Iter0156	6	2	4	3	0	0	2.25	0.6083916083916068	-0.0006760443999999999	0
156	Iter0157	6	3	5	2	0	0	0.8	1.0	-9.490198631e-05	0
157	Iter0158	1	0	8	1	0	0	0.4444444444444444	1.0	-9.88705e-05	0
158	Iter0159	4	1	4	1	0	0	1.0	1.0	-1.15499e-07	0
159	Iter0160	5	1	4	6	0	0	7.5	0.14510489510489474	-0.0002525602976	0
160	Iter0161	14	1	8	2	0	0	3.5	0.5434782608695683	-0.0011643363272999998	0
161	Iter0162	1	1	4	3	0	0	0.75	1.0	-3.0915080000000004e-05	0
162	Iter0163	12	1	8	1	0	0	1.5	1.0	-0.000354987	0
163	Iter0164	8	2	11	4	0	0	1.4545454545454546	1.0	-0.0006766914516	0
164	Iter0165	7	5	8	5	0	0	0.8749999999999999	1.0	-2.01216679e-05	0
165	Iter0166	5	2	9	5	0	0	1.3888888888888888	1.0	-0.0001971991	0
166	Iter0167	0	1	7	2	0	0	0.1875	0.2999999999999995	-4.1038679058e-05	0
167	Iter0168	11	3	6	1	0	0	0.6111111111111109	1.0	-0.0005102594825900001	0
168	Iter0169	8	2	9	1	0	0	0.4444444444444444	1.0	-0.0007582487334059999	0
169	Iter0170	9	0	4	2	0	0	6.0	0.14285714285714207	-0.0010918197473	0
170	Iter0171	6	0	6	5	0	0	6.0	0.1022947640594698	-0.00075316882	0
171	Iter0172	4	0	3	2	0	0	3.75	0.4444444444444449	-1.4076373499999999e-05	0
172	Iter0173	0	0	9	3	0	0	0.4	1.0	0.0	0
173	Iter0174	3	3	5	5	0	0	1.0	1.0	0.0	0
174	Iter0175	2	4	4	5	0	0	0.625	1.0	-3.2980199999999995e-10	0
175	Iter0176	5	1	4	3	0	0	3.75	0.5594405594405606	-1.294972e-05	0
176	Iter0177	7	3	5	3	0	0	1.4	1.0	-2.74339e-05	0
177	Iter0178	6	2	4	5	0	0	3.75	0.3348416289592763	-3.207852e-05	0
178	Iter0179	10	1	4	4	0	0	10.0	0.11076711386308936	-8.775482399999999e-09	0
179	Iter0180	2	0	5	3	0	0	2.0	1.0	0.0	0
180	Iter0181	8	2	2	1	0	0	2.0	1.0	-0.0005323969554712801	0
181	Iter0182	0	0	4	3	0	0	0.8	1.0	-7.4136663e-05	0
182	Iter0183	6	0	4	6	0	0	9.8	0.033841158841158736	-0.0002307782	0
183	Iter0184	7	1	5	1	0	0	1.4	1.0	0.0	0
184	Iter0185	8	4	3	4	0	0	2.6666666666666665	0.3765182186234807	-2.89492e-05	0
185	Iter0186	0	1	2	2	0	0	0.5	1.0	-9.48818565e-05	0
186	Iter0187	5	0	8	4	0	0	3.333333333333333	0.2605042016806711	-0.0001356212	0
187	Iter0188	9	2	0	0	0	0	3.333333333333333	1.0	-8.335592748199999e-05	0
188	Iter0189	3	1	1	2	0	0	6.0	0.4857142857142852	-2.38206e-09	0
189	Iter0190	17	3	4	6	0	0	8.500000000000002	0.0301296903995556	-7.00413e-08	0
190	Iter0191	12	2	3	2	0	0	4.0	0.272187822497422	-4.1553674e-06	0
191	Iter0192	4	0	6	4	0	0	3.571428571428572	0.2507492507492507	-9.83972e-05	0
192	Iter0193	0	0	3	0	0	0	0.25	1.0	-0.000326244515339	0
193	Iter0194	5	2	3	4	0	0	3.333333333333333	0.5920745920745918	-0.00023830599999999998	0
194	Iter0195	4	1	5	4	0	0	3.2	0.5804195804195778	-2.53248e-07	0
195	Iter0196	1	2	4	6	0	0	0.75	1.0	-0.000165467122	0
196	Iter0197	6	4	4	0	0	0	0.28	0.2507492507492505	-0.0001412842	0
197	Iter0198	5	0	4	1	0	0	2.4	1.0	-9.421109980000001e-05	0
198	Iter0199	10	3	1	4	0	0	13.333333333333336	0.04738562091503273	-6.135622475e-05	0
199	Iter0200	9	1	5	3	0	0	5.4	0.27450980392156965	-2.03117e-07	0
200	Iter0201	5	3	7	2	0	0	0.4761904761904762	0.6199095022624421	-9.8574716449e-05	0
201	Iter0202	0	0	2	5	0	0	2.0	1.0	-1.08749e-06	0
202	Iter0203	8	3	5	5	0	0	2.6666666666666665	0.3869969040247678	-3.09865e-05	0
203	Iter0204	8	2	4	1	0	0	1.0	1.0	-0.0001924222	0
204	Iter0205	7	4	3	3	0	0	1.75	0.6436651583710422	-9.81046e-06	0
205	Iter0206	4	0	4	1	0	0	2.0	1.0	-6.35935e-12	0
206	Iter0207	7	7	7	2	0	0	0.2857142857142857	0.2282945214699148	-2.6359400000000003e-06	0
207	Iter0208	8	0	5	4	0	0	7.5	0.08235294117647017	-2.1147600000000003e-09	0
208	Iter0209	14	0	3	3	0	0	15.0	0.01754385964912282	-0.000616034	0
209	Iter0210	5	1	12	2	0	0	0.8333333333333334	1.0	-2.2296180000000004e-05	0
210	Iter0211	3	2	8	0	0	0	0.14814814814814814	0.12820512820512847	-5.038431000000001e-05	0
211	Iter0212	10	2	2	4	0	0	10.0	0.10703512174100388	-0.000302339032703	0
212	Iter0213	6	3	7	3	0	0	0.8571428571428571	1.0	-5.1847e-07	0
213	Iter0214	3	1	1	4	0	0	12.0	0.20634920634920634	-3.45995e-11	0
214	Iter0215	8	0	4	3	0	0	7.2	0.07692307692307668	-0.0007893788728134	0
215	Iter0216	3	1	8	1	0	0	0.375	1.0	0.0	0
216	Iter0217	0	0	4	4	0	0	1.0	1.0	-0.000329733	0
217	Iter0218	3	1	5	1	0	0	0.6	1.0	-1.400901e-05	0
218	Iter0219	5	0	4	0	0	0	1.2	1.0	-9.619079762673e-05	0
219	Iter0220	2	0	5	1	0	0	1.0	1.0	-3.9760056000000005e-05	0
220	Iter0221	8	1	5	2	0	0	3.2	0.5499999999999967	-0.0007768993850000001	0
221	Iter0222	2	0	2	0	0	0	1.0	1.0	-4.03906e-05	0
222	Iter0223	6	2	5	2	0	0	1.2	1.0	-0.000343301	0
223	Iter0224	10	3	4	4	0	0	3.333333333333333	0.3457516339869283	-0.000316870779	0
224	Iter0225	7	2	4	2	0	0	1.75	1.0	-0.000504975	0
225	Iter0226	5	0	6	5	0	0	5.1428571428571415	0.11858974358974322	-2.2791089e-06	0
226	Iter0227	5	1	4	1	0	0	1.25	1.0	-5.1813293e-05	0
227	Iter0228	0	0	4	2	0	0	0.6	1.0	-2.70588e-10	0
228	Iter0229	6	0	1	2	0	0	10.5	0.08333333333333337	-4.873739999999999e-09	0
229	Iter0230	5	0	4	2	0	0	3.6	0.454545454545454	-0.000176194	0
230	Iter0231	4	1	5	3	0	0	2.4	1.0	0.0	0
231	Iter0232	9	0	5	6	0	0	11.666666666666668	0.014086687306501585	-0.00043604319999999996	0
232	Iter0233	8	1	6	4	0	0	5.333333333333333	0.30340557275541835	-0.000235874	0
233	Iter0234	10	2	1	1	0	0	5.0	0.3956043956043948	-0.0009528990179900001	0
234	Iter0235	2	1	5	4	0	0	1.6	1.0	-1.17109e-05	0
235	Iter0236	5	0	4	6	0	0	8.4	0.04395604395604387	-0.000920801561	0
236	Iter0237	8	0	8	9	0	0	10.0	0.02175993343041415	-4.12643e-05	0
237	Iter0238	0	0	2	4	0	0	1.6666666666666667	1.0	-1.44888e-10	0
238	Iter0239	9	1	6	1	0	0	1.5	1.0	-0.0005090787978999999	0
239	Iter0240	6	0	4	4	0	0	7.0	0.08491508491508501	-0.0001406525986024	0
240	Iter0241	8	1	4	2	0	0	4.0	0.5252747252747227	-0.0005075078	0
241	Iter0242	5	2	5	1	0	0	0.5	1.0	-0.0002321623623	0
242	Iter0243	10	3	6	4	0	0	2.2222222222222223	0.650020191142819	-0.000113617	0
243	Iter0244	5	2	7	4	0	0	1.4285714285714286	1.0	-6.543211688e-07	0
244	Iter0245	7	1	4	2	0	0	3.5	0.538461538461539	-0.0005532362	0
245	Iter0246	7	3	4	1	0	0	0.5833333333333334	1.0	-0.001273434581	0
246	Iter0247	8	3	8	3	0	0	1.0	1.0	-0.000363092	0
247	Iter0248	3	1	0	0	0	0	2.0	1.0	-9.77694e-05	0
248	Iter0249	5	3	5	1	0	0	0.33333333333333337	0.5804195804195811	-7.46290145e-09	0
249	Iter0250	4	1	7	8	0	0	4.571428571428571	0.3188854489164101	-1.6110110281e-05	0
250	Iter0251	5	1	2	2	0	0	5.0	0.5000000000000001	-6.91782e-05	0
251	Iter0252	0	0	10	0	0	0	0.09090909090909093	1.0	-1.0399e-11	0
252	Iter0253	5	1	4	1	0	0	1.25	1.0	-6.579211e-05	0
253	Iter0254	5	0	5	4	0	0	5.0	0.22077922077922	-0.0004709184100000001	0
254	Iter0255	2	0	8	0	0	0	0.3333333333333333	1.0	-4.1026099999999985e-08	0
255	Iter0256	8	5	3	0	0	0	0.375	0.5089285714285694	-0.0016314039	0
256	Iter0257	2	0	1	4	0	0	7.5	0.1428571428571427	-0.000664014	0
257	Iter0258	10	1	3	2	0	0	6.666666666666668	0.2142857142857131	-0.0002790475582	0
258	Iter0259	5	3	4	5	0	0	2.083333333333333	0.6371863430686964	-4.130720000000001e-09	0
259	Iter0260	4	0	5	2	0	0	2.5	0.4909090909090901	-1.064780632e-06	0
260	Iter0261	5	5	9	1	0	0	0.1111111111111111	0.14086687306501575	0.0	0
261	Iter0262	0	0	5	4	0	0	0.8333333333333334	1.0	-0.001083233838	0
262	Iter0263	0	0	7	1	0	0	0.25	1.0	-0.0001737498	0
263	Iter0264	5	1	6	5	0	0	4.166666666666667	0.3333872010342601	-0.0004043004090579258	0
264	Iter0265	0	0	0	3	0	0	4.0	1.0	0.0	0
265	Iter0266	10	1	3	3	0	0	10.0	0.09873949579831903	-0.0007627150270000001	0
266	Iter0267	2	1	3	3	0	0	2.0	1.0	-4.4404164849999994e-05	0
267	Iter0268	7	1	4	4	0	0	7.0	0.28205128205128155	-0.000907484127	0
268	Iter0269	0	0	5	5	0	0	1.0	1.0	-4.8405724e-05	0
269	Iter0270	8	2	5	5	0	0	4.0	0.3498452012383904	-0.000757342	0
270	Iter0271	0	0	8	2	0	0	0.3333333333333333	1.0	0.0	0
271	Iter0272	3	0	3	3	0	0	4.0	0.4642857142857145	-4.454982e-05	0
272	Iter0273	9	3	5	4	0	0	2.4	0.3972136222910228	-0.0002761513	0
273	Iter0274	5	3	3	1	0	0	0.5555555555555556	1.0	-0.0003727680000000001	0
274	Iter0275	5	1	5	4	0	0	4.0	0.5804195804195798	-0.00029351153	0
275	Iter0276	7	0	6	5	0	0	6.857142857142858	0.1013071895424836	-7.13825e-05	0
276	Iter0277	2	0	4	6	0	0	4.2	0.4545454545454557	-0.0010019698066679999	0
277	Iter0278	7	3	2	3	0	0	3.5000000000000004	0.3286713286713279	-2.6269322199999998e-06	0
278	Iter0279	8	0	5	5	0	0	9.0	0.03594771241830061	-5.6255737415682e-05	0
279	Iter0280	7	1	4	2	0	0	3.5	0.538461538461539	-0.00075712	0
280	Iter0281	0	0	5	2	0	0	0.5	1.0	-2.317080000033243e-05	0
281	Iter0282	9	1	5	5	0	0	9.0	0.14086687306501575	-4.3346350213600004e-05	0
282	Iter0283	8	3	9	3	0	0	0.8888888888888888	1.0	-2.08085e-05	0
283	Iter0284	3	0	6	3	0	0	2.2857142857142856	0.5090909090909088	-9.01553e-07	0
284	Iter0285	2	1	5	1	0	0	0.4	1.0	-3.15073e-07	0
285	Iter0286	4	0	4	3	0	0	4.0	0.2363636363636365	0.0	0
286	Iter0287	3	0	5	4	0	0	3.333333333333333	0.4909090909090912	-0.00126136	0
287	Iter0288	5	0	7	3	0	0	3.0	0.5054945054945037	-0.000199245846	0
288	Iter0289	12	0	3	4	0	0	16.25	0.009029927760577941	-4.1353656382e-05	0
289	Iter0290	3	0	8	1	0	0	0.8888888888888888	1.0	0.0	0
290	Iter0291	3	0	7	2	0	0	1.5	1.0	-8.2258e-05	0
291	Iter0292	1	1	6	2	0	0	0.3333333333333333	1.0	-0.00016206183599999999	0
292	Iter0293	7	0	4	2	0	0	4.8	0.19230769230769254	-1.369505734e-05	0
293	Iter0294	7	0	3	2	0	0	6.0	0.15151515151515174	-8.162660000000001e-06	0
294	Iter0295	2	4	1	4	0	0	2.0	1.0	-0.000230529160255	0
295	Iter0296	7	1	7	1	0	0	1.0	1.0	-8.17847e-05	0
296	Iter0297	5	2	5	1	0	0	0.5	1.0	-0.000658597	0
297	Iter0298	4	2	7	2	0	0	0.5714285714285714	1.0	0.0	0
298	Iter0299	11	1	2	1	0	0	5.5	0.3714285714285677	-0.0005295419999999999	0
299	Iter0300	5	2	12	6	0	0	1.25	1.0	-1.981164576e-05	0
300	Iter0301	8	2	2	2	0	0	4.0	0.5204795204795202	-8.367600267999998e-05	0
301	Iter0302	0	0	4	3	0	0	0.8	1.0	-0.00017463194549999998	0
302	Iter0303	3	0	6	2	0	0	1.7142857142857142	1.0	-0.00033026585100000007	0
303	Iter0304	6	1	5	3	0	0	3.6	0.5692307692307691	-0.0004767216729	0
304	Iter0305	11	1	2	1	0	0	5.5	0.3714285714285677	-2.4127950927e-05	0
305	Iter0306	4	2	5	2	0	0	0.8	1.0	-0.00019746613700000003	0
306	Iter0307	8	3	3	4	0	0	3.555555555555556	0.33220211161387697	-5.5857142e-06	0
307	Iter0308	11	1	4	5	0	0	13.75	0.046439628482972166	-0.0004655124	0
308	Iter0309	8	0	7	2	0	0	3.375	0.4705882352941165	-3.82854e-12	0
309	Iter0310	5	0	2	1	0	0	4.0	0.3749999999999997	0.0	0
310	Iter0311	5	0	5	5	0	0	6.0	0.10089910089910076	-0.0007734294	0
311	Iter0312	6	1	7	5	0	0	4.285714285714286	0.3330753353973148	-8.640000000000001e-05	0
312	Iter0313	3	1	4	1	0	0	0.75	1.0	-0.000113078992	0
313	Iter0314	2	2	5	0	0	0	0.16666666666666666	0.16666666666666705	-1.944822363e-05	0
314	Iter0315	6	0	6	2	0	0	3.0	0.4725274725274709	-0.00048129490000000004	0
315	Iter0316	6	1	3	4	0	0	8.0	0.2657342657342656	-5.33448e-06	0
316	Iter0317	6	2	4	3	0	0	2.25	0.6083916083916068	-0.0003865947111	0
317	Iter0318	4	1	2	3	0	0	6.0	0.5238095238095237	-0.00039944	0
318	Iter0319	0	0	5	3	0	0	0.6666666666666666	1.0	-0.0008760589123727	0
319	Iter0320	2	2	7	2	0	0	0.2857142857142857	0.53006993006993	-4.00103e-09	0
320	Iter0321	9	2	7	1	0	0	0.6428571428571429	1.0	-0.00019467856700000003	0
321	Iter0322	7	0	1	1	0	0	8.0	0.2222222222222225	-3.5579596e-05	0
322	Iter0323	2	1	5	2	0	0	0.8	1.0	-6.04808e-06	0
323	Iter0324	4	0	4	0	0	0	1.0	1.0	-2.856038e-05	0
324	Iter0325	4	2	5	0	0	0	0.2777777777777778	0.454545454545454	-1.92509e-06	0
325	Iter0326	5	3	6	3	0	0	0.8333333333333334	1.0	-1.48383e-05	0
326	Iter0327	8	1	4	2	0	0	4.0	0.5252747252747227	-0.00038842705000035103	0
327	Iter0328	4	1	4	1	0	0	1.0	1.0	-0.0005441480485	0
328	Iter0329	7	2	5	3	0	0	2.1	0.6199095022624409	-9.3294787e-05	0
329	Iter0330	11	1	5	1	0	0	2.2	1.0	-0.00068017877	0
330	Iter0331	10	2	6	2	0	0	1.6666666666666667	1.0	-0.000455344418	0
331	Iter0332	6	0	6	3	0	0	4.0	0.2285714285714277	-1.13867e-05	0
332	Iter0333	9	2	2	0	0	0	1.1111111111111112	1.0	0.0	0
333	Iter0334	9	1	3	1	0	0	3.0	0.5054945054945035	-0.0008873452000000001	0
334	Iter0335	5	1	11	2	0	0	0.9090909090909092	1.0	-0.00106566648	0
335	Iter0336	9	2	7	1	0	0	0.6428571428571429	1.0	-0.0013621220000000001	0
336	Iter0337	2	1	6	1	0	0	0.3333333333333333	1.0	-4.307722e-05	0
337	Iter0338	4	1	10	4	0	0	1.6	1.0	0.0	0
338	Iter0339	3	2	3	0	0	0	0.3333333333333333	0.4642857142857138	-0.000651827738	0
339	Iter0340	6	2	5	4	0	0	2.4	0.6199095022624448	-9.376633178e-05	0
340	Iter0341	8	2	1	1	0	0	4.0	0.4545454545454548	-0.0006408060310999999	0
341	Iter0342	4	0	5	4	0	0	4.166666666666667	0.22797202797202804	-0.001364206816	0
342	Iter0343	3	0	3	4	0	0	5.0	0.20000000000000007	-2.328170704e-05	0
343	Iter0344	4	2	6	2	0	0	0.6666666666666666	1.0	-0.0006369228238	0
344	Iter0345	10	7	6	3	0	0	0.7142857142857143	1.0	-0.00011926083938010301	0
345	Iter0346	6	0	3	4	0	0	8.75	0.06993006993007007	-0.00063265143191	0
346	Iter0347	0	0	8	2	0	0	0.3333333333333333	1.0	-5.188164744000001e-06	0
347	Iter0348	4	1	9	2	0	0	0.8888888888888888	1.0	-2.296745e-05	0
348	Iter0349	6	2	2	4	0	0	6.0	0.2773892773892775	-0.00014952707	0
349	Iter0350	8	2	11	2	0	0	0.7272727272727273	1.0	-0.000491540657	0
350	Iter0351	3	0	9	4	0	0	2.0	0.5285714285714266	-0.0001874097	0
351	Iter0352	0	0	3	2	0	0	0.75	1.0	-0.00011643374399999998	0
352	Iter0353	10	1	7	3	0	0	4.285714285714286	0.31077694235589204	-2.576139085e-07	0
353	Iter0354	1	1	5	4	0	0	0.8	1.0	-4.49604e-05	0
354	Iter0355	7	0	4	1	0	0	3.2	0.4166666666666672	-0.00034389654724999993	0
355	Iter0356	0	0	4	4	0	0	1.0	1.0	-0.0002805053888	0
356	Iter0357	1	2	5	3	0	0	0.3	0.5454545454545457	-0.000571023600438632	0
357	Iter0358	7	1	4	1	0	0	1.75	1.0	-0.00037438145242	0
358	Iter0359	8	1	7	3	0	0	3.4285714285714284	0.5820433436532524	-8.121039999999998e-14	0
359	Iter0360	4	3	5	5	0	0	1.3333333333333333	1.0	-0.0007915471236	0
360	Iter0361	4	4	5	2	0	0	0.4	0.6083916083916073	0.0	0
361	Iter0362	4	1	4	1	0	0	1.0	1.0	-3.5024600000000003e-05	0
362	Iter0363	1	0	7	5	0	0	1.5	1.0	-7.444495e-05	0
363	Iter0364	4	3	2	4	0	0	2.6666666666666665	0.5920745920745949	-1.10649e-06	0
364	Iter0365	6	2	3	3	0	0	3.0	0.5804195804195795	-0.00040517307964	0
365	Iter0366	5	2	4	4	0	0	2.5	0.6083916083916074	-0.00042632678	0
366	Iter0367	0	0	4	2	0	0	0.6	1.0	-0.0001546788676331	0
367	Iter0368	1	0	5	2	0	0	1.0	1.0	-8.037275404e-05	0
368	Iter0369	11	0	6	1	0	0	3.4285714285714284	0.3888888888888907	-1.41084e-05	0
369	Iter0370	4	2	6	2	0	0	0.6666666666666666	1.0	-0.001009283567	0
370	Iter0371	5	2	4	5	0	0	3.125	0.3575174825174823	-5.4619421675e-05	0
371	Iter0372	4	2	4	3	0	0	1.5	1.0	-0.000734263	0
372	Iter0373	11	1	2	1	0	0	5.5	0.3714285714285677	-0.00025209542399999996	0
373	Iter0374	4	0	8	6	0	0	3.888888888888888	0.2450980392156861	0.0	0
374	Iter0375	9	2	5	4	0	0	3.6	0.3359133126934991	-0.0008008239000000001	0
375	Iter0376	6	0	7	0	0	0	0.875	1.0	-2.121965e-05	0
376	Iter0377	0	1	4	0	0	0	0.1	0.20000000000000007	-3.5386071e-05	0
377	Iter0378	12	2	3	4	0	0	8.0	0.11958204334365385	-4.6864162e-06	0
378	Iter0379	4	0	1	3	0	0	10.0	0.14285714285714268	-1.4904595e-06	0
379	Iter0380	8	2	6	1	0	0	0.6666666666666666	1.0	0.0	0
380	Iter0381	0	0	5	0	0	0	0.16666666666666666	1.0	-1.93939e-05	0
381	Iter0382	5	4	4	6	0	0	1.875	0.65628179869666	-0.00016763260834	0
382	Iter0383	7	2	6	2	0	0	1.1666666666666667	1.0	-0.00012255918478999998	0
383	Iter0384	4	1	8	2	0	0	1.0	1.0	-0.00081752110556	0
384	Iter0385	10	1	8	4	0	0	5.0	0.316770186335401	-0.0008504578899999999	0
385	Iter0386	4	1	7	3	0	0	1.7142857142857142	1.0	-0.0014666587132999998	0
386	Iter0387	7	1	5	2	0	0	2.8	0.5692307692307675	-6.218112287408999e-05	0
387	Iter0388	0	0	4	3	0	0	0.8	1.0	-0.000159037	0
388	Iter0389	5	0	3	2	0	0	4.5	0.4444444444444442	-8.082429999999999e-05	0
389	Iter0390	5	2	6	3	0	0	1.25	1.0	-0.0012805200159604977	0
390	Iter0391	4	0	6	3	0	0	2.8571428571428568	0.4965034965034971	-4.466641e-07	0
391	Iter0392	6	2	6	4	0	0	2.0	0.6380090497737567	-1.9980733e-05	0
392	Iter0393	2	2	5	3	0	0	0.6	1.0	-0.0006894737000120253	0
393	Iter0394	9	4	2	3	0	0	3.375	0.3259803921568637	-3.9320467e-05	0
394	Iter0395	6	1	6	1	0	0	1.0	1.0	0.0	0
395	Iter0396	4	1	0	2	0	0	7.5	0.14285714285714265	-0.00010138564434000001	0
396	Iter0397	20	6	4	3	0	0	2.5000000000000004	0.3582684464219469	-0.00041298259682999997	0
397	Iter0398	6	1	1	2	0	0	12.0	0.18333333333333315	-2.6119854048e-05	0
398	Iter0399	8	1	4	3	0	0	6.0	0.26153846153846033	-0.0004121728964	0
399	Iter0400	0	0	9	1	0	0	0.2	1.0	-0.0006923639999999999	0
400	Iter0401	4	1	6	3	0	0	2.0	1.0	-0.0002340854	0
401	Iter0402	10	5	4	5	0	0	2.5	0.4028469511374351	-2.2554569540000002e-05	0
402	Iter0403	4	2	6	3	0	0	1.0	1.0	0.0	0
403	Iter0404	1	2	7	2	0	0	0.14285714285714285	0.2363636363636364	-1.14364e-06	0
404	Iter0405	3	1	6	2	0	0	1.0	1.0	-0.00035595929	0
405	Iter0406	5	2	9	2	0	0	0.5555555555555556	1.0	-0.0001589902	0
406	Iter0407	6	4	2	1	0	0	0.75	1.0	-7.849000000000001e-17	0
407	Iter0408	4	2	7	1	0	0	0.2857142857142857	0.5384615384615387	0.0	0
408	Iter0409	6	3	4	1	0	0	0.5	1.0	-5.804742399999999e-07	0
409	Iter0410	0	1	4	0	0	0	0.1	0.20000000000000007	-0.00013296	0
410	Iter0411	4	3	6	1	0	0	0.2222222222222222	0.5594405594405601	-0.0005728589550000001	0
411	Iter0412	13	2	3	3	0	0	6.5	0.11455108359133245	-0.00021666490000000002	0
412	Iter0413	7	1	8	3	0	0	2.625	0.6026831785345736	0.0	0
413	Iter0414	6	0	7	7	0	0	7.0	0.051496388028895904	-0.00018771819000000002	0
414	Iter0415	7	0	10	1	0	0	1.4545454545454546	1.0	0.0	0
415	Iter0416	8	2	5	3	0	0	2.4	0.6078431372549022	-0.00039170278299999997	0
416	Iter0417	6	2	7	1	0	0	0.42857142857142855	1.0	-0.00031584960000000003	0
417	Iter0418	6	0	4	0	0	0	1.4	1.0	-0.000621396	0
418	Iter0419	0	0	3	2	0	0	0.75	1.0	-2.8080753999999998e-05	0
419	Iter0420	0	0	9	6	0	0	0.7	1.0	-6.6282253e-06	0
420	Iter0421	10	2	8	5	0	0	3.125	0.3782608695652168	-0.00044700550000000006	0
421	Iter0422	8	4	1	3	0	0	6.0	0.2615384615384607	-6.35316559868e-05	0
422	Iter0423	1	1	3	0	0	0	0.25	0.4000000000000002	-0.0001428353677	0
423	Iter0424	2	0	5	4	0	0	2.5	0.4909090909090901	-0.00021842206128	0
424	Iter0425	11	0	5	1	0	0	4.0	0.3529411764705884	-3.535079009e-05	0
425	Iter0426	7	1	6	4	0	0	4.666666666666667	0.3137254901960787	-8.5449e-07	0
426	Iter0427	5	2	6	2	0	0	0.8333333333333334	1.0	-0.00027946538471	0
427	Iter0428	8	2	3	8	0	0	10.666666666666666	0.02997312285237985	0.0	0
428	Iter0429	14	2	6	2	0	0	2.333333333333333	0.5783926218708878	-0.00014794602526200002	0
429	Iter0430	5	4	8	4	0	0	0.625	0.6730650154798735	-1.5184782000000001e-05	0
430	Iter0431	0	0	5	2	0	0	0.5	1.0	0.0	0
431	Iter0432	6	0	7	0	0	0	0.875	1.0	-0.00090052268297369	0
432	Iter0433	10	1	9	3	0	0	3.333333333333333	0.5900621118012409	-0.000170551529	0
433	Iter0434	8	1	2	2	0	0	8.0	0.2027972027972029	-7.526560000000002e-07	0
434	Iter0435	3	0	0	2	0	0	12.0	0.10000000000000002	-0.001003679578	0
435	Iter0436	4	2	3	5	0	0	3.333333333333333	0.592074592074592	0.0	0
436	Iter0437	7	3	8	2	0	0	0.5833333333333334	1.0	-7.988266000000001e-05	0
437	Iter0438	9	1	11	4	0	0	3.272727272727273	0.6146245059288566	0.0	0
438	Iter0439	6	1	3	4	0	0	8.0	0.2657342657342656	-0.0003840167	0
439	Iter0440	8	1	6	4	0	0	5.333333333333333	0.30340557275541835	-1.75817e-05	0
440	Iter0441	9	2	6	3	0	0	2.25	0.616873065015481	-0.00054971565146	0
441	Iter0442	6	1	6	1	0	0	1.0	1.0	-0.00036756727515204	0
442	Iter0443	4	0	5	2	0	0	2.5	0.4909090909090901	0.0	0
443	Iter0444	7	2	5	3	0	0	2.1	0.6199095022624409	-1.89945e-05	0
444	Iter0445	4	1	3	4	0	0	5.333333333333333	0.2929292929292933	-0.000116885143	0
445	Iter0446	1	1	7	2	0	0	0.2857142857142857	0.4909090909090902	-0.00013133007434420002	0
446	Iter0447	5	0	3	1	0	0	3.0	0.444444444444445	-2.411855175e-05	0
447	Iter0448	7	1	4	2	0	0	3.5	0.538461538461539	-9.46688e-05	0
448	Iter0449	9	2	3	5	0	0	7.5	0.07394617766134816	-0.0013830796362999998	0
449	Iter0450	7	3	7	4	0	0	1.3333333333333337	1.0	-0.000133068263	0
450	Iter0451	9	2	8	4	0	0	2.25	0.6404053612291566	-1.4449230000000001e-06	0
451	Iter0452	5	2	5	2	0	0	1.0	1.0	-1.2044577699999998e-05	0
452	Iter0453	8	1	5	1	0	0	1.6	1.0	-0.0008157102979999999	0
453	Iter0454	0	0	6	1	0	0	0.2857142857142857	1.0	-1.1597929e-05	0
454	Iter0455	3	2	4	1	0	0	0.375	1.0	0.0	0
455	Iter0456	6	2	5	0	0	0	0.3888888888888889	0.4871794871794886	-5.30789e-05	0
456	Iter0457	4	0	9	2	0	0	1.5	1.0	-0.000405277668140396	0
457	Iter0458	2	1	6	2	0	0	0.6666666666666666	1.0	-0.00010205160000000002	0
458	Iter0459	0	0	6	3	0	0	0.5714285714285714	1.0	-1.45738e-05	0
459	Iter0460	7	3	3	3	0	0	2.333333333333333	0.6066433566433559	-6.626287972700001e-05	0
460	Iter0461	8	1	3	2	0	0	5.333333333333333	0.5054945054945037	0.0	0
461	Iter0462	8	1	9	1	0	0	0.8888888888888888	1.0	-0.000263097	0
462	Iter0463	7	1	5	0	0	0	0.6666666666666666	1.0	-5.9176597484e-07	0
463	Iter0464	4	0	6	5	0	0	4.285714285714286	0.23076923076923045	-2.5338e-12	0
464	Iter0465	7	1	6	4	0	0	4.666666666666667	0.3137254901960787	-2.39216e-05	0
465	Iter0466	5	0	2	3	0	0	8.0	0.16666666666666646	0.0	0
466	Iter0467	0	0	8	0	0	0	0.1111111111111111	1.0	-5.76833e-07	0
467	Iter0468	12	1	3	2	0	0	8.0	0.1715686274509804	-0.000686247450529	0
468	Iter0469	3	0	9	1	0	0	0.8	1.0	-1.46033e-05	0
469	Iter0470	10	1	5	4	0	0	8.0	0.12732198142414894	-0.00014023	0
470	Iter0471	9	2	5	3	0	0	2.7	0.6026831785345741	-1.89345e-06	0
471	Iter0472	0	0	6	1	0	0	0.2857142857142857	1.0	-8.981043490000001e-05	0
472	Iter0473	8	1	9	5	0	0	4.4444444444444455	0.3401289785729137	-0.00037858904000000003	0
473	Iter0474	6	0	5	5	0	0	7.0	0.09340659340659324	-8.003090014608498e-06	0
474	Iter0475	0	0	7	1	0	0	0.25	1.0	-1.4905810000000001e-05	0
475	Iter0476	3	1	4	6	0	0	4.5	0.5594405594405611	-0.000648398672063	0
476	Iter0477	8	1	4	0	0	0	0.9	1.0	-1.36514e-05	0
477	Iter0478	4	1	8	2	0	0	1.0	1.0	-4.8549696e-05	0
478	Iter0479	9	1	2	1	0	0	4.5	0.42307692307692296	-4.58019326868e-05	0
479	Iter0480	3	3	5	3	0	0	0.6	1.0	-1.80008e-05	0
480	Iter0481	9	2	1	4	0	0	18.0	0.03571428571428572	-8.66811e-05	0
481	Iter0482	0	0	5	4	0	0	0.8333333333333334	1.0	-1.26087487e-05	0
482	Iter0483	9	3	6	3	0	0	1.5	1.0	-0.0009849852363799998	0
483	Iter0484	1	1	4	4	0	0	1.0	1.0	0.0	0
484	Iter0485	9	4	7	1	0	0	0.32142857142857145	0.6064671482628156	-3.474e-06	0
485	Iter0486	4	1	2	1	0	0	2.0	1.0	-0.000186665185232	0
486	Iter0487	8	3	5	3	0	0	1.6	1.0	-5.5908676380000003e-05	0
487	Iter0488	12	3	6	2	0	0	1.3333333333333333	1.0	-0.000337679	0
488	Iter0489	10	3	3	3	0	0	3.333333333333333	0.3201017249004855	0.0	0
489	Iter0490	1	0	5	0	0	0	0.3333333333333333	1.0	-0.00036996061305979994	0
490	Iter0491	7	2	1	5	0	0	17.5	0.04055944055944045	-8.6313373e-05	0
491	Iter0492	7	2	8	3	0	0	1.3125	1.0	-0.000239238758	0
492	Iter0493	3	3	8	5	0	0	0.625	1.0	-0.00016167394999999998	0
493	Iter0494	4	4	6	2	0	0	0.3333333333333333	0.6083916083916072	-0.00039743110158042	0
494	Iter0495	8	2	4	5	0	0	5.0	0.16980233388902097	-0.00022327650000000002	0
495	Iter0496	12	1	7	2	0	0	3.4285714285714284	0.5441558441558411	-4.868469e-06	0
496	Iter0497	7	0	3	2	0	0	6.0	0.15151515151515174	-0.0002174327707366	0
497	Iter0498	8	1	1	5	0	0	40.0	0.010989010989010922	-0.00102085962	0
498	Iter0499	4	0	8	4	0	0	2.7777777777777777	0.5164835164835125	0.0	0
499	Iter0500	7	1	2	2	0	0	7.0	0.2363636363636368	-7.67373e-05	0
500	Iter0501	2	2	7	3	0	0	0.42857142857142855	0.5804195804195794	-1.5226300000000004e-05	0
501	Iter0502	5	1	4	3	0	0	3.75	0.5594405594405606	-7.51205e-08	0
502	Iter0503	3	0	2	4	0	0	6.666666666666668	0.16666666666666674	-0.0016498672899999999	0
503	Iter0504	0	0	6	2	0	0	0.42857142857142855	1.0	-1.53995e-05	0
504	Iter0505	11	1	7	3	0	0	4.714285714285714	0.29323308270676657	-5.25041e-06	0
505	Iter0506	8	1	2	2	0	0	8.0	0.2027972027972029	-0.00023170790000000003	0
506	Iter0507	6	2	3	4	0	0	4.0	0.3146853146853137	-5.53516e-09	0
507	Iter0508	17	0	6	0	0	0	2.571428571428572	1.0	-9.291584822173e-05	0
508	Iter0509	7	2	3	2	0	0	2.333333333333333	0.5804195804195791	-5.2883640484e-07	0
509	Iter0510	4	0	3	4	0	0	6.25	0.193939393939394	-0.00025703462410000004	0
510	Iter0511	8	1	3	5	0	0	13.333333333333336	0.049773755656108594	-0.000388371929	0
511	Iter0512	4	2	5	3	0	0	1.2	1.0	-0.0010335780563599998	0
512	Iter0513	7	1	5	2	0	0	2.8	0.5692307692307675	-8.18663e-05	0
513	Iter0514	3	3	8	6	0	0	0.75	1.0	0.0	0
514	Iter0515	5	1	4	1	0	0	1.25	1.0	-0.00019070746799999998	0
515	Iter0516	0	0	4	5	0	0	1.2	1.0	0.0	0
516	Iter0517	11	0	4	2	0	0	7.199999999999998	0.11029411764705874	-0.0006189631647899999	0
517	Iter0518	5	2	4	1	0	0	0.625	1.0	-0.00020431737377	0
518	Iter0519	13	1	6	3	0	0	6.5	0.2600790513833997	0.0	0
519	Iter0520	11	5	6	4	0	0	1.4666666666666668	0.6924485125858179	-6.012498e-05	0
520	Iter0521	7	1	6	7	0	0	8.166666666666668	0.08503611971104214	0.0	0
521	Iter0522	4	2	3	2	0	0	1.3333333333333333	1.0	-0.0001657142	0
522	Iter0523	6	0	3	2	0	0	5.25	0.1818181818181815	0.0	0
523	Iter0524	4	1	6	3	0	0	2.0	1.0	0.0	0
524	Iter0525	6	4	6	1	0	0	0.25	0.3382352941176455	-3.1484813000000004e-07	0
525	Iter0526	9	3	11	3	0	0	0.8181818181818182	1.0	-1.4684901000000002e-05	0
526	Iter0527	6	1	4	2	0	0	3.0	0.5594405594405601	-2.696195744659e-05	0
527	Iter0528	0	0	4	4	0	0	1.0	1.0	-0.0003715285333	0
528	Iter0529	5	1	4	3	0	0	3.75	0.5594405594405606	-0.0002829487600052919	0
529	Iter0530	10	1	7	3	0	0	4.285714285714286	0.31077694235589204	-0.0002701339	0
530	Iter0531	4	0	4	3	0	0	4.0	0.2363636363636365	-0.000130153	0
531	Iter0532	5	0	3	1	0	0	3.0	0.444444444444445	-2.18005e-06	0
532	Iter0533	6	2	1	2	0	0	6.0	0.4909090909090907	0.0	0
533	Iter0534	7	0	3	1	0	0	4.0	0.3636363636363637	-6.851129599999999e-05	0
534	Iter0535	6	1	1	0	0	0	1.75	1.0	-0.000613032208	0
535	Iter0536	7	1	5	5	0	0	7.0	0.15158371040724022	-2.3174400000000003e-06	0
536	Iter0537	0	0	2	4	0	0	1.6666666666666667	1.0	0.0	0
537	Iter0538	3	1	8	2	0	0	0.75	1.0	-8.193149999999999e-05	0
538	Iter0539	9	2	9	4	0	0	2.0	0.6493952271984303	-0.00026548	0
539	Iter0540	10	1	7	3	0	0	4.285714285714286	0.31077694235589204	-0.000682658985	0
540	Iter0541	5	2	2	1	0	0	1.25	1.0	-7.78065e-05	0
541	Iter0542	0	0	9	2	0	0	0.3	1.0	-2.3860798886460005e-05	0
542	Iter0543	9	2	9	4	0	0	2.0	0.6493952271984303	0.0	0
543	Iter0544	6	2	3	0	0	0	0.5833333333333334	1.0	-0.00025158950888284	0
544	Iter0545	10	6	5	1	0	0	0.33333333333333337	0.6158176189135962	-0.00030748171999999996	0
545	Iter0546	7	3	3	1	0	0	0.7777777777777778	1.0	0.0	0
546	Iter0547	8	1	2	3	0	0	12.0	0.09490509490509444	-4.017308914000001e-06	0
547	Iter0548	2	1	5	1	0	0	0.4	1.0	-7.41469e-06	0
548	Iter0549	13	2	2	3	0	0	9.75	0.07262641898864867	-5.94484e-05	0
549	Iter0550	8	1	6	4	0	0	5.333333333333333	0.30340557275541835	-7.63022e-07	0
550	Iter0551	5	1	8	4	0	0	2.5	0.6148459383753487	-0.000681153	0
551	Iter0552	2	1	3	2	0	0	1.3333333333333333	1.0	-3.54618e-05	0
552	Iter0553	7	2	3	1	0	0	1.1666666666666667	1.0	-0.0007248466553799999	0
553	Iter0554	10	2	7	4	0	0	2.8571428571428568	0.370709382151028	-0.00045938870650186	0
554	Iter0555	6	1	5	0	0	0	0.5833333333333334	1.0	-7.52182e-05	0
555	Iter0556	7	2	5	5	0	0	3.5	0.34984520123838914	-1.38483015e-05	0
556	Iter0557	7	2	4	0	0	0	0.5333333333333333	1.0	-0.00032332450026000003	0
557	Iter0558	1	2	2	0	0	0	0.2222222222222222	0.4000000000000001	-2.04701e-08	0
558	Iter0559	8	2	4	1	0	0	1.0	1.0	-6.61670781e-05	0
559	Iter0560	4	2	10	2	0	0	0.4	0.5686274509803939	-7.61629e-05	0
560	Iter0561	8	1	2	3	0	0	12.0	0.09490509490509444	-0.000172012784	0
561	Iter0562	1	1	4	2	0	0	0.5	1.0	-1.5827899999999998e-05	0
562	Iter0563	8	4	4	2	0	0	1.0	1.0	-4.138400000000001e-06	0
563	Iter0564	8	1	3	2	0	0	5.333333333333333	0.5054945054945037	-0.00036329374799999993	0
564	Iter0565	6	2	6	2	0	0	1.0	1.0	-1.9068013999999999e-06	0
565	Iter0566	5	3	6	3	0	0	0.8333333333333334	1.0	-6.382197900000002e-05	0
566	Iter0567	4	2	1	6	0	0	12.0	0.1025641025641027	-0.00027880550000000003	0
567	Iter0568	5	1	8	4	0	0	2.5	0.6148459383753487	-0.0009110988	0
568	Iter0569	8	2	4	4	0	0	4.0	0.32126696832579216	-1.161946029e-06	0
569	Iter0570	7	3	9	3	0	0	0.7777777777777778	1.0	-1.2517260106499001e-05	0
570	Iter0571	9	1	5	0	0	0	0.8333333333333334	1.0	-3.0480384999999997e-07	0
571	Iter0572	10	0	7	3	0	0	5.5	0.21052631578947376	-0.000403214628	0
572	Iter0573	7	0	7	3	0	0	4.0	0.2279411764705878	-1.5059194e-05	0
573	Iter0574	10	1	6	5	0	0	8.333333333333334	0.14860681114551125	-0.0002709361791	0
574	Iter0575	10	3	6	2	0	0	1.1111111111111112	1.0	-1.80871e-05	0
575	Iter0576	3	1	5	1	0	0	0.6	1.0	-0.00035409245	0
576	Iter0577	5	3	2	4	0	0	3.333333333333333	0.5920745920745929	-6.815750000000001e-10	0
577	Iter0578	4	1	4	2	0	0	2.0	1.0	-7.8583884154e-05	0
578	Iter0579	4	1	7	3	0	0	1.7142857142857142	1.0	-1.0961160000000002e-05	0
579	Iter0580	13	2	2	2	0	0	6.5	0.1782765737874103	-2.96256e-12	0
580	Iter0581	9	2	4	3	0	0	3.375	0.32598039215686275	-0.00031304681468962	0
581	Iter0582	5	1	5	4	0	0	4.0	0.5804195804195798	-0.00156348	0
582	Iter0583	2	1	7	4	0	0	1.1428571428571428	1.0	-1.1748164500000001e-06	0
583	Iter0584	12	0	8	3	0	0	5.777777777777778	0.0931677018633539	-8.03053e-09	0
584	Iter0585	7	1	6	3	0	0	3.5	0.5764705882352927	-2.208308456e-06	0
585	Iter0586	2	1	5	3	0	0	1.2	1.0	-0.00025236146606691	0
586	Iter0587	0	0	3	1	0	0	0.5	1.0	-2.58928443e-06	0
587	Iter0588	4	0	8	1	0	0	1.1111111111111112	1.0	-0.000114975	0
588	Iter0589	9	0	4	5	0	0	12.0	0.029411764705882262	-3.3610370448196e-06	0
589	Iter0590	5	1	5	4	0	0	4.0	0.5804195804195798	-4.8415200000000005e-09	0
590	Iter0591	3	0	7	2	0	0	1.5	1.0	-5.587809999999998e-06	0
591	Iter0592	8	2	6	1	0	0	0.6666666666666666	1.0	-0.0009537738	0
592	Iter0593	5	0	4	1	0	0	2.4	1.0	-8.513247999999999e-05	0
593	Iter0594	12	3	4	0	0	0	0.65	1.0	-0.0001979335	0
594	Iter0595	2	1	3	1	0	0	0.6666666666666666	1.0	-4.44915e-06	0
595	Iter0596	7	0	4	1	0	0	3.2	0.4166666666666672	-7.52193e-12	0
596	Iter0597	5	0	4	1	0	0	2.4	1.0	-3.0398133010000003e-05	0
597	Iter0598	2	1	4	3	0	0	1.5	1.0	-0.00060886961149	0
598	Iter0599	9	0	6	5	0	0	8.571428571428571	0.03792569659442738	-9.54161117254e-07	0
599	Iter0600	6	1	6	5	0	0	5.0	0.3156108597285074	-0.0004413494675	0
600	Iter0601	3	1	10	4	0	0	1.2	1.0	0.0	0
601	Iter0602	5	0	7	3	0	0	3.0	0.5054945054945037	-1.5160167199999998e-06	0
602	Iter0603	0	2	1	2	0	0	0.5	1.0	-1.98618e-06	0
603	Iter0604	12	1	7	3	0	0	5.1428571428571415	0.28063241106719344	-0.000703578128	0
604	Iter0605	8	3	7	2	0	0	0.7619047619047619	1.0	-1.6487386e-06	0
605	Iter0606	4	0	4	2	0	0	3.0	0.4666666666666668	-0.000128176264	0
606	Iter0607	10	1	6	3	0	0	5.0	0.28482972136223017	0.0	0
607	Iter0608	5	0	4	3	0	0	4.8	0.20454545454545486	-1.4142e-09	0
608	Iter0609	9	0	3	3	0	0	10.0	0.043956043956043744	-4.80846e-10	0
609	Iter0610	5	0	3	3	0	0	6.0	0.18181818181818185	-0.00142340288	0
610	Iter0611	6	0	7	0	0	0	0.875	1.0	-0.0001568657931929	0
611	Iter0612	14	2	3	4	0	0	9.333333333333334	0.04500381388253243	-0.00090644485608	0
612	Iter0613	3	0	4	6	0	0	5.6	0.19230769230769307	-0.00108953548	0
613	Iter0614	0	1	8	2	0	0	0.16666666666666666	0.2727272727272725	-8.558430000000001e-06	0
614	Iter0615	7	4	3	1	0	0	0.5833333333333334	1.0	0.0	0
615	Iter0616	5	1	3	2	0	0	3.333333333333333	0.5454545454545453	-8.543232e-05	0
616	Iter0617	5	2	7	7	0	0	2.5	0.6424148606811169	0.0	0
617	Iter0618	7	0	5	2	0	0	4.0	0.461538461538459	-0.00047867515	0
618	Iter0619	6	1	1	2	0	0	12.0	0.18333333333333315	-0.000443247732	0
619	Iter0620	6	3	3	1	0	0	0.6666666666666666	1.0	-6.80653e-05	0
620	Iter0621	4	0	3	3	0	0	5.0	0.20000000000000007	-0.000249345	0
621	Iter0622	3	1	4	2	0	0	1.5	1.0	-1.3956879e-06	0
622	Iter0623	3	1	6	1	0	0	0.5	1.0	0.0	0
623	Iter0624	6	1	5	5	0	0	6.0	0.30429864253393674	-3.2588172277000005e-05	0
624	Iter0625	5	3	5	0	0	0	0.25	0.2307692307692313	-0.0003073804	0
625	Iter0626	2	1	2	2	0	0	2.0	1.0	-0.0020227398	0
626	Iter0627	5	1	5	1	0	0	1.0	1.0	-0.000305413	0
627	Iter0628	10	2	4	2	0	0	2.5	0.5686274509803942	-0.00028276501300000004	0
628	Iter0629	6	1	4	2	0	0	3.0	0.5594405594405601	-0.0002491083248	0
629	Iter0630	5	1	4	2	0	0	2.5	1.0	-4.920319894000001e-05	0
630	Iter0631	5	3	3	1	0	0	0.5555555555555556	1.0	-0.000142521296	0
631	Iter0632	13	2	4	0	0	0	0.9333333333333332	1.0	-0.0009811499562799998	0
632	Iter0633	5	0	6	4	0	0	4.285714285714286	0.23076923076923034	-4.92578e-07	0
633	Iter0634	7	1	7	3	0	0	3.0	0.5882352941176499	-0.00014455299999999998	0
634	Iter0635	9	0	7	4	0	0	6.25	0.09411764705882386	-0.00027665770893979595	0
635	Iter0636	0	1	10	4	0	0	0.2272727272727273	0.3333333333333323	-2.22249e-07	0
636	Iter0637	4	0	11	5	0	0	2.5	0.530443756449952	-8.76684e-09	0
637	Iter0638	2	1	7	0	0	0	0.1875	0.2999999999999995	-0.0004152754612	0
638	Iter0639	0	0	6	2	0	0	0.42857142857142855	1.0	-2.92876e-07	0
639	Iter0640	3	0	5	3	0	0	2.6666666666666665	0.4909090909090907	-4.08368e-07	0
640	Iter0641	2	0	9	2	0	0	0.8999999999999999	1.0	0.0	0
641	Iter0642	4	1	4	1	0	0	1.0	1.0	-3.80626e-08	0
642	Iter0643	9	2	4	1	0	0	1.125	1.0	-2.5801720602e-05	0
643	Iter0644	6	1	4	2	0	0	3.0	0.5594405594405601	-7.9518091734e-05	0
644	Iter0645	7	3	9	4	0	0	1.0370370370370372	1.0	-1.34446e-07	0
645	Iter0646	5	1	5	1	0	0	1.0	1.0	-0.000115802	0
646	Iter0647	5	2	1	7	0	0	17.5	0.04055944055944052	-0.0007264577	0
647	Iter0648	6	2	7	1	0	0	0.42857142857142855	1.0	-4.644053e-05	0
648	Iter0649	5	1	7	0	0	0	0.375	0.4615384615384615	-0.0001074279	0
649	Iter0650	4	1	10	1	0	0	0.4	1.0	0.0	0
650	Iter0651	6	1	6	0	0	0	0.5	1.0	-2.01257e-07	0
651	Iter0652	12	3	6	3	0	0	2.0	0.6349074266694421	-1.34357e-05	0
652	Iter0653	6	0	3	4	0	0	8.75	0.06993006993007007	-1.6319299999999994e-07	0
653	Iter0654	5	1	7	3	0	0	2.142857142857143	1.0	-6.5855457e-05	0
654	Iter0655	3	1	4	3	0	0	2.25	1.0	-0.000678474	0
655	Iter0656	10	3	7	1	0	0	0.4761904761904762	1.0	-1.1155699999999999e-05	0
656	Iter0657	3	0	6	6	0	0	4.0	0.22857142857142754	-0.00048025400000000005	0
657	Iter0658	4	2	2	3	0	0	3.0	0.5670995670995665	-2.58735e-05	0
658	Iter0659	11	5	0	5	0	0	12.0	0.012383900928792562	-9.67857e-05	0
659	Iter0660	9	2	7	5	0	0	3.2142857142857144	0.37070938215102905	-1.86046e-06	0
660	Iter0661	3	2	4	4	0	0	1.5	1.0	-0.001024841871	0
661	Iter0662	5	2	2	4	0	0	5.0	0.2861305361305377	-0.000707986725	0
662	Iter0663	4	2	6	3	0	0	1.0	1.0	-6.86241e-07	0
663	Iter0664	4	1	3	1	0	0	1.3333333333333333	1.0	0.0	0
664	Iter0665	1	0	3	3	0	0	2.0	1.0	-1.7234300000000002e-05	0
665	Iter0666	5	1	5	0	0	0	0.5	1.0	-0.00012975627880436	0
666	Iter0667	7	1	1	3	0	0	21.0	0.0666666666666667	-9.5826439631e-05	0
667	Iter0668	4	1	5	2	0	0	1.6	1.0	-0.0008247464346099999	0
668	Iter0669	3	1	6	3	0	0	1.5	1.0	-0.0017160160000000001	0
669	Iter0670	10	1	4	3	0	0	7.5	0.24509803921568685	-0.000111747	0
670	Iter0671	10	0	6	4	0	0	7.857142857142858	0.08668730650154856	-0.00160767374	0
671	Iter0672	4	0	4	2	0	0	3.0	0.4666666666666668	-1.2780489e-05	0
672	Iter0673	6	2	4	4	0	0	3.0	0.6083916083916072	-0.000572682	0
673	Iter0674	5	3	6	0	0	0	0.21428571428571427	0.20879120879120897	0.0	0
674	Iter0675	10	4	9	5	0	0	1.3888888888888888	1.0	-5.6578529836500004e-05	0
675	Iter0676	6	0	8	1	0	0	1.5555555555555556	1.0	-3.39102e-07	0
676	Iter0677	3	1	5	2	0	0	1.2	1.0	-0.001239895	0
677	Iter0678	8	2	6	3	0	0	2.0	0.6284829721362238	-1.730733848e-05	0
678	Iter0679	6	2	4	2	0	0	1.5	1.0	-0.0004538009	0
679	Iter0680	6	2	6	2	0	0	1.0	1.0	-2.41328e-07	0
680	Iter0681	4	4	4	2	0	0	0.5	0.6270396270396279	-3.59531e-08	0
681	Iter0682	6	2	6	7	0	0	3.5	0.3665634674922599	-0.000132764	0
682	Iter0683	2	2	5	4	0	0	0.8	1.0	-0.0005622081	0
683	Iter0684	5	2	3	0	0	0	0.5	1.0	-0.00031811904110000004	0
684	Iter0685	3	0	5	3	0	0	2.6666666666666665	0.4909090909090907	-4.30483e-08	0
685	Iter0686	8	2	11	0	0	0	0.25	0.2142857142857145	-7.776317999999999e-07	0
686	Iter0687	3	2	2	3	0	0	2.25	1.0	-0.0031679721701000003	0
687	Iter0688	2	1	8	4	0	0	1.0	1.0	0.0	0
688	Iter0689	8	1	4	1	0	0	2.0	1.0	-0.000108594602	0
689	Iter0690	5	2	4	2	0	0	1.25	1.0	-0.000216814850736473	0
690	Iter0691	7	0	5	2	0	0	4.0	0.461538461538459	-0.0010016080208045	0
691	Iter0692	0	0	8	3	0	0	0.4444444444444444	1.0	-3.3314758500000005e-05	0
692	Iter0693	5	1	3	3	0	0	5.0	0.5454545454545476	-0.0005341218045510001	0
693	Iter0694	3	2	4	3	0	0	1.125	1.0	-4.45516e-09	0
694	Iter0695	4	0	4	3	0	0	4.0	0.2363636363636365	-0.0002380331	0
695	Iter0696	5	0	1	2	0	0	9.0	0.10714285714285704	-4.276361550000001e-06	0
696	Iter0697	3	3	5	4	0	0	0.8	1.0	0.0	0
697	Iter0698	12	2	2	2	0	0	6.0	0.19705882352941306	-0.0002348272952	0
698	Iter0699	8	2	2	0	0	0	1.0	1.0	-2.235592308e-05	0
699	Iter0700	4	0	6	1	0	0	1.4285714285714286	1.0	-7.111475e-05	0
700	Iter0701	7	1	4	1	0	0	1.75	1.0	-1.531492716e-05	0
701	Iter0702	0	0	3	5	0	0	1.5	1.0	-1.97103e-05	0
702	Iter0703	2	1	5	2	0	0	0.8	1.0	-0.00021270063	0
703	Iter0704	7	2	7	1	0	0	0.5	1.0	-2.4201706e-06	0
704	Iter0705	4	5	1	2	0	0	1.6	1.0	-0.0003147276580000186	0
705	Iter0706	0	0	3	2	0	0	0.75	1.0	-0.00021985333446	0
706	Iter0707	10	2	8	6	0	0	3.75	0.2163844393592677	-1.4551189999999998e-05	0
707	Iter0708	5	0	1	1	0	0	6.0	0.2857142857142857	-0.000129060000528564	0
708	Iter0709	11	2	3	1	0	0	1.8333333333333333	1.0	-0.0007890429654400001	0
709	Iter0710	5	1	3	2	0	0	3.333333333333333	0.5454545454545453	-4.11543e-07	0
710	Iter0711	5	0	4	5	0	0	7.199999999999998	0.08591408591408553	-1.31937e-07	0
711	Iter0712	9	1	8	3	0	0	3.375	0.5864661654135377	-4.106833000000001e-06	0
712	Iter0713	0	0	3	2	0	0	0.75	1.0	-0.0005836206545979999	0
713	Iter0714	4	2	7	4	0	0	1.1428571428571428	1.0	-0.00043800215406	0
714	Iter0715	3	0	10	3	0	0	1.4545454545454546	1.0	-2.0631837e-05	0
715	Iter0716	6	0	2	7	0	0	18.666666666666668	0.006993006993006977	-0.0007769178747999999	0
716	Iter0717	1	2	7	3	0	0	0.21428571428571427	0.5104895104895115	-2.8444200000000004e-09	0
717	Iter0718	6	1	4	1	0	0	1.5	1.0	-4.8038142000000005e-05	0
718	Iter0719	8	5	5	5	0	0	1.6	0.6850181720285324	-1.20271e-05	0
719	Iter0720	4	1	7	0	0	0	0.3125	0.4166666666666672	-8.844775295999999e-05	0
720	Iter0721	9	1	5	2	0	0	3.6	0.5367647058823528	0.0	0
721	Iter0722	4	1	6	3	0	0	2.0	1.0	0.0	0
722	Iter0723	3	0	6	0	0	0	0.5714285714285714	1.0	-0.0009755401760000001	0
723	Iter0724	7	1	9	2	0	0	1.5555555555555556	1.0	-0.00030958900000000003	0
724	Iter0725	0	0	3	2	0	0	0.75	1.0	-0.0006418953857764002	0
725	Iter0726	7	2	3	4	0	0	4.666666666666667	0.30244755244755106	-0.00024425200000000003	0
726	Iter0727	0	0	6	4	0	0	0.7142857142857143	1.0	0.0	0
727	Iter0728	3	1	6	2	0	0	1.0	1.0	-0.00043375763	0
728	Iter0729	0	0	8	1	0	0	0.2222222222222222	1.0	-1.86914e-05	0
729	Iter0730	9	0	7	2	0	0	3.75	0.4705882352941198	0.0	0
730	Iter0731	0	0	1	3	0	0	2.0	1.0	-9.1326e-07	0
731	Iter0732	4	1	6	1	0	0	0.6666666666666666	1.0	-6.326979e-11	0
732	Iter0733	6	2	9	5	0	0	1.6666666666666663	1.0	-0.000189977	0
733	Iter0734	3	1	2	2	0	0	3.0	1.0	-6.91968e-05	0
734	Iter0735	7	2	4	3	0	0	2.625	0.5961538461538439	-3.25014e-16	0
735	Iter0736	5	1	5	3	0	0	3.0	0.5804195804195811	-3.648808e-05	0
736	Iter0737	4	0	6	3	0	0	2.8571428571428568	0.4965034965034971	-0.000537906190726944	0
737	Iter0738	8	0	3	1	0	0	4.5	0.3333333333333341	-0.00055319239	0
738	Iter0739	5	1	6	4	0	0	3.333333333333333	0.5879120879120866	-0.0001187890689	0
739	Iter0740	3	1	6	0	0	0	0.2857142857142857	0.3999999999999996	-3.62472e-05	0
740	Iter0741	3	3	6	2	0	0	0.3333333333333333	0.5804195804195795	-1.583512e-06	0
741	Iter0742	7	0	7	1	0	0	2.0	1.0	-0.00043670172	0
742	Iter0743	5	1	8	2	0	0	1.25	1.0	-6.260540000000002e-05	0
743	Iter0744	4	3	5	3	0	0	0.7999999999999999	1.0	-2.5003396999999997e-05	0
744	Iter0745	4	2	6	6	0	0	2.0	0.6380090497737558	-4.919459208e-06	0
745	Iter0746	9	0	8	3	0	0	4.4444444444444455	0.2184210526315793	-0.00011552249999999999	0
746	Iter0747	7	2	3	1	0	0	1.1666666666666667	1.0	-0.00047111310000000003	0
747	Iter0748	8	1	7	0	0	0	0.5625	1.0	-1.758982883e-05	0
748	Iter0749	9	2	3	2	0	0	3.0	0.5467032967032961	-8.88053338051602e-05	0
749	Iter0750	12	1	9	2	0	0	2.6666666666666665	0.5760869565217399	-6.167869000000001e-05	0
750	Iter0751	7	3	10	3	0	0	0.7000000000000001	1.0	-7.85348e-06	0
751	Iter0752	2	0	3	4	0	0	3.75	0.444444444444445	-1.82156e-11	0
752	Iter0753	6	0	2	3	0	0	9.333333333333334	0.060606060606060524	-0.000310657146	0
753	Iter0754	8	3	4	1	0	0	0.6666666666666666	1.0	-0.000103266544881	0
754	Iter0755	4	2	0	5	0	0	10.000000000000002	0.06060606060606059	-0.00022424136	0
755	Iter0756	8	1	5	2	0	0	3.2	0.5499999999999967	-9.123015685991899e-06	0
756	Iter0757	6	2	5	1	0	0	0.6	1.0	0.0	0
757	Iter0758	9	4	7	3	0	0	0.9642857142857142	1.0	-4.93644e-05	0
758	Iter0759	5	0	5	4	0	0	5.0	0.22077922077922	-0.000983296576	0
759	Iter0760	9	0	5	0	0	0	1.6666666666666667	1.0	-1.6346790000159147e-05	0
760	Iter0761	5	0	10	6	0	0	3.8181818181818175	0.2621259029927769	-0.0001918636435	0
761	Iter0762	11	3	4	2	0	0	1.8333333333333333	0.6126160990712118	-4.833909999999999e-10	0
762	Iter0763	10	2	6	2	0	0	1.6666666666666667	1.0	-4.0576e-06	0
763	Iter0764	8	1	5	1	0	0	1.6	1.0	-0.0007958639	0
764	Iter0765	5	0	5	4	0	0	5.0	0.22077922077922	0.0	0
765	Iter0766	14	0	7	6	0	0	13.125	0.005797101449275371	-0.00012589730999999999	0
766	Iter0767	1	0	1	0	0	0	1.0	1.0	-3.864438720000001e-05	0
767	Iter0768	3	0	2	2	0	0	4.0	0.42857142857142816	0.0	0
768	Iter0769	7	0	4	1	0	0	3.2	0.4166666666666672	-0.0001696335000003726	0
769	Iter0770	5	0	12	3	0	0	1.8461538461538465	0.5394736842105294	-0.000182632	0
770	Iter0771	10	0	3	1	0	0	5.5	0.2857142857142847	-1.509767e-05	0
771	Iter0772	9	0	4	3	0	0	8.0	0.062499999999999764	-6.012540000076196e-05	0
772	Iter0773	6	3	1	5	0	0	10.0	0.1188811188811186	-0.000294803	0
773	Iter0774	6	6	2	0	0	0	0.3333333333333333	0.4725274725274709	0.0	0
774	Iter0775	2	0	4	0	0	0	0.6	1.0	-0.00049129394219	0
775	Iter0776	6	0	12	1	0	0	1.0769230769230769	1.0	-8.1086092263089e-05	0
776	Iter0777	6	2	7	2	0	0	0.8571428571428571	1.0	-0.0005826715279999999	0
777	Iter0778	8	3	4	2	0	0	1.3333333333333333	1.0	-9.0463360415015e-05	0
778	Iter0779	3	2	5	1	0	0	0.3	0.5454545454545455	-9.015744e-05	0
779	Iter0780	10	0	1	1	0	0	11.0	0.16666666666666674	-0.00012321648068	0
780	Iter0781	7	3	6	6	0	0	2.333333333333333	0.4148606811145502	-0.00232085	0
781	Iter0782	7	0	7	2	0	0	3.0	0.4749999999999991	-0.00016497629749999998	0
782	Iter0783	5	1	3	5	0	0	8.333333333333334	0.1375291375291378	-0.00034521747176778	0
783	Iter0784	4	2	7	6	0	0	1.7142857142857142	1.0	-0.0008626321000546167	0
784	Iter0785	7	1	5	3	0	0	4.2	0.5692307692307681	-0.0003645118	0
785	Iter0786	16	2	9	3	0	0	2.6666666666666665	0.3644057092332957	-0.0005606852561926	0
786	Iter0787	7	0	7	0	0	0	1.0	1.0	-0.000897047	0
787	Iter0788	2	0	7	1	0	0	0.75	1.0	0.0	0
788	Iter0789	10	1	6	0	0	0	0.7857142857142857	1.0	-6.96328e-08	0
789	Iter0790	8	0	8	1	0	0	2.0	1.0	-9.066797e-05	0
790	Iter0791	0	0	6	1	0	0	0.2857142857142857	1.0	-0.00022830715000023518	0
791	Iter0792	8	1	4	2	0	0	4.0	0.5252747252747227	0.0	0
792	Iter0793	10	1	5	3	0	0	6.0	0.2621259029927772	-3.38917591193e-05	0
793	Iter0794	0	0	7	2	0	0	0.375	1.0	0.0	0
794	Iter0795	2	2	4	3	0	0	0.75	1.0	-0.0006956830000000001	0
795	Iter0796	6	1	7	2	0	0	1.7142857142857142	1.0	-0.0013650928030000003	0
796	Iter0797	6	1	6	2	0	0	2.0	1.0	-0.0010175693	0
797	Iter0798	8	2	5	2	0	0	1.6	1.0	-0.000152670235566	0
798	Iter0799	3	1	4	1	0	0	0.75	1.0	0.0	0
799	Iter0800	2	1	3	2	0	0	1.3333333333333333	1.0	-0.0011197994933	0
800	Iter0801	0	0	3	1	0	0	0.5	1.0	-0.00033271167073	0
801	Iter0802	14	0	3	2	0	0	11.25	0.05847953216374273	-1.4348371899999996e-05	0
802	Iter0803	7	0	2	2	0	0	8.0	0.10909090909090892	-2.119932e-06	0
803	Iter0804	3	2	3	3	0	0	1.5	1.0	-7.04105e-07	0
804	Iter0805	5	1	3	3	0	0	5.0	0.5454545454545476	-0.000396728	0
805	Iter0806	4	1	5	0	0	0	0.4166666666666667	1.0	-0.0001371270000000353	0
806	Iter0807	8	2	1	0	0	0	1.5	1.0	-3.34746e-06	0
807	Iter0808	1	1	4	3	0	0	0.75	1.0	-6.31388e-07	0
808	Iter0809	8	2	1	1	0	0	4.0	0.4545454545454548	-7.318329000000002e-06	0
809	Iter0810	10	2	8	1	0	0	0.625	1.0	-0.000459807575916	0
810	Iter0811	7	2	4	2	0	0	1.75	1.0	-0.000266843629	0
811	Iter0812	7	0	6	2	0	0	3.4285714285714284	0.4666666666666651	-0.0003680831	0
812	Iter0813	3	1	4	1	0	0	0.75	1.0	-0.00016347531	0
813	Iter0814	4	2	6	3	0	0	1.0	1.0	0.0	0
814	Iter0815	5	3	4	3	0	0	1.2500000000000002	1.0	0.0	0
815	Iter0816	4	1	10	3	0	0	1.2	1.0	-7.28444353e-05	0
816	Iter0817	13	2	6	4	0	0	4.333333333333333	0.17529644268774805	-0.00014039964399999998	0
817	Iter0818	10	1	4	4	0	0	10.0	0.11076711386308936	-8.569757e-05	0
818	Iter0819	7	2	7	6	0	0	3.0	0.3801857585139293	-0.0009167709999999999	0
819	Iter0820	0	0	6	1	0	0	0.2857142857142857	1.0	-6.7620500000000015e-09	0
820	Iter0821	7	2	5	5	0	0	3.5	0.34984520123838914	-0.00044131921	0
821	Iter0822	4	1	6	4	0	0	2.6666666666666665	0.6003996003995999	0.0	0
822	Iter0823	7	1	5	4	0	0	5.6	0.2941176470588226	-0.00034953433700000004	0
823	Iter0824	0	0	7	5	0	0	0.75	1.0	-1.2326140909999999e-05	0
824	Iter0825	7	2	9	1	0	0	0.3888888888888889	0.5820433436532506	-0.000472597000000002	0
825	Iter0826	8	3	4	2	0	0	1.3333333333333333	1.0	-0.0009158978180200001	0
826	Iter0827	11	0	8	4	0	0	6.666666666666666	0.09316770186335424	-6.82665e-05	0
827	Iter0828	1	1	6	7	0	0	1.1666666666666667	1.0	-0.00019266295	0
828	Iter0829	5	1	5	1	0	0	1.0	1.0	-0.000214287	0
829	Iter0830	11	1	6	2	0	0	3.6666666666666665	0.5368421052631589	-1.597409273e-05	0
830	Iter0831	3	2	8	4	0	0	0.75	1.0	-8.827698373e-05	0
831	Iter0832	8	3	3	0	0	0	0.5625	1.0	-0.0008271713063	0
832	Iter0833	11	2	4	3	0	0	4.125	0.2897961816305478	-8.23518527e-07	0
833	Iter0834	5	1	2	3	0	0	7.5	0.2424242424242424	-0.0001556772	0
834	Iter0835	4	1	5	0	0	0	0.4166666666666667	1.0	-0.000756122	0
835	Iter0836	12	2	6	1	0	0	1.0	1.0	-0.00017533768783	0
836	Iter0837	11	5	7	1	0	0	0.31428571428571433	0.6213854795090511	-0.00023164777989337	0
837	Iter0838	6	1	8	3	0	0	2.25	1.0	-0.000140754	0
838	Iter0839	11	3	8	1	0	0	0.4583333333333333	1.0	-0.000307207244	0
839	Iter0840	6	4	9	2	0	0	0.3333333333333333	0.3614551083591342	-9.748992e-05	0
840	Iter0841	5	1	4	2	0	0	2.5	1.0	-2.03694e-07	0
841	Iter0842	4	0	5	4	0	0	4.166666666666667	0.22797202797202804	-0.0016624156	0
842	Iter0843	5	1	3	2	0	0	3.333333333333333	0.5454545454545453	-4.299281e-05	0
843	Iter0844	8	0	3	1	0	0	4.5	0.3333333333333341	-0.000116036	0
844	Iter0845	3	1	1	3	0	0	9.0	0.4857142857142854	-0.000301540456	0
845	Iter0846	2	0	2	5	0	0	6.0	0.16666666666666696	-0.00038965977695000004	0
846	Iter0847	0	0	0	1	0	0	2.0	1.0	-8.0839229887e-05	0
847	Iter0848	3	5	4	1	0	0	0.15	0.2657342657342665	-0.0003401160405065	0
848	Iter0849	6	0	3	5	0	0	10.5	0.03096903096903088	-9.72464e-06	0
849	Iter0850	3	2	4	3	0	0	1.125	1.0	-0.000280272486	0
850	Iter0851	12	5	2	3	0	0	3.6	0.3088782562466785	-3.2984400000000005e-09	0
851	Iter0852	4	2	7	2	0	0	0.5714285714285714	1.0	0.0	0
852	Iter0853	8	1	9	2	0	0	1.7777777777777777	1.0	-4.10716e-08	0
853	Iter0854	8	0	6	2	0	0	3.8571428571428568	0.4666666666666665	-0.000214577	0
854	Iter0855	8	3	7	2	0	0	0.7619047619047619	1.0	-0.000119168485	0
855	Iter0856	0	0	9	3	0	0	0.4	1.0	-3.5537484e-05	0
856	Iter0857	6	1	3	2	0	0	4.0	0.5227272727272729	-0.0006017061530000001	0
857	Iter0858	11	2	5	5	0	0	5.5	0.16879795396419428	-0.00051233392	0
858	Iter0859	3	1	6	4	0	0	2.0	1.0	-3.859797e-05	0
859	Iter0860	10	0	2	5	0	0	22.0	0.0033936651583710248	-0.0004648448527668	0
860	Iter0861	1	1	3	4	0	0	1.3333333333333333	1.0	-0.0005458430797999999	0
861	Iter0862	7	3	5	4	0	0	1.8666666666666667	0.6499166468206711	-8.722623508e-06	0
862	Iter0863	7	2	6	6	0	0	3.5	0.36656346749225854	-3.71095e-09	0
863	Iter0864	7	1	4	3	0	0	5.25	0.2820512820512816	-1.84577e-05	0
864	Iter0865	7	2	4	2	0	0	1.75	1.0	-0.0004893182067169999	0
865	Iter0866	7	0	9	2	0	0	2.4	0.496732026143794	-8.31949e-10	0
866	Iter0867	10	1	8	1	0	0	1.25	1.0	0.0	0
867	Iter0868	5	1	7	4	0	0	2.8571428571428568	0.6000323206205543	-7.09741e-07	0
868	Iter0869	5	2	5	1	0	0	0.5	1.0	0.0	0
869	Iter0870	3	0	7	0	0	0	0.5	1.0	-4.7806699999999986e-06	0
870	Iter0871	0	0	5	6	0	0	1.1666666666666667	1.0	-0.000125189653	0
871	Iter0872	8	2	2	1	0	0	2.0	1.0	-0.000706471524	0
872	Iter0873	8	0	7	4	0	0	5.625	0.10319917440660524	0.0	0
873	Iter0874	4	1	6	2	0	0	1.3333333333333333	1.0	0.0	0
874	Iter0875	8	1	6	1	0	0	1.3333333333333333	1.0	-2.62336e-05	0
875	Iter0876	8	4	3	1	0	0	0.6666666666666666	1.0	-0.0002886150155	0
876	Iter0877	2	1	2	3	0	0	3.0	1.0	-9.73578e-06	0
877	Iter0878	5	1	7	0	0	0	0.375	0.4615384615384615	-5.476048899999998e-06	0
878	Iter0879	11	1	3	2	0	0	7.333333333333332	0.19117647058823506	-0.0007706243861	0
879	Iter0880	13	3	5	2	0	0	1.7333333333333332	0.621385479509048	-0.00016378022	0
880	Iter0881	9	3	3	5	0	0	5.0	0.16746844486782547	-0.0006947052299999999	0
881	Iter0882	3	0	0	3	0	0	16.0	0.09999999999999992	-0.001012343535	0
882	Iter0883	10	3	5	3	0	0	2.0	0.6310629514963866	-6.25286e-09	0
883	Iter0884	0	0	3	0	0	0	0.25	1.0	-0.00052493547	0
884	Iter0885	10	2	8	2	0	0	1.25	1.0	-0.00032789509	0
885	Iter0886	6	0	2	6	0	0	16.333333333333336	0.009657009657009668	-1.4846811899999997e-06	0
886	Iter0887	2	1	5	2	0	0	0.8	1.0	-8.175789999999999e-12	0
887	Iter0888	3	1	4	2	0	1	1.5	1.0	-3.7646578799999997e-10	0
888	Iter0889	7	2	5	3	0	0	2.1	0.6199095022624409	-0.00024888077	0
889	Iter0890	4	1	9	1	0	0	0.4444444444444444	1.0	-0.0008989394	0
890	Iter0891	2	0	6	3	0	0	1.7142857142857142	1.0	-3.529865e-06	0
891	Iter0892	5	2	5	5	0	0	2.5	0.6220691073632256	-0.0005493997499999999	0
892	Iter0893	10	4	10	7	0	0	1.75	0.7073807182430357	-9.815225000000001e-05	0
893	Iter0894	1	0	9	3	0	0	0.8	1.0	-9.839583275400002e-05	0
894	Iter0895	8	2	4	2	0	0	2.0	0.6043956043956026	-0.00014635520238899999	0
895	Iter0896	4	0	6	6	0	0	5.0	0.23351648351648305	-0.00027245269795272005	0
896	Iter0897	9	5	8	2	0	0	0.45	0.6529366895499655	-0.000267053851	0
897	Iter0898	2	0	8	4	0	0	1.6666666666666663	1.0	-0.000729570596129	0
898	Iter0899	10	3	6	3	0	1	1.6666666666666667	0.6550199026979191	-0.000189998	0
899	Iter0900	7	1	2	6	0	0	21.0	0.04055944055944047	-4.8001809513e-05	0
900	Iter0901	6	0	3	3	0	0	7.0	0.1818181818181821	-0.000533601143369	0
901	Iter0902	5	2	5	0	0	0	0.3333333333333333	0.46969696969697	-0.001297726577821	0
902	Iter0903	4	3	4	4	0	0	1.3333333333333333	1.0	-0.00014243813000000002	0
903	Iter0904	5	3	3	0	0	0	0.375	0.4909090909090914	-6.0358799999999995e-06	0
904	Iter0905	8	0	4	3	0	0	7.2	0.07692307692307668	-6.63111e-09	0
905	Iter0906	3	0	4	1	0	0	1.6	1.0	-1.70497e-05	0
906	Iter0907	11	5	6	3	0	0	1.1	1.0	-0.00043904514692367727	0
907	Iter0908	8	1	9	2	0	0	1.7777777777777777	1.0	-0.0009370026350000001	0
908	Iter0909	6	2	7	3	0	0	1.2857142857142856	1.0	-1.78985056e-05	0
909	Iter0910	5	2	4	2	0	0	1.25	1.0	-1.243458663e-08	0
910	Iter0911	4	0	2	5	0	0	10.0	0.060606060606060524	-0.00014162572	0
911	Iter0912	3	0	8	2	0	0	1.3333333333333333	1.0	-0.00027967187922000003	0
912	Iter0913	1	0	5	0	0	0	0.3333333333333333	1.0	-0.00020608217305	0
913	Iter0914	6	4	3	3	0	0	1.5	1.0	-8.7059e-10	0
914	Iter0915	7	1	6	3	0	0	3.5	0.5764705882352927	-1.3271284555200001e-05	0
915	Iter0916	7	5	4	0	0	0	0.26666666666666666	0.2445054945054937	-0.00046994701218729996	0
916	Iter0917	5	0	1	2	0	0	9.0	0.10714285714285704	-3.0369220400000002e-05	0
917	Iter0918	0	0	5	4	0	0	0.8333333333333334	1.0	-4.58462058e-05	0
918	Iter0919	4	0	3	1	0	0	2.5	1.0	0.0	0
919	Iter0920	8	0	5	2	0	0	4.5	0.19999999999999876	-0.00041170704	0
920	Iter0921	9	2	4	0	0	0	0.6666666666666667	1.0	-2.2285182000000002e-05	0
921	Iter0922	6	4	8	5	0	0	0.9375	1.0	-1.40271e-07	0
922	Iter0923	3	1	4	3	0	0	2.25	1.0	-0.0005396672292410001	0
923	Iter0924	7	4	10	1	0	0	0.175	0.31077694235588976	-8.460180000000001e-06	0
924	Iter0925	8	1	7	7	0	0	8.0	0.08575729022626306	0.0	0
925	Iter0926	8	2	4	0	0	1	0.6	1.0	-8.802820427e-07	0
926	Iter0927	5	2	8	0	0	0	0.2222222222222222	0.19999999999999946	-1.95443e-07	0
927	Iter0928	6	1	5	4	0	0	4.8	0.3076923076923067	-0.00306573	0
928	Iter0929	11	1	3	2	0	0	7.333333333333332	0.19117647058823506	-0.0006664254940000001	0
929	Iter0930	7	1	1	3	0	0	21.0	0.0666666666666667	0.0	0
930	Iter0931	8	0	5	3	0	0	6.0	0.19999999999999946	0.0	0
931	Iter0932	4	0	6	2	0	0	2.142857142857143	0.5151515151515169	0.0	0
932	Iter0933	11	2	3	3	0	0	5.5	0.2621259029927756	-0.00014526122599999998	0
933	Iter0934	0	0	10	2	0	0	0.2727272727272728	1.0	0.0	0
934	Iter0935	9	2	4	3	0	0	3.375	0.32598039215686275	-0.00011639164010999999	0
935	Iter0936	3	1	3	0	0	0	0.5	1.0	-1.7407119999999996e-05	0
936	Iter0937	4	0	3	4	0	0	6.25	0.193939393939394	-0.00040493608138	0
937	Iter0938	3	0	5	3	0	0	2.6666666666666665	0.4909090909090907	-0.0014852824970799999	0
938	Iter0939	5	1	4	1	0	0	1.25	1.0	-7.8499e-06	0
939	Iter0940	9	2	2	1	0	0	2.25	1.0	-0.0001899596521	0
940	Iter0941	5	3	5	1	0	0	0.33333333333333337	0.5804195804195811	0.0	0
941	Iter0942	2	0	5	0	0	0	0.5	1.0	-1.22328e-09	0
942	Iter0943	5	1	3	3	0	0	5.0	0.5454545454545476	-0.00030816582565	0
943	Iter0944	6	2	5	2	0	0	1.2	1.0	-7.94175983e-05	0
944	Iter0945	6	1	7	3	0	0	2.5714285714285707	0.6029411764705864	-0.0005744947856999999	0
945	Iter0946	3	1	7	4	0	0	1.7142857142857142	1.0	-2.5313e-06	0
946	Iter0947	6	0	5	3	0	0	4.666666666666667	0.2087912087912087	-2.44622552e-05	0
947	Iter0948	7	0	6	1	0	0	2.2857142857142856	1.0	0.0	0
948	Iter0949	3	1	2	2	0	0	3.0	1.0	-0.00018636354000000003	0
949	Iter0950	1	1	6	4	0	0	0.6666666666666666	1.0	-5.0125171e-05	0
950	Iter0951	2	0	6	0	0	0	0.42857142857142855	1.0	-7.8593811e-05	0
951	Iter0952	2	0	6	4	0	0	2.142857142857143	0.5151515151515165	-3.790682e-06	0
952	Iter0953	0	0	3	3	0	0	1.0	1.0	-3.3754600000000004e-05	0
953	Iter0954	0	0	4	4	0	0	1.0	1.0	-2.2683779899999998e-05	0
954	Iter0955	9	2	2	1	0	0	2.25	1.0	-0.0016390302001	0
955	Iter0956	3	0	5	1	0	0	1.3333333333333333	1.0	-2.9552258649999995e-07	0
956	Iter0957	10	0	7	5	0	0	8.25	0.03964456596035521	-7.83617099e-05	0
957	Iter0958	0	0	3	2	0	0	0.75	1.0	-0.00011964950006839998	0
958	Iter0959	11	1	2	8	0	0	44.0	0.001547987616099065	-4.205955e-05	0
959	Iter0960	14	0	4	6	0	0	21.0	0.0015602246723528113	-0.00043380752	0
960	Iter0961	5	1	1	2	0	0	10.0	0.2261904761904764	-0.0005471377	0
961	Iter0962	9	1	5	0	0	0	0.8333333333333334	1.0	-0.00016371000000000002	0
962	Iter0963	0	0	4	0	0	0	0.2	1.0	-0.00075445094687	0
963	Iter0964	8	3	9	3	0	0	0.8888888888888888	1.0	-0.00037532084556899997	0
964	Iter0965	9	2	8	3	0	0	1.6875	1.0	0.0	0
965	Iter0966	7	1	7	3	0	0	3.0	0.5882352941176499	-0.0004078659000042924	0
966	Iter0967	7	2	4	2	0	0	1.75	1.0	-2.0237765891e-05	0
967	Iter0968	5	1	3	6	0	0	10.0	0.11888111888111873	-9.0257989e-08	0
968	Iter0969	9	3	5	3	0	0	1.7999999999999998	0.6424148606811155	-3.04597e-05	0
969	Iter0970	6	5	3	3	0	0	1.2	1.0	-0.0007760102055199999	0
970	Iter0971	10	2	3	2	0	0	3.333333333333333	0.5378151260504176	-0.00029609032094	0
971	Iter0972	0	0	2	4	0	0	1.6666666666666667	1.0	-5.8363820143909e-05	0
972	Iter0973	0	0	2	4	0	0	1.6666666666666667	1.0	-0.000212281	0
973	Iter0974	9	3	0	2	0	0	7.5	0.10989010989010926	-7.6993529e-05	0
974	Iter0975	0	0	14	6	0	1	0.4666666666666667	1.0	-5.320241007669999e-06	0
975	Iter0976	2	2	1	2	0	0	2.0	1.0	-1.00782e-05	0
976	Iter0977	8	0	6	3	0	0	5.142857142857143	0.2058823529411764	0.0	0
977	Iter0978	4	2	4	5	0	0	2.5	0.6083916083916074	-0.00030047364	0
978	Iter0979	11	1	2	2	0	0	11.0	0.1357142857142847	-0.000350290973462	0
979	Iter0980	4	0	4	2	0	0	3.0	0.4666666666666668	-6.13498e-05	0
980	Iter0981	5	0	5	1	0	0	2.0	1.0	0.0	0
981	Iter0982	12	2	5	4	0	0	4.8	0.16163927605575168	-0.000261322193486587	0
982	Iter0983	5	0	3	2	0	0	4.5	0.4444444444444442	-0.00033135040000000003	0
983	Iter0984	3	2	6	5	0	0	1.25	1.0	-3.0322179999999998e-05	0
984	Iter0985	3	2	5	1	0	0	0.3	0.5454545454545455	-0.0002465991	0
985	Iter0986	13	1	7	2	0	0	3.7142857142857135	0.537549407114623	-0.0009684744174000001	0
986	Iter0987	3	2	5	1	0	0	0.3	0.5454545454545455	-0.00062051573	0
987	Iter0988	9	4	8	3	0	0	0.84375	1.0	-9.6565442e-06	0
988	Iter0989	3	2	3	5	0	0	2.5	0.5920745920745939	-2.19544e-12	0
989	Iter0990	0	0	5	0	0	0	0.16666666666666666	1.0	-0.0001119683	0
990	Iter0991	3	1	2	6	0	0	9.0	0.2222222222222227	-0.000352576	0
991	Iter0992	2	0	3	2	0	0	2.25	1.0	-7.270160000000002e-06	0
992	Iter0993	7	2	3	2	0	0	2.333333333333333	0.5804195804195791	-0.00022346800000000005	0
993	Iter0994	6	0	5	4	0	0	5.833333333333334	0.10329670329670304	0.0	0
994	Iter0995	6	2	4	3	0	0	2.25	0.6083916083916068	-1.0664044099999999e-07	0
995	Iter0996	5	4	5	3	0	0	0.75	1.0	0.0	0
996	Iter0997	10	0	4	1	0	0	4.4	0.3333333333333329	-1.48383e-06	0
997	Iter0998	7	4	6	4	0	0	1.1666666666666667	1.0	-0.00054625638089	0
998	Iter0999	7	1	8	1	0	0	0.875	1.0	-2.9577e-05	0
999	Iter1000	0	2	4	1	0	0	0.13333333333333333	0.14285714285714265	-4.83448274e-05	0
