	IterId	dN	dS	pN	pS	bdN	bpN	MkScore	FSPVal	SelCoef	PosSel
0	Iter0001	8	7	7	0	0	0	0.140625	0.051282953372736716	-6.547159e-06	0
1	Iter0002	7	6	4	3	0	0	0.8750000000000001	1.0	0.0	0
2	Iter0003	10	7	5	0	1	0	0.22916666666666666	0.13476874003189812	0.0037480113749999997	1
3	Iter0004	14	7	8	3	1	0	0.75	1.0	0.004164121342699999	1
4	Iter0005	2	5	2	1	0	0	0.2	0.5000000000000003	0.0	0
5	Iter0006	8	4	6	3	1	0	1.0	1.0	0.0052994741566000005	1
6	Iter0007	3	6	6	3	0	0	0.25	0.34693541752365264	-5.100233795e-10	0
7	Iter0008	8	10	9	5	0	0	0.4444444444444445	0.30752155755739	-5.340580000000001e-12	0
8	Iter0009	6	8	5	3	0	0	0.45	0.6594427244582044	-0.0001514650874	0
9	Iter0010	5	14	4	1	1	0	0.08928571428571429	0.047430830039525765	0.012060394717070001	1
10	Iter0011	5	6	4	1	0	0	0.20833333333333331	0.3076923076923075	-0.00011535159589	0
11	Iter0012	11	6	3	0	2	0	0.42857142857142855	0.5210526315789487	0.025216189700000002	1
12	Iter0013	7	3	3	2	0	0	1.5555555555555556	1.0	-0.000814208566	0
13	Iter0014	5	7	7	0	0	0	0.09375	0.017404937683575462	-0.0006602807252	0
14	Iter0015	3	4	9	3	0	1	0.25	0.3260895451297916	-2.9763425e-06	0
15	Iter0016	4	5	3	2	0	0	0.5333333333333333	1.0	-2.1164050361e-05	0
16	Iter0017	5	7	8	4	0	0	0.35714285714285715	0.4136492125454279	-0.00044490337999999996	0
17	Iter0018	14	7	4	2	3	0	1.0	1.0	0.026315724587700005	1
18	Iter0019	9	7	6	4	0	0	0.8571428571428572	1.0	-0.0009910157567290998	0
19	Iter0020	9	7	4	2	1	0	0.6428571428571429	1.0	0.034729957326999995	1
20	Iter0021	10	2	1	2	1	0	10.0	0.1538461538461534	0.03191796538920233	1
21	Iter0022	6	5	7	3	0	0	0.5142857142857142	0.6594427244582042	-3.23526017e-05	0
22	Iter0023	6	5	7	0	0	0	0.14583333333333334	0.1013071895424836	-1.3369597529600001e-05	0
23	Iter0024	11	5	9	5	0	0	1.2222222222222223	1.0	-0.000316963453427	0
24	Iter0025	5	5	8	1	0	0	0.125	0.14086687306501475	-2.57516e-10	0
25	Iter0026	13	5	5	0	1	0	0.3888888888888889	0.5453059526286049	0.00793899235	1
26	Iter0027	10	2	3	0	0	0	0.9166666666666666	1.0	-0.0006285344560999999	0
27	Iter0028	6	3	5	6	0	0	2.4	0.40585853774708297	-2.98953e-05	0
28	Iter0029	7	6	7	4	0	0	0.6666666666666667	0.6968299905774674	-5.02236e-05	0
29	Iter0030	5	4	5	2	0	0	0.5	0.632867132867131	-0.00011058545025	0
30	Iter0031	8	2	6	1	0	0	0.6666666666666666	1.0	-0.00034085632529999994	0
31	Iter0032	4	3	6	6	0	0	1.3333333333333333	1.0	-3.44724e-06	0
32	Iter0033	15	11	7	1	3	0	0.1948051948051948	0.2102499509258693	0.056140222147000006	1
33	Iter0034	5	6	4	4	1	0	0.8333333333333334	1.0	0.00582732295	1
34	Iter0035	3	7	10	0	0	0	0.045454545454545456	0.0030959752321981344	-0.0001213495	0
35	Iter0036	6	5	4	4	1	1	1.2	1.0	0.028176264972886198	1
36	Iter0037	2	14	4	1	0	0	0.03571428571428571	0.011351909184726576	-6.711274e-07	0
37	Iter0038	11	4	6	1	0	0	0.4583333333333333	1.0	-1.3078776e-06	0
38	Iter0039	7	4	9	5	0	0	0.9722222222222222	1.0	0.0	0
39	Iter0040	7	7	7	7	1	0	1.0	1.0	0.00835642842	1
40	Iter0041	9	8	10	2	0	0	0.225	0.12607652217847234	-0.0012820869300000002	0
41	Iter0042	8	4	5	0	0	0	0.3	0.2605042016806711	-0.0007973089	0
42	Iter0043	7	2	6	2	0	0	1.1666666666666667	1.0	-0.0004396787	0
43	Iter0044	2	6	7	4	0	0	0.19047619047619047	0.16980233388902105	-2.89637202e-08	0
44	Iter0045	7	7	10	3	0	0	0.3	0.23646071700991836	-0.00015116469999999999	0
45	Iter0046	5	7	1	5	1	0	3.571428571428571	0.6000323206205553	0.0112768331	1
46	Iter0047	11	5	5	2	1	0	0.8800000000000001	1.0	0.014933351515700001	1
47	Iter0048	8	6	3	4	1	0	1.7777777777777777	0.6594427244582046	0.017777247159	1
48	Iter0049	4	7	5	1	0	0	0.11428571428571427	0.13122171945701336	-0.00077173502	0
49	Iter0050	7	4	11	6	0	0	0.9545454545454546	1.0	-3.97373568e-05	0
50	Iter0051	9	5	8	3	0	1	0.675	1.0	-4.5771801683e-05	0
51	Iter0052	8	6	6	2	0	0	0.4444444444444444	0.649398004815961	-6.639668130000001e-06	0
52	Iter0053	2	7	8	6	1	0	0.21428571428571427	0.1967963386727679	0.008505024	1
53	Iter0054	7	7	2	3	0	0	1.5	1.0	-5.84677e-10	0
54	Iter0055	6	4	5	0	0	0	0.2333333333333333	0.23076923076923034	-0.001064331	0
55	Iter0056	5	9	10	5	1	0	0.2777777777777778	0.14311097805070888	0.0150708616234	1
56	Iter0057	8	5	4	2	0	0	0.8	1.0	-0.0007578999829199999	0
57	Iter0058	9	3	7	4	1	0	1.7142857142857142	0.6668461434917237	0.045676709510003584	1
58	Iter0059	17	5	6	1	2	0	0.5666666666666667	1.0	0.03406000394871	1
59	Iter0060	7	2	8	1	0	0	0.4375	1.0	-0.00024258399071386	0
60	Iter0061	7	1	3	2	2	0	4.666666666666667	0.5104895104895115	0.077172516762	1
61	Iter0062	6	6	6	3	0	0	0.5	0.6604905929983331	-0.00016912345999999995	0
62	Iter0063	7	5	6	0	0	0	0.19047619047619047	0.114145658263305	-2.1204554000000004e-05	0
63	Iter0064	5	2	7	1	0	0	0.35714285714285715	0.5692307692307675	-7.552264e-05	0
64	Iter0065	12	8	10	4	2	0	0.6	0.7169802195676507	0.031831086176	1
65	Iter0066	13	4	4	3	1	0	2.4375	0.3742343341885693	0.028805806635270003	1
66	Iter0067	6	7	7	1	0	0	0.12244897959183673	0.08503611971104214	-4.401804000000001e-06	0
67	Iter0068	9	7	6	2	0	0	0.4285714285714286	0.6570197873199679	-0.00100010573215	0
68	Iter0069	9	6	6	4	0	0	1.0	1.0	-0.0002653918441869	0
69	Iter0070	6	6	5	4	0	0	0.8	1.0	-0.0005549682096033999	0
70	Iter0071	6	1	4	1	0	0	1.5	1.0	-0.00042374431000000005	0
71	Iter0072	14	5	6	2	2	0	0.9333333333333332	1.0	0.038335729662653	1
72	Iter0073	6	9	8	4	0	0	0.3333333333333333	0.2518598285996341	-1.71424e-07	0
73	Iter0074	6	4	1	2	1	0	3.0	0.5594405594405605	0.001434046868	1
74	Iter0075	3	4	3	3	0	0	0.75	1.0	-5.90728e-11	0
75	Iter0076	3	2	8	6	0	0	1.125	1.0	-1.6744480000000002e-08	0
76	Iter0077	10	0	8	0	1	0	1.2222222222222223	1.0	0.01914949	1
77	Iter0078	11	2	3	0	1	0	1.0	1.0	0.0222437540896	1
78	Iter0079	9	8	9	2	2	0	0.25	0.2264138607388033	0.0637906664	1
79	Iter0080	7	4	2	1	0	0	0.875	1.0	-5.1480559000000004e-05	0
80	Iter0081	3	4	5	5	0	0	0.75	1.0	0.0	0
81	Iter0082	6	5	5	2	0	0	0.48	0.6370663650075437	-0.0014249697840999999	0
82	Iter0083	5	3	4	0	1	1	0.3	0.4909090909090921	0.00678563742664	1
83	Iter0084	9	3	7	0	1	0	0.3125	0.2631578947368428	0.033688271469999996	1
84	Iter0085	7	5	4	4	0	0	1.4	1.0	-0.0001310088656	0
85	Iter0086	11	5	6	4	1	0	1.4666666666666668	0.6924485125858179	0.03721666119349199	1
86	Iter0087	3	3	10	4	0	0	0.4	0.6126160990712081	-0.00054917	0
87	Iter0088	7	2	4	3	0	0	2.625	0.5961538461538439	-7.281761e-07	0
88	Iter0089	6	3	7	5	0	0	1.4285714285714286	1.0	-0.0003118375432	0
89	Iter0090	7	9	3	6	0	0	1.5555555555555556	0.6913178085879731	-0.00020386719949	0
90	Iter0091	4	8	2	2	0	0	0.5	0.6043956043956017	0.0	0
91	Iter0092	8	5	7	6	0	0	1.3714285714285714	1.0	-0.00077366864	0
92	Iter0093	5	5	3	5	0	1	1.6666666666666667	0.6640614287673139	-9.984669539999999e-05	0
93	Iter0094	10	5	7	2	2	1	0.5714285714285714	0.6687122945704241	0.0305590325533178	1
94	Iter0095	6	5	1	3	0	0	3.6	0.5692307692307697	0.0	0
95	Iter0096	6	2	3	0	0	0	0.5833333333333334	1.0	-0.0001814271	0
96	Iter0097	6	5	6	2	0	1	0.4	0.6332460109549896	-0.00031307661700000005	0
97	Iter0098	3	10	6	4	0	0	0.2	0.10230179028132974	-0.000434471	0
98	Iter0099	6	5	7	2	1	0	0.3428571428571429	0.3742260061919506	0.011346200755998171	1
99	Iter0100	8	9	3	6	0	0	1.7777777777777777	0.6828375286041216	-0.00037905922400000003	0
100	Iter0101	8	4	9	1	0	0	0.2222222222222222	0.3233082706766904	-0.0001085906081	0
101	Iter0102	6	7	7	3	0	0	0.36734693877551017	0.401534526854218	-0.0012842585	0
102	Iter0103	11	6	5	1	0	0	0.36666666666666653	0.6213854795090509	-0.00040154706390000316	0
103	Iter0104	5	5	6	3	1	0	0.5	0.6499166468206714	0.0195651178870605	1
104	Iter0105	8	3	5	2	0	0	1.0666666666666669	1.0	-0.000455083	0
105	Iter0106	7	8	10	1	0	0	0.0875	0.0361556064073229	-0.0001186133	0
106	Iter0107	6	7	2	4	0	0	1.7142857142857142	1.0	0.0	0
107	Iter0108	4	4	5	2	0	0	0.4	0.6083916083916073	0.0	0
108	Iter0109	12	5	7	2	0	0	0.6857142857142857	1.0	-0.0009236332899999999	0
109	Iter0110	11	6	2	1	0	0	0.9166666666666666	1.0	-0.0015557618	0
110	Iter0111	9	6	3	2	0	0	1.0	1.0	-0.0012367390266926999	0
111	Iter0112	15	4	1	3	2	0	11.25	0.06719367588932773	0.03765241189600001	1
112	Iter0113	7	7	1	3	1	0	3.0	0.5882352941176492	0.0033628363089999998	1
113	Iter0114	6	6	5	3	0	0	0.6	0.6699214098594914	-0.00035330679851	0
114	Iter0115	12	2	6	1	1	0	1.0	1.0	0.0188679168	1
115	Iter0116	7	6	5	2	0	0	0.4666666666666667	0.6424148606811135	-0.00057040221611	0
116	Iter0117	12	10	6	2	0	0	0.4	0.4191519624803023	-0.0001445621489614	0
117	Iter0118	5	7	5	1	0	0	0.14285714285714285	0.15158371040724014	-0.00022260409999999998	0
118	Iter0119	4	5	2	6	0	0	2.4000000000000004	0.6199095022624419	-8.87083e-09	0
119	Iter0120	11	11	5	2	0	0	0.4	0.4099616858237608	-0.0004874936832	0
120	Iter0121	6	7	6	4	1	0	0.5714285714285714	0.6801722977520499	0.007764353119999999	1
121	Iter0122	8	9	8	5	0	0	0.5555555555555555	0.4836518582813897	-3.18573e-05	0
122	Iter0123	7	2	7	1	1	0	0.5	1.0	0.008775100000000001	1
123	Iter0124	5	5	9	1	0	0	0.1111111111111111	0.14086687306501575	-0.000739142977	0
124	Iter0125	8	4	3	1	1	0	0.6666666666666666	1.0	0.003731695812409999	1
125	Iter0126	4	7	4	2	0	0	0.2857142857142857	0.3348416289592757	-0.000158236	0
126	Iter0127	7	5	5	5	0	0	1.4	1.0	-1.31895467e-05	0
127	Iter0128	10	4	5	2	2	0	1.0	1.0	0.061329481549999995	1
128	Iter0129	9	3	7	3	0	0	1.2857142857142856	1.0	-0.0005145939363639999	0
129	Iter0130	5	7	6	4	0	0	0.4761904761904762	0.6699214098594888	-8.91265e-05	0
130	Iter0131	4	3	7	2	0	0	0.3809523809523809	0.5961538461538444	-4.33910339e-05	0
131	Iter0132	7	4	4	2	0	0	0.875	1.0	-7.43479e-06	0
132	Iter0133	8	10	3	3	0	1	0.8	1.0	-3.3748154359e-06	0
133	Iter0134	10	8	4	1	0	0	0.3125	0.6105679217807365	-0.00016947801744	0
134	Iter0135	9	5	1	1	0	0	1.8	1.0	-0.000267172985	0
135	Iter0136	6	6	4	4	0	0	1.0	1.0	-0.000253587	0
136	Iter0137	9	5	6	1	1	0	0.3	0.6126160990712111	0.0032665059932259996	1
137	Iter0138	8	7	11	4	1	0	0.4155844155844156	0.4497251374312903	0.04168306460434	1
138	Iter0139	2	7	4	3	0	0	0.21428571428571427	0.3024475524475516	-0.000684423	0
139	Iter0140	4	5	5	2	1	0	0.32	0.3575174825174812	0.00976932097	1
140	Iter0141	6	4	7	1	0	0	0.21428571428571427	0.3137254901960787	-5.652878320000001e-06	0
141	Iter0142	4	6	4	4	0	0	0.6666666666666666	1.0	-1.024768022e-07	0
142	Iter0143	7	5	4	1	1	0	0.35	0.6000323206205536	0.016924400000000003	1
143	Iter0144	4	6	6	1	0	0	0.1111111111111111	0.13399835458658976	0.0	0
144	Iter0145	7	7	4	0	3	0	0.2	0.11928104575163435	0.0359278251	1
145	Iter0146	7	5	5	4	1	0	1.12	1.0	0.005556530800000001	1
146	Iter0147	2	4	4	2	0	0	0.25	0.5670995670995689	0.0	0
147	Iter0148	6	8	5	1	0	0	0.15	0.15712074303405624	-2.13326e-07	0
148	Iter0149	6	3	11	4	0	0	0.7272727272727273	1.0	-6.310258168835e-05	0
149	Iter0150	9	10	6	8	1	0	1.2	1.0	0.012503202100000001	1
150	Iter0151	6	6	2	2	1	0	1.0	1.0	0.0176434655	1
151	Iter0152	1	7	11	3	0	0	0.03896103896103896	0.0061919504643962705	0.0	0
152	Iter0153	8	10	5	2	1	0	0.32	0.3782608695652168	0.0177857893	1
153	Iter0154	4	10	11	6	0	0	0.2181818181818182	0.07317275148503953	0.0	0
154	Iter0155	6	9	4	1	0	0	0.16666666666666666	0.3034055727554185	-0.0009102644599999999	0
155	Iter0156	3	2	9	2	0	0	0.3333333333333333	0.5467032967032963	-0.0003558382	0
156	Iter0157	4	4	3	2	2	0	0.6666666666666666	1.0	0.038160337600000004	1
157	Iter0158	6	6	5	4	0	0	0.8	1.0	-3.2627600000000003e-07	0
158	Iter0159	9	9	5	0	1	1	0.16666666666666666	0.11566465571042255	0.006861335678999999	1
159	Iter0160	7	5	6	3	0	0	0.7	1.0	-0.000200707324	0
160	Iter0161	10	1	5	4	0	0	8.0	0.12732198142414894	-0.0018746482	0
161	Iter0162	7	2	2	2	1	0	3.5	0.5300699300699305	0.04493567742457	1
162	Iter0163	8	6	6	1	0	0	0.2222222222222222	0.33714310285517896	-0.000171285744	0
163	Iter0164	7	6	4	2	0	0	0.5833333333333334	1.0	-0.00014312849400000002	0
164	Iter0165	10	5	7	4	0	0	1.1428571428571428	1.0	-5.4223103e-05	0
165	Iter0166	7	5	1	0	0	0	0.6666666666666666	1.0	-1.8059978e-05	0
166	Iter0167	9	6	5	1	0	0	0.3	0.6126160990712112	-0.00043811179900000004	0
167	Iter0168	8	4	4	3	0	0	1.5	1.0	-5.112262697454e-05	0
168	Iter0169	10	1	7	3	2	0	4.285714285714286	0.31077694235589204	0.051927707553	1
169	Iter0170	16	6	4	2	3	0	1.3333333333333333	1.0	0.040222619229999985	1
170	Iter0171	10	3	6	2	3	0	1.1111111111111112	1.0	0.066674343191	1
171	Iter0172	6	2	7	2	0	0	0.8571428571428571	1.0	-0.0005179255	0
172	Iter0173	4	6	9	1	0	0	0.07407407407407407	0.05727554179566565	-2.80845e-05	0
173	Iter0174	6	2	6	2	0	0	1.0	1.0	-3.789280000000001e-09	0
174	Iter0175	8	7	4	5	0	0	1.4285714285714284	1.0	-0.0008414370739160001	0
175	Iter0176	8	6	3	1	1	0	0.4444444444444444	1.0	0.0519288341431558	1
176	Iter0177	7	5	5	4	1	0	1.12	1.0	0.017041992586	1
177	Iter0178	7	4	6	2	0	0	0.5833333333333334	1.0	-2.75288204e-05	0
178	Iter0179	5	5	3	2	1	0	0.6666666666666666	1.0	0.018272276	1
179	Iter0180	6	5	7	1	0	0	0.17142857142857146	0.17698658410732676	-0.000157485870366	0
180	Iter0181	4	10	4	4	0	0	0.4	0.3864465084279336	0.0	0
181	Iter0182	6	5	2	2	0	0	1.2	1.0	-0.00063587461048	0
182	Iter0183	6	3	4	2	1	0	1.0	1.0	0.0075843073999999995	1
183	Iter0184	7	11	7	0	1	0	0.08333333333333333	0.007826086956521759	0.029183784999999997	1
184	Iter0185	9	6	4	3	1	0	1.125	1.0	0.01227598005	1
185	Iter0186	7	8	3	0	1	0	0.2222222222222222	0.21568627450980404	0.00352545	1
186	Iter0187	7	3	4	0	0	0	0.4	0.5054945054945056	-6.819789999999999e-05	0
187	Iter0188	12	4	2	1	2	0	1.5	1.0	0.024057837720000003	1
188	Iter0189	8	4	7	3	1	0	0.8571428571428571	1.0	0.0166606973947606	1
189	Iter0190	6	6	9	1	0	0	0.1111111111111111	0.0743034055727551	-0.0005365510999999999	0
190	Iter0191	6	5	9	3	0	0	0.4	0.4003230582850977	-1.72371e-05	0
191	Iter0192	6	11	3	0	0	0	0.14583333333333334	0.073684210526316	-5.21484e-05	0
192	Iter0193	11	7	2	2	3	0	1.5714285714285714	1.0	0.060837347400000005	1
193	Iter0194	4	6	2	1	0	0	0.3333333333333333	0.5594405594405605	0.0	0
194	Iter0195	8	5	0	3	0	0	6.0	0.1999999999999998	-0.000618031	0
195	Iter0196	7	3	6	1	0	0	0.3888888888888889	0.6029411764705864	-0.000451338347973	0
196	Iter0197	5	7	4	3	0	0	0.5357142857142858	0.6499166468206719	-8.16754e-09	0
197	Iter0198	5	4	3	6	0	0	2.5	0.6371863430686975	-0.0004992143521563	0
198	Iter0199	8	6	8	2	0	0	0.3333333333333333	0.3875353344999344	-0.00032831406472000004	0
199	Iter0200	8	5	1	4	1	0	6.4	0.2941176470588233	0.0247820750175128	1
200	Iter0201	9	4	9	2	1	0	0.5	0.6493952271984307	0.017420220800000004	1
201	Iter0202	9	4	7	0	0	0	0.25	0.24871001031991885	0.014699424223000001	1
202	Iter0203	6	8	5	4	1	0	0.6	0.6801722977520519	0.034184518251429	1
203	Iter0204	5	7	10	3	0	0	0.21428571428571427	0.1107013056939024	-6.4307762e-08	0
204	Iter0205	6	3	5	5	1	0	2.0	0.6499166468206714	0.0203830217	1
205	Iter0206	8	10	5	2	1	0	0.32	0.3782608695652168	0.015479088000000002	1
206	Iter0207	7	2	7	4	0	0	2.0	0.6424148606811142	-0.000625114	0
207	Iter0208	9	5	12	1	1	0	0.15	0.16473429951690952	0.0155528	1
208	Iter0209	7	4	1	2	0	0	3.5	0.5384615384615372	-3.0739620184599997e-05	0
209	Iter0210	8	5	10	3	1	0	0.48	0.6727688787185334	0.005108029688800001	1
210	Iter0211	10	10	1	1	0	0	1.0	1.0	-3.834542e-05	0
211	Iter0212	7	4	7	4	1	0	1.0	1.0	0.004748682299999999	1
212	Iter0213	5	6	3	1	0	0	0.2777777777777778	0.5692307692307697	-0.000120780932	0
213	Iter0214	8	13	3	1	1	0	0.20512820512820515	0.28782608695652345	0.019133606700000003	1
214	Iter0215	9	5	2	3	0	0	2.7	0.6026831785345723	-0.0001415501	0
215	Iter0216	8	1	2	6	0	0	24.0	0.01522007404360345	-0.00010349616799999999	0
216	Iter0217	8	4	4	2	0	0	1.0	1.0	-0.00028065100000010845	0
217	Iter0218	8	5	3	4	0	0	2.1333333333333333	0.6424148606811149	-1.3837139999999998e-05	0
218	Iter0219	4	4	6	2	1	0	0.3333333333333333	0.6083916083916072	0.012744799999526709	1
219	Iter0220	4	6	8	2	0	0	0.16666666666666666	0.16980233388902116	-0.00044221406699999997	0
220	Iter0221	10	6	6	2	3	0	0.5555555555555556	0.6674131270981487	0.086040709	1
221	Iter0222	9	8	6	1	1	0	0.1875	0.1907114624505943	0.023669370407000002	1
222	Iter0223	5	8	8	2	1	0	0.15625	0.09030248254908327	0.0147364	1
223	Iter0224	7	2	5	2	1	0	1.4	1.0	0.06817564563379	1
224	Iter0225	11	6	6	5	1	1	1.5277777777777777	0.7011369002215702	0.0294916170874	1
225	Iter0226	8	5	7	1	1	0	0.2285714285714286	0.3359133126934977	0.0042653660000000005	1
226	Iter0227	6	2	3	5	0	0	5.0	0.3146853146853145	-0.00019162596700000002	0
227	Iter0228	13	13	4	4	0	0	1.0	1.0	-0.000246535	0
228	Iter0229	10	4	2	2	0	0	2.5	0.5686274509803924	-0.000786154448	0
229	Iter0230	6	13	13	3	2	0	0.106508875739645	0.005977949441701553	0.062046499639254	1
230	Iter0231	8	8	1	2	0	0	2.0	1.0	-0.00025159893	0
231	Iter0232	7	10	6	2	1	0	0.2333333333333333	0.20155606407322654	0.054960481905999996	1
232	Iter0233	10	3	6	4	5	0	2.2222222222222223	0.650020191142819	0.0868519751	1
233	Iter0234	4	5	7	6	0	0	0.6857142857142857	1.0	-0.0007106348011	0
234	Iter0235	10	3	5	4	0	0	2.666666666666667	0.3761609907120728	-4.953356734e-05	0
235	Iter0236	12	5	7	4	3	0	1.3714285714285714	1.0	0.0687017260907075	1
236	Iter0237	4	3	5	3	0	0	0.7999999999999999	1.0	-1.14492e-05	0
237	Iter0238	3	6	5	3	0	0	0.3	0.3469354175236523	0.0	0
238	Iter0239	5	4	3	2	0	0	0.8333333333333334	1.0	-0.0006546289798	0
239	Iter0240	5	13	1	3	0	0	1.153846153846154	1.0	-1.41705e-09	0
240	Iter0241	9	2	1	3	1	0	13.5	0.07692307692307708	0.019299153444315	1
241	Iter0242	6	2	5	5	1	0	3.0	0.3665158371040738	0.06097720781031	1
242	Iter0243	14	5	3	2	0	0	1.8666666666666665	0.6080368906455886	-1.3043408e-05	0
243	Iter0244	4	7	5	7	0	0	0.7999999999999999	1.0	0.0	0
244	Iter0245	4	2	8	2	1	0	0.5	0.6043956043956026	0.033504899000000005	1
245	Iter0246	8	6	6	0	0	0	0.1836734693877551	0.11488648090815293	-0.00035934849999999996	0
246	Iter0247	5	9	4	4	0	0	0.5555555555555556	0.6619195046439614	-9.0199e-11	0
247	Iter0248	5	4	10	0	0	0	0.10909090909090907	0.03250773993808051	-9.718859881e-06	0
248	Iter0249	12	2	3	1	0	0	2.0	1.0	-2.3953839805000002e-05	0
249	Iter0250	6	6	5	3	0	0	0.6	0.6699214098594914	-0.0001302704	0
250	Iter0251	4	2	9	0	0	0	0.16666666666666669	0.14285714285714207	0.0	0
251	Iter0252	5	5	10	4	0	0	0.4	0.4028469511374375	-0.00025705204	0
252	Iter0253	6	8	13	10	0	0	0.5769230769230769	0.5076782010041365	-8.76821e-10	0
253	Iter0254	2	8	7	2	0	0	0.07142857142857142	0.023014137565221054	0.0	0
254	Iter0255	8	9	8	1	0	0	0.1111111111111111	0.08733097566049544	-0.00046596714501229993	0
255	Iter0256	16	2	4	2	1	0	4.0	0.2512704686617735	0.012721522884601601	1
256	Iter0257	8	3	9	1	0	0	0.2962962962962963	0.5864661654135377	-0.000281408644	0
257	Iter0258	5	9	4	2	0	0	0.2777777777777778	0.3359133126934998	-3.6457206900000004e-06	0
258	Iter0259	10	6	5	2	0	0	0.6666666666666667	1.0	-3.34831e-09	0
259	Iter0260	9	1	4	4	1	0	9.0	0.11764705882352955	0.0018040540299	1
260	Iter0261	4	7	8	3	0	0	0.21428571428571427	0.19838056680161886	-6.557060000000001e-10	0
261	Iter0262	9	7	8	0	0	0	0.1388888888888889	0.05378730092688945	-0.000143951095	0
262	Iter0263	7	7	3	1	0	0	0.3333333333333333	0.5882352941176482	-0.0008495509575	0
263	Iter0264	7	5	7	2	0	0	0.4	0.6424148606811168	-0.000264829	0
264	Iter0265	3	7	4	0	0	0	0.1	0.06993006993007002	-0.000465099	0
265	Iter0266	4	6	1	5	2	0	3.333333333333333	0.5879120879120868	0.011696100000000001	1
266	Iter0267	6	10	4	4	0	0	0.6	0.6733521783999676	-0.00036043446	0
267	Iter0268	5	9	5	4	0	0	0.4444444444444445	0.417283618252792	-0.0003456004328	0
268	Iter0269	11	6	7	4	1	0	1.0476190476190477	1.0	0.009344981291851887	1
269	Iter0270	2	4	3	1	0	0	0.16666666666666666	0.5238095238095236	0.0	0
270	Iter0271	10	5	2	1	1	1	1.0	1.0	0.01119602019	1
271	Iter0272	13	3	8	4	0	0	2.1666666666666665	0.4183574879227041	-2.9912096999999997e-07	0
272	Iter0273	9	6	3	1	0	0	0.5	1.0	-6.341779134199999e-05	0
273	Iter0274	4	5	7	3	0	0	0.3428571428571429	0.3698499642772078	-6.40603e-05	0
274	Iter0275	10	11	7	1	1	0	0.12987012987012986	0.09256653724419893	0.0374289458	1
275	Iter0276	6	4	5	1	1	0	0.3	0.5879120879120863	0.013190678	1
276	Iter0277	11	2	5	4	0	0	4.4	0.17779743476337825	-0.000937836036502451	0
277	Iter0278	8	6	9	4	0	0	0.5925925925925926	0.6945842868039719	-7.961251e-05	0
278	Iter0279	7	2	3	3	2	0	3.5	0.3286713286713281	0.020878491329000003	1
279	Iter0280	5	5	5	4	0	0	0.8	1.0	-5.8490427e-05	0
280	Iter0281	5	3	6	2	0	0	0.5555555555555556	1.0	-2.111447e-06	0
281	Iter0282	9	6	5	5	0	0	1.5	0.6968299905774697	-0.00062697294149	0
282	Iter0283	6	4	8	0	0	0	0.15555555555555556	0.09150326797385648	-1.25244e-05	0
283	Iter0284	7	7	8	4	1	0	0.5	0.4527392650424026	0.012546129999999999	1
284	Iter0285	4	14	7	0	0	0	0.04166666666666666	0.0006864988558352418	-0.00035571699999999997	0
285	Iter0286	4	9	5	3	0	0	0.26666666666666666	0.2030959752321972	-9.5520821e-05	0
286	Iter0287	12	4	6	4	3	0	2.0	0.6644892864572509	0.06704225759999999	1
287	Iter0288	4	10	6	1	0	0	0.06666666666666668	0.023735810113519103	-4.92962e-05	0
288	Iter0289	4	3	4	4	0	0	1.3333333333333333	1.0	-5.752279999999999e-07	0
289	Iter0290	12	3	1	1	1	0	4.0	0.426470588235295	0.08172038813	1
290	Iter0291	4	11	6	0	0	0	0.05952380952380953	0.0038699690402476923	-6.575670091162701e-05	0
291	Iter0292	4	6	10	3	0	0	0.2	0.10230179028132992	-4.97082e-05	0
292	Iter0293	5	4	8	2	0	0	0.3125	0.3498452012383897	-4.7466946e-05	0
293	Iter0294	8	11	3	2	1	0	0.4848484848484849	0.6299171842650103	0.0166321284	1
294	Iter0295	7	3	11	1	0	0	0.21212121212121213	0.29323308270676657	-6.589452e-06	0
295	Iter0296	8	6	7	3	1	0	0.5714285714285714	0.6784560506124687	0.0035305898393	1
296	Iter0297	10	2	5	1	0	0	1.0	1.0	-5.81429455e-05	0
297	Iter0298	5	8	4	0	0	0	0.13333333333333333	0.08235294117647013	-0.000132370631	0
298	Iter0299	3	6	4	4	0	0	0.5	0.6371863430686965	-0.0005613919	0
299	Iter0300	9	2	4	4	1	0	4.5	0.3188854489164083	0.0120388474669	1
300	Iter0301	4	1	5	4	0	0	3.2	0.5804195804195778	-0.000111506	0
301	Iter0302	6	10	7	3	0	0	0.2571428571428571	0.2261946426167717	-4.233124319999999e-06	0
302	Iter0303	7	6	4	3	0	0	0.8750000000000001	1.0	-0.00044351151185999997	0
303	Iter0304	11	5	2	0	0	0	0.6666666666666666	1.0	-0.00087028023251	0
304	Iter0305	3	6	9	2	1	0	0.1111111111111111	0.06477732793522252	0.007571858839	1
305	Iter0306	9	9	7	3	2	0	0.42857142857142855	0.4343249427917626	0.03354746479323	1
306	Iter0307	10	10	5	6	0	0	1.2	1.0	-0.000810821345	0
307	Iter0308	7	3	7	0	0	0	0.25	0.227941176470588	-0.00035096609	0
308	Iter0309	3	6	6	4	0	0	0.3333333333333333	0.3698499642772087	-0.000580372	0
309	Iter0310	6	6	6	2	0	0	0.3333333333333333	0.37285067873303024	-0.0008185519579999999	0
310	Iter0311	7	6	4	4	0	0	1.1666666666666667	1.0	-0.00021549147	0
311	Iter0312	6	2	6	2	1	0	1.0	1.0	0.031005567601	1
312	Iter0313	4	5	6	1	0	0	0.13333333333333333	0.14510489510489427	0.0	0
313	Iter0314	5	8	5	1	1	0	0.125	0.14086687306501516	0.01753893419	1
314	Iter0315	5	4	2	2	0	0	1.25	1.0	0.0	0
315	Iter0316	6	1	5	5	0	0	6.0	0.30429864253393674	-0.0005049269	0
316	Iter0317	13	4	4	4	2	0	3.25	0.35921595820909513	0.036209010413924915	1
317	Iter0318	2	9	10	2	0	0	0.04444444444444444	0.003328949957029088	-1.3748e-08	0
318	Iter0319	15	9	7	2	3	0	0.4761904761904762	0.6807863438007975	0.06102969453214455	1
319	Iter0320	8	7	1	0	0	0	0.5625	1.0	-0.00044858884999999995	0
320	Iter0321	9	14	4	0	0	0	0.13333333333333333	0.0407407407407412	-0.00021061736722730002	0
321	Iter0322	4	4	9	1	1	0	0.1111111111111111	0.11764705882352955	0.0347826992936	1
322	Iter0323	6	2	4	2	0	0	1.5	1.0	-8.263464800000001e-05	0
323	Iter0324	9	4	7	2	0	0	0.6428571428571429	1.0	-1.30932501e-05	0
324	Iter0325	9	3	4	2	0	0	1.5	1.0	-0.00011948054610000594	0
325	Iter0326	6	3	4	1	1	0	0.5	1.0	0.006759825745000001	1
326	Iter0327	11	3	5	1	1	0	0.7333333333333333	1.0	0.0022437641230722903	1
327	Iter0328	6	8	1	3	0	0	2.25	1.0	0.0	0
328	Iter0329	6	7	5	5	0	0	0.8571428571428571	1.0	-0.000705203736	0
329	Iter0330	12	6	5	2	0	0	0.8	1.0	-0.0004040683572595	0
330	Iter0331	15	11	4	3	3	0	1.0227272727272727	1.0	0.05107337545829334	1
331	Iter0332	10	7	4	2	0	0	0.7142857142857143	1.0	-0.0008962609	0
332	Iter0333	6	7	4	2	1	0	0.42857142857142855	0.6284829721362215	0.00642762174	1
333	Iter0334	6	2	6	0	1	0	0.33333333333333337	0.4725274725274709	0.0426133033696	1
334	Iter0335	5	6	5	4	0	0	0.6666666666666667	1.0	-0.000558082168	0
335	Iter0336	5	5	4	4	0	0	1.0	1.0	-5.891914099999999e-06	0
336	Iter0337	3	4	6	1	0	0	0.125	0.2657342657342656	-0.0002344399792	0
337	Iter0338	5	7	7	3	1	0	0.30612244897959184	0.2305310788282913	0.020910099757859	1
338	Iter0339	10	5	2	3	0	0	3.0	0.3472652218782256	-0.0010623659331778	0
339	Iter0340	8	5	5	5	1	0	1.6	0.6850181720285324	0.01651724791	1
340	Iter0341	6	6	3	3	1	0	1.0	1.0	0.04190173330000001	1
341	Iter0342	8	4	8	6	0	0	1.5	0.7014941445685834	-0.00060414447	0
342	Iter0343	1	6	4	3	0	0	0.125	0.2657342657342658	0.0	0
343	Iter0344	10	8	12	4	0	0	0.4166666666666667	0.2966484499685689	-3.9418325e-05	0
344	Iter0345	8	5	2	6	0	0	4.800000000000002	0.1826625386996912	-0.0007314684000000099	0
345	Iter0346	6	4	7	3	0	0	0.6428571428571428	1.0	-0.00040744912999999996	0
346	Iter0347	6	9	3	5	0	0	1.1111111111111112	1.0	-1.6296854e-05	0
347	Iter0348	8	10	3	3	1	0	0.8	1.0	0.036271206	1
348	Iter0349	3	10	1	0	0	0	0.18181818181818185	0.2857142857142853	0.0	0
349	Iter0350	8	4	8	4	1	0	1.0	1.0	0.027140229562480002	1
350	Iter0351	7	1	7	4	0	0	4.0	0.3378052975576196	-7.0420741625e-06	0
351	Iter0352	7	7	4	3	0	0	0.75	1.0	-0.0027450377	0
352	Iter0353	7	10	3	3	1	0	0.7	1.0	0.012174929662000001	1
353	Iter0354	4	8	8	4	2	0	0.25	0.2203467551428226	0.07915061079999999	1
354	Iter0355	3	7	8	3	0	0	0.16071428571428573	0.08610893750212645	-5.66133331e-06	0
355	Iter0356	5	6	4	1	0	0	0.20833333333333331	0.3076923076923075	-1.2368729999999999e-06	0
356	Iter0357	9	4	5	3	0	0	1.35	1.0	-0.00023629929999999998	0
357	Iter0358	11	6	2	4	3	0	3.6666666666666665	0.3412880026152323	0.08953027385000001	1
358	Iter0359	6	9	9	0	0	0	0.06999999999999999	0.0068229236774801725	-2.97838e-07	0
359	Iter0360	2	5	4	3	0	0	0.30000000000000004	0.5920745920745918	-3.57387e-07	0
360	Iter0361	7	5	6	1	1	1	0.2333333333333333	0.3330753353973148	0.023810501309760004	1
361	Iter0362	4	5	5	1	1	0	0.16	0.2867132867132856	0.0054331172	1
362	Iter0363	7	5	2	1	1	0	0.7	1.0	0.022074161991154237	1
363	Iter0364	4	3	3	3	0	0	1.3333333333333333	1.0	-1.75799e-05	0
364	Iter0365	12	5	1	4	2	0	9.6	0.11585782638414205	0.015618374499999999	1
365	Iter0366	6	4	3	4	0	0	2.0	0.6371863430686954	-0.000149180216	0
366	Iter0367	6	4	1	2	0	0	3.0	0.5594405594405605	-0.0009345426899	0
367	Iter0368	6	7	4	2	1	0	0.42857142857142855	0.6284829721362215	0.0187019593	1
368	Iter0369	2	6	5	1	0	0	0.06666666666666668	0.10256410256410263	-4.21141e-11	0
369	Iter0370	12	4	3	1	1	0	1.0	1.0	0.00897734885841	1
370	Iter0371	3	5	6	2	0	0	0.2	0.3146853146853145	-6.27993e-07	0
371	Iter0372	10	3	3	2	2	0	2.2222222222222223	0.5827497665732948	0.024012485492	1
372	Iter0373	9	7	6	2	0	0	0.4285714285714286	0.6570197873199679	-0.000254120672	0
373	Iter0374	2	9	8	1	0	0	0.027777777777777776	0.005477494641581326	-8.35806e-11	0
374	Iter0375	4	9	9	3	0	0	0.14814814814814814	0.04717997038632371	-5.22353e-07	0
375	Iter0376	5	3	4	4	0	0	1.6666666666666667	1.0	0.0	0
376	Iter0377	9	3	6	2	1	0	1.0	1.0	0.0157347023	1
377	Iter0378	11	11	6	3	0	0	0.5	0.4564034111976325	-0.000130252664	0
378	Iter0379	6	6	3	2	0	0	0.6666666666666666	1.0	-8.561356000000002e-06	0
379	Iter0380	6	8	6	6	0	0	0.75	1.0	-2.785613e-05	0
380	Iter0381	6	3	11	6	0	0	1.0909090909090908	1.0	-0.00031189463000000004	0
381	Iter0382	8	5	3	5	0	0	2.666666666666667	0.3869969040247687	-8.212307079999999e-06	0
382	Iter0383	5	11	5	2	0	0	0.18181818181818185	0.1687979539641946	-1.012715e-05	0
383	Iter0384	5	5	6	3	2	0	0.5	0.6499166468206714	0.0216378810799	1
384	Iter0385	10	5	9	3	1	0	0.6666666666666666	0.6956521739130495	0.017267236781	1
385	Iter0386	9	3	2	0	0	0	0.8333333333333334	1.0	-0.0003478295574035	0
386	Iter0387	6	8	1	0	0	0	0.3888888888888889	0.4666666666666665	-0.0018306906	0
387	Iter0388	7	8	6	2	0	0	0.2916666666666667	0.3787858392785009	-0.00022475890000000001	0
388	Iter0389	8	3	3	2	2	0	1.7777777777777777	1.0	0.0577779142703344	1
389	Iter0390	9	7	2	4	1	0	2.571428571428572	0.6351172047766489	0.010835081427000001	1
390	Iter0391	5	4	4	3	0	0	0.9375	1.0	-0.00077352270922405	0
391	Iter0392	7	6	5	2	0	0	0.4666666666666667	0.6424148606811135	-0.00026237493603	0
392	Iter0393	6	11	3	2	1	0	0.3636363636363636	0.609022556390974	0.021787138256000003	1
393	Iter0394	10	11	5	3	0	0	0.5454545454545454	0.6816591704148027	-0.000557074735	0
394	Iter0395	3	5	3	4	0	0	0.7999999999999999	1.0	-0.000266876	0
395	Iter0396	5	5	2	1	0	0	0.5	1.0	-0.000310737	0
396	Iter0397	8	5	5	0	0	0	0.25	0.248949579831932	-0.00021443912658	0
397	Iter0398	10	7	4	1	0	0	0.35714285714285715	0.6129718234981392	-5.66110537e-07	0
398	Iter0399	5	6	3	2	0	0	0.5555555555555556	1.0	-1.73909e-06	0
399	Iter0400	7	5	3	1	0	0	0.4666666666666666	1.0	-9.27723078637e-05	0
400	Iter0401	8	9	4	4	0	0	0.8888888888888888	1.0	-0.0030047400032	0
401	Iter0402	6	11	5	4	0	0	0.4363636363636363	0.4185354691075537	-0.000122876	0
402	Iter0403	7	3	5	2	0	0	0.9333333333333332	1.0	-0.0009052628	0
403	Iter0404	5	7	8	3	1	0	0.2678571428571429	0.213756898640462	0.01850739168	1
404	Iter0405	13	6	4	2	1	0	1.0833333333333333	1.0	0.0081355060959	1
405	Iter0406	3	5	12	2	0	0	0.1	0.05235012665353237	-1.05172e-08	0
406	Iter0407	9	8	6	2	0	0	0.375	0.4017890576243017	-0.00018097908369999998	0
407	Iter0408	7	4	5	1	0	0	0.35	0.6000323206205543	-0.000173110965	0
408	Iter0409	6	5	2	3	0	0	1.8	1.0	-0.0001327414	0
409	Iter0410	5	6	4	2	1	0	0.4166666666666667	0.6199095022624437	0.0128692979	1
410	Iter0411	8	4	4	5	0	0	2.5	0.396427720885925	-0.00032573568337000003	0
411	Iter0412	10	10	4	3	1	0	0.75	1.0	0.00337603042	1
412	Iter0413	5	10	7	1	0	0	0.07142857142857142	0.02719073899582705	-1.61792e-12	0
413	Iter0414	6	5	3	2	0	0	0.7999999999999999	1.0	-0.00028765077000000004	0
414	Iter0415	7	2	7	4	1	0	2.0	0.6424148606811142	0.021871281813	1
415	Iter0416	10	5	7	2	1	0	0.5714285714285714	0.6687122945704241	0.037178861577	1
416	Iter0417	10	7	7	4	0	0	0.8163265306122449	1.0	-0.0004872462	0
417	Iter0418	11	10	4	1	0	0	0.275	0.3561872909699013	-0.000182947934141	0
418	Iter0419	13	10	6	5	1	0	1.0833333333333337	1.0	0.027572910878	1
419	Iter0420	4	9	6	5	0	0	0.3703703703703704	0.40809664827029296	-0.000361753026	0
420	Iter0421	8	8	2	0	0	0	0.3333333333333333	0.4771241830065369	-0.00016177760227	0
421	Iter0422	8	5	3	1	0	0	0.5333333333333333	1.0	-1.97727e-06	0
422	Iter0423	7	6	4	2	0	0	0.5833333333333334	1.0	-0.0008825492963300002	0
423	Iter0424	9	4	4	2	0	0	1.125	1.0	-4.857025600000001e-06	0
424	Iter0425	6	6	2	1	0	0	0.5	1.0	-0.00030956420100000003	0
425	Iter0426	5	5	7	2	0	1	0.2857142857142857	0.3498452012383896	-9.13192e-07	0
426	Iter0427	11	6	4	3	1	0	1.375	1.0	0.019878922	1
427	Iter0428	8	8	6	1	0	0	0.16666666666666666	0.1759566318726375	-0.000183939034	0
428	Iter0429	9	7	3	0	0	0	0.3125	0.2631578947368429	-0.00043672506290000005	0
429	Iter0430	9	9	7	1	1	0	0.14285714285714285	0.09885263477940852	0.09444887990999999	1
430	Iter0431	14	7	2	1	1	0	1.0	1.0	0.0104931211943	1
431	Iter0432	4	4	4	3	0	0	0.75	1.0	-0.000537599170593	0
432	Iter0433	2	6	4	3	0	0	0.25	0.3146853146853137	-5.65437e-08	0
433	Iter0434	12	4	7	1	0	0	0.42857142857142855	0.6310935441370263	-0.00023057491399999997	0
434	Iter0435	4	3	4	1	0	0	0.3333333333333333	0.5757575757575769	-0.00016832099999999998	0
435	Iter0436	12	6	6	2	1	0	0.6666666666666666	1.0	0.03460734873384	1
436	Iter0437	3	5	3	1	0	0	0.2	0.5454545454545472	-1.22993665e-06	0
437	Iter0438	13	7	8	6	0	0	1.392857142857143	0.7282366881075685	-0.00054641258	0
438	Iter0439	6	7	4	0	0	0	0.175	0.10294117647058773	-5.248749011806e-06	0
439	Iter0440	7	11	7	7	1	0	0.6363636363636364	0.7212656956750909	0.005123755000000001	1
440	Iter0441	10	6	4	2	0	0	0.8333333333333334	1.0	-0.00093978589	0
441	Iter0442	11	7	2	2	2	0	1.5714285714285714	1.0	0.012746359999792643	1
442	Iter0443	6	4	5	0	1	0	0.2333333333333333	0.23076923076923034	0.017023653596699998	1
443	Iter0444	15	4	9	1	1	0	0.4166666666666667	0.63281546040167	0.03684920865289999	1
444	Iter0445	6	9	5	5	1	0	0.6666666666666666	0.6968299905774717	6.188338999999999e-05	1
445	Iter0446	5	2	7	3	0	0	1.0714285714285714	1.0	-2.51331e-05	0
446	Iter0447	7	11	8	5	0	0	0.3977272727272727	0.2851631909003063	-0.000415888519	0
447	Iter0448	5	3	3	4	2	0	2.2222222222222223	0.6192696192696191	0.1061496	1
448	Iter0449	9	4	5	4	1	0	1.8	0.6619195046439599	0.0157491367	1
449	Iter0450	7	10	7	1	1	0	0.1	0.042105263157894986	0.026111798426099998	1
450	Iter0451	6	5	7	1	1	0	0.17142857142857146	0.17698658410732676	0.00429497	1
451	Iter0452	8	6	3	1	1	0	0.4444444444444444	1.0	0.011495304183	1
452	Iter0453	4	3	7	3	0	0	0.5714285714285714	0.6436651583710411	-0.0001301239	0
453	Iter0454	5	2	6	2	0	0	0.8333333333333334	1.0	-3.9314905e-05	0
454	Iter0455	6	11	3	0	1	0	0.14583333333333334	0.073684210526316	0.019318222589	1
455	Iter0456	5	8	5	0	0	0	0.1111111111111111	0.035947712418300595	-9.304593e-05	0
456	Iter0457	6	4	5	1	0	0	0.3	0.5879120879120863	-8.325506502700001e-05	0
457	Iter0458	6	6	3	1	2	0	0.3333333333333333	0.5846153846153823	0.023287455384	1
458	Iter0459	4	4	6	4	0	0	0.6666666666666666	1.0	-0.000422973971	0
459	Iter0460	9	6	5	1	0	0	0.3	0.6126160990712112	-0.000481819843092	0
460	Iter0461	6	10	7	4	1	0	0.3428571428571429	0.2518598285996343	0.0366622	1
461	Iter0462	1	5	2	3	0	0	0.30000000000000004	0.5454545454545455	0.0	0
462	Iter0463	5	2	7	2	0	0	0.7142857142857143	1.0	-0.0005564789	0
463	Iter0464	7	9	4	2	0	0	0.3888888888888889	0.6351172047766489	-0.000632470100035	0
464	Iter0465	9	5	7	1	1	0	0.2571428571428572	0.3511586452762931	0.020313609841058	1
465	Iter0466	2	7	4	1	0	0	0.07142857142857142	0.0909090909090907	0.0	0
466	Iter0467	5	3	5	1	2	0	0.33333333333333337	0.5804195804195811	0.05891066609999998	1
467	Iter0468	13	8	5	2	0	0	0.65	1.0	-0.000310920274	0
468	Iter0469	3	5	4	3	0	0	0.45	0.6192696192696191	0.0	0
469	Iter0470	4	5	5	2	0	0	0.32	0.3575174825174812	-0.000194591	0
470	Iter0471	4	7	5	0	1	0	0.10416666666666667	0.0336538461538461	0.047561267989999996	1
471	Iter0472	5	5	9	6	0	0	0.6666666666666666	0.696829990577472	0.0	0
472	Iter0473	7	4	4	2	0	0	0.875	1.0	-0.00012327172551	0
473	Iter0474	7	7	5	0	1	0	0.16666666666666666	0.10603715170278633	0.030589759652000007	1
474	Iter0475	2	3	3	1	0	0	0.2222222222222222	0.5238095238095235	-6.031151e-05	0
475	Iter0476	5	5	6	3	1	0	0.5	0.6499166468206714	0.017222083779999998	1
476	Iter0477	6	3	8	6	1	1	1.5	1.0	0.040288177499999994	1
477	Iter0478	7	7	8	2	0	0	0.25	0.20992058150491452	-6.11023e-13	0
478	Iter0479	8	5	7	4	0	0	0.9142857142857144	1.0	-0.0010943825999999999	0
479	Iter0480	10	6	9	2	1	0	0.3703703703703704	0.4048309178744017	0.0047500745260000005	1
480	Iter0481	5	4	3	2	0	0	0.8333333333333334	1.0	-5.263352e-05	0
481	Iter0482	6	2	5	5	0	0	3.0	0.3665158371040738	-9.495279858e-06	0
482	Iter0483	5	7	7	4	1	0	0.4081632653061225	0.4136492125454283	0.02229572879	1
483	Iter0484	6	6	6	4	1	0	0.6666666666666666	0.6913550845439331	0.009629552040417	1
484	Iter0485	5	2	3	0	0	0	0.5	1.0	-0.001398673	0
485	Iter0486	7	12	5	2	0	0	0.2333333333333333	0.19043478260869665	-9.54509734404e-05	0
486	Iter0487	8	9	3	3	2	0	0.8888888888888888	1.0	0.034221015800000004	1
487	Iter0488	11	5	7	3	0	0	0.9428571428571428	1.0	-0.0007375310926071001	0
488	Iter0489	11	6	3	3	1	0	1.8333333333333333	0.6430205949656761	0.029411396929390002	1
489	Iter0490	7	7	8	4	3	0	0.5	0.4527392650424026	0.07422821918	1
490	Iter0491	9	5	4	3	1	0	1.35	1.0	0.010993201102000002	1
491	Iter0492	8	5	5	1	0	0	0.32	0.6047103051747003	-8.066661500004373e-05	0
492	Iter0493	6	4	9	1	2	0	0.16666666666666666	0.3034055727554188	0.06156840318	1
493	Iter0494	4	6	2	2	0	0	0.6666666666666666	1.0	-0.00047932576200000005	0
494	Iter0495	8	8	6	3	2	0	0.5	0.6766186566159681	0.013751690229999999	1
495	Iter0496	6	4	9	7	0	0	1.1666666666666663	1.0	-0.00010627656999999998	0
496	Iter0497	8	12	9	1	0	0	0.07407407407407407	0.017405582922824472	-2.39978481e-05	0
497	Iter0498	7	4	3	2	0	1	1.1666666666666667	1.0	-0.00058267020897	0
498	Iter0499	4	5	5	3	0	0	0.48	0.6371863430686948	-0.0009183227999999999	0
499	Iter0500	8	13	4	5	1	0	0.7692307692307693	1.0	0.027664311190000002	1
500	Iter0501	9	4	10	3	0	0	0.6749999999999999	1.0	-6.782494e-06	0
501	Iter0502	13	9	4	1	0	0	0.3611111111111111	0.6209587513935413	-0.000872612638	0
502	Iter0503	8	12	10	2	0	0	0.13333333333333333	0.027633763763279917	-4.31676e-05	0
503	Iter0504	12	8	8	5	2	0	0.9375	1.0	0.03588062540000001	1
504	Iter0505	2	7	7	4	1	0	0.16326530612244894	0.09228387711359816	0.018096146039999997	1
505	Iter0506	7	4	3	1	1	0	0.5833333333333334	1.0	0.03045155329156292	1
506	Iter0507	9	8	4	4	1	0	1.125	1.0	0.0143006491	1
507	Iter0508	9	11	5	3	0	0	0.4909090909090909	0.6776167471819639	-0.00144361707	0
508	Iter0509	3	2	4	1	1	0	0.375	1.0	0.0232386	1
509	Iter0510	11	0	6	1	2	0	3.4285714285714284	0.3888888888888907	0.03977340055629	1
510	Iter0511	6	3	10	4	0	0	0.8	1.0	0.0	0
511	Iter0512	10	2	5	5	0	0	5.0	0.17182662538699675	-0.00036473569400000003	0
512	Iter0513	6	5	7	3	0	0	0.5142857142857142	0.6594427244582042	-0.000789058	0
513	Iter0514	4	4	3	4	0	0	1.3333333333333333	1.0	-3.554757e-05	0
514	Iter0515	12	4	9	2	0	0	0.6666666666666666	1.0	-0.0008946679858000001	0
515	Iter0516	6	2	7	1	0	0	0.42857142857142855	1.0	-2.8192424000000004e-05	0
516	Iter0517	7	4	3	1	0	0	0.5833333333333334	1.0	-0.0001425556095	0
517	Iter0518	9	4	5	2	1	0	0.9	1.0	0.00885854969	1
518	Iter0519	4	3	6	3	0	0	0.6666666666666666	1.0	0.0	0
519	Iter0520	9	6	6	6	0	0	1.5	0.7068246062727226	-0.000207571091	0
520	Iter0521	7	5	3	6	1	0	2.8	0.3869969040247677	0.009104222358	1
521	Iter0522	5	5	4	1	0	0	0.25	0.5804195804195791	-3.4995939600000005e-05	0
522	Iter0523	7	5	4	3	0	0	1.05	1.0	-0.0002893829	0
523	Iter0524	13	3	4	6	1	0	6.5	0.04614104431038099	0.009575660582789998	1
524	Iter0525	7	5	9	2	1	0	0.3111111111111111	0.3707093821510303	0.00323291262692	1
525	Iter0526	8	5	4	2	1	0	0.8	1.0	0.00837537009	1
526	Iter0527	3	6	6	5	0	0	0.4166666666666667	0.4058585377470822	-5.35766e-05	0
527	Iter0528	5	8	2	1	0	0	0.3125	0.5499999999999977	0.0	0
528	Iter0529	5	7	7	1	0	0	0.1020408163265306	0.06966738112248938	-2.9013734599e-05	0
529	Iter0530	13	8	2	3	1	0	2.4375	0.619565217391308	0.00860150757	1
530	Iter0531	13	5	4	1	0	0	0.65	1.0	-0.0011381082882398422	0
531	Iter0532	7	9	5	3	0	0	0.4666666666666667	0.6668461434917226	-5.5872420100000004e-05	0
532	Iter0533	13	5	7	6	4	0	2.2285714285714286	0.4490994134269281	0.15163105689	1
533	Iter0534	7	3	8	6	0	0	1.7500000000000002	0.6784560506124708	-0.001808310654	0
534	Iter0535	9	6	3	1	1	0	0.5	1.0	0.012112187638001698	1
535	Iter0536	8	7	7	6	0	0	0.9795918367346936	1.0	-0.0008416408100000001	0
536	Iter0537	7	3	8	1	0	0	0.2916666666666667	0.5820433436532519	-0.0005226971	0
537	Iter0538	11	11	5	0	1	0	0.16666666666666666	0.05982905982906059	0.0054703092263	1
538	Iter0539	7	5	7	0	0	0	0.16666666666666666	0.10603715170278656	-0.00038020997000000003	0
539	Iter0540	4	5	7	4	0	0	0.4571428571428572	0.6534174803524647	-3.19768e-09	0
540	Iter0541	3	5	9	3	1	0	0.2	0.16746844486782547	0.0225822	1
541	Iter0542	9	7	2	7	0	0	4.500000000000001	0.2077157087091144	-4.066087679e-05	0
542	Iter0543	4	7	3	1	0	0	0.19047619047619047	0.2820512820512819	-0.0006595896999999999	0
543	Iter0544	13	8	9	1	3	0	0.18055555555555555	0.2054806343726418	0.052933976370000003	1
544	Iter0545	5	4	4	0	1	0	0.24	0.22797202797202865	0.00994255	1
545	Iter0546	12	9	8	4	1	0	0.6666666666666666	0.7188180103496489	0.022328945405336	1
546	Iter0547	9	7	5	1	1	0	0.2571428571428572	0.3511586452762931	0.0086135869174	1
547	Iter0548	5	6	4	2	0	0	0.4166666666666667	0.6199095022624437	-0.00010695008999999999	0
548	Iter0549	7	10	8	1	1	0	0.0875	0.03615560640732294	0.0095131649	1
549	Iter0550	6	6	8	1	0	0	0.125	0.15882352941176514	-0.000300063453	0
550	Iter0551	6	3	7	4	0	0	1.1428571428571428	1.0	0.0	0
551	Iter0552	9	5	3	4	0	0	2.4	0.3972136222910229	-7.613417711259919e-05	0
552	Iter0553	8	6	4	3	0	0	1.0	1.0	-2.6887406999999996e-06	0
553	Iter0554	11	6	3	2	0	0	1.2222222222222219	1.0	-0.0013497126	0
554	Iter0555	8	8	6	3	1	0	0.5	0.6766186566159681	0.00893255961	1
555	Iter0556	5	8	8	4	1	0	0.3125	0.2377439763090581	0.00815866	1
556	Iter0557	4	7	6	2	0	0	0.19047619047619047	0.16980233388902174	-0.000561482	0
557	Iter0558	3	6	4	1	0	0	0.125	0.2657342657342652	-0.000859021915	0
558	Iter0559	4	5	5	3	0	1	0.48	0.6371863430686948	-2.55157e-05	0
559	Iter0560	7	5	6	3	0	0	0.7	1.0	-0.00019833934	0
560	Iter0561	12	7	10	2	0	0	0.3428571428571429	0.41840990174888	-4.93963e-05	0
561	Iter0562	7	9	2	0	0	0	0.26666666666666666	0.4705882352941198	-0.00035135	0
562	Iter0563	10	4	7	2	0	0	0.7142857142857143	1.0	-0.000467195548871254	0
563	Iter0564	6	6	10	2	1	0	0.2	0.19302732534661485	0.0064075326	1
564	Iter0565	8	2	10	0	0	0	0.2727272727272727	0.4736842105263153	-9.81503e-05	0
565	Iter0566	7	3	6	1	2	0	0.3888888888888889	0.6029411764705864	0.0678127896393	1
566	Iter0567	6	10	6	1	1	0	0.1	0.06864988558352393	0.010670127156	1
567	Iter0568	2	4	2	1	0	0	0.25	0.5238095238095242	-0.000554904	0
568	Iter0569	9	9	5	5	0	0	1.0	1.0	-0.00026958771924000003	0
569	Iter0570	6	5	0	6	0	0	8.166666666666668	0.04274402068519725	-0.000571814306092	0
570	Iter0571	5	4	4	0	0	0	0.24	0.22797202797202865	-0.00033700063	0
571	Iter0572	6	6	5	3	1	0	0.6	0.6699214098594914	0.0229420999746033	1
572	Iter0573	6	6	5	3	0	0	0.6	0.6699214098594914	0.0	0
573	Iter0574	3	4	8	5	0	0	0.46875	0.6424148606811144	-1.54335e-07	0
574	Iter0575	13	7	6	2	0	0	0.6190476190476191	1.0	-0.000569492136164	0
575	Iter0576	5	10	7	2	0	0	0.14285714285714285	0.08937945887737257	-2.6935656e-07	0
576	Iter0577	7	7	1	2	2	0	2.0	1.0	0.01587052733	1
577	Iter0578	5	6	4	0	0	0	0.17142857142857146	0.10329670329670301	-0.0004402079	0
578	Iter0579	2	7	8	6	0	0	0.21428571428571427	0.1967963386727679	-4.78905e-07	0
579	Iter0580	6	6	8	5	1	0	0.625	0.6950975905236244	0.008732563015999999	1
580	Iter0581	13	12	1	4	2	0	4.333333333333333	0.33588761174968457	0.017284075152	1
581	Iter0582	11	11	5	1	0	0	0.2	0.19647502256197905	-2.039859e-06	0
582	Iter0583	11	8	5	1	0	0	0.275	0.3644268774703583	-7.915621465e-05	0
583	Iter0584	7	7	4	4	0	0	1.0	1.0	-2.764175e-05	0
584	Iter0585	5	12	0	1	0	0	0.9230769230769232	1.0	-1.5429300719659e-06	0
585	Iter0586	11	5	5	3	0	0	1.32	1.0	-1.62262212495e-05	0
586	Iter0587	8	9	11	3	0	0	0.24242424242424246	0.13781818768035478	-0.000127695	0
587	Iter0588	8	3	9	3	0	0	0.8888888888888888	1.0	-1.7368188938e-10	0
588	Iter0589	8	3	12	1	0	0	0.2222222222222222	0.3002070393374754	0.0	0
589	Iter0590	7	3	5	1	1	0	0.4666666666666667	1.0	0.02974331841	1
590	Iter0591	8	5	4	1	0	0	0.4	0.6148459383753492	-0.0007219976	0
591	Iter0592	3	4	4	1	1	0	0.1875	0.2929292929292933	0.015917999999932632	1
592	Iter0593	6	5	6	3	0	0	0.6	0.669921409859489	-1.79407e-07	0
593	Iter0594	7	6	13	3	1	0	0.2692307692307693	0.22558720639680496	0.0219298	1
594	Iter0595	7	10	12	2	0	0	0.11666666666666665	0.024468410955812498	-1.0967122999999998e-05	0
595	Iter0596	13	4	9	6	1	0	2.1666666666666665	0.4500918895391066	0.019187272780000004	1
596	Iter0597	14	5	5	3	2	0	1.6799999999999995	0.6578061551974659	0.058092096346249004	1
597	Iter0598	6	10	3	1	1	0	0.2	0.2848297213622301	0.00700775258	1
598	Iter0599	5	8	8	0	1	0	0.07407407407407407	0.006840630989237761	0.006079615	1
599	Iter0600	7	3	5	2	1	0	0.9333333333333332	1.0	0.027440894784150006	1
600	Iter0601	5	6	5	2	1	0	0.33333333333333337	0.36651583710407337	0.020376728	1
601	Iter0602	7	4	5	2	0	0	0.7	1.0	-1.566842e-06	0
602	Iter0603	8	7	8	2	0	0	0.2857142857142857	0.2289626647413719	-9.979819000000001e-05	0
603	Iter0604	10	2	10	2	0	0	1.0	1.0	-0.00026428274237452005	0
604	Iter0605	8	10	6	3	1	0	0.4	0.4197101449275389	0.027477422077	1
605	Iter0606	8	5	5	2	1	0	0.64	1.0	0.019885009	1
606	Iter0607	4	6	4	1	0	0	0.16666666666666666	0.2820512820512819	-0.00015336562	0
607	Iter0608	8	9	6	4	1	0	0.5925925925925926	0.6945842868039733	0.0455222399783	1
608	Iter0609	9	7	2	1	0	0	0.6428571428571429	1.0	-1.2370587e-05	0
609	Iter0610	5	4	8	3	0	0	0.46875	0.6424148606811146	-5.60392e-06	0
610	Iter0611	8	4	6	2	1	0	0.6666666666666666	1.0	0.0041571772642	1
611	Iter0612	5	5	7	0	0	0	0.125	0.044117647058823366	-1.44114e-12	0
612	Iter0613	5	3	7	1	0	0	0.2380952380952381	0.5692307692307681	-0.0007438306361	0
613	Iter0614	6	6	6	4	1	0	0.6666666666666666	0.6913550845439331	0.012558445	1
614	Iter0615	7	5	9	5	0	0	0.7777777777777777	1.0	-0.00020209539	0
615	Iter0616	9	2	4	0	1	0	0.6666666666666667	1.0	0.024488357757036998	1
616	Iter0617	4	5	6	3	0	0	0.4	0.6371863430686978	-4.50955e-05	0
617	Iter0618	5	5	9	4	1	0	0.4444444444444444	0.4172836182527927	0.024472333955308	1
618	Iter0619	3	4	7	1	0	0	0.10714285714285714	0.11888111888111852	0.0	0
619	Iter0620	3	6	3	1	0	0	0.16666666666666666	0.26573426573426634	-0.000148589	0
620	Iter0621	5	10	6	2	0	0	0.16666666666666666	0.0893794588773722	-9.20014e-05	0
621	Iter0622	7	3	5	0	1	0	0.3333333333333333	0.5054945054945037	0.0041359768	1
622	Iter0623	5	4	3	1	0	0	0.4166666666666667	1.0	-0.00024374126032300004	0
623	Iter0624	6	9	1	4	0	0	2.6666666666666665	0.6126160990712072	-0.00016912831028361	0
624	Iter0625	10	4	2	3	0	0	3.75	0.3046955624355003	-3.83655951073e-05	0
625	Iter0626	4	5	5	1	1	0	0.16	0.2867132867132856	0.015547799899750001	1
626	Iter0627	10	8	9	2	1	0	0.2777777777777778	0.2343740217803207	0.01144863029	1
627	Iter0628	14	6	3	0	2	0	0.5357142857142857	0.5392433653303181	0.040167078439000005	1
628	Iter0629	8	3	3	0	0	0	0.5625	1.0	-0.0014519240386716	0
629	Iter0630	10	2	11	4	0	0	1.818181818181818	0.6618357487922736	-0.00010435936878900001	0
630	Iter0631	6	4	5	1	2	0	0.3	0.5879120879120863	0.0523611583	1
631	Iter0632	6	7	9	4	0	0	0.3809523809523809	0.4283079822317955	-3.3030512e-05	0
632	Iter0633	7	6	8	8	1	0	1.1666666666666667	1.0	0.014808078600000002	1
633	Iter0634	9	6	5	3	1	0	0.8999999999999999	1.0	0.009408902226	1
634	Iter0635	10	3	3	4	2	0	4.4444444444444455	0.17358101135190893	0.035274826772887	1
635	Iter0636	4	6	4	2	0	0	0.3333333333333333	0.6083916083916083	-9.584080547342001e-05	0
636	Iter0637	5	7	4	4	0	0	0.7142857142857143	1.0	-1.80534885e-05	0
637	Iter0638	7	6	1	1	2	0	1.1666666666666667	1.0	0.04269122830000001	1
638	Iter0639	3	6	8	2	0	0	0.125	0.06977851869492736	-0.000254332	0
639	Iter0640	12	5	5	2	1	0	0.96	1.0	0.014617831129899997	1
640	Iter0641	8	1	3	4	1	0	10.666666666666666	0.10576923076923042	0.032530062639999996	1
641	Iter0642	6	3	7	3	0	0	0.8571428571428571	1.0	-6.951877000000001e-05	0
642	Iter0643	13	8	7	1	3	0	0.23214285714285715	0.3714806932198281	0.08255610113929998	1
643	Iter0644	7	7	4	1	0	0	0.25	0.3378052975576197	-0.0001006444	0
644	Iter0645	7	5	4	5	0	0	1.7499999999999998	0.6699214098594881	-0.00039596140000000004	0
645	Iter0646	9	4	6	3	2	0	1.125	1.0	0.0472986221037	1
646	Iter0647	7	10	6	3	0	0	0.35	0.4109839816933635	0.0	0
647	Iter0648	7	5	2	3	1	0	2.1	0.6199095022624421	0.016322144327399996	1
648	Iter0649	9	6	7	1	0	0	0.21428571428571427	0.3452195939744735	-0.0004888221932	0
649	Iter0650	3	7	8	2	0	0	0.10714285714285714	0.06977851869492778	-0.000219184411	0
650	Iter0651	5	10	7	1	0	0	0.07142857142857142	0.02719073899582705	-5.29042e-05	0
651	Iter0652	9	5	3	4	0	0	2.4	0.3972136222910229	-0.00010666757599999999	0
652	Iter0653	1	4	5	5	0	0	0.25	0.58041958041958	0.0	0
653	Iter0654	10	9	4	4	1	0	1.1111111111111112	1.0	0.008177116191	1
654	Iter0655	8	2	1	2	2	0	8.0	0.2027972027972029	0.0236986471891265	1
655	Iter0656	10	5	7	1	1	0	0.2857142857142857	0.3689757991817499	0.00868487641	1
656	Iter0657	10	5	4	0	0	0	0.36666666666666653	0.5304437564499499	-7.9829372848e-06	0
657	Iter0658	7	4	5	0	0	0	0.26666666666666666	0.2445054945054935	-3.166080000001074e-05	0
658	Iter0659	5	5	8	5	0	0	0.625	0.6850181720285324	-0.00030720540000000004	0
659	Iter0660	2	2	9	4	0	0	0.4444444444444444	0.5840336134453747	-0.000109977	0
660	Iter0661	4	6	5	3	0	0	0.4	0.6371863430686966	-1.06307e-08	0
661	Iter0662	9	3	6	0	0	0	0.35714285714285715	0.5147058823529426	-0.000255926	0
662	Iter0663	15	8	3	1	0	0	0.625	1.0	-0.0007261052170144029	0
663	Iter0664	11	4	4	2	0	0	1.375	1.0	-4.8555984e-06	0
664	Iter0665	4	1	6	1	1	0	0.6666666666666666	1.0	0.0357272	1
665	Iter0666	7	4	4	2	1	0	0.875	1.0	0.02943592361	1
666	Iter0667	5	6	3	4	1	0	1.1111111111111112	1.0	0.00894843588	1
667	Iter0668	7	9	8	4	1	0	0.3888888888888889	0.27605843252632817	0.026438999599445002	1
668	Iter0669	6	3	8	4	0	0	1.0	1.0	-0.00043626172193	0
669	Iter0670	10	7	2	4	0	0	2.8571428571428568	0.3707093821510293	-0.0018864517141999998	0
670	Iter0671	8	3	4	2	1	0	1.3333333333333333	1.0	0.01553380340587703	1
671	Iter0672	11	2	3	1	1	0	1.8333333333333333	1.0	0.002837487742	1
672	Iter0673	7	6	6	0	1	0	0.16326530612244894	0.1092805543269932	0.0295088941	1
673	Iter0674	7	5	8	4	0	0	0.7	1.0	-4.7358990000000004e-06	0
674	Iter0675	2	3	0	2	0	0	2.25	1.0	-0.00018884719999999998	0
675	Iter0676	8	8	6	1	0	0	0.16666666666666666	0.1759566318726375	-0.0008310319719999999	0
676	Iter0677	4	6	8	4	0	0	0.3333333333333333	0.3912836389616549	0.0	0
677	Iter0678	6	4	5	5	0	0	1.5	1.0	-2.94188499e-06	0
678	Iter0679	11	5	8	3	0	0	0.8250000000000001	1.0	-0.00117469469	0
679	Iter0680	1	2	8	2	0	0	0.125	0.2027972027972029	0.0	0
680	Iter0681	8	6	7	4	0	0	0.7619047619047619	1.0	-0.000306126	0
681	Iter0682	10	5	5	1	0	0	0.4	0.6226780185758529	-1.8281431292e-05	0
682	Iter0683	3	5	6	3	1	0	0.3	0.3469354175236529	0.0041518	1
683	Iter0684	11	0	5	4	1	1	10.0	0.026006191950464524	0.028150919000000003	1
684	Iter0685	4	7	8	1	0	0	0.07142857142857142	0.02810192903072152	-4.3958e-05	0
685	Iter0686	7	6	2	2	0	0	1.1666666666666667	1.0	-2.2401421827999998e-05	0
686	Iter0687	11	7	3	2	2	0	1.0476190476190477	1.0	0.04418672487	1
687	Iter0688	6	6	3	0	0	0	0.25	0.22857142857142754	-0.0003067984	0
688	Iter0689	10	10	1	4	0	0	4.0	0.3405797101449287	-0.000346690795	0
689	Iter0690	7	8	3	1	0	0	0.2916666666666667	0.582043343653251	-0.000177936774284	0
690	Iter0691	10	4	5	3	2	0	1.5	1.0	0.028576494421	1
691	Iter0692	5	4	5	0	0	0	0.2	0.22077922077922	-0.0003306679915698	0
692	Iter0693	9	2	7	3	0	0	1.9285714285714284	0.6351172047766502	-0.0008837287	0
693	Iter0694	10	6	3	0	0	0	0.3928571428571429	0.5170278637770895	-0.000492249294306	0
694	Iter0695	5	9	6	2	0	0	0.1851851851851852	0.18266253869969068	-1.23541659e-06	0
695	Iter0696	12	3	3	1	1	0	1.3333333333333333	1.0	0.0652858666675283	1
696	Iter0697	9	9	3	3	1	0	1.0	1.0	0.0065619067678949995	1
697	Iter0698	4	5	8	5	0	0	0.5	0.665634674922595	-4.811851200000001e-05	0
698	Iter0699	8	6	3	8	1	0	3.555555555555556	0.2271570870911309	0.008286895249951465	1
699	Iter0700	9	5	6	1	1	0	0.3	0.6126160990712111	0.0140797697443	1
700	Iter0701	7	4	3	4	0	0	2.333333333333333	0.6304675716440438	-0.00020438827550000002	0
701	Iter0702	9	6	7	0	1	0	0.17857142857142858	0.12064921662444884	0.016756909619	1
702	Iter0703	6	8	5	3	0	0	0.45	0.6594427244582044	-0.0004374597	0
703	Iter0704	6	8	7	3	0	0	0.3214285714285714	0.2396688652577737	-0.0004025394492611	0
704	Iter0705	10	5	6	2	0	0	0.6666666666666666	1.0	-0.00023463084024	0
705	Iter0706	7	4	1	6	0	0	10.5	0.06561085972850687	-0.0003558126187352114	0
706	Iter0707	4	13	6	0	0	0	0.051020408163265314	0.0020802995631370906	-0.000241721	0
707	Iter0708	7	4	5	5	1	0	1.75	0.6699214098594926	0.029480750000000003	1
708	Iter0709	11	6	5	5	0	0	1.8333333333333333	0.6867531146707441	-0.000200466299965	0
709	Iter0710	6	2	6	2	1	0	1.0	1.0	0.023949	1
710	Iter0711	5	10	2	2	0	0	0.5	0.6026831785345711	-0.00043659410000000004	0
711	Iter0712	10	11	8	0	1	0	0.10185185185185183	0.011617268288932545	0.029242734981260905	1
712	Iter0713	7	6	3	7	1	0	2.7222222222222228	0.4015345268542188	0.027981100000000005	1
713	Iter0714	8	8	4	1	1	0	0.25	0.33834586466165395	0.0095375510087537	1
714	Iter0715	10	5	6	2	0	0	0.6666666666666666	1.0	-0.00034381443149999997	0
715	Iter0716	2	6	8	5	0	0	0.2083333333333333	0.1826625386996912	0.0	0
716	Iter0717	10	2	6	3	0	0	2.5	0.6107916850950901	-0.0008532793400000001	0
717	Iter0718	6	4	5	2	0	0	0.6	1.0	-0.00027809008	0
718	Iter0719	9	6	1	4	1	0	6.0	0.3034055727554185	0.015952002453699998	1
719	Iter0720	5	4	4	2	0	0	0.625	1.0	-0.00085515107	0
720	Iter0721	4	8	3	2	0	0	0.3333333333333333	0.5927601809954732	-6.058830000000002e-06	0
721	Iter0722	9	7	3	3	0	0	1.2857142857142858	1.0	-0.000262067807533	0
722	Iter0723	9	4	7	1	0	0	0.32142857142857145	0.6064671482628156	-0.00024928859	0
723	Iter0724	5	5	4	3	1	0	0.75	1.0	0.014974577343909997	1
724	Iter0725	11	5	10	5	0	0	1.1	1.0	-0.00023549588000000002	0
725	Iter0726	9	1	7	2	0	0	2.571428571428572	0.5820433436532506	-8.1082284e-05	0
726	Iter0727	9	4	2	4	0	0	4.5	0.31888544891640835	-6.353351360000102e-05	0
727	Iter0728	5	9	2	2	2	0	0.5555555555555556	1.0	0.030126281479	1
728	Iter0729	10	3	5	3	0	0	2.0	0.6310629514963866	-1.58606e-05	0
729	Iter0730	9	4	6	3	1	0	1.125	1.0	0.007565151641999999	1
730	Iter0731	6	7	8	3	1	0	0.32142857142857145	0.2396688652577737	0.007638307380000001	1
731	Iter0732	3	11	5	0	0	0	0.05555555555555555	0.004815961472308216	-0.00046592566669999996	0
732	Iter0733	8	5	4	3	0	0	1.2000000000000002	1.0	-7.71736e-13	0
733	Iter0734	10	5	8	5	1	0	1.25	1.0	0.01507097047	1
734	Iter0735	9	9	3	2	1	0	0.6666666666666666	1.0	0.038949510750108995	1
735	Iter0736	3	5	3	0	0	0	0.16666666666666666	0.1818181818181817	-3.216296e-05	0
736	Iter0737	9	6	4	2	0	0	0.75	1.0	-0.000507593	0
737	Iter0738	5	10	4	0	1	0	0.10909090909090907	0.03250773993808045	0.009791924939999998	1
738	Iter0739	5	1	4	0	0	0	0.6	1.0	-0.0004840510722873	0
739	Iter0740	8	6	5	1	2	1	0.26666666666666666	0.35436016511867924	0.035997387449059996	1
740	Iter0741	6	7	6	6	1	0	0.8571428571428571	1.0	0.008954937999999999	1
741	Iter0742	6	7	7	2	1	0	0.24489795918367346	0.20309597523219752	0.00245418	1
742	Iter0743	11	6	5	5	3	0	1.8333333333333333	0.6867531146707441	0.052876653681	1
743	Iter0744	12	9	8	2	1	0	0.3333333333333333	0.2617170323027083	0.01066343051699423	1
744	Iter0745	6	7	4	4	2	0	0.8571428571428571	1.0	0.038229055000000005	1
745	Iter0746	9	4	4	1	1	0	0.5625	1.0	0.03408691024	1
746	Iter0747	10	6	10	2	0	1	0.33333333333333337	0.4009661835748763	-1.4688481587e-05	0
747	Iter0748	5	4	6	0	0	0	0.17142857142857146	0.10329670329670336	-1.1062379999999999e-06	0
748	Iter0749	8	7	4	3	0	1	0.8571428571428571	1.0	-0.00063180443	0
749	Iter0750	10	6	1	2	1	0	3.333333333333333	0.545923632610939	0.011589941283920002	1
750	Iter0751	9	7	6	6	1	0	1.2857142857142858	1.0	0.0061481310709999995	1
751	Iter0752	7	6	6	4	1	0	0.7777777777777778	1.0	0.016233105900000003	1
752	Iter0753	6	3	5	4	0	0	1.6	1.0	-0.0001949025023	0
753	Iter0754	4	4	3	5	0	0	1.6666666666666667	1.0	-8.82729e-05	0
754	Iter0755	10	4	3	1	0	0	0.8333333333333334	1.0	-0.0001170962	0
755	Iter0756	10	7	4	0	1	0	0.275	0.2549707602339193	0.0312919165358	1
756	Iter0757	12	7	6	5	2	0	1.4285714285714286	0.7116298993360484	0.028323930429999998	1
757	Iter0758	11	7	2	6	1	0	4.714285714285714	0.20155606407322527	0.011140478378828998	1
758	Iter0759	9	12	8	0	0	0	0.08547008547008547	0.008916054793116369	-3.277651e-05	0
759	Iter0760	10	3	8	3	0	0	1.2500000000000002	1.0	-2.3522e-08	0
760	Iter0761	4	8	8	0	0	0	0.0617283950617284	0.004699531634516143	-1.8492500999999998e-07	0
761	Iter0762	8	7	7	3	2	0	0.4897959183673469	0.6784560506124684	0.02660160994	1
762	Iter0763	5	2	8	3	0	0	0.9375	1.0	0.0	0
763	Iter0764	12	12	4	1	2	0	0.25	0.34318555008210305	0.065099783990255	1
764	Iter0765	7	4	9	7	0	0	1.3611111111111107	1.0	-2.8950014000000002e-06	0
765	Iter0766	6	6	8	3	0	0	0.375	0.4003230582850995	-0.00018952261077999997	0
766	Iter0767	11	5	9	3	0	0	0.7333333333333334	1.0	-0.00015899957002999998	0
767	Iter0768	7	7	7	2	1	0	0.2857142857142857	0.2282945214699148	0.008595082758200001	1
768	Iter0769	5	8	2	3	0	0	0.9375	1.0	-1.5591237400000002e-05	0
769	Iter0770	9	3	8	4	1	0	1.5	1.0	0.014259066	1
770	Iter0771	4	6	5	8	0	0	1.0666666666666669	1.0	0.0	0
771	Iter0772	17	10	3	2	1	0	1.1333333333333333	1.0	0.009908244361053	1
772	Iter0773	4	9	1	3	0	0	1.3333333333333333	1.0	-2.0712800000000005e-07	0
773	Iter0774	6	6	3	3	0	0	1.0	1.0	-0.00063514290740222	0
774	Iter0775	8	3	8	2	2	0	0.6666666666666666	1.0	0.025798797406	1
775	Iter0776	12	8	4	2	3	0	0.75	1.0	0.077112846727	1
776	Iter0777	6	4	5	3	1	0	0.8999999999999999	1.0	0.015327586399999997	1
777	Iter0778	7	2	12	3	0	0	0.875	1.0	-5.98469e-05	0
778	Iter0779	10	4	4	4	2	0	2.5	0.3864465084279329	0.06946160571	1
779	Iter0780	6	4	8	6	0	0	1.125	1.0	-0.0002137425	0
780	Iter0781	3	6	6	7	0	0	0.5833333333333334	0.6739938080495301	-5.16766e-09	0
781	Iter0782	10	3	7	3	0	0	1.4285714285714286	1.0	-2.5697740000000002e-05	0
782	Iter0783	6	10	5	4	0	0	0.48	0.4340826490779405	-0.00046077092	0
783	Iter0784	8	3	4	3	0	0	2.0	0.6266968325791855	-0.0004217821031	0
784	Iter0785	7	8	1	4	2	0	3.5	0.6026831785345708	0.08520602299999999	1
785	Iter0786	12	4	4	1	0	0	0.75	1.0	-7.2445146652733e-05	0
786	Iter0787	7	7	8	5	0	0	0.625	0.7035671018979739	-2.7982600000000003e-07	0
787	Iter0788	4	1	8	3	1	0	1.5	1.0	0.02107549999852024	1
788	Iter0789	6	3	3	1	0	0	0.6666666666666666	1.0	-0.00015195238	0
789	Iter0790	1	7	4	4	0	0	0.14285714285714285	0.2820512820512819	0.0	0
790	Iter0791	3	6	5	1	0	0	0.1	0.1188811188811186	-0.000314231253804	0
791	Iter0792	5	6	5	1	0	0	0.16666666666666669	0.30429864253393724	-0.000650943328	0
792	Iter0793	3	9	4	0	0	0	0.08	0.01923076923076913	0.0	0
793	Iter0794	5	4	4	5	2	0	1.5625	1.0	0.04887058768779	1
794	Iter0795	4	7	9	2	0	0	0.12698412698412698	0.0804953560371518	-7.8521427e-05	0
795	Iter0796	9	7	2	4	0	0	2.571428571428572	0.6351172047766489	-5.782269e-06	0
796	Iter0797	4	5	3	1	0	0	0.26666666666666666	0.5594405594405606	-0.0004095878	0
797	Iter0798	8	3	9	2	1	0	0.5925925925925926	1.0	0.00970839	1
798	Iter0799	8	8	5	1	0	0	0.2	0.33303847854931445	-4.138029e-05	0
799	Iter0800	9	6	2	2	1	0	1.5	1.0	0.00353634013606	1
800	Iter0801	11	12	2	1	0	0	0.4583333333333333	1.0	-0.0013295263999999998	0
801	Iter0802	8	3	7	2	2	0	0.7619047619047619	1.0	0.04470709522	1
802	Iter0803	8	5	4	4	0	0	1.6	0.6730650154798768	-0.0002607519109	0
803	Iter0804	7	3	8	2	0	0	0.5833333333333334	1.0	-0.00178123488	0
804	Iter0805	7	8	5	3	1	0	0.525	0.6668461434917208	0.006102790873	1
805	Iter0806	6	5	4	4	0	0	1.2	1.0	-7.835960000000001e-08	0
806	Iter0807	11	4	8	3	1	0	1.03125	1.0	0.02362248082	1
807	Iter0808	8	5	6	0	0	0	0.21428571428571427	0.12796697626418954	-0.000516470272	0
808	Iter0809	8	6	7	1	0	0	0.19047619047619047	0.19321699971854767	-0.000156162264	0
809	Iter0810	10	5	8	5	0	0	1.25	1.0	-7.450841e-05	0
810	Iter0811	10	5	10	4	1	0	0.8	1.0	0.0048398216199999995	1
811	Iter0812	14	6	3	2	1	0	1.5555555555555556	1.0	0.017779520908944513	1
812	Iter0813	8	10	3	4	0	0	1.0666666666666669	1.0	-0.00042066511845110003	0
813	Iter0814	8	5	5	3	0	0	0.96	1.0	-0.00017670666	0
814	Iter0815	5	4	6	1	0	0	0.20833333333333331	0.3076923076923062	-0.0009004067399999998	0
815	Iter0816	10	2	4	2	0	0	2.5	0.5686274509803942	-0.0006622424101	0
816	Iter0817	12	3	3	3	2	0	4.0	0.2906346749226016	0.039071227210999995	1
817	Iter0818	8	5	5	1	0	0	0.32	0.6047103051747003	-0.0006952308099000001	0
818	Iter0819	6	11	5	2	0	0	0.21818181818181814	0.1819221967963391	-7.30808e-09	0
819	Iter0820	7	7	2	4	0	0	2.0	0.6424148606811164	0.0	0
820	Iter0821	5	11	7	1	0	0	0.06493506493506493	0.02719073899582724	-1.53273e-05	0
821	Iter0822	12	5	8	1	1	0	0.3	0.3797506840985108	0.0030643386946	1
822	Iter0823	6	4	3	0	2	0	0.35	0.4965034965034971	0.06502529870368001	1
823	Iter0824	11	5	6	5	0	0	1.8333333333333333	0.6867531146707437	-0.000199116370947	0
824	Iter0825	2	4	6	4	0	0	0.3333333333333333	0.6083916083916083	-1.29648e-05	0
825	Iter0826	8	11	5	2	0	0	0.2909090909090909	0.3782608695652175	-0.0001980183435	0
826	Iter0827	6	5	5	4	1	0	0.96	1.0	0.03001306716	1
827	Iter0828	7	5	3	3	0	0	1.4	1.0	-0.00040009339671211506	0
828	Iter0829	5	8	5	3	0	0	0.375	0.3869969040247698	-1.48001e-06	0
829	Iter0830	9	5	3	4	1	0	2.4	0.3972136222910229	0.023542949069	1
830	Iter0831	8	9	8	3	1	0	0.3333333333333333	0.2530020703933757	0.0038618266960000003	1
831	Iter0832	6	5	4	2	0	0	0.6	1.0	-6.681871493599999e-05	0
832	Iter0833	2	5	4	3	0	0	0.30000000000000004	0.5920745920745918	-3.9139e-07	0
833	Iter0834	6	7	7	1	0	0	0.12244897959183673	0.08503611971104214	-3.01221e-05	0
834	Iter0835	7	7	5	1	0	0	0.2	0.32456140350877233	-0.00024829050000000003	0
835	Iter0836	7	3	7	7	0	0	2.333333333333333	0.4212208911024383	-1.0774e-05	0
836	Iter0837	8	5	5	1	0	0	0.32	0.6047103051747003	-0.0003552008	0
837	Iter0838	9	7	6	1	1	0	0.2142857142857143	0.34521959397447466	0.019315120318	1
838	Iter0839	11	5	10	3	2	0	0.66	0.6968182575379029	0.0265230429	1
839	Iter0840	6	6	4	0	2	0	0.2	0.23351648351648305	0.0248181013	1
840	Iter0841	11	13	2	2	0	0	0.8461538461538461	1.0	-0.0005077820969119999	0
841	Iter0842	6	8	6	5	1	0	0.625	0.6950975905236245	0.00222701	1
842	Iter0843	11	3	7	2	0	0	1.0476190476190477	1.0	-4.20169e-05	0
843	Iter0844	7	8	7	2	0	0	0.25	0.20992058150491366	-2.7834300000000003e-06	0
844	Iter0845	2	7	5	4	0	0	0.22857142857142854	0.3348416289592766	0.0	0
845	Iter0846	7	8	4	3	1	0	0.65625	1.0	0.0100978472544	1
846	Iter0847	9	7	3	2	2	0	0.8571428571428572	1.0	0.01428463547	1
847	Iter0848	8	7	6	1	1	0	0.19047619047619047	0.19321699971854756	0.03090124105	1
848	Iter0849	6	4	8	4	0	0	0.75	1.0	0.0	0
849	Iter0850	6	2	3	3	1	0	3.0	0.5804195804195795	0.027462659694300003	1
850	Iter0851	4	10	5	2	0	0	0.16	0.15882352941176492	-4.5849e-08	0
851	Iter0852	5	7	3	5	0	1	1.1904761904761905	1.0	-3.40948e-05	0
852	Iter0853	2	3	6	0	0	0	0.10714285714285714	0.060606060606060524	-0.000201719	0
853	Iter0854	8	6	3	0	0	0	0.32142857142857145	0.5147058823529405	-1.8487801561000003e-06	0
854	Iter0855	10	10	9	2	0	1	0.2222222222222222	0.12837016443922733	-0.00018679739925909998	0
855	Iter0856	8	5	3	1	0	0	0.5333333333333333	1.0	-0.0010276252279025001	0
856	Iter0857	9	4	3	3	1	0	2.25	0.6168730650154781	0.010393797800000002	1
857	Iter0858	6	6	4	2	0	0	0.5	0.6380090497737558	-0.00026406327	0
858	Iter0859	5	3	8	1	0	0	0.20833333333333331	0.2941176470588229	-2.82931e-07	0
859	Iter0860	4	11	7	6	0	0	0.3116883116883117	0.2458101776179573	-4.4271898999999996e-05	0
860	Iter0861	4	6	2	4	0	0	1.3333333333333333	1.0	-3.87419e-10	0
861	Iter0862	4	7	2	2	0	0	0.5714285714285714	1.0	0.0	0
862	Iter0863	7	2	3	6	0	0	7.0	0.15343480049362446	-0.000559151	0
863	Iter0864	4	9	7	2	0	0	0.12698412698412698	0.08049535603715152	-0.00031594819000000003	0
864	Iter0865	9	4	0	4	1	0	10.0	0.02941176470588216	0.028332071	1
865	Iter0866	11	6	5	3	0	0	1.1	1.0	-0.0005215352	0
866	Iter0867	7	2	4	6	1	0	5.25	0.16980233388902072	0.00672907313073	1
867	Iter0868	7	7	8	3	0	0	0.375	0.4138713151164382	-0.0003458398000000001	0
868	Iter0869	9	11	4	2	1	0	0.4090909090909091	0.6447204968944079	0.021315745401525803	1
869	Iter0870	7	8	5	3	0	0	0.525	0.6668461434917208	-0.0002091854275	0
870	Iter0871	6	1	7	3	2	1	2.5714285714285707	0.6029411764705864	0.019443685170000002	1
871	Iter0872	8	10	6	4	0	0	0.5333333333333333	0.6945842868039644	-0.0001418061	0
872	Iter0873	5	7	3	3	0	0	0.7142857142857143	1.0	-4.03617e-06	0
873	Iter0874	4	2	8	3	1	0	0.75	1.0	0.016053799999997488	1
874	Iter0875	10	5	6	3	1	0	1.0	1.0	0.01903083314	1
875	Iter0876	7	2	5	3	2	0	2.1	0.6199095022624409	0.07104389228047002	1
876	Iter0877	10	5	8	3	0	0	0.75	1.0	-6.138811196e-05	0
877	Iter0878	8	4	3	1	2	0	0.6666666666666666	1.0	0.031210860955	1
878	Iter0879	7	6	5	3	1	0	0.7000000000000001	1.0	0.0186025649	1
879	Iter0880	4	6	4	2	0	0	0.3333333333333333	0.6083916083916083	0.0	0
880	Iter0881	6	4	4	4	0	0	1.5	1.0	-3.421712577e-05	0
881	Iter0882	5	5	5	5	1	0	1.0	1.0	0.00711125347	1
882	Iter0883	7	7	6	0	0	0	0.14285714285714285	0.05149638802889595	-0.000493701	0
883	Iter0884	9	5	7	5	0	0	1.2857142857142858	1.0	-2.77496235e-09	0
884	Iter0885	12	9	3	7	0	0	3.111111111111111	0.2524125034257089	-0.00027962742	0
885	Iter0886	9	4	3	3	1	0	2.25	0.6168730650154781	0.019440604778700004	1
886	Iter0887	6	4	6	0	1	0	0.2	0.23351648351648266	0.012180418	1
887	Iter0888	9	5	5	4	1	0	1.44	1.0	0.07712603943699999	1
888	Iter0889	7	8	5	1	0	0	0.175	0.17779743476337911	-6.219708999999999e-08	0
889	Iter0890	7	4	8	2	0	0	0.4375	0.6351172047766496	-0.0002201671476856	0
890	Iter0891	12	5	4	2	0	0	1.2	1.0	-0.0008706783635500001	0
891	Iter0892	3	8	8	3	0	0	0.140625	0.08610893750212661	-3.1669e-05	0
892	Iter0893	8	7	9	5	0	0	0.6349206349206349	0.7103816512796319	-8.124805973432001e-05	0
893	Iter0894	5	4	3	1	0	0	0.4166666666666667	1.0	-4.8306800000000005e-06	0
894	Iter0895	8	5	9	5	0	0	0.8888888888888891	1.0	-0.00012371690000000001	0
895	Iter0896	10	7	6	1	2	0	0.2380952380952381	0.3521484871599307	0.050245040732276	1
896	Iter0897	2	10	5	2	0	0	0.08	0.04491148686195125	-2.76449e-06	0
897	Iter0898	6	6	13	6	1	0	0.4615384615384616	0.4520968087384898	0.0055455673412	1
898	Iter0899	5	8	2	3	2	0	0.9375	1.0	0.053653355	1
899	Iter0900	7	6	5	1	1	0	0.2333333333333333	0.33307533539731554	0.02874764073	1
900	Iter0901	3	5	6	3	0	0	0.3	0.3469354175236529	-0.000416062756	0
901	Iter0902	9	7	3	2	1	0	0.8571428571428572	1.0	0.04383934794100001	1
902	Iter0903	6	8	9	2	1	0	0.16666666666666666	0.099151972001616	0.00816417111137	1
903	Iter0904	5	6	7	2	1	0	0.2380952380952381	0.19680876399142636	0.01457988	1
904	Iter0905	10	8	5	0	0	0	0.20370370370370366	0.12211358435614693	-0.0010242833632	0
905	Iter0906	8	8	4	2	0	0	0.5	0.6461742591773529	-2.563675968819e-05	0
906	Iter0907	11	5	8	2	0	0	0.55	0.6679841897233234	-0.00035489421010000003	0
907	Iter0908	9	6	4	2	2	0	0.75	1.0	0.049832723100000004	1
908	Iter0909	4	6	8	4	0	0	0.3333333333333333	0.3912836389616549	-1.44214e-08	0
909	Iter0910	5	8	9	6	0	0	0.4166666666666667	0.4494817606676548	-6.552940000971885e-05	0
910	Iter0911	7	5	2	0	1	0	0.4444444444444444	0.5054945054945031	0.027837457051400002	1
911	Iter0912	10	7	7	4	1	0	0.8163265306122449	1.0	0.01576836959204561	1
912	Iter0913	2	4	4	2	0	0	0.25	0.5670995670995689	0.0	0
913	Iter0914	8	12	3	3	2	0	0.6666666666666666	1.0	0.06755042654	1
914	Iter0915	7	5	3	3	0	0	1.4	1.0	-2.01318e-05	0
915	Iter0916	4	4	5	3	0	0	0.6	1.0	-0.000173851	0
916	Iter0917	10	8	4	3	0	0	0.9375	1.0	-1.7205677781746896e-06	0
917	Iter0918	9	8	0	0	2	0	1.1111111111111112	1.0	0.011216218073	1
918	Iter0919	6	1	11	3	0	0	1.6363636363636365	1.0	-0.0009170213599999999	0
919	Iter0920	11	9	6	3	1	1	0.6111111111111112	0.6941529235382373	0.01750164359201463	1
920	Iter0921	7	10	4	0	0	0	0.14545454545454545	0.09022556390977468	-0.0002123986713	0
921	Iter0922	13	5	5	1	0	0	0.52	1.0	-0.00014202627999999998	0
922	Iter0923	9	4	3	7	1	0	5.25	0.09953271926619596	0.019967835307411322	1
923	Iter0924	7	2	7	3	0	0	1.5	1.0	-0.00066592414	0
924	Iter0925	6	3	5	5	1	0	2.0	0.6499166468206714	0.007864433889	1
925	Iter0926	11	4	4	2	1	0	1.375	1.0	0.03465555429	1
926	Iter0927	6	7	8	1	0	0	0.10714285714285714	0.07430340557275518	-0.00020975378515	0
927	Iter0928	12	8	2	3	1	0	2.25	0.6231884057971053	0.015944247718959994	1
928	Iter0929	7	3	6	3	0	0	1.1666666666666667	1.0	-0.000140676848488	0
929	Iter0930	8	6	7	0	2	0	0.16071428571428573	0.06088751289989695	0.03001657711	1
930	Iter0931	8	7	9	1	1	0	0.12698412698412698	0.08753900561680944	0.026638237538823807	1
931	Iter0932	6	5	7	3	1	0	0.5142857142857142	0.6594427244582042	0.021090516	1
932	Iter0933	6	2	7	3	1	0	1.2857142857142856	1.0	0.015059361430858283	1
933	Iter0934	10	4	7	0	1	0	0.275	0.2549707602339202	0.065089308	1
934	Iter0935	7	5	9	3	0	0	0.4666666666666666	0.6668461434917214	-0.0005207852	0
935	Iter0936	6	9	9	2	1	0	0.14814814814814814	0.050567034594158435	0.029969189890000008	1
936	Iter0937	9	5	1	4	0	0	7.2	0.14086687306501575	-2.52983e-11	0
937	Iter0938	3	6	5	5	0	0	0.5	0.6499166468206733	0.0	0
938	Iter0939	10	9	8	0	1	0	0.12222222222222225	0.025795074490726884	0.006393158903	1
939	Iter0940	5	5	10	2	0	0	0.2	0.17182662538699675	0.0	0
940	Iter0941	8	5	4	4	0	0	1.6	0.6730650154798768	-0.00024080416999999998	0
941	Iter0942	4	5	4	10	0	0	2.0	0.6570197873199632	-0.00032732	0
942	Iter0943	4	7	8	2	0	0	0.14285714285714285	0.08049535603715191	-7.878350000000001e-10	0
943	Iter0944	5	9	7	1	1	0	0.07936507936507937	0.03095975232198135	0.0109525	1
944	Iter0945	13	8	5	4	0	0	1.3	1.0	-0.000305452	0
945	Iter0946	15	3	6	3	1	0	2.5	0.367345697780481	0.00568090395989	1
946	Iter0947	5	6	3	3	0	0	0.8333333333333334	1.0	0.0	0
947	Iter0948	9	9	6	1	1	0	0.16666666666666666	0.179353026835865	0.00403195674	1
948	Iter0949	11	3	5	1	1	0	0.7333333333333333	1.0	0.026862275624888004	1
949	Iter0950	10	9	3	1	1	0	0.3703703703703704	0.6036137775268167	0.014956244769998971	1
950	Iter0951	7	6	3	3	0	0	1.1666666666666667	1.0	-0.001064784	0
951	Iter0952	9	8	7	4	0	0	0.6428571428571429	0.7046529366895522	-5.5563942999999996e-05	0
952	Iter0953	6	2	10	2	1	0	0.6	1.0	0.0068284878	1
953	Iter0954	10	9	5	2	0	0	0.4444444444444445	0.6576086956521795	-0.000181353234	0
954	Iter0955	5	10	2	1	0	0	0.25	0.5281862745098046	-0.000744444526	0
955	Iter0956	5	7	3	1	0	0	0.2380952380952381	0.5692307692307679	-0.00019621194000000002	0
956	Iter0957	9	1	7	5	1	0	6.428571428571429	0.16187527642635946	0.017697622744	1
957	Iter0958	8	8	5	7	1	0	1.4	0.7176829541885363	0.00711505	1
958	Iter0959	5	8	8	1	0	0	0.078125	0.030605926581158623	-1.75528e-07	0
959	Iter0960	5	6	12	2	0	0	0.1388888888888889	0.08097635392829941	-0.0001157051	0
960	Iter0961	6	7	3	6	0	0	1.7142857142857142	0.6739938080495301	-5.65443237e-06	0
961	Iter0962	4	3	4	4	0	0	1.3333333333333333	1.0	-8.03437e-05	0
962	Iter0963	11	8	2	0	1	0	0.4444444444444444	0.5047619047619039	0.009816408884969	1
963	Iter0964	10	6	4	3	0	0	1.2500000000000002	1.0	-0.00010720315000000001	0
964	Iter0965	5	7	8	4	0	0	0.35714285714285715	0.4136492125454279	-9.981976239e-06	0
965	Iter0966	6	6	7	0	0	0	0.125	0.04360165118679027	-9.65206e-08	0
966	Iter0967	9	8	6	2	2	0	0.375	0.4017890576243017	0.054630078039998684	1
967	Iter0968	11	6	1	3	0	0	5.5	0.27218045112782085	-0.00028329634710000005	0
968	Iter0969	14	7	6	2	0	0	0.6666666666666666	1.0	-4.745522026599999e-05	0
969	Iter0970	9	4	6	1	1	0	0.375	0.6126160990712084	0.030425274685	1
970	Iter0971	8	5	4	3	1	0	1.2000000000000002	1.0	0.0190824884	1
971	Iter0972	8	7	10	3	0	0	0.3428571428571428	0.2543096872616309	-4.4462509e-08	0
972	Iter0973	12	3	8	5	1	0	2.5	0.409661835748791	0.023214206999999997	1
973	Iter0974	7	5	6	7	0	0	1.6333333333333333	0.6950975905236215	-0.00040758275	0
974	Iter0975	8	8	6	4	1	0	0.6666666666666666	0.7014941445685836	0.0352135856045	1
975	Iter0976	5	5	4	1	2	0	0.25	0.5804195804195791	0.068149537646	1
976	Iter0977	12	7	7	3	1	1	0.7346938775510203	1.0	0.03152719850110001	1
977	Iter0978	12	6	4	1	2	0	0.5	1.0	0.01430596961	1
978	Iter0979	10	5	2	3	0	0	3.0	0.3472652218782256	-2.402116305019e-05	0
979	Iter0980	6	7	9	2	2	0	0.19047619047619047	0.1049266388477593	0.04584921794	1
980	Iter0981	8	10	4	2	1	0	0.4	0.6404053612291589	0.028010565399986066	1
981	Iter0982	6	5	3	1	0	0	0.4	0.6043956043956045	-0.0007079530962003	0
982	Iter0983	10	10	7	4	0	0	0.5714285714285714	0.7073807182430352	-5.3190781264e-05	0
983	Iter0984	8	7	3	2	2	0	0.7619047619047619	1.0	0.05188691881	1
984	Iter0985	7	7	5	1	0	0	0.2	0.32456140350877233	-0.00039922106685999996	0
985	Iter0986	10	5	2	5	0	0	5.0	0.17182662538699606	-0.0004275750556	0
986	Iter0987	9	4	5	6	0	0	2.7	0.4080966482702925	-0.00017687223100000017	0
987	Iter0988	8	6	5	2	0	0	0.5333333333333333	0.6556587547299609	-0.00014042453399999998	0
988	Iter0989	4	4	9	3	0	0	0.3333333333333333	0.3563467492260055	-1.5073095000000001e-05	0
989	Iter0990	6	2	3	2	0	0	2.0	1.0	-1.6855011e-06	0
990	Iter0991	6	4	7	1	1	0	0.21428571428571427	0.3137254901960787	0.03427246326605	1
991	Iter0992	7	4	2	2	0	0	1.75	1.0	-0.0030399054000000004	0
992	Iter0993	10	3	4	3	0	0	2.5000000000000004	0.6126160990712077	-1.52894029e-05	0
993	Iter0994	11	9	2	2	1	0	1.2222222222222223	1.0	0.0305760581214	1
994	Iter0995	6	9	6	4	1	0	0.4444444444444444	0.42830798223179417	0.00890296929	1
995	Iter0996	7	8	5	1	0	0	0.175	0.17779743476337911	-0.0004727040361694	0
996	Iter0997	7	3	9	5	0	0	1.2962962962962965	1.0	-0.0011342939999999999	0
997	Iter0998	8	3	8	4	0	0	1.3333333333333333	1.0	-3.485426e-05	0
998	Iter0999	7	5	7	2	0	0	0.4	0.6424148606811168	-0.00025280479700000004	0
999	Iter1000	6	6	1	3	0	0	3.0	0.5846153846153823	-1.2027333000000001e-07	0
