	IterId	dN	dS	pN	pS	bdN	bpN	MkScore	FSPVal	SelCoef	PosSel
0	Iter0001	1	1	10	3	0	0	0.3	0.476190476190473	-6.547159e-06	0
1	Iter0002	3	1	7	2	0	0	0.8571428571428571	1.0	0.0	0
2	Iter0003	5	0	9	1	0	0	1.2	1.0	0.0037480113749999997	1
3	Iter0004	0	0	10	3	0	0	0.3636363636363637	1.0	0.004164121342699999	1
4	Iter0005	1	1	3	1	0	0	0.3333333333333333	1.0	0.0	0
5	Iter0006	1	0	9	4	0	0	1.0	1.0	0.0052994741566000005	1
6	Iter0007	2	2	10	3	0	0	0.3	0.5378151260504158	-5.100233795e-10	0
7	Iter0008	1	4	11	7	0	0	0.1590909090909091	0.15495259888852506	-5.340580000000001e-12	0
8	Iter0009	0	2	8	3	0	0	0.14814814814814814	0.12820512820512825	-0.0001514650874	0
9	Iter0010	1	2	8	2	0	0	0.125	0.2027972027972029	0.012060394717070001	1
10	Iter0011	0	0	7	1	0	0	0.25	1.0	-0.00011535159589	0
11	Iter0012	0	1	4	0	0	0	0.1	0.20000000000000007	0.025216189700000002	1
12	Iter0013	3	0	5	2	0	0	2.0	1.0	-0.000814208566	0
13	Iter0014	1	1	7	2	0	0	0.2857142857142857	0.4909090909090902	-0.0006602807252	0
14	Iter0015	1	2	12	3	0	1	0.125	0.17156862745098098	-2.9763425e-06	0
15	Iter0016	0	0	7	6	0	0	0.875	1.0	-2.1164050361e-05	0
16	Iter0017	1	1	10	5	0	0	0.5	1.0	-0.00044490337999999996	0
17	Iter0018	1	2	5	2	0	0	0.2	0.4999999999999996	0.026315724587700005	1
18	Iter0019	3	5	7	6	0	0	0.5142857142857142	0.6594427244582043	-0.0009910157567290998	0
19	Iter0020	2	2	11	2	1	0	0.18181818181818185	0.2189075630252089	0.034729957326999995	1
20	Iter0021	2	0	3	3	0	0	3.0	0.4642857142857143	0.03191796538920233	1
21	Iter0022	2	2	10	5	0	0	0.5	0.6026831785345711	-3.23526017e-05	0
22	Iter0023	3	1	8	0	0	0	0.2222222222222222	0.3333333333333341	-1.3369597529600001e-05	0
23	Iter0024	2	0	10	6	0	0	1.9090909090909087	0.5294117647058828	-0.000316963453427	0
24	Iter0025	0	0	11	2	0	0	0.25	1.0	-2.57516e-10	0
25	Iter0026	4	4	7	0	1	0	0.125	0.07692307692307697	0.00793899235	1
26	Iter0027	1	1	4	0	0	0	0.2	0.3333333333333332	-0.0006285344560999999	0
27	Iter0028	2	1	6	7	0	0	2.333333333333333	1.0	-2.98953e-05	0
28	Iter0029	3	1	9	3	0	0	1.0	1.0	-5.02236e-05	0
29	Iter0030	2	0	7	3	0	0	1.5	1.0	-0.00011058545025	0
30	Iter0031	5	1	5	1	0	0	1.0	1.0	-0.00034085632529999994	0
31	Iter0032	1	0	11	7	0	0	1.3333333333333333	1.0	-3.44724e-06	0
32	Iter0033	1	5	10	2	0	0	0.04	0.01282051282051286	0.056140222147000006	1
33	Iter0034	0	0	6	5	0	0	0.8571428571428571	1.0	0.00582732295	1
34	Iter0035	1	2	11	1	0	0	0.045454545454545456	0.08131868131868089	-0.0001213495	0
35	Iter0036	4	2	4	5	1	1	2.5	0.6083916083916074	0.028176264972886198	1
36	Iter0037	1	2	5	1	0	0	0.1	0.22619047619047605	-6.711274e-07	0
37	Iter0038	3	1	10	1	0	0	0.3	0.4761904761904742	-1.3078776e-06	0
38	Iter0039	0	0	11	4	0	0	0.4166666666666667	1.0	0.0	0
39	Iter0040	3	1	11	7	0	0	1.9090909090909087	1.0	0.00835642842	1
40	Iter0041	2	3	13	2	0	0	0.10256410256410256	0.07262641898864867	-0.0012820869300000002	0
41	Iter0042	5	2	7	1	0	0	0.35714285714285715	0.5692307692307675	-0.0007973089	0
42	Iter0043	3	0	6	3	0	0	2.2857142857142856	0.5090909090909088	-0.0004396787	0
43	Iter0044	0	0	7	4	0	0	0.625	1.0	-2.89637202e-08	0
44	Iter0045	0	0	13	5	0	0	0.42857142857142855	1.0	-0.00015116469999999999	0
45	Iter0046	2	3	6	6	0	0	0.6666666666666666	1.0	0.0112768331	1
46	Iter0047	1	1	6	2	0	0	0.3333333333333333	1.0	0.014933351515700001	1
47	Iter0048	3	2	6	3	1	0	0.75	1.0	0.017777247159	1
48	Iter0049	1	2	8	2	0	0	0.125	0.2027972027972029	-0.00077173502	0
49	Iter0050	0	1	14	6	0	0	0.2333333333333333	0.3333333333333329	-3.97373568e-05	0
50	Iter0051	1	3	11	4	0	1	0.1212121212121212	0.11738906088751296	-4.5771801683e-05	0
51	Iter0052	2	1	8	3	0	0	0.75	1.0	-6.639668130000001e-06	0
52	Iter0053	0	0	9	7	0	0	0.8	1.0	0.008505024	1
53	Iter0054	1	2	3	4	0	0	0.6666666666666666	1.0	-5.84677e-10	0
54	Iter0055	2	2	5	1	0	0	0.2	0.5000000000000001	-0.001064331	0
55	Iter0056	2	4	9	6	1	0	0.3333333333333333	0.3614551083591335	0.0150708616234	1
56	Iter0057	4	2	4	2	0	0	1.0	1.0	-0.0007578999829199999	0
57	Iter0058	4	2	9	4	1	0	0.8888888888888888	1.0	0.045676709510003584	1
58	Iter0059	4	1	7	3	1	0	1.7142857142857142	1.0	0.03406000394871	1
59	Iter0060	1	0	8	1	0	0	0.4444444444444444	1.0	-0.00024258399071386	0
60	Iter0061	1	0	5	4	1	0	1.6666666666666667	1.0	0.077172516762	1
61	Iter0062	2	2	8	4	0	0	0.5	0.604395604395601	-0.00016912345999999995	0
62	Iter0063	0	1	7	2	0	0	0.1875	0.2999999999999995	-2.1204554000000004e-05	0
63	Iter0064	0	0	7	1	0	0	0.25	1.0	-7.552264e-05	0
64	Iter0065	2	2	12	7	1	0	0.5833333333333334	1.0	0.031831086176	1
65	Iter0066	3	1	5	4	1	0	2.4	1.0	0.028805806635270003	1
66	Iter0067	0	1	9	0	0	0	0.05	0.0999999999999999	-4.401804000000001e-06	0
67	Iter0068	3	0	7	3	0	0	2.0	0.5279720279720299	-0.00100010573215	0
68	Iter0069	1	2	7	9	0	0	0.6428571428571428	1.0	-0.0002653918441869	0
69	Iter0070	4	2	8	4	0	0	1.0	1.0	-0.0005549682096033999	0
70	Iter0071	0	0	4	2	0	0	0.6	1.0	-0.00042374431000000005	0
71	Iter0072	2	0	10	2	0	0	0.8181818181818182	1.0	0.038335729662653	1
72	Iter0073	1	2	11	5	0	0	0.2272727272727273	0.5232198142414874	-1.71424e-07	0
73	Iter0074	3	1	5	2	0	0	1.2	1.0	0.001434046868	1
74	Iter0075	0	0	2	4	0	0	1.6666666666666667	1.0	-5.90728e-11	0
75	Iter0076	0	0	9	6	0	0	0.7	1.0	-1.6744480000000002e-08	0
76	Iter0077	0	0	10	2	0	0	0.2727272727272728	1.0	0.01914949	1
77	Iter0078	1	0	5	0	0	0	0.3333333333333333	1.0	0.0222437540896	1
78	Iter0079	4	3	12	3	1	0	0.3333333333333333	0.3340838727835631	0.0637906664	1
79	Iter0080	3	0	3	3	0	0	4.0	0.4642857142857145	-5.1480559000000004e-05	0
80	Iter0081	2	2	6	5	0	0	0.8333333333333334	1.0	0.0	0
81	Iter0082	1	1	7	3	0	0	0.42857142857142855	1.0	-0.0014249697840999999	0
82	Iter0083	3	0	8	0	1	1	0.4444444444444444	1.0	0.00678563742664	1
83	Iter0084	1	1	9	1	0	0	0.1111111111111111	0.3181818181818192	0.033688271469999996	1
84	Iter0085	4	1	7	4	0	0	2.2857142857142856	1.0	-0.0001310088656	0
85	Iter0086	3	2	8	4	0	0	0.75	1.0	0.03721666119349199	1
86	Iter0087	0	1	15	5	0	0	0.1875	0.2857142857142847	-0.00054917	0
87	Iter0088	0	0	4	5	0	0	1.2	1.0	-7.281761e-07	0
88	Iter0089	1	0	10	5	0	0	1.0909090909090908	1.0	-0.0003118375432	0
89	Iter0090	2	2	5	6	0	0	1.2	1.0	-0.00020386719949	0
90	Iter0091	0	2	3	2	0	0	0.25	0.42857142857142816	0.0	0
91	Iter0092	1	1	8	7	0	0	0.875	1.0	-0.00077366864	0
92	Iter0093	1	2	6	5	0	1	0.4166666666666667	1.0	-9.984669539999999e-05	0
93	Iter0094	4	1	8	4	1	1	2.0	1.0	0.0305590325533178	1
94	Iter0095	3	1	4	2	0	0	1.5	1.0	0.0	0
95	Iter0096	4	1	4	1	0	0	1.0	1.0	-0.0001814271	0
96	Iter0097	0	0	9	2	0	1	0.3	1.0	-0.00031307661700000005	0
97	Iter0098	1	1	8	4	0	0	0.5	1.0	-0.000434471	0
98	Iter0099	1	0	10	3	0	0	0.7272727272727273	1.0	0.011346200755998171	1
99	Iter0100	0	3	4	8	0	0	0.45	0.5164835164835142	-0.00037905922400000003	0
100	Iter0101	2	1	10	3	0	0	0.6	1.0	-0.0001085906081	0
101	Iter0102	2	3	8	5	0	0	0.4166666666666666	0.6078431372549022	-0.0012842585	0
102	Iter0103	2	0	7	2	0	0	1.125	1.0	-0.00040154706390000316	0
103	Iter0104	1	1	7	5	1	0	0.7142857142857143	1.0	0.0195651178870605	1
104	Iter0105	3	0	10	3	0	1	1.4545454545454546	1.0	-0.000455083	0
105	Iter0106	2	0	12	1	0	0	0.4615384615384616	1.0	-0.0001186133	0
106	Iter0107	2	1	4	5	0	0	2.5	1.0	0.0	0
107	Iter0108	2	0	7	4	0	0	1.875	1.0	0.0	0
108	Iter0109	4	2	7	4	0	0	1.1428571428571428	1.0	-0.0009236332899999999	0
109	Iter0110	3	0	6	3	0	0	2.2857142857142856	0.5090909090909088	-0.0015557618	0
110	Iter0111	2	2	4	4	0	0	1.0	1.0	-0.0012367390266926999	0
111	Iter0112	0	0	7	3	0	0	0.5	1.0	0.03765241189600001	1
112	Iter0113	2	0	4	4	0	0	3.0	0.4666666666666668	0.0033628363089999998	1
113	Iter0114	1	1	8	3	0	0	0.375	1.0	-0.00035330679851	0
114	Iter0115	1	0	11	2	0	0	0.5	1.0	0.0188679168	1
115	Iter0116	2	2	7	1	0	0	0.14285714285714285	0.2363636363636368	-0.00057040221611	0
116	Iter0117	0	2	10	2	0	0	0.09090909090909093	0.06593406593406569	-0.0001445621489614	0
117	Iter0118	1	2	7	0	0	0	0.08333333333333333	0.06666666666666664	-0.00022260409999999998	0
118	Iter0119	1	1	4	7	0	0	1.75	1.0	-8.87083e-09	0
119	Iter0120	4	7	7	2	0	0	0.16326530612244894	0.0922838771135984	-0.0004874936832	0
120	Iter0121	0	0	8	4	0	0	0.5555555555555556	1.0	0.007764353119999999	1
121	Iter0122	1	2	9	7	0	0	0.3888888888888888	0.5820433436532529	-3.18573e-05	0
122	Iter0123	0	1	9	1	0	0	0.1	0.18181818181818185	0.008775100000000001	1
123	Iter0124	1	1	9	1	0	0	0.1111111111111111	0.3181818181818192	-0.000739142977	0
124	Iter0125	4	1	3	2	1	0	2.6666666666666665	1.0	0.003731695812409999	1
125	Iter0126	0	1	5	2	0	0	0.25	0.375	-0.000158236	0
126	Iter0127	0	0	8	6	0	0	0.7777777777777777	1.0	-1.31895467e-05	0
127	Iter0128	4	2	13	2	1	0	0.3076923076923077	0.5438596491228112	0.061329481549999995	1
128	Iter0129	0	0	8	3	0	0	0.4444444444444444	1.0	-0.0005145939363639999	0
129	Iter0130	0	2	9	5	0	0	0.2	0.1749999999999998	-8.91265e-05	0
130	Iter0131	3	1	10	3	0	0	0.8999999999999999	1.0	-4.33910339e-05	0
131	Iter0132	0	2	6	2	0	0	0.14285714285714285	0.13333333333333328	-7.43479e-06	0
132	Iter0133	1	1	5	5	0	1	1.0	1.0	-3.3748154359e-06	0
133	Iter0134	1	2	7	2	0	0	0.14285714285714285	0.2363636363636364	-0.00016947801744	0
134	Iter0135	4	1	1	2	0	0	8.0	0.4642857142857137	-0.000267172985	0
135	Iter0136	0	0	7	5	0	0	0.75	1.0	-0.000253587	0
136	Iter0137	2	0	6	2	1	0	1.2857142857142856	1.0	0.0032665059932259996	1
137	Iter0138	2	2	14	5	0	0	0.35714285714285715	0.5573122529644269	0.04168306460434	1
138	Iter0139	0	1	4	3	0	0	0.4	1.0	-0.000684423	0
139	Iter0140	0	0	7	2	0	0	0.375	1.0	0.00976932097	1
140	Iter0141	2	0	8	3	0	0	1.3333333333333333	1.0	-5.652878320000001e-06	0
141	Iter0142	1	2	6	5	0	0	0.4166666666666667	1.0	-1.024768022e-07	0
142	Iter0143	1	1	8	2	0	0	0.25	0.4545454545454548	0.016924400000000003	1
143	Iter0144	2	1	9	2	0	0	0.4444444444444444	1.0	0.0	0
144	Iter0145	2	3	7	1	1	0	0.09523809523809523	0.21678321678321727	0.0359278251	1
145	Iter0146	1	2	8	4	0	0	0.25	0.5252747252747239	0.005556530800000001	1
146	Iter0147	0	0	6	4	0	0	0.7142857142857143	1.0	0.0	0
147	Iter0148	1	1	7	1	0	0	0.14285714285714285	0.377777777777778	-2.13326e-07	0
148	Iter0149	0	2	13	4	0	0	0.11904761904761905	0.08771929824561403	-6.310258168835e-05	0
149	Iter0150	0	0	7	8	0	0	1.125	1.0	0.012503202100000001	1
150	Iter0151	1	2	4	3	0	0	0.375	1.0	0.0176434655	1
151	Iter0152	1	1	11	5	0	0	0.4545454545454545	1.0	0.0	0
152	Iter0153	2	0	7	2	0	0	1.125	1.0	0.0177857893	1
153	Iter0154	1	5	13	8	0	0	0.12307692307692307	0.07681159420289949	0.0	0
154	Iter0155	3	3	5	1	0	0	0.2	0.5454545454545476	-0.0009102644599999999	0
155	Iter0156	1	0	11	2	0	0	0.5	1.0	-0.0003558382	0
156	Iter0157	1	2	5	3	1	1	0.3	0.5454545454545457	0.0190296376	1
157	Iter0158	0	0	7	4	0	0	0.625	1.0	-3.2627600000000003e-07	0
158	Iter0159	0	0	7	1	0	2	0.25	1.0	-0.000968114321	0
159	Iter0160	1	0	8	5	0	0	1.3333333333333333	1.0	-0.000200707324	0
160	Iter0161	5	0	7	3	0	0	3.0	0.5054945054945037	-0.0018746482	0
161	Iter0162	1	2	8	3	0	0	0.1875	0.5054945054945046	0.04493567742457	1
162	Iter0163	2	2	9	2	0	0	0.2222222222222222	0.5164835164835159	-0.000171285744	0
163	Iter0164	4	1	4	2	0	0	2.0	1.0	-0.00014312849400000002	0
164	Iter0165	4	1	7	4	0	0	2.2857142857142856	1.0	-5.4223103e-05	0
165	Iter0166	1	2	4	1	0	0	0.125	0.4642857142857137	-1.8059978e-05	0
166	Iter0167	2	0	7	1	0	0	0.75	1.0	-0.00043811179900000004	0
167	Iter0168	2	0	6	4	0	0	2.142857142857143	0.5151515151515165	-5.112262697454e-05	0
168	Iter0169	5	0	11	3	2	0	2.0	0.5304437564499497	0.051927707553	1
169	Iter0170	2	1	4	7	2	0	3.5	0.5384615384615384	0.040222619229999985	1
170	Iter0171	3	0	6	5	2	0	3.4285714285714284	0.2582417582417573	0.066674343191	1
171	Iter0172	1	0	10	2	0	0	0.5454545454545455	1.0	-0.0005179255	0
172	Iter0173	0	3	9	2	0	0	0.075	0.02747252747252741	-2.80845e-05	0
173	Iter0174	1	0	6	2	0	0	0.8571428571428571	1.0	-3.789280000000001e-09	0
174	Iter0175	2	4	4	5	0	0	0.625	1.0	-0.0008414370739160001	0
175	Iter0176	2	1	3	3	0	0	2.0	1.0	0.0519288341431558	1
176	Iter0177	1	0	8	5	0	0	1.3333333333333333	1.0	0.017041992586	1
177	Iter0178	2	1	9	3	0	0	0.6666666666666666	1.0	-2.75288204e-05	0
178	Iter0179	0	1	5	2	0	0	0.25	0.375	0.018272276	1
179	Iter0180	1	0	6	1	0	0	0.5714285714285714	1.0	-0.000157485870366	0
180	Iter0181	2	5	5	6	0	0	0.48	0.6370663650075431	0.0	0
181	Iter0182	0	0	6	4	0	0	0.7142857142857143	1.0	-0.00063587461048	0
182	Iter0183	1	3	8	3	1	0	0.125	0.23516483516483486	0.0075843073999999995	1
183	Iter0184	1	0	13	1	0	0	0.2857142857142857	1.0	0.029183784999999997	1
184	Iter0185	2	1	9	3	0	0	0.6666666666666666	1.0	0.01227598005	1
185	Iter0186	1	3	9	0	1	0	0.05	0.013986013986014015	0.00352545	1
186	Iter0187	3	0	5	3	0	0	2.6666666666666665	0.4909090909090907	-6.819789999999999e-05	0
187	Iter0188	2	1	8	1	0	0	0.25	0.454545454545454	0.024057837720000003	1
188	Iter0189	1	1	8	3	0	0	0.375	1.0	0.0166606973947606	1
189	Iter0190	2	1	13	1	0	0	0.15384615384615385	0.3308823529411776	-0.0005365510999999999	0
190	Iter0191	2	0	11	3	0	0	1.0	1.0	-1.72371e-05	0
191	Iter0192	3	2	7	1	0	0	0.21428571428571427	0.5104895104895115	-5.21484e-05	0
192	Iter0193	2	1	4	5	2	0	2.5	1.0	0.060837347400000005	1
193	Iter0194	2	2	4	2	0	0	0.5	1.0	0.0	0
194	Iter0195	2	2	1	4	0	0	4.0	0.5238095238095243	-0.000618031	0
195	Iter0196	1	1	6	1	0	0	0.16666666666666666	0.4166666666666671	-0.000451338347973	0
196	Iter0197	0	2	6	4	0	0	0.2380952380952381	0.4545454545454557	-8.16754e-09	0
197	Iter0198	1	1	7	7	0	0	1.0	1.0	-0.0004992143521563	0
198	Iter0199	0	0	7	2	0	0	0.375	1.0	-0.00032831406472000004	0
199	Iter0200	0	0	5	4	0	0	0.8333333333333334	1.0	0.0247820750175128	1
200	Iter0201	2	1	14	2	0	0	0.2857142857142857	0.4220846233230153	0.017420220800000004	1
201	Iter0202	6	1	8	0	0	0	0.3888888888888889	0.4666666666666657	0.014699424223000001	1
202	Iter0203	3	2	8	6	1	0	1.125	1.0	0.034184518251429	1
203	Iter0204	0	0	12	5	0	0	0.4615384615384616	1.0	-6.4307762e-08	0
204	Iter0205	4	0	6	5	1	0	4.285714285714286	0.23076923076923045	0.0203830217	1
205	Iter0206	1	3	9	2	0	0	0.07407407407407407	0.07692307692307708	0.015479088000000002	1
206	Iter0207	0	0	9	5	0	0	0.6	1.0	-0.000625114	0
207	Iter0208	2	2	13	1	1	0	0.07692307692307693	0.10784313725490263	0.0155528	1
208	Iter0209	5	2	7	2	0	0	0.7142857142857143	1.0	-3.0739620184599997e-05	0
209	Iter0210	0	2	14	4	0	0	0.1111111111111111	0.07894736842105189	0.005108029688800001	1
210	Iter0211	2	2	2	2	0	0	1.0	1.0	-3.834542e-05	0
211	Iter0212	6	3	11	4	1	0	0.7272727272727273	1.0	0.004748682299999999	1
212	Iter0213	1	4	5	2	0	0	0.1	0.2424242424242426	-0.000120780932	0
213	Iter0214	2	4	4	6	0	0	0.75	1.0	0.019133606700000003	1
214	Iter0215	5	2	4	7	0	0	4.375	0.3348416289592764	-0.0001415501	0
215	Iter0216	1	0	4	6	0	0	2.8	0.4545454545454545	-0.00010349616799999999	0
216	Iter0217	3	2	7	3	0	0	0.6428571428571428	1.0	-0.00028065100000010845	0
217	Iter0218	1	1	5	5	0	0	1.0	1.0	-1.3837139999999998e-05	0
218	Iter0219	2	2	7	2	1	0	0.2857142857142857	0.53006993006993	0.012744799999526709	1
219	Iter0220	0	1	8	2	0	0	0.16666666666666666	0.2727272727272725	-0.00044221406699999997	0
220	Iter0221	1	3	9	3	1	0	0.1111111111111111	0.11813186813186785	0.086040709	1
221	Iter0222	4	1	9	1	0	0	0.4444444444444444	1.0	0.023669370407000002	1
222	Iter0223	1	3	11	3	0	0	0.09090909090909093	0.08333333333333336	0.0147364	1
223	Iter0224	3	0	7	3	1	0	2.0	0.5279720279720299	0.06817564563379	1
224	Iter0225	4	1	9	5	0	1	2.2222222222222223	1.0	0.0294916170874	1
225	Iter0226	4	1	9	2	0	0	0.8888888888888888	1.0	0.0042653660000000005	1
226	Iter0227	1	0	7	6	0	0	1.75	1.0	-0.00019162596700000002	0
227	Iter0228	2	5	6	5	0	0	0.33333333333333337	0.3665158371040742	-0.000246535	0
228	Iter0229	3	2	3	3	0	0	1.5	1.0	-0.000786154448	0
229	Iter0230	0	1	13	6	0	0	0.25	0.3500000000000021	0.062046499639254	1
230	Iter0231	3	4	3	2	0	0	0.5	1.0	-0.00025159893	0
231	Iter0232	1	3	7	2	0	0	0.09523809523809523	0.2167832167832169	0.054960481905999996	1
232	Iter0233	2	1	8	4	0	0	1.0	1.0	0.0868519751	1
233	Iter0234	1	5	7	6	0	0	0.17142857142857146	0.17698658410732648	-0.0007106348011	0
234	Iter0235	1	0	6	7	0	0	2.2857142857142856	1.0	-4.953356734e-05	0
235	Iter0236	5	1	9	5	3	0	2.7777777777777777	0.6126160990712087	0.0687017260907075	1
236	Iter0237	2	0	6	3	0	0	1.7142857142857142	1.0	-1.14492e-05	0
237	Iter0238	1	1	11	4	0	0	0.3636363636363637	0.5147058823529393	0.0	0
238	Iter0239	2	0	6	2	0	0	1.2857142857142856	1.0	-0.0006546289798	0
239	Iter0240	2	2	2	2	0	0	1.0	1.0	-1.41705e-09	0
240	Iter0241	1	0	3	3	0	0	2.0	1.0	0.019299153444315	1
241	Iter0242	0	0	7	5	0	0	0.75	1.0	0.06097720781031	1
242	Iter0243	4	3	6	5	0	1	1.1111111111111112	1.0	-1.3043408e-05	0
243	Iter0244	2	2	5	7	0	0	1.4	1.0	0.0	0
244	Iter0245	1	1	12	5	0	0	0.4166666666666667	1.0	0.033504899000000005	1
245	Iter0246	0	0	6	0	0	0	0.14285714285714285	1.0	-0.00035934849999999996	0
246	Iter0247	1	2	8	6	0	0	0.375	0.5764705882352958	-9.0199e-11	0
247	Iter0248	1	0	10	1	0	0	0.3636363636363637	1.0	-9.718859881e-06	0
248	Iter0249	4	1	6	4	0	0	2.6666666666666665	0.6003996003995999	-2.3953839805000002e-05	0
249	Iter0250	1	3	9	4	0	0	0.14814814814814814	0.2499999999999995	-0.0001302704	0
250	Iter0251	0	0	12	0	0	0	0.07692307692307693	1.0	0.0	0
251	Iter0252	1	2	13	5	0	0	0.1923076923076923	0.2473684210526329	-0.00025705204	0
252	Iter0253	0	0	16	10	0	0	0.6470588235294118	1.0	-8.76821e-10	0
253	Iter0254	1	0	7	4	0	0	1.25	1.0	0.0	0
254	Iter0255	3	4	11	3	0	0	0.20454545454545456	0.15636394908840795	-0.00046596714501229993	0
255	Iter0256	6	1	5	3	1	0	3.6	0.5692307692307691	0.012721522884601601	1
256	Iter0257	4	0	11	1	0	0	0.8333333333333334	1.0	-0.000281408644	0
257	Iter0258	0	1	8	2	0	0	0.16666666666666666	0.2727272727272725	-3.6457206900000004e-06	0
258	Iter0259	2	1	5	3	0	0	1.2	1.0	-3.34831e-09	0
259	Iter0260	4	0	9	5	0	0	3.0	0.2777777777777787	0.0018040540299	1
260	Iter0261	3	2	13	3	0	0	0.3461538461538462	0.5528035775713813	-6.557060000000001e-10	0
261	Iter0262	2	1	10	4	0	0	0.8	1.0	-0.000143951095	0
262	Iter0263	0	0	3	3	0	0	1.0	1.0	-0.0008495509575	0
263	Iter0264	0	0	10	2	0	0	0.2727272727272728	1.0	-0.000264829	0
264	Iter0265	2	3	7	1	0	0	0.09523809523809523	0.21678321678321727	-0.000465099	0
265	Iter0266	3	3	2	5	2	0	2.5	0.5920745920745943	0.011696100000000001	1
266	Iter0267	0	0	6	4	0	0	0.7142857142857143	1.0	-0.00036043446	0
267	Iter0268	1	2	7	4	0	0	0.2857142857142857	0.5384615384615384	-0.0003456004328	0
268	Iter0269	0	3	9	5	0	0	0.15	0.08235294117647088	0.009344981291851887	1
269	Iter0270	2	3	7	3	0	0	0.2857142857142857	0.32867132867132803	0.0	0
270	Iter0271	0	1	7	4	0	1	0.3125	0.4166666666666672	0.01131751619	1
271	Iter0272	1	1	7	4	0	0	0.5714285714285714	1.0	-2.9912096999999997e-07	0
272	Iter0273	3	1	6	2	0	0	1.0	1.0	-6.341779134199999e-05	0
273	Iter0274	2	3	11	4	0	0	0.2424242424242424	0.2897961816305479	-6.40603e-05	0
274	Iter0275	2	3	7	1	1	0	0.09523809523809523	0.21678321678321727	0.0374289458	1
275	Iter0276	0	0	6	3	0	0	0.5714285714285714	1.0	0.013190678	1
276	Iter0277	5	0	8	4	0	0	3.333333333333333	0.2605042016806711	-0.000937836036502451	0
277	Iter0278	3	1	10	4	0	0	1.2	1.0	-7.961251e-05	0
278	Iter0279	0	1	6	7	0	0	0.5714285714285714	1.0	0.020878491329000003	1
279	Iter0280	1	3	7	3	0	0	0.14285714285714285	0.24475524475524504	-5.8490427e-05	0
280	Iter0281	2	1	6	3	0	0	1.0	1.0	-2.111447e-06	0
281	Iter0282	1	1	9	6	0	0	0.6666666666666666	1.0	-0.00062697294149	0
282	Iter0283	1	1	10	1	0	0	0.1	0.2948717948717952	0.0	0
283	Iter0284	2	1	9	5	0	0	1.1111111111111112	1.0	0.012546129999999999	1
284	Iter0285	0	0	9	3	0	0	0.4	1.0	-0.00035571699999999997	0
285	Iter0286	1	0	10	3	0	0	0.7272727272727273	1.0	-9.5520821e-05	0
286	Iter0287	3	0	8	6	1	0	3.1111111111111107	0.5147058823529405	0.06704225759999999	1
287	Iter0288	0	6	6	2	0	0	0.061224489795918366	0.009657009657009668	-4.92962e-05	0
288	Iter0289	1	0	6	4	0	0	1.4285714285714286	1.0	-5.752279999999999e-07	0
289	Iter0290	1	0	3	1	0	0	1.0	1.0	0.08172038813	1
290	Iter0291	0	1	10	0	0	0	0.045454545454545456	0.0909090909090909	-6.575670091162701e-05	0
291	Iter0292	0	2	15	3	0	0	0.08333333333333333	0.05263157894736816	-4.97082e-05	0
292	Iter0293	3	1	13	2	0	0	0.4615384615384616	0.5304437564499519	-4.7466946e-05	0
293	Iter0294	2	2	6	3	0	0	0.5	1.0	0.0166321284	1
294	Iter0295	0	1	13	1	0	0	0.07142857142857142	0.13333333333333305	-6.589452e-06	0
295	Iter0296	4	0	9	3	0	0	2.0	0.5285714285714247	0.0035305898393	1
296	Iter0297	3	0	8	1	0	0	0.8888888888888888	1.0	-5.81429455e-05	0
297	Iter0298	0	1	5	0	0	0	0.08333333333333333	0.1666666666666666	-0.000132370631	0
298	Iter0299	1	2	7	5	0	0	0.35714285714285715	0.5692307692307683	-0.0005613919	0
299	Iter0300	3	1	6	3	1	0	1.5	1.0	0.0120388474669	1
300	Iter0301	1	0	11	8	0	0	1.5	1.0	-0.000111506	0
301	Iter0302	0	0	9	5	0	0	0.6	1.0	-4.233124319999999e-06	0
302	Iter0303	5	2	7	3	0	0	1.0714285714285714	1.0	-0.00044351151185999997	0
303	Iter0304	0	3	4	1	0	0	0.1	0.14285714285714265	-0.00087028023251	0
304	Iter0305	0	2	12	2	0	0	0.07692307692307693	0.05000000000000003	0.007571858839	1
305	Iter0306	2	1	8	5	0	0	1.25	1.0	0.03354746479323	1
306	Iter0307	2	0	5	7	0	0	4.0	0.4615384615384607	-0.000810821345	0
307	Iter0308	2	0	8	1	0	0	0.6666666666666666	1.0	-0.00035096609	0
308	Iter0309	0	1	6	5	0	0	0.42857142857142855	1.0	-0.000580372	0
309	Iter0310	2	3	8	4	0	0	0.3333333333333333	0.5927601809954731	-0.0008185519579999999	0
310	Iter0311	0	0	11	5	0	0	0.5	1.0	-0.00021549147	0
311	Iter0312	1	0	10	3	0	0	0.7272727272727273	1.0	0.031005567601	1
312	Iter0313	1	1	8	1	0	0	0.125	0.3454545454545447	0.0	0
313	Iter0314	2	3	7	1	0	0	0.09523809523809523	0.21678321678321727	0.01753893419	1
314	Iter0315	0	0	4	2	0	0	0.6	1.0	0.0	0
315	Iter0316	2	0	5	5	0	0	3.0	0.4696969696969707	-0.0005049269	0
316	Iter0317	2	0	8	5	0	0	2.0	0.5238095238095224	0.036209010413924915	1
317	Iter0318	0	0	10	3	0	0	0.3636363636363637	1.0	-1.3748e-08	0
318	Iter0319	6	2	12	2	1	0	0.5	0.6019138755980888	0.06102969453214455	1
319	Iter0320	1	0	2	1	0	0	1.3333333333333333	1.0	-0.00044858884999999995	0
320	Iter0321	0	0	10	1	0	0	0.18181818181818185	1.0	-0.00021061736722730002	0
321	Iter0322	2	0	9	4	1	0	1.5	1.0	0.0347826992936	1
322	Iter0323	0	1	7	2	0	0	0.1875	0.2999999999999995	-8.263464800000001e-05	0
323	Iter0324	4	2	10	2	0	0	0.4	0.5686274509803939	-1.30932501e-05	0
324	Iter0325	0	0	8	3	0	0	0.4444444444444444	1.0	-0.00011948054610000594	0
325	Iter0326	1	0	7	3	1	0	1.0	1.0	0.006759825745000001	1
326	Iter0327	5	3	9	1	1	0	0.1851851851851852	0.2745098039215703	0.0022437641230722903	1
327	Iter0328	2	3	1	3	0	0	2.0	1.0	0.0	0
328	Iter0329	0	0	7	5	0	0	0.75	1.0	-0.000705203736	0
329	Iter0330	2	1	8	2	0	0	0.5	1.0	-0.0004040683572595	0
330	Iter0331	2	2	6	3	0	0	0.5	1.0	0.05107337545829334	1
331	Iter0332	4	1	5	3	0	0	2.4	1.0	-0.0008962609	0
332	Iter0333	0	0	5	4	0	0	0.8333333333333334	1.0	0.00642762174	1
333	Iter0334	2	0	7	1	1	0	0.75	1.0	0.0426133033696	1
334	Iter0335	0	2	6	4	0	0	0.2380952380952381	0.4545454545454557	-0.000558082168	0
335	Iter0336	2	1	3	4	0	0	2.6666666666666665	1.0	-5.891914099999999e-06	0
336	Iter0337	1	0	8	3	0	0	0.8888888888888888	1.0	-0.0002344399792	0
337	Iter0338	0	2	11	5	0	0	0.16666666666666666	0.13725490196078502	0.020910099757859	1
338	Iter0339	1	3	3	3	0	0	0.3333333333333333	0.5714285714285721	-0.0010623659331778	0
339	Iter0340	2	2	5	6	0	0	1.2	1.0	0.01651724791	1
340	Iter0341	2	1	6	4	0	0	1.3333333333333333	1.0	0.04190173330000001	1
341	Iter0342	1	0	10	7	0	0	1.4545454545454546	1.0	-0.00060414447	0
342	Iter0343	0	0	10	5	0	0	0.5454545454545455	1.0	0.0	0
343	Iter0344	2	2	14	5	0	0	0.35714285714285715	0.5573122529644269	-3.9418325e-05	0
344	Iter0345	4	0	3	7	0	0	10.0	0.06993006993007002	-0.0007314684000000099	0
345	Iter0346	4	2	6	3	0	0	1.0	1.0	-0.00040744912999999996	0
346	Iter0347	2	4	4	7	0	0	0.875	1.0	-1.6296854e-05	0
347	Iter0348	1	0	5	5	1	0	2.0	1.0	0.036271206	1
348	Iter0349	1	4	3	0	0	0	0.1	0.14285714285714265	0.0	0
349	Iter0350	3	1	8	4	1	0	1.5	1.0	0.027140229562480002	1
350	Iter0351	3	0	9	5	0	0	2.4	0.5147058823529412	-7.0420741625e-06	0
351	Iter0352	1	1	8	3	0	0	0.375	1.0	-0.0027450377	0
352	Iter0353	1	1	3	5	0	0	1.6666666666666667	1.0	0.012174929662000001	1
353	Iter0354	2	1	13	4	1	0	0.6153846153846154	1.0	0.07915061079999999	1
354	Iter0355	1	0	9	5	0	0	1.2	1.0	-5.66133331e-06	0
355	Iter0356	1	2	7	3	0	0	0.21428571428571427	0.5104895104895115	-1.2368729999999999e-06	0
356	Iter0357	1	1	7	4	0	0	0.5714285714285714	1.0	-0.00023629929999999998	0
357	Iter0358	4	1	2	4	2	0	8.0	0.2424242424242419	0.08953027385000001	1
358	Iter0359	1	1	12	2	0	0	0.16666666666666666	0.3499999999999994	-2.97838e-07	0
359	Iter0360	0	2	9	4	0	0	0.16666666666666666	0.14285714285714254	-3.57387e-07	0
360	Iter0361	0	0	6	2	0	1	0.42857142857142855	1.0	0.023810501309760004	1
361	Iter0362	1	1	5	3	1	0	0.6	1.0	0.0054331172	1
362	Iter0363	1	1	5	1	0	0	0.2	0.464285714285714	0.022074161991154237	1
363	Iter0364	1	0	5	4	0	0	1.6666666666666667	1.0	-1.75799e-05	0
364	Iter0365	2	1	4	4	0	0	2.0	1.0	0.015618374499999999	1
365	Iter0366	2	0	4	3	0	0	2.4	0.5000000000000007	-0.000149180216	0
366	Iter0367	2	2	3	2	0	0	0.6666666666666666	1.0	-0.0009345426899	0
367	Iter0368	1	0	6	2	0	0	0.8571428571428571	1.0	0.0187019593	1
368	Iter0369	1	2	7	2	0	0	0.14285714285714285	0.2363636363636364	-4.21141e-11	0
369	Iter0370	0	0	6	2	0	0	0.42857142857142855	1.0	0.00897734885841	1
370	Iter0371	0	0	8	2	0	0	0.3333333333333333	1.0	-6.27993e-07	0
371	Iter0372	2	2	7	3	1	0	0.42857142857142855	0.5804195804195794	0.024012485492	1
372	Iter0373	4	2	8	3	0	0	0.75	1.0	-0.000254120672	0
373	Iter0374	0	3	10	2	0	0	0.06818181818181819	0.02197802197802187	-8.35806e-11	0
374	Iter0375	1	4	10	3	0	0	0.075	0.04738562091503273	-5.22353e-07	0
375	Iter0376	1	1	10	5	0	0	0.5	1.0	0.0	0
376	Iter0377	4	2	7	5	1	0	1.4285714285714286	1.0	0.0157347023	1
377	Iter0378	2	4	7	3	0	0	0.21428571428571427	0.3024475524475516	-0.000130252664	0
378	Iter0379	1	2	5	2	0	0	0.2	0.4999999999999996	-8.561356000000002e-06	0
379	Iter0380	1	1	8	7	0	0	0.875	1.0	-2.785613e-05	0
380	Iter0381	0	1	13	6	0	0	0.25	0.3500000000000021	-0.00031189463000000004	0
381	Iter0382	2	1	3	5	0	0	3.333333333333333	0.5454545454545451	-8.212307079999999e-06	0
382	Iter0383	1	2	6	3	0	0	0.25	0.5227272727272733	-1.012715e-05	0
383	Iter0384	2	1	8	4	1	0	1.0	1.0	0.0216378810799	1
384	Iter0385	0	0	10	4	0	0	0.4545454545454545	1.0	0.017267236781	1
385	Iter0386	1	0	6	0	0	0	0.2857142857142857	1.0	-0.0003478295574035	0
386	Iter0387	1	2	1	1	0	0	0.5	1.0	-0.0018306906	0
387	Iter0388	1	0	6	3	0	0	1.1428571428571428	1.0	-0.00022475890000000001	0
388	Iter0389	2	0	3	2	1	0	2.25	1.0	0.0577779142703344	1
389	Iter0390	2	1	5	4	1	0	1.6	1.0	0.010835081427000001	1
390	Iter0391	1	2	5	4	0	0	0.4	1.0	-0.00077352270922405	0
391	Iter0392	3	2	10	3	0	0	0.45	0.5827497665732946	-0.00026237493603	0
392	Iter0393	2	3	6	2	0	0	0.2222222222222222	0.2929292929292933	0.021787138256000003	1
393	Iter0394	2	3	6	4	0	0	0.4444444444444444	0.6083916083916079	-0.000557074735	0
394	Iter0395	1	1	9	4	0	0	0.4444444444444444	1.0	-0.000266876	0
395	Iter0396	1	2	3	1	0	0	0.16666666666666666	0.4857142857142852	-0.000310737	0
396	Iter0397	0	0	9	0	0	0	0.1	1.0	-0.00021443912658	0
397	Iter0398	0	2	4	1	0	0	0.13333333333333333	0.14285714285714265	-5.66110537e-07	0
398	Iter0399	0	2	4	2	0	0	0.2	0.4285714285714285	-1.73909e-06	0
399	Iter0400	1	3	4	1	0	0	0.08333333333333333	0.20634920634920625	-9.27723078637e-05	0
400	Iter0401	1	2	5	5	0	0	0.5	1.0	-0.0030047400032	0
401	Iter0402	0	4	8	5	0	0	0.13333333333333333	0.08235294117647017	-0.000122876	0
402	Iter0403	1	0	5	4	0	0	1.6666666666666667	1.0	-0.0009052628	0
403	Iter0404	0	1	10	3	0	0	0.18181818181818185	0.2857142857142852	0.01850739168	1
404	Iter0405	4	1	5	2	1	0	1.6	1.0	0.0081355060959	1
405	Iter0406	0	0	12	2	0	0	0.2307692307692308	1.0	-1.05172e-08	0
406	Iter0407	3	0	6	2	0	0	1.7142857142857142	1.0	-0.00018097908369999998	0
407	Iter0408	1	1	8	2	0	0	0.25	0.4545454545454548	-0.000173110965	0
408	Iter0409	1	3	5	4	0	0	0.26666666666666666	0.5594405594405606	-0.0001327414	0
409	Iter0410	0	1	4	3	0	0	0.4	1.0	0.0128692979	1
410	Iter0411	5	2	6	5	0	0	2.083333333333333	0.637066365007544	-0.00032573568337000003	0
411	Iter0412	2	3	9	5	0	0	0.3703703703703704	0.6026831785345719	0.00337603042	1
412	Iter0413	3	4	10	2	0	0	0.15	0.12874097007223875	-1.61792e-12	0
413	Iter0414	1	1	7	2	0	0	0.2857142857142857	0.4909090909090902	-0.00028765077000000004	0
414	Iter0415	3	0	9	6	1	0	2.8	0.5147058823529415	0.021871281813	1
415	Iter0416	3	3	9	3	0	0	0.3333333333333333	0.3440530058177112	0.037178861577	1
416	Iter0417	3	1	8	4	0	0	1.5	1.0	-0.0004872462	0
417	Iter0418	1	3	5	1	0	0	0.06666666666666668	0.19047619047619052	-0.000182947934141	0
418	Iter0419	1	0	9	5	0	0	1.2	1.0	0.027572910878	1
419	Iter0420	1	1	11	8	0	0	0.7272727272727273	1.0	-0.000361753026	0
420	Iter0421	0	1	5	1	0	0	0.16666666666666666	0.2857142857142857	-0.00016177760227	0
421	Iter0422	1	1	3	1	0	0	0.3333333333333333	1.0	-1.97727e-06	0
422	Iter0423	1	3	6	4	0	0	0.2222222222222222	0.5594405594405611	-0.0008825492963300002	0
423	Iter0424	2	3	7	3	0	0	0.2857142857142857	0.32867132867132803	-4.857025600000001e-06	0
424	Iter0425	0	0	4	2	0	0	0.6	1.0	-0.00030956420100000003	0
425	Iter0426	1	0	8	2	0	1	0.6666666666666666	1.0	-9.13192e-07	0
426	Iter0427	1	0	4	3	0	0	1.6	1.0	0.019878922	1
427	Iter0428	0	0	8	2	0	0	0.3333333333333333	1.0	-0.000183939034	0
428	Iter0429	1	1	7	0	0	0	0.125	0.2222222222222225	-0.00043672506290000005	0
429	Iter0430	0	0	8	1	0	0	0.2222222222222222	1.0	0.09444887990999999	1
430	Iter0431	2	0	4	2	0	0	1.7999999999999998	1.0	0.0104931211943	1
431	Iter0432	1	2	5	4	0	0	0.4	1.0	-0.000537599170593	0
432	Iter0433	0	2	7	4	0	0	0.2083333333333333	0.1923076923076929	-5.65437e-08	0
433	Iter0434	2	1	8	2	0	0	0.5	1.0	-0.00023057491399999997	0
434	Iter0435	0	2	5	1	0	0	0.1111111111111111	0.10714285714285714	-0.00016832099999999998	0
435	Iter0436	5	3	6	4	0	0	1.1111111111111112	1.0	0.03460734873384	1
436	Iter0437	0	2	7	2	0	0	0.125	0.10909090909090892	-1.22993665e-06	0
437	Iter0438	0	0	11	5	0	0	0.5	1.0	-0.00054641258	0
438	Iter0439	3	2	7	3	0	0	0.6428571428571428	1.0	-5.248749011806e-06	0
439	Iter0440	3	3	10	9	0	0	0.8999999999999999	1.0	0.005123755000000001	1
440	Iter0441	2	2	7	3	0	0	0.42857142857142855	0.5804195804195794	-0.00093978589	0
441	Iter0442	1	3	8	3	0	0	0.125	0.23516483516483486	0.012746359999792643	1
442	Iter0443	1	0	8	1	0	0	0.4444444444444444	1.0	0.017023653596699998	1
443	Iter0444	3	0	11	1	0	0	0.6666666666666666	1.0	0.03684920865289999	1
444	Iter0445	1	4	8	9	1	0	0.28125	0.36021872863978105	6.188338999999999e-05	1
445	Iter0446	1	0	8	3	0	0	0.8888888888888888	1.0	-2.51331e-05	0
446	Iter0447	1	4	10	5	0	0	0.125	0.1273219814241492	-0.000415888519	0
447	Iter0448	1	0	6	6	1	0	2.0	1.0	0.1061496	1
448	Iter0449	1	0	6	5	0	0	1.7142857142857142	1.0	0.0157491367	1
449	Iter0450	4	1	9	2	0	0	0.8888888888888888	1.0	0.026111798426099998	1
450	Iter0451	0	1	11	1	0	0	0.08333333333333333	0.15384615384615366	0.00429497	1
451	Iter0452	3	2	8	4	0	0	0.75	1.0	0.011495304183	1
452	Iter0453	1	0	6	3	0	0	1.1428571428571428	1.0	-0.0001301239	0
453	Iter0454	1	0	8	2	0	0	0.6666666666666666	1.0	-3.9314905e-05	0
454	Iter0455	2	5	7	0	0	0	0.0625	0.020979020979020897	0.019318222589	1
455	Iter0456	2	0	7	1	0	0	0.75	1.0	-9.304593e-05	0
456	Iter0457	3	0	9	2	0	0	1.2	1.0	-8.325506502700001e-05	0
457	Iter0458	1	1	6	2	1	0	0.3333333333333333	1.0	0.023287455384	1
458	Iter0459	0	1	8	5	0	0	0.3333333333333333	0.42857142857142827	-0.000422973971	0
459	Iter0460	0	0	6	2	0	0	0.42857142857142855	1.0	-0.000481819843092	0
460	Iter0461	0	1	8	4	0	0	0.2777777777777778	0.3846153846153838	0.0366622	1
461	Iter0462	1	2	3	4	0	0	0.6666666666666666	1.0	0.0	0
462	Iter0463	0	0	7	4	0	0	0.625	1.0	-0.0005564789	0
463	Iter0464	2	2	6	2	0	0	0.3333333333333333	0.5474747474747486	-0.000632470100035	0
464	Iter0465	2	2	8	2	0	0	0.25	0.5204795204795203	0.020313609841058	1
465	Iter0466	0	0	6	1	0	0	0.2857142857142857	1.0	0.0	0
466	Iter0467	0	1	8	1	0	0	0.1111111111111111	0.1999999999999998	0.05891066609999998	1
467	Iter0468	5	3	9	2	0	0	0.3703703703703704	0.6026831785345732	-0.000310920274	0
468	Iter0469	0	2	5	3	0	0	0.2222222222222222	0.4444444444444446	0.0	0
469	Iter0470	2	0	8	2	0	0	1.0	1.0	-0.000194591	0
470	Iter0471	1	1	6	0	0	0	0.14285714285714285	0.24999999999999994	0.047561267989999996	1
471	Iter0472	0	0	9	7	0	0	0.8	1.0	0.0	0
472	Iter0473	1	0	5	2	0	0	1.0	1.0	-0.00012327172551	0
473	Iter0474	2	1	8	0	0	0	0.16666666666666666	0.27272727272727204	0.030589759652000007	1
474	Iter0475	1	2	2	2	0	0	0.5	1.0	-6.031151e-05	0
475	Iter0476	1	0	8	4	0	0	1.1111111111111112	1.0	0.017222083779999998	1
476	Iter0477	1	1	9	6	1	1	0.6666666666666666	1.0	0.040288177499999994	1
477	Iter0478	2	1	11	4	0	0	0.7272727272727273	1.0	-6.11023e-13	0
478	Iter0479	2	1	7	7	0	0	2.0	1.0	-0.0010943825999999999	0
479	Iter0480	2	2	11	2	0	0	0.18181818181818185	0.2189075630252089	0.0047500745260000005	1
480	Iter0481	0	2	3	2	0	0	0.25	0.42857142857142816	-5.263352e-05	0
481	Iter0482	0	0	8	5	0	0	0.6666666666666666	1.0	-9.495279858e-06	0
482	Iter0483	2	3	11	5	0	0	0.303030303030303	0.3253722541648241	0.02229572879	1
483	Iter0484	2	1	6	5	1	0	1.6666666666666667	1.0	0.009629552040417	1
484	Iter0485	1	0	5	0	0	0	0.3333333333333333	1.0	-0.001398673	0
485	Iter0486	2	4	6	2	0	0	0.16666666666666666	0.2773892773892779	-9.54509734404e-05	0
486	Iter0487	2	3	3	2	0	0	0.4444444444444444	1.0	0.034221015800000004	1
487	Iter0488	1	1	10	4	0	0	0.4	1.0	-0.0007375310926071001	0
488	Iter0489	0	0	6	4	0	0	0.7142857142857143	1.0	0.029411396929390002	1
489	Iter0490	0	0	10	6	0	0	0.6363636363636364	1.0	0.07422821918	1
490	Iter0491	6	2	4	3	0	0	2.25	0.6083916083916068	0.010993201102000002	1
491	Iter0492	0	0	6	2	0	0	0.42857142857142855	1.0	-8.066661500004373e-05	0
492	Iter0493	1	0	11	1	0	0	0.3333333333333333	1.0	0.06156840318	1
493	Iter0494	1	3	3	3	0	0	0.3333333333333333	0.5714285714285721	-0.00047932576200000005	0
494	Iter0495	0	0	8	4	0	0	0.5555555555555556	1.0	0.013751690229999999	1
495	Iter0496	1	1	11	7	0	0	0.6363636363636364	1.0	-0.00010627656999999998	0
496	Iter0497	0	2	10	2	0	0	0.09090909090909093	0.06593406593406569	-2.39978481e-05	0
497	Iter0498	1	1	6	2	0	1	0.3333333333333333	1.0	-0.00058267020897	0
498	Iter0499	3	0	8	3	0	0	1.7777777777777777	1.0	-0.0009183227999999999	0
499	Iter0500	2	5	7	6	0	0	0.3428571428571429	0.3742260061919491	0.027664311190000002	1
500	Iter0501	1	1	14	3	0	0	0.21428571428571427	0.3859649122807044	-6.782494e-06	0
501	Iter0502	4	0	8	3	0	0	2.2222222222222223	0.5164835164835135	-0.000872612638	0
502	Iter0503	2	2	14	3	0	0	0.21428571428571427	0.22807017543859776	-4.31676e-05	0
503	Iter0504	3	2	8	7	1	0	1.3125	1.0	0.03588062540000001	1
504	Iter0505	2	2	9	5	1	0	0.5555555555555556	1.0	0.018096146039999997	1
505	Iter0506	2	1	4	2	0	0	1.0	1.0	0.03045155329156292	1
506	Iter0507	0	2	9	6	0	0	0.2333333333333333	0.2058823529411759	0.0143006491	1
507	Iter0508	3	4	5	3	0	0	0.45	0.6192696192696198	-0.00144361707	0
508	Iter0509	1	2	7	1	0	0	0.07142857142857142	0.15151515151515138	0.0232386	1
509	Iter0510	4	0	7	1	1	0	1.25	1.0	0.03977340055629	1
510	Iter0511	0	0	10	4	0	0	0.4545454545454545	1.0	0.0	0
511	Iter0512	4	0	9	6	0	0	3.5	0.2554179566563461	-0.00036473569400000003	0
512	Iter0513	1	0	11	3	0	0	0.6666666666666666	1.0	-0.000789058	0
513	Iter0514	0	3	5	6	0	0	0.2916666666666667	0.25824175824175755	-3.554757e-05	0
514	Iter0515	3	0	13	2	0	0	0.8571428571428571	1.0	-0.0008946679858000001	0
515	Iter0516	1	0	10	3	0	0	0.7272727272727273	1.0	-2.8192424000000004e-05	0
516	Iter0517	1	2	4	1	0	0	0.125	0.4642857142857137	-0.0001425556095	0
517	Iter0518	1	2	7	3	0	0	0.21428571428571427	0.5104895104895115	0.00885854969	1
518	Iter0519	1	2	9	3	0	0	0.16666666666666666	0.2417582417582416	0.0	0
519	Iter0520	3	0	10	6	0	0	2.5454545454545454	0.5170278637770895	-0.000207571091	0
520	Iter0521	2	0	6	7	0	0	3.4285714285714284	0.4666666666666659	0.009104222358	1
521	Iter0522	2	0	4	2	0	0	1.7999999999999998	1.0	-3.4995939600000005e-05	0
522	Iter0523	5	1	9	3	0	0	1.6666666666666667	1.0	-0.0002893829	0
523	Iter0524	4	0	6	6	0	0	5.0	0.23351648351648305	0.009575660582789998	1
524	Iter0525	5	2	13	4	1	0	0.7692307692307693	1.0	0.00323291262692	1
525	Iter0526	1	1	7	5	0	1	0.7142857142857143	1.0	-0.00010507991000000001	0
526	Iter0527	1	2	7	5	0	0	0.35714285714285715	0.5692307692307683	-5.35766e-05	0
527	Iter0528	0	4	4	2	0	0	0.12	0.0761904761904762	0.0	0
528	Iter0529	1	3	9	2	0	0	0.07407407407407407	0.07692307692307708	-2.9013734599e-05	0
529	Iter0530	5	4	2	3	1	0	1.875	1.0	0.00860150757	1
530	Iter0531	2	1	7	2	0	0	0.5714285714285714	1.0	-0.0011381082882398422	0
531	Iter0532	1	1	9	4	0	0	0.4444444444444444	1.0	-5.5872420100000004e-05	0
532	Iter0533	7	1	8	5	3	0	4.375	0.33591331269349894	0.15163105689	1
533	Iter0534	0	1	12	8	0	0	0.3461538461538461	0.42857142857142827	-0.001808310654	0
534	Iter0535	2	1	6	3	1	0	1.0	1.0	0.012112187638001698	1
535	Iter0536	0	1	7	7	0	0	0.5	1.0	-0.0008416408100000001	0
536	Iter0537	0	1	12	2	0	0	0.1153846153846154	0.20000000000000012	-0.0002861241	0
537	Iter0538	3	3	7	2	1	0	0.2857142857142857	0.3286713286713281	0.0054703092263	1
538	Iter0539	3	2	7	2	0	0	0.42857142857142855	0.5804195804195791	-0.00038020997000000003	0
539	Iter0540	2	1	8	6	0	0	1.5	1.0	-3.19768e-09	0
540	Iter0541	1	1	11	3	0	0	0.2727272727272728	0.44999999999999823	0.0225822	1
541	Iter0542	4	1	3	7	0	0	9.333333333333334	0.11888111888111895	-4.066087679e-05	0
542	Iter0543	0	0	5	2	0	0	0.5	1.0	-0.0006595896999999999	0
543	Iter0544	2	1	14	1	0	0	0.14285714285714285	0.3137254901960785	0.052933976370000003	1
544	Iter0545	1	1	4	1	0	0	0.25	1.0	0.00994255	1
545	Iter0546	1	3	13	4	0	0	0.10256410256410256	0.08771929824561492	0.022328945405336	1
546	Iter0547	0	0	6	0	0	0	0.14285714285714285	1.0	0.0086135869174	1
547	Iter0548	2	0	6	3	0	0	1.7142857142857142	1.0	-0.00010695008999999999	0
548	Iter0549	0	2	10	2	0	0	0.09090909090909093	0.06593406593406569	0.0095131649	1
549	Iter0550	4	1	12	2	0	0	0.6666666666666666	1.0	-0.000300063453	0
550	Iter0551	0	1	8	4	0	0	0.2777777777777778	0.3846153846153838	0.0	0
551	Iter0552	0	0	4	4	0	0	1.0	1.0	-7.613417711259919e-05	0
552	Iter0553	2	2	7	3	0	0	0.42857142857142855	0.5804195804195794	-2.6887406999999996e-06	0
553	Iter0554	1	3	3	2	0	0	0.2222222222222222	0.5238095238095237	-0.0013497126	0
554	Iter0555	1	3	10	5	1	0	0.16666666666666666	0.2621259029927765	0.00893255961	1
555	Iter0556	1	2	8	4	0	0	0.25	0.5252747252747239	0.00815866	1
556	Iter0557	0	0	10	4	0	0	0.4545454545454545	1.0	-0.000561482	0
557	Iter0558	1	3	8	2	0	0	0.08333333333333333	0.09490509490509473	-0.000859021915	0
558	Iter0559	1	1	7	3	0	1	0.42857142857142855	1.0	-2.55157e-05	0
559	Iter0560	0	0	8	5	0	0	0.6666666666666666	1.0	-0.00019833934	0
560	Iter0561	1	0	13	3	0	0	0.5714285714285714	1.0	-4.93963e-05	0
561	Iter0562	2	1	5	2	0	0	0.8	1.0	-0.00035135	0
562	Iter0563	4	0	11	3	0	0	1.6666666666666667	1.0	-0.000467195548871254	0
563	Iter0564	3	1	10	3	0	0	0.8999999999999999	1.0	0.0064075326	1
564	Iter0565	2	2	10	4	0	0	0.4	0.5686274509803924	-9.81503e-05	0
565	Iter0566	1	1	6	1	0	0	0.16666666666666666	0.4166666666666671	0.0678127896393	1
566	Iter0567	0	2	10	1	0	0	0.0606060606060606	0.038461538461538484	0.010670127156	1
567	Iter0568	0	0	3	2	0	0	0.75	1.0	-0.000554904	0
568	Iter0569	0	1	6	5	0	0	0.42857142857142855	1.0	-0.00026958771924000003	0
569	Iter0570	1	3	3	7	0	0	0.7777777777777778	1.0	-0.000571814306092	0
570	Iter0571	2	0	5	5	0	0	3.0	0.4696969696969707	-0.00033700063	0
571	Iter0572	2	2	7	3	1	0	0.42857142857142855	0.5804195804195794	0.0229420999746033	1
572	Iter0573	2	1	8	4	0	0	1.0	1.0	0.0	0
573	Iter0574	1	1	8	7	0	0	0.875	1.0	-1.54335e-07	0
574	Iter0575	3	1	9	2	0	0	0.6666666666666666	1.0	-0.000569492136164	0
575	Iter0576	0	0	8	3	0	0	0.4444444444444444	1.0	-2.6935656e-07	0
576	Iter0577	1	3	4	3	0	0	0.25	0.5454545454545454	0.01587052733	1
577	Iter0578	0	1	6	2	0	0	0.21428571428571427	0.33333333333333354	-0.0004402079	0
578	Iter0579	0	3	10	7	0	0	0.18181818181818185	0.2105263157894741	-4.78905e-07	0
579	Iter0580	2	2	8	7	1	0	0.875	1.0	0.008732563015999999	1
580	Iter0581	2	2	3	5	1	0	1.6666666666666667	1.0	0.017284075152	1
581	Iter0582	5	1	7	2	0	0	1.4285714285714286	1.0	-2.039859e-06	0
582	Iter0583	0	2	13	3	0	0	0.09523809523809523	0.0653594771241832	-7.915621465e-05	0
583	Iter0584	3	1	5	5	0	0	3.0	0.5804195804195819	-2.764175e-05	0
584	Iter0585	0	2	0	2	0	0	1.0	1.0	-1.5429300719659e-06	0
585	Iter0586	4	2	5	2	0	0	0.8	1.0	-1.62262212495e-05	0
586	Iter0587	0	0	13	3	0	0	0.2857142857142857	1.0	-0.000127695	0
587	Iter0588	2	0	8	4	0	0	1.6666666666666663	1.0	-1.7368188938e-10	0
588	Iter0589	3	2	15	1	0	0	0.1	0.12781954887218092	0.0	0
589	Iter0590	3	1	8	4	1	0	1.5	1.0	0.02974331841	1
590	Iter0591	0	1	7	1	0	0	0.125	0.2222222222222225	-0.0007219976	0
591	Iter0592	0	2	6	2	0	0	0.14285714285714285	0.13333333333333328	0.015917999999932632	1
592	Iter0593	2	1	8	3	0	0	0.75	1.0	-1.79407e-07	0
593	Iter0594	0	1	13	4	0	0	0.17857142857142858	0.27777777777777835	0.0219298	1
594	Iter0595	2	0	12	2	0	0	0.6923076923076924	1.0	-1.0967122999999998e-05	0
595	Iter0596	3	1	12	9	1	0	2.25	0.6264822134387369	0.019187272780000004	1
596	Iter0597	2	0	8	3	0	0	1.3333333333333333	1.0	0.058092096346249004	1
597	Iter0598	0	1	6	3	0	0	0.2857142857142857	0.3999999999999996	0.00700775258	1
598	Iter0599	3	1	8	4	1	0	1.5	1.0	0.006079615	1
599	Iter0600	1	0	6	5	0	0	1.7142857142857142	1.0	0.027440894784150006	1
600	Iter0601	0	1	7	4	0	0	0.3125	0.4166666666666672	0.020376728	1
601	Iter0602	2	2	7	3	0	0	0.42857142857142855	0.5804195804195794	-1.566842e-06	0
602	Iter0603	4	2	12	2	0	0	0.3333333333333333	0.5492260061919542	-9.979819000000001e-05	0
603	Iter0604	0	0	10	3	0	0	0.3636363636363637	1.0	-0.00026428274237452005	0
604	Iter0605	3	3	9	3	1	0	0.3333333333333333	0.3440530058177112	0.027477422077	1
605	Iter0606	3	2	9	3	0	0	0.5	0.6000323206205526	0.019885009	1
606	Iter0607	0	0	5	1	0	0	0.3333333333333333	1.0	-0.00015336562	0
607	Iter0608	1	6	7	7	0	0	0.16666666666666666	0.17358101135190918	0.0455222399783	1
608	Iter0609	3	2	5	3	0	0	0.8999999999999999	1.0	-1.2370587e-05	0
609	Iter0610	2	0	9	6	0	0	2.1	0.5147058823529396	-5.60392e-06	0
610	Iter0611	3	1	8	3	0	0	1.125	1.0	0.0041571772642	1
611	Iter0612	2	1	10	0	0	0	0.13636363636363635	0.23076923076923114	-1.44114e-12	0
612	Iter0613	3	0	11	2	0	0	1.0	1.0	-0.0007438306361	0
613	Iter0614	1	2	8	4	1	0	0.25	0.5252747252747239	0.012558445	1
614	Iter0615	1	1	11	6	0	0	0.5454545454545455	1.0	-0.00020209539	0
615	Iter0616	1	0	7	1	1	0	0.5	1.0	0.024488357757036998	1
616	Iter0617	0	2	12	3	0	0	0.10256410256410256	0.07352941176470587	-4.50955e-05	0
617	Iter0618	2	1	11	7	0	0	1.2727272727272727	1.0	0.024472333955308	1
618	Iter0619	0	0	11	4	0	0	0.4166666666666667	1.0	0.0	0
619	Iter0620	2	3	5	1	0	0	0.13333333333333333	0.2424242424242424	-0.000148589	0
620	Iter0621	1	3	7	2	0	0	0.09523809523809523	0.2167832167832169	-9.20014e-05	0
621	Iter0622	7	1	8	2	1	0	1.75	1.0	0.0041359768	1
622	Iter0623	2	1	5	1	0	0	0.4	1.0	-0.00024374126032300004	0
623	Iter0624	1	0	4	4	0	0	2.0	1.0	-0.00016912831028361	0
624	Iter0625	4	1	3	3	0	0	4.0	0.5454545454545454	-3.83655951073e-05	0
625	Iter0626	0	3	8	0	0	0	0.027777777777777776	0.006060606060606057	0.015547799899750001	1
626	Iter0627	2	3	10	2	0	0	0.13333333333333333	0.11651583710407172	0.01144863029	1
627	Iter0628	4	3	4	0	0	0	0.25	0.2363636363636365	0.040167078439000005	1
628	Iter0629	1	1	7	3	0	0	0.42857142857142855	1.0	-0.0014519240386716	0
629	Iter0630	1	1	12	5	0	0	0.4166666666666667	1.0	-0.00010435936878900001	0
630	Iter0631	2	1	6	2	2	0	0.6666666666666666	1.0	0.0523611583	1
631	Iter0632	0	1	10	6	0	0	0.3181818181818182	0.4117647058823533	-3.3030512e-05	0
632	Iter0633	1	2	10	9	0	0	0.45	1.0	0.014808078600000002	1
633	Iter0634	1	0	7	5	1	0	1.5	1.0	0.009408902226	1
634	Iter0635	2	0	6	5	0	0	2.5714285714285707	0.4871794871794877	0.035274826772887	1
635	Iter0636	1	2	5	3	0	0	0.3	0.5454545454545457	-9.584080547342001e-05	0
636	Iter0637	2	2	4	4	0	0	1.0	1.0	-1.80534885e-05	0
637	Iter0638	1	1	1	3	0	0	3.0	1.0	0.04269122830000001	1
638	Iter0639	0	0	11	2	0	0	0.25	1.0	-0.000254332	0
639	Iter0640	4	1	6	3	0	0	2.0	1.0	0.014617831129899997	1
640	Iter0641	3	0	5	5	0	0	4.0	0.2307692307692313	0.032530062639999996	1
641	Iter0642	0	0	9	4	0	0	0.5	1.0	-6.951877000000001e-05	0
642	Iter0643	3	1	8	1	0	0	0.375	1.0	0.08255610113929998	1
643	Iter0644	0	0	8	3	0	0	0.4444444444444444	1.0	-0.0001006444	0
644	Iter0645	1	3	4	7	0	0	0.5833333333333334	1.0	-0.00039596140000000004	0
645	Iter0646	1	2	8	4	0	0	0.25	0.5252747252747239	0.0472986221037	1
646	Iter0647	0	1	8	4	0	0	0.2777777777777778	0.3846153846153838	0.0	0
647	Iter0648	3	0	3	4	1	0	5.0	0.20000000000000007	0.016322144327399996	1
648	Iter0649	6	0	11	2	0	0	1.75	1.0	-0.0004888221932	0
649	Iter0650	0	2	10	3	0	0	0.1212121212121212	0.09523809523809497	-0.000219184411	0
650	Iter0651	1	5	7	2	0	0	0.05714285714285715	0.040559440559440565	-5.29042e-05	0
651	Iter0652	2	3	6	5	0	0	0.5555555555555556	1.0	-0.00010666757599999999	0
652	Iter0653	1	4	7	5	0	0	0.17857142857142858	0.2941176470588223	0.0	0
653	Iter0654	3	3	6	4	1	0	0.6666666666666666	1.0	0.008177116191	1
654	Iter0655	3	1	7	4	1	0	1.7142857142857142	1.0	0.0236986471891265	1
655	Iter0656	0	0	7	1	0	0	0.25	1.0	0.00868487641	1
656	Iter0657	2	2	6	0	0	0	0.14285714285714285	0.13333333333333328	-7.9829372848e-06	0
657	Iter0658	0	0	7	1	0	0	0.25	1.0	-3.166080000001074e-05	0
658	Iter0659	1	0	11	6	0	0	1.1666666666666667	1.0	-0.00030720540000000004	0
659	Iter0660	1	0	12	4	0	0	0.7692307692307692	1.0	-0.000109977	0
660	Iter0661	1	0	10	4	0	0	0.9090909090909092	1.0	-1.06307e-08	0
661	Iter0662	1	1	9	0	0	0	0.1	0.18181818181818213	-0.000255926	0
662	Iter0663	4	1	5	2	0	0	1.6	1.0	-0.0007261052170144029	0
663	Iter0664	2	0	8	2	0	0	1.0	1.0	-4.8555984e-06	0
664	Iter0665	1	0	8	2	0	0	0.6666666666666666	1.0	0.0357272	1
665	Iter0666	1	0	7	2	0	0	0.75	1.0	0.02943592361	1
666	Iter0667	0	1	7	4	0	0	0.3125	0.4166666666666672	0.00894843588	1
667	Iter0668	1	1	10	6	0	0	0.6	1.0	0.026438999599445002	1
668	Iter0669	3	1	9	5	0	0	1.6666666666666663	1.0	-0.00043626172193	0
669	Iter0670	2	2	3	7	0	0	2.333333333333333	0.58041958041958	-0.0018864517141999998	0
670	Iter0671	3	2	7	2	0	0	0.42857142857142855	0.5804195804195791	0.01553380340587703	1
671	Iter0672	3	0	9	1	0	0	0.8	1.0	0.002837487742	1
672	Iter0673	1	1	8	0	0	0	0.1111111111111111	0.1999999999999998	0.0295088941	1
673	Iter0674	0	0	10	5	0	0	0.5454545454545455	1.0	-4.7358990000000004e-06	0
674	Iter0675	0	2	0	2	0	0	1.0	1.0	-0.00018884719999999998	0
675	Iter0676	2	6	6	3	0	0	0.16666666666666666	0.15343480049362382	-0.0008310319719999999	0
676	Iter0677	1	1	11	6	0	0	0.5454545454545455	1.0	0.0	0
677	Iter0678	4	1	7	5	0	0	2.8571428571428568	0.6000323206205533	-2.94188499e-06	0
678	Iter0679	2	0	8	3	0	0	1.3333333333333333	1.0	-0.00117469469	0
679	Iter0680	0	2	10	4	0	0	0.1515151515151515	0.12499999999999953	0.0	0
680	Iter0681	1	3	7	5	0	0	0.2380952380952381	0.5692307692307679	-0.000306126	0
681	Iter0682	4	0	11	1	0	0	0.8333333333333334	1.0	-1.8281431292e-05	0
682	Iter0683	1	1	9	3	0	0	0.3333333333333333	0.5054945054945044	0.0041518	1
683	Iter0684	4	0	9	8	0	1	4.5	0.13116123642439426	0.028150919000000003	1
684	Iter0685	1	1	11	4	0	0	0.3636363636363637	0.5147058823529393	-4.3958e-05	0
685	Iter0686	2	2	7	2	0	0	0.2857142857142857	0.53006993006993	-2.2401421827999998e-05	0
686	Iter0687	2	3	4	2	1	0	0.3333333333333333	0.5670995670995663	0.04418672487	1
687	Iter0688	1	2	7	1	0	0	0.07142857142857142	0.15151515151515138	-0.0003067984	0
688	Iter0689	1	1	3	6	0	0	2.0	1.0	-0.000346690795	0
689	Iter0690	2	3	5	1	0	0	0.13333333333333333	0.2424242424242424	-0.000177936774284	0
690	Iter0691	0	0	8	4	0	0	0.5555555555555556	1.0	0.028576494421	1
691	Iter0692	3	3	9	1	0	0	0.1111111111111111	0.11813186813186766	-0.0003306679915698	0
692	Iter0693	2	0	8	5	0	0	2.0	0.5238095238095224	-0.0008837287	0
693	Iter0694	3	1	3	0	0	0	0.5	1.0	-0.000492249294306	0
694	Iter0695	1	3	7	3	0	0	0.14285714285714285	0.24475524475524504	-1.23541659e-06	0
695	Iter0696	1	2	5	2	0	0	0.2	0.4999999999999996	0.0652858666675283	1
696	Iter0697	3	4	5	4	1	0	0.6	1.0	0.0065619067678949995	1
697	Iter0698	0	1	10	6	0	0	0.3181818181818182	0.4117647058823533	-4.811851200000001e-05	0
698	Iter0699	2	3	4	9	1	0	1.5	1.0	0.008286895249951465	1
699	Iter0700	2	2	6	4	0	0	0.6666666666666666	1.0	0.0140797697443	1
700	Iter0701	2	1	6	6	0	0	2.0	1.0	-0.00020438827550000002	0
701	Iter0702	0	0	8	0	0	0	0.1111111111111111	1.0	0.016756909619	1
702	Iter0703	3	1	7	3	0	0	1.2857142857142856	1.0	-0.0004374597	0
703	Iter0704	5	5	9	6	0	0	0.6666666666666666	0.696829990577472	-0.0004025394492611	0
704	Iter0705	2	2	10	4	0	0	0.4	0.5686274509803924	-0.00023463084024	0
705	Iter0706	1	1	3	5	0	0	1.6666666666666667	1.0	-0.0003558126187352114	0
706	Iter0707	1	8	10	1	0	0	0.0125	0.0009228387711359842	-0.000241721	0
707	Iter0708	3	1	7	6	1	0	2.5714285714285707	0.6029411764705872	0.029480750000000003	1
708	Iter0709	1	0	7	6	0	0	1.75	1.0	-0.000200466299965	0
709	Iter0710	1	0	10	3	0	0	0.7272727272727273	1.0	0.023949	1
710	Iter0711	0	1	3	4	0	0	0.625	1.0	-0.00043659410000000004	0
711	Iter0712	1	5	5	2	0	0	0.08	0.1025641025641027	0.029242734981260905	1
712	Iter0713	0	0	5	6	0	0	1.1666666666666667	1.0	0.027981100000000005	1
713	Iter0714	0	1	10	4	0	0	0.2272727272727273	0.3333333333333323	0.0095375510087537	1
714	Iter0715	2	1	9	2	0	0	0.4444444444444444	1.0	-0.00034381443149999997	0
715	Iter0716	1	1	10	5	0	0	0.5	1.0	0.0	0
716	Iter0717	3	0	8	4	0	0	2.2222222222222223	0.5164835164835145	-0.0008532793400000001	0
717	Iter0718	2	2	10	3	0	0	0.3	0.5378151260504158	-0.00027809008	0
718	Iter0719	1	2	4	4	1	0	0.5	1.0	0.015952002453699998	1
719	Iter0720	1	3	7	3	0	0	0.14285714285714285	0.24475524475524504	-0.00085515107	0
720	Iter0721	0	0	7	4	0	0	0.625	1.0	-6.058830000000002e-06	0
721	Iter0722	2	3	6	4	0	0	0.4444444444444444	0.6083916083916079	-0.000262067807533	0
722	Iter0723	0	1	8	1	0	0	0.1111111111111111	0.1999999999999998	-0.00024928859	0
723	Iter0724	2	1	7	4	0	0	1.1428571428571428	1.0	0.014974577343909997	1
724	Iter0725	2	0	14	6	0	0	1.4	1.0	-0.00023549588000000002	0
725	Iter0726	6	0	7	2	0	0	2.625	0.4857142857142826	-8.1082284e-05	0
726	Iter0727	1	1	5	4	0	0	0.8	1.0	-6.353351360000102e-05	0
727	Iter0728	0	4	7	3	0	0	0.1	0.06993006993007002	0.030126281479	1
728	Iter0729	2	1	7	4	0	0	1.1428571428571428	1.0	-1.58606e-05	0
729	Iter0730	2	0	7	3	0	0	1.5	1.0	0.007565151641999999	1
730	Iter0731	1	1	9	4	0	0	0.4444444444444444	1.0	0.007638307380000001	1
731	Iter0732	0	0	5	0	0	0	0.16666666666666666	1.0	-0.00046592566669999996	0
732	Iter0733	1	2	5	4	0	0	0.4	1.0	-7.71736e-13	0
733	Iter0734	2	3	13	5	0	0	0.2564102564102564	0.2968587476596618	0.01507097047	1
734	Iter0735	4	1	5	3	0	0	2.4	1.0	0.038949510750108995	1
735	Iter0736	0	1	7	0	0	0	0.0625	0.12499999999999994	-3.216296e-05	0
736	Iter0737	2	1	9	2	0	0	0.4444444444444444	1.0	-0.000507593	0
737	Iter0738	1	3	7	0	0	0	0.0625	0.024242424242424232	0.009791924939999998	1
738	Iter0739	0	1	6	1	0	0	0.14285714285714285	0.24999999999999994	-0.0004840510722873	0
739	Iter0740	4	0	5	1	1	1	1.6666666666666667	1.0	0.035997387449059996	1
740	Iter0741	1	2	6	7	0	0	0.5833333333333334	1.0	0.008954937999999999	1
741	Iter0742	0	2	9	3	0	0	0.13333333333333333	0.10989010989010926	0.00245418	1
742	Iter0743	1	2	9	5	1	0	0.2777777777777778	0.5367647058823537	0.052876653681	1
743	Iter0744	2	3	7	2	1	0	0.19047619047619047	0.26573426573426473	0.01066343051699423	1
744	Iter0745	0	0	6	5	0	0	0.8571428571428571	1.0	0.038229055000000005	1
745	Iter0746	5	1	5	1	0	0	1.0	1.0	0.03408691024	1
746	Iter0747	2	3	10	2	0	1	0.13333333333333333	0.11651583710407172	-1.4688481587e-05	0
747	Iter0748	2	1	7	1	0	0	0.2857142857142857	0.4909090909090901	-1.1062379999999999e-06	0
748	Iter0749	2	2	4	6	0	1	1.5	1.0	-0.00063180443	0
749	Iter0750	2	1	4	3	0	0	1.5	1.0	0.011589941283920002	1
750	Iter0751	1	2	6	6	0	0	0.5	1.0	0.0061481310709999995	1
751	Iter0752	0	0	8	6	0	0	0.7777777777777777	1.0	0.016233105900000003	1
752	Iter0753	2	0	8	4	0	0	1.6666666666666663	1.0	-0.0001949025023	0
753	Iter0754	1	1	5	5	0	0	1.0	1.0	-8.82729e-05	0
754	Iter0755	2	1	3	1	0	0	0.6666666666666666	1.0	-0.0001170962	0
755	Iter0756	2	0	5	1	0	0	1.0	1.0	0.0312919165358	1
756	Iter0757	2	1	9	7	0	0	1.5555555555555554	1.0	0.028323930429999998	1
757	Iter0758	5	3	3	8	0	0	4.4444444444444455	0.18091609113280996	0.011140478378828998	1
758	Iter0759	2	2	10	0	0	0	0.09090909090909093	0.06593406593406581	-3.277651e-05	0
759	Iter0760	0	0	9	3	0	0	0.4	1.0	-2.3522e-08	0
760	Iter0761	1	2	12	0	0	0	0.05128205128205128	0.02857142857142844	-1.8492500999999998e-07	0
761	Iter0762	1	3	11	3	0	0	0.09090909090909093	0.08333333333333336	0.02660160994	1
762	Iter0763	0	0	10	4	0	0	0.4545454545454545	1.0	0.0	0
763	Iter0764	5	2	8	3	1	0	0.9375	1.0	0.065099783990255	1
764	Iter0765	2	1	9	7	0	0	1.5555555555555554	1.0	-2.8950014000000002e-06	0
765	Iter0766	2	2	13	5	0	0	0.3846153846153846	0.5645933014354049	-0.00018952261077999997	0
766	Iter0767	1	2	11	5	0	0	0.2272727272727273	0.5232198142414874	-0.00015899957002999998	0
767	Iter0768	2	0	8	4	1	0	1.6666666666666663	1.0	0.008595082758200001	1
768	Iter0769	1	2	4	4	0	0	0.5	1.0	-1.5591237400000002e-05	0
769	Iter0770	1	1	10	4	1	0	0.4	1.0	0.014259066	1
770	Iter0771	1	0	6	9	0	0	2.8571428571428568	0.4374999999999999	0.0	0
771	Iter0772	0	3	6	5	0	0	0.21428571428571427	0.2087912087912085	0.009908244361053	1
772	Iter0773	1	2	4	3	0	0	0.375	1.0	-2.0712800000000005e-07	0
773	Iter0774	2	1	6	4	0	0	1.3333333333333333	1.0	-0.00063514290740222	0
774	Iter0775	4	1	10	3	1	0	1.2	1.0	0.025798797406	1
775	Iter0776	2	3	8	5	1	0	0.4166666666666666	0.6078431372549022	0.077112846727	1
776	Iter0777	2	1	6	4	0	0	1.3333333333333333	1.0	0.015327586399999997	1
777	Iter0778	0	1	15	3	0	0	0.125	0.21052631578947412	-5.98469e-05	0
778	Iter0779	5	1	8	4	2	0	2.5	0.6148459383753487	0.06946160571	1
779	Iter0780	1	3	10	6	0	0	0.2	0.2848297213622312	-0.0002137425	0
780	Iter0781	0	2	6	7	0	0	0.3809523809523809	0.4857142857142842	-5.16766e-09	0
781	Iter0782	0	0	11	3	0	0	0.3333333333333333	1.0	-2.5697740000000002e-05	0
782	Iter0783	0	4	9	4	0	0	0.1	0.02941176470588216	-0.00046077092	0
783	Iter0784	0	0	4	3	0	0	0.8	1.0	-0.0004217821031	0
784	Iter0785	2	4	7	3	2	0	0.21428571428571427	0.3024475524475516	0.08520602299999999	1
785	Iter0786	3	1	7	2	0	0	0.8571428571428571	1.0	-7.2445146652733e-05	0
786	Iter0787	1	3	11	7	0	0	0.21212121212121213	0.2932330827067657	-2.7982600000000003e-07	0
787	Iter0788	2	0	13	5	1	0	1.2857142857142856	1.0	0.02107549999852024	1
788	Iter0789	1	1	5	1	0	0	0.2	0.464285714285714	-0.00015195238	0
789	Iter0790	0	2	5	4	0	0	0.2777777777777778	0.45454545454545403	0.0	0
790	Iter0791	0	3	7	1	0	0	0.0625	0.024242424242424232	-0.000314231253804	0
791	Iter0792	1	0	7	1	0	0	0.5	1.0	-0.000650943328	0
792	Iter0793	1	5	4	1	0	0	0.05	0.08008658008658008	0.0	0
793	Iter0794	2	2	5	5	0	0	1.0	1.0	0.04887058768779	1
794	Iter0795	3	2	9	3	0	0	0.5	0.6000323206205526	-7.8521427e-05	0
795	Iter0796	1	0	2	5	0	0	4.0	0.37499999999999983	-5.782269e-06	0
796	Iter0797	0	2	8	2	0	0	0.1111111111111111	0.09090909090909123	-0.0004095878	0
797	Iter0798	2	1	11	3	1	0	0.5454545454545455	1.0	0.00970839	1
798	Iter0799	1	2	10	2	0	0	0.1	0.1538461538461539	-4.138029e-05	0
799	Iter0800	0	1	4	4	0	0	0.5	1.0	0.00353634013606	1
800	Iter0801	3	3	5	2	0	0	0.4	0.5920745920745938	-0.0013295263999999998	0
801	Iter0802	3	1	8	3	1	0	1.125	1.0	0.04470709522	1
802	Iter0803	2	0	6	4	0	0	2.142857142857143	0.5151515151515165	-0.0002607519109	0
803	Iter0804	0	2	10	2	0	0	0.09090909090909093	0.06593406593406569	-0.00178123488	0
804	Iter0805	3	3	7	3	1	0	0.42857142857142855	0.6066433566433559	0.006102790873	1
805	Iter0806	2	0	8	5	0	0	2.0	0.5238095238095224	-7.835960000000001e-08	0
806	Iter0807	2	1	11	4	0	0	0.7272727272727273	1.0	0.02362248082	1
807	Iter0808	4	2	8	0	0	0	0.1851851851851852	0.16483516483516408	-0.000516470272	0
808	Iter0809	1	1	7	1	0	0	0.14285714285714285	0.377777777777778	-0.000156162264	0
809	Iter0810	3	2	10	5	0	0	0.75	1.0	-7.450841e-05	0
810	Iter0811	1	1	11	5	0	0	0.4545454545454545	1.0	0.0048398216199999995	1
811	Iter0812	1	1	4	2	0	0	0.5	1.0	0.017779520908944513	1
812	Iter0813	3	8	3	4	0	0	0.5	0.6266968325791854	-0.00042066511845110003	0
813	Iter0814	0	0	8	3	0	0	0.4444444444444444	1.0	-0.00017670666	0
814	Iter0815	1	0	9	1	0	0	0.4	1.0	-0.0009004067399999998	0
815	Iter0816	3	0	5	2	0	0	2.0	1.0	-0.0006622424101	0
816	Iter0817	2	0	5	4	1	0	2.5	0.4909090909090901	0.039071227210999995	1
817	Iter0818	1	1	9	2	0	0	0.2222222222222222	0.42307692307692496	-0.0006952308099000001	0
818	Iter0819	0	0	8	2	0	0	0.3333333333333333	1.0	-7.30808e-09	0
819	Iter0820	0	3	3	4	0	0	0.3125	0.4750000000000001	0.0	0
820	Iter0821	2	3	7	2	0	0	0.19047619047619047	0.26573426573426473	-1.53273e-05	0
821	Iter0822	4	1	10	2	1	0	0.8	1.0	0.0030643386946	1
822	Iter0823	2	0	7	2	1	0	1.125	1.0	0.06502529870368001	1
823	Iter0824	0	0	6	5	0	0	0.8571428571428571	1.0	-0.000199116370947	0
824	Iter0825	1	1	8	5	0	0	0.625	1.0	-1.29648e-05	0
825	Iter0826	3	2	9	2	0	0	0.3333333333333333	0.5467032967032963	-0.0001980183435	0
826	Iter0827	1	2	7	6	1	0	0.42857142857142855	1.0	0.03001306716	1
827	Iter0828	2	2	3	3	0	0	1.0	1.0	-0.00040009339671211506	0
828	Iter0829	0	0	10	3	0	0	0.3636363636363637	1.0	-1.48001e-06	0
829	Iter0830	3	1	5	7	0	0	4.2	0.5692307692307679	0.023542949069	1
830	Iter0831	1	2	12	3	0	0	0.125	0.17156862745098098	0.0038618266960000003	1
831	Iter0832	1	0	9	3	0	0	0.8	1.0	-6.681871493599999e-05	0
832	Iter0833	1	2	9	4	0	0	0.2222222222222222	0.5178571428571404	-3.9139e-07	0
833	Iter0834	4	1	9	1	0	0	0.4444444444444444	1.0	-3.01221e-05	0
834	Iter0835	3	1	9	1	0	0	0.3333333333333333	0.5054945054945053	-0.00024829050000000003	0
835	Iter0836	1	1	8	8	0	0	1.0	1.0	-1.0774e-05	0
836	Iter0837	0	0	8	1	0	0	0.2222222222222222	1.0	-0.0003552008	0
837	Iter0838	2	4	9	3	1	0	0.16666666666666666	0.14140271493212714	0.019315120318	1
838	Iter0839	4	2	10	3	1	0	0.6	1.0	0.0265230429	1
839	Iter0840	5	2	7	0	2	0	0.25	0.461538461538459	0.0248181013	1
840	Iter0841	1	0	5	3	0	0	1.3333333333333333	1.0	-0.0005077820969119999	0
841	Iter0842	1	3	10	5	0	0	0.16666666666666666	0.2621259029927765	0.00222701	1
842	Iter0843	4	2	9	4	0	0	0.8888888888888888	1.0	-4.20169e-05	0
843	Iter0844	0	0	7	3	0	0	0.5	1.0	-2.7834300000000003e-06	0
844	Iter0845	1	0	8	4	0	0	1.1111111111111112	1.0	0.0	0
845	Iter0846	0	1	7	6	0	0	0.4375	1.0	0.0100978472544	1
846	Iter0847	2	1	3	3	0	0	2.0	1.0	0.01428463547	1
847	Iter0848	5	3	7	2	0	0	0.4761904761904762	0.6199095022624421	0.03090124105	1
848	Iter0849	0	2	6	5	0	0	0.2857142857142857	0.4615384615384627	0.0	0
849	Iter0850	2	0	4	3	1	0	2.4	0.5000000000000007	0.027462659694300003	1
850	Iter0851	0	4	7	3	0	0	0.1	0.06993006993007002	-4.5849e-08	0
851	Iter0852	1	1	5	5	0	1	1.0	1.0	-3.40948e-05	0
852	Iter0853	0	1	9	3	0	0	0.2	0.3076923076923073	-0.000201719	0
853	Iter0854	1	0	4	1	0	0	0.8	1.0	-1.8487801561000003e-06	0
854	Iter0855	7	4	9	2	0	1	0.3888888888888889	0.6351172047766495	-0.00018679739925909998	0
855	Iter0856	2	0	5	4	0	0	2.5	0.4909090909090901	-0.0010276252279025001	0
856	Iter0857	4	2	6	4	1	0	1.3333333333333333	1.0	0.010393797800000002	1
857	Iter0858	2	1	11	2	0	0	0.3636363636363637	0.489285714285712	-0.00026406327	0
858	Iter0859	1	0	11	1	0	0	0.3333333333333333	1.0	-2.82931e-07	0
859	Iter0860	0	3	9	7	0	0	0.2	0.21052631578947428	-4.4271898999999996e-05	0
860	Iter0861	0	0	5	4	0	0	0.8333333333333334	1.0	-3.87419e-10	0
861	Iter0862	3	3	3	5	0	0	1.6666666666666667	1.0	0.0	0
862	Iter0863	0	1	4	7	0	0	0.8	1.0	-0.000559151	0
863	Iter0864	2	3	10	3	0	0	0.2	0.2682072829131645	-0.00031594819000000003	0
864	Iter0865	1	1	4	7	0	0	1.75	1.0	0.028332071	1
865	Iter0866	2	1	7	8	0	0	2.2857142857142856	1.0	-0.0005215352	0
866	Iter0867	1	0	4	7	0	0	3.2	0.4166666666666676	0.00672907313073	1
867	Iter0868	1	4	10	3	0	0	0.075	0.04738562091503273	-0.0003458398000000001	0
868	Iter0869	5	7	5	3	0	0	0.42857142857142855	0.6499166468206725	0.021315745401525803	1
869	Iter0870	1	2	7	4	0	0	0.2857142857142857	0.5384615384615384	-0.0002091854275	0
870	Iter0871	1	0	9	4	1	1	1.0	1.0	0.019443685170000002	1
871	Iter0872	0	1	6	4	0	0	0.35714285714285715	0.4545454545454545	-0.0001418061	0
872	Iter0873	2	2	3	3	0	0	1.0	1.0	-4.03617e-06	0
873	Iter0874	1	1	12	3	0	0	0.25	0.4264705882352936	0.016053799999997488	1
874	Iter0875	4	2	9	3	0	0	0.6666666666666666	1.0	0.01903083314	1
875	Iter0876	3	2	5	5	0	0	1.5	1.0	0.07104389228047002	1
876	Iter0877	3	1	11	4	0	0	1.0909090909090908	1.0	-6.138811196e-05	0
877	Iter0878	3	1	2	1	0	0	1.5	1.0	0.031210860955	1
878	Iter0879	0	0	5	6	0	0	1.1666666666666667	1.0	0.0186025649	1
879	Iter0880	1	2	6	3	0	0	0.25	0.5227272727272733	0.0	0
880	Iter0881	2	0	5	4	0	0	2.5	0.4909090909090901	-3.421712577e-05	0
881	Iter0882	1	1	6	5	0	0	0.8333333333333334	1.0	0.00711125347	1
882	Iter0883	2	2	7	0	0	0	0.125	0.10909090909090892	-0.000493701	0
883	Iter0884	0	0	9	5	0	0	0.6	1.0	-2.77496235e-09	0
884	Iter0885	4	1	5	7	0	0	5.6	0.29411764705882226	-0.00027962742	0
885	Iter0886	4	1	3	3	1	0	4.0	0.5454545454545454	0.019440604778700004	1
886	Iter0887	0	2	7	2	0	0	0.125	0.10909090909090892	0.012180418	1
887	Iter0888	1	0	6	5	0	0	1.7142857142857142	1.0	0.07712603943699999	1
888	Iter0889	2	2	6	2	0	0	0.3333333333333333	0.5474747474747486	-6.219708999999999e-08	0
889	Iter0890	2	0	10	2	0	0	0.8181818181818182	1.0	-0.0002201671476856	0
890	Iter0891	4	2	6	2	0	0	0.6666666666666666	1.0	-0.0008706783635500001	0
891	Iter0892	0	2	11	5	0	0	0.16666666666666666	0.13725490196078502	-3.1669e-05	0
892	Iter0893	1	0	10	5	0	0	1.0909090909090908	1.0	-8.124805973432001e-05	0
893	Iter0894	2	1	6	1	0	0	0.3333333333333333	1.0	-4.8306800000000005e-06	0
894	Iter0895	1	2	12	5	0	0	0.20833333333333331	0.2701754385964923	-0.00012371690000000001	0
895	Iter0896	3	2	8	1	0	0	0.1875	0.5054945054945037	0.050245040732276	1
896	Iter0897	1	3	9	3	0	0	0.1111111111111111	0.11813186813186785	-2.76449e-06	0
897	Iter0898	2	2	16	7	1	0	0.4375	0.5815384615384657	0.0055455673412	1
898	Iter0899	2	3	2	3	1	0	1.0	1.0	0.053653355	1
899	Iter0900	2	2	9	2	0	0	0.2222222222222222	0.5164835164835159	0.02874764073	1
900	Iter0901	1	1	8	4	0	0	0.5	1.0	-0.000416062756	0
901	Iter0902	3	3	7	3	0	1	0.42857142857142855	0.6066433566433559	0.04383934794100001	1
902	Iter0903	0	0	10	2	0	0	0.2727272727272728	1.0	0.00816417111137	1
903	Iter0904	2	3	8	2	1	0	0.16666666666666666	0.25074925074925003	0.01457988	1
904	Iter0905	2	2	5	0	0	0	0.16666666666666666	0.16666666666666705	-0.0010242833632	0
905	Iter0906	2	4	5	2	0	0	0.2	0.28613053613053674	-2.563675968819e-05	0
906	Iter0907	3	2	8	2	0	0	0.375	0.5604395604395591	-0.00035489421010000003	0
907	Iter0908	5	3	8	3	1	0	0.6250000000000001	1.0	0.049832723100000004	1
908	Iter0909	0	0	9	4	0	0	0.5	1.0	-1.44214e-08	0
909	Iter0910	1	3	8	8	0	0	0.3333333333333333	0.5913312693498485	-6.552940000971885e-05	0
910	Iter0911	0	2	3	1	0	0	0.16666666666666666	0.4	0.027837457051400002	1
911	Iter0912	5	1	12	6	1	0	2.5	0.6286665279800315	0.01576836959204561	1
912	Iter0913	0	2	7	3	0	0	0.16666666666666666	0.15151515151515202	0.0	0
913	Iter0914	2	5	3	3	1	0	0.4	0.5920745920745943	0.06755042654	1
914	Iter0915	3	0	6	4	0	0	2.8571428571428568	0.4965034965034971	-2.01318e-05	0
915	Iter0916	0	1	7	3	0	0	0.25	0.3636363636363637	-0.000173851	0
916	Iter0917	1	0	7	4	0	0	1.25	1.0	-1.7205677781746896e-06	0
917	Iter0918	5	2	2	0	1	0	0.6666666666666666	1.0	0.011216218073	1
918	Iter0919	2	0	12	4	0	0	1.1538461538461535	1.0	-0.0009170213599999999	0
919	Iter0920	4	6	9	4	1	1	0.2962962962962963	0.22154491087052566	0.01750164359201463	1
920	Iter0921	2	3	5	1	0	0	0.13333333333333333	0.2424242424242424	-0.0002123986713	0
921	Iter0922	3	2	6	2	0	0	0.5	1.0	-0.00014202627999999998	0
922	Iter0923	3	0	6	9	0	0	5.7142857142857135	0.20588235294117666	0.019967835307411322	1
923	Iter0924	3	0	8	3	0	0	1.7777777777777777	1.0	-0.00066592414	0
924	Iter0925	3	0	9	8	0	0	3.6	0.2421052631578948	0.007864433889	1
925	Iter0926	1	0	5	3	0	0	1.3333333333333333	1.0	0.03465555429	1
926	Iter0927	1	1	10	1	0	0	0.1	0.2948717948717952	-0.00020975378515	0
927	Iter0928	3	0	4	3	0	0	3.2	0.4749999999999999	0.015944247718959994	1
928	Iter0929	2	2	7	4	0	0	0.5714285714285714	1.0	-0.000140676848488	0
929	Iter0930	0	0	7	1	0	0	0.25	1.0	0.03001657711	1
930	Iter0931	0	0	11	4	0	0	0.4166666666666667	1.0	0.026638237538823807	1
931	Iter0932	1	1	12	4	0	0	0.3333333333333333	0.4901960784313731	0.021090516	1
932	Iter0933	2	1	8	5	0	0	1.25	1.0	0.015059361430858283	1
933	Iter0934	4	0	8	0	1	0	0.5555555555555556	1.0	0.065089308	1
934	Iter0935	2	2	10	4	0	0	0.4	0.5686274509803924	-0.0005207852	0
935	Iter0936	3	2	11	3	1	0	0.4090909090909091	0.5695734434124551	0.029969189890000008	1
936	Iter0937	2	1	3	6	0	0	4.0	0.5227272727272732	-2.52983e-11	0
937	Iter0938	0	3	7	5	0	0	0.1875	0.19999999999999934	0.0	0
938	Iter0939	1	2	8	0	1	0	0.07407407407407407	0.05454545454545436	0.006393158903	1
939	Iter0940	0	3	13	2	0	0	0.05357142857142857	0.012254901960784362	0.0	0
940	Iter0941	1	1	4	3	0	0	0.75	1.0	-0.00024080416999999998	0
941	Iter0942	0	0	4	10	0	0	2.2	1.0	-0.00032732	0
942	Iter0943	1	4	13	2	0	0	0.038461538461538464	0.013931888544891715	-7.878350000000001e-10	0
943	Iter0944	3	3	10	0	1	0	0.09090909090909093	0.035714285714285636	0.0109525	1
944	Iter0945	1	3	9	6	0	0	0.2222222222222222	0.3034055727554189	-0.00014841	0
945	Iter0946	3	0	8	3	1	0	1.7777777777777777	1.0	0.00568090395989	1
946	Iter0947	0	0	3	6	0	0	1.75	1.0	0.0	0
947	Iter0948	1	3	11	2	0	0	0.0606060606060606	0.05252100840336108	0.00403195674	1
948	Iter0949	4	1	8	1	0	1	0.5	1.0	-0.00012582437511200002	0
949	Iter0950	1	1	5	2	0	0	0.4	1.0	0.014956244769998971	1
950	Iter0951	1	2	4	4	0	0	0.5	1.0	-0.001064784	0
951	Iter0952	1	1	9	4	0	0	0.4444444444444444	1.0	-5.5563942999999996e-05	0
952	Iter0953	1	0	12	2	0	0	0.4615384615384616	1.0	0.0068284878	1
953	Iter0954	1	3	7	3	0	0	0.14285714285714285	0.24475524475524504	-0.000181353234	0
954	Iter0955	0	1	2	1	0	0	0.3333333333333333	1.0	-0.000744444526	0
955	Iter0956	0	0	4	1	0	0	0.4	1.0	-0.00019621194000000002	0
956	Iter0957	4	0	9	7	1	0	4.0	0.24871001031991816	0.017697622744	1
957	Iter0958	0	0	7	7	0	0	1.0	1.0	0.00711505	1
958	Iter0959	3	2	9	1	0	0	0.16666666666666666	0.2417582417582405	-1.75528e-07	0
959	Iter0960	1	1	14	3	0	0	0.21428571428571427	0.3859649122807044	-0.0001157051	0
960	Iter0961	2	3	5	8	0	0	1.0666666666666669	1.0	-5.65443237e-06	0
961	Iter0962	0	0	7	4	0	0	0.625	1.0	-8.03437e-05	0
962	Iter0963	2	3	8	2	1	0	0.16666666666666666	0.25074925074925003	0.009818593974969	1
963	Iter0964	4	2	8	4	0	0	1.0	1.0	-0.00010720315000000001	0
964	Iter0965	0	0	15	6	0	0	0.4375	1.0	-9.981976239e-06	0
965	Iter0966	2	2	8	0	0	0	0.1111111111111111	0.0909090909090909	-9.65206e-08	0
966	Iter0967	1	2	9	2	1	0	0.1111111111111111	0.1758241758241765	0.054630078039998684	1
967	Iter0968	3	1	8	3	0	0	1.125	1.0	-0.00028329634710000005	0
968	Iter0969	4	2	6	3	0	0	1.0	1.0	-4.745522026599999e-05	0
969	Iter0970	3	1	10	1	0	0	0.3	0.4761904761904742	0.030425274685	1
970	Iter0971	2	0	6	3	0	0	1.7142857142857142	1.0	0.0190824884	1
971	Iter0972	3	1	10	4	0	0	1.2	1.0	-4.4462509e-08	0
972	Iter0973	1	2	10	5	0	0	0.25	0.5281862745098066	0.023214206999999997	1
973	Iter0974	0	1	5	6	0	0	0.5833333333333334	1.0	-0.00040758275	0
974	Iter0975	2	3	8	6	0	0	0.5	0.6284829721362263	0.0352135856045	1
975	Iter0976	2	0	7	3	1	0	1.5	1.0	0.068149537646	1
976	Iter0977	5	2	7	3	0	1	1.0714285714285714	1.0	0.03152719850110001	1
977	Iter0978	1	1	5	3	1	0	0.6	1.0	0.01430596961	1
978	Iter0979	4	3	5	4	0	0	1.0666666666666669	1.0	-2.402116305019e-05	0
979	Iter0980	2	2	9	4	1	0	0.4444444444444444	0.5840336134453747	0.04584921794	1
980	Iter0981	2	3	8	2	0	0	0.16666666666666666	0.25074925074925003	0.028010565399986066	1
981	Iter0982	3	1	5	2	0	0	1.2	1.0	-0.0007079530962003	0
982	Iter0983	1	1	9	4	0	0	0.4444444444444444	1.0	-5.3190781264e-05	0
983	Iter0984	4	2	5	4	1	0	1.6	1.0	0.05188691881	1
984	Iter0985	1	2	8	2	0	0	0.125	0.2027972027972029	-0.00039922106685999996	0
985	Iter0986	4	0	3	5	0	0	7.5	0.08080808080808091	-0.0004275750556	0
986	Iter0987	0	0	7	9	0	0	1.25	1.0	-0.00017687223100000017	0
987	Iter0988	0	1	6	2	0	0	0.21428571428571427	0.33333333333333354	-0.00014042453399999998	0
988	Iter0989	1	1	12	4	0	0	0.3333333333333333	0.4901960784313731	-1.5073095000000001e-05	0
989	Iter0990	2	1	5	2	0	0	0.8	1.0	-1.6855011e-06	0
990	Iter0991	1	2	7	1	0	0	0.07142857142857142	0.15151515151515138	0.03427246326605	1
991	Iter0992	0	1	5	5	0	0	0.5	1.0	-0.0030399054000000004	0
992	Iter0993	2	0	6	4	0	0	2.142857142857143	0.5151515151515165	-1.52894029e-05	0
993	Iter0994	0	2	4	2	0	0	0.2	0.4285714285714285	0.0305760581214	1
994	Iter0995	4	0	6	4	1	0	3.571428571428572	0.2507492507492507	0.00890296929	1
995	Iter0996	0	0	7	3	0	0	0.5	1.0	-0.0004727040361694	0
996	Iter0997	1	2	8	5	0	0	0.3125	0.5499999999999977	-0.0011342939999999999	0
997	Iter0998	0	0	11	5	0	0	0.5	1.0	-3.485426e-05	0
998	Iter0999	0	0	11	4	0	0	0.4166666666666667	1.0	-0.00025280479700000004	0
999	Iter1000	1	0	1	4	0	0	5.0	0.3333333333333331	-1.2027333000000001e-07	0
