	ThScore	TP	TN	FP	FN	TPR	FPR
0	0.015873015873015872	1991	0	2009	0	1.0	1.0
1	0.020408163265306117	1991	1	2008	0	1.0	0.9995022399203584
2	0.02469135802469136	1991	2	2007	0	1.0	0.9990044798407167
3	0.027777777777777776	1991	3	2006	0	1.0	0.9985067197610752
4	0.03205128205128205	1991	4	2005	0	1.0	0.9980089596814335
5	0.032679738562091505	1991	5	2004	0	1.0	0.9975111996017919
6	0.03571428571428571	1991	6	2003	0	1.0	0.9970134395221503
7	0.037037037037037035	1991	9	2000	0	1.0	0.9955201592832255
8	0.038461538461538464	1991	13	1996	0	1.0	0.993529118964659
9	0.04040404040404042	1991	14	1995	0	1.0	0.9930313588850174
10	0.040816326530612235	1991	15	1994	0	1.0	0.9925335988053758
11	0.04166666666666666	1991	16	1993	0	1.0	0.9920358387257342
12	0.042857142857142864	1991	17	1992	0	1.0	0.9915380786460926
13	0.047619047619047616	1991	18	1991	0	1.0	0.9910403185664509
14	0.04938271604938271	1991	21	1988	0	1.0	0.9895470383275261
15	0.05	1990	23	1986	1	0.9994977398292315	0.9885515181682429
16	0.05128205128205128	1990	28	1981	1	0.9994977398292315	0.9860627177700348
17	0.052083333333333336	1990	29	1980	1	0.9994977398292315	0.9855649576903932
18	0.05555555555555555	1990	30	1979	1	0.9994977398292315	0.9850671976107516
19	0.057142857142857134	1990	31	1978	1	0.9994977398292315	0.98456943753111
20	0.05785123966942149	1990	32	1977	1	0.9994977398292315	0.9840716774514684
21	0.06	1990	33	1976	1	0.9994977398292315	0.9835739173718268
22	0.0617283950617284	1990	34	1975	1	0.9994977398292315	0.9830761572921851
23	0.0625	1990	35	1974	1	0.9994977398292315	0.9825783972125436
24	0.06349206349206349	1990	37	1972	1	0.9994977398292315	0.9815828770532603
25	0.06481481481481483	1990	38	1971	1	0.9994977398292315	0.9810851169736187
26	0.06493506493506494	1990	39	1970	1	0.9994977398292315	0.9805873568939771
27	0.06593406593406594	1990	40	1969	1	0.9994977398292315	0.9800895968143355
28	0.06666666666666668	1989	40	1969	2	0.9989954796584631	0.9800895968143355
29	0.06818181818181818	1988	44	1965	3	0.9984932194876946	0.978098556495769
30	0.06993006993006994	1988	45	1964	3	0.9984932194876946	0.9776007964161274
31	0.07142857142857142	1988	46	1963	3	0.9984932194876946	0.9771030363364858
32	0.07407407407407407	1988	50	1959	3	0.9984932194876946	0.9751119960179193
33	0.075	1987	53	1956	4	0.9979909593169262	0.9736187157789945
34	0.07500000000000001	1987	54	1955	4	0.9979909593169262	0.9731209556993529
35	0.07692307692307693	1987	55	1954	4	0.9979909593169262	0.9726231956197113
36	0.07954545454545454	1987	58	1951	4	0.9979909593169262	0.9711299153807864
37	0.08	1987	59	1950	4	0.9979909593169262	0.9706321553011449
38	0.0808080808080808	1987	60	1949	4	0.9979909593169262	0.9701343952215032
39	0.08080808080808081	1987	62	1947	4	0.9979909593169262	0.96913887506222
40	0.08163265306122447	1987	63	1946	4	0.9979909593169262	0.9686411149825784
41	0.08333333333333333	1987	64	1945	4	0.9979909593169262	0.9681433549029368
42	0.08547008547008547	1985	66	1943	6	0.9969864389753893	0.9671478347436535
43	0.08571428571428573	1984	66	1943	7	0.9964841788046208	0.9671478347436535
44	0.08641975308641975	1984	67	1942	7	0.9964841788046208	0.966650074664012
45	0.0879120879120879	1984	68	1941	7	0.9964841788046208	0.9661523145843703
46	0.08888888888888889	1984	69	1940	7	0.9964841788046208	0.9656545545047287
47	0.08928571428571429	1984	71	1938	7	0.9964841788046208	0.9646590343454455
48	0.08974358974358974	1984	72	1937	7	0.9964841788046208	0.9641612742658039
49	0.09	1984	73	1936	7	0.9964841788046208	0.9636635141861623
50	0.09090909090909093	1984	74	1935	7	0.9964841788046208	0.9631657541065206
51	0.09375	1983	76	1933	8	0.9959819186338523	0.9621702339472374
52	0.09722222222222222	1983	77	1932	8	0.9959819186338523	0.9616724738675958
53	0.1	1983	78	1931	8	0.9959819186338523	0.9611747137879542
54	0.1020408163265306	1980	84	1925	11	0.994475138121547	0.9581881533101045
55	0.1038961038961039	1980	86	1923	11	0.994475138121547	0.9571926331508213
56	0.10416666666666667	1980	87	1922	11	0.994475138121547	0.9566948730711797
57	0.10476190476190476	1980	88	1921	11	0.994475138121547	0.9561971129915381
58	0.10714285714285714	1980	89	1920	11	0.994475138121547	0.9556993529118964
59	0.10833333333333332	1979	92	1917	12	0.9939728779507785	0.9542060726729716
60	0.109375	1978	92	1917	13	0.99347061778001	0.9542060726729716
61	0.1111111111111111	1978	93	1916	13	0.99347061778001	0.95370831259333
62	0.11111111111111112	1978	98	1911	13	0.99347061778001	0.9512195121951219
63	0.11224489795918367	1978	100	1909	13	0.99347061778001	0.9502239920358387
64	0.1125	1978	102	1907	13	0.99347061778001	0.9492284718765555
65	0.11363636363636365	1978	103	1906	13	0.99347061778001	0.9487307117969139
66	0.11428571428571427	1978	104	1905	13	0.99347061778001	0.9482329517172723
67	0.1153846153846154	1978	105	1904	13	0.99347061778001	0.9477351916376306
68	0.11666666666666665	1978	106	1903	13	0.99347061778001	0.947237431557989
69	0.1168831168831169	1978	107	1902	13	0.99347061778001	0.9467396714783475
70	0.11904761904761905	1977	107	1902	14	0.9929683576092416	0.9467396714783475
71	0.11965811965811965	1975	109	1900	16	0.9919638372677047	0.9457441513190642
72	0.12	1974	109	1900	17	0.9914615770969362	0.9457441513190642
73	0.1212121212121212	1974	110	1899	17	0.9914615770969362	0.9452463912394226
74	0.12307692307692307	1973	114	1895	18	0.9909593169261678	0.9432553509208561
75	0.1234567901234568	1973	115	1894	18	0.9909593169261678	0.9427575908412146
76	0.125	1973	117	1892	18	0.9909593169261678	0.9417620706819313
77	0.12698412698412698	1970	128	1881	21	0.9894525364138623	0.9362867098058736
78	0.12727272727272726	1970	132	1877	21	0.9894525364138623	0.9342956694873071
79	0.12857142857142856	1970	135	1874	21	0.9894525364138623	0.9328023892483823
80	0.13186813186813187	1970	136	1873	21	0.9894525364138623	0.9323046291687407
81	0.13333333333333333	1968	136	1873	23	0.9884480160723255	0.9323046291687407
82	0.1349206349206349	1967	145	1864	24	0.987945755901557	0.9278247884519661
83	0.13636363636363635	1966	145	1864	25	0.9874434957307886	0.9278247884519661
84	0.13636363636363638	1965	149	1860	26	0.9869412355600201	0.9258337481333997
85	0.1388888888888889	1965	151	1858	26	0.9869412355600201	0.9248382279741165
86	0.14	1964	153	1856	27	0.9864389753892516	0.9238427078148332
87	0.140625	1964	154	1855	27	0.9864389753892516	0.9233449477351916
88	0.14285714285714285	1964	155	1854	27	0.9864389753892516	0.9228471876555501
89	0.14285714285714288	1963	161	1848	28	0.9859367152184831	0.9198606271777003
90	0.14545454545454548	1962	161	1848	29	0.9854344550477148	0.9198606271777003
91	0.14583333333333334	1962	163	1846	29	0.9854344550477148	0.9188651070184172
92	0.14814814814814814	1962	164	1845	29	0.9854344550477148	0.9183673469387755
93	0.15	1962	165	1844	29	0.9854344550477148	0.9178695868591339
94	0.1515151515151515	1958	171	1838	33	0.9834254143646409	0.9148830263812843
95	0.15151515151515152	1957	171	1838	34	0.9829231541938724	0.9148830263812843
96	0.15277777777777776	1957	172	1837	34	0.9829231541938724	0.9143852663016426
97	0.1527777777777778	1957	173	1836	34	0.9829231541938724	0.913887506222001
98	0.15306122448979592	1957	175	1834	34	0.9829231541938724	0.9128919860627178
99	0.15384615384615385	1956	175	1834	35	0.982420894023104	0.9128919860627178
100	0.15476190476190474	1955	176	1833	36	0.9819186338523355	0.9123942259830762
101	0.15555555555555556	1953	176	1833	38	0.9809141135107986	0.9123942259830762
102	0.15584415584415584	1952	177	1832	39	0.9804118533400301	0.9118964659034345
103	0.15625	1951	179	1830	40	0.9799095931692616	0.9109009457441514
104	0.15714285714285714	1950	183	1826	41	0.9794073329984933	0.9089099054255849
105	0.15873015873015872	1950	185	1824	41	0.9794073329984933	0.9079143852663016
106	0.15873015873015875	1950	186	1823	41	0.9794073329984933	0.90741662518666
107	0.1590909090909091	1950	187	1822	41	0.9794073329984933	0.9069188651070185
108	0.16	1950	190	1819	41	0.9794073329984933	0.9054255848680935
109	0.16071428571428573	1948	197	1812	43	0.9784028126569563	0.9019412643106023
110	0.16666666666666666	1947	197	1812	44	0.9779005524861878	0.9019412643106023
111	0.16666666666666669	1941	212	1797	50	0.9748869914615771	0.8944748631159781
112	0.16883116883116886	1938	215	1794	53	0.9733802109492717	0.8929815828770533
113	0.17045454545454544	1936	215	1794	55	0.9723756906077348	0.8929815828770533
114	0.17094017094017094	1935	215	1794	56	0.9718734304369664	0.8929815828770533
115	0.1714285714285714	1935	216	1793	56	0.9718734304369664	0.8924838227974117
116	0.17142857142857146	1935	217	1792	56	0.9718734304369664	0.89198606271777
117	0.1728395061728395	1934	221	1788	57	0.9713711702661979	0.8899950223992036
118	0.17307692307692307	1933	221	1788	58	0.9708689100954294	0.8899950223992036
119	0.1746031746031746	1933	222	1787	58	0.9708689100954294	0.8894972623195619
120	0.175	1931	223	1786	60	0.9698643897538926	0.8889995022399204
121	0.1758241758241758	1930	227	1782	61	0.9693621295831241	0.8870084619213539
122	0.17582417582417584	1930	228	1781	61	0.9693621295831241	0.8865107018417123
123	0.17647058823529413	1930	229	1780	61	0.9693621295831241	0.8860129417620707
124	0.17777777777777776	1930	230	1779	61	0.9693621295831241	0.885515181682429
125	0.17777777777777778	1930	233	1776	61	0.9693621295831241	0.8840219014435042
126	0.17857142857142858	1929	234	1775	62	0.9688598694123556	0.8835241413638626
127	0.1794871794871795	1928	236	1773	63	0.9683576092415871	0.8825286212045794
128	0.18	1927	237	1772	64	0.9678553490708187	0.8820308611249378
129	0.18055555555555555	1926	237	1772	65	0.9673530889000502	0.8820308611249378
130	0.18181818181818185	1925	237	1772	66	0.9668508287292817	0.8820308611249378
131	0.1846153846153846	1921	243	1766	70	0.9648417880462079	0.879044300647088
132	0.18461538461538465	1921	245	1764	70	0.9648417880462079	0.8780487804878049
133	0.1851851851851852	1921	246	1763	70	0.9648417880462079	0.8775510204081632
134	0.18571428571428567	1918	250	1759	73	0.9633350075339026	0.8755599800895968
135	0.1868131868131868	1917	250	1759	74	0.9628327473631341	0.8755599800895968
136	0.1875	1916	250	1759	75	0.9623304871923657	0.8755599800895968
137	0.19047619047619047	1913	261	1748	78	0.9608237066800602	0.8700846192135391
138	0.19230769230769232	1911	270	1739	80	0.9598191863385234	0.8656047784967645
139	0.19444444444444445	1910	273	1736	81	0.9593169261677549	0.8641114982578397
140	0.1948051948051948	1908	275	1734	83	0.958312405826218	0.8631159780985564
141	0.19642857142857145	1908	276	1733	83	0.958312405826218	0.8626182180189149
142	0.19696969696969696	1908	277	1732	83	0.958312405826218	0.8621204579392733
143	0.1978021978021978	1908	278	1731	83	0.958312405826218	0.8616226978596316
144	0.2	1908	279	1730	83	0.958312405826218	0.86112493777999
145	0.202020202020202	1904	292	1717	87	0.9563033651431442	0.8546540567446491
146	0.203125	1904	293	1716	87	0.9563033651431442	0.8541562966650075
147	0.20370370370370366	1903	293	1716	88	0.9558011049723757	0.8541562966650075
148	0.2037037037037037	1903	294	1715	88	0.9558011049723757	0.8536585365853658
149	0.20454545454545453	1903	295	1714	88	0.9558011049723757	0.8531607765057242
150	0.2077922077922078	1903	296	1713	88	0.9558011049723757	0.8526630164260827
151	0.2083333333333333	1902	296	1713	89	0.9552988448016072	0.8526630164260827
152	0.21212121212121213	1900	299	1710	91	0.9542943244600703	0.8511697361871577
153	0.21428571428571427	1900	300	1709	91	0.9542943244600703	0.8506719761075162
154	0.2142857142857143	1898	309	1700	93	0.9532898041185334	0.8461921353907417
155	0.21666666666666667	1897	309	1700	94	0.952787543947765	0.8461921353907417
156	0.2181818181818181	1896	310	1699	95	0.9522852837769965	0.8456943753111
157	0.2181818181818182	1894	311	1698	97	0.9512807634354595	0.8451966152314584
158	0.21875	1894	312	1697	97	0.9512807634354595	0.8446988551518169
159	0.2197802197802198	1894	313	1696	97	0.9512807634354595	0.8442010950721752
160	0.22000000000000008	1894	314	1695	97	0.9512807634354595	0.8437033349925336
161	0.2222222222222222	1892	314	1695	99	0.9502762430939227	0.8437033349925336
162	0.22222222222222224	1889	331	1678	102	0.9487694625816173	0.8352414136386261
163	0.225	1887	331	1678	104	0.9477649422400803	0.8352414136386261
164	0.2272727272727273	1885	338	1671	106	0.9467604218985435	0.8317570930811349
165	0.2285714285714285	1882	343	1666	109	0.945253641386238	0.8292682926829268
166	0.2285714285714286	1881	345	1664	110	0.9447513812154696	0.8282727725236436
167	0.22916666666666666	1879	348	1661	112	0.9437468608739327	0.8267794922847188
168	0.2307692307692308	1877	349	1660	114	0.9427423405323958	0.8262817322050772
169	0.23214285714285715	1877	351	1658	114	0.9427423405323958	0.8252862120457939
170	0.2333333333333333	1875	351	1658	116	0.9417378201908588	0.8252862120457939
171	0.2337662337662338	1874	351	1658	117	0.9412355600200905	0.8252862120457939
172	0.2361111111111111	1874	352	1657	117	0.9412355600200905	0.8247884519661524
173	0.2380952380952381	1873	352	1657	118	0.940733299849322	0.8247884519661524
174	0.24	1870	357	1652	121	0.9392265193370166	0.8222996515679443
175	0.2407407407407408	1870	362	1647	121	0.9392265193370166	0.8198108511697362
176	0.2424242424242424	1869	362	1647	122	0.9387242591662481	0.8198108511697362
177	0.2424242424242425	1868	364	1645	123	0.9382219989954796	0.818815331010453
178	0.24285714285714285	1867	364	1645	124	0.9377197388247112	0.818815331010453
179	0.24444444444444444	1866	364	1645	125	0.9372174786539428	0.818815331010453
180	0.24489795918367346	1866	365	1644	125	0.9372174786539428	0.8183175709308114
181	0.24545454545454545	1865	366	1643	126	0.9367152184831743	0.8178198108511697
182	0.2461538461538461	1864	366	1643	127	0.9362129583124058	0.8178198108511697
183	0.2469135802469136	1864	367	1642	127	0.9362129583124058	0.8173220507715281
184	0.2470588235294117	1864	369	1640	127	0.9362129583124058	0.8163265306122449
185	0.25	1863	369	1640	128	0.9357106981416373	0.8163265306122449
186	0.25396825396825395	1848	396	1613	143	0.9281767955801105	0.8028870084619214
187	0.2551020408163265	1848	397	1612	143	0.9281767955801105	0.8023892483822798
188	0.25555555555555554	1848	398	1611	143	0.9281767955801105	0.8018914883026381
189	0.2571428571428571	1847	398	1611	144	0.9276745354093421	0.8018914883026381
190	0.2571428571428572	1846	400	1609	145	0.9271722752385736	0.800895968143355
191	0.25925925925925924	1844	400	1609	147	0.9261677548970366	0.800895968143355
192	0.2592592592592593	1843	400	1609	148	0.9256654947262682	0.800895968143355
193	0.25974025974025977	1841	401	1608	150	0.9246609743847313	0.8003982080637133
194	0.26	1840	403	1606	151	0.9241587142139628	0.79940268790443
195	0.2619047619047619	1840	404	1605	151	0.9241587142139628	0.7989049278247885
196	0.2625	1839	405	1604	152	0.9236564540431944	0.7984071677451469
197	0.2637362637362637	1838	407	1602	153	0.9231541938724259	0.7974116475858636
198	0.26666666666666666	1838	408	1601	153	0.9231541938724259	0.796913887506222
199	0.26785714285714285	1830	412	1597	161	0.9191361125062782	0.7949228471876556
200	0.2727272727272727	1829	413	1596	162	0.9186338523355098	0.794425087108014
201	0.2727272727272728	1829	415	1594	162	0.9186338523355098	0.7934295669487307
202	0.275	1828	417	1592	163	0.9181315921647414	0.7924340467894475
203	0.2777777777777778	1826	421	1588	165	0.9171270718232044	0.7904430064708811
204	0.28	1819	430	1579	172	0.9136112506278252	0.7859631657541065
205	0.28125	1819	433	1576	172	0.9136112506278252	0.7844698855151817
206	0.2833333333333333	1819	436	1573	172	0.9136112506278252	0.7829766052762569
207	0.2857142857142857	1817	436	1573	174	0.9126067302862882	0.7829766052762569
208	0.28846153846153844	1804	450	1559	187	0.9060773480662984	0.7760079641612743
209	0.2909090909090909	1804	451	1558	187	0.9060773480662984	0.7755102040816326
210	0.2916666666666667	1804	452	1557	187	0.9060773480662984	0.775012444001991
211	0.2954545454545455	1802	454	1555	189	0.9050728277247614	0.7740169238427078
212	0.2962962962962963	1800	454	1555	191	0.9040683073832245	0.7740169238427078
213	0.296875	1798	455	1554	193	0.9030637870416875	0.7735191637630662
214	0.2975206611570248	1797	455	1554	194	0.9025615268709192	0.7735191637630662
215	0.3	1797	456	1553	194	0.9025615268709192	0.7730214036834245
216	0.30000000000000004	1789	472	1537	202	0.8985434455047715	0.7650572424091587
217	0.3015873015873016	1789	475	1534	202	0.8985434455047715	0.7635639621702339
218	0.30303030303030304	1788	475	1534	203	0.898041185334003	0.7635639621702339
219	0.3055555555555555	1787	478	1531	204	0.8975389251632345	0.7620706819313091
220	0.3055555555555556	1786	478	1531	205	0.8970366649924661	0.7620706819313091
221	0.3068181818181818	1784	479	1530	207	0.8960321446509292	0.7615729218516675
222	0.3068181818181819	1782	479	1530	209	0.8950276243093923	0.7615729218516675
223	0.3076923076923077	1782	480	1529	209	0.8950276243093923	0.7610751617720258
224	0.3095238095238095	1780	481	1528	211	0.8940231039678553	0.7605774016923843
225	0.3111111111111111	1778	481	1528	213	0.8930185836263185	0.7605774016923843
226	0.3116883116883117	1776	483	1526	215	0.8920140632847815	0.759581881533101
227	0.3125	1775	483	1526	216	0.891511803114013	0.759581881533101
228	0.3125000000000001	1773	489	1520	218	0.8905072827724761	0.7565953210552514
229	0.3142857142857143	1773	491	1518	218	0.8905072827724761	0.7555998008959681
230	0.3148148148148148	1772	492	1517	219	0.8900050226017077	0.7551020408163265
231	0.31666666666666665	1771	492	1517	220	0.8895027624309392	0.7551020408163265
232	0.31746031746031744	1769	492	1517	222	0.8884982420894023	0.7551020408163265
233	0.3181818181818182	1769	493	1516	222	0.8884982420894023	0.754604280736685
234	0.31818181818181823	1768	493	1516	223	0.8879959819186338	0.754604280736685
235	0.3194444444444444	1768	495	1514	223	0.8879959819186338	0.7536087605774017
236	0.32	1767	495	1514	224	0.8874937217478654	0.7536087605774017
237	0.3214285714285714	1766	498	1511	225	0.886991461577097	0.7521154803384769
238	0.32142857142857145	1766	500	1509	225	0.886991461577097	0.7511199601791936
239	0.3232323232323233	1764	503	1506	227	0.88598694123556	0.7496266799402688
240	0.3246753246753247	1763	504	1505	228	0.8854846810647916	0.7491289198606271
241	0.325	1762	506	1503	229	0.8849824208940231	0.748133399701344
242	0.32653061224489793	1762	507	1502	229	0.8849824208940231	0.7476356396217023
243	0.3272727272727273	1760	508	1501	231	0.8839779005524862	0.7471378795420607
244	0.3333333333333333	1759	509	1500	232	0.8834756403817178	0.7466401194624191
245	0.33333333333333337	1749	542	1467	242	0.8784530386740331	0.7302140368342459
246	0.3365384615384615	1749	546	1463	242	0.8784530386740331	0.7282229965156795
247	0.3375	1749	548	1461	242	0.8784530386740331	0.7272274763563962
248	0.3384615384615385	1748	548	1461	243	0.8779507785032646	0.7272274763563962
249	0.3392857142857143	1747	548	1461	244	0.8774485183324963	0.7272274763563962
250	0.34	1746	548	1461	245	0.8769462581617278	0.7272274763563962
251	0.3409090909090909	1746	550	1459	245	0.8769462581617278	0.726231956197113
252	0.3428571428571428	1745	555	1454	246	0.8764439979909593	0.7237431557989049
253	0.3428571428571429	1745	557	1452	246	0.8764439979909593	0.7227476356396217
254	0.3434343434343434	1742	563	1446	249	0.8749372174786539	0.719761075161772
255	0.34375	1741	563	1446	250	0.8744349573078855	0.719761075161772
256	0.3456790123456789	1739	564	1445	252	0.8734304369663486	0.7192633150821304
257	0.3461538461538461	1739	565	1444	252	0.8734304369663486	0.7187655550024888
258	0.3469387755102041	1738	565	1444	253	0.8729281767955801	0.7187655550024888
259	0.3492063492063492	1737	565	1444	254	0.8724259166248116	0.7187655550024888
260	0.35	1736	566	1443	255	0.8719236564540432	0.7182677949228472
261	0.35000000000000003	1735	575	1434	256	0.8714213962832748	0.7137879542060727
262	0.3516483516483516	1735	576	1433	256	0.8714213962832748	0.713290194126431
263	0.35185185185185186	1734	576	1433	257	0.8709191361125063	0.713290194126431
264	0.35294117647058826	1732	576	1433	259	0.8699146157709694	0.713290194126431
265	0.35353535353535354	1732	577	1432	259	0.8699146157709694	0.7127924340467895
266	0.3541666666666667	1732	578	1431	259	0.8699146157709694	0.7122946739671479
267	0.3555555555555555	1731	578	1431	260	0.8694123556002009	0.7122946739671479
268	0.3555555555555556	1730	579	1430	261	0.8689100954294324	0.7117969138875062
269	0.3571428571428571	1727	580	1429	264	0.8674033149171271	0.7112991538078646
270	0.35714285714285715	1727	581	1428	264	0.8674033149171271	0.710801393728223
271	0.359375	1721	586	1423	270	0.8643897538925164	0.708312593330015
272	0.36	1720	586	1423	271	0.8638874937217479	0.708312593330015
273	0.3611111111111111	1719	591	1418	272	0.8633852335509794	0.7058237929318069
274	0.3636363636363637	1718	592	1417	273	0.8628829733802109	0.7053260328521652
275	0.36458333333333337	1717	596	1413	274	0.8623807132094425	0.7033349925335988
276	0.36538461538461536	1717	597	1412	274	0.8623807132094425	0.7028372324539572
277	0.3666666666666665	1716	597	1412	275	0.861878453038674	0.7028372324539572
278	0.3666666666666667	1715	599	1410	276	0.8613761928679056	0.701841712294674
279	0.36734693877551017	1714	600	1409	277	0.8608739326971371	0.7013439522150323
280	0.3673469387755102	1714	601	1408	277	0.8608739326971371	0.7008461921353908
281	0.3692307692307693	1713	602	1407	278	0.8603716725263687	0.7003484320557491
282	0.3703703703703704	1713	604	1405	278	0.8603716725263687	0.6993529118964659
283	0.3714285714285713	1711	606	1403	280	0.8593671521848317	0.6983573917371827
284	0.375	1711	608	1401	280	0.8593671521848317	0.6973618715778994
285	0.37777777777777777	1699	623	1386	292	0.8533400301356102	0.6898954703832753
286	0.3809523809523809	1698	623	1386	293	0.8528377699648418	0.6898954703832753
287	0.3818181818181817	1693	633	1376	298	0.8503264691109995	0.6849178695868592
288	0.3833333333333333	1693	634	1375	298	0.8503264691109995	0.6844201095072175
289	0.3838383838383839	1691	634	1375	300	0.8493219487694625	0.6844201095072175
290	0.38461538461538464	1690	634	1375	301	0.8488196885986942	0.6844201095072175
291	0.3857142857142857	1689	634	1375	302	0.8483174284279257	0.6844201095072175
292	0.3863636363636364	1689	635	1374	302	0.8483174284279257	0.6839223494275759
293	0.3888888888888889	1688	635	1374	303	0.8478151682571572	0.6839223494275759
294	0.3923076923076923	1683	639	1370	308	0.8453038674033149	0.6819313091090095
295	0.3928571428571429	1682	639	1370	309	0.8448016072325465	0.6819313091090095
296	0.3950617283950617	1678	640	1369	313	0.8427925665494727	0.6814335490293678
297	0.3958333333333333	1677	640	1369	314	0.8422903063787042	0.6814335490293678
298	0.3968253968253968	1676	640	1369	315	0.8417880462079357	0.6814335490293678
299	0.4	1676	641	1368	315	0.8417880462079357	0.6809357889497263
300	0.4047619047619047	1658	670	1339	333	0.8327473631341035	0.6665007466401195
301	0.4047619047619048	1657	670	1339	334	0.832245102963335	0.6665007466401195
302	0.40625	1654	670	1339	337	0.8307383224510296	0.6665007466401195
303	0.4074074074074073	1654	672	1337	337	0.8307383224510296	0.6655052264808362
304	0.4074074074074074	1653	673	1336	338	0.8302360622802611	0.6650074664011946
305	0.4081632653061225	1653	674	1335	338	0.8302360622802611	0.664509706321553
306	0.4090909090909091	1651	675	1334	340	0.8292315419387243	0.6640119462419114
307	0.41025641025641024	1651	680	1329	340	0.8292315419387243	0.6615231458437033
308	0.4125	1650	680	1329	341	0.8287292817679558	0.6615231458437033
309	0.4126984126984127	1649	680	1329	342	0.8282270215971873	0.6615231458437033
310	0.4166666666666666	1648	680	1329	343	0.8277247614264189	0.6615231458437033
311	0.4166666666666667	1648	681	1328	343	0.8277247614264189	0.6610253857640617
312	0.41818181818181815	1644	693	1316	347	0.8257157207433451	0.6550522648083623
313	0.4199999999999999	1643	693	1316	348	0.8252134605725766	0.6550522648083623
314	0.42	1642	695	1314	349	0.8247112004018081	0.6540567446490791
315	0.421875	1641	695	1314	350	0.8242089402310396	0.6540567446490791
316	0.42424242424242425	1640	696	1313	351	0.8237066800602713	0.6535589845694375
317	0.425	1639	697	1312	352	0.8232044198895028	0.6530612244897959
318	0.4259259259259259	1637	697	1312	354	0.8221998995479658	0.6530612244897959
319	0.42857142857142855	1636	697	1312	355	0.8216976393771974	0.6530612244897959
320	0.4285714285714286	1627	714	1295	364	0.8171772978402813	0.6445993031358885
321	0.4333333333333333	1622	717	1292	369	0.8146659969864389	0.6431060228969636
322	0.43333333333333335	1620	717	1292	371	0.8136614766449021	0.6431060228969636
323	0.4363636363636363	1620	718	1291	371	0.8136614766449021	0.6426082628173221
324	0.4375	1619	720	1289	372	0.8131592164741336	0.6416127426580388
325	0.4395604395604395	1616	722	1287	375	0.8116524359618282	0.6406172224987556
326	0.4400000000000001	1616	723	1286	375	0.8116524359618282	0.640119462419114
327	0.44318181818181823	1615	724	1285	376	0.8111501757910597	0.6396217023394724
328	0.4444444444444444	1614	724	1285	377	0.8106479156202913	0.6396217023394724
329	0.4444444444444445	1607	741	1268	384	0.8071320944249121	0.6311597809855649
330	0.44642857142857145	1604	744	1265	387	0.8056253139126067	0.6296665007466401
331	0.4489795918367347	1604	745	1264	387	0.8056253139126067	0.6291687406669985
332	0.45	1602	745	1264	389	0.8046207935710699	0.6291687406669985
333	0.4523809523809524	1594	749	1260	397	0.8006027122049222	0.627177700348432
334	0.4545454545454545	1592	749	1260	399	0.7995981918633852	0.627177700348432
335	0.4545454545454546	1589	753	1256	402	0.7980914113510799	0.6251866600298656
336	0.4571428571428571	1589	754	1255	402	0.7980914113510799	0.624688899950224
337	0.4571428571428572	1589	756	1253	402	0.7980914113510799	0.6236933797909407
338	0.4583333333333333	1587	757	1252	404	0.797086891009543	0.6231956197112991
339	0.4583333333333334	1581	764	1245	410	0.7940733299849322	0.6197112991538078
340	0.4615384615384615	1581	765	1244	410	0.7940733299849322	0.6192135390741662
341	0.46296296296296297	1580	765	1244	411	0.7935710698141637	0.6192135390741662
342	0.462962962962963	1580	766	1243	411	0.7935710698141637	0.6187157789945247
343	0.4642857142857143	1580	768	1241	411	0.7935710698141637	0.6177202588352414
344	0.4646464646464646	1577	769	1240	414	0.7920642893018583	0.6172224987555998
345	0.4666666666666666	1576	769	1240	415	0.7915620291310899	0.6172224987555998
346	0.4666666666666667	1574	774	1235	417	0.790557508789553	0.6147336983573918
347	0.4675324675324674	1569	779	1230	422	0.7880462079357107	0.6122448979591837
348	0.4675324675324676	1568	779	1230	423	0.7875439477649422	0.6122448979591837
349	0.46875	1566	779	1230	425	0.7865394274234053	0.6122448979591837
350	0.4714285714285714	1565	783	1226	426	0.7860371672526368	0.6102538576406172
351	0.4722222222222222	1565	784	1225	426	0.7860371672526368	0.6097560975609756
352	0.4722222222222223	1563	784	1225	428	0.7850326469111	0.6097560975609756
353	0.4727272727272727	1562	784	1225	429	0.7845303867403315	0.6097560975609756
354	0.4727272727272728	1561	784	1225	430	0.784028126569563	0.6097560975609756
355	0.475	1560	784	1225	431	0.7835258663987946	0.6097560975609756
356	0.4761904761904762	1559	785	1224	432	0.7830236062280261	0.609258337481334
357	0.4791666666666667	1558	794	1215	433	0.7825213460572576	0.6047784967645595
358	0.48	1557	794	1215	434	0.7820190858864892	0.6047784967645595
359	0.4814814814814815	1553	802	1207	438	0.7800100452034153	0.6007964161274266
360	0.4821428571428571	1550	802	1207	441	0.77850326469111	0.6007964161274266
361	0.4821428571428572	1549	802	1207	442	0.7780010045203415	0.6007964161274266
362	0.4835164835164835	1548	802	1207	443	0.7774987443495731	0.6007964161274266
363	0.4848484848484848	1547	802	1207	444	0.7769964841788046	0.6007964161274266
364	0.4848484848484849	1547	804	1205	444	0.7769964841788046	0.5998008959681433
365	0.4857142857142857	1547	805	1204	444	0.7769964841788046	0.5993031358885017
366	0.4861111111111111	1546	805	1204	445	0.7764942240080361	0.5993031358885017
367	0.4875	1546	806	1203	445	0.7764942240080361	0.5988053758088602
368	0.4897959183673469	1544	806	1203	447	0.7754897036664993	0.5988053758088602
369	0.490909090909091	1543	809	1200	448	0.7749874434957308	0.5973120955699353
370	0.4938271604938272	1543	811	1198	448	0.7749874434957308	0.5963165754106521
371	0.4945054945054945	1542	812	1197	449	0.7744851833249623	0.5958188153310104
372	0.5	1541	812	1197	450	0.7739829231541939	0.5958188153310104
373	0.5079365079365079	1516	858	1151	475	0.7614264188849824	0.5729218516674963
374	0.509090909090909	1515	858	1151	476	0.7609241587142139	0.5729218516674963
375	0.5102040816326531	1514	859	1150	477	0.7604218985434456	0.5724240915878547
376	0.5113636363636364	1514	860	1149	477	0.7604218985434456	0.571926331508213
377	0.5142857142857142	1514	861	1148	477	0.7604218985434456	0.5714285714285714
378	0.5142857142857143	1513	866	1143	478	0.7599196383726771	0.5689397710303634
379	0.5151515151515151	1508	871	1138	483	0.7574083375188347	0.5664509706321553
380	0.5185185185185185	1506	871	1138	485	0.7564038171772979	0.5664509706321553
381	0.5185185185185186	1506	873	1136	485	0.7564038171772979	0.565455450472872
382	0.52	1505	874	1135	486	0.7559015570065294	0.5649576903932305
383	0.5208333333333334	1504	876	1133	487	0.7553992968357609	0.5639621702339472
384	0.5238095238095238	1504	877	1132	487	0.7553992968357609	0.5634644101543056
385	0.525	1497	878	1131	494	0.7518834756403817	0.5629666500746641
386	0.5274725274725275	1495	878	1131	496	0.7508789552988449	0.5629666500746641
387	0.5294117647058824	1494	878	1131	497	0.7503766951280764	0.5629666500746641
388	0.5306122448979592	1494	879	1130	497	0.7503766951280764	0.5624688899950224
389	0.53125	1494	880	1129	497	0.7503766951280764	0.5619711299153808
390	0.5333333333333333	1493	880	1129	498	0.7498744349573079	0.5619711299153808
391	0.5357142857142857	1489	889	1120	502	0.747865394274234	0.5574912891986062
392	0.5357142857142858	1487	894	1115	504	0.7468608739326972	0.5550024888003982
393	0.54	1483	897	1112	508	0.7448518332496233	0.5535092085614733
394	0.5416666666666666	1482	899	1110	509	0.7443495730788549	0.5525136884021902
395	0.5416666666666667	1478	900	1109	513	0.742340532395781	0.5520159283225485
396	0.5428571428571429	1478	901	1108	513	0.742340532395781	0.5515181682429069
397	0.5454545454545454	1477	901	1108	514	0.7418382722250125	0.5515181682429069
398	0.5454545454545455	1477	903	1106	514	0.7418382722250125	0.5505226480836237
399	0.546875	1476	907	1102	515	0.7413360120542442	0.5485316077650573
400	0.55	1475	907	1102	516	0.7408337518834757	0.5485316077650573
401	0.5510204081632654	1468	910	1099	523	0.7373179306880965	0.5470383275261324
402	0.5538461538461539	1467	910	1099	524	0.736815670517328	0.5470383275261324
403	0.5555555555555555	1467	911	1098	524	0.736815670517328	0.5465405674464908
404	0.5555555555555556	1467	912	1097	524	0.736815670517328	0.5460428073668492
405	0.5571428571428572	1456	920	1089	535	0.731290808638875	0.5420607267297163
406	0.5599999999999999	1455	920	1089	536	0.7307885484681065	0.5420607267297163
407	0.5625	1453	920	1089	538	0.7297840281265696	0.5420607267297163
408	0.5666666666666667	1447	924	1085	544	0.7267704671019588	0.5400696864111498
409	0.5714285714285714	1444	924	1085	547	0.7252636865896535	0.5400696864111498
410	0.5769230769230769	1424	944	1065	567	0.7152184831742843	0.5301144848183176
411	0.576923076923077	1424	945	1064	567	0.7152184831742843	0.5296167247386759
412	0.5777777777777778	1423	946	1063	568	0.7147162230035158	0.5291189646590343
413	0.5818181818181819	1422	946	1063	569	0.7142139628327474	0.5291189646590343
414	0.5833333333333334	1422	947	1062	569	0.7142139628327474	0.5286212045793928
415	0.5844155844155845	1416	959	1050	575	0.7112004018081366	0.5226480836236934
416	0.5892857142857143	1416	960	1049	575	0.7112004018081366	0.5221503235440518
417	0.5909090909090909	1415	962	1047	576	0.7106981416373681	0.5211548033847685
418	0.5925925925925926	1412	962	1047	579	0.7091913611250628	0.5211548033847685
419	0.59375	1410	964	1045	581	0.7081868407835259	0.5201592832254853
420	0.5952380952380952	1410	965	1044	581	0.7081868407835259	0.5196615231458437
421	0.6	1410	966	1043	581	0.7081868407835259	0.519163763066202
422	0.6000000000000001	1399	984	1025	592	0.7026619789050729	0.5102040816326531
423	0.606060606060606	1398	986	1023	593	0.7021597187343044	0.5092085614733698
424	0.6060606060606061	1398	987	1022	593	0.7021597187343044	0.5087108013937283
425	0.6071428571428571	1397	989	1020	594	0.7016574585635359	0.507715281234445
426	0.609375	1393	991	1018	598	0.6996484178804621	0.5067197610751618
427	0.6111111111111109	1392	991	1018	599	0.6991461577096936	0.5067197610751618
428	0.6111111111111112	1390	993	1016	601	0.6981416373681567	0.5057242409158785
429	0.6122448979591837	1389	994	1015	602	0.6976393771973882	0.5052264808362369
430	0.6124999999999999	1387	994	1015	604	0.6966348568558514	0.5052264808362369
431	0.6136363636363636	1387	995	1014	604	0.6966348568558514	0.5047287207565954
432	0.6153846153846154	1386	996	1013	605	0.6961325966850829	0.5042309606769537
433	0.6190476190476191	1384	998	1011	607	0.695128076343546	0.5032354405176704
434	0.6222222222222222	1379	1002	1007	612	0.6926167754897037	0.501244400199104
435	0.6233766233766234	1376	1002	1007	615	0.6911099949773983	0.501244400199104
436	0.625	1376	1003	1006	615	0.6911099949773983	0.5007466401194625
437	0.6250000000000001	1363	1016	993	628	0.6845806127574083	0.49427575908412147
438	0.6263736263736263	1362	1016	993	629	0.6840783525866398	0.49427575908412147
439	0.6285714285714286	1361	1016	993	630	0.6835760924158715	0.49427575908412147
440	0.6285714285714287	1360	1018	991	631	0.683073832245103	0.49328023892483824
441	0.6333333333333333	1358	1018	991	633	0.682069311903566	0.49328023892483824
442	0.6346153846153847	1357	1018	991	634	0.6815670517327976	0.49328023892483824
443	0.6349206349206349	1356	1018	991	635	0.6810647915620291	0.49328023892483824
444	0.634920634920635	1353	1018	991	638	0.6795580110497238	0.49328023892483824
445	0.6363636363636364	1352	1018	991	639	0.6790557508789553	0.49328023892483824
446	0.6363636363636365	1351	1020	989	640	0.6785534907081868	0.492284718765555
447	0.6375000000000001	1351	1022	987	640	0.6785534907081868	0.4912891986062718
448	0.6388888888888888	1351	1023	986	640	0.6785534907081868	0.49079143852663015
449	0.6388888888888891	1350	1023	986	641	0.6780512305374183	0.49079143852663015
450	0.64	1349	1023	986	642	0.67754897036665	0.49079143852663015
451	0.6419753086419753	1345	1024	985	646	0.6755399296835761	0.49029367844698857
452	0.6428571428571428	1344	1024	985	647	0.6750376695128076	0.49029367844698857
453	0.6428571428571429	1343	1026	983	648	0.6745354093420391	0.48929815828770534
454	0.6481481481481483	1339	1032	977	652	0.6725263686589653	0.48631159780985567
455	0.6499999999999999	1339	1033	976	652	0.6725263686589653	0.485813837730214
456	0.65	1337	1034	975	654	0.6715218483174284	0.48531607765057244
457	0.6530612244897959	1331	1035	974	660	0.6685082872928176	0.4848183175709308
458	0.6545454545454544	1329	1036	973	662	0.6675037669512808	0.4843205574912892
459	0.65625	1329	1037	972	662	0.6675037669512808	0.4838227974116476
460	0.66	1328	1037	972	663	0.6670015067805123	0.4838227974116476
461	0.6666666666666666	1327	1037	972	664	0.6664992466097438	0.4838227974116476
462	0.6666666666666667	1298	1061	948	693	0.6519337016574586	0.4718765555002489
463	0.673076923076923	1292	1068	941	699	0.6489201406328479	0.4683922349427576
464	0.6749999999999999	1292	1069	940	699	0.6489201406328479	0.46789447486311597
465	0.675	1292	1070	939	699	0.6489201406328479	0.4673967147834744
466	0.6785714285714286	1291	1070	939	700	0.6484178804620794	0.4673967147834744
467	0.6799999999999999	1289	1070	939	702	0.6474133601205424	0.4673967147834744
468	0.6805555555555556	1288	1070	939	703	0.646911099949774	0.4673967147834744
469	0.6818181818181818	1287	1070	939	704	0.6464088397790055	0.4673967147834744
470	0.6857142857142856	1286	1072	937	705	0.645906579608237	0.46640119462419116
471	0.6857142857142857	1285	1073	936	706	0.6454043194374686	0.4659034345445495
472	0.6875	1283	1076	933	708	0.6443997990959317	0.4644101543056247
473	0.6913580246913579	1280	1082	927	711	0.6428930185836264	0.46142359382777504
474	0.6923076923076923	1280	1083	926	711	0.6428930185836264	0.4609258337481334
475	0.6923076923076924	1279	1083	926	712	0.6423907584128579	0.4609258337481334
476	0.6938775510204082	1279	1084	925	712	0.6423907584128579	0.4604280736684918
477	0.6944444444444444	1278	1084	925	713	0.6418884982420894	0.4604280736684918
478	0.6969696969696969	1277	1086	923	714	0.6413862380713209	0.4594325535092086
479	0.6984126984126984	1276	1086	923	715	0.6408839779005525	0.4594325535092086
480	0.6984126984126985	1276	1087	922	715	0.6408839779005525	0.45893479342956695
481	0.7	1276	1089	920	715	0.6408839779005525	0.4579392732702837
482	0.7000000000000001	1266	1096	913	725	0.6358613761928679	0.45445495271279246
483	0.7012987012987013	1265	1099	910	726	0.6353591160220995	0.4529616724738676
484	0.703125	1264	1099	910	727	0.634856855851331	0.4529616724738676
485	0.7076923076923076	1263	1100	909	728	0.6343545956805625	0.452463912394226
486	0.7083333333333334	1262	1100	909	729	0.633852335509794	0.452463912394226
487	0.7111111111111109	1258	1101	908	733	0.6318432948267202	0.45196615231458437
488	0.7111111111111111	1257	1101	908	734	0.6313410346559518	0.45196615231458437
489	0.7142857142857142	1257	1102	907	734	0.6313410346559518	0.4514683922349428
490	0.7142857142857143	1257	1103	906	734	0.6313410346559518	0.45097063215530114
491	0.72	1248	1116	893	743	0.6268206931190357	0.4444997511199602
492	0.7222222222222222	1246	1118	891	745	0.6258161727774988	0.4435042309606769
493	0.7272727272727273	1244	1122	887	747	0.6248116524359618	0.4415131906421105
494	0.7285714285714285	1241	1126	883	750	0.6233048719236565	0.439522150323544
495	0.7291666666666667	1241	1127	882	750	0.6233048719236565	0.43902439024390244
496	0.7333333333333333	1241	1129	880	750	0.6233048719236565	0.4380288700846192
497	0.7333333333333334	1241	1131	878	750	0.6233048719236565	0.437033349925336
498	0.7346938775510203	1239	1136	873	752	0.6223003515821195	0.4345445495271279
499	0.7346938775510204	1238	1137	872	753	0.6217980914113511	0.4340467894474863
500	0.7407407407407407	1238	1138	871	753	0.6217980914113511	0.4335490293678447
501	0.7407407407407408	1237	1138	871	754	0.6212958312405826	0.4335490293678447
502	0.7428571428571429	1235	1139	870	756	0.6202913108990457	0.4330512692882031
503	0.75	1234	1140	869	757	0.6197890507282773	0.43255350920856145
504	0.7619047619047619	1210	1163	846	781	0.6077348066298343	0.4211050273768044
505	0.7636363636363637	1206	1164	845	785	0.6057257659467604	0.42060726729716275
506	0.7666666666666667	1205	1164	845	786	0.6052235057759919	0.42060726729716275
507	0.7692307692307693	1204	1164	845	787	0.6047212456052236	0.42060726729716275
508	0.7714285714285715	1204	1165	844	787	0.6047212456052236	0.42010950721752116
509	0.7738095238095238	1203	1166	843	788	0.6042189854344551	0.4196117471378795
510	0.7777777777777777	1203	1167	842	788	0.6042189854344551	0.41911398705823794
511	0.7777777777777778	1202	1168	841	789	0.6037167252636866	0.4186162269785963
512	0.7777777777777779	1197	1174	835	794	0.6012054244098443	0.4156296665007466
513	0.7792207792207791	1196	1174	835	795	0.6007031642390759	0.4156296665007466
514	0.78	1194	1174	835	797	0.5996986438975389	0.4156296665007466
515	0.78125	1191	1175	834	800	0.5981918633852336	0.41513190642110503
516	0.7857142857142856	1191	1177	832	800	0.5981918633852336	0.4141363862618218
517	0.7857142857142857	1188	1177	832	803	0.5966850828729282	0.4141363862618218
518	0.7857142857142858	1186	1180	829	805	0.5956805625313912	0.41264310602289694
519	0.7916666666666666	1186	1181	828	805	0.5956805625313912	0.41214534594325536
520	0.7916666666666667	1185	1182	827	806	0.5951783023606229	0.4116475858636137
521	0.7936507936507936	1184	1182	827	807	0.5946760421898544	0.4116475858636137
522	0.796875	1183	1182	827	808	0.5941737820190859	0.4116475858636137
523	0.7999999999999999	1180	1182	827	811	0.5926670015067805	0.4116475858636137
524	0.8	1173	1192	817	818	0.5891511803114013	0.4066699850671976
525	0.8035714285714285	1163	1206	803	828	0.5841285786037167	0.399701343952215
526	0.8035714285714286	1162	1206	803	829	0.5836263184329483	0.399701343952215
527	0.8076923076923077	1161	1206	803	830	0.5831240582621798	0.399701343952215
528	0.808080808080808	1161	1208	801	830	0.5831240582621798	0.3987058237929318
529	0.8095238095238094	1160	1208	801	831	0.5826217980914113	0.3987058237929318
530	0.8125	1158	1208	801	833	0.5816172777498745	0.3987058237929318
531	0.8148148148148148	1157	1210	799	834	0.581115017579106	0.39771030363364857
532	0.8148148148148149	1157	1211	798	834	0.581115017579106	0.397212543554007
533	0.8163265306122449	1155	1211	798	836	0.580110497237569	0.397212543554007
534	0.8181818181818182	1152	1213	796	839	0.5786037167252637	0.39621702339472376
535	0.8205128205128205	1151	1215	794	840	0.5781014565544952	0.39522150323544053
536	0.8214285714285714	1151	1216	793	840	0.5781014565544952	0.3947237431557989
537	0.825	1149	1216	793	842	0.5770969362129583	0.3947237431557989
538	0.8250000000000001	1147	1217	792	844	0.5760924158714213	0.3942259830761573
539	0.8253968253968255	1147	1218	791	844	0.5760924158714213	0.39372822299651566
540	0.8311688311688312	1147	1219	790	844	0.5760924158714213	0.3932304629168741
541	0.8333333333333333	1146	1219	790	845	0.575590155700653	0.3932304629168741
542	0.8333333333333334	1144	1220	789	847	0.574585635359116	0.39273270283723244
543	0.8399999999999999	1135	1243	766	856	0.5700652938222	0.3812842210054754
544	0.84375	1132	1244	765	859	0.5685585133098945	0.38078646092583374
545	0.8441558441558442	1132	1246	763	859	0.5685585133098945	0.3797909407665505
546	0.8444444444444444	1132	1247	762	859	0.5685585133098945	0.3792931806869089
547	0.8461538461538461	1131	1247	762	860	0.5680562531391261	0.3792931806869089
548	0.8484848484848485	1131	1248	761	860	0.5680562531391261	0.3787954206072673
549	0.85	1130	1249	760	861	0.5675539929683576	0.3782976605276257
550	0.8571428571428571	1125	1249	760	866	0.5650426921145153	0.3782976605276257
551	0.8571428571428572	1114	1272	737	877	0.5595178302360623	0.3668491786958686
552	0.8666666666666666	1111	1274	735	880	0.5580110497237569	0.36585365853658536
553	0.8666666666666667	1109	1274	735	882	0.55700652938222	0.36585365853658536
554	0.8727272727272727	1108	1274	735	883	0.5565042692114516	0.36585365853658536
555	0.8727272727272728	1106	1274	735	885	0.5554997488699146	0.36585365853658536
556	0.8730158730158731	1105	1275	734	886	0.5549974886991461	0.3653558984569438
557	0.875	1105	1276	733	886	0.5549974886991461	0.36485813837730213
558	0.8750000000000001	1096	1283	726	895	0.5504771471622301	0.36137381781981087
559	0.8769230769230768	1094	1286	723	897	0.5494726268206931	0.359880537580886
560	0.8800000000000001	1093	1286	723	898	0.5489703666499247	0.359880537580886
561	0.8888888888888888	1092	1288	721	899	0.5484681064791562	0.3588850174216028
562	0.8909090909090909	1080	1297	712	911	0.5424409844299347	0.3544051767048283
563	0.8928571428571428	1080	1298	711	911	0.5424409844299347	0.35390741662518665
564	0.8928571428571429	1080	1299	710	911	0.5424409844299347	0.35340965654554507
565	0.8947368421052632	1078	1299	710	913	0.5414364640883977	0.35340965654554507
566	0.8979591836734694	1077	1299	710	914	0.5409342039176294	0.35340965654554507
567	0.8999999999999999	1074	1299	710	917	0.5394274234053239	0.35340965654554507
568	0.9	1072	1301	708	919	0.538422903063787	0.35241413638626184
569	0.9027777777777778	1066	1308	701	925	0.5354093420391763	0.34892981582877053
570	0.9047619047619048	1066	1309	700	925	0.5354093420391763	0.34843205574912894
571	0.9074074074074074	1063	1311	698	928	0.5339025615268709	0.3474365355898457
572	0.9090909090909092	1063	1312	697	928	0.5339025615268709	0.3469387755102041
573	0.9142857142857144	1060	1315	694	931	0.5323957810145655	0.34544549527127927
574	0.9166666666666666	1057	1318	691	934	0.5308890005022602	0.3439522150323544
575	0.9183673469387754	1050	1322	687	941	0.527373179306881	0.34196117471378795
576	0.9230769230769232	1049	1322	687	942	0.5268709191361125	0.34196117471378795
577	0.9272727272727272	1048	1322	687	943	0.526368658965344	0.34196117471378795
578	0.9285714285714286	1046	1322	687	945	0.5253641386238072	0.34196117471378795
579	0.9285714285714288	1041	1325	684	950	0.5228528377699648	0.34046789447486314
580	0.9333333333333332	1041	1326	683	950	0.5228528377699648	0.3399701343952215
581	0.9340659340659342	1037	1332	677	954	0.520843797086891	0.3369835739173718
582	0.9375	1036	1332	677	955	0.5203415369161225	0.3369835739173718
583	0.9428571428571428	1030	1345	664	961	0.5173279758915118	0.33051269288203083
584	0.9444444444444444	1029	1347	662	962	0.5168257157207433	0.3295171727227476
585	0.9454545454545454	1022	1347	662	969	0.5133098945253641	0.3295171727227476
586	0.95	1021	1347	662	970	0.5128076343545956	0.3295171727227476
587	0.9523809523809524	1018	1348	661	973	0.5113008538422903	0.329019412643106
588	0.9545454545454546	1010	1352	657	981	0.5072827724761426	0.3270283723245396
589	0.9583333333333334	1009	1353	656	982	0.5067805123053741	0.32653061224489793
590	0.96	1008	1353	656	983	0.5062782521346058	0.32653061224489793
591	0.9629629629629628	1006	1355	654	985	0.5052737317930688	0.3255350920856147
592	0.9642857142857142	1004	1357	652	987	0.5042692114515319	0.3245395719263315
593	0.9642857142857144	1003	1359	650	988	0.5037669512807634	0.32354405176704826
594	0.9696969696969696	1002	1360	649	989	0.5032646911099949	0.3230462916874067
595	0.9714285714285712	1001	1360	649	990	0.5027624309392266	0.3230462916874067
596	0.9714285714285714	1000	1360	649	991	0.5022601707684581	0.3230462916874067
597	0.9743589743589745	999	1360	649	992	0.5017579105976896	0.3230462916874067
598	0.975	999	1361	648	992	0.5017579105976896	0.32254853160776503
599	0.9795918367346936	997	1363	646	994	0.5007533902561527	0.3215530114484818
600	0.979591836734694	994	1363	646	997	0.4992466097438473	0.3215530114484818
601	0.9848484848484848	992	1364	645	999	0.4982420894023104	0.3210552513688402
602	0.987012987012987	991	1364	645	1000	0.4977398292315419	0.3210552513688402
603	1.0	990	1364	645	1001	0.4972375690607735	0.3210552513688402
604	1.0158730158730158	943	1415	594	1048	0.47363134103465593	0.29566948730711795
605	1.0185185185185186	943	1416	593	1048	0.47363134103465593	0.29517172722747637
606	1.020408163265306	942	1416	593	1049	0.4731290808638875	0.29517172722747637
607	1.0208333333333337	942	1417	592	1049	0.4731290808638875	0.2946739671478347
608	1.0227272727272727	942	1419	590	1049	0.4731290808638875	0.2936784469885515
609	1.0285714285714285	940	1419	590	1051	0.4721245605223506	0.2936784469885515
610	1.0285714285714287	939	1420	589	1052	0.47162230035158215	0.2931806869089099
611	1.03125	936	1420	589	1055	0.47011551983927674	0.2931806869089099
612	1.031746031746032	935	1420	589	1056	0.4696132596685083	0.2931806869089099
613	1.037037037037037	934	1420	589	1057	0.4691109994977398	0.2931806869089099
614	1.0370370370370372	931	1421	588	1060	0.46760421898543447	0.2926829268292683
615	1.0384615384615383	930	1422	587	1061	0.467101958814666	0.2921851667496267
616	1.0389610389610389	930	1423	586	1061	0.467101958814666	0.29168740666998505
617	1.04	930	1424	585	1061	0.467101958814666	0.29118964659034346
618	1.0416666666666667	928	1424	585	1063	0.46609743847312907	0.29118964659034346
619	1.0476190476190477	927	1427	582	1064	0.46559517830236063	0.2896963663514186
620	1.05	920	1430	579	1071	0.4620793571069814	0.2882030861124938
621	1.0526315789473684	919	1434	575	1072	0.46157709693621296	0.28621204579392734
622	1.0555555555555556	919	1435	574	1072	0.46157709693621296	0.2857142857142857
623	1.0606060606060606	917	1435	574	1074	0.46057257659467604	0.2857142857142857
624	1.0625	917	1436	573	1074	0.46057257659467604	0.2852165256346441
625	1.0625000000000002	915	1436	573	1076	0.4595680562531391	0.2852165256346441
626	1.0666666666666669	914	1436	573	1077	0.4590657960823707	0.2852165256346441
627	1.0714285714285714	907	1442	567	1084	0.45554997488699145	0.28222996515679444
628	1.0714285714285716	902	1448	561	1089	0.4530386740331492	0.27924340467894476
629	1.0740740740740742	900	1449	560	1091	0.45203415369161226	0.2787456445993031
630	1.08	899	1449	560	1092	0.4515318935208438	0.2787456445993031
631	1.0833333333333333	898	1449	560	1093	0.45102963335007534	0.2787456445993031
632	1.085714285714286	893	1450	559	1098	0.4485183324962331	0.27824788451966154
633	1.0888888888888888	892	1450	559	1099	0.4480160723254646	0.27824788451966154
634	1.0909090909090908	892	1451	558	1099	0.4480160723254646	0.2777501244400199
635	1.09375	889	1456	553	1102	0.44650929181315924	0.27526132404181186
636	1.1	889	1457	552	1102	0.44650929181315924	0.2747635639621702
637	1.1020408163265307	879	1464	545	1112	0.44148669010547464	0.27127924340467896
638	1.1076923076923078	876	1464	545	1115	0.43997990959316924	0.27127924340467896
639	1.1111111111111112	875	1464	545	1116	0.4394776494224008	0.27127924340467896
640	1.1136363636363638	873	1472	537	1118	0.4384731290808639	0.26729716276754606
641	1.1142857142857143	873	1473	536	1118	0.4384731290808639	0.2667994026879044
642	1.12	872	1473	536	1119	0.43797086891009546	0.2667994026879044
643	1.125	872	1474	535	1119	0.43797086891009546	0.26630164260826283
644	1.1333333333333333	859	1482	527	1132	0.43144148669010546	0.26231956197112993
645	1.14	858	1483	526	1133	0.430939226519337	0.2618218018914883
646	1.1428571428571428	857	1483	526	1134	0.43043696634856854	0.2618218018914883
647	1.1454545454545453	848	1493	516	1143	0.42591662481165243	0.25684420109507217
648	1.1454545454545455	847	1493	516	1144	0.425414364640884	0.25684420109507217
649	1.1458333333333337	846	1493	516	1145	0.4249121044701155	0.25684420109507217
650	1.1515151515151514	846	1494	515	1145	0.4249121044701155	0.2563464410154306
651	1.153846153846154	846	1495	514	1145	0.4249121044701155	0.25584868093578894
652	1.1590909090909092	846	1497	512	1145	0.4249121044701155	0.2548531607765057
653	1.1607142857142858	845	1497	512	1146	0.4244098442993471	0.2548531607765057
654	1.1666666666666663	845	1498	511	1146	0.4244098442993471	0.25435540069686413
655	1.1666666666666667	845	1499	510	1146	0.4244098442993471	0.2538576406172225
656	1.1805555555555556	835	1512	497	1156	0.4193872425916625	0.24738675958188153
657	1.181818181818182	833	1513	496	1158	0.41838272225012557	0.24688899950223991
658	1.1846153846153846	832	1513	496	1159	0.4178804620793571	0.24688899950223991
659	1.1851851851851851	832	1514	495	1159	0.4178804620793571	0.2463912394225983
660	1.1875	829	1514	495	1162	0.41637368156705173	0.2463912394225983
661	1.19	826	1514	495	1165	0.4148669010547464	0.2463912394225983
662	1.1904761904761905	826	1515	494	1165	0.4148669010547464	0.2458934793429567
663	1.190476190476191	824	1515	494	1167	0.41386238071320947	0.2458934793429567
664	1.2	823	1516	493	1168	0.413360120542441	0.24539571926331508
665	1.2000000000000002	810	1538	471	1181	0.40683073832245104	0.2344449975111996
666	1.2037037037037035	809	1538	471	1182	0.40632847815168255	0.2344449975111996
667	1.2121212121212122	809	1539	470	1182	0.40632847815168255	0.23394723743155799
668	1.2142857142857142	809	1541	468	1182	0.40632847815168255	0.23295171727227476
669	1.21875	807	1541	468	1184	0.40532395781014563	0.23295171727227476
670	1.2222222222222219	805	1543	466	1186	0.40431943746860877	0.23195619711299154
671	1.2222222222222223	801	1545	464	1190	0.40231039678553493	0.2309606769537083
672	1.2244897959183674	799	1548	461	1192	0.401305876443998	0.22946739671478347
673	1.225	796	1548	461	1195	0.3997990959316926	0.22946739671478347
674	1.2307692307692308	796	1549	460	1195	0.3997990959316926	0.22896963663514186
675	1.2314814814814816	795	1549	460	1196	0.3992968357609242	0.22896963663514186
676	1.2321428571428568	794	1549	460	1197	0.3987945755901557	0.22896963663514186
677	1.2375000000000005	793	1549	460	1198	0.39829231541938726	0.22896963663514186
678	1.238095238095238	793	1550	459	1198	0.39829231541938726	0.22847187655550025
679	1.2380952380952381	792	1553	456	1199	0.39779005524861877	0.2269785963165754
680	1.25	791	1553	456	1200	0.39728779507785034	0.2269785963165754
681	1.2500000000000002	783	1569	440	1208	0.39326971371170266	0.2190144350423096
682	1.2571428571428571	781	1571	438	1210	0.39226519337016574	0.21801891488302638
683	1.2592592592592593	780	1572	437	1211	0.3917629331993973	0.21752115480338477
684	1.265625	779	1572	437	1212	0.3912606730286288	0.21752115480338477
685	1.2666666666666666	778	1572	437	1213	0.3907584128578604	0.21752115480338477
686	1.2698412698412698	776	1572	437	1215	0.3897538925163235	0.21752115480338477
687	1.2727272727272725	775	1572	437	1216	0.389251632345555	0.21752115480338477
688	1.2727272727272727	774	1572	437	1217	0.38874937217478656	0.21752115480338477
689	1.275	773	1574	435	1218	0.38824711200401807	0.21652563464410154
690	1.2777777777777781	772	1574	435	1219	0.38774485183324964	0.21652563464410154
691	1.28	772	1575	434	1219	0.38774485183324964	0.21602787456445993
692	1.2833333333333334	772	1576	433	1219	0.38774485183324964	0.21553011448481832
693	1.2857142857142856	771	1576	433	1220	0.38724259166248115	0.21553011448481832
694	1.2857142857142858	767	1576	433	1224	0.3852335509794073	0.21553011448481832
695	1.2878787878787878	759	1582	427	1232	0.3812154696132597	0.21254355400696864
696	1.2962962962962965	758	1582	427	1233	0.3807132094424912	0.21254355400696864
697	1.2999999999999998	757	1582	427	1234	0.3802109492717228	0.21254355400696864
698	1.3	756	1582	427	1235	0.3797086891009543	0.21254355400696864
699	1.3061224489795915	752	1582	427	1239	0.37769964841788045	0.21254355400696864
700	1.3090909090909093	751	1582	427	1240	0.377197388247112	0.21254355400696864
701	1.3095238095238095	750	1582	427	1241	0.37669512807634353	0.21254355400696864
702	1.3125	750	1583	426	1241	0.37669512807634353	0.21204579392732703
703	1.3194444444444444	747	1584	425	1244	0.3751883475640382	0.21154803384768542
704	1.32	746	1584	425	1245	0.3746860873932697	0.21154803384768542
705	1.3246753246753251	745	1584	425	1246	0.37418382722250126	0.21154803384768542
706	1.3333333333333333	745	1585	424	1246	0.37418382722250126	0.2110502737680438
707	1.3333333333333337	731	1596	413	1260	0.36715218483174283	0.20557491289198607
708	1.3392857142857142	728	1600	409	1263	0.3656454043194375	0.20358387257341962
709	1.3469387755102042	727	1600	409	1264	0.365143144148669	0.20358387257341962
710	1.35	726	1600	409	1265	0.36464088397790057	0.20358387257341962
711	1.36	723	1605	404	1268	0.36313410346559516	0.20109507217521155
712	1.3636363636363635	721	1605	404	1270	0.36212958312405824	0.20109507217521155
713	1.3636363636363638	720	1606	403	1271	0.3616273229532898	0.20059731209556994
714	1.3714285714285714	720	1607	402	1271	0.3616273229532898	0.20009955201592833
715	1.375	718	1609	400	1273	0.3606228026117529	0.1991040318566451
716	1.3888888888888893	714	1616	393	1277	0.35861376192867905	0.19561971129915381
717	1.3928571428571428	711	1616	393	1280	0.3571069814163737	0.19561971129915381
718	1.4	708	1616	393	1283	0.3556002009040683	0.19561971129915381
719	1.4166666666666667	696	1621	388	1295	0.3495730788548468	0.19313091090094575
720	1.4222222222222218	692	1621	388	1299	0.347564038171773	0.19313091090094575
721	1.425	692	1622	387	1299	0.347564038171773	0.19263315082130414
722	1.4259259259259258	691	1622	387	1300	0.3470617780010045	0.19263315082130414
723	1.4285714285714284	690	1622	387	1301	0.3465595178302361	0.19263315082130414
724	1.4285714285714286	690	1623	386	1301	0.3465595178302361	0.19213539074166253
725	1.431818181818182	683	1628	381	1308	0.34304369663485684	0.18964659034345446
726	1.44	682	1628	381	1309	0.3425414364640884	0.18964659034345446
727	1.4444444444444444	681	1630	379	1310	0.3420391762933199	0.18865107018417124
728	1.4545454545454546	679	1631	378	1312	0.341034655951783	0.18815331010452963
729	1.457142857142857	678	1632	377	1313	0.3405323957810146	0.187655550024888
730	1.4583333333333333	677	1632	377	1314	0.3400301356102461	0.187655550024888
731	1.4583333333333337	676	1632	377	1315	0.33952787543947766	0.187655550024888
732	1.4666666666666668	676	1633	376	1315	0.33952787543947766	0.1871577899452464
733	1.4693877551020411	675	1635	374	1316	0.33902561526870917	0.18616226978596317
734	1.4769230769230768	674	1635	374	1317	0.33852335509794074	0.18616226978596317
735	1.4772727272727268	673	1635	374	1318	0.33802109492717225	0.18616226978596317
736	1.4814814814814814	673	1636	373	1318	0.33802109492717225	0.18566450970632156
737	1.4814814814814816	673	1637	372	1318	0.33802109492717225	0.18516674962667995
738	1.484375	673	1638	371	1318	0.33802109492717225	0.18466898954703834
739	1.4848484848484849	672	1638	371	1319	0.3375188347564038	0.18466898954703834
740	1.4857142857142858	671	1638	371	1320	0.3370165745856354	0.18466898954703834
741	1.5	670	1639	370	1321	0.3365143144148669	0.18417122946739672
742	1.5000000000000002	643	1656	353	1348	0.3229532898041185	0.1757093081134893
743	1.5064935064935063	643	1657	352	1348	0.3229532898041185	0.1752115480338477
744	1.5111111111111108	642	1657	352	1349	0.3224510296333501	0.1752115480338477
745	1.5111111111111113	642	1658	351	1349	0.3224510296333501	0.17471378795420608
746	1.5151515151515154	641	1658	351	1350	0.3219487694625816	0.17471378795420608
747	1.52	640	1658	351	1351	0.3214465092918132	0.17471378795420608
748	1.5238095238095235	639	1659	350	1352	0.3209442491210447	0.17421602787456447
749	1.5272727272727271	636	1662	347	1355	0.31943746860873934	0.17272274763563963
750	1.5277777777777777	636	1663	346	1355	0.31943746860873934	0.17222498755599802
751	1.53125	635	1665	344	1356	0.31893520843797085	0.1712294673967148
752	1.5333333333333334	635	1666	343	1356	0.31893520843797085	0.17073170731707318
753	1.5384615384615383	634	1666	343	1357	0.3184329482672024	0.17073170731707318
754	1.5428571428571427	633	1667	342	1358	0.31793068809643393	0.17023394723743157
755	1.542857142857143	632	1670	339	1359	0.3174284279256655	0.16874066699850673
756	1.5454545454545454	631	1670	339	1360	0.316926167754897	0.16874066699850673
757	1.5454545454545456	630	1670	339	1361	0.3164239075841286	0.16874066699850673
758	1.5476190476190477	629	1670	339	1362	0.3159216474133601	0.16874066699850673
759	1.5555555555555554	627	1670	339	1364	0.3149171270718232	0.16874066699850673
760	1.5555555555555556	624	1672	337	1367	0.3134103465595178	0.1677451468392235
761	1.56	617	1676	333	1374	0.30989452536413864	0.16575410652065703
762	1.5625	616	1678	331	1375	0.30939226519337015	0.1647585863613738
763	1.5714285714285714	614	1679	330	1377	0.30838774485183323	0.1642608262817322
764	1.5714285714285716	611	1679	330	1380	0.3068809643395279	0.1642608262817322
765	1.5757575757575757	610	1679	330	1381	0.3063787041687594	0.1642608262817322
766	1.575757575757576	609	1679	330	1382	0.30587644399799097	0.1642608262817322
767	1.5833333333333337	609	1680	329	1382	0.30587644399799097	0.16376306620209058
768	1.5909090909090908	608	1680	329	1383	0.3053741838272225	0.16376306620209058
769	1.59375	607	1680	329	1384	0.30487192365645405	0.16376306620209058
770	1.6	606	1680	329	1385	0.30436966348568556	0.16376306620209058
771	1.6041666666666667	593	1690	319	1398	0.2978402812656956	0.15878546540567445
772	1.6071428571428572	593	1691	318	1398	0.2978402812656956	0.15828770532603284
773	1.6190476190476188	591	1692	317	1400	0.2968357609241587	0.15778994524639123
774	1.619047619047619	588	1692	317	1403	0.29532898041185335	0.15778994524639123
775	1.625	587	1693	316	1404	0.29482672024108486	0.15729218516674962
776	1.6333333333333333	582	1698	311	1409	0.2923154193872426	0.15480338476854155
777	1.6363636363636362	582	1699	310	1409	0.2923154193872426	0.15430562468889994
778	1.6363636363636365	581	1699	310	1410	0.29181315921647416	0.15430562468889994
779	1.640625	579	1700	309	1412	0.29080863887493724	0.15380786460925833
780	1.6428571428571428	578	1700	309	1413	0.29030637870416875	0.15380786460925833
781	1.65	577	1700	309	1414	0.2898041185334003	0.15380786460925833
782	1.6545454545454543	575	1703	306	1416	0.2887995981918634	0.1523145843703335
783	1.6666666666666663	574	1703	306	1417	0.2882973380210949	0.1523145843703335
784	1.6666666666666667	569	1704	305	1422	0.28578603716725265	0.15181682429069188
785	1.666666666666667	562	1718	291	1429	0.2822702159718734	0.1448481831757093
786	1.6799999999999995	561	1719	290	1430	0.281767955801105	0.1443504230960677
787	1.68	559	1719	290	1432	0.28076343545956806	0.1443504230960677
788	1.6800000000000002	558	1719	290	1433	0.2802611752887996	0.1443504230960677
789	1.6875	557	1719	290	1434	0.27975891511803114	0.1443504230960677
790	1.6888888888888889	555	1720	289	1436	0.2787543947764942	0.14385266301642607
791	1.7	554	1720	289	1437	0.2782521346057258	0.14385266301642607
792	1.7142857142857142	550	1721	288	1441	0.27624309392265195	0.14335490293678446
793	1.7142857142857144	544	1725	284	1447	0.2732295328980412	0.141363862618218
794	1.725	541	1725	284	1450	0.2717227523857358	0.141363862618218
795	1.7333333333333332	540	1725	284	1451	0.27122049221496736	0.141363862618218
796	1.7333333333333334	539	1725	284	1452	0.27071823204419887	0.141363862618218
797	1.7346938775510203	535	1725	284	1456	0.2687091913611251	0.141363862618218
798	1.7499999999999998	535	1726	283	1456	0.2687091913611251	0.1408661025385764
799	1.75	534	1726	283	1457	0.2682069311903566	0.1408661025385764
800	1.7500000000000002	522	1732	277	1469	0.2621798091411351	0.13787954206072672
801	1.7592592592592593	520	1734	275	1471	0.26117528879959817	0.1368840219014435
802	1.7777777777777777	519	1734	275	1472	0.26067302862882974	0.1368840219014435
803	1.7857142857142858	512	1737	272	1479	0.25715720743345055	0.13539074166251866
804	1.7959183673469388	510	1738	271	1481	0.25615268709191363	0.13489298158287705
805	1.7999999999999998	509	1738	271	1482	0.25565042692114515	0.13489298158287705
806	1.8	509	1739	270	1482	0.25565042692114515	0.13439522150323543
807	1.818181818181818	499	1742	267	1492	0.25062782521346055	0.1329019412643106
808	1.82	497	1743	266	1494	0.24962330487192366	0.13240418118466898
809	1.8214285714285716	496	1743	266	1495	0.2491210447011552	0.13240418118466898
810	1.8333333333333333	494	1743	266	1497	0.24811652435961828	0.13240418118466898
811	1.8367346938775508	488	1746	263	1503	0.24510296333500753	0.13091090094574415
812	1.8461538461538465	488	1747	262	1503	0.24510296333500753	0.13041314086610253
813	1.8571428571428568	487	1748	261	1504	0.24460070316423907	0.12991538078646092
814	1.857142857142857	485	1749	260	1506	0.24359618282270215	0.1294176207068193
815	1.8666666666666665	484	1749	260	1507	0.2430939226519337	0.1294176207068193
816	1.8666666666666667	482	1751	258	1509	0.24208940231039677	0.12842210054753608
817	1.875	480	1751	258	1511	0.24108488196885988	0.12842210054753608
818	1.8857142857142857	472	1754	255	1519	0.2370668006027122	0.12692882030861125
819	1.8958333333333333	472	1755	254	1519	0.2370668006027122	0.12643106022896963
820	1.9	472	1756	253	1519	0.2370668006027122	0.12593330014932802
821	1.9047619047619049	467	1756	253	1524	0.2345554997488699	0.12593330014932802
822	1.9166666666666667	465	1757	252	1526	0.233550979407333	0.1254355400696864
823	1.92	462	1757	252	1529	0.23204419889502761	0.1254355400696864
824	1.9250000000000005	460	1758	251	1531	0.2310396785534907	0.1249377799900448
825	1.9259259259259256	459	1758	251	1532	0.23053741838272224	0.1249377799900448
826	1.9285714285714284	458	1758	251	1533	0.2300351582119538	0.1249377799900448
827	1.9285714285714288	458	1760	249	1533	0.2300351582119538	0.12394225983076157
828	1.9318181818181817	455	1760	249	1536	0.22852837769964843	0.12394225983076157
829	1.9393939393939392	454	1760	249	1537	0.22802611752887997	0.12394225983076157
830	1.9428571428571428	453	1760	249	1538	0.2275238573581115	0.12394225983076157
831	1.95	452	1760	249	1539	0.22702159718734305	0.12394225983076157
832	1.96875	452	1762	247	1539	0.22702159718734305	0.12294673967147834
833	1.971428571428571	452	1763	246	1539	0.22702159718734305	0.12244897959183673
834	2.0	450	1763	246	1541	0.22601707684580613	0.12244897959183673
835	2.03125	420	1784	225	1571	0.21094927172275238	0.11199601791936287
836	2.031746031746032	419	1784	225	1572	0.21044701155198392	0.11199601791936287
837	2.035714285714286	419	1785	224	1572	0.21044701155198392	0.11149825783972125
838	2.0370370370370368	418	1785	224	1573	0.20994475138121546	0.11149825783972125
839	2.04	417	1785	224	1574	0.209442491210447	0.11149825783972125
840	2.0444444444444443	416	1786	223	1575	0.20894023103967854	0.11100049776007964
841	2.0454545454545454	415	1786	223	1576	0.20843797086891008	0.11100049776007964
842	2.057142857142857	414	1787	222	1577	0.20793571069814162	0.11050273768043803
843	2.0625	413	1787	222	1578	0.2074334505273732	0.11050273768043803
844	2.0727272727272728	411	1788	221	1580	0.20642893018583627	0.11000497760079642
845	2.074074074074074	409	1788	221	1582	0.20542440984429935	0.11000497760079642
846	2.0769230769230766	408	1788	221	1583	0.2049221496735309	0.11000497760079642
847	2.08	407	1788	221	1584	0.20441988950276244	0.11000497760079642
848	2.083333333333333	407	1789	220	1584	0.20441988950276244	0.1095072175211548
849	2.095238095238096	403	1790	219	1588	0.2024108488196886	0.10900945744151319
850	2.1	403	1792	217	1588	0.2024108488196886	0.10801393728222997
851	2.1111111111111107	397	1796	213	1594	0.19939728779507784	0.10602289696366352
852	2.125	394	1796	213	1597	0.19789050728277247	0.10602289696366352
853	2.1250000000000004	391	1798	211	1600	0.19638372677046712	0.10502737680438029
854	2.1333333333333333	388	1799	210	1603	0.19487694625816174	0.10452961672473868
855	2.142857142857143	387	1799	210	1604	0.19437468608739328	0.10452961672473868
856	2.1428571428571432	382	1799	210	1609	0.19186338523355098	0.10452961672473868
857	2.16	381	1800	209	1610	0.19136112506278252	0.10403185664509706
858	2.1666666666666665	380	1800	209	1611	0.19085886489201406	0.10403185664509706
859	2.166666666666667	375	1804	205	1616	0.18834756403817177	0.10204081632653061
860	2.1875	374	1804	205	1617	0.1878453038674033	0.10204081632653061
861	2.1904761904761907	372	1804	205	1619	0.1868407835258664	0.10204081632653061
862	2.2	370	1804	205	1621	0.18583626318432947	0.10204081632653061
863	2.204081632653061	366	1806	203	1625	0.18382722250125566	0.10104529616724739
864	2.222222222222222	365	1806	203	1626	0.1833249623304872	0.10104529616724739
865	2.2222222222222223	365	1807	202	1626	0.1833249623304872	0.10054753608760578
866	2.2285714285714286	361	1808	201	1630	0.18131592164741336	0.10004977600796416
867	2.232142857142857	360	1808	201	1631	0.1808136614766449	0.10004977600796416
868	2.25	358	1808	201	1633	0.17980914113510799	0.10004977600796416
869	2.2666666666666666	353	1814	195	1638	0.1772978402812657	0.09706321553011449
870	2.2727272727272725	352	1815	194	1639	0.17679558011049723	0.09656545545047288
871	2.28	352	1816	193	1639	0.17679558011049723	0.09606769537083126
872	2.2857142857142856	349	1816	193	1642	0.17528879959819185	0.09606769537083126
873	2.291666666666667	346	1818	191	1645	0.1737820190858865	0.09507217521154804
874	2.3142857142857145	345	1820	189	1646	0.17327975891511804	0.09407665505226481
875	2.321428571428572	345	1821	188	1646	0.17327975891511804	0.0935788949726232
876	2.333333333333333	342	1821	188	1649	0.17177297840281266	0.0935788949726232
877	2.357142857142857	336	1827	182	1655	0.1687594173782019	0.09059233449477352
878	2.375	334	1830	179	1657	0.167754897036665	0.08909905425584869
879	2.3809523809523814	332	1830	179	1659	0.16675037669512807	0.08909905425584869
880	2.4	332	1831	178	1659	0.16675037669512807	0.08860129417620707
881	2.4285714285714284	325	1837	172	1666	0.16323455549974886	0.0856147336983574
882	2.4444444444444438	324	1837	172	1667	0.16273229532898043	0.0856147336983574
883	2.4444444444444446	324	1839	170	1667	0.16273229532898043	0.08461921353907417
884	2.4761904761904763	323	1839	170	1668	0.16223003515821197	0.08461921353907417
885	2.4888888888888894	322	1839	170	1669	0.1617277749874435	0.08461921353907417
886	2.5	322	1840	169	1669	0.1617277749874435	0.08412145345943256
887	2.5000000000000004	303	1850	159	1688	0.15218483174284278	0.07914385266301642
888	2.5277777777777777	302	1854	155	1689	0.15168257157207435	0.07715281234444997
889	2.533333333333333	301	1855	154	1690	0.1511803114013059	0.07665505226480836
890	2.5396825396825395	299	1855	154	1692	0.15017579105976897	0.07665505226480836
891	2.56	298	1855	154	1693	0.1496735308890005	0.07665505226480836
892	2.5714285714285707	296	1856	153	1695	0.1486690105474636	0.07615729218516674
893	2.571428571428572	294	1857	152	1697	0.14766449020592667	0.07565953210552513
894	2.6	292	1858	151	1699	0.14665996986438976	0.07516177202588352
895	2.619047619047619	289	1860	149	1702	0.14515318935208438	0.0741662518666003
896	2.625	288	1860	149	1703	0.14465092918131592	0.0741662518666003
897	2.628571428571429	286	1860	149	1705	0.143646408839779	0.0741662518666003
898	2.6388888888888893	285	1860	149	1706	0.14314414866901054	0.0741662518666003
899	2.64	284	1860	149	1707	0.14264188849824208	0.0741662518666003
900	2.6666666666666665	284	1861	148	1707	0.14264188849824208	0.07366849178695868
901	2.6785714285714293	278	1865	144	1713	0.13962832747363135	0.07167745146839223
902	2.683333333333333	277	1865	144	1714	0.1391260673028629	0.07167745146839223
903	2.7	276	1865	144	1715	0.13862380713209443	0.07167745146839223
904	2.708333333333333	273	1865	144	1718	0.13711702661978906	0.07167745146839223
905	2.7142857142857144	272	1865	144	1719	0.1366147664490206	0.07167745146839223
906	2.727272727272727	271	1865	144	1720	0.13611250627825214	0.07167745146839223
907	2.742857142857144	269	1865	144	1722	0.13510798593671522	0.07167745146839223
908	2.75	269	1866	143	1722	0.13510798593671522	0.07117969138875062
909	2.7777777777777786	266	1869	140	1725	0.13360120542440984	0.06968641114982578
910	2.7857142857142856	266	1870	139	1725	0.13360120542440984	0.06918865107018417
911	2.8	265	1871	138	1726	0.13309894525364138	0.06869089099054256
912	2.8125	262	1873	136	1729	0.131592164741336	0.06769537083125933
913	2.833333333333333	262	1875	134	1729	0.131592164741336	0.0666998506719761
914	2.851851851851852	258	1876	133	1733	0.12958312405826217	0.06620209059233449
915	2.8571428571428568	257	1876	133	1734	0.12908086388749374	0.06620209059233449
916	2.875	255	1878	131	1736	0.12807634354595682	0.06520657043305127
917	2.88	253	1878	131	1738	0.1270718232044199	0.06520657043305127
918	2.888888888888889	253	1879	130	1738	0.1270718232044199	0.06470881035340965
919	2.8928571428571432	253	1880	129	1738	0.1270718232044199	0.06421105027376804
920	2.9090909090909087	252	1880	129	1739	0.12656956303365144	0.06421105027376804
921	2.916666666666667	252	1881	128	1739	0.12656956303365144	0.06371329019412643
922	2.933333333333333	249	1882	127	1742	0.12506278252134606	0.06321553011448482
923	2.9333333333333336	249	1883	126	1742	0.12506278252134606	0.0627177700348432
924	2.962962962962963	247	1883	126	1744	0.12405826217980914	0.0627177700348432
925	3.0	246	1883	126	1745	0.12355600200904068	0.0627177700348432
926	3.0000000000000004	228	1902	107	1763	0.11451531893520844	0.053260328521652564
927	3.0357142857142856	227	1902	107	1764	0.11401305876443998	0.053260328521652564
928	3.04	226	1902	107	1765	0.11351079859367152	0.053260328521652564
929	3.0555555555555562	223	1902	107	1768	0.11200401808136615	0.053260328521652564
930	3.0666666666666664	222	1902	107	1769	0.11150175791059769	0.053260328521652564
931	3.090909090909092	221	1902	107	1770	0.11099949773982923	0.053260328521652564
932	3.111111111111111	220	1902	107	1771	0.11049723756906077	0.053260328521652564
933	3.12	220	1904	105	1771	0.11049723756906077	0.05226480836236934
934	3.125	219	1904	105	1772	0.10999497739829231	0.05226480836236934
935	3.1428571428571432	216	1905	104	1775	0.10848819688598695	0.051767048282727726
936	3.1481481481481484	214	1905	104	1777	0.10748367654445003	0.051767048282727726
937	3.15	213	1905	104	1778	0.10698141637368157	0.051767048282727726
938	3.1500000000000004	212	1905	104	1779	0.10647915620291311	0.051767048282727726
939	3.1666666666666665	211	1905	104	1780	0.10597689603214465	0.051767048282727726
940	3.1818181818181817	208	1905	104	1783	0.10447011551983927	0.051767048282727726
941	3.1875	208	1906	103	1783	0.10447011551983927	0.051269288203086114
942	3.2	206	1906	103	1785	0.10346559517830237	0.051269288203086114
943	3.214285714285714	204	1906	103	1787	0.10246107483676545	0.051269288203086114
944	3.2142857142857144	204	1907	102	1787	0.10246107483676545	0.0507715281234445
945	3.25	203	1907	102	1788	0.10195881466599699	0.0507715281234445
946	3.272727272727273	201	1911	98	1790	0.10095429432446007	0.04878048780487805
947	3.3000000000000003	201	1912	97	1790	0.10095429432446007	0.04828272772523644
948	3.333333333333333	200	1912	97	1791	0.10045203415369161	0.04828272772523644
949	3.3599999999999994	192	1921	88	1799	0.09643395278754395	0.043802887008461924
950	3.375	191	1921	88	1800	0.09593169261677549	0.043802887008461924
951	3.3928571428571432	191	1924	85	1800	0.09593169261677549	0.042309606769537086
952	3.4	191	1925	84	1800	0.09593169261677549	0.041811846689895474
953	3.4285714285714284	186	1925	84	1805	0.0934203917629332	0.041811846689895474
954	3.45	185	1925	84	1806	0.09291813159216473	0.041811846689895474
955	3.4666666666666663	184	1925	84	1807	0.09241587142139629	0.041811846689895474
956	3.5	183	1925	84	1808	0.09191361125062783	0.041811846689895474
957	3.5000000000000004	180	1930	79	1811	0.09040683073832245	0.039323046291687404
958	3.5416666666666665	180	1931	78	1811	0.09040683073832245	0.03882528621204579
959	3.5625	179	1931	78	1812	0.08990457056755399	0.03882528621204579
960	3.571428571428572	178	1931	78	1813	0.08940231039678553	0.03882528621204579
961	3.59375	177	1931	78	1814	0.08890005022601707	0.03882528621204579
962	3.6	176	1931	78	1815	0.08839779005524862	0.03882528621204579
963	3.6190476190476177	173	1933	76	1818	0.08689100954294325	0.037829766052762566
964	3.64	172	1933	76	1819	0.08638874937217479	0.037829766052762566
965	3.6666666666666665	172	1934	75	1819	0.08638874937217479	0.03733200597312095
966	3.7142857142857135	169	1938	71	1822	0.08488196885986941	0.0353409656545545
967	3.733333333333333	167	1940	69	1824	0.0838774485183325	0.03434544549527128
968	3.75	165	1940	69	1826	0.08287292817679558	0.03434544549527128
969	3.7916666666666665	154	1943	66	1837	0.07734806629834254	0.03285216525634644
970	3.8	154	1944	65	1837	0.07734806629834254	0.03235440517670483
971	3.8095238095238098	151	1944	65	1840	0.07584128578603717	0.03235440517670483
972	3.8333333333333335	150	1944	65	1841	0.07533902561526871	0.03235440517670483
973	3.8571428571428568	147	1944	65	1844	0.07383224510296334	0.03235440517670483
974	3.888888888888889	145	1944	65	1846	0.07282772476142642	0.03235440517670483
975	3.9	145	1945	64	1846	0.07282772476142642	0.031856645097063215
976	3.958333333333333	143	1945	64	1848	0.0718232044198895	0.031856645097063215
977	4.0	143	1946	63	1848	0.0718232044198895	0.0313588850174216
978	4.05	136	1950	59	1855	0.0683073832245103	0.02936784469885515
979	4.0625	136	1951	58	1855	0.0683073832245103	0.02887008461921354
980	4.08	135	1951	58	1856	0.06780512305374184	0.02887008461921354
981	4.090909090909091	134	1951	58	1857	0.06730286288297338	0.02887008461921354
982	4.125	134	1952	57	1857	0.06730286288297338	0.028372324539571926
983	4.166666666666667	133	1953	56	1858	0.06680060271220492	0.027874564459930314
984	4.2	132	1955	54	1859	0.06629834254143646	0.02687904430064709
985	4.2222222222222205	130	1956	53	1861	0.06529382219989954	0.026381284221005476
986	4.25	129	1957	52	1862	0.06479156202913108	0.025883524141363863
987	4.250000000000001	127	1958	51	1864	0.06378704168759418	0.02538576406172225
988	4.3125	126	1958	51	1865	0.06328478151682572	0.02538576406172225
989	4.333333333333333	124	1958	51	1867	0.0622802611752888	0.02538576406172225
990	4.375	124	1959	50	1867	0.0622802611752888	0.024888003982080638
991	4.4	121	1960	49	1870	0.06077348066298342	0.024390243902439025
992	4.4444444444444455	119	1961	48	1872	0.05976896032144651	0.023892483822797413
993	4.5	117	1961	48	1874	0.05876443997990959	0.023892483822797413
994	4.500000000000001	111	1965	44	1880	0.055750878955298844	0.021901443504230962
995	4.523809523809524	110	1965	44	1881	0.055248618784530384	0.021901443504230962
996	4.550000000000002	109	1965	44	1882	0.05474635861376193	0.021901443504230962
997	4.571428571428571	109	1966	43	1882	0.05474635861376193	0.02140368342458935
998	4.666666666666667	108	1967	42	1883	0.05424409844299347	0.020905923344947737
999	4.75	107	1969	40	1884	0.053741838272225013	0.019910403185664508
1000	4.8	104	1970	39	1887	0.052235057759919636	0.019412643106022896
1001	4.800000000000002	101	1971	38	1890	0.050728277247614265	0.018914883026381283
1002	4.875	100	1971	38	1891	0.050226017076845805	0.018914883026381283
1003	4.8888888888888875	99	1971	38	1892	0.049723756906077346	0.018914883026381283
1004	4.9	98	1971	38	1893	0.04922149673530889	0.018914883026381283
1005	5.0	97	1972	37	1894	0.048719236564540434	0.01841712294673967
1006	5.000000000000001	93	1975	34	1898	0.0467101958814666	0.016923842707814832
1007	5.1	92	1975	34	1899	0.046207935710698145	0.016923842707814832
1008	5.111111111111111	91	1975	34	1900	0.045705675539929685	0.016923842707814832
1009	5.133333333333334	90	1975	34	1901	0.045203415369161226	0.016923842707814832
1010	5.142857142857143	89	1975	34	1902	0.04470115519839277	0.016923842707814832
1011	5.2	89	1976	33	1902	0.04470115519839277	0.01642608262817322
1012	5.25	87	1976	33	1904	0.04369663485685585	0.01642608262817322
1013	5.333333333333333	84	1977	32	1907	0.04218985434455048	0.015928322548531607
1014	5.333333333333334	82	1978	31	1909	0.04118533400301356	0.015430562468889995
1015	5.357142857142857	80	1978	31	1911	0.04018081366147665	0.015430562468889995
1016	5.4	79	1978	31	1912	0.03967855349070819	0.015430562468889995
1017	5.416666666666666	78	1978	31	1913	0.03917629331993973	0.015430562468889995
1018	5.416666666666668	76	1978	31	1915	0.03817177297840281	0.015430562468889995
1019	5.428571428571429	75	1978	31	1916	0.03766951280763436	0.015430562468889995
1020	5.444444444444443	74	1978	31	1917	0.0371672526368659	0.015430562468889995
1021	5.4444444444444455	73	1978	31	1918	0.03666499246609744	0.015430562468889995
1022	5.476190476190476	73	1979	30	1918	0.03666499246609744	0.014932802389248382
1023	5.5	72	1979	30	1919	0.03616273229532898	0.014932802389248382
1024	5.571428571428571	67	1982	27	1924	0.03365143144148669	0.013439522150323544
1025	5.6000000000000005	66	1982	27	1925	0.03314917127071823	0.013439522150323544
1026	5.625	65	1982	27	1926	0.03264691109994977	0.013439522150323544
1027	5.666666666666668	65	1983	26	1926	0.03264691109994977	0.012941762070681932
1028	5.7142857142857135	63	1984	25	1928	0.03164239075841286	0.012444001991040319
1029	5.7857142857142865	63	1985	24	1928	0.03164239075841286	0.011946241911398706
1030	5.833333333333334	62	1985	24	1929	0.0311401305876444	0.011946241911398706
1031	5.866666666666666	60	1985	24	1931	0.030135610246107485	0.011946241911398706
1032	5.9375	59	1985	24	1932	0.029633350075339026	0.011946241911398706
1033	6.0	58	1985	24	1933	0.029131089904570567	0.011946241911398706
1034	6.066666666666667	50	1988	21	1941	0.025113008538422903	0.010452961672473868
1035	6.1111111111111125	49	1988	21	1942	0.024610748367654443	0.010452961672473868
1036	6.222222222222222	47	1988	21	1944	0.023606228026117528	0.010452961672473868
1037	6.333333333333332	46	1988	21	1945	0.023103967855349072	0.010452961672473868
1038	6.5	44	1989	20	1947	0.022099447513812154	0.009955201592832254
1039	6.6	44	1990	19	1947	0.022099447513812154	0.009457441513190641
1040	6.666666666666668	43	1990	19	1948	0.021597187343043698	0.009457441513190641
1041	6.708333333333334	41	1990	19	1950	0.02059266700150678	0.009457441513190641
1042	6.75	40	1990	19	1951	0.020090406830738324	0.009457441513190641
1043	6.8	39	1990	19	1952	0.019588146659969864	0.009457441513190641
1044	6.875	38	1990	19	1953	0.019085886489201405	0.009457441513190641
1045	6.999999999999999	38	1991	18	1953	0.019085886489201405	0.008959681433549029
1046	7.0	38	1992	17	1953	0.019085886489201405	0.008461921353907416
1047	7.142857142857142	38	1993	16	1953	0.019085886489201405	0.007964161274265804
1048	7.1999999999999975	37	1993	16	1954	0.01858362631843295	0.007964161274265804
1049	7.333333333333332	37	1994	15	1954	0.01858362631843295	0.007466401194624191
1050	7.5	37	1995	14	1954	0.01858362631843295	0.006968641114982578
1051	7.583333333333334	35	1997	12	1956	0.01757910597689603	0.005973120955699353
1052	7.666666666666668	35	1998	11	1956	0.01757910597689603	0.0054753608760577405
1053	7.777777777777778	34	1998	11	1957	0.017076845806127575	0.0054753608760577405
1054	8.0	33	1998	11	1958	0.016574585635359115	0.0054753608760577405
1055	8.142857142857144	28	1998	11	1963	0.014063284781516826	0.0054753608760577405
1056	8.333333333333334	27	1998	11	1964	0.013561024610748368	0.0054753608760577405
1057	8.4	26	1998	11	1965	0.013058764439979909	0.0054753608760577405
1058	8.4375	25	1998	11	1966	0.012556504269211451	0.0054753608760577405
1059	8.500000000000002	24	1998	11	1967	0.012054244098442994	0.0054753608760577405
1060	8.75	23	1998	11	1968	0.011551983927674536	0.0054753608760577405
1061	9.0	22	1998	11	1969	0.011049723756906077	0.0054753608760577405
1062	9.333333333333334	22	2001	8	1969	0.011049723756906077	0.003982080637132902
1063	9.5	21	2003	6	1970	0.01054746358613762	0.0029865604778496766
1064	9.6	20	2003	6	1971	0.010045203415369162	0.0029865604778496766
1065	9.8	18	2003	6	1973	0.009040683073832245	0.0029865604778496766
1066	10.0	17	2003	6	1974	0.008538422903063787	0.0029865604778496766
1067	10.000000000000002	16	2003	6	1975	0.00803616273229533	0.0029865604778496766
1068	10.2	16	2004	5	1975	0.00803616273229533	0.0024888003982080635
1069	10.4	15	2004	5	1976	0.007533902561526871	0.0024888003982080635
1070	11.0	15	2005	4	1976	0.007533902561526871	0.001991040318566451
1071	11.333333333333336	15	2006	3	1976	0.007533902561526871	0.0014932802389248383
1072	12.0	13	2006	3	1978	0.0065293822199899544	0.0014932802389248383
1073	12.666666666666664	12	2008	1	1979	0.006027122049221497	0.0004977600796416127
1074	13.333333333333336	10	2008	1	1981	0.005022601707684581	0.0004977600796416127
1075	13.5	9	2008	1	1982	0.0045203415369161224	0.0004977600796416127
1076	14.285714285714285	8	2008	1	1983	0.004018081366147665	0.0004977600796416127
1077	14.4	7	2008	1	1984	0.0035158211953792064	0.0004977600796416127
1078	14.875	6	2008	1	1985	0.0030135610246107484	0.0004977600796416127
1079	15.75	5	2008	1	1986	0.0025113008538422904	0.0004977600796416127
1080	16.5	4	2008	1	1987	0.0020090406830738324	0.0004977600796416127
1081	16.8	3	2008	1	1988	0.0015067805123053742	0.0004977600796416127
1082	21.0	2	2008	1	1989	0.0010045203415369162	0.0004977600796416127
1083	22.5	1	2008	1	1990	0.0005022601707684581	0.0004977600796416127
1084	36.0	1	2009	0	1990	0.0005022601707684581	0.0
