	ThScore	TP	TN	FP	FN	TPR	FPR
0	0.017857142857142856	1991	0	2009	0	1.0	1.0
1	0.027777777777777776	1991	1	2008	0	1.0	0.9995022399203584
2	0.03333333333333333	1991	2	2007	0	1.0	0.9990044798407167
3	0.047619047619047616	1991	3	2006	0	1.0	0.9985067197610752
4	0.05	1991	4	2005	0	1.0	0.9980089596814335
5	0.05357142857142857	1991	5	2004	0	1.0	0.9975111996017919
6	0.0625	1991	6	2003	0	1.0	0.9970134395221503
7	0.06666666666666668	1991	7	2002	0	1.0	0.9965156794425087
8	0.07142857142857142	1990	8	2001	1	0.9994977398292315	0.9960179193628671
9	0.07407407407407407	1990	9	2000	1	0.9994977398292315	0.9955201592832255
10	0.08	1990	10	1999	1	0.9994977398292315	0.9950223992035838
11	0.08333333333333333	1990	12	1997	1	0.9994977398292315	0.9940268790443006
12	0.08571428571428573	1990	16	1993	1	0.9994977398292315	0.9920358387257342
13	0.08888888888888888	1990	17	1992	1	0.9994977398292315	0.9915380786460926
14	0.09090909090909093	1990	18	1991	1	0.9994977398292315	0.9910403185664509
15	0.09230769230769233	1990	19	1990	1	0.9994977398292315	0.9905425584868094
16	0.0925925925925926	1990	20	1989	1	0.9994977398292315	0.9900447984071677
17	0.09375	1990	21	1988	1	0.9994977398292315	0.9895470383275261
18	0.09523809523809523	1990	22	1987	1	0.9994977398292315	0.9890492782478845
19	0.0989010989010989	1990	24	1985	1	0.9994977398292315	0.9880537580886013
20	0.1	1990	25	1984	1	0.9994977398292315	0.9875559980089597
21	0.10416666666666667	1990	31	1978	1	0.9994977398292315	0.98456943753111
22	0.1111111111111111	1990	33	1976	1	0.9994977398292315	0.9835739173718268
23	0.11428571428571427	1990	37	1972	1	0.9994977398292315	0.9815828770532603
24	0.1142857142857143	1990	38	1971	1	0.9994977398292315	0.9810851169736187
25	0.1153846153846154	1989	38	1971	2	0.9989954796584631	0.9810851169736187
26	0.11904761904761905	1989	39	1970	2	0.9989954796584631	0.9805873568939771
27	0.12121212121212124	1987	39	1970	4	0.9979909593169262	0.9805873568939771
28	0.125	1987	40	1969	4	0.9979909593169262	0.9800895968143355
29	0.12962962962962962	1987	47	1962	4	0.9979909593169262	0.9766052762568442
30	0.13333333333333333	1986	47	1962	5	0.9974886991461577	0.9766052762568442
31	0.1388888888888889	1986	52	1957	5	0.9974886991461577	0.9741164758586361
32	0.14285714285714285	1986	54	1955	5	0.9974886991461577	0.9731209556993529
33	0.14583333333333334	1985	60	1949	6	0.9969864389753893	0.9701343952215032
34	0.14814814814814814	1985	62	1947	6	0.9969864389753893	0.96913887506222
35	0.15	1985	64	1945	6	0.9969864389753893	0.9681433549029368
36	0.1527777777777778	1985	66	1943	6	0.9969864389753893	0.9671478347436535
37	0.15555555555555556	1984	66	1943	7	0.9964841788046208	0.9671478347436535
38	0.15625	1984	67	1942	7	0.9964841788046208	0.966650074664012
39	0.16	1984	69	1940	7	0.9964841788046208	0.9656545545047287
40	0.16666666666666666	1984	70	1939	7	0.9964841788046208	0.9651567944250871
41	0.16666666666666669	1984	87	1922	7	0.9964841788046208	0.9566948730711797
42	0.17142857142857146	1984	88	1921	7	0.9964841788046208	0.9561971129915381
43	0.17307692307692307	1984	90	1919	7	0.9964841788046208	0.9552015928322548
44	0.175	1984	91	1918	7	0.9964841788046208	0.9547038327526133
45	0.17777777777777776	1984	93	1916	7	0.9964841788046208	0.95370831259333
46	0.18181818181818185	1983	93	1916	8	0.9959819186338523	0.95370831259333
47	0.1851851851851852	1983	94	1915	8	0.9959819186338523	0.9532105525136884
48	0.1875	1983	95	1914	8	0.9959819186338523	0.9527127924340468
49	0.19047619047619047	1982	97	1912	9	0.9954796584630838	0.9517172722747635
50	0.19444444444444445	1982	102	1907	9	0.9954796584630838	0.9492284718765555
51	0.19642857142857145	1982	103	1906	9	0.9954796584630838	0.9487307117969139
52	0.2	1982	104	1905	9	0.9954796584630838	0.9482329517172723
53	0.2083333333333333	1982	118	1891	9	0.9954796584630838	0.9412643106022897
54	0.21428571428571427	1980	120	1889	11	0.994475138121547	0.9402687904430065
55	0.21875	1979	131	1878	12	0.9939728779507785	0.9347934295669488
56	0.2222222222222222	1978	131	1878	13	0.99347061778001	0.9347934295669488
57	0.22222222222222224	1977	138	1871	14	0.9929683576092416	0.9313091090094574
58	0.225	1977	139	1870	14	0.9929683576092416	0.9308113489298159
59	0.2272727272727273	1974	141	1868	17	0.9914615770969362	0.9298158287705326
60	0.2285714285714285	1974	142	1867	17	0.9914615770969362	0.929318068690891
61	0.22916666666666666	1972	142	1867	19	0.9904570567553993	0.929318068690891
62	0.2307692307692308	1971	142	1867	20	0.9899547965846308	0.929318068690891
63	0.2333333333333333	1971	143	1866	20	0.9899547965846308	0.9288203086112494
64	0.2363636363636364	1971	145	1864	20	0.9899547965846308	0.9278247884519661
65	0.2380952380952381	1970	145	1864	21	0.9894525364138623	0.9278247884519661
66	0.2407407407407408	1968	150	1859	23	0.9884480160723255	0.925335988053758
67	0.2444444444444445	1967	150	1859	24	0.987945755901557	0.925335988053758
68	0.24489795918367346	1966	151	1858	25	0.9874434957307886	0.9248382279741165
69	0.25	1966	153	1856	25	0.9874434957307886	0.9238427078148332
70	0.2545454545454545	1959	188	1821	32	0.9839276745354093	0.9064211050273768
71	0.2571428571428572	1958	189	1820	33	0.9834254143646409	0.9059233449477352
72	0.25925925925925924	1956	191	1818	35	0.982420894023104	0.904927824788452
73	0.2619047619047619	1956	194	1815	35	0.982420894023104	0.9034345445495271
74	0.2638888888888889	1955	195	1814	36	0.9819186338523355	0.9029367844698856
75	0.26666666666666666	1954	195	1814	37	0.9814163736815671	0.9029367844698856
76	0.2692307692307692	1953	203	1806	38	0.9809141135107986	0.8989547038327527
77	0.2708333333333333	1953	205	1804	38	0.9809141135107986	0.8979591836734694
78	0.2727272727272727	1953	206	1803	38	0.9809141135107986	0.8974614235938277
79	0.2777777777777778	1952	208	1801	39	0.9804118533400301	0.8964659034345446
80	0.28	1951	213	1796	40	0.9799095931692616	0.8939771030363365
81	0.28125	1948	215	1794	43	0.9784028126569563	0.8929815828770533
82	0.2857142857142857	1948	216	1793	43	0.9784028126569563	0.8924838227974117
83	0.2888888888888889	1940	231	1778	51	0.9743847312908086	0.8850174216027874
84	0.2916666666666667	1939	231	1778	52	0.9738824711200402	0.8850174216027874
85	0.2962962962962963	1938	235	1774	53	0.9733802109492717	0.883026381284221
86	0.3	1938	237	1772	53	0.9733802109492717	0.8820308611249378
87	0.30303030303030304	1934	255	1754	57	0.9713711702661979	0.8730711796913887
88	0.3055555555555555	1933	256	1753	58	0.9708689100954294	0.8725734196117472
89	0.3055555555555556	1932	256	1753	59	0.9703666499246609	0.8725734196117472
90	0.3090909090909091	1931	259	1750	60	0.9698643897538926	0.8710801393728222
91	0.3111111111111111	1931	260	1749	60	0.9698643897538926	0.8705823792931807
92	0.3125	1931	261	1748	60	0.9698643897538926	0.8700846192135391
93	0.3142857142857143	1927	271	1738	64	0.9678553490708187	0.8651070184171229
94	0.31428571428571433	1926	272	1737	65	0.9673530889000502	0.8646092583374814
95	0.31666666666666665	1926	273	1736	65	0.9673530889000502	0.8641114982578397
96	0.3181818181818182	1925	273	1736	66	0.9668508287292817	0.8641114982578397
97	0.32	1922	274	1735	69	0.9653440482169764	0.8636137381781981
98	0.32142857142857145	1922	276	1733	69	0.9653440482169764	0.8626182180189149
99	0.325	1920	277	1732	71	0.9643395278754395	0.8621204579392733
100	0.3269230769230769	1919	277	1732	72	0.963837267704671	0.8621204579392733
101	0.3333333333333333	1918	277	1732	73	0.9633350075339026	0.8621204579392733
102	0.33333333333333337	1906	313	1696	85	0.957307885484681	0.8442010950721752
103	0.3409090909090909	1906	316	1693	85	0.957307885484681	0.8427078148332504
104	0.3428571428571429	1903	316	1693	88	0.9558011049723757	0.8427078148332504
105	0.34375	1901	316	1693	90	0.9547965846308388	0.8427078148332504
106	0.3461538461538461	1898	317	1692	93	0.9532898041185334	0.8422100547536088
107	0.35	1898	318	1691	93	0.9532898041185334	0.8417122946739671
108	0.3541666666666667	1896	325	1684	95	0.9522852837769965	0.8382279741164759
109	0.35714285714285715	1895	325	1684	96	0.951783023606228	0.8382279741164759
110	0.3611111111111111	1893	330	1679	98	0.9507785032646912	0.8357391737182678
111	0.3636363636363636	1892	331	1678	99	0.9502762430939227	0.8352414136386261
112	0.3636363636363637	1890	331	1678	101	0.9492717227523857	0.8352414136386261
113	0.3666666666666665	1888	334	1675	103	0.9482672024108488	0.8337481333997013
114	0.3666666666666667	1887	334	1675	104	0.9477649422400803	0.8337481333997013
115	0.3703703703703704	1884	335	1674	107	0.946258161727775	0.8332503733200597
116	0.3714285714285713	1882	338	1671	109	0.945253641386238	0.8317570930811349
117	0.375	1881	338	1671	110	0.9447513812154696	0.8317570930811349
118	0.38	1873	367	1642	118	0.940733299849322	0.8173220507715281
119	0.3809523809523809	1872	367	1642	119	0.9402310396785535	0.8173220507715281
120	0.3863636363636364	1871	370	1639	120	0.939728779507785	0.8158287705326033
121	0.3888888888888889	1870	370	1639	121	0.9392265193370166	0.8158287705326033
122	0.3928571428571429	1868	377	1632	123	0.9382219989954796	0.812344449975112
123	0.393939393939394	1866	378	1631	125	0.9372174786539428	0.8118466898954704
124	0.4	1864	379	1630	127	0.9362129583124058	0.8113489298158287
125	0.4047619047619047	1853	400	1609	138	0.9306880964339528	0.800895968143355
126	0.4047619047619048	1852	400	1609	139	0.9301858362631843	0.800895968143355
127	0.40625	1851	400	1609	140	0.9296835760924159	0.800895968143355
128	0.4074074074074073	1851	401	1608	140	0.9296835760924159	0.8003982080637133
129	0.4090909090909091	1850	401	1608	141	0.9291813159216474	0.8003982080637133
130	0.4166666666666667	1847	403	1606	144	0.9276745354093421	0.79940268790443
131	0.41818181818181815	1843	416	1593	148	0.9256654947262682	0.7929318068690892
132	0.4199999999999999	1842	416	1593	149	0.9251632345554998	0.7929318068690892
133	0.42	1841	416	1593	150	0.9246609743847313	0.7929318068690892
134	0.4230769230769231	1839	416	1593	152	0.9236564540431944	0.7929318068690892
135	0.425	1839	417	1592	152	0.9236564540431944	0.7924340467894475
136	0.42857142857142855	1838	418	1591	153	0.9231541938724259	0.7919362867098059
137	0.4285714285714286	1833	434	1575	158	0.9206428930185836	0.7839721254355401
138	0.4333333333333333	1830	438	1571	161	0.9191361125062782	0.7819810851169736
139	0.43333333333333335	1828	438	1571	163	0.9181315921647414	0.7819810851169736
140	0.4363636363636363	1828	441	1568	163	0.9181315921647414	0.7804878048780488
141	0.4375	1827	441	1568	164	0.9176293319939729	0.7804878048780488
142	0.4400000000000001	1821	448	1561	170	0.9146157709693621	0.7770034843205574
143	0.4444444444444444	1821	449	1560	170	0.9146157709693621	0.7765057242409159
144	0.4444444444444445	1818	461	1548	173	0.9131089904570567	0.7705326032852166
145	0.45	1816	461	1548	175	0.9121044701155199	0.7705326032852166
146	0.4545454545454545	1814	469	1540	177	0.9110999497739829	0.7665505226480837
147	0.4583333333333333	1814	473	1536	177	0.9110999497739829	0.7645594823295172
148	0.4615384615384616	1813	481	1528	178	0.9105976896032144	0.7605774016923843
149	0.4642857142857143	1813	483	1526	178	0.9105976896032144	0.759581881533101
150	0.4666666666666666	1811	483	1526	180	0.9095931692616775	0.759581881533101
151	0.4666666666666667	1805	489	1520	186	0.9065796082370668	0.7565953210552514
152	0.46875	1803	491	1518	188	0.9055750878955299	0.7555998008959681
153	0.4722222222222222	1801	491	1518	190	0.904570567553993	0.7555998008959681
154	0.4761904761904762	1797	491	1518	194	0.9025615268709192	0.7555998008959681
155	0.48	1795	497	1512	196	0.9015570065293822	0.7526132404181185
156	0.4814814814814815	1792	499	1510	199	0.9000502260170768	0.7516177202588352
157	0.4848484848484849	1790	500	1509	201	0.8990457056755399	0.7511199601791936
158	0.4857142857142857	1786	500	1509	205	0.8970366649924661	0.7511199601791936
159	0.5	1785	500	1509	206	0.8965344048216977	0.7511199601791936
160	0.5102040816326531	1759	565	1444	232	0.8834756403817178	0.7187655550024888
161	0.5142857142857143	1759	566	1443	232	0.8834756403817178	0.7182677949228472
162	0.5151515151515151	1757	567	1442	234	0.8824711200401808	0.7177700348432056
163	0.5185185185185185	1755	567	1442	236	0.8814665996986439	0.7177700348432056
164	0.52	1754	568	1441	237	0.8809643395278755	0.7172722747635639
165	0.5238095238095238	1753	568	1441	238	0.880462079357107	0.7172722747635639
166	0.525	1748	569	1440	243	0.8779507785032646	0.7167745146839224
167	0.5277777777777778	1747	570	1439	244	0.8774485183324963	0.7162767546042808
168	0.53125	1746	570	1439	245	0.8769462581617278	0.7162767546042808
169	0.5333333333333333	1743	570	1439	248	0.8754394776494224	0.7162767546042808
170	0.5357142857142857	1741	581	1428	250	0.8744349573078855	0.710801393728223
171	0.5416666666666666	1738	582	1427	253	0.8729281767955801	0.7103036336485814
172	0.5454545454545454	1734	590	1419	257	0.8709191361125063	0.7063215530114485
173	0.5454545454545455	1734	592	1417	257	0.8709191361125063	0.7053260328521652
174	0.55	1733	593	1416	258	0.8704168759417378	0.7048282727725237
175	0.5555555555555556	1729	599	1410	262	0.8684078352586639	0.701841712294674
176	0.5599999999999999	1716	615	1394	275	0.861878453038674	0.6938775510204082
177	0.5625	1715	616	1393	276	0.8613761928679056	0.6933797909407665
178	0.5666666666666667	1709	622	1387	282	0.8583626318432949	0.6903932304629169
179	0.5714285714285714	1705	623	1386	286	0.856353591160221	0.6898954703832753
180	0.575	1700	637	1372	291	0.8538422903063787	0.6829268292682927
181	0.5833333333333334	1699	637	1372	292	0.8533400301356102	0.6829268292682927
182	0.5925925925925926	1687	652	1357	304	0.8473129080863887	0.6754604280736685
183	0.59375	1686	653	1356	305	0.8468106479156203	0.6749626679940269
184	0.6	1684	653	1356	307	0.8458061275740834	0.6749626679940269
185	0.6060606060606061	1674	677	1332	317	0.8407835258663988	0.6630164260826281
186	0.6071428571428571	1673	678	1331	318	0.8402812656956303	0.6625186660029866
187	0.6111111111111109	1672	678	1331	319	0.8397790055248618	0.6625186660029866
188	0.6111111111111112	1667	683	1326	324	0.8372677046710196	0.6600298656047785
189	0.6153846153846154	1660	686	1323	331	0.8337518834756403	0.6585365853658537
190	0.6190476190476191	1660	687	1322	331	0.8337518834756403	0.658038825286212
191	0.625	1657	689	1320	334	0.832245102963335	0.6570433051269288
192	0.6250000000000001	1645	707	1302	346	0.8262179809141135	0.6480836236933798
193	0.6296296296296297	1645	708	1301	346	0.8262179809141135	0.6475858636137382
194	0.6333333333333333	1643	708	1301	348	0.8252134605725766	0.6475858636137382
195	0.6349206349206349	1642	708	1301	349	0.8247112004018081	0.6475858636137382
196	0.6363636363636364	1641	708	1301	350	0.8242089402310396	0.6475858636137382
197	0.6388888888888888	1641	710	1299	350	0.8242089402310396	0.646590343454455
198	0.64	1640	710	1299	351	0.8237066800602713	0.646590343454455
199	0.6428571428571429	1638	711	1298	353	0.8227021597187343	0.6460925833748133
200	0.65	1635	716	1293	356	0.8211953792064289	0.6436037829766053
201	0.6571428571428571	1629	716	1293	362	0.8181818181818182	0.6436037829766053
202	0.6666666666666666	1628	716	1293	363	0.8176795580110497	0.6436037829766053
203	0.6666666666666667	1600	777	1232	391	0.8036162732295329	0.6132404181184669
204	0.675	1597	778	1231	394	0.8021094927172275	0.6127426580388253
205	0.6785714285714286	1597	779	1230	394	0.8021094927172275	0.6122448979591837
206	0.6875	1597	780	1229	394	0.8021094927172275	0.611747137879542
207	0.6923076923076923	1592	786	1223	399	0.7995981918633852	0.6087605774016924
208	0.6969696969696969	1590	787	1222	401	0.7985936715218483	0.6082628173220508
209	0.7	1589	787	1222	402	0.7980914113510799	0.6082628173220508
210	0.7037037037037037	1582	792	1217	409	0.7945755901557007	0.6057740169238427
211	0.7083333333333334	1581	793	1216	410	0.7940733299849322	0.605276256844201
212	0.7142857142857143	1577	794	1215	414	0.7920642893018583	0.6047784967645595
213	0.72	1571	802	1207	420	0.7890507282772476	0.6007964161274266
214	0.7222222222222222	1570	802	1207	421	0.7885484681064792	0.6007964161274266
215	0.7272727272727273	1564	806	1203	427	0.7855349070818685	0.5988053758088602
216	0.7333333333333333	1564	810	1199	427	0.7855349070818685	0.5968143354902937
217	0.7333333333333334	1563	812	1197	428	0.7850326469111	0.5958188153310104
218	0.7407407407407408	1555	814	1195	436	0.7810145655449523	0.5948232951717273
219	0.75	1553	815	1194	438	0.7800100452034153	0.5943255350920856
220	0.7619047619047619	1532	850	1159	459	0.7694625816172778	0.5769039323046292
221	0.7666666666666666	1527	852	1157	464	0.7669512807634354	0.5759084121453459
222	0.7692307692307693	1526	852	1157	465	0.766449020592667	0.5759084121453459
223	0.7714285714285715	1526	853	1156	465	0.766449020592667	0.5754106520657043
224	0.7727272727272727	1525	853	1156	466	0.7659467604218986	0.5754106520657043
225	0.7777777777777778	1524	854	1155	467	0.7654445002511301	0.5749128919860628
226	0.7857142857142857	1513	865	1144	478	0.7599196383726771	0.569437531110005
227	0.7916666666666666	1506	869	1140	485	0.7564038171772979	0.5674464907914385
228	0.7999999999999999	1503	870	1139	488	0.7548970366649924	0.566948730711797
229	0.8	1499	876	1133	492	0.7528879959819186	0.5639621702339472
230	0.8095238095238094	1490	892	1117	501	0.7483676544450025	0.5559980089596814
231	0.8095238095238095	1487	892	1117	504	0.7468608739326972	0.5559980089596814
232	0.8125	1486	892	1117	505	0.7463586137619287	0.5559980089596814
233	0.8148148148148149	1480	896	1113	511	0.7433450527373179	0.554006968641115
234	0.8181818181818182	1477	896	1113	514	0.7418382722250125	0.554006968641115
235	0.8214285714285714	1477	898	1111	514	0.7418382722250125	0.5530114484818317
236	0.8333333333333334	1476	898	1111	515	0.7413360120542442	0.5530114484818317
237	0.8399999999999999	1455	927	1082	536	0.7307885484681065	0.538576406172225
238	0.84375	1454	927	1082	537	0.730286288297338	0.538576406172225
239	0.8461538461538461	1454	929	1080	537	0.730286288297338	0.5375808860129417
240	0.85	1454	930	1079	537	0.730286288297338	0.5370831259333001
241	0.8518518518518517	1449	932	1077	542	0.7277749874434958	0.5360876057740169
242	0.8571428571428571	1447	932	1077	544	0.7267704671019588	0.5360876057740169
243	0.8571428571428572	1440	941	1068	551	0.7232546459065796	0.5316077650572424
244	0.8636363636363636	1439	942	1067	552	0.7227523857358111	0.5311100049776007
245	0.8666666666666666	1438	942	1067	553	0.7222501255650426	0.5311100049776007
246	0.8666666666666667	1437	942	1067	554	0.7217478653942743	0.5311100049776007
247	0.875	1432	945	1064	559	0.7192365645404319	0.5296167247386759
248	0.8800000000000001	1416	959	1050	575	0.7112004018081366	0.5226480836236934
249	0.8846153846153846	1415	959	1050	576	0.7106981416373681	0.5226480836236934
250	0.8888888888888888	1414	959	1050	577	0.7101958814665997	0.5226480836236934
251	0.9	1407	967	1042	584	0.7066800602712205	0.5186660029865605
252	0.9047619047619048	1398	974	1035	593	0.7021597187343044	0.5151816824290691
253	0.9090909090909092	1396	974	1035	595	0.7011551983927674	0.5151816824290691
254	0.9166666666666666	1396	975	1034	595	0.7011551983927674	0.5146839223494276
255	0.92	1386	987	1022	605	0.6961325966850829	0.5087108013937283
256	0.9230769230769232	1385	987	1022	606	0.6956303365143144	0.5087108013937283
257	0.925925925925926	1385	990	1019	606	0.6956303365143144	0.5072175211548033
258	0.9285714285714286	1384	990	1019	607	0.695128076343546	0.5072175211548033
259	0.9333333333333332	1379	994	1015	612	0.6926167754897037	0.5052264808362369
260	0.9375	1374	996	1013	617	0.6901054746358614	0.5042309606769537
261	0.9444444444444444	1371	1002	1007	620	0.688598694123556	0.501244400199104
262	0.95	1364	1003	1006	627	0.6850828729281768	0.5007466401194625
263	0.9523809523809524	1359	1003	1006	632	0.6825715720743345	0.5007466401194625
264	0.9583333333333334	1358	1006	1003	633	0.682069311903566	0.4992533598805376
265	0.96	1357	1007	1002	634	0.6815670517327976	0.49875559980089595
266	1.0	1357	1008	1001	634	0.6815670517327976	0.49825783972125437
267	1.0285714285714287	1305	1092	917	686	0.6554495228528378	0.4564459930313589
268	1.0454545454545454	1304	1092	917	687	0.6549472626820693	0.4564459930313589
269	1.0476190476190477	1303	1092	917	688	0.6544450025113009	0.4564459930313589
270	1.05	1301	1092	917	690	0.6534404821697639	0.4564459930313589
271	1.0555555555555556	1298	1092	917	693	0.6519337016574586	0.4564459930313589
272	1.0625	1293	1092	917	698	0.6494224008036162	0.4564459930313589
273	1.0666666666666669	1287	1093	916	704	0.6464088397790055	0.45594823295171727
274	1.0714285714285714	1281	1096	913	710	0.6433952787543947	0.45445495271279246
275	1.0714285714285716	1277	1097	912	714	0.6413862380713209	0.4539571926331508
276	1.0833333333333333	1277	1098	911	714	0.6413862380713209	0.45345943255350923
277	1.0909090909090908	1267	1100	909	724	0.6363636363636364	0.452463912394226
278	1.0952380952380951	1266	1101	908	725	0.6358613761928679	0.45196615231458437
279	1.1	1265	1101	908	726	0.6353591160220995	0.45196615231458437
280	1.1111111111111112	1254	1108	901	737	0.6298342541436464	0.4484818317570931
281	1.125	1247	1112	897	744	0.6263184329482672	0.44649079143852666
282	1.1333333333333333	1233	1125	884	758	0.6192867905575088	0.44001991040318567
283	1.1428571428571428	1227	1125	884	764	0.6162732295328981	0.44001991040318567
284	1.15	1214	1140	869	777	0.6097438473129081	0.43255350920856145
285	1.1666666666666667	1212	1140	869	779	0.6087393269713711	0.43255350920856145
286	1.1851851851851851	1196	1162	847	795	0.6007031642390759	0.42160278745644597
287	1.1875	1196	1163	846	795	0.6007031642390759	0.4211050273768044
288	1.2	1193	1163	846	798	0.5991963837267704	0.4211050273768044
289	1.2000000000000002	1175	1177	832	816	0.5901557006529382	0.4141363862618218
290	1.2142857142857142	1175	1178	831	816	0.5901557006529382	0.41363862618218017
291	1.2222222222222219	1169	1181	828	822	0.5871421396283275	0.41214534594325536
292	1.2222222222222223	1168	1185	824	823	0.586639879457559	0.4101543056246889
293	1.2272727272727273	1165	1188	821	826	0.5851330989452537	0.40866102538576404
294	1.2272727272727275	1164	1188	821	827	0.5846308387744852	0.40866102538576404
295	1.238095238095238	1163	1188	821	828	0.5841285786037167	0.40866102538576404
296	1.25	1161	1188	821	830	0.5831240582621798	0.40866102538576404
297	1.2500000000000002	1131	1202	807	860	0.5680562531391261	0.40169238427078147
298	1.2666666666666666	1131	1203	806	860	0.5680562531391261	0.4011946241911399
299	1.2692307692307694	1128	1203	806	863	0.5665494726268206	0.4011946241911399
300	1.2727272727272727	1128	1204	805	863	0.5665494726268206	0.40069686411149824
301	1.28	1128	1207	802	863	0.5665494726268206	0.39920358387257343
302	1.2857142857142858	1126	1208	801	865	0.5655449522852838	0.3987058237929318
303	1.3	1120	1213	796	871	0.562531391260673	0.39621702339472376
304	1.3333333333333333	1111	1222	787	880	0.5580110497237569	0.3917371826779492
305	1.3333333333333337	1091	1254	755	900	0.5479658463083877	0.3758088601294176
306	1.35	1091	1255	754	900	0.5479658463083877	0.375311100049776
307	1.3571428571428572	1091	1256	753	900	0.5479658463083877	0.3748133399701344
308	1.3636363636363635	1088	1256	753	903	0.5464590657960824	0.3748133399701344
309	1.375	1086	1257	752	905	0.5454545454545454	0.3743155798904928
310	1.392857142857143	1081	1261	748	910	0.5429432446007032	0.37232453957192635
311	1.4	1081	1262	747	910	0.5429432446007032	0.3718267794922847
312	1.4074074074074074	1069	1267	742	922	0.5369161225514817	0.3693379790940767
313	1.4166666666666667	1069	1268	741	922	0.5369161225514817	0.36884021901443503
314	1.4285714285714286	1060	1273	736	931	0.5323957810145655	0.366351418616227
315	1.4444444444444444	1050	1280	729	941	0.527373179306881	0.3628670980587357
316	1.4545454545454546	1046	1284	725	945	0.5253641386238072	0.36087605774016923
317	1.4666666666666666	1045	1285	724	946	0.5248618784530387	0.36037829766052765
318	1.4666666666666668	1045	1286	723	946	0.5248618784530387	0.359880537580886
319	1.5	1044	1288	721	947	0.5243596182822702	0.3588850174216028
320	1.5238095238095235	1003	1322	687	988	0.5037669512807634	0.34196117471378795
321	1.5333333333333332	1002	1322	687	989	0.5032646911099949	0.34196117471378795
322	1.5454545454545454	1001	1322	687	990	0.5027624309392266	0.34196117471378795
323	1.5555555555555556	998	1322	687	993	0.5012556504269211	0.34196117471378795
324	1.5714285714285714	992	1329	680	999	0.4982420894023104	0.3384768541562967
325	1.5833333333333333	987	1333	676	1004	0.4957307885484681	0.33648581383773024
326	1.6	975	1335	674	1016	0.4897036664992466	0.335490293678447
327	1.6190476190476188	960	1349	660	1031	0.48216976393771976	0.3285216525634644
328	1.625	959	1349	660	1032	0.4816675037669513	0.3285216525634644
329	1.6363636363636362	948	1357	652	1043	0.47614264188849825	0.3245395719263315
330	1.6363636363636365	948	1358	651	1043	0.47614264188849825	0.3240418118466899
331	1.6428571428571428	945	1360	649	1046	0.47463586137619285	0.3230462916874067
332	1.65	942	1360	649	1049	0.4731290808638875	0.3230462916874067
333	1.6666666666666667	940	1361	648	1051	0.4721245605223506	0.32254853160776503
334	1.6875	924	1381	628	1067	0.46408839779005523	0.3125933300149328
335	1.7	924	1382	627	1067	0.46408839779005523	0.3120955699352912
336	1.7142857142857142	919	1383	626	1072	0.46157709693621296	0.31159780985564955
337	1.7142857142857144	913	1393	616	1078	0.4585635359116022	0.30662020905923343
338	1.7333333333333334	913	1394	615	1078	0.4585635359116022	0.30612244897959184
339	1.7454545454545454	912	1395	614	1079	0.4580612757408338	0.3056246888999502
340	1.75	912	1396	613	1079	0.4580612757408338	0.3051269288203086
341	1.7500000000000002	901	1413	596	1090	0.4525364138623807	0.2966650074664012
342	1.7777777777777777	901	1417	592	1090	0.4525364138623807	0.2946739671478347
343	1.7857142857142858	895	1423	586	1096	0.44952285283776994	0.29168740666998505
344	1.8	894	1423	586	1097	0.4490205926670015	0.29168740666998505
345	1.818181818181818	879	1435	574	1112	0.44148669010547464	0.2857142857142857
346	1.8214285714285716	879	1436	573	1112	0.44148669010547464	0.2852165256346441
347	1.8333333333333333	878	1436	573	1113	0.44098442993470616	0.2852165256346441
348	1.8461538461538465	869	1452	557	1122	0.43646408839779005	0.2772523643603783
349	1.8571428571428568	869	1453	556	1122	0.43646408839779005	0.27675460428073667
350	1.8666666666666665	863	1457	552	1128	0.4334505273731793	0.2747635639621702
351	1.875	861	1459	550	1130	0.4324460070316424	0.273768043802887
352	1.8888888888888888	856	1469	540	1135	0.4299347061778001	0.26879044300647087
353	1.8888888888888893	852	1469	540	1139	0.42792566549472627	0.26879044300647087
354	1.9	851	1469	540	1140	0.4274234053239578	0.26879044300647087
355	1.9090909090909087	845	1470	539	1146	0.4244098442993471	0.2682926829268293
356	1.9166666666666667	845	1471	538	1146	0.4244098442993471	0.26779492284718764
357	1.9285714285714288	841	1471	538	1150	0.42240080361627325	0.26779492284718764
358	1.95	841	1472	537	1150	0.42240080361627325	0.26729716276754606
359	2.0	840	1474	535	1151	0.42189854344550476	0.26630164260826283
360	2.0625	796	1524	485	1195	0.3997990959316926	0.24141363862618218
361	2.08	796	1526	483	1195	0.3997990959316926	0.24041811846689895
362	2.083333333333333	795	1526	483	1196	0.3992968357609242	0.24041811846689895
363	2.1	793	1527	482	1198	0.39829231541938726	0.23992035838725734
364	2.1111111111111107	792	1529	480	1199	0.39779005524861877	0.2389248382279741
365	2.125	787	1529	480	1204	0.3952787543947765	0.2389248382279741
366	2.1333333333333333	777	1529	480	1214	0.3902561526870919	0.2389248382279741
367	2.142857142857143	777	1530	479	1214	0.3902561526870919	0.2384270781483325
368	2.1428571428571432	770	1531	478	1221	0.3867403314917127	0.2379293180686909
369	2.1538461538461537	769	1533	476	1222	0.38623807132094423	0.23693379790940766
370	2.1666666666666665	767	1533	476	1224	0.3852335509794073	0.23693379790940766
371	2.166666666666667	757	1540	469	1234	0.3802109492717228	0.23344947735191637
372	2.1818181818181817	756	1541	468	1235	0.3797086891009543	0.23295171727227476
373	2.2	755	1543	466	1236	0.37920642893018586	0.23195619711299154
374	2.2222222222222223	744	1548	461	1247	0.3736815670517328	0.22946739671478347
375	2.25	744	1551	458	1247	0.3736815670517328	0.22797411647585863
376	2.2666666666666666	729	1561	448	1262	0.3661476644902059	0.2229965156794425
377	2.2857142857142856	728	1561	448	1263	0.3656454043194375	0.2229965156794425
378	2.3	720	1569	440	1271	0.3616273229532898	0.2190144350423096
379	2.3076923076923075	719	1569	440	1272	0.3611250627825213	0.2190144350423096
380	2.333333333333333	718	1569	440	1273	0.3606228026117529	0.2190144350423096
381	2.357142857142857	709	1581	428	1282	0.3561024610748368	0.21304131408661026
382	2.363636363636364	709	1582	427	1282	0.3561024610748368	0.21254355400696864
383	2.375	708	1583	426	1283	0.3556002009040683	0.21204579392732703
384	2.4	701	1583	426	1290	0.3520843797086891	0.21204579392732703
385	2.4000000000000004	690	1596	413	1301	0.3465595178302361	0.20557491289198607
386	2.4285714285714284	690	1599	410	1301	0.3465595178302361	0.20408163265306123
387	2.4375	688	1601	408	1303	0.34555499748869917	0.203086112493778
388	2.4444444444444438	688	1602	407	1303	0.34555499748869917	0.2025883524141364
389	2.4444444444444446	687	1602	407	1304	0.3450527373179307	0.2025883524141364
390	2.454545454545455	685	1604	405	1306	0.34404821697639376	0.20159283225485317
391	2.5	685	1605	404	1306	0.34404821697639376	0.20109507217521155
392	2.5000000000000004	659	1622	387	1332	0.3309894525364139	0.19263315082130414
393	2.5454545454545454	657	1623	386	1334	0.32998493219487696	0.19213539074166253
394	2.5555555555555562	655	1624	385	1336	0.32898041185334004	0.1916376306620209
395	2.571428571428572	654	1624	385	1337	0.32847815168257155	0.1916376306620209
396	2.6	643	1628	381	1348	0.3229532898041185	0.18964659034345446
397	2.625	630	1632	377	1361	0.3164239075841286	0.187655550024888
398	2.65625	621	1634	375	1370	0.3119035660472125	0.1866600298656048
399	2.6666666666666665	620	1634	375	1371	0.311401305876444	0.1866600298656048
400	2.666666666666667	601	1646	363	1390	0.3018583626318433	0.18068690890990544
401	2.7	601	1647	362	1390	0.3018583626318433	0.18018914883026382
402	2.7142857142857144	598	1649	360	1393	0.30035158211953794	0.1791936286709806
403	2.7272727272727275	592	1649	360	1399	0.2973380210949272	0.1791936286709806
404	2.75	592	1650	359	1399	0.2973380210949272	0.17869586859133899
405	2.7692307692307696	580	1660	349	1411	0.2913108990457057	0.17371826779492286
406	2.7777777777777786	580	1661	348	1411	0.2913108990457057	0.17322050771528125
407	2.8	579	1661	348	1412	0.29080863887493724	0.17322050771528125
408	2.8125	573	1663	346	1418	0.2877950778503265	0.17222498755599802
409	2.814814814814815	573	1665	344	1418	0.2877950778503265	0.1712294673967148
410	2.833333333333333	572	1665	344	1419	0.287292817679558	0.1712294673967148
411	2.85	562	1666	343	1429	0.2822702159718734	0.17073170731707318
412	2.8571428571428568	561	1666	343	1430	0.281767955801105	0.17073170731707318
413	2.875	555	1669	340	1436	0.2787543947764942	0.16923842707814835
414	2.888888888888889	551	1669	340	1440	0.2767453540934204	0.16923842707814835
415	2.916666666666667	547	1670	339	1444	0.27473631341034654	0.16874066699850673
416	3.0	547	1671	338	1444	0.27473631341034654	0.16824290691886512
417	3.04	505	1701	308	1486	0.2536413862380713	0.15331010452961671
418	3.055555555555556	504	1701	308	1487	0.2531391260673029	0.15331010452961671
419	3.090909090909092	503	1701	308	1488	0.2526368658965344	0.15331010452961671
420	3.111111111111111	502	1701	308	1489	0.25213460572576596	0.15331010452961671
421	3.125	500	1702	307	1491	0.25113008538422904	0.1528123444499751
422	3.1428571428571432	499	1702	307	1492	0.25062782521346055	0.1528123444499751
423	3.1666666666666665	498	1704	305	1493	0.2501255650426921	0.15181682429069188
424	3.1818181818181817	495	1704	305	1496	0.24861878453038674	0.15181682429069188
425	3.2	495	1705	304	1496	0.24861878453038674	0.15131906421105026
426	3.25	489	1710	299	1502	0.245605223505776	0.1488302638128422
427	3.2727272727272725	477	1715	294	1514	0.2395781014565545	0.14634146341463414
428	3.272727272727273	476	1715	294	1515	0.23907584128578604	0.14634146341463414
429	3.2857142857142856	475	1716	293	1516	0.23857358111501759	0.14584370333499252
430	3.3000000000000003	472	1716	293	1519	0.2370668006027122	0.14584370333499252
431	3.333333333333333	471	1716	293	1520	0.23656454043194375	0.14584370333499252
432	3.375	461	1731	278	1530	0.23154193872425916	0.13837730214036834
433	3.4	460	1734	275	1531	0.2310396785534907	0.1368840219014435
434	3.4285714285714284	454	1734	275	1537	0.22802611752887997	0.1368840219014435
435	3.5	450	1737	272	1541	0.22601707684580613	0.13539074166251866
436	3.5000000000000004	437	1753	256	1554	0.21948769462581616	0.12742658038825286
437	3.5454545454545463	437	1756	253	1554	0.21948769462581616	0.12593330014932802
438	3.555555555555556	437	1757	252	1554	0.21948769462581616	0.1254355400696864
439	3.571428571428572	432	1758	251	1559	0.2169763937719739	0.1249377799900448
440	3.6	431	1758	251	1560	0.21647413360120543	0.1249377799900448
441	3.6666666666666665	418	1760	249	1573	0.20994475138121546	0.12394225983076157
442	3.666666666666667	412	1765	244	1579	0.20693119035660473	0.1214534594325535
443	3.692307692307693	411	1765	244	1580	0.20642893018583627	0.1214534594325535
444	3.7142857142857135	411	1766	243	1580	0.20642893018583627	0.1209556993529119
445	3.75	410	1767	242	1581	0.20592667001506781	0.12045793927327028
446	3.7777777777777777	395	1774	235	1596	0.19839276745354092	0.11697361871577899
447	3.8	393	1775	234	1598	0.197388247112004	0.11647585863613738
448	3.8333333333333335	385	1776	233	1606	0.19337016574585636	0.11597809855649577
449	3.8571428571428577	382	1777	232	1609	0.19186338523355098	0.11548033847685416
450	3.9	380	1779	230	1611	0.19085886489201406	0.11448481831757093
451	4.0	379	1781	228	1612	0.1903566047212456	0.1134892981582877
452	4.071428571428572	351	1811	198	1640	0.17629331993972877	0.09855649576903933
453	4.125	351	1812	197	1640	0.17629331993972877	0.09805873568939771
454	4.166666666666667	350	1816	193	1641	0.1757910597689603	0.09606769537083126
455	4.2	347	1816	193	1644	0.17428427925665493	0.09606769537083126
456	4.2222222222222205	344	1819	190	1647	0.17277749874434958	0.09457441513190643
457	4.25	342	1819	190	1649	0.17177297840281266	0.09457441513190643
458	4.266666666666667	333	1820	189	1658	0.16725263686589653	0.09407665505226481
459	4.285714285714286	332	1820	189	1659	0.16675037669512807	0.09407665505226481
460	4.285714285714287	329	1821	188	1662	0.1652435961828227	0.0935788949726232
461	4.333333333333333	328	1824	185	1663	0.16474133601205423	0.09208561473369836
462	4.4	323	1831	178	1668	0.16223003515821197	0.08860129417620707
463	4.4444444444444455	318	1834	175	1673	0.15971873430436967	0.08710801393728224
464	4.5	316	1834	175	1675	0.15871421396283275	0.08710801393728224
465	4.571428571428571	309	1846	163	1682	0.15519839276745354	0.08113489298158287
466	4.6	307	1848	161	1684	0.15419387242591662	0.08013937282229965
467	4.666666666666667	305	1848	161	1686	0.1531893520843797	0.08013937282229965
468	4.714285714285714	294	1853	156	1697	0.14766449020592667	0.07765057242409158
469	4.75	293	1854	155	1698	0.14716223003515821	0.07715281234444997
470	4.8	285	1854	155	1706	0.14314414866901054	0.07715281234444997
471	4.800000000000002	284	1856	153	1707	0.14264188849824208	0.07615729218516674
472	4.833333333333333	283	1859	150	1708	0.14213962832747362	0.0746640119462419
473	4.857142857142857	282	1859	150	1709	0.14163736815670516	0.0746640119462419
474	4.875	278	1859	150	1713	0.13962832747363135	0.0746640119462419
475	4.888888888888889	275	1859	150	1716	0.13812154696132597	0.0746640119462419
476	4.928571428571429	275	1860	149	1716	0.13812154696132597	0.0741662518666003
477	5.0	274	1860	149	1717	0.13761928679055752	0.0741662518666003
478	5.000000000000001	258	1866	143	1733	0.12958312405826217	0.07117969138875062
479	5.142857142857143	258	1869	140	1733	0.12958312405826217	0.06968641114982578
480	5.2	254	1873	136	1737	0.12757408337518836	0.06769537083125933
481	5.227272727272727	248	1875	134	1743	0.1245605223505776	0.0666998506719761
482	5.25	247	1875	134	1744	0.12405826217980914	0.0666998506719761
483	5.333333333333333	242	1880	129	1749	0.12154696132596685	0.06421105027376804
484	5.4	236	1885	124	1755	0.1185334003013561	0.06172224987555998
485	5.428571428571429	233	1886	123	1758	0.11702661978905073	0.061224489795918366
486	5.454545454545454	231	1887	122	1760	0.11602209944751381	0.06072672971627675
487	5.5	231	1888	121	1760	0.11602209944751381	0.06022896963663514
488	5.571428571428572	217	1891	118	1774	0.1089904570567554	0.0587356893977103
489	5.6	216	1893	116	1775	0.10848819688598695	0.05774016923842708
490	5.625	211	1897	112	1780	0.10597689603214465	0.05574912891986063
491	5.666666666666668	210	1898	111	1781	0.10547463586137619	0.055251368840219015
492	5.7142857142857135	204	1899	110	1787	0.10246107483676545	0.0547536087605774
493	5.75	203	1900	109	1788	0.10195881466599699	0.05425584868093579
494	6.0	202	1900	109	1789	0.10145655449522853	0.05425584868093579
495	6.222222222222222	185	1919	90	1806	0.09291813159216473	0.04479840716774515
496	6.25	184	1921	88	1807	0.09241587142139629	0.043802887008461924
497	6.2857142857142865	181	1921	88	1810	0.09090909090909091	0.043802887008461924
498	6.333333333333332	178	1921	88	1813	0.08940231039678553	0.043802887008461924
499	6.375	176	1921	88	1815	0.08839779005524862	0.043802887008461924
500	6.4	174	1921	88	1817	0.0873932697137117	0.043802887008461924
501	6.428571428571429	171	1923	86	1820	0.08588648920140633	0.0428073668491787
502	6.5	170	1924	85	1821	0.08538422903063787	0.042309606769537086
503	6.6000000000000005	160	1929	80	1831	0.0803616273229533	0.039820806371329016
504	6.666666666666668	160	1930	79	1831	0.0803616273229533	0.039323046291687404
505	6.75	157	1934	75	1834	0.07885484681064792	0.03733200597312095
506	6.8	155	1936	73	1836	0.077850326469111	0.03633648581383773
507	6.857142857142858	153	1939	70	1838	0.07684580612757408	0.03484320557491289
508	7.0	151	1940	69	1840	0.07584128578603717	0.03434544549527128
509	7.000000000000001	140	1943	66	1851	0.07031642390758412	0.03285216525634644
510	7.1111111111111125	137	1944	65	1854	0.06880964339527876	0.03235440517670483
511	7.2	136	1944	65	1855	0.0683073832245103	0.03235440517670483
512	7.2857142857142865	131	1946	63	1860	0.065796082370668	0.0313588850174216
513	7.333333333333332	128	1946	63	1863	0.06428930185836264	0.0313588850174216
514	7.5	124	1946	63	1867	0.0622802611752888	0.0313588850174216
515	7.555555555555554	116	1952	57	1875	0.05826217980914113	0.028372324539571926
516	7.6	115	1953	56	1876	0.057759919638372674	0.027874564459930314
517	7.666666666666668	114	1954	55	1877	0.05725765946760422	0.0273768043802887
518	7.7142857142857135	113	1954	55	1878	0.05675539929683576	0.0273768043802887
519	7.800000000000002	113	1955	54	1878	0.05675539929683576	0.02687904430064709
520	8.0	112	1956	53	1879	0.0562531391260673	0.026381284221005476
521	8.125	101	1963	46	1890	0.050728277247614265	0.022896963663514187
522	8.181818181818182	101	1964	45	1890	0.050728277247614265	0.022399203583872575
523	8.25	100	1964	45	1891	0.050226017076845805	0.022399203583872575
524	8.272727272727273	99	1965	44	1892	0.049723756906077346	0.021901443504230962
525	8.4	99	1966	43	1892	0.049723756906077346	0.02140368342458935
526	8.444444444444445	97	1966	43	1894	0.048719236564540434	0.02140368342458935
527	8.5	96	1966	43	1895	0.048216976393771975	0.02140368342458935
528	8.571428571428571	92	1966	43	1899	0.046207935710698145	0.02140368342458935
529	8.666666666666666	90	1968	41	1901	0.045203415369161226	0.02040816326530612
530	8.8	87	1968	41	1904	0.04369663485685585	0.02040816326530612
531	9.0	86	1969	40	1905	0.043194374686087396	0.019910403185664508
532	9.2	78	1974	35	1913	0.03917629331993973	0.017421602787456445
533	9.333333333333334	77	1974	35	1914	0.03867403314917127	0.017421602787456445
534	9.5	76	1977	32	1915	0.03817177297840281	0.015928322548531607
535	9.75	74	1977	32	1917	0.0371672526368659	0.015928322548531607
536	9.8	71	1978	31	1920	0.03566047212456052	0.015430562468889995
537	9.857142857142858	70	1978	31	1921	0.03515821195379206	0.015430562468889995
538	10.0	69	1978	31	1922	0.03465595178302361	0.015430562468889995
539	10.000000000000002	63	1983	26	1928	0.03164239075841286	0.012941762070681932
540	10.285714285714286	62	1985	24	1929	0.0311401305876444	0.011946241911398706
541	10.4	62	1986	23	1929	0.0311401305876444	0.011448481831757094
542	10.5	61	1986	23	1930	0.03063787041687594	0.011448481831757094
543	10.666666666666666	56	1986	23	1935	0.02812656956303365	0.011448481831757094
544	10.8	55	1986	23	1936	0.027624309392265192	0.011448481831757094
545	11.0	54	1986	23	1937	0.027122049221496736	0.011448481831757094
546	11.333333333333336	52	1990	19	1939	0.026117528879959818	0.009457441513190641
547	11.363636363636365	51	1990	19	1940	0.025615268709191362	0.009457441513190641
548	11.428571428571427	50	1990	19	1941	0.025113008538422903	0.009457441513190641
549	11.5	49	1991	18	1942	0.024610748367654443	0.008959681433549029
550	11.571428571428573	46	1991	18	1945	0.023103967855349072	0.008959681433549029
551	11.666666666666664	45	1991	18	1946	0.022601707684580613	0.008959681433549029
552	12.0	43	1991	18	1948	0.021597187343043698	0.008959681433549029
553	12.5	35	1992	17	1956	0.01757910597689603	0.008461921353907416
554	12.666666666666664	35	1993	16	1956	0.01757910597689603	0.007964161274265804
555	12.75	34	1993	16	1957	0.017076845806127575	0.007964161274265804
556	13.0	33	1993	16	1958	0.016574585635359115	0.007964161274265804
557	13.2	32	1995	14	1959	0.01607232546459066	0.006968641114982578
558	13.333333333333336	31	1995	14	1960	0.0155700652938222	0.006968641114982578
559	13.6	31	1997	12	1960	0.0155700652938222	0.005973120955699353
560	14.0	31	1998	11	1960	0.0155700652938222	0.0054753608760577405
561	14.000000000000002	30	1998	11	1961	0.015067805123053743	0.0054753608760577405
562	14.25	27	1998	11	1964	0.013561024610748368	0.0054753608760577405
563	14.666666666666664	25	1998	11	1966	0.012556504269211451	0.0054753608760577405
564	15.0	24	1998	11	1967	0.012054244098442994	0.0054753608760577405
565	15.2	20	1999	10	1971	0.010045203415369162	0.004977600796416127
566	16.0	18	1999	10	1973	0.009040683073832245	0.004977600796416127
567	16.5	16	2002	7	1975	0.00803616273229533	0.003484320557491289
568	16.666666666666668	16	2003	6	1975	0.00803616273229533	0.0029865604778496766
569	17.0	15	2003	6	1976	0.007533902561526871	0.0029865604778496766
570	17.000000000000004	14	2003	6	1977	0.007031642390758413	0.0029865604778496766
571	17.333333333333332	13	2003	6	1978	0.0065293822199899544	0.0029865604778496766
572	17.5	12	2004	5	1979	0.006027122049221497	0.0024888003982080635
573	18.0	11	2005	4	1980	0.0055248618784530384	0.001991040318566451
574	20.0	6	2006	3	1985	0.0030135610246107484	0.0014932802389248383
575	22.5	6	2008	1	1985	0.0030135610246107484	0.0004977600796416127
576	25.33333333333333	5	2008	1	1986	0.0025113008538422904	0.0004977600796416127
577	30.0	4	2008	1	1987	0.0020090406830738324	0.0004977600796416127
578	35.0	3	2008	1	1988	0.0015067805123053742	0.0004977600796416127
579	45.0	2	2008	1	1989	0.0010045203415369162	0.0004977600796416127
580	46.0	2	2009	0	1989	0.0010045203415369162	0.0
581	59.5	1	2009	0	1990	0.0005022601707684581	0.0
