	ThScore	TP	TN	FP	FN	TPR	FPR
0	0.011363636363636364	1991	0	2009	0	1.0	1.0
1	0.027777777777777776	1991	1	2008	0	1.0	0.9995022399203584
2	0.031746031746031744	1991	3	2006	0	1.0	0.9985067197610752
3	0.03333333333333333	1991	4	2005	0	1.0	0.9980089596814335
4	0.03571428571428571	1991	5	2004	0	1.0	0.9975111996017919
5	0.03636363636363637	1991	7	2002	0	1.0	0.9965156794425087
6	0.04166666666666666	1991	8	2001	0	1.0	0.9960179193628671
7	0.042857142857142864	1991	12	1997	0	1.0	0.9940268790443006
8	0.047619047619047616	1991	13	1996	0	1.0	0.993529118964659
9	0.05	1991	15	1994	0	1.0	0.9925335988053758
10	0.05128205128205129	1991	16	1993	0	1.0	0.9920358387257342
11	0.05303030303030303	1991	17	1992	0	1.0	0.9915380786460926
12	0.05357142857142857	1991	18	1991	0	1.0	0.9910403185664509
13	0.054545454545454536	1991	19	1990	0	1.0	0.9905425584868094
14	0.05555555555555555	1991	20	1989	0	1.0	0.9900447984071677
15	0.057142857142857134	1991	23	1986	0	1.0	0.9885515181682429
16	0.05714285714285715	1991	24	1985	0	1.0	0.9880537580886013
17	0.0606060606060606	1991	25	1984	0	1.0	0.9875559980089597
18	0.061224489795918366	1991	26	1983	0	1.0	0.987058237929318
19	0.0625	1990	26	1983	1	0.9994977398292315	0.987058237929318
20	0.06410256410256411	1990	27	1982	1	0.9994977398292315	0.9865604778496765
21	0.06666666666666668	1990	28	1981	1	0.9994977398292315	0.9860627177700348
22	0.0673076923076923	1990	32	1977	1	0.9994977398292315	0.9840716774514684
23	0.06944444444444445	1990	33	1976	1	0.9994977398292315	0.9835739173718268
24	0.07142857142857142	1990	34	1975	1	0.9994977398292315	0.9830761572921851
25	0.07272727272727272	1990	36	1973	1	0.9994977398292315	0.982080637132902
26	0.07407407407407407	1990	37	1972	1	0.9994977398292315	0.9815828770532603
27	0.075	1990	40	1969	1	0.9994977398292315	0.9800895968143355
28	0.078125	1990	42	1967	1	0.9994977398292315	0.9790940766550522
29	0.07936507936507937	1990	44	1965	1	0.9994977398292315	0.978098556495769
30	0.08	1990	45	1964	1	0.9994977398292315	0.9776007964161274
31	0.08163265306122447	1990	46	1963	1	0.9994977398292315	0.9771030363364858
32	0.08333333333333333	1990	47	1962	1	0.9994977398292315	0.9766052762568442
33	0.08333333333333334	1990	56	1953	1	0.9994977398292315	0.9721254355400697
34	0.0857142857142857	1990	57	1952	1	0.9994977398292315	0.971627675460428
35	0.08571428571428573	1990	58	1951	1	0.9994977398292315	0.9711299153807864
36	0.08653846153846154	1990	62	1947	1	0.9994977398292315	0.96913887506222
37	0.08791208791208792	1990	63	1946	1	0.9994977398292315	0.9686411149825784
38	0.08928571428571429	1990	64	1945	1	0.9994977398292315	0.9681433549029368
39	0.09090909090909093	1990	65	1944	1	0.9994977398292315	0.9676455948232952
40	0.09375	1990	67	1942	1	0.9994977398292315	0.966650074664012
41	0.09523809523809523	1990	69	1940	1	0.9994977398292315	0.9656545545047287
42	0.09722222222222222	1990	76	1933	1	0.9994977398292315	0.9621702339472374
43	0.1	1990	78	1931	1	0.9994977398292315	0.9611747137879542
44	0.1020408163265306	1989	86	1923	2	0.9989954796584631	0.9571926331508213
45	0.10256410256410256	1989	90	1919	2	0.9989954796584631	0.9552015928322548
46	0.10416666666666667	1989	91	1918	2	0.9989954796584631	0.9547038327526133
47	0.10606060606060606	1989	92	1917	2	0.9989954796584631	0.9542060726729716
48	0.10714285714285714	1987	93	1916	4	0.9979909593169262	0.95370831259333
49	0.10769230769230767	1987	99	1910	4	0.9979909593169262	0.9507217521154804
50	0.1111111111111111	1987	100	1909	4	0.9979909593169262	0.9502239920358387
51	0.11111111111111112	1986	108	1901	5	0.9974886991461577	0.9462419113987058
52	0.11363636363636365	1986	109	1900	5	0.9974886991461577	0.9457441513190642
53	0.11428571428571427	1986	110	1899	5	0.9974886991461577	0.9452463912394226
54	0.1142857142857143	1986	111	1898	5	0.9974886991461577	0.944748631159781
55	0.11904761904761905	1984	112	1897	7	0.9964841788046208	0.9442508710801394
56	0.12121212121212124	1984	115	1894	7	0.9964841788046208	0.9427575908412146
57	0.12222222222222225	1984	116	1893	7	0.9964841788046208	0.9422598307615729
58	0.125	1984	117	1892	7	0.9964841788046208	0.9417620706819313
59	0.12698412698412698	1982	128	1881	9	0.9954796584630838	0.9362867098058736
60	0.12727272727272726	1982	129	1880	9	0.9954796584630838	0.9357889497262319
61	0.12820512820512822	1982	130	1879	9	0.9954796584630838	0.9352911896465903
62	0.1285714285714286	1981	130	1879	10	0.9949773982923155	0.9352911896465903
63	0.12987012987012989	1980	130	1879	11	0.994475138121547	0.9352911896465903
64	0.13095238095238096	1979	131	1878	12	0.9939728779507785	0.9347934295669488
65	0.13333333333333333	1979	132	1877	12	0.9939728779507785	0.9342956694873071
66	0.1358024691358025	1979	139	1870	12	0.9939728779507785	0.9308113489298159
67	0.13636363636363635	1979	140	1869	12	0.9939728779507785	0.9303135888501742
68	0.13636363636363638	1978	140	1869	13	0.99347061778001	0.9303135888501742
69	0.13846153846153847	1977	140	1869	14	0.9929683576092416	0.9303135888501742
70	0.1388888888888889	1976	140	1869	15	0.9924660974384731	0.9303135888501742
71	0.1414141414141414	1976	146	1863	15	0.9924660974384731	0.9273270283723245
72	0.14285714285714285	1976	147	1862	15	0.9924660974384731	0.926829268292683
73	0.14772727272727273	1973	160	1849	18	0.9909593169261678	0.920358387257342
74	0.14814814814814814	1972	160	1849	19	0.9904570567553993	0.920358387257342
75	0.15	1972	161	1848	19	0.9904570567553993	0.9198606271777003
76	0.15000000000000002	1969	167	1842	22	0.988950276243094	0.9168740666998507
77	0.15151515151515152	1969	168	1841	22	0.988950276243094	0.9163763066202091
78	0.15555555555555556	1968	170	1839	23	0.9884480160723255	0.9153807864609258
79	0.15625	1968	171	1838	23	0.9884480160723255	0.9148830263812843
80	0.15714285714285714	1967	174	1835	24	0.987945755901557	0.9133897461423593
81	0.15873015873015872	1966	174	1835	25	0.9874434957307886	0.9133897461423593
82	0.15873015873015875	1965	174	1835	26	0.9869412355600201	0.9133897461423593
83	0.16	1964	174	1835	27	0.9864389753892516	0.9133897461423593
84	0.16071428571428573	1964	179	1830	27	0.9864389753892516	0.9109009457441514
85	0.1625	1964	182	1827	27	0.9864389753892516	0.9094076655052264
86	0.16326530612244894	1964	183	1826	27	0.9864389753892516	0.9089099054255849
87	0.16666666666666666	1964	184	1825	27	0.9864389753892516	0.9084121453459433
88	0.16666666666666669	1959	200	1809	32	0.9839276745354093	0.9004479840716775
89	0.16883116883116886	1958	202	1807	33	0.9834254143646409	0.8994524639123942
90	0.16964285714285715	1957	202	1807	34	0.9829231541938724	0.8994524639123942
91	0.17045454545454547	1956	202	1807	35	0.982420894023104	0.8994524639123942
92	0.1714285714285714	1956	203	1806	35	0.982420894023104	0.8989547038327527
93	0.17142857142857146	1956	204	1805	35	0.982420894023104	0.898456943753111
94	0.171875	1954	207	1802	37	0.9814163736815671	0.8969636635141862
95	0.1746031746031746	1954	208	1801	37	0.9814163736815671	0.8964659034345446
96	0.175	1952	208	1801	39	0.9804118533400301	0.8964659034345446
97	0.1758241758241758	1949	211	1798	42	0.9789050728277248	0.8949726231956198
98	0.17777777777777776	1949	212	1797	42	0.9789050728277248	0.8944748631159781
99	0.17777777777777778	1949	213	1796	42	0.9789050728277248	0.8939771030363365
100	0.17857142857142858	1949	215	1794	42	0.9789050728277248	0.8929815828770533
101	0.18	1947	217	1792	44	0.9779005524861878	0.89198606271777
102	0.18055555555555555	1947	218	1791	44	0.9779005524861878	0.8914883026381284
103	0.1818181818181818	1946	218	1791	45	0.9773982923154194	0.8914883026381284
104	0.18181818181818185	1946	219	1790	45	0.9773982923154194	0.8909905425584869
105	0.1846153846153846	1945	221	1788	46	0.9768960321446509	0.8899950223992036
106	0.1851851851851852	1945	222	1787	46	0.9768960321446509	0.8894972623195619
107	0.1875	1945	224	1785	46	0.9768960321446509	0.8885017421602788
108	0.19047619047619047	1941	235	1774	50	0.9748869914615771	0.883026381284221
109	0.19444444444444445	1937	238	1771	54	0.9728779507785033	0.8815331010452961
110	0.1948051948051948	1936	241	1768	55	0.9723756906077348	0.8800398208063713
111	0.19642857142857145	1935	242	1767	56	0.9718734304369664	0.8795420607267297
112	0.2	1935	244	1765	56	0.9718734304369664	0.8785465405674465
113	0.2023809523809524	1932	271	1738	59	0.9703666499246609	0.8651070184171229
114	0.203125	1931	271	1738	60	0.9698643897538926	0.8651070184171229
115	0.20370370370370366	1929	271	1738	62	0.9688598694123556	0.8651070184171229
116	0.20408163265306128	1929	273	1736	62	0.9688598694123556	0.8641114982578397
117	0.2083333333333333	1927	275	1734	64	0.9678553490708187	0.8631159780985564
118	0.21153846153846154	1925	280	1729	66	0.9668508287292817	0.8606271777003485
119	0.21212121212121213	1925	281	1728	66	0.9668508287292817	0.8601294176207068
120	0.21428571428571427	1925	284	1725	66	0.9668508287292817	0.858636137381782
121	0.21666666666666667	1925	291	1718	66	0.9668508287292817	0.8551518168242906
122	0.2181818181818182	1923	291	1718	68	0.9658463083877449	0.8551518168242906
123	0.21875	1923	292	1717	68	0.9658463083877449	0.8546540567446491
124	0.22000000000000008	1921	294	1715	70	0.9648417880462079	0.8536585365853658
125	0.2222222222222222	1920	294	1715	71	0.9643395278754395	0.8536585365853658
126	0.22222222222222224	1915	302	1707	76	0.9618282270215972	0.8496764559482329
127	0.22448979591836726	1914	302	1707	77	0.9613259668508287	0.8496764559482329
128	0.225	1914	304	1705	77	0.9613259668508287	0.8486809357889498
129	0.2272727272727273	1911	307	1702	80	0.9598191863385234	0.8471876555500248
130	0.2285714285714285	1908	308	1701	83	0.958312405826218	0.8466898954703833
131	0.22916666666666666	1906	311	1698	85	0.957307885484681	0.8451966152314584
132	0.23214285714285715	1906	312	1697	85	0.957307885484681	0.8446988551518169
133	0.2333333333333333	1905	312	1697	86	0.9568056253139126	0.8446988551518169
134	0.234375	1901	319	1690	90	0.9547965846308388	0.8412145345943255
135	0.2361111111111111	1900	320	1689	91	0.9542943244600703	0.840716774514684
136	0.2380952380952381	1899	321	1688	92	0.9537920642893019	0.8402190144350423
137	0.24	1898	324	1685	93	0.9532898041185334	0.8387257341961175
138	0.2424242424242424	1898	328	1681	93	0.9532898041185334	0.8367346938775511
139	0.2424242424242425	1898	329	1680	93	0.9532898041185334	0.8362369337979094
140	0.24285714285714285	1897	331	1678	94	0.952787543947765	0.8352414136386261
141	0.2444444444444445	1896	331	1678	95	0.9522852837769965	0.8352414136386261
142	0.24489795918367346	1895	332	1677	96	0.951783023606228	0.8347436535589846
143	0.24675324675324675	1894	338	1671	97	0.9512807634354595	0.8317570930811349
144	0.25	1893	338	1671	98	0.9507785032646912	0.8317570930811349
145	0.25396825396825395	1882	367	1642	109	0.945253641386238	0.8173220507715281
146	0.2545454545454545	1881	369	1640	110	0.9447513812154696	0.8163265306122449
147	0.25555555555555554	1880	369	1640	111	0.9442491210447012	0.8163265306122449
148	0.2571428571428571	1879	369	1640	112	0.9437468608739327	0.8163265306122449
149	0.2571428571428572	1878	369	1640	113	0.9432446007031643	0.8163265306122449
150	0.25925925925925924	1877	370	1639	114	0.9427423405323958	0.8158287705326033
151	0.2592592592592593	1875	371	1638	116	0.9417378201908588	0.8153310104529616
152	0.26	1875	372	1637	116	0.9417378201908588	0.8148332503733201
153	0.2619047619047619	1874	372	1637	117	0.9412355600200905	0.8148332503733201
154	0.2638888888888889	1872	375	1634	119	0.9402310396785535	0.8133399701343952
155	0.26666666666666666	1871	375	1634	120	0.939728779507785	0.8133399701343952
156	0.26785714285714285	1863	388	1621	128	0.9357106981416373	0.8068690890990543
157	0.2698412698412698	1863	389	1620	128	0.9357106981416373	0.8063713290194127
158	0.2708333333333333	1862	389	1620	129	0.9352084379708689	0.8063713290194127
159	0.271604938271605	1859	389	1620	132	0.9337016574585635	0.8063713290194127
160	0.2727272727272727	1858	389	1620	133	0.9331993972877951	0.8063713290194127
161	0.2727272727272728	1856	389	1620	135	0.9321948769462581	0.8063713290194127
162	0.275	1855	391	1618	136	0.9316926167754898	0.8053758088601294
163	0.2777777777777778	1854	395	1614	137	0.9311903566047213	0.8033847685415629
164	0.28	1852	406	1603	139	0.9301858362631843	0.7979094076655052
165	0.28125	1852	408	1601	139	0.9301858362631843	0.796913887506222
166	0.2857142857142857	1851	411	1598	140	0.9296835760924159	0.7954206072672971
167	0.2878787878787879	1842	430	1579	149	0.9251632345554998	0.7859631657541065
168	0.2888888888888889	1842	431	1578	149	0.9251632345554998	0.7854654056744649
169	0.2909090909090909	1841	432	1577	150	0.9246609743847313	0.7849676455948233
170	0.2916666666666667	1841	433	1576	150	0.9246609743847313	0.7844698855151817
171	0.2954545454545455	1837	440	1569	154	0.9226519337016574	0.7809855649576904
172	0.2962962962962963	1836	440	1569	155	0.922149673530889	0.7809855649576904
173	0.3	1835	444	1565	156	0.9216474133601206	0.778994524639124
174	0.30000000000000004	1831	459	1550	160	0.9196383726770467	0.7715281234444997
175	0.3015873015873016	1831	461	1548	160	0.9196383726770467	0.7705326032852166
176	0.3035714285714285	1830	461	1548	161	0.9191361125062782	0.7705326032852166
177	0.3055555555555555	1829	461	1548	162	0.9186338523355098	0.7705326032852166
178	0.3055555555555556	1828	462	1547	163	0.9181315921647414	0.7700348432055749
179	0.30612244897959184	1828	463	1546	163	0.9181315921647414	0.7695370831259333
180	0.3068181818181819	1827	463	1546	164	0.9176293319939729	0.7695370831259333
181	0.3095238095238095	1826	463	1546	165	0.9171270718232044	0.7695370831259333
182	0.30952380952380953	1826	465	1544	165	0.9171270718232044	0.7685415629666501
183	0.3111111111111111	1825	465	1544	166	0.9166248116524359	0.7685415629666501
184	0.3125	1824	468	1541	167	0.9161225514816675	0.7670482827277252
185	0.3142857142857143	1820	469	1540	171	0.9141135107985937	0.7665505226480837
186	0.31428571428571433	1818	470	1539	173	0.9131089904570567	0.766052762568442
187	0.3148148148148148	1818	472	1537	173	0.9131089904570567	0.7650572424091587
188	0.31746031746031744	1816	473	1536	175	0.9121044701155199	0.7645594823295172
189	0.3174603174603175	1815	473	1536	176	0.9116022099447514	0.7645594823295172
190	0.32	1814	474	1535	177	0.9110999497739829	0.7640617222498756
191	0.3214285714285714	1811	476	1533	180	0.9095931692616775	0.7630662020905923
192	0.32142857142857145	1811	478	1531	180	0.9095931692616775	0.7620706819313091
193	0.325	1808	480	1529	183	0.9080863887493722	0.7610751617720258
194	0.3269230769230769	1804	481	1528	187	0.9060773480662984	0.7605774016923843
195	0.328125	1803	481	1528	188	0.9055750878955299	0.7605774016923843
196	0.32857142857142857	1803	483	1526	188	0.9055750878955299	0.759581881533101
197	0.3333333333333333	1802	483	1526	189	0.9050728277247614	0.759581881533101
198	0.33333333333333337	1788	504	1505	203	0.898041185334003	0.7491289198606271
199	0.3375	1781	506	1503	210	0.8945253641386238	0.748133399701344
200	0.3392857142857143	1780	506	1503	211	0.8940231039678553	0.748133399701344
201	0.3409090909090909	1779	506	1503	212	0.8935208437970869	0.748133399701344
202	0.3428571428571429	1777	506	1503	214	0.89251632345555	0.748133399701344
203	0.34375	1774	514	1495	217	0.8910095429432446	0.7441513190642111
204	0.3492063492063492	1771	515	1494	220	0.8895027624309392	0.7436535589845694
205	0.35	1769	515	1494	222	0.8884982420894023	0.7436535589845694
206	0.35000000000000003	1765	518	1491	226	0.8864892014063285	0.7421602787456446
207	0.3516483516483517	1765	519	1490	226	0.8864892014063285	0.741662518666003
208	0.3529411764705882	1764	519	1490	227	0.88598694123556	0.741662518666003
209	0.3541666666666667	1764	520	1489	227	0.88598694123556	0.7411647585863613
210	0.3555555555555555	1763	520	1489	228	0.8854846810647916	0.7411647585863613
211	0.3555555555555556	1761	520	1489	230	0.8844801607232546	0.7411647585863613
212	0.35714285714285715	1760	522	1487	231	0.8839779005524862	0.7401692384270782
213	0.36	1753	532	1477	238	0.880462079357107	0.735191637630662
214	0.3611111111111111	1752	536	1473	239	0.8799598191863385	0.7332005973120955
215	0.3636363636363637	1748	536	1473	243	0.8779507785032646	0.7332005973120955
216	0.3666666666666665	1747	539	1470	244	0.8774485183324963	0.7317073170731707
217	0.3703703703703704	1746	540	1469	245	0.8769462581617278	0.7312095569935291
218	0.3714285714285713	1745	545	1464	246	0.8764439979909593	0.7287207565953211
219	0.375	1741	545	1464	250	0.8744349573078855	0.7287207565953211
220	0.37777777777777777	1731	559	1450	260	0.8694123556002009	0.7217521154803385
221	0.38	1730	559	1450	261	0.8689100954294324	0.7217521154803385
222	0.3809523809523809	1730	560	1449	261	0.8689100954294324	0.7212543554006968
223	0.3877551020408164	1728	564	1445	263	0.8679055750878956	0.7192633150821304
224	0.3888888888888888	1728	565	1444	263	0.8679055750878956	0.7187655550024888
225	0.3888888888888889	1728	566	1443	263	0.8679055750878956	0.7182677949228472
226	0.3928571428571429	1725	578	1431	266	0.8663987945755901	0.7122946739671479
227	0.3958333333333333	1721	581	1428	270	0.8643897538925164	0.710801393728223
228	0.4	1717	581	1428	274	0.8623807132094425	0.710801393728223
229	0.4047619047619047	1697	611	1398	294	0.8523355097940734	0.6958685913389746
230	0.4047619047619048	1695	611	1398	296	0.8513309894525364	0.6958685913389746
231	0.40625	1694	612	1397	297	0.850828729281768	0.695370831259333
232	0.4081632653061225	1692	612	1397	299	0.849824208940231	0.695370831259333
233	0.40909090909090906	1691	614	1395	300	0.8493219487694625	0.6943753111000498
234	0.4090909090909091	1690	614	1395	301	0.8488196885986942	0.6943753111000498
235	0.4107142857142857	1688	615	1394	303	0.8478151682571572	0.6938775510204082
236	0.4166666666666666	1687	615	1394	304	0.8473129080863887	0.6938775510204082
237	0.4166666666666667	1687	616	1393	304	0.8473129080863887	0.6933797909407665
238	0.4199999999999999	1676	633	1376	315	0.8417880462079357	0.6849178695868592
239	0.421875	1676	634	1375	315	0.8417880462079357	0.6844201095072175
240	0.4222222222222222	1676	635	1374	315	0.8417880462079357	0.6839223494275759
241	0.42424242424242425	1675	635	1374	316	0.8412857860371673	0.6839223494275759
242	0.425	1674	636	1373	317	0.8407835258663988	0.6834245893479343
243	0.42857142857142855	1672	636	1373	319	0.8397790055248618	0.6834245893479343
244	0.4285714285714286	1666	656	1353	325	0.8367654445002511	0.673469387755102
245	0.4333333333333333	1663	657	1352	328	0.8352586639879458	0.6729716276754605
246	0.43333333333333335	1660	658	1351	331	0.8337518834756403	0.6724738675958188
247	0.4363636363636363	1658	660	1349	333	0.8327473631341035	0.6714783474365356
248	0.4375	1658	665	1344	333	0.8327473631341035	0.6689895470383276
249	0.4375000000000001	1655	668	1341	336	0.8312405826217981	0.6674962667994027
250	0.4400000000000001	1655	669	1340	336	0.8312405826217981	0.6669985067197611
251	0.4444444444444444	1652	670	1339	339	0.8297338021094928	0.6665007466401195
252	0.4444444444444445	1644	675	1334	347	0.8257157207433451	0.6640119462419114
253	0.4489795918367347	1643	675	1334	348	0.8252134605725766	0.6640119462419114
254	0.45	1640	675	1334	351	0.8237066800602713	0.6640119462419114
255	0.4523809523809524	1636	684	1325	355	0.8216976393771974	0.6595321055251369
256	0.4545454545454545	1633	684	1325	358	0.8201908588648921	0.6595321055251369
257	0.4545454545454546	1632	686	1323	359	0.8196885986941236	0.6585365853658537
258	0.4571428571428571	1631	686	1323	360	0.8191863385233551	0.6585365853658537
259	0.4571428571428572	1630	689	1320	361	0.8186840783525866	0.6570433051269288
260	0.4583333333333333	1629	690	1319	362	0.8181818181818182	0.6565455450472872
261	0.4615384615384615	1626	694	1315	365	0.8166750376695128	0.6545545047287208
262	0.4642857142857143	1625	694	1315	366	0.8161727774987444	0.6545545047287208
263	0.4666666666666666	1624	696	1313	367	0.8156705173279759	0.6535589845694375
264	0.4666666666666667	1621	701	1308	370	0.8141637368156706	0.6510701841712294
265	0.46875	1617	709	1300	374	0.8121546961325967	0.6470881035340965
266	0.4722222222222223	1617	710	1299	374	0.8121546961325967	0.646590343454455
267	0.475	1616	710	1299	375	0.8116524359618282	0.646590343454455
268	0.4761904761904762	1613	710	1299	378	0.8101456554495229	0.646590343454455
269	0.48	1608	721	1288	383	0.8076343545956806	0.6411149825783972
270	0.4814814814814815	1604	726	1283	387	0.8056253139126067	0.6386261821801892
271	0.4821428571428571	1600	726	1283	391	0.8036162732295329	0.6386261821801892
272	0.4821428571428572	1599	727	1282	392	0.8031140130587644	0.6381284221005475
273	0.4848484848484849	1597	728	1281	394	0.8021094927172275	0.6376306620209059
274	0.4857142857142857	1597	729	1280	394	0.8021094927172275	0.6371329019412643
275	0.4897959183673469	1595	729	1280	396	0.8011049723756906	0.6371329019412643
276	0.4938271604938271	1591	730	1279	400	0.7990959316926167	0.6366351418616227
277	0.5	1590	730	1279	401	0.7985936715218483	0.6366351418616227
278	0.5064935064935064	1558	777	1232	433	0.7825213460572576	0.6132404181184669
279	0.5079365079365079	1557	777	1232	434	0.7820190858864892	0.6132404181184669
280	0.509090909090909	1553	777	1232	438	0.7800100452034153	0.6132404181184669
281	0.5142857142857142	1553	778	1231	438	0.7800100452034153	0.6127426580388253
282	0.5142857142857143	1551	780	1229	440	0.7790055248618785	0.611747137879542
283	0.5185185185185185	1551	782	1227	440	0.7790055248618785	0.6107516177202589
284	0.5185185185185186	1550	785	1224	441	0.77850326469111	0.609258337481334
285	0.52	1550	786	1223	441	0.77850326469111	0.6087605774016924
286	0.5238095238095238	1548	786	1223	443	0.7774987443495731	0.6087605774016924
287	0.525	1543	788	1221	448	0.7749874434957308	0.6077650572424091
288	0.5306122448979592	1542	789	1220	449	0.7744851833249623	0.6072672971627675
289	0.53125	1542	790	1219	449	0.7744851833249623	0.606769537083126
290	0.5333333333333333	1539	790	1219	452	0.772978402812657	0.606769537083126
291	0.5357142857142857	1530	799	1210	461	0.7684580612757408	0.6022896963663514
292	0.5357142857142858	1525	800	1209	466	0.7659467604218986	0.6017919362867098
293	0.5396825396825397	1524	800	1209	467	0.7654445002511301	0.6017919362867098
294	0.54	1522	800	1209	469	0.7644399799095931	0.6017919362867098
295	0.5416666666666666	1522	802	1207	469	0.7644399799095931	0.6007964161274266
296	0.5428571428571429	1514	802	1207	477	0.7604218985434456	0.6007964161274266
297	0.5454545454545454	1513	802	1207	478	0.7599196383726771	0.6007964161274266
298	0.5454545454545455	1510	803	1206	481	0.7584128578603717	0.600298656047785
299	0.5476190476190477	1508	804	1205	483	0.7574083375188347	0.5998008959681433
300	0.5494505494505495	1507	804	1205	484	0.7569060773480663	0.5998008959681433
301	0.5499999999999999	1506	804	1205	485	0.7564038171772979	0.5998008959681433
302	0.55	1506	805	1204	485	0.7564038171772979	0.5993031358885017
303	0.5510204081632654	1502	807	1202	489	0.754394776494224	0.5983076157292185
304	0.5538461538461539	1502	808	1201	489	0.754394776494224	0.5978098556495769
305	0.5555555555555556	1502	809	1200	489	0.754394776494224	0.5973120955699353
306	0.5599999999999999	1492	820	1189	499	0.7493721747865394	0.5918367346938775
307	0.5625	1488	822	1187	503	0.7473631341034656	0.5908412145345944
308	0.5666666666666667	1481	829	1180	510	0.7438473129080864	0.587356893977103
309	0.5714285714285714	1478	831	1178	513	0.742340532395781	0.5863613738178198
310	0.575	1459	845	1164	532	0.7327975891511803	0.5793927327028372
311	0.5757575757575758	1457	845	1164	534	0.7317930688096433	0.5793927327028372
312	0.5777777777777777	1456	845	1164	535	0.731290808638875	0.5793927327028372
313	0.5818181818181818	1455	845	1164	536	0.7307885484681065	0.5793927327028372
314	0.5833333333333334	1455	846	1163	536	0.7307885484681065	0.5788949726231957
315	0.5892857142857143	1449	858	1151	542	0.7277749874434958	0.5729218516674963
316	0.5909090909090909	1448	859	1150	543	0.7272727272727273	0.5724240915878547
317	0.5925925925925926	1447	860	1149	544	0.7267704671019588	0.571926331508213
318	0.59375	1444	860	1149	547	0.7252636865896535	0.571926331508213
319	0.5950413223140496	1443	860	1149	548	0.724761426418885	0.571926331508213
320	0.6	1442	860	1149	549	0.7242591662481165	0.571926331508213
321	0.6000000000000001	1422	887	1122	569	0.7142139628327474	0.5584868093578895
322	0.6031746031746031	1422	891	1118	569	0.7142139628327474	0.5564957690393231
323	0.6060606060606061	1421	891	1118	570	0.7137117026619789	0.5564957690393231
324	0.6071428571428571	1421	892	1117	570	0.7137117026619789	0.5559980089596814
325	0.609375	1419	893	1116	572	0.712707182320442	0.5555002488800398
326	0.6111111111111109	1418	893	1116	573	0.7122049221496736	0.5555002488800398
327	0.6111111111111112	1415	898	1111	576	0.7106981416373681	0.5530114484818317
328	0.6122448979591837	1412	899	1110	579	0.7091913611250628	0.5525136884021902
329	0.6190476190476191	1411	902	1107	580	0.7086891009542943	0.5510204081632653
330	0.625	1409	905	1104	582	0.7076845806127574	0.5495271279243404
331	0.6250000000000001	1399	920	1089	592	0.7026619789050729	0.5420607267297163
332	0.6285714285714286	1399	921	1088	592	0.7026619789050729	0.5415629666500746
333	0.6285714285714287	1398	921	1088	593	0.7021597187343044	0.5415629666500746
334	0.6296296296296297	1397	922	1087	594	0.7016574585635359	0.541065206570433
335	0.6333333333333333	1395	922	1087	596	0.700652938221999	0.541065206570433
336	0.6346153846153847	1392	922	1087	599	0.6991461577096936	0.541065206570433
337	0.6363636363636364	1392	923	1086	599	0.6991461577096936	0.5405674464907915
338	0.64	1392	926	1083	599	0.6991461577096936	0.5390741662518665
339	0.6428571428571428	1387	927	1082	604	0.6966348568558514	0.538576406172225
340	0.6428571428571429	1386	930	1079	605	0.6961325966850829	0.5370831259333001
341	0.6481481481481481	1379	937	1072	612	0.6926167754897037	0.5335988053758088
342	0.65	1379	938	1071	612	0.6926167754897037	0.5331010452961672
343	0.6530612244897959	1371	939	1070	620	0.688598694123556	0.5326032852165257
344	0.65625	1371	940	1069	620	0.688598694123556	0.532105525136884
345	0.6571428571428571	1371	941	1068	620	0.688598694123556	0.5316077650572424
346	0.66	1368	941	1068	623	0.6870919136112507	0.5316077650572424
347	0.6666666666666666	1367	941	1068	624	0.6865896534404822	0.5316077650572424
348	0.6666666666666667	1338	979	1030	653	0.6720241084881969	0.5126928820308612
349	0.6749999999999999	1332	985	1024	659	0.6690105474635861	0.5097063215530114
350	0.675	1331	987	1022	660	0.6685082872928176	0.5087108013937283
351	0.6785714285714286	1331	989	1020	660	0.6685082872928176	0.507715281234445
352	0.6799999999999999	1328	989	1020	663	0.6670015067805123	0.507715281234445
353	0.6818181818181818	1327	989	1020	664	0.6664992466097438	0.507715281234445
354	0.6818181818181819	1327	991	1018	664	0.6664992466097438	0.5067197610751618
355	0.6857142857142856	1326	992	1017	665	0.6659969864389754	0.5062220009955202
356	0.6857142857142857	1326	994	1015	665	0.6659969864389754	0.5052264808362369
357	0.6875	1325	1001	1008	666	0.6654947262682069	0.5017421602787456
358	0.6909090909090909	1322	1006	1003	669	0.6639879457559016	0.4992533598805376
359	0.6938775510204082	1321	1006	1003	670	0.6634856855851331	0.4992533598805376
360	0.6944444444444444	1320	1006	1003	671	0.6629834254143646	0.4992533598805376
361	0.6944444444444445	1319	1006	1003	672	0.6624811652435962	0.4992533598805376
362	0.696969696969697	1319	1008	1001	672	0.6624811652435962	0.49825783972125437
363	0.6984126984126984	1318	1008	1001	673	0.6619789050728278	0.49825783972125437
364	0.7	1317	1008	1001	674	0.6614766449020593	0.49825783972125437
365	0.7000000000000001	1307	1015	994	684	0.6564540431943747	0.49477351916376305
366	0.7083333333333334	1305	1018	991	686	0.6554495228528378	0.49328023892483824
367	0.7090909090909091	1298	1019	990	693	0.6519337016574586	0.4927824788451966
368	0.7142857142857143	1297	1019	990	694	0.6514314414866901	0.4927824788451966
369	0.71875	1286	1033	976	705	0.645906579608237	0.485813837730214
370	0.72	1285	1033	976	706	0.6454043194374686	0.485813837730214
371	0.7222222222222222	1282	1037	972	709	0.6438975389251632	0.4838227974116476
372	0.7272727272727272	1278	1041	968	713	0.6418884982420894	0.4818317570930811
373	0.7272727272727273	1277	1041	968	714	0.6413862380713209	0.4818317570930811
374	0.7291666666666667	1275	1044	965	716	0.640381717729784	0.4803384768541563
375	0.7333333333333333	1275	1045	964	716	0.640381717729784	0.4798407167745147
376	0.7333333333333334	1269	1047	962	722	0.6373681567051733	0.47884519661523145
377	0.7346938775510203	1268	1049	960	723	0.6368658965344048	0.4778496764559482
378	0.7346938775510204	1268	1050	959	723	0.6368658965344048	0.47735191637630664
379	0.7407407407407407	1267	1050	959	724	0.6363636363636364	0.47735191637630664
380	0.7407407407407408	1267	1051	958	724	0.6363636363636364	0.476854156296665
381	0.7428571428571429	1266	1052	957	725	0.6358613761928679	0.4763563962170234
382	0.75	1264	1052	957	727	0.634856855851331	0.4763563962170234
383	0.7619047619047619	1239	1084	925	752	0.6223003515821195	0.4604280736684918
384	0.7666666666666667	1235	1092	917	756	0.6202913108990457	0.4564459930313589
385	0.7692307692307693	1235	1093	916	756	0.6202913108990457	0.45594823295171727
386	0.7714285714285714	1235	1094	915	756	0.6202913108990457	0.4554504728720757
387	0.7714285714285715	1235	1096	913	756	0.6202913108990457	0.45445495271279246
388	0.7727272727272727	1234	1096	913	757	0.6197890507282773	0.45445495271279246
389	0.7777777777777778	1233	1096	913	758	0.6192867905575088	0.45445495271279246
390	0.7792207792207791	1229	1105	904	762	0.617277749874435	0.4499751119960179
391	0.78125	1228	1105	904	763	0.6167754897036665	0.4499751119960179
392	0.7857142857142856	1227	1105	904	764	0.6162732295328981	0.4499751119960179
393	0.7857142857142857	1225	1107	902	766	0.6152687091913611	0.4489795918367347
394	0.7875000000000001	1216	1109	900	775	0.610748367654445	0.44798407167745147
395	0.7916666666666666	1215	1109	900	776	0.6102461074836766	0.44798407167745147
396	0.7959183673469388	1210	1110	899	781	0.6077348066298343	0.4474863115978099
397	0.7999999999999999	1209	1111	898	782	0.6072325464590658	0.44698855151816824
398	0.8	1204	1119	890	787	0.6047212456052236	0.44300647088103534
399	0.8020833333333334	1182	1137	872	809	0.5936715218483174	0.4340467894474863
400	0.8095238095238094	1181	1137	872	810	0.593169261677549	0.4340467894474863
401	0.8095238095238095	1179	1137	872	812	0.592164741336012	0.4340467894474863
402	0.8125	1178	1137	872	813	0.5916624811652436	0.4340467894474863
403	0.8148148148148149	1175	1139	870	816	0.5901557006529382	0.4330512692882031
404	0.8163265306122449	1174	1139	870	817	0.5896534404821697	0.4330512692882031
405	0.8181818181818182	1172	1140	869	819	0.5886489201406329	0.43255350920856145
406	0.8205128205128205	1172	1142	867	819	0.5886489201406329	0.4315579890492782
407	0.8214285714285714	1172	1143	866	819	0.5886489201406329	0.43106022896963664
408	0.825	1171	1143	866	820	0.5881466599698644	0.43106022896963664
409	0.8250000000000001	1171	1144	865	820	0.5881466599698644	0.430562468889995
410	0.8307692307692307	1169	1144	865	822	0.5871421396283275	0.430562468889995
411	0.8333333333333333	1168	1144	865	823	0.586639879457559	0.430562468889995
412	0.8333333333333334	1166	1145	864	825	0.585635359116022	0.4300647088103534
413	0.8399999999999999	1155	1161	848	836	0.580110497237569	0.4221005475360876
414	0.8400000000000001	1154	1161	848	837	0.5796082370668006	0.4221005475360876
415	0.84375	1153	1161	848	838	0.5791059768960322	0.4221005475360876
416	0.8484848484848485	1153	1162	847	838	0.5791059768960322	0.42160278745644597
417	0.85	1153	1163	846	838	0.5791059768960322	0.4211050273768044
418	0.8571428571428571	1149	1164	845	842	0.5770969362129583	0.42060726729716275
419	0.8571428571428572	1145	1180	829	846	0.5750878955298845	0.41264310602289694
420	0.8666666666666666	1142	1182	827	849	0.5735811150175791	0.4116475858636137
421	0.8666666666666667	1140	1184	825	851	0.5725765946760422	0.4106520657043305
422	0.8727272727272727	1137	1184	825	854	0.5710698141637368	0.4106520657043305
423	0.873015873015873	1136	1184	825	855	0.5705675539929683	0.4106520657043305
424	0.8730158730158731	1135	1184	825	856	0.5700652938222	0.4106520657043305
425	0.875	1134	1184	825	857	0.5695630336514315	0.4106520657043305
426	0.8750000000000001	1123	1192	817	868	0.5640381717729784	0.4066699850671976
427	0.879120879120879	1122	1193	816	869	0.56353591160221	0.406172224987556
428	0.8800000000000001	1121	1193	816	870	0.5630336514314415	0.406172224987556
429	0.8888888888888888	1120	1194	815	871	0.562531391260673	0.40567446490791437
430	0.8888888888888891	1108	1204	805	883	0.5565042692114516	0.40069686411149824
431	0.8999999999999999	1108	1206	803	883	0.5565042692114516	0.399701343952215
432	0.9	1108	1210	799	883	0.5565042692114516	0.39771030363364857
433	0.9027777777777778	1104	1217	792	887	0.5544952285283777	0.3942259830761573
434	0.9047619047619048	1104	1218	791	887	0.5544952285283777	0.39372822299651566
435	0.9090909090909092	1101	1218	791	890	0.5529884480160723	0.39372822299651566
436	0.9107142857142856	1098	1218	791	893	0.5514816675037669	0.39372822299651566
437	0.9142857142857144	1097	1218	791	894	0.5509794073329984	0.39372822299651566
438	0.9166666666666666	1095	1220	789	896	0.5499748869914616	0.39273270283723244
439	0.9183673469387754	1086	1225	784	905	0.5454545454545454	0.3902439024390244
440	0.92	1085	1225	784	906	0.544952285283777	0.3902439024390244
441	0.923076923076923	1084	1225	784	907	0.5444500251130086	0.3902439024390244
442	0.9259259259259259	1084	1226	783	907	0.5444500251130086	0.38974614235938276
443	0.925925925925926	1083	1228	781	908	0.5439477649422401	0.38875062220009954
444	0.9285714285714286	1083	1229	780	908	0.5439477649422401	0.38825286212045795
445	0.9333333333333332	1082	1230	779	909	0.5434455047714716	0.3877551020408163
446	0.9375	1077	1237	772	914	0.5409342039176294	0.38427078148332505
447	0.9428571428571428	1071	1240	769	920	0.5379206428930186	0.3827775012444002
448	0.9444444444444444	1070	1242	767	921	0.5374183827222502	0.38178198108511696
449	0.9454545454545455	1067	1243	766	924	0.5359116022099447	0.3812842210054754
450	0.95	1066	1244	765	925	0.5354093420391763	0.38078646092583374
451	0.9523809523809524	1064	1244	765	927	0.5344048216976394	0.38078646092583374
452	0.9545454545454546	1064	1249	760	927	0.5344048216976394	0.3782976605276257
453	0.96	1063	1249	760	928	0.5339025615268709	0.3782976605276257
454	0.9629629629629628	1061	1249	760	930	0.532898041185334	0.3782976605276257
455	0.9642857142857142	1060	1250	759	931	0.5323957810145655	0.37779990044798406
456	0.9642857142857144	1059	1250	759	932	0.531893520843797	0.37779990044798406
457	0.9714285714285712	1059	1251	758	932	0.531893520843797	0.3773021403683425
458	0.9714285714285714	1057	1251	758	934	0.5308890005022602	0.3773021403683425
459	0.9722222222222224	1057	1252	757	934	0.5308890005022602	0.37680438028870084
460	0.975	1056	1253	756	935	0.5303867403314917	0.37630662020905925
461	0.9795918367346936	1056	1256	753	935	0.5303867403314917	0.3748133399701344
462	0.981818181818182	1055	1256	753	936	0.5298844801607232	0.3748133399701344
463	0.9821428571428572	1054	1256	753	937	0.5293822199899548	0.3748133399701344
464	1.0	1053	1256	753	938	0.5288799598191863	0.3748133399701344
465	1.015625	1009	1305	704	982	0.5067805123053741	0.3504230960676954
466	1.017857142857143	1009	1306	703	982	0.5067805123053741	0.34992533598805375
467	1.02	1008	1306	703	983	0.5062782521346058	0.34992533598805375
468	1.020408163265306	1007	1306	703	984	0.5057759919638373	0.34992533598805375
469	1.0285714285714285	1006	1306	703	985	0.5052737317930688	0.34992533598805375
470	1.0285714285714287	1005	1306	703	986	0.5047714716223004	0.34992533598805375
471	1.03125	1004	1309	700	987	0.5042692114515319	0.34843205574912894
472	1.037037037037037	1004	1310	699	987	0.5042692114515319	0.3479342956694873
473	1.0370370370370372	1003	1310	699	988	0.5037669512807634	0.3479342956694873
474	1.04	1003	1311	698	988	0.5037669512807634	0.3474365355898457
475	1.0416666666666667	1000	1311	698	991	0.5022601707684581	0.3474365355898457
476	1.0476190476190477	1000	1313	696	991	0.5022601707684581	0.3464410154305625
477	1.05	998	1316	693	993	0.5012556504269211	0.34494773519163763
478	1.0555555555555556	995	1318	691	996	0.49974886991461576	0.3439522150323544
479	1.0625	992	1318	691	999	0.4982420894023104	0.3439522150323544
480	1.0625000000000002	988	1318	691	1003	0.49623304871923657	0.3439522150323544
481	1.0666666666666669	987	1318	691	1004	0.4957307885484681	0.3439522150323544
482	1.0694444444444444	978	1322	687	1013	0.491210447011552	0.34196117471378795
483	1.0714285714285714	977	1322	687	1014	0.49070818684078354	0.34196117471378795
484	1.0714285714285716	971	1329	680	1020	0.4876946258161728	0.3384768541562967
485	1.0740740740740742	969	1331	678	1022	0.48669010547463587	0.33748133399701347
486	1.08	968	1331	678	1023	0.4861878453038674	0.33748133399701347
487	1.0833333333333333	968	1332	677	1023	0.4861878453038674	0.3369835739173718
488	1.0857142857142856	963	1333	676	1028	0.4836765444500251	0.33648581383773024
489	1.0909090909090908	962	1333	676	1029	0.4831742842792566	0.33648581383773024
490	1.09375	960	1334	675	1031	0.48216976393771976	0.3359880537580886
491	1.1	960	1337	672	1031	0.48216976393771976	0.3344947735191638
492	1.1020408163265307	952	1348	661	1039	0.4781516825715721	0.329019412643106
493	1.1111111111111112	951	1348	661	1040	0.4776494224008036	0.329019412643106
494	1.1142857142857143	945	1357	652	1046	0.47463586137619285	0.3245395719263315
495	1.12	943	1358	651	1048	0.47363134103465593	0.3240418118466899
496	1.125	941	1360	649	1050	0.472626820693119	0.3230462916874067
497	1.1333333333333333	928	1367	642	1063	0.46609743847312907	0.31956197112991536
498	1.1363636363636362	926	1370	639	1065	0.46509291813159215	0.31806869089099055
499	1.1428571428571428	926	1371	638	1065	0.46509291813159215	0.3175709308113489
500	1.15	915	1386	623	1076	0.4595680562531391	0.31010452961672474
501	1.1555555555555557	911	1386	623	1080	0.4575590155700653	0.31010452961672474
502	1.1666666666666667	910	1386	623	1081	0.45705675539929685	0.31010452961672474
503	1.1785714285714286	908	1398	611	1083	0.45605223505775994	0.3041314086610254
504	1.1805555555555554	907	1399	610	1084	0.45554997488699145	0.30363364858138375
505	1.1805555555555556	907	1400	609	1084	0.45554997488699145	0.30313588850174217
506	1.181818181818182	906	1400	609	1085	0.455047714716223	0.30313588850174217
507	1.1851851851851851	905	1400	609	1086	0.45454545454545453	0.30313588850174217
508	1.1875	902	1400	609	1089	0.4530386740331492	0.30313588850174217
509	1.1904761904761905	901	1400	609	1090	0.4525364138623807	0.30313588850174217
510	1.2	901	1401	608	1090	0.4525364138623807	0.3026381284221005
511	1.2000000000000002	884	1422	587	1107	0.4439979909593169	0.2921851667496267
512	1.2063492063492065	883	1426	583	1108	0.4434957307885485	0.29019412643106024
513	1.2142857142857142	881	1426	583	1110	0.44249121044701156	0.29019412643106024
514	1.21875	876	1428	581	1115	0.43997990959316924	0.289198606271777
515	1.2222222222222219	876	1429	580	1115	0.43997990959316924	0.2887008461921354
516	1.2222222222222223	875	1430	579	1116	0.4394776494224008	0.2882030861124938
517	1.2244897959183674	872	1431	578	1119	0.43797086891009546	0.28770532603285215
518	1.225	871	1431	578	1120	0.43746860873932697	0.28770532603285215
519	1.2321428571428568	871	1432	577	1120	0.43746860873932697	0.28720756595321056
520	1.238095238095238	870	1432	577	1121	0.43696634856855854	0.28720756595321056
521	1.2380952380952381	869	1433	576	1122	0.43646408839779005	0.2867098058735689
522	1.25	869	1434	575	1122	0.43646408839779005	0.28621204579392734
523	1.2500000000000002	857	1451	558	1134	0.43043696634856854	0.2777501244400199
524	1.2571428571428571	856	1452	557	1135	0.4299347061778001	0.2772523643603783
525	1.26	853	1454	555	1138	0.4284279256654947	0.2762568442010951
526	1.2666666666666666	853	1455	554	1138	0.4284279256654947	0.27575908412145345
527	1.2777777777777781	853	1456	553	1138	0.4284279256654947	0.27526132404181186
528	1.28	851	1457	552	1140	0.4274234053239578	0.2747635639621702
529	1.2857142857142856	850	1458	551	1141	0.42692114515318935	0.27426580388252864
530	1.2857142857142858	847	1463	546	1144	0.425414364640884	0.27177700348432055
531	1.2999999999999998	840	1469	540	1151	0.42189854344550476	0.26879044300647087
532	1.3	838	1470	539	1153	0.42089402310396784	0.2682926829268293
533	1.3125	829	1473	536	1162	0.41637368156705173	0.2667994026879044
534	1.3265306122448979	824	1475	534	1167	0.41386238071320947	0.2658038825286212
535	1.3333333333333333	824	1476	533	1167	0.41386238071320947	0.2653061224489796
536	1.3333333333333337	805	1497	512	1186	0.40431943746860877	0.2548531607765057
537	1.35	801	1498	511	1190	0.40231039678553493	0.25435540069686413
538	1.3571428571428572	801	1502	507	1190	0.40231039678553493	0.2523643603782977
539	1.36	800	1502	507	1191	0.40180813661476644	0.2523643603782977
540	1.3636363636363638	797	1502	507	1194	0.4003013561024611	0.2523643603782977
541	1.3714285714285714	797	1503	506	1194	0.4003013561024611	0.25186660029865604
542	1.375	795	1505	504	1196	0.3992968357609242	0.2508710801393728
543	1.3877551020408163	793	1509	500	1198	0.39829231541938726	0.24888003982080636
544	1.3888888888888888	792	1509	500	1199	0.39779005524861877	0.24888003982080636
545	1.3888888888888893	792	1510	499	1199	0.39779005524861877	0.24838227974116475
546	1.3928571428571428	791	1511	498	1200	0.39728779507785034	0.24788451966152314
547	1.392857142857143	790	1512	497	1201	0.39678553490708185	0.24738675958188153
548	1.4	789	1514	495	1202	0.3962832747363134	0.2463912394225983
549	1.40625	786	1522	487	1205	0.394776494224008	0.2424091587854654
550	1.4074074074074074	785	1524	485	1206	0.3942742340532396	0.24141363862618218
551	1.4166666666666667	783	1524	485	1208	0.39326971371170266	0.24141363862618218
552	1.425	776	1525	484	1215	0.3897538925163235	0.24091587854654056
553	1.4285714285714284	774	1525	484	1217	0.38874937217478656	0.24091587854654056
554	1.4285714285714286	774	1526	483	1217	0.38874937217478656	0.24041811846689895
555	1.4375	768	1529	480	1223	0.3857358111501758	0.2389248382279741
556	1.44	766	1529	480	1225	0.3847312908086389	0.2389248382279741
557	1.4444444444444444	762	1534	475	1229	0.38272225012556504	0.23643603782976605
558	1.4545454545454546	761	1534	475	1230	0.38221998995479656	0.23643603782976605
559	1.4583333333333337	760	1534	475	1231	0.3817177297840281	0.23643603782976605
560	1.4666666666666666	760	1536	473	1231	0.3817177297840281	0.23544051767048282
561	1.4666666666666668	759	1536	473	1232	0.3812154696132597	0.23544051767048282
562	1.4693877551020411	755	1537	472	1236	0.37920642893018586	0.2349427575908412
563	1.4814814814814816	754	1538	471	1237	0.37870416875941737	0.2344449975111996
564	1.4857142857142858	753	1539	470	1238	0.37820190858864894	0.23394723743155799
565	1.4999999999999998	752	1539	470	1239	0.37769964841788045	0.23394723743155799
566	1.5	752	1540	469	1239	0.37769964841788045	0.23344947735191637
567	1.5000000000000002	725	1567	442	1266	0.3641386238071321	0.22000995520159283
568	1.52	725	1568	441	1266	0.3641386238071321	0.21951219512195122
569	1.5238095238095235	723	1568	441	1268	0.36313410346559516	0.21951219512195122
570	1.5333333333333332	721	1569	440	1270	0.36212958312405824	0.2190144350423096
571	1.542857142857143	720	1569	440	1271	0.3616273229532898	0.2190144350423096
572	1.5454545454545454	717	1569	440	1274	0.3601205424409844	0.2190144350423096
573	1.5555555555555556	716	1569	440	1275	0.35961828227021597	0.2190144350423096
574	1.56	711	1573	436	1280	0.3571069814163737	0.21702339472374316
575	1.5625	711	1574	435	1280	0.3571069814163737	0.21652563464410154
576	1.5714285714285712	711	1577	432	1280	0.3571069814163737	0.2150323544051767
577	1.5714285714285714	710	1577	432	1281	0.3566047212456052	0.2150323544051767
578	1.575	704	1578	431	1287	0.35359116022099446	0.2145345943255351
579	1.5833333333333333	703	1578	431	1288	0.35308890005022603	0.2145345943255351
580	1.6	699	1578	431	1292	0.3510798593671522	0.2145345943255351
581	1.6071428571428572	693	1593	416	1298	0.34806629834254144	0.2070681931309109
582	1.6190476190476188	691	1593	416	1300	0.3470617780010045	0.2070681931309109
583	1.625	688	1593	416	1303	0.34555499748869917	0.2070681931309109
584	1.6285714285714283	680	1594	415	1311	0.3415369161225515	0.2065704330512693
585	1.6333333333333333	679	1594	415	1312	0.341034655951783	0.2065704330512693
586	1.6363636363636362	679	1595	414	1312	0.341034655951783	0.20607267297162768
587	1.6363636363636365	679	1596	413	1312	0.341034655951783	0.20557491289198607
588	1.6428571428571428	679	1597	412	1312	0.341034655951783	0.20507715281234445
589	1.65	678	1597	412	1313	0.3405323957810146	0.20507715281234445
590	1.6530612244897958	676	1601	408	1315	0.33952787543947766	0.203086112493778
591	1.6666666666666667	675	1601	408	1316	0.33902561526870917	0.203086112493778
592	1.666666666666667	662	1619	390	1329	0.3324962330487192	0.19412643106022898
593	1.6799999999999995	661	1619	390	1330	0.3319939728779508	0.19412643106022898
594	1.68	660	1619	390	1331	0.3314917127071823	0.19412643106022898
595	1.6800000000000002	660	1621	388	1331	0.3314917127071823	0.19313091090094575
596	1.6875	659	1621	388	1332	0.3309894525364139	0.19313091090094575
597	1.7	659	1624	385	1332	0.3309894525364139	0.1916376306620209
598	1.7037037037037035	651	1625	384	1340	0.3269713711702662	0.1911398705823793
599	1.7045454545454544	650	1625	384	1341	0.3264691109994977	0.1911398705823793
600	1.7142857142857142	650	1626	383	1341	0.3264691109994977	0.1906421105027377
601	1.7142857142857144	644	1629	380	1347	0.323455549974887	0.18914883026381285
602	1.71875	643	1629	380	1348	0.3229532898041185	0.18914883026381285
603	1.7272727272727268	642	1629	380	1349	0.3224510296333501	0.18914883026381285
604	1.7333333333333332	641	1629	380	1350	0.3219487694625816	0.18914883026381285
605	1.7333333333333334	640	1629	380	1351	0.3214465092918132	0.18914883026381285
606	1.75	640	1630	379	1351	0.3214465092918132	0.18865107018417124
607	1.7500000000000002	631	1638	371	1360	0.316926167754897	0.18466898954703834
608	1.7600000000000002	629	1639	370	1362	0.3159216474133601	0.18417122946739672
609	1.7727272727272727	628	1639	370	1363	0.31541938724259166	0.18417122946739672
610	1.7727272727272732	627	1639	370	1364	0.3149171270718232	0.18417122946739672
611	1.7777777777777777	626	1639	370	1365	0.31441486690105475	0.18417122946739672
612	1.7857142857142856	619	1641	368	1372	0.31089904570567556	0.1831757093081135
613	1.7857142857142858	618	1641	368	1373	0.31039678553490707	0.1831757093081135
614	1.7999999999999998	617	1642	367	1374	0.30989452536413864	0.1826779492284719
615	1.8	613	1644	365	1378	0.3078854846810648	0.18168242906918866
616	1.805555555555556	609	1649	360	1382	0.30587644399799097	0.1791936286709806
617	1.8095238095238089	609	1650	359	1382	0.30587644399799097	0.17869586859133899
618	1.8285714285714283	608	1650	359	1383	0.3053741838272225	0.17869586859133899
619	1.8285714285714287	607	1650	359	1384	0.30487192365645405	0.17869586859133899
620	1.8333333333333333	607	1651	358	1384	0.30487192365645405	0.17819810851169737
621	1.8367346938775508	594	1658	351	1397	0.2983425414364641	0.17471378795420608
622	1.8571428571428568	593	1658	351	1398	0.2978402812656956	0.17471378795420608
623	1.8666666666666665	591	1662	347	1400	0.2968357609241587	0.17272274763563963
624	1.8666666666666667	586	1664	345	1405	0.29432446007031643	0.1717272274763564
625	1.875	585	1664	345	1406	0.29382219989954794	0.1717272274763564
626	1.8857142857142857	577	1670	339	1414	0.2898041185334003	0.16874066699850673
627	1.8888888888888888	576	1670	339	1415	0.28930185836263184	0.16874066699850673
628	1.8888888888888893	576	1671	338	1415	0.28930185836263184	0.16824290691886512
629	1.8958333333333333	574	1671	338	1417	0.2882973380210949	0.16824290691886512
630	1.9	574	1672	337	1417	0.2882973380210949	0.1677451468392235
631	1.9047619047619049	574	1673	336	1417	0.2882973380210949	0.1672473867595819
632	1.9090909090909087	570	1677	332	1421	0.2862882973380211	0.16525634644101542
633	1.9166666666666667	568	1677	332	1423	0.28528377699648416	0.16525634644101542
634	1.92	566	1677	332	1425	0.28427925665494724	0.16525634644101542
635	1.9250000000000005	565	1677	332	1426	0.2837769964841788	0.16525634644101542
636	1.9259259259259256	565	1678	331	1426	0.2837769964841788	0.1647585863613738
637	1.9285714285714288	563	1678	331	1428	0.2827724761426419	0.1647585863613738
638	1.9333333333333331	562	1678	331	1429	0.2822702159718734	0.1647585863613738
639	1.944444444444444	561	1678	331	1430	0.281767955801105	0.1647585863613738
640	1.9444444444444444	561	1679	330	1430	0.281767955801105	0.1642608262817322
641	1.9444444444444449	560	1679	330	1431	0.2812656956303365	0.1642608262817322
642	1.95	559	1680	329	1432	0.28076343545956806	0.16376306620209058
643	1.9791666666666663	557	1681	328	1434	0.27975891511803114	0.16326530612244897
644	1.98	556	1681	328	1435	0.2792566549472627	0.16326530612244897
645	2.0	556	1682	327	1435	0.2792566549472627	0.16276754604280735
646	2.031746031746032	518	1708	301	1473	0.26017076845806125	0.14982578397212543
647	2.035714285714286	518	1709	300	1473	0.26017076845806125	0.1493280238924838
648	2.04	516	1709	300	1475	0.25916624811652433	0.1493280238924838
649	2.0571428571428574	515	1710	299	1476	0.2586639879457559	0.1488302638128422
650	2.060606060606061	512	1711	298	1479	0.25715720743345055	0.1483325037332006
651	2.0625	511	1711	298	1480	0.25665494726268206	0.1483325037332006
652	2.08	510	1713	296	1481	0.25615268709191363	0.14733698357391736
653	2.083333333333333	509	1714	295	1482	0.25565042692114515	0.14683922349427575
654	2.090909090909091	507	1716	293	1484	0.2546459065796082	0.14584370333499252
655	2.095238095238096	506	1716	293	1485	0.2541436464088398	0.14584370333499252
656	2.1	506	1717	292	1485	0.2541436464088398	0.1453459432553509
657	2.1111111111111107	503	1721	288	1488	0.2526368658965344	0.14335490293678446
658	2.125	500	1721	288	1491	0.25113008538422904	0.14335490293678446
659	2.1333333333333333	495	1721	288	1496	0.24861878453038674	0.14335490293678446
660	2.142857142857143	494	1724	285	1497	0.24811652435961828	0.14186162269785962
661	2.1428571428571432	493	1727	282	1498	0.24761426418884983	0.14036834245893479
662	2.16	490	1728	281	1501	0.24610748367654445	0.13987058237929317
663	2.1666666666666665	489	1729	280	1502	0.245605223505776	0.13937282229965156
664	2.1818181818181817	480	1730	279	1511	0.24108488196885988	0.13887506222000995
665	2.1875	478	1730	279	1513	0.24008036162732296	0.13887506222000995
666	2.2	478	1731	278	1513	0.24008036162732296	0.13837730214036834
667	2.2222222222222223	474	1734	275	1517	0.23807132094424913	0.1368840219014435
668	2.2285714285714286	471	1741	268	1520	0.23656454043194375	0.1333997013439522
669	2.24	469	1741	268	1522	0.23556002009040683	0.1333997013439522
670	2.25	469	1742	267	1522	0.23556002009040683	0.1329019412643106
671	2.2666666666666666	449	1750	259	1542	0.22551481667503767	0.1289198606271777
672	2.2857142857142856	447	1750	259	1544	0.22451029633350075	0.1289198606271777
673	2.2916666666666665	444	1750	259	1547	0.22300351582119537	0.1289198606271777
674	2.3	444	1752	257	1547	0.22300351582119537	0.12792434046789447
675	2.333333333333333	442	1752	257	1549	0.22199899547965846	0.12792434046789447
676	2.34375	430	1758	251	1561	0.21597187343043697	0.1249377799900448
677	2.357142857142857	429	1758	251	1562	0.2154696132596685	0.1249377799900448
678	2.3703703703703702	429	1760	249	1562	0.2154696132596685	0.12394225983076157
679	2.375	428	1760	249	1563	0.21496735308890005	0.12394225983076157
680	2.4	425	1760	249	1566	0.21346057257659468	0.12394225983076157
681	2.4000000000000004	414	1770	239	1577	0.20793571069814162	0.11896465903434544
682	2.4444444444444438	413	1771	238	1578	0.2074334505273732	0.11846689895470383
683	2.454545454545455	413	1772	237	1578	0.2074334505273732	0.11796913887506222
684	2.4761904761904763	413	1773	236	1578	0.2074334505273732	0.1174713787954206
685	2.5	412	1773	236	1579	0.20693119035660473	0.1174713787954206
686	2.5000000000000004	396	1784	225	1595	0.19889502762430938	0.11199601791936287
687	2.52	396	1786	223	1595	0.19889502762430938	0.11100049776007964
688	2.5277777777777777	395	1786	223	1596	0.19839276745354092	0.11100049776007964
689	2.533333333333333	395	1787	222	1596	0.19839276745354092	0.11050273768043803
690	2.5384615384615388	393	1787	222	1598	0.197388247112004	0.11050273768043803
691	2.5454545454545454	393	1788	221	1598	0.197388247112004	0.11000497760079642
692	2.55	393	1789	220	1598	0.197388247112004	0.1095072175211548
693	2.5555555555555562	393	1790	219	1598	0.197388247112004	0.10900945744151319
694	2.56	391	1790	219	1600	0.19638372677046712	0.10900945744151319
695	2.571428571428572	389	1790	219	1602	0.1953792064289302	0.10900945744151319
696	2.592592592592593	384	1792	217	1607	0.1928679055750879	0.10801393728222997
697	2.6	383	1793	216	1608	0.19236564540431944	0.10751617720258835
698	2.625	378	1796	213	1613	0.18985434455047714	0.10602289696366352
699	2.628571428571429	371	1798	211	1620	0.18633852335509793	0.10502737680438029
700	2.6388888888888893	370	1798	211	1621	0.18583626318432947	0.10502737680438029
701	2.64	369	1798	211	1622	0.18533400301356104	0.10502737680438029
702	2.6666666666666665	368	1799	210	1623	0.18483174284279258	0.10452961672473868
703	2.666666666666667	361	1807	202	1630	0.18131592164741336	0.10054753608760578
704	2.7	361	1810	199	1630	0.18131592164741336	0.09905425584868094
705	2.708333333333333	360	1811	198	1631	0.1808136614766449	0.09855649576903933
706	2.7142857142857144	360	1812	197	1631	0.1808136614766449	0.09805873568939771
707	2.72	357	1812	197	1634	0.17930688096433953	0.09805873568939771
708	2.7222222222222228	356	1812	197	1635	0.17880462079357107	0.09805873568939771
709	2.727272727272727	356	1813	196	1635	0.17880462079357107	0.0975609756097561
710	2.75	356	1814	195	1635	0.17880462079357107	0.09706321553011449
711	2.76	352	1816	193	1639	0.17679558011049723	0.09606769537083126
712	2.7777777777777777	351	1816	193	1640	0.17629331993972877	0.09606769537083126
713	2.7777777777777786	351	1817	192	1640	0.17629331993972877	0.09556993529118965
714	2.7857142857142856	351	1818	191	1640	0.17629331993972877	0.09507217521154804
715	2.8	350	1818	191	1641	0.1757910597689603	0.09507217521154804
716	2.8000000000000003	347	1822	187	1644	0.17428427925665493	0.09308113489298159
717	2.8125	346	1823	186	1645	0.1737820190858865	0.09258337481333997
718	2.833333333333333	344	1824	185	1647	0.17277749874434958	0.09208561473369836
719	2.85	340	1825	184	1651	0.17076845806127575	0.09158785465405675
720	2.8571428571428568	338	1825	184	1653	0.16976393771973883	0.09158785465405675
721	2.875	333	1827	182	1658	0.16725263686589653	0.09059233449477352
722	2.88	329	1827	182	1662	0.1652435961828227	0.09059233449477352
723	2.888888888888889	328	1827	182	1663	0.16474133601205423	0.09059233449477352
724	2.914285714285714	325	1829	180	1666	0.16323455549974886	0.0895968143354903
725	2.9166666666666665	324	1829	180	1667	0.16273229532898043	0.0895968143354903
726	2.916666666666667	323	1830	179	1668	0.16223003515821197	0.08909905425584869
727	2.933333333333333	323	1833	176	1668	0.16223003515821197	0.08760577401692385
728	2.9333333333333336	322	1833	176	1669	0.1617277749874435	0.08760577401692385
729	3.0	321	1833	176	1670	0.16122551481667505	0.08760577401692385
730	3.0000000000000004	301	1849	160	1690	0.1511803114013059	0.07964161274265803
731	3.04	300	1849	160	1691	0.15067805123053743	0.07964161274265803
732	3.0476190476190474	299	1849	160	1692	0.15017579105976897	0.07964161274265803
733	3.055555555555556	299	1850	159	1692	0.15017579105976897	0.07914385266301642
734	3.111111111111111	298	1850	159	1693	0.1496735308890005	0.07914385266301642
735	3.12	295	1850	159	1696	0.14816675037669513	0.07914385266301642
736	3.125	295	1851	158	1696	0.14816675037669513	0.07864609258337481
737	3.15	292	1851	158	1699	0.14665996986438976	0.07864609258337481
738	3.1500000000000004	291	1851	158	1700	0.1461577096936213	0.07864609258337481
739	3.1666666666666665	291	1852	157	1700	0.1461577096936213	0.0781483325037332
740	3.1875	290	1852	157	1701	0.14565544952285284	0.0781483325037332
741	3.2	288	1853	156	1703	0.14465092918131592	0.07765057242409158
742	3.208333333333333	286	1853	156	1705	0.143646408839779	0.07765057242409158
743	3.2142857142857144	286	1854	155	1705	0.143646408839779	0.07715281234444997
744	3.25	285	1854	155	1706	0.14314414866901054	0.07715281234444997
745	3.3	279	1855	154	1712	0.1401305876443998	0.07665505226480836
746	3.3000000000000003	277	1855	154	1714	0.1391260673028629	0.07665505226480836
747	3.333333333333333	277	1856	153	1714	0.1391260673028629	0.07615729218516674
748	3.3599999999999994	270	1863	146	1721	0.13561024610748368	0.07267297162767546
749	3.3600000000000003	269	1863	146	1722	0.13510798593671522	0.07267297162767546
750	3.375	268	1863	146	1723	0.13460572576594676	0.07267297162767546
751	3.4	268	1864	145	1723	0.13460572576594676	0.07217521154803384
752	3.4285714285714284	265	1864	145	1726	0.13309894525364138	0.07217521154803384
753	3.4375	263	1866	143	1728	0.13209442491210446	0.07117969138875062
754	3.466666666666667	263	1867	142	1728	0.13209442491210446	0.070681931309109
755	3.5	262	1867	142	1729	0.131592164741336	0.070681931309109
756	3.5000000000000004	256	1872	137	1735	0.12857860371672528	0.06819313091090094
757	3.5200000000000005	254	1875	134	1737	0.12757408337518836	0.0666998506719761
758	3.541666666666667	253	1875	134	1738	0.1270718232044199	0.0666998506719761
759	3.555555555555556	252	1875	134	1739	0.12656956303365144	0.0666998506719761
760	3.5625	248	1877	132	1743	0.1245605223505776	0.06570433051269288
761	3.6	247	1877	132	1744	0.12405826217980914	0.06570433051269288
762	3.6190476190476177	238	1879	130	1753	0.11953792064289302	0.06470881035340965
763	3.636363636363636	237	1879	130	1754	0.11903566047212456	0.06470881035340965
764	3.6666666666666665	237	1880	129	1754	0.11903566047212456	0.06421105027376804
765	3.7142857142857135	231	1884	125	1760	0.11602209944751381	0.06222000995520159
766	3.733333333333333	231	1885	124	1760	0.11602209944751381	0.06172224987555998
767	3.75	230	1885	124	1761	0.11551983927674535	0.06172224987555998
768	3.7777777777777777	224	1887	122	1767	0.1125062782521346	0.06072672971627675
769	3.7777777777777786	223	1887	122	1768	0.11200401808136615	0.06072672971627675
770	3.8	221	1888	121	1770	0.11099949773982923	0.06022896963663514
771	3.8333333333333335	217	1888	121	1774	0.1089904570567554	0.06022896963663514
772	3.8571428571428568	214	1888	121	1777	0.10748367654445003	0.06022896963663514
773	3.8571428571428577	214	1889	120	1777	0.10748367654445003	0.05973120955699353
774	3.9	212	1889	120	1779	0.10647915620291311	0.05973120955699353
775	3.9375	210	1890	119	1781	0.10547463586137619	0.059233449477351915
776	4.0	208	1890	119	1783	0.10447011551983927	0.059233449477351915
777	4.083333333333334	190	1904	105	1801	0.09542943244600703	0.05226480836236934
778	4.125	190	1905	104	1801	0.09542943244600703	0.051767048282727726
779	4.166666666666667	190	1907	102	1801	0.09542943244600703	0.0507715281234445
780	4.2	190	1910	99	1801	0.09542943244600703	0.04927824788451966
781	4.25	187	1912	97	1804	0.09392265193370165	0.04828272772523644
782	4.266666666666667	184	1912	97	1807	0.09241587142139629	0.04828272772523644
783	4.285714285714286	183	1913	96	1808	0.09191361125062783	0.047784967645594825
784	4.3125	182	1913	96	1809	0.09141135107985937	0.047784967645594825
785	4.333333333333333	181	1913	96	1810	0.09090909090909091	0.047784967645594825
786	4.363636363636363	174	1918	91	1817	0.0873932697137117	0.04529616724738676
787	4.375	174	1919	90	1817	0.0873932697137117	0.04479840716774515
788	4.4	171	1920	89	1820	0.08588648920140633	0.04430064708810354
789	4.4444444444444455	169	1920	89	1822	0.08488196885986941	0.04430064708810354
790	4.5	167	1922	87	1824	0.0838774485183325	0.04330512692882031
791	4.571428571428571	162	1926	83	1829	0.08136614766449021	0.041314086610253854
792	4.583333333333333	162	1927	82	1829	0.08136614766449021	0.04081632653061224
793	4.666666666666667	161	1928	81	1830	0.08086388749372175	0.04031856645097063
794	4.6875	157	1929	80	1834	0.07885484681064792	0.039820806371329016
795	4.75	156	1929	80	1835	0.07835258663987946	0.039820806371329016
796	4.8	153	1930	79	1838	0.07684580612757408	0.039323046291687404
797	4.800000000000002	150	1931	78	1841	0.07533902561526871	0.03882528621204579
798	4.857142857142857	150	1932	77	1841	0.07533902561526871	0.03832752613240418
799	4.875	149	1932	77	1842	0.07483676544450026	0.03832752613240418
800	4.8888888888888875	149	1933	76	1842	0.07483676544450026	0.037829766052762566
801	4.888888888888889	148	1933	76	1843	0.0743345052737318	0.037829766052762566
802	4.90909090909091	146	1934	75	1845	0.07332998493219488	0.03733200597312095
803	5.0	145	1934	75	1846	0.07282772476142642	0.03733200597312095
804	5.000000000000001	136	1938	71	1855	0.0683073832245103	0.0353409656545545
805	5.066666666666666	135	1941	68	1856	0.06780512305374184	0.033847685415629665
806	5.2	134	1941	68	1857	0.06730286288297338	0.033847685415629665
807	5.25	133	1941	68	1858	0.06680060271220492	0.033847685415629665
808	5.333333333333333	133	1943	66	1858	0.06680060271220492	0.03285216525634644
809	5.416666666666666	127	1947	62	1864	0.06378704168759418	0.03086112493777999
810	5.5	126	1947	62	1865	0.06328478151682572	0.03086112493777999
811	5.6	125	1948	61	1866	0.06278252134605726	0.030363364858138377
812	5.625	124	1949	60	1867	0.0622802611752888	0.029865604778496764
813	5.666666666666668	122	1950	59	1869	0.06127574083375188	0.02936784469885515
814	5.7	120	1952	57	1871	0.06027122049221497	0.028372324539571926
815	5.833333333333334	119	1952	57	1872	0.05976896032144651	0.028372324539571926
816	5.866666666666667	118	1952	57	1873	0.05926670015067805	0.028372324539571926
817	5.9375	117	1952	57	1874	0.05876443997990959	0.028372324539571926
818	5.999999999999999	117	1953	56	1874	0.05876443997990959	0.027874564459930314
819	6.0	117	1954	55	1874	0.05876443997990959	0.0273768043802887
820	6.1111111111111125	104	1962	47	1887	0.052235057759919636	0.0233947237431558
821	6.25	103	1962	47	1888	0.05173279758915118	0.0233947237431558
822	6.3	101	1964	45	1890	0.050728277247614265	0.022399203583872575
823	6.333333333333332	101	1965	44	1890	0.050728277247614265	0.021901443504230962
824	6.333333333333334	99	1965	44	1892	0.049723756906077346	0.021901443504230962
825	6.375	98	1965	44	1893	0.04922149673530889	0.021901443504230962
826	6.4	94	1965	44	1897	0.047212456052235056	0.021901443504230962
827	6.428571428571429	93	1965	44	1898	0.0467101958814666	0.021901443504230962
828	6.5	92	1966	43	1899	0.046207935710698145	0.02140368342458935
829	6.571428571428571	92	1970	39	1899	0.046207935710698145	0.019412643106022896
830	6.666666666666666	91	1970	39	1900	0.045705675539929685	0.019412643106022896
831	6.666666666666668	90	1971	38	1901	0.045203415369161226	0.018914883026381283
832	6.75	87	1973	36	1904	0.04369663485685585	0.017919362867098058
833	6.8	85	1973	36	1906	0.04269211451531894	0.017919362867098058
834	6.857142857142858	82	1973	36	1909	0.04118533400301356	0.017919362867098058
835	6.875	81	1973	36	1910	0.040683073832245106	0.017919362867098058
836	7.0	80	1973	36	1911	0.04018081366147665	0.017919362867098058
837	7.000000000000001	77	1974	35	1914	0.03867403314917127	0.017421602787456445
838	7.083333333333332	75	1974	35	1916	0.03766951280763436	0.017421602787456445
839	7.1999999999999975	74	1974	35	1917	0.0371672526368659	0.017421602787456445
840	7.2	73	1974	35	1918	0.03666499246609744	0.017421602787456445
841	7.333333333333332	70	1974	35	1921	0.03515821195379206	0.017421602787456445
842	7.5	68	1976	33	1923	0.03415369161225515	0.01642608262817322
843	7.6	63	1978	31	1928	0.03164239075841286	0.015430562468889995
844	7.666666666666668	62	1978	31	1929	0.0311401305876444	0.015430562468889995
845	7.7142857142857135	61	1978	31	1930	0.03063787041687594	0.015430562468889995
846	7.857142857142858	60	1978	31	1931	0.030135610246107485	0.015430562468889995
847	8.0	59	1978	31	1932	0.029633350075339026	0.015430562468889995
848	8.125	56	1982	27	1935	0.02812656956303365	0.013439522150323544
849	8.333333333333334	55	1982	27	1936	0.027624309392265192	0.013439522150323544
850	8.4	55	1983	26	1936	0.027624309392265192	0.012941762070681932
851	8.571428571428571	54	1985	24	1937	0.027122049221496736	0.011946241911398706
852	8.666666666666666	53	1985	24	1938	0.026619789050728277	0.011946241911398706
853	8.8	53	1986	23	1938	0.026619789050728277	0.011448481831757094
854	9.0	52	1986	23	1939	0.026117528879959818	0.011448481831757094
855	9.333333333333334	48	1987	22	1943	0.024108488196885988	0.010950721752115481
856	9.444444444444443	48	1988	21	1943	0.024108488196885988	0.010452961672473868
857	9.5	47	1988	21	1944	0.023606228026117528	0.010452961672473868
858	9.6	46	1988	21	1945	0.023103967855349072	0.010452961672473868
859	9.714285714285714	45	1988	21	1946	0.022601707684580613	0.010452961672473868
860	9.777777777777775	45	1989	20	1946	0.022601707684580613	0.009955201592832254
861	9.916666666666668	44	1989	20	1947	0.022099447513812154	0.009955201592832254
862	10.0	43	1989	20	1948	0.021597187343043698	0.009955201592832254
863	10.5	40	1994	15	1951	0.020090406830738324	0.007466401194624191
864	10.833333333333332	38	1995	14	1953	0.019085886489201405	0.006968641114982578
865	10.857142857142858	37	1995	14	1954	0.01858362631843295	0.006968641114982578
866	11.0	36	1995	14	1955	0.01808136614766449	0.006968641114982578
867	11.2	35	1997	12	1956	0.01757910597689603	0.005973120955699353
868	11.25	34	1998	11	1957	0.017076845806127575	0.0054753608760577405
869	11.428571428571427	33	2000	9	1958	0.016574585635359115	0.004479840716774514
870	11.5	32	2000	9	1959	0.01607232546459066	0.004479840716774514
871	11.571428571428573	30	2000	9	1961	0.015067805123053743	0.004479840716774514
872	11.666666666666668	29	2000	9	1962	0.014565544952285283	0.004479840716774514
873	12.0	28	2000	9	1963	0.014063284781516826	0.004479840716774514
874	12.375	26	2000	9	1965	0.013058764439979909	0.004479840716774514
875	12.5	26	2001	8	1965	0.013058764439979909	0.003982080637132902
876	13.0	25	2002	7	1966	0.012556504269211451	0.003484320557491289
877	13.333333333333336	23	2002	7	1968	0.011551983927674536	0.003484320557491289
878	13.5	22	2002	7	1969	0.011049723756906077	0.003484320557491289
879	13.714285714285715	21	2004	5	1970	0.01054746358613762	0.0024888003982080635
880	14.0	20	2004	5	1971	0.010045203415369162	0.0024888003982080635
881	15.0	18	2004	5	1973	0.009040683073832245	0.0024888003982080635
882	15.166666666666668	16	2005	4	1975	0.00803616273229533	0.001991040318566451
883	15.75	16	2006	3	1975	0.00803616273229533	0.0014932802389248383
884	16.25	15	2006	3	1976	0.007533902561526871	0.0014932802389248383
885	16.666666666666668	14	2006	3	1977	0.007031642390758413	0.0014932802389248383
886	16.916666666666668	12	2006	3	1979	0.006027122049221497	0.0014932802389248383
887	17.25	11	2006	3	1980	0.0055248618784530384	0.0014932802389248383
888	17.6	10	2006	3	1981	0.005022601707684581	0.0014932802389248383
889	18.0	9	2006	3	1982	0.0045203415369161224	0.0014932802389248383
890	18.000000000000004	8	2007	2	1983	0.004018081366147665	0.0009955201592832255
891	18.333333333333336	8	2008	1	1983	0.004018081366147665	0.0004977600796416127
892	18.666666666666668	7	2008	1	1984	0.0035158211953792064	0.0004977600796416127
893	18.75	5	2008	1	1986	0.0025113008538422904	0.0004977600796416127
894	20.0	5	2009	0	1986	0.0025113008538422904	0.0
895	21.0	4	2009	0	1987	0.0020090406830738324	0.0
896	21.666666666666664	3	2009	0	1988	0.0015067805123053742	0.0
897	29.75	2	2009	0	1989	0.0010045203415369162	0.0
898	34.0	1	2009	0	1990	0.0005022601707684581	0.0
