	ThScore	TP	TN	FP	FN	TPR	FPR
0	0.02083333333333333	1991	0	2009	0	1.0	1.0
1	0.022727272727272728	1991	1	2008	0	1.0	0.9995022399203584
2	0.023809523809523808	1991	2	2007	0	1.0	0.9990044798407167
3	0.027777777777777776	1991	3	2006	0	1.0	0.9985067197610752
4	0.028571428571428574	1990	7	2002	1	0.9994977398292315	0.9965156794425087
5	0.03333333333333333	1990	8	2001	1	0.9994977398292315	0.9960179193628671
6	0.03571428571428571	1990	13	1996	1	0.9994977398292315	0.993529118964659
7	0.037037037037037035	1990	14	1995	1	0.9994977398292315	0.9930313588850174
8	0.038461538461538464	1990	15	1994	1	0.9994977398292315	0.9925335988053758
9	0.04	1990	16	1993	1	0.9994977398292315	0.9920358387257342
10	0.04166666666666666	1990	17	1992	1	0.9994977398292315	0.9915380786460926
11	0.042857142857142864	1990	23	1986	1	0.9994977398292315	0.9885515181682429
12	0.04444444444444444	1990	24	1985	1	0.9994977398292315	0.9880537580886013
13	0.04444444444444445	1990	25	1984	1	0.9994977398292315	0.9875559980089597
14	0.045454545454545456	1990	27	1982	1	0.9994977398292315	0.9865604778496765
15	0.046875	1990	28	1981	1	0.9994977398292315	0.9860627177700348
16	0.047619047619047616	1990	31	1978	1	0.9994977398292315	0.98456943753111
17	0.05	1990	35	1974	1	0.9994977398292315	0.9825783972125436
18	0.05454545454545455	1990	45	1964	1	0.9994977398292315	0.9776007964161274
19	0.05555555555555555	1990	46	1963	1	0.9994977398292315	0.9771030363364858
20	0.05714285714285715	1990	57	1952	1	0.9994977398292315	0.971627675460428
21	0.0576923076923077	1990	62	1947	1	0.9994977398292315	0.96913887506222
22	0.06	1990	63	1946	1	0.9994977398292315	0.9686411149825784
23	0.0606060606060606	1990	64	1945	1	0.9994977398292315	0.9681433549029368
24	0.061224489795918366	1990	66	1943	1	0.9994977398292315	0.9671478347436535
25	0.0625	1990	67	1942	1	0.9994977398292315	0.966650074664012
26	0.06666666666666668	1990	77	1932	1	0.9994977398292315	0.9616724738675958
27	0.06818181818181819	1990	86	1923	1	0.9994977398292315	0.9571926331508213
28	0.07142857142857142	1990	87	1922	1	0.9994977398292315	0.9566948730711797
29	0.07407407407407407	1990	97	1912	1	0.9994977398292315	0.9517172722747635
30	0.075	1990	98	1911	1	0.9994977398292315	0.9512195121951219
31	0.07692307692307693	1990	100	1909	1	0.9994977398292315	0.9502239920358387
32	0.07936507936507936	1990	101	1908	1	0.9994977398292315	0.9497262319561971
33	0.08	1990	102	1907	1	0.9994977398292315	0.9492284718765555
34	0.08163265306122447	1990	106	1903	1	0.9994977398292315	0.947237431557989
35	0.08333333333333333	1990	108	1901	1	0.9994977398292315	0.9462419113987058
36	0.08571428571428573	1990	136	1873	1	0.9994977398292315	0.9323046291687407
37	0.08888888888888888	1990	138	1871	1	0.9994977398292315	0.9313091090094574
38	0.08888888888888889	1990	139	1870	1	0.9994977398292315	0.9308113489298159
39	0.09090909090909093	1990	141	1868	1	0.9994977398292315	0.9298158287705326
40	0.09375	1990	145	1864	1	0.9994977398292315	0.9278247884519661
41	0.09523809523809523	1990	148	1861	1	0.9994977398292315	0.9263315082130413
42	0.09615384615384616	1988	158	1851	3	0.9984932194876946	0.9213539074166252
43	0.1	1988	159	1850	3	0.9984932194876946	0.9208561473369836
44	0.10416666666666667	1986	179	1830	5	0.9974886991461577	0.9109009457441514
45	0.10714285714285714	1986	180	1829	5	0.9974886991461577	0.9104031856645097
46	0.11111111111111108	1985	186	1823	6	0.9969864389753893	0.90741662518666
47	0.1111111111111111	1985	187	1822	6	0.9969864389753893	0.9069188651070185
48	0.1142857142857143	1983	218	1791	8	0.9959819186338523	0.8914883026381284
49	0.1153846153846154	1983	219	1790	8	0.9959819186338523	0.8909905425584869
50	0.11904761904761905	1983	220	1789	8	0.9959819186338523	0.8904927824788452
51	0.12	1982	223	1786	9	0.9954796584630838	0.8889995022399204
52	0.1212121212121212	1982	225	1784	9	0.9954796584630838	0.8880039820806371
53	0.125	1982	230	1779	9	0.9954796584630838	0.885515181682429
54	0.1282051282051282	1980	269	1740	11	0.994475138121547	0.8661025385764062
55	0.12962962962962965	1980	270	1739	11	0.994475138121547	0.8656047784967645
56	0.13333333333333333	1980	271	1738	11	0.994475138121547	0.8651070184171229
57	0.13636363636363635	1978	301	1708	13	0.99347061778001	0.8501742160278746
58	0.13636363636363638	1977	301	1708	14	0.9929683576092416	0.8501742160278746
59	0.13888888888888887	1977	302	1707	14	0.9929683576092416	0.8496764559482329
60	0.1388888888888889	1977	303	1706	14	0.9929683576092416	0.8491786958685913
61	0.14285714285714285	1976	305	1704	15	0.9924660974384731	0.8481831757093081
62	0.14583333333333334	1973	327	1682	18	0.9909593169261678	0.8372324539571926
63	0.14814814814814814	1973	328	1681	18	0.9909593169261678	0.8367346938775511
64	0.15	1973	333	1676	18	0.9909593169261678	0.834245893479343
65	0.1515151515151515	1973	352	1657	18	0.9909593169261678	0.8247884519661524
66	0.15555555555555556	1973	353	1656	18	0.9909593169261678	0.8242906918865107
67	0.15625	1972	353	1656	19	0.9904570567553993	0.8242906918865107
68	0.16	1972	356	1653	19	0.9904570567553993	0.8227974116475859
69	0.16071428571428573	1972	362	1647	19	0.9904570567553993	0.8198108511697362
70	0.16666666666666666	1970	362	1647	21	0.9894525364138623	0.8198108511697362
71	0.16666666666666669	1966	413	1596	25	0.9874434957307886	0.794425087108014
72	0.1714285714285714	1965	414	1595	26	0.9869412355600201	0.7939273270283723
73	0.17142857142857146	1965	415	1594	26	0.9869412355600201	0.7934295669487307
74	0.175	1965	416	1593	26	0.9869412355600201	0.7929318068690892
75	0.17500000000000002	1963	416	1593	28	0.9859367152184831	0.7929318068690892
76	0.17857142857142858	1963	417	1592	28	0.9859367152184831	0.7924340467894475
77	0.18055555555555555	1960	419	1590	31	0.9844299347061778	0.7914385266301642
78	0.18181818181818185	1959	419	1590	32	0.9839276745354093	0.7914385266301642
79	0.1836734693877551	1959	423	1586	32	0.9839276745354093	0.7894474863115978
80	0.1851851851851852	1958	423	1586	33	0.9834254143646409	0.7894474863115978
81	0.18571428571428567	1958	425	1584	33	0.9834254143646409	0.7884519661523146
82	0.1875	1957	425	1584	34	0.9829231541938724	0.7884519661523146
83	0.19047619047619047	1956	441	1568	35	0.982420894023104	0.7804878048780488
84	0.19444444444444445	1954	447	1562	37	0.9814163736815671	0.7775012444001991
85	0.2	1949	447	1562	42	0.9789050728277248	0.7775012444001991
86	0.2083333333333333	1943	498	1511	48	0.9758915118031141	0.7521154803384769
87	0.21428571428571427	1935	502	1507	56	0.9718734304369664	0.7501244400199104
88	0.2142857142857143	1935	516	1493	56	0.9718734304369664	0.7431557989049278
89	0.2181818181818181	1933	516	1493	58	0.9708689100954294	0.7431557989049278
90	0.2222222222222222	1932	516	1493	59	0.9703666499246609	0.7431557989049278
91	0.2307692307692308	1928	548	1461	63	0.9683576092415871	0.7272274763563962
92	0.2333333333333333	1927	548	1461	64	0.9678553490708187	0.7272274763563962
93	0.2380952380952381	1922	548	1461	69	0.9653440482169764	0.7272274763563962
94	0.24	1922	553	1456	69	0.9653440482169764	0.7247386759581882
95	0.2424242424242424	1920	558	1451	71	0.9643395278754395	0.7222498755599801
96	0.25	1919	560	1449	72	0.963837267704671	0.7212543554006968
97	0.25396825396825395	1894	626	1383	97	0.9512807634354595	0.6884021901443504
98	0.2571428571428571	1893	626	1383	98	0.9507785032646912	0.6884021901443504
99	0.2592592592592593	1893	628	1381	98	0.9507785032646912	0.6874066699850672
100	0.26	1891	628	1381	100	0.9497739829231542	0.6874066699850672
101	0.2619047619047619	1890	628	1381	101	0.9492717227523857	0.6874066699850672
102	0.26666666666666666	1889	628	1381	102	0.9487694625816173	0.6874066699850672
103	0.26785714285714285	1884	645	1364	107	0.946258161727775	0.6789447486311598
104	0.2727272727272727	1884	646	1363	107	0.946258161727775	0.6784469885515182
105	0.2727272727272728	1884	648	1361	107	0.946258161727775	0.6774514683922349
106	0.2777777777777778	1883	649	1360	108	0.9457559015570065	0.6769537083125934
107	0.28	1880	658	1351	111	0.9442491210447012	0.6724738675958188
108	0.28125	1880	659	1350	111	0.9442491210447012	0.6719761075161772
109	0.2857142857142857	1877	659	1350	114	0.9427423405323958	0.6719761075161772
110	0.2916666666666667	1867	687	1322	124	0.9377197388247112	0.658038825286212
111	0.2962962962962963	1863	688	1321	128	0.9357106981416373	0.6575410652065704
112	0.3	1862	690	1319	129	0.9352084379708689	0.6565455450472872
113	0.30000000000000004	1844	720	1289	147	0.9261677548970366	0.6416127426580388
114	0.30303030303030304	1843	728	1281	148	0.9256654947262682	0.6376306620209059
115	0.3055555555555555	1842	728	1281	149	0.9251632345554998	0.6376306620209059
116	0.3055555555555556	1840	728	1281	151	0.9241587142139628	0.6376306620209059
117	0.30612244897959184	1839	728	1281	152	0.9236564540431944	0.6376306620209059
118	0.3125	1838	728	1281	153	0.9231541938724259	0.6376306620209059
119	0.3174603174603175	1832	734	1275	159	0.9201406328478152	0.6346441015430563
120	0.3181818181818182	1831	734	1275	160	0.9196383726770467	0.6346441015430563
121	0.32	1831	735	1274	160	0.9196383726770467	0.6341463414634146
122	0.3214285714285714	1828	735	1274	163	0.9181315921647414	0.6341463414634146
123	0.32142857142857145	1828	738	1271	163	0.9181315921647414	0.6326530612244898
124	0.32653061224489793	1825	739	1270	166	0.9166248116524359	0.6321553011448482
125	0.3333333333333333	1825	740	1269	166	0.9166248116524359	0.6316575410652066
126	0.33333333333333337	1813	801	1208	178	0.9105976896032144	0.6012941762070682
127	0.3428571428571429	1808	806	1203	183	0.9080863887493722	0.5988053758088602
128	0.34375	1808	807	1202	183	0.9080863887493722	0.5983076157292185
129	0.3461538461538462	1807	807	1202	184	0.9075841285786037	0.5983076157292185
130	0.3472222222222223	1807	808	1201	184	0.9075841285786037	0.5978098556495769
131	0.35	1806	808	1201	185	0.9070818684078352	0.5978098556495769
132	0.3529411764705882	1801	809	1200	190	0.904570567553993	0.5973120955699353
133	0.3555555555555556	1801	810	1199	190	0.904570567553993	0.5968143354902937
134	0.3571428571428571	1801	811	1198	190	0.904570567553993	0.5963165754106521
135	0.35714285714285715	1801	812	1197	190	0.904570567553993	0.5958188153310104
136	0.36	1793	821	1188	198	0.9005524861878453	0.5913389746142359
137	0.3611111111111111	1790	821	1188	201	0.8990457056755399	0.5913389746142359
138	0.3636363636363637	1789	821	1188	202	0.8985434455047715	0.5913389746142359
139	0.3666666666666665	1786	822	1187	205	0.8970366649924661	0.5908412145345944
140	0.3666666666666667	1785	822	1187	206	0.8965344048216977	0.5908412145345944
141	0.3703703703703704	1784	822	1187	207	0.8960321446509292	0.5908412145345944
142	0.3714285714285713	1783	823	1186	208	0.8955298844801607	0.5903434544549527
143	0.375	1782	823	1186	209	0.8950276243093923	0.5903434544549527
144	0.3809523809523809	1771	861	1148	220	0.8895027624309392	0.5714285714285714
145	0.3888888888888889	1766	868	1141	225	0.886991461577097	0.5679442508710801
146	0.4	1761	868	1141	230	0.8844801607232546	0.5679442508710801
147	0.4090909090909091	1730	914	1095	261	0.8689100954294324	0.5450472872075659
148	0.4166666666666666	1729	914	1095	262	0.8684078352586639	0.5450472872075659
149	0.4166666666666667	1728	916	1093	263	0.8679055750878956	0.5440517670482827
150	0.4199999999999999	1710	925	1084	281	0.8588648920140632	0.5395719263315082
151	0.42424242424242425	1709	925	1084	282	0.8583626318432949	0.5395719263315082
152	0.42857142857142855	1708	925	1084	283	0.8578603716725264	0.5395719263315082
153	0.4285714285714286	1694	939	1070	297	0.850828729281768	0.5326032852165257
154	0.4375	1694	940	1069	297	0.850828729281768	0.532105525136884
155	0.4400000000000001	1688	940	1069	303	0.8478151682571572	0.532105525136884
156	0.4444444444444444	1687	940	1069	304	0.8473129080863887	0.532105525136884
157	0.4464285714285714	1674	956	1053	317	0.8407835258663988	0.5241413638626182
158	0.45	1674	957	1052	317	0.8407835258663988	0.5236436037829766
159	0.4545454545454545	1667	965	1044	324	0.8372677046710196	0.5196615231458437
160	0.4571428571428572	1667	966	1043	324	0.8372677046710196	0.519163763066202
161	0.4583333333333333	1665	967	1042	326	0.8362631843294827	0.5186660029865605
162	0.4666666666666666	1660	967	1042	331	0.8337518834756403	0.5186660029865605
163	0.4666666666666667	1657	967	1042	334	0.832245102963335	0.5186660029865605
164	0.46875	1652	967	1042	339	0.8297338021094928	0.5186660029865605
165	0.4761904761904762	1652	968	1041	339	0.8297338021094928	0.5181682429069189
166	0.4772727272727273	1646	973	1036	345	0.826720241084882	0.5156794425087108
167	0.48	1645	973	1036	346	0.8262179809141135	0.5156794425087108
168	0.5	1645	976	1033	346	0.8262179809141135	0.514186162269786
169	0.5142857142857142	1601	1074	935	390	0.8041185334003014	0.46540567446490794
170	0.5142857142857143	1599	1075	934	392	0.8031140130587644	0.4649079143852663
171	0.5208333333333334	1598	1075	934	393	0.802611752887996	0.4649079143852663
172	0.5238095238095238	1598	1076	933	393	0.802611752887996	0.4644101543056247
173	0.525	1595	1076	933	396	0.8011049723756906	0.4644101543056247
174	0.5333333333333333	1594	1076	933	397	0.8006027122049222	0.4644101543056247
175	0.5357142857142857	1581	1080	929	410	0.7940733299849322	0.46241911398705826
176	0.5416666666666666	1579	1081	928	412	0.7930688096433953	0.4619213539074166
177	0.5454545454545454	1577	1081	928	414	0.7920642893018583	0.4619213539074166
178	0.5454545454545455	1577	1082	927	414	0.7920642893018583	0.46142359382777504
179	0.55	1577	1083	926	414	0.7920642893018583	0.4609258337481334
180	0.5555555555555556	1574	1083	926	417	0.790557508789553	0.4609258337481334
181	0.5599999999999999	1568	1095	914	423	0.7875439477649422	0.45495271279243404
182	0.5625	1565	1095	914	426	0.7860371672526368	0.45495271279243404
183	0.5714285714285714	1556	1095	914	435	0.7815168257157208	0.45495271279243404
184	0.5769230769230769	1540	1106	903	451	0.7734806629834254	0.44947735191637633
185	0.5833333333333334	1539	1106	903	452	0.772978402812657	0.44947735191637633
186	0.6	1525	1109	900	466	0.7659467604218986	0.44798407167745147
187	0.6000000000000001	1501	1137	872	490	0.7538925163234556	0.4340467894474863
188	0.6111111111111109	1501	1140	869	490	0.7538925163234556	0.43255350920856145
189	0.6111111111111112	1496	1140	869	495	0.7513812154696132	0.43255350920856145
190	0.6190476190476191	1495	1140	869	496	0.7508789552988449	0.43255350920856145
191	0.625	1494	1140	869	497	0.7503766951280764	0.43255350920856145
192	0.6250000000000001	1488	1149	860	503	0.7473631341034656	0.42807366849178696
193	0.6333333333333333	1487	1150	859	504	0.7468608739326972	0.4275759084121453
194	0.64	1486	1150	859	505	0.7463586137619287	0.4275759084121453
195	0.6428571428571428	1486	1151	858	505	0.7463586137619287	0.42707814833250374
196	0.6428571428571429	1484	1157	852	507	0.7453540934203917	0.42409158785465406
197	0.65	1478	1159	850	513	0.742340532395781	0.42309606769537084
198	0.6530612244897959	1476	1159	850	515	0.7413360120542442	0.42309606769537084
199	0.66	1475	1159	850	516	0.7408337518834757	0.42309606769537084
200	0.6666666666666666	1474	1159	850	517	0.7403314917127072	0.42309606769537084
201	0.6666666666666667	1436	1236	773	555	0.7212456052235058	0.38476854156296664
202	0.6818181818181818	1433	1244	765	558	0.7197388247112004	0.38078646092583374
203	0.6875	1433	1245	764	558	0.7197388247112004	0.38028870084619215
204	0.6944444444444444	1429	1245	764	562	0.7177297840281266	0.38028870084619215
205	0.7	1429	1246	763	562	0.7177297840281266	0.3797909407665505
206	0.7000000000000001	1418	1249	760	573	0.7122049221496736	0.3782976605276257
207	0.7142857142857143	1417	1249	760	574	0.7117026619789051	0.3782976605276257
208	0.7222222222222222	1413	1263	746	578	0.7096936212958312	0.3713290194126431
209	0.7272727272727273	1412	1263	746	579	0.7091913611250628	0.3713290194126431
210	0.7333333333333333	1411	1264	745	580	0.7086891009542943	0.3708312593330015
211	0.7333333333333334	1405	1264	745	586	0.7056755399296836	0.3708312593330015
212	0.7407407407407408	1404	1264	745	587	0.7051732797589151	0.3708312593330015
213	0.7499999999999999	1403	1264	745	588	0.7046710195881467	0.3708312593330015
214	0.75	1403	1266	743	588	0.7046710195881467	0.36983573917371826
215	0.7619047619047619	1361	1310	699	630	0.6835760924158715	0.3479342956694873
216	0.7777777777777778	1357	1310	699	634	0.6815670517327976	0.3479342956694873
217	0.7857142857142857	1350	1311	698	641	0.6780512305374183	0.3474365355898457
218	0.7999999999999999	1348	1311	698	643	0.6770467101958815	0.3474365355898457
219	0.8	1345	1312	697	646	0.6755399296835761	0.3469387755102041
220	0.8125	1330	1337	672	661	0.6680060271220493	0.3344947735191638
221	0.8333333333333333	1328	1337	672	663	0.6670015067805123	0.3344947735191638
222	0.8333333333333334	1328	1341	668	663	0.6670015067805123	0.3325037332005973
223	0.8399999999999999	1304	1362	647	687	0.6549472626820693	0.32205077152812345
224	0.85	1302	1362	647	689	0.6539427423405324	0.32205077152812345
225	0.8571428571428571	1301	1362	647	690	0.6534404821697639	0.32205077152812345
226	0.8571428571428572	1292	1379	630	699	0.6489201406328479	0.313588850174216
227	0.8666666666666666	1290	1379	630	701	0.6479156202913109	0.313588850174216
228	0.875	1288	1379	630	703	0.646911099949774	0.313588850174216
229	0.8750000000000001	1282	1382	627	709	0.6438975389251632	0.3120955699352912
230	0.8800000000000001	1280	1382	627	711	0.6428930185836264	0.3120955699352912
231	0.8888888888888888	1278	1382	627	713	0.6418884982420894	0.3120955699352912
232	0.8999999999999999	1270	1387	622	721	0.6378704168759417	0.3096067695370831
233	0.9	1267	1393	616	724	0.6363636363636364	0.30662020905923343
234	0.9090909090909092	1258	1394	615	733	0.6318432948267202	0.30612244897959184
235	0.9166666666666666	1258	1395	614	733	0.6318432948267202	0.3056246888999502
236	0.9230769230769232	1255	1395	614	736	0.6303365143144148	0.3056246888999502
237	0.9285714285714286	1255	1396	613	736	0.6303365143144148	0.3051269288203086
238	0.9333333333333332	1254	1396	613	737	0.6298342541436464	0.3051269288203086
239	0.9375	1247	1397	612	744	0.6263184329482672	0.304629168740667
240	0.9523809523809524	1243	1400	609	748	0.6243093922651933	0.30313588850174217
241	0.96	1243	1403	606	748	0.6243093922651933	0.3016426082628173
242	0.9629629629629628	1241	1403	606	750	0.6233048719236565	0.3016426082628173
243	0.9642857142857142	1240	1403	606	751	0.622802611752888	0.3016426082628173
244	0.975	1239	1403	606	752	0.6223003515821195	0.3016426082628173
245	1.0	1238	1404	605	753	0.6217980914113511	0.3011448481831757
246	1.0285714285714287	1179	1496	513	812	0.592164741336012	0.25535092085614736
247	1.0370370370370372	1178	1496	513	813	0.5916624811652436	0.25535092085614736
248	1.0476190476190477	1177	1496	513	814	0.5911602209944752	0.25535092085614736
249	1.05	1174	1496	513	817	0.5896534404821697	0.25535092085614736
250	1.0555555555555556	1172	1496	513	819	0.5886489201406329	0.25535092085614736
251	1.0606060606060608	1171	1496	513	820	0.5881466599698644	0.25535092085614736
252	1.0625	1170	1496	513	821	0.5876443997990959	0.25535092085614736
253	1.0666666666666669	1168	1496	513	823	0.586639879457559	0.25535092085614736
254	1.0714285714285714	1163	1499	510	828	0.5841285786037167	0.2538576406172225
255	1.08	1161	1500	509	830	0.5831240582621798	0.2533598805375809
256	1.0833333333333333	1160	1500	509	831	0.5826217980914113	0.2533598805375809
257	1.0909090909090908	1156	1500	509	835	0.5806127574083375	0.2533598805375809
258	1.1	1155	1501	508	836	0.580110497237569	0.25286212045793927
259	1.1111111111111112	1147	1501	508	844	0.5760924158714213	0.25286212045793927
260	1.125	1134	1512	497	857	0.5695630336514315	0.24738675958188153
261	1.1333333333333333	1120	1521	488	871	0.562531391260673	0.242906918865107
262	1.1428571428571428	1118	1521	488	873	0.5615268709191361	0.242906918865107
263	1.1538461538461535	1108	1530	479	883	0.5565042692114516	0.2384270781483325
264	1.1666666666666667	1108	1531	478	883	0.5565042692114516	0.2379293180686909
265	1.1785714285714286	1083	1533	476	908	0.5439477649422401	0.23693379790940766
266	1.2	1080	1533	476	911	0.5424409844299347	0.23693379790940766
267	1.2000000000000002	1064	1550	459	927	0.5344048216976394	0.22847187655550025
268	1.21875	1063	1552	457	928	0.5339025615268709	0.22747635639621702
269	1.2222222222222219	1062	1552	457	929	0.5334003013561025	0.22747635639621702
270	1.2222222222222223	1059	1552	457	932	0.531893520843797	0.22747635639621702
271	1.2380952380952381	1058	1552	457	933	0.5313912606730287	0.22747635639621702
272	1.25	1057	1552	457	934	0.5308890005022602	0.22747635639621702
273	1.2500000000000002	1025	1569	440	966	0.5148166750376695	0.2190144350423096
274	1.2727272727272727	1022	1570	439	969	0.5133098945253641	0.218516674962668
275	1.2857142857142856	1022	1572	437	969	0.5133098945253641	0.21752115480338477
276	1.2857142857142858	1019	1573	436	972	0.5118031140130588	0.21702339472374316
277	1.3	1011	1573	436	980	0.5077850326469111	0.21702339472374316
278	1.3125	1008	1573	436	983	0.5062782521346058	0.21702339472374316
279	1.32	1005	1574	435	986	0.5047714716223004	0.21652563464410154
280	1.3333333333333333	1003	1574	435	988	0.5037669512807634	0.21652563464410154
281	1.3333333333333337	967	1604	405	1024	0.48568558513309895	0.20159283225485317
282	1.35	963	1605	404	1028	0.4836765444500251	0.20109507217521155
283	1.3636363636363638	960	1606	403	1031	0.48216976393771976	0.20059731209556994
284	1.375	959	1606	403	1032	0.4816675037669513	0.20059731209556994
285	1.3888888888888893	957	1606	403	1034	0.48066298342541436	0.20059731209556994
286	1.4	955	1607	402	1036	0.47965846308387744	0.20009955201592833
287	1.40625	942	1608	401	1049	0.4731290808638875	0.19960179193628672
288	1.41025641025641	939	1608	401	1052	0.47162230035158215	0.19960179193628672
289	1.4166666666666667	938	1608	401	1053	0.47112004018081366	0.19960179193628672
290	1.4285714285714286	937	1608	401	1054	0.47061778001004523	0.19960179193628672
291	1.44	935	1611	398	1056	0.4696132596685083	0.19810851169736188
292	1.4444444444444444	934	1611	398	1057	0.4691109994977398	0.19810851169736188
293	1.4545454545454546	932	1612	397	1059	0.4681064791562029	0.19761075161772026
294	1.4583333333333333	931	1612	397	1060	0.46760421898543447	0.19761075161772026
295	1.4583333333333337	930	1613	396	1061	0.467101958814666	0.19711299153807865
296	1.4666666666666666	929	1613	396	1062	0.46659969864389755	0.19711299153807865
297	1.4857142857142858	925	1613	396	1066	0.4645906579608237	0.19711299153807865
298	1.5	924	1613	396	1067	0.46408839779005523	0.19711299153807865
299	1.5238095238095235	885	1668	341	1106	0.4445002511300854	0.16973618715778996
300	1.5555555555555556	884	1668	341	1107	0.4439979909593169	0.16973618715778996
301	1.5625	876	1669	340	1115	0.43997990959316924	0.16923842707814835
302	1.5714285714285712	875	1670	339	1116	0.4394776494224008	0.16874066699850673
303	1.5714285714285714	874	1670	339	1117	0.4389753892516323	0.16874066699850673
304	1.6	872	1670	339	1119	0.43797086891009546	0.16874066699850673
305	1.6071428571428572	848	1681	328	1143	0.42591662481165243	0.16326530612244897
306	1.6363636363636365	847	1681	328	1144	0.425414364640884	0.16326530612244897
307	1.65	846	1681	328	1145	0.4249121044701155	0.16326530612244897
308	1.6666666666666663	843	1681	328	1148	0.42340532395781016	0.16326530612244897
309	1.6666666666666667	843	1684	325	1148	0.42340532395781016	0.16177202588352413
310	1.6875	819	1692	317	1172	0.41135107985936714	0.15778994524639123
311	1.7142857142857142	816	1692	317	1175	0.4098442993470618	0.15778994524639123
312	1.7333333333333332	811	1697	312	1180	0.40733299849321947	0.15530114484818316
313	1.75	807	1697	312	1184	0.40532395781014563	0.15530114484818316
314	1.7500000000000002	792	1698	311	1199	0.39779005524861877	0.15480338476854155
315	1.7727272727272727	790	1699	310	1201	0.39678553490708185	0.15430562468889994
316	1.7777777777777777	789	1699	310	1202	0.3962832747363134	0.15430562468889994
317	1.7857142857142858	787	1702	307	1204	0.3952787543947765	0.1528123444499751
318	1.7999999999999998	786	1702	307	1205	0.394776494224008	0.1528123444499751
319	1.8	784	1710	299	1207	0.3937719738824711	0.1488302638128422
320	1.8333333333333333	779	1710	299	1212	0.3912606730286288	0.1488302638128422
321	1.8571428571428568	767	1710	299	1224	0.3852335509794073	0.1488302638128422
322	1.8666666666666667	766	1710	299	1225	0.3847312908086389	0.1488302638128422
323	1.866666666666667	762	1711	298	1229	0.38272225012556504	0.1483325037332006
324	1.875	761	1711	298	1230	0.38221998995479656	0.1483325037332006
325	1.8888888888888893	755	1717	292	1236	0.37920642893018586	0.1453459432553509
326	1.9047619047619049	754	1717	292	1237	0.37870416875941737	0.1453459432553509
327	1.9090909090909087	753	1717	292	1238	0.37820190858864894	0.1453459432553509
328	1.9285714285714284	753	1718	291	1238	0.37820190858864894	0.1448481831757093
329	1.9444444444444444	751	1718	291	1240	0.377197388247112	0.1448481831757093
330	1.9444444444444449	749	1718	291	1242	0.3761928679055751	0.1448481831757093
331	2.0	747	1719	290	1244	0.3751883475640382	0.1443504230960677
332	2.0625	693	1775	234	1298	0.34806629834254144	0.11647585863613738
333	2.083333333333333	692	1775	234	1299	0.347564038171773	0.11647585863613738
334	2.1	691	1777	232	1300	0.3470617780010045	0.11548033847685416
335	2.125	689	1779	230	1302	0.3460572576594676	0.11448481831757093
336	2.1333333333333333	688	1779	230	1303	0.34555499748869917	0.11448481831757093
337	2.142857142857143	686	1779	230	1305	0.34455047714716225	0.11448481831757093
338	2.16	683	1781	228	1308	0.34304369663485684	0.1134892981582877
339	2.1666666666666665	682	1781	228	1309	0.3425414364640884	0.1134892981582877
340	2.1875	677	1781	228	1314	0.3400301356102461	0.1134892981582877
341	2.2	677	1782	227	1314	0.3400301356102461	0.11299153807864609
342	2.2222222222222223	671	1782	227	1320	0.3370165745856354	0.11299153807864609
343	2.25	668	1786	223	1323	0.33550979407333	0.11100049776007964
344	2.2857142857142856	653	1795	214	1338	0.3279758915118031	0.10652065704330513
345	2.333333333333333	648	1795	214	1343	0.32546459065796085	0.10652065704330513
346	2.357142857142857	634	1796	213	1357	0.3184329482672024	0.10602289696366352
347	2.363636363636364	632	1796	213	1359	0.3174284279256655	0.10602289696366352
348	2.4	631	1796	213	1360	0.316926167754897	0.10602289696366352
349	2.4285714285714284	618	1806	203	1373	0.31039678553490707	0.10104529616724739
350	2.4444444444444438	617	1806	203	1374	0.30989452536413864	0.10104529616724739
351	2.4444444444444446	608	1806	203	1383	0.3053741838272225	0.10104529616724739
352	2.4545454545454546	607	1806	203	1384	0.30487192365645405	0.10104529616724739
353	2.5	606	1806	203	1385	0.30436966348568556	0.10104529616724739
354	2.5000000000000004	582	1820	189	1409	0.2923154193872426	0.09407665505226481
355	2.5714285714285707	581	1821	188	1410	0.29181315921647416	0.0935788949726232
356	2.571428571428572	581	1824	185	1410	0.29181315921647416	0.09208561473369836
357	2.625	577	1824	185	1414	0.2898041185334003	0.09208561473369836
358	2.6666666666666665	573	1826	183	1418	0.2877950778503265	0.09109009457441514
359	2.666666666666667	548	1838	171	1443	0.27523857358111503	0.08511697361871579
360	2.7	547	1838	171	1444	0.27473631341034654	0.08511697361871579
361	2.708333333333333	546	1839	170	1445	0.2742340532395781	0.08461921353907417
362	2.727272727272727	545	1839	170	1446	0.2737317930688096	0.08461921353907417
363	2.75	544	1839	170	1447	0.2732295328980412	0.08461921353907417
364	2.7777777777777786	535	1839	170	1456	0.2687091913611251	0.08461921353907417
365	2.8	534	1839	170	1457	0.2682069311903566	0.08461921353907417
366	2.8000000000000003	528	1840	169	1463	0.26519337016574585	0.08412145345943256
367	2.8125	527	1840	169	1464	0.2646911099949774	0.08412145345943256
368	2.833333333333333	526	1840	169	1465	0.2641888498242089	0.08412145345943256
369	2.8571428571428568	524	1840	169	1467	0.263184329482672	0.08412145345943256
370	2.9090909090909087	521	1843	166	1470	0.26167754897036666	0.08262817322050771
371	2.9166666666666665	519	1843	166	1472	0.26067302862882974	0.08262817322050771
372	2.933333333333333	516	1843	166	1475	0.25916624811652433	0.08262817322050771
373	3.0	515	1843	166	1476	0.2586639879457559	0.08262817322050771
374	3.1111111111111107	464	1870	139	1527	0.23304871923656453	0.06918865107018417
375	3.111111111111111	464	1871	138	1527	0.23304871923656453	0.06869089099054256
376	3.125	461	1871	138	1530	0.23154193872425916	0.06869089099054256
377	3.1428571428571432	461	1875	134	1530	0.23154193872425916	0.0666998506719761
378	3.2	459	1875	134	1532	0.23053741838272224	0.0666998506719761
379	3.25	451	1876	133	1540	0.2265193370165746	0.06620209059233449
380	3.272727272727273	450	1876	133	1541	0.22601707684580613	0.06620209059233449
381	3.3	449	1876	133	1542	0.22551481667503767	0.06620209059233449
382	3.3000000000000003	448	1876	133	1543	0.2250125565042692	0.06620209059233449
383	3.333333333333333	447	1876	133	1544	0.22451029633350075	0.06620209059233449
384	3.375	431	1882	127	1560	0.21647413360120543	0.06321553011448482
385	3.4	424	1882	127	1567	0.21295831240582622	0.06321553011448482
386	3.4285714285714284	423	1882	127	1568	0.21245605223505776	0.06321553011448482
387	3.4666666666666663	417	1885	124	1574	0.209442491210447	0.06172224987555998
388	3.5	416	1885	124	1575	0.20894023103967854	0.06172224987555998
389	3.5000000000000004	402	1890	119	1589	0.20190858864892014	0.059233449477351915
390	3.555555555555556	400	1890	119	1591	0.20090406830738322	0.059233449477351915
391	3.571428571428572	399	1890	119	1592	0.20040180813661476	0.059233449477351915
392	3.6	398	1890	119	1593	0.1998995479658463	0.059233449477351915
393	3.636363636363636	391	1892	117	1600	0.19638372677046712	0.05823792931806869
394	3.6666666666666665	390	1892	117	1601	0.19588146659969866	0.05823792931806869
395	3.7142857142857135	377	1892	117	1614	0.18935208437970869	0.05823792931806869
396	3.75	375	1892	117	1616	0.18834756403817177	0.05823792931806869
397	3.85	370	1899	110	1621	0.18583626318432947	0.0547536087605774
398	3.8571428571428568	369	1899	110	1622	0.18533400301356104	0.0547536087605774
399	3.8571428571428577	367	1899	110	1624	0.18432948267202412	0.0547536087605774
400	3.888888888888889	366	1899	110	1625	0.18382722250125566	0.0547536087605774
401	4.0	365	1899	110	1626	0.1833249623304872	0.0547536087605774
402	4.083333333333334	321	1927	82	1670	0.16122551481667505	0.04081632653061224
403	4.166666666666667	320	1928	81	1671	0.1607232546459066	0.04031856645097063
404	4.2	319	1930	79	1672	0.16022099447513813	0.039323046291687404
405	4.285714285714286	317	1933	76	1674	0.1592164741336012	0.037829766052762566
406	4.333333333333333	315	1934	75	1676	0.1582119537920643	0.03733200597312095
407	4.375	313	1934	75	1678	0.15720743345052737	0.03733200597312095
408	4.4	311	1934	75	1680	0.15620291310899045	0.03733200597312095
409	4.4444444444444455	309	1934	75	1682	0.15519839276745354	0.03733200597312095
410	4.5	306	1934	75	1685	0.15369161225514816	0.03733200597312095
411	4.571428571428571	281	1942	67	1710	0.1411351079859367	0.03334992533598805
412	4.583333333333333	278	1942	67	1713	0.13962832747363135	0.03334992533598805
413	4.666666666666667	277	1942	67	1714	0.1391260673028629	0.03334992533598805
414	4.8	269	1943	66	1722	0.13510798593671522	0.03285216525634644
415	4.800000000000002	263	1945	64	1728	0.13209442491210446	0.031856645097063215
416	4.888888888888889	262	1945	64	1729	0.131592164741336	0.031856645097063215
417	4.909090909090909	261	1945	64	1730	0.13108990457056754	0.031856645097063215
418	5.0	260	1945	64	1731	0.13058764439979909	0.031856645097063215
419	5.000000000000001	235	1959	50	1756	0.11803114013058764	0.024888003982080638
420	5.142857142857143	234	1960	49	1757	0.11752887995981919	0.024390243902439025
421	5.2	233	1960	49	1758	0.11702661978905073	0.024390243902439025
422	5.25	232	1960	49	1759	0.11652435961828227	0.024390243902439025
423	5.333333333333333	226	1960	49	1765	0.11351079859367152	0.024390243902439025
424	5.4	210	1962	47	1781	0.10547463586137619	0.0233947237431558
425	5.416666666666666	208	1962	47	1783	0.10447011551983927	0.0233947237431558
426	5.5	206	1962	47	1785	0.10346559517830237	0.0233947237431558
427	5.5555555555555545	201	1962	47	1790	0.10095429432446007	0.0233947237431558
428	5.6	200	1962	47	1791	0.10045203415369161	0.0233947237431558
429	5.625	198	1965	44	1793	0.09944751381215469	0.021901443504230962
430	5.7142857142857135	197	1965	44	1794	0.09894525364138623	0.021901443504230962
431	6.0	196	1965	44	1795	0.09844299347061777	0.021901443504230962
432	6.25	168	1981	28	1823	0.08437970868910095	0.013937282229965157
433	6.2857142857142865	165	1982	27	1826	0.08287292817679558	0.013439522150323544
434	6.4	162	1982	27	1829	0.08136614766449021	0.013439522150323544
435	6.5	161	1982	27	1830	0.08086388749372175	0.013439522150323544
436	6.6	155	1982	27	1836	0.077850326469111	0.013439522150323544
437	6.666666666666666	152	1982	27	1839	0.07634354595680562	0.013439522150323544
438	6.666666666666668	151	1983	26	1840	0.07584128578603717	0.012941762070681932
439	6.75	139	1984	25	1852	0.06981416373681568	0.012444001991040319
440	6.875	136	1984	25	1855	0.0683073832245103	0.012444001991040319
441	7.0	135	1984	25	1856	0.06780512305374184	0.012444001991040319
442	7.000000000000001	124	1986	23	1867	0.0622802611752888	0.011448481831757094
443	7.1999999999999975	122	1986	23	1869	0.06127574083375188	0.011448481831757094
444	7.2	120	1986	23	1871	0.06027122049221497	0.011448481831757094
445	7.222222222222222	117	1986	23	1874	0.05876443997990959	0.011448481831757094
446	7.333333333333332	116	1986	23	1875	0.05826217980914113	0.011448481831757094
447	7.5	113	1986	23	1878	0.05675539929683576	0.011448481831757094
448	7.8	107	1989	20	1884	0.053741838272225013	0.009955201592832254
449	8.0	106	1989	20	1885	0.053239578101456554	0.009955201592832254
450	8.25	91	1994	15	1900	0.045705675539929685	0.007466401194624191
451	8.333333333333334	88	1994	15	1903	0.04419889502762431	0.007466401194624191
452	8.4	87	1996	13	1904	0.04369663485685585	0.006470881035340966
453	8.5	86	1996	13	1905	0.043194374686087396	0.006470881035340966
454	8.571428571428571	85	1996	13	1906	0.04269211451531894	0.006470881035340966
455	8.666666666666666	84	1996	13	1907	0.04218985434455048	0.006470881035340966
456	8.75	82	1996	13	1909	0.04118533400301356	0.006470881035340966
457	9.0	80	1996	13	1911	0.04018081366147665	0.006470881035340966
458	9.333333333333334	72	1998	11	1919	0.03616273229532898	0.0054753608760577405
459	9.5	71	2000	9	1920	0.03566047212456052	0.004479840716774514
460	9.6	70	2000	9	1921	0.03515821195379206	0.004479840716774514
461	10.0	69	2000	9	1922	0.03465595178302361	0.004479840716774514
462	10.125	62	2004	5	1929	0.0311401305876444	0.0024888003982080635
463	10.4	61	2004	5	1930	0.03063787041687594	0.0024888003982080635
464	10.5	59	2004	5	1932	0.029633350075339026	0.0024888003982080635
465	10.666666666666666	57	2005	4	1934	0.02862882973380211	0.001991040318566451
466	11.0	56	2005	4	1935	0.02812656956303365	0.001991040318566451
467	11.666666666666668	51	2005	4	1940	0.025615268709191362	0.001991040318566451
468	12.0	51	2006	3	1940	0.025615268709191362	0.0014932802389248383
469	12.5	46	2007	2	1945	0.023103967855349072	0.0009955201592832255
470	12.8	44	2008	1	1947	0.022099447513812154	0.0004977600796416127
471	13.0	43	2008	1	1948	0.021597187343043698	0.0004977600796416127
472	13.333333333333336	40	2008	1	1951	0.020090406830738324	0.0004977600796416127
473	13.5	39	2008	1	1952	0.019588146659969864	0.0004977600796416127
474	13.75	38	2008	1	1953	0.019085886489201405	0.0004977600796416127
475	14.0	37	2008	1	1954	0.01858362631843295	0.0004977600796416127
476	14.000000000000002	33	2008	1	1958	0.016574585635359115	0.0004977600796416127
477	15.0	32	2008	1	1959	0.01607232546459066	0.0004977600796416127
478	15.4	26	2008	1	1965	0.013058764439979909	0.0004977600796416127
479	15.6	25	2008	1	1966	0.012556504269211451	0.0004977600796416127
480	15.75	23	2008	1	1968	0.011551983927674536	0.0004977600796416127
481	16.0	21	2008	1	1970	0.01054746358613762	0.0004977600796416127
482	16.25	20	2008	1	1971	0.010045203415369162	0.0004977600796416127
483	16.5	19	2008	1	1972	0.009542943244600702	0.0004977600796416127
484	17.333333333333332	17	2008	1	1974	0.008538422903063787	0.0004977600796416127
485	17.5	16	2008	1	1975	0.00803616273229533	0.0004977600796416127
486	18.0	15	2008	1	1976	0.007533902561526871	0.0004977600796416127
487	19.5	13	2008	1	1978	0.0065293822199899544	0.0004977600796416127
488	20.0	12	2008	1	1979	0.006027122049221497	0.0004977600796416127
489	21.0	11	2009	0	1980	0.0055248618784530384	0.0
490	22.0	8	2009	0	1983	0.004018081366147665	0.0
491	23.8	6	2009	0	1985	0.0030135610246107484	0.0
492	26.66666666666667	5	2009	0	1986	0.0025113008538422904	0.0
493	30.0	4	2009	0	1987	0.0020090406830738324	0.0
494	31.5	3	2009	0	1988	0.0015067805123053742	0.0
495	36.0	2	2009	0	1989	0.0010045203415369162	0.0
496	50.0	1	2009	0	1990	0.0005022601707684581	0.0
