	ThScore	TP	TN	FP	FN	TPR	FPR
0	0.011904761904761904	1991	0	2009	0	1.0	1.0
1	0.014285714285714284	1991	1	2008	0	1.0	0.9995022399203584
2	0.016666666666666666	1991	2	2007	0	1.0	0.9990044798407167
3	0.018518518518518517	1991	3	2006	0	1.0	0.9985067197610752
4	0.019230769230769232	1990	3	2006	1	0.9994977398292315	0.9985067197610752
5	0.0196078431372549	1990	4	2005	1	0.9994977398292315	0.9980089596814335
6	0.02083333333333333	1990	5	2004	1	0.9994977398292315	0.9975111996017919
7	0.025	1990	6	2003	1	0.9994977398292315	0.9970134395221503
8	0.027777777777777776	1990	7	2002	1	0.9994977398292315	0.9965156794425087
9	0.028571428571428574	1990	10	1999	1	0.9994977398292315	0.9950223992035838
10	0.03125	1990	12	1997	1	0.9994977398292315	0.9940268790443006
11	0.03333333333333333	1990	13	1996	1	0.9994977398292315	0.993529118964659
12	0.03409090909090909	1990	15	1994	1	0.9994977398292315	0.9925335988053758
13	0.03571428571428571	1990	16	1993	1	0.9994977398292315	0.9920358387257342
14	0.037037037037037035	1990	19	1990	1	0.9994977398292315	0.9905425584868094
15	0.0375	1990	21	1988	1	0.9994977398292315	0.9895470383275261
16	0.038461538461538464	1990	22	1987	1	0.9994977398292315	0.9890492782478845
17	0.04	1990	23	1986	1	0.9994977398292315	0.9885515181682429
18	0.04166666666666666	1990	24	1985	1	0.9994977398292315	0.9880537580886013
19	0.04444444444444445	1990	33	1976	1	0.9994977398292315	0.9835739173718268
20	0.045454545454545456	1990	35	1974	1	0.9994977398292315	0.9825783972125436
21	0.046875	1990	37	1972	1	0.9994977398292315	0.9815828770532603
22	0.047619047619047616	1990	38	1971	1	0.9994977398292315	0.9810851169736187
23	0.05	1990	41	1968	1	0.9994977398292315	0.9795918367346939
24	0.05128205128205128	1990	49	1960	1	0.9994977398292315	0.975609756097561
25	0.051948051948051945	1990	50	1959	1	0.9994977398292315	0.9751119960179193
26	0.05357142857142857	1990	51	1958	1	0.9994977398292315	0.9746142359382778
27	0.05454545454545455	1990	53	1956	1	0.9994977398292315	0.9736187157789945
28	0.05555555555555555	1990	54	1955	1	0.9994977398292315	0.9731209556993529
29	0.05714285714285715	1990	66	1943	1	0.9994977398292315	0.9671478347436535
30	0.05882352941176471	1990	70	1939	1	0.9994977398292315	0.9651567944250871
31	0.06	1990	71	1938	1	0.9994977398292315	0.9646590343454455
32	0.0606060606060606	1990	74	1935	1	0.9994977398292315	0.9631657541065206
33	0.0625	1990	79	1930	1	0.9994977398292315	0.9606769537083126
34	0.06493506493506494	1990	85	1924	1	0.9994977398292315	0.9576903932304629
35	0.06666666666666668	1990	86	1923	1	0.9994977398292315	0.9571926331508213
36	0.06818181818181818	1989	95	1914	2	0.9989954796584631	0.9527127924340468
37	0.06818181818181819	1989	96	1913	2	0.9989954796584631	0.9522150323544052
38	0.07142857142857142	1989	97	1912	2	0.9989954796584631	0.9517172722747635
39	0.07272727272727274	1989	107	1902	2	0.9989954796584631	0.9467396714783475
40	0.07407407407407407	1989	109	1900	2	0.9989954796584631	0.9457441513190642
41	0.075	1988	114	1895	3	0.9984932194876946	0.9432553509208561
42	0.07500000000000001	1988	120	1889	3	0.9984932194876946	0.9402687904430065
43	0.07692307692307691	1988	122	1887	3	0.9984932194876946	0.9392732702837232
44	0.07692307692307693	1988	123	1886	3	0.9984932194876946	0.9387755102040817
45	0.08	1988	127	1882	3	0.9984932194876946	0.9367844698855152
46	0.08333333333333333	1988	131	1878	3	0.9984932194876946	0.9347934295669488
47	0.08571428571428573	1988	151	1858	3	0.9984932194876946	0.9248382279741165
48	0.0879120879120879	1988	153	1856	3	0.9984932194876946	0.9238427078148332
49	0.08888888888888888	1987	153	1856	4	0.9979909593169262	0.9238427078148332
50	0.08888888888888889	1987	154	1855	4	0.9979909593169262	0.9233449477351916
51	0.08928571428571429	1987	159	1850	4	0.9979909593169262	0.9208561473369836
52	0.09090909090909093	1987	161	1848	4	0.9979909593169262	0.9198606271777003
53	0.09230769230769233	1987	173	1836	4	0.9979909593169262	0.913887506222001
54	0.0925925925925926	1987	174	1835	4	0.9979909593169262	0.9133897461423593
55	0.09375	1986	174	1835	5	0.9974886991461577	0.9133897461423593
56	0.09523809523809523	1986	181	1828	5	0.9974886991461577	0.9099054255848681
57	0.09615384615384616	1986	189	1820	5	0.9974886991461577	0.9059233449477352
58	0.1	1985	189	1820	6	0.9969864389753893	0.9059233449477352
59	0.10256410256410256	1984	211	1798	7	0.9964841788046208	0.8949726231956198
60	0.10416666666666666	1984	214	1795	7	0.9964841788046208	0.8934793429566948
61	0.10416666666666667	1984	215	1794	7	0.9964841788046208	0.8929815828770533
62	0.10666666666666667	1984	216	1793	7	0.9964841788046208	0.8924838227974117
63	0.10714285714285714	1984	217	1792	7	0.9964841788046208	0.89198606271777
64	0.10989010989010987	1984	223	1786	7	0.9964841788046208	0.8889995022399204
65	0.1111111111111111	1983	223	1786	8	0.9959819186338523	0.8889995022399204
66	0.11111111111111112	1981	245	1764	10	0.9949773982923155	0.8780487804878049
67	0.11363636363636365	1981	246	1763	10	0.9949773982923155	0.8775510204081632
68	0.1142857142857143	1981	249	1760	10	0.9949773982923155	0.8760577401692384
69	0.11666666666666667	1981	254	1755	10	0.9949773982923155	0.8735689397710303
70	0.1176470588235294	1981	255	1754	10	0.9949773982923155	0.8730711796913887
71	0.11904761904761905	1981	256	1753	10	0.9949773982923155	0.8725734196117472
72	0.12	1981	257	1752	10	0.9949773982923155	0.8720756595321055
73	0.1212121212121212	1981	260	1749	10	0.9949773982923155	0.8705823792931807
74	0.12244897959183673	1981	267	1742	10	0.9949773982923155	0.8670980587356893
75	0.125	1980	268	1741	11	0.994475138121547	0.8666002986560478
76	0.12698412698412698	1978	302	1707	13	0.99347061778001	0.8496764559482329
77	0.12727272727272726	1978	303	1706	13	0.99347061778001	0.8491786958685913
78	0.12820512820512822	1976	303	1706	15	0.9924660974384731	0.8491786958685913
79	0.12987012987012986	1975	303	1706	16	0.9919638372677047	0.8491786958685913
80	0.13333333333333333	1975	304	1705	16	0.9919638372677047	0.8486809357889498
81	0.13636363636363635	1970	321	1688	21	0.9894525364138623	0.8402190144350423
82	0.13636363636363638	1970	322	1687	21	0.9894525364138623	0.8397212543554007
83	0.1388888888888889	1970	324	1685	21	0.9894525364138623	0.8387257341961175
84	0.140625	1969	326	1683	22	0.988950276243094	0.8377302140368342
85	0.14285714285714285	1969	327	1682	22	0.988950276243094	0.8372324539571926
86	0.14285714285714288	1966	351	1658	25	0.9874434957307886	0.8252862120457939
87	0.14814814814814814	1966	353	1656	25	0.9874434957307886	0.8242906918865107
88	0.15	1964	360	1649	27	0.9864389753892516	0.8208063713290195
89	0.1515151515151515	1963	377	1632	28	0.9859367152184831	0.812344449975112
90	0.15151515151515152	1963	378	1631	28	0.9859367152184831	0.8118466898954704
91	0.15384615384615385	1961	380	1629	30	0.9849321948769463	0.8108511697361872
92	0.15555555555555553	1961	387	1622	30	0.9849321948769463	0.8073668491786958
93	0.15584415584415584	1961	388	1621	30	0.9849321948769463	0.8068690890990543
94	0.15625	1961	389	1620	30	0.9849321948769463	0.8063713290194127
95	0.1590909090909091	1957	390	1619	34	0.9829231541938724	0.805873568939771
96	0.16	1955	390	1619	36	0.9819186338523355	0.805873568939771
97	0.16326530612244894	1955	393	1616	36	0.9819186338523355	0.8043802887008462
98	0.16666666666666666	1954	393	1616	37	0.9814163736815671	0.8043802887008462
99	0.16666666666666669	1951	446	1563	40	0.9799095931692616	0.7779990044798407
100	0.17142857142857146	1950	450	1559	41	0.9794073329984933	0.7760079641612743
101	0.17333333333333334	1950	454	1555	41	0.9794073329984933	0.7740169238427078
102	0.175	1949	454	1555	42	0.9789050728277248	0.7740169238427078
103	0.17500000000000002	1948	454	1555	43	0.9784028126569563	0.7740169238427078
104	0.17777777777777778	1948	455	1554	43	0.9784028126569563	0.7735191637630662
105	0.17857142857142858	1948	456	1553	43	0.9784028126569563	0.7730214036834245
106	0.18	1946	459	1550	45	0.9773982923154194	0.7715281234444997
107	0.18181818181818185	1946	460	1549	45	0.9773982923154194	0.7710303633648581
108	0.1846153846153846	1943	471	1538	48	0.9758915118031141	0.7655550024888004
109	0.1851851851851852	1942	471	1538	49	0.9753892516323456	0.7655550024888004
110	0.18571428571428567	1942	472	1537	49	0.9753892516323456	0.7650572424091587
111	0.1875	1941	472	1537	50	0.9748869914615771	0.7650572424091587
112	0.19047619047619047	1939	482	1527	52	0.9738824711200402	0.7600796416127427
113	0.1923076923076923	1937	489	1520	54	0.9728779507785033	0.7565953210552514
114	0.19230769230769232	1937	490	1519	54	0.9728779507785033	0.7560975609756098
115	0.19444444444444445	1937	492	1517	54	0.9728779507785033	0.7551020408163265
116	0.2	1937	494	1515	54	0.9728779507785033	0.7541065206570433
117	0.2037037037037037	1923	533	1476	68	0.9658463083877449	0.7346938775510204
118	0.20454545454545453	1922	533	1476	69	0.9653440482169764	0.7346938775510204
119	0.20454545454545456	1922	535	1474	69	0.9653440482169764	0.7336983573917372
120	0.2083333333333333	1921	536	1473	70	0.9648417880462079	0.7332005973120955
121	0.21212121212121213	1917	545	1464	74	0.9628327473631341	0.7287207565953211
122	0.21428571428571427	1917	546	1463	74	0.9628327473631341	0.7282229965156795
123	0.2153846153846154	1914	562	1447	77	0.9613259668508287	0.7202588352414137
124	0.2181818181818181	1914	563	1446	77	0.9613259668508287	0.719761075161772
125	0.22000000000000008	1913	563	1446	78	0.9608237066800602	0.719761075161772
126	0.2222222222222222	1912	563	1446	79	0.9603214465092919	0.719761075161772
127	0.225	1905	594	1415	86	0.9568056253139126	0.704330512692882
128	0.2272727272727273	1903	597	1412	88	0.9558011049723757	0.7028372324539572
129	0.2285714285714286	1902	599	1410	89	0.9552988448016072	0.701841712294674
130	0.2307692307692308	1901	600	1409	90	0.9547965846308388	0.7013439522150323
131	0.2333333333333333	1900	606	1403	91	0.9542943244600703	0.6983573917371827
132	0.23376623376623376	1898	607	1402	93	0.9532898041185334	0.6978596316575411
133	0.2352941176470588	1897	607	1402	94	0.952787543947765	0.6978596316575411
134	0.2380952380952381	1897	608	1401	94	0.952787543947765	0.6973618715778994
135	0.24	1897	611	1398	94	0.952787543947765	0.6958685913389746
136	0.2407407407407408	1894	619	1390	97	0.9512807634354595	0.6918865107018417
137	0.2424242424242424	1893	619	1390	98	0.9507785032646912	0.6918865107018417
138	0.2461538461538461	1892	621	1388	99	0.9502762430939227	0.6908909905425585
139	0.2469135802469136	1891	621	1388	100	0.9497739829231542	0.6908909905425585
140	0.25	1890	621	1388	101	0.9492717227523857	0.6908909905425585
141	0.2564102564102564	1873	682	1327	118	0.940733299849322	0.6605276256844201
142	0.25641025641025644	1873	683	1326	118	0.940733299849322	0.6600298656047785
143	0.2571428571428571	1873	684	1325	118	0.940733299849322	0.6595321055251369
144	0.2571428571428572	1873	685	1324	118	0.940733299849322	0.6590343454454952
145	0.25925925925925924	1872	685	1324	119	0.9402310396785535	0.6590343454454952
146	0.2592592592592593	1872	686	1323	119	0.9402310396785535	0.6585365853658537
147	0.2604166666666667	1869	686	1323	122	0.9387242591662481	0.6585365853658537
148	0.26666666666666666	1868	686	1323	123	0.9382219989954796	0.6585365853658537
149	0.26785714285714285	1859	698	1311	132	0.9337016574585635	0.6525634644101543
150	0.2692307692307692	1859	699	1310	132	0.9337016574585635	0.6520657043305127
151	0.2727272727272727	1859	700	1309	132	0.9337016574585635	0.6515679442508711
152	0.2727272727272728	1855	703	1306	136	0.9316926167754898	0.6500746640119462
153	0.275	1855	707	1302	136	0.9316926167754898	0.6480836236933798
154	0.2777777777777778	1853	707	1302	138	0.9306880964339528	0.6480836236933798
155	0.28	1846	713	1296	145	0.9271722752385736	0.6450970632155301
156	0.28125	1845	715	1294	146	0.9266700150678051	0.6441015430562469
157	0.2857142857142857	1840	718	1291	151	0.9241587142139628	0.6426082628173221
158	0.2909090909090909	1831	743	1266	160	0.9196383726770467	0.6301642608262817
159	0.2916666666666667	1831	744	1265	160	0.9196383726770467	0.6296665007466401
160	0.29411764705882354	1828	745	1264	163	0.9181315921647414	0.6291687406669985
161	0.2962962962962963	1828	746	1263	163	0.9181315921647414	0.6286709805873569
162	0.3	1826	752	1257	165	0.9171270718232044	0.6256844201095072
163	0.30000000000000004	1820	778	1231	171	0.9141135107985937	0.6127426580388253
164	0.303030303030303	1820	783	1226	171	0.9141135107985937	0.6102538576406172
165	0.30303030303030304	1820	784	1225	171	0.9141135107985937	0.6097560975609756
166	0.30612244897959184	1819	784	1225	172	0.9136112506278252	0.6097560975609756
167	0.3076923076923077	1819	785	1224	172	0.9136112506278252	0.609258337481334
168	0.3111111111111111	1818	786	1223	173	0.9131089904570567	0.6087605774016924
169	0.3116883116883117	1817	786	1223	174	0.9126067302862882	0.6087605774016924
170	0.3125	1816	786	1223	175	0.9121044701155199	0.6087605774016924
171	0.3125000000000001	1812	792	1217	179	0.910095429432446	0.6057740169238427
172	0.31428571428571433	1812	793	1216	179	0.910095429432446	0.605276256844201
173	0.31746031746031744	1811	793	1216	180	0.9095931692616775	0.605276256844201
174	0.3181818181818182	1811	795	1214	180	0.9095931692616775	0.6042807366849179
175	0.32	1810	795	1214	181	0.9090909090909091	0.6042807366849179
176	0.3214285714285714	1808	796	1213	183	0.9080863887493722	0.6037829766052762
177	0.32142857142857145	1807	797	1212	184	0.9075841285786037	0.6032852165256346
178	0.3230769230769231	1804	797	1212	187	0.9060773480662984	0.6032852165256346
179	0.3333333333333333	1803	797	1212	188	0.9055750878955299	0.6032852165256346
180	0.33333333333333337	1776	860	1149	215	0.8920140632847815	0.571926331508213
181	0.3428571428571429	1770	862	1147	221	0.8890005022601708	0.5709308113489299
182	0.35	1768	863	1146	223	0.8879959819186338	0.5704330512692882
183	0.3555555555555555	1765	865	1144	226	0.8864892014063285	0.569437531110005
184	0.3555555555555556	1765	866	1143	226	0.8864892014063285	0.5689397710303634
185	0.35714285714285715	1764	866	1143	227	0.88598694123556	0.5689397710303634
186	0.36	1757	872	1137	234	0.8824711200401808	0.5659532105525137
187	0.3636363636363637	1756	873	1136	235	0.8819688598694123	0.565455450472872
188	0.3666666666666665	1753	885	1124	238	0.880462079357107	0.5594823295171727
189	0.3666666666666667	1751	885	1124	240	0.8794575590155701	0.5594823295171727
190	0.3703703703703704	1749	885	1124	242	0.8784530386740331	0.5594823295171727
191	0.375	1745	885	1124	246	0.8764439979909593	0.5594823295171727
192	0.3809523809523809	1729	906	1103	262	0.8684078352586639	0.5490293678446988
193	0.3818181818181817	1727	909	1100	264	0.8674033149171271	0.547536087605774
194	0.3846153846153846	1726	909	1100	265	0.8669010547463586	0.547536087605774
195	0.38461538461538464	1726	911	1098	265	0.8669010547463586	0.5465405674464908
196	0.3888888888888888	1726	912	1097	265	0.8669010547463586	0.5460428073668492
197	0.3888888888888889	1726	913	1096	265	0.8669010547463586	0.5455450472872075
198	0.3928571428571429	1716	914	1095	275	0.861878453038674	0.5450472872075659
199	0.3958333333333333	1715	914	1095	276	0.8613761928679056	0.5450472872075659
200	0.4	1714	914	1095	277	0.8608739326971371	0.5450472872075659
201	0.40625	1699	955	1054	292	0.8533400301356102	0.5246391239422599
202	0.4074074074074074	1698	955	1054	293	0.8528377699648418	0.5246391239422599
203	0.4081632653061225	1697	955	1054	294	0.8523355097940734	0.5246391239422599
204	0.4090909090909091	1697	956	1053	294	0.8523355097940734	0.5241413638626182
205	0.4153846153846154	1695	959	1050	296	0.8513309894525364	0.5226480836236934
206	0.4166666666666666	1694	959	1050	297	0.850828729281768	0.5226480836236934
207	0.4166666666666667	1694	963	1046	297	0.850828729281768	0.520657043305127
208	0.42	1684	976	1033	307	0.8458061275740834	0.514186162269786
209	0.42424242424242425	1684	977	1032	307	0.8458061275740834	0.5136884021901443
210	0.42857142857142855	1682	977	1032	309	0.8448016072325465	0.5136884021901443
211	0.4285714285714286	1668	1000	1009	323	0.837769964841788	0.5022399203583873
212	0.4333333333333333	1667	1003	1006	324	0.8372677046710196	0.5007466401194625
213	0.43333333333333335	1666	1003	1006	325	0.8367654445002511	0.5007466401194625
214	0.4363636363636364	1665	1003	1006	326	0.8362631843294827	0.5007466401194625
215	0.4375	1664	1003	1006	327	0.8357609241587142	0.5007466401194625
216	0.4444444444444444	1662	1003	1006	329	0.8347564038171773	0.5007466401194625
217	0.45	1653	1022	987	338	0.8302360622802611	0.4912891986062718
218	0.4545454545454545	1644	1025	984	347	0.8257157207433451	0.4897959183673469
219	0.4545454545454546	1643	1031	978	348	0.8252134605725766	0.48680935788949725
220	0.4571428571428572	1643	1033	976	348	0.8252134605725766	0.485813837730214
221	0.4583333333333333	1643	1035	974	348	0.8252134605725766	0.4848183175709308
222	0.4615384615384616	1642	1035	974	349	0.8247112004018081	0.4848183175709308
223	0.4642857142857143	1641	1038	971	350	0.8242089402310396	0.483325037332006
224	0.4666666666666666	1640	1038	971	351	0.8237066800602713	0.483325037332006
225	0.4666666666666667	1638	1043	966	353	0.8227021597187343	0.4808362369337979
226	0.46875	1636	1045	964	355	0.8216976393771974	0.4798407167745147
227	0.4761904761904762	1634	1047	962	357	0.8206931190356604	0.47884519661523145
228	0.4772727272727273	1631	1051	958	360	0.8191863385233551	0.476854156296665
229	0.48	1630	1051	958	361	0.8186840783525866	0.476854156296665
230	0.4814814814814815	1629	1053	956	362	0.8181818181818182	0.4758586361373818
231	0.4821428571428572	1628	1053	956	363	0.8176795580110497	0.4758586361373818
232	0.4848484848484848	1627	1053	956	364	0.8171772978402813	0.4758586361373818
233	0.5	1626	1053	956	365	0.8166750376695128	0.4758586361373818
234	0.5142857142857142	1582	1131	878	409	0.7945755901557007	0.437033349925336
235	0.5185185185185186	1581	1131	878	410	0.7940733299849322	0.437033349925336
236	0.5238095238095238	1579	1131	878	412	0.7930688096433953	0.437033349925336
237	0.525	1577	1131	878	414	0.7920642893018583	0.437033349925336
238	0.5294117647058824	1576	1131	878	415	0.7915620291310899	0.437033349925336
239	0.5333333333333333	1576	1132	877	415	0.7915620291310899	0.43653558984569435
240	0.5357142857142857	1566	1136	873	425	0.7865394274234053	0.4345445495271279
241	0.5384615384615384	1565	1137	872	426	0.7860371672526368	0.4340467894474863
242	0.5384615384615385	1564	1137	872	427	0.7855349070818685	0.4340467894474863
243	0.5416666666666666	1563	1137	872	428	0.7850326469111	0.4340467894474863
244	0.5454545454545454	1561	1137	872	430	0.784028126569563	0.4340467894474863
245	0.5454545454545455	1558	1139	870	433	0.7825213460572576	0.4330512692882031
246	0.55	1556	1147	862	435	0.7815168257157208	0.4290691886510702
247	0.5538461538461539	1554	1147	862	437	0.7805123053741838	0.4290691886510702
248	0.5555555555555556	1553	1147	862	438	0.7800100452034153	0.4290691886510702
249	0.5599999999999999	1543	1160	849	448	0.7749874434957308	0.4225983076157292
250	0.5625	1542	1160	849	449	0.7744851833249623	0.4225983076157292
251	0.5666666666666667	1537	1164	845	454	0.7719738824711201	0.42060726729716275
252	0.5714285714285714	1536	1164	845	455	0.7714716223003516	0.42060726729716275
253	0.5714285714285715	1527	1181	828	464	0.7669512807634354	0.41214534594325536
254	0.5735294117647058	1527	1182	827	464	0.7669512807634354	0.4116475858636137
255	0.5769230769230769	1526	1182	827	465	0.766449020592667	0.4116475858636137
256	0.576923076923077	1526	1184	825	465	0.766449020592667	0.4106520657043305
257	0.5789473684210527	1525	1184	825	466	0.7659467604218986	0.4106520657043305
258	0.5833333333333333	1524	1184	825	467	0.7654445002511301	0.4106520657043305
259	0.5833333333333334	1524	1185	824	467	0.7654445002511301	0.4101543056246889
260	0.5925925925925926	1513	1187	822	478	0.7599196383726771	0.4091587854654057
261	0.6	1511	1187	822	480	0.7589151180311401	0.4091587854654057
262	0.6000000000000001	1486	1220	789	505	0.7463586137619287	0.39273270283723244
263	0.606060606060606	1485	1222	787	506	0.7458563535911602	0.3917371826779492
264	0.6060606060606061	1484	1223	786	507	0.7453540934203917	0.39123942259830763
265	0.6111111111111109	1483	1224	785	508	0.7448518332496233	0.390741662518666
266	0.6111111111111112	1480	1225	784	511	0.7433450527373179	0.3902439024390244
267	0.6153846153846154	1479	1225	784	512	0.7428427925665495	0.3902439024390244
268	0.625	1477	1226	783	514	0.7418382722250125	0.38974614235938276
269	0.6250000000000001	1468	1245	764	523	0.7373179306880965	0.38028870084619215
270	0.6363636363636364	1463	1245	764	528	0.7348066298342542	0.38028870084619215
271	0.6363636363636365	1462	1247	762	529	0.7343043696634857	0.3792931806869089
272	0.64	1461	1247	762	530	0.7338021094927172	0.3792931806869089
273	0.6428571428571428	1460	1247	762	531	0.7332998493219488	0.3792931806869089
274	0.6428571428571429	1460	1248	761	531	0.7332998493219488	0.3787954206072673
275	0.65	1455	1248	761	536	0.7307885484681065	0.3787954206072673
276	0.6538461538461539	1453	1248	761	538	0.7297840281265696	0.3787954206072673
277	0.65625	1452	1248	761	539	0.7292817679558011	0.3787954206072673
278	0.66	1448	1248	761	543	0.7272727272727273	0.3787954206072673
279	0.6666666666666666	1447	1248	761	544	0.7267704671019588	0.3787954206072673
280	0.6666666666666667	1410	1294	715	581	0.7081868407835259	0.3558984569437531
281	0.6749999999999999	1401	1299	710	590	0.7036664992466097	0.35340965654554507
282	0.6818181818181818	1399	1299	710	592	0.7026619789050729	0.35340965654554507
283	0.6818181818181819	1399	1300	709	592	0.7026619789050729	0.35291189646590343
284	0.6857142857142856	1399	1302	707	592	0.7026619789050729	0.3519163763066202
285	0.6857142857142857	1399	1303	706	592	0.7026619789050729	0.3514186162269786
286	0.6875	1398	1303	706	593	0.7021597187343044	0.3514186162269786
287	0.6944444444444444	1394	1303	706	597	0.7001506780512305	0.3514186162269786
288	0.7	1393	1303	706	598	0.6996484178804621	0.3514186162269786
289	0.7000000000000001	1383	1308	701	608	0.6946258161727775	0.34892981582877053
290	0.7083333333333334	1383	1309	700	608	0.6946258161727775	0.34843205574912894
291	0.7111111111111111	1382	1309	700	609	0.694123556002009	0.34843205574912894
292	0.7142857142857143	1382	1310	699	609	0.694123556002009	0.3479342956694873
293	0.72	1370	1317	692	621	0.6880964339527875	0.34444997511199604
294	0.7222222222222222	1368	1317	692	623	0.6870919136112507	0.34444997511199604
295	0.7272727272727273	1365	1317	692	626	0.6855851330989452	0.34444997511199604
296	0.7333333333333333	1362	1323	686	629	0.6840783525866398	0.34146341463414637
297	0.7333333333333334	1360	1324	685	631	0.683073832245103	0.3409656545545047
298	0.7407407407407408	1358	1324	685	633	0.682069311903566	0.3409656545545047
299	0.7424242424242424	1357	1326	683	634	0.6815670517327976	0.3399701343952215
300	0.7499999999999999	1356	1326	683	635	0.6810647915620291	0.3399701343952215
301	0.75	1356	1327	682	635	0.6810647915620291	0.3394723743155799
302	0.7575757575757576	1331	1361	648	660	0.6685082872928176	0.32254853160776503
303	0.7619047619047619	1331	1362	647	660	0.6685082872928176	0.32205077152812345
304	0.7692307692307693	1326	1364	645	665	0.6659969864389754	0.3210552513688402
305	0.7777777777777777	1325	1364	645	666	0.6654947262682069	0.3210552513688402
306	0.7777777777777778	1324	1365	644	667	0.6649924660974385	0.3205574912891986
307	0.7857142857142857	1319	1366	643	672	0.6624811652435962	0.320059731209557
308	0.7999999999999999	1315	1366	643	676	0.6604721245605224	0.320059731209557
309	0.8	1308	1369	640	683	0.6569563033651431	0.31856645097063213
310	0.8076923076923077	1288	1398	611	703	0.646911099949774	0.3041314086610254
311	0.8125	1288	1399	610	703	0.646911099949774	0.30363364858138375
312	0.8148148148148148	1285	1399	610	706	0.6454043194374686	0.30363364858138375
313	0.8166666666666667	1284	1399	610	707	0.6449020592667002	0.30363364858138375
314	0.8181818181818182	1283	1399	610	708	0.6443997990959317	0.30363364858138375
315	0.8205128205128205	1281	1401	608	710	0.6433952787543947	0.3026381284221005
316	0.8250000000000001	1280	1401	608	711	0.6428930185836264	0.3026381284221005
317	0.8333333333333333	1279	1401	608	712	0.6423907584128579	0.3026381284221005
318	0.8333333333333334	1276	1404	605	715	0.6408839779005525	0.3011448481831757
319	0.8399999999999999	1260	1425	584	731	0.6328478151682572	0.2906918865107018
320	0.84	1260	1426	583	731	0.6328478151682572	0.29019412643106024
321	0.84375	1260	1428	581	731	0.6328478151682572	0.289198606271777
322	0.8484848484848485	1257	1428	581	734	0.6313410346559518	0.289198606271777
323	0.8571428571428571	1255	1428	581	736	0.6303365143144148	0.289198606271777
324	0.8571428571428572	1242	1446	563	749	0.623807132094425	0.280238924838228
325	0.8666666666666666	1239	1447	562	752	0.6223003515821195	0.27974116475858635
326	0.875	1237	1447	562	754	0.6212958312405826	0.27974116475858635
327	0.8750000000000001	1228	1450	559	763	0.6167754897036665	0.27824788451966154
328	0.8888888888888888	1225	1450	559	766	0.6152687091913611	0.27824788451966154
329	0.8909090909090909	1218	1460	549	773	0.6117528879959819	0.2732702837232454
330	0.8928571428571429	1217	1460	549	774	0.6112506278252134	0.2732702837232454
331	0.8999999999999999	1217	1461	548	774	0.6112506278252134	0.27277252364360377
332	0.9	1212	1469	540	779	0.6087393269713711	0.26879044300647087
333	0.9047619047619048	1206	1470	539	785	0.6057257659467604	0.2682926829268293
334	0.9090909090909092	1205	1470	539	786	0.6052235057759919	0.2682926829268293
335	0.9142857142857144	1201	1474	535	790	0.6032144650929181	0.26630164260826283
336	0.9166666666666666	1199	1474	535	792	0.6022099447513812	0.26630164260826283
337	0.9166666666666669	1194	1474	535	797	0.5996986438975389	0.26630164260826283
338	0.9230769230769232	1194	1475	534	797	0.5996986438975389	0.2658038825286212
339	0.9333333333333332	1194	1476	533	797	0.5996986438975389	0.2653061224489796
340	0.9375	1188	1476	533	803	0.5966850828729282	0.2653061224489796
341	0.9428571428571428	1188	1478	531	803	0.5966850828729282	0.2643106022896964
342	0.9523809523809524	1187	1478	531	804	0.5961828227021597	0.2643106022896964
343	0.9545454545454546	1185	1478	531	806	0.5951783023606229	0.2643106022896964
344	0.96	1183	1478	531	808	0.5941737820190859	0.2643106022896964
345	0.9629629629629628	1182	1479	530	809	0.5936715218483174	0.26381284221005474
346	0.9642857142857144	1181	1479	530	810	0.593169261677549	0.26381284221005474
347	0.9722222222222222	1180	1479	530	811	0.5926670015067805	0.26381284221005474
348	0.9722222222222224	1179	1479	530	812	0.592164741336012	0.26381284221005474
349	1.0	1178	1479	530	813	0.5916624811652436	0.26381284221005474
350	1.0227272727272727	1115	1550	459	876	0.5600200904068308	0.22847187655550025
351	1.0285714285714287	1114	1550	459	877	0.5595178302360623	0.22847187655550025
352	1.03125	1113	1550	459	878	0.5590155700652938	0.22847187655550025
353	1.037037037037037	1112	1550	459	879	0.5585133098945254	0.22847187655550025
354	1.0370370370370372	1111	1551	458	880	0.5580110497237569	0.22797411647585863
355	1.0416666666666667	1109	1551	458	882	0.55700652938222	0.22797411647585863
356	1.0476190476190477	1107	1552	457	884	0.5560020090406831	0.22747635639621702
357	1.05	1102	1552	457	889	0.5534907081868408	0.22747635639621702
358	1.0666666666666669	1100	1553	456	891	0.5524861878453039	0.2269785963165754
359	1.0714285714285714	1097	1555	454	894	0.5509794073329984	0.22598307615729218
360	1.0714285714285716	1091	1560	449	900	0.5479658463083877	0.22349427575908412
361	1.08	1090	1560	449	901	0.5474635861376193	0.22349427575908412
362	1.0833333333333333	1086	1560	449	905	0.5454545454545454	0.22349427575908412
363	1.0909090909090908	1083	1561	448	908	0.5439477649422401	0.2229965156794425
364	1.1	1077	1565	444	914	0.5409342039176294	0.22100547536087606
365	1.1111111111111112	1074	1565	444	917	0.5394274234053239	0.22100547536087606
366	1.12	1064	1576	433	927	0.5344048216976394	0.21553011448481832
367	1.125	1064	1577	432	927	0.5344048216976394	0.2150323544051767
368	1.1363636363636362	1048	1584	425	943	0.526368658965344	0.21154803384768542
369	1.1428571428571428	1048	1585	424	943	0.526368658965344	0.2110502737680438
370	1.1428571428571432	1031	1590	419	960	0.5178302360622803	0.20856147336983574
371	1.1666666666666667	1030	1590	419	961	0.5173279758915118	0.20856147336983574
372	1.190476190476191	1019	1593	416	972	0.5118031140130588	0.2070681931309109
373	1.2	1017	1593	416	974	0.5107985936715218	0.2070681931309109
374	1.2000000000000002	997	1614	395	994	0.5007533902561527	0.19661523145843704
375	1.2037037037037035	996	1614	395	995	0.5002511300853842	0.19661523145843704
376	1.212121212121212	995	1614	395	996	0.49974886991461576	0.19661523145843704
377	1.2222222222222219	994	1614	395	997	0.4992466097438473	0.19661523145843704
378	1.2222222222222223	989	1614	395	1002	0.496735308890005	0.19661523145843704
379	1.2272727272727273	986	1614	395	1005	0.49522852837769965	0.19661523145843704
380	1.2307692307692308	985	1614	395	1006	0.49472626820693116	0.19661523145843704
381	1.25	984	1614	395	1007	0.49422400803616273	0.19661523145843704
382	1.2500000000000002	959	1638	371	1032	0.4816675037669513	0.18466898954703834
383	1.2692307692307694	957	1639	370	1034	0.48066298342541436	0.18417122946739672
384	1.2727272727272727	956	1639	370	1035	0.4801607232546459	0.18417122946739672
385	1.28	953	1640	369	1038	0.4786539427423405	0.1836734693877551
386	1.2857142857142856	952	1640	369	1039	0.4781516825715721	0.1836734693877551
387	1.2857142857142858	948	1644	365	1043	0.47614264188849825	0.18168242906918866
388	1.2962962962962965	946	1644	365	1045	0.47513812154696133	0.18168242906918866
389	1.3	944	1644	365	1047	0.4741336012054244	0.18168242906918866
390	1.3095238095238095	943	1644	365	1048	0.47363134103465593	0.18168242906918866
391	1.3125	940	1644	365	1051	0.4721245605223506	0.18168242906918866
392	1.32	936	1646	363	1055	0.47011551983927674	0.18068690890990544
393	1.3333333333333333	935	1646	363	1056	0.4696132596685083	0.18068690890990544
394	1.3333333333333337	908	1676	333	1083	0.45605223505775994	0.16575410652065703
395	1.346153846153846	903	1676	333	1088	0.4535409342039176	0.16575410652065703
396	1.35	903	1677	332	1088	0.4535409342039176	0.16525634644101542
397	1.3636363636363635	901	1677	332	1090	0.4525364138623807	0.16525634644101542
398	1.3636363636363638	901	1678	331	1090	0.4525364138623807	0.1647585863613738
399	1.375	901	1679	330	1090	0.4525364138623807	0.1642608262817322
400	1.3846153846153846	893	1680	329	1098	0.4485183324962331	0.16376306620209058
401	1.3888888888888888	892	1680	329	1099	0.4480160723254646	0.16376306620209058
402	1.4	891	1680	329	1100	0.44751381215469616	0.16376306620209058
403	1.40625	879	1683	326	1112	0.44148669010547464	0.16226978596316574
404	1.4166666666666667	878	1683	326	1113	0.44098442993470616	0.16226978596316574
405	1.4285714285714286	877	1683	326	1114	0.4404821697639377	0.16226978596316574
406	1.4444444444444444	868	1685	324	1123	0.4359618282270216	0.16127426580388252
407	1.4545454545454546	867	1685	324	1124	0.43545956805625313	0.16127426580388252
408	1.4583333333333333	864	1686	323	1127	0.4339527875439478	0.1607765057242409
409	1.4583333333333337	863	1686	323	1128	0.4334505273731793	0.1607765057242409
410	1.4666666666666666	862	1687	322	1129	0.43294826720241086	0.1602787456445993
411	1.4814814814814816	861	1687	322	1130	0.4324460070316424	0.1602787456445993
412	1.5	860	1687	322	1131	0.43194374686087394	0.1602787456445993
413	1.5151515151515151	832	1720	289	1159	0.4178804620793571	0.14385266301642607
414	1.5238095238095235	829	1720	289	1162	0.41637368156705173	0.14385266301642607
415	1.5454545454545454	824	1720	289	1167	0.41386238071320947	0.14385266301642607
416	1.5555555555555554	823	1720	289	1168	0.413360120542441	0.14385266301642607
417	1.5555555555555556	821	1722	287	1170	0.41235560020090406	0.14285714285714285
418	1.5625	816	1725	284	1175	0.4098442993470618	0.141363862618218
419	1.5714285714285712	815	1726	283	1176	0.4093420391762933	0.1408661025385764
420	1.5714285714285714	812	1726	283	1179	0.40783525866398795	0.1408661025385764
421	1.5909090909090908	809	1726	283	1182	0.40632847815168255	0.1408661025385764
422	1.6	809	1727	282	1182	0.40632847815168255	0.14036834245893479
423	1.6041666666666667	797	1735	274	1194	0.4003013561024611	0.13638626182180189
424	1.6071428571428572	796	1735	274	1195	0.3997990959316926	0.13638626182180189
425	1.625	793	1735	274	1198	0.39829231541938726	0.13638626182180189
426	1.6333333333333333	789	1735	274	1202	0.3962832747363134	0.13638626182180189
427	1.6363636363636365	787	1735	274	1204	0.3952787543947765	0.13638626182180189
428	1.65	784	1738	271	1207	0.3937719738824711	0.13489298158287705
429	1.6666666666666663	782	1738	271	1209	0.39276745354093423	0.13489298158287705
430	1.6666666666666667	780	1741	268	1211	0.3917629331993973	0.1333997013439522
431	1.666666666666667	761	1751	258	1230	0.38221998995479656	0.12842210054753608
432	1.68	760	1751	258	1231	0.3817177297840281	0.12842210054753608
433	1.6875	759	1751	258	1232	0.3812154696132597	0.12842210054753608
434	1.7	756	1753	256	1235	0.3797086891009543	0.12742658038825286
435	1.7142857142857142	755	1753	256	1236	0.37920642893018586	0.12742658038825286
436	1.7499999999999998	746	1761	248	1245	0.3746860873932697	0.12344449975111996
437	1.75	745	1761	248	1246	0.37418382722250126	0.12344449975111996
438	1.7500000000000002	732	1768	241	1259	0.3676544450025113	0.11996017919362867
439	1.7647058823529411	731	1769	240	1260	0.36715218483174283	0.11946241911398706
440	1.7777777777777777	731	1770	239	1260	0.36715218483174283	0.11896465903434544
441	1.7857142857142858	725	1771	238	1266	0.3641386238071321	0.11846689895470383
442	1.7999999999999998	723	1772	237	1268	0.36313410346559516	0.11796913887506222
443	1.8	716	1780	229	1275	0.35961828227021597	0.11398705823792932
444	1.818181818181818	705	1781	228	1286	0.35409342039176295	0.1134892981582877
445	1.8333333333333333	703	1781	228	1288	0.35308890005022603	0.1134892981582877
446	1.8461538461538465	699	1781	228	1292	0.3510798593671522	0.1134892981582877
447	1.851851851851852	698	1781	228	1293	0.3505775991963837	0.1134892981582877
448	1.8666666666666667	697	1781	228	1294	0.3500753390256153	0.1134892981582877
449	1.866666666666667	696	1782	227	1295	0.3495730788548468	0.11299153807864609
450	1.875	696	1783	226	1295	0.3495730788548468	0.11249377799900448
451	1.8888888888888893	687	1792	217	1304	0.3450527373179307	0.10801393728222997
452	1.9047619047619049	685	1792	217	1306	0.34404821697639376	0.10801393728222997
453	1.9090909090909087	684	1792	217	1307	0.34354595680562533	0.10801393728222997
454	1.92	682	1792	217	1309	0.3425414364640884	0.10801393728222997
455	1.9285714285714284	680	1792	217	1311	0.3415369161225515	0.10801393728222997
456	1.944444444444444	678	1792	217	1313	0.3405323957810146	0.10801393728222997
457	1.9444444444444444	677	1793	216	1314	0.3400301356102461	0.10751617720258835
458	1.9444444444444449	676	1793	216	1315	0.33952787543947766	0.10751617720258835
459	1.95	672	1793	216	1319	0.3375188347564038	0.10751617720258835
460	1.9642857142857144	671	1793	216	1320	0.3370165745856354	0.10751617720258835
461	2.0	670	1793	216	1321	0.3365143144148669	0.10751617720258835
462	2.0370370370370368	624	1828	181	1367	0.3134103465595178	0.09009457441513191
463	2.041666666666667	623	1828	181	1368	0.3129080863887494	0.09009457441513191
464	2.0454545454545454	622	1828	181	1369	0.3124058262179809	0.09009457441513191
465	2.0625	622	1829	180	1369	0.3124058262179809	0.0895968143354903
466	2.074074074074074	620	1829	180	1371	0.311401305876444	0.0895968143354903
467	2.083333333333333	619	1829	180	1372	0.31089904570567556	0.0895968143354903
468	2.1	616	1829	180	1375	0.30939226519337015	0.0895968143354903
469	2.1052631578947367	613	1833	176	1378	0.3078854846810648	0.08760577401692385
470	2.121212121212121	613	1834	175	1378	0.3078854846810648	0.08710801393728224
471	2.1333333333333333	612	1834	175	1379	0.3073832245102963	0.08710801393728224
472	2.142857142857143	611	1834	175	1380	0.3068809643395279	0.08710801393728224
473	2.1538461538461537	605	1836	173	1386	0.30386740331491713	0.08611249377799901
474	2.1666666666666665	604	1836	173	1387	0.3033651431441487	0.08611249377799901
475	2.1818181818181817	603	1836	173	1388	0.3028628829733802	0.08611249377799901
476	2.2	601	1839	170	1390	0.3018583626318433	0.08461921353907417
477	2.2222222222222223	595	1839	170	1396	0.29884480160723254	0.08461921353907417
478	2.25	589	1840	169	1402	0.2958312405826218	0.08412145345943256
479	2.2727272727272725	571	1849	160	1420	0.28679055750878957	0.07964161274265803
480	2.2857142857142856	570	1849	160	1421	0.2862882973380211	0.07964161274265803
481	2.307692307692308	563	1851	158	1428	0.2827724761426419	0.07864609258337481
482	2.333333333333333	563	1853	156	1428	0.2827724761426419	0.07765057242409158
483	2.357142857142857	551	1858	151	1440	0.2767453540934204	0.07516177202588352
484	2.3809523809523814	550	1858	151	1441	0.27624309392265195	0.07516177202588352
485	2.4	548	1858	151	1443	0.27523857358111503	0.07516177202588352
486	2.4000000000000004	529	1863	146	1462	0.26569563033651433	0.07267297162767546
487	2.4285714285714284	528	1863	146	1463	0.26519337016574585	0.07267297162767546
488	2.4375	527	1863	146	1464	0.2646911099949774	0.07267297162767546
489	2.4444444444444438	526	1863	146	1465	0.2641888498242089	0.07267297162767546
490	2.4444444444444446	524	1863	146	1467	0.263184329482672	0.07267297162767546
491	2.4545454545454546	522	1863	146	1469	0.2621798091411351	0.07267297162767546
492	2.5	521	1863	146	1470	0.26167754897036666	0.07267297162767546
493	2.5000000000000004	502	1880	129	1489	0.25213460572576596	0.06421105027376804
494	2.52	498	1880	129	1493	0.2501255650426921	0.06421105027376804
495	2.5454545454545454	497	1880	129	1494	0.24962330487192366	0.06421105027376804
496	2.5714285714285707	495	1880	129	1496	0.24861878453038674	0.06421105027376804
497	2.571428571428572	486	1884	125	1505	0.2440984429934706	0.06222000995520159
498	2.6	483	1884	125	1508	0.24259166248116523	0.06222000995520159
499	2.625	482	1884	125	1509	0.24208940231039677	0.06222000995520159
500	2.6666666666666665	472	1886	123	1519	0.2370668006027122	0.061224489795918366
501	2.666666666666667	457	1891	118	1534	0.22953289804118535	0.0587356893977103
502	2.7	456	1891	118	1535	0.2290306378704169	0.0587356893977103
503	2.727272727272727	454	1892	117	1537	0.22802611752887997	0.05823792931806869
504	2.7272727272727275	453	1892	117	1538	0.2275238573581115	0.05823792931806869
505	2.75	451	1893	116	1540	0.2265193370165746	0.05774016923842708
506	2.7692307692307696	443	1893	116	1548	0.22250125565042692	0.05774016923842708
507	2.7777777777777777	443	1894	115	1548	0.22250125565042692	0.057242409158785465
508	2.7777777777777786	443	1896	113	1548	0.22250125565042692	0.05624688899950224
509	2.7857142857142856	442	1896	113	1549	0.22199899547965846	0.05624688899950224
510	2.8	440	1896	113	1551	0.22099447513812154	0.05624688899950224
511	2.8000000000000003	436	1898	111	1555	0.21898543445504773	0.055251368840219015
512	2.8125	434	1898	111	1557	0.2179809141135108	0.055251368840219015
513	2.833333333333333	427	1898	111	1564	0.2144650929181316	0.055251368840219015
514	2.8571428571428568	426	1898	111	1565	0.21396283274736314	0.055251368840219015
515	2.88	419	1901	108	1572	0.21044701155198392	0.05375808860129418
516	2.9090909090909087	418	1901	108	1573	0.20994475138121546	0.05375808860129418
517	2.916666666666667	416	1901	108	1575	0.20894023103967854	0.05375808860129418
518	2.933333333333333	415	1901	108	1576	0.20843797086891008	0.05375808860129418
519	2.9545454545454537	413	1901	108	1578	0.2074334505273732	0.05375808860129418
520	2.9629629629629632	412	1901	108	1579	0.20693119035660473	0.05375808860129418
521	3.0	411	1901	108	1580	0.20642893018583627	0.05375808860129418
522	3.055555555555556	380	1918	91	1611	0.19085886489201406	0.04529616724738676
523	3.0769230769230766	379	1919	90	1612	0.1903566047212456	0.04479840716774515
524	3.111111111111111	378	1919	90	1613	0.18985434455047714	0.04479840716774515
525	3.125	374	1919	90	1617	0.1878453038674033	0.04479840716774515
526	3.1428571428571432	374	1920	89	1617	0.1878453038674033	0.04430064708810354
527	3.2	373	1920	89	1618	0.18734304369663485	0.04430064708810354
528	3.214285714285714	368	1921	88	1623	0.18483174284279258	0.043802887008461924
529	3.2142857142857144	367	1921	88	1624	0.18432948267202412	0.043802887008461924
530	3.25	366	1921	88	1625	0.18382722250125566	0.043802887008461924
531	3.2666666666666666	364	1921	88	1627	0.18282270215971874	0.043802887008461924
532	3.272727272727273	363	1921	88	1628	0.18232044198895028	0.043802887008461924
533	3.3	359	1921	88	1632	0.18031140130587645	0.043802887008461924
534	3.333333333333333	357	1921	88	1634	0.17930688096433953	0.043802887008461924
535	3.375	348	1929	80	1643	0.1747865394274234	0.039820806371329016
536	3.4	342	1929	80	1649	0.17177297840281266	0.039820806371329016
537	3.4285714285714284	341	1929	80	1650	0.1712707182320442	0.039820806371329016
538	3.4375	336	1937	72	1655	0.1687594173782019	0.035838725734196115
539	3.5	335	1937	72	1656	0.16825715720743345	0.035838725734196115
540	3.5000000000000004	319	1941	68	1672	0.16022099447513813	0.033847685415629665
541	3.555555555555556	318	1942	67	1673	0.15971873430436967	0.03334992533598805
542	3.571428571428572	317	1942	67	1674	0.1592164741336012	0.03334992533598805
543	3.6	317	1945	64	1674	0.1592164741336012	0.031856645097063215
544	3.636363636363636	310	1945	64	1681	0.155700652938222	0.031856645097063215
545	3.6666666666666665	307	1945	64	1684	0.15419387242591662	0.031856645097063215
546	3.7142857142857135	297	1945	64	1694	0.14917127071823205	0.031856645097063215
547	3.733333333333334	296	1945	64	1695	0.1486690105474636	0.031856645097063215
548	3.75	295	1945	64	1696	0.14816675037669513	0.031856645097063215
549	3.8095238095238098	286	1949	60	1705	0.143646408839779	0.029865604778496764
550	3.8571428571428568	285	1949	60	1706	0.14314414866901054	0.029865604778496764
551	3.888888888888889	282	1949	60	1709	0.14163736815670516	0.029865604778496764
552	3.928571428571429	280	1949	60	1711	0.14063284781516824	0.029865604778496764
553	4.0	279	1949	60	1712	0.1401305876443998	0.029865604778496764
554	4.0625	246	1964	45	1745	0.12355600200904068	0.022399203583872575
555	4.125	244	1964	45	1747	0.12255148166750376	0.022399203583872575
556	4.136363636363637	241	1964	45	1750	0.12104470115519839	0.022399203583872575
557	4.153846153846153	240	1964	45	1751	0.12054244098442994	0.022399203583872575
558	4.166666666666667	239	1964	45	1752	0.12004018081366148	0.022399203583872575
559	4.2	237	1964	45	1754	0.11903566047212456	0.022399203583872575
560	4.285714285714286	232	1966	43	1759	0.11652435961828227	0.02140368342458935
561	4.307692307692308	229	1971	38	1762	0.1150175791059769	0.018914883026381283
562	4.333333333333333	228	1971	38	1763	0.11451531893520844	0.018914883026381283
563	4.375	225	1971	38	1766	0.11300853842290307	0.018914883026381283
564	4.4	223	1972	37	1768	0.11200401808136615	0.01841712294673967
565	4.4444444444444455	218	1972	37	1773	0.10949271722752386	0.01841712294673967
566	4.48	216	1972	37	1775	0.10848819688598695	0.01841712294673967
567	4.5	215	1972	37	1776	0.10798593671521849	0.01841712294673967
568	4.636363636363637	200	1976	33	1791	0.10045203415369161	0.01642608262817322
569	4.666666666666667	199	1976	33	1792	0.09994977398292315	0.01642608262817322
570	4.714285714285714	189	1976	33	1802	0.09492717227523857	0.01642608262817322
571	4.8	187	1976	33	1804	0.09392265193370165	0.01642608262817322
572	4.888888888888889	181	1976	33	1810	0.09090909090909091	0.01642608262817322
573	4.909090909090908	179	1976	33	1812	0.08990457056755399	0.01642608262817322
574	5.0	178	1976	33	1813	0.08940231039678553	0.01642608262817322
575	5.1	159	1987	22	1832	0.07985936715218483	0.010950721752115481
576	5.1428571428571415	158	1987	22	1833	0.07935710698141638	0.010950721752115481
577	5.142857142857143	156	1988	21	1835	0.07835258663987946	0.010452961672473868
578	5.199999999999998	155	1988	21	1836	0.077850326469111	0.010452961672473868
579	5.2	154	1988	21	1837	0.07734806629834254	0.010452961672473868
580	5.25	153	1988	21	1838	0.07684580612757408	0.010452961672473868
581	5.333333333333333	153	1989	20	1838	0.07684580612757408	0.009955201592832254
582	5.4	150	1989	20	1841	0.07533902561526871	0.009955201592832254
583	5.416666666666666	148	1990	19	1843	0.0743345052737318	0.009457441513190641
584	5.4444444444444455	147	1990	19	1844	0.07383224510296334	0.009457441513190641
585	5.5	146	1990	19	1845	0.07332998493219488	0.009457441513190641
586	5.5555555555555545	139	1990	19	1852	0.06981416373681568	0.009457441513190641
587	5.571428571428571	138	1990	19	1853	0.06931190356604722	0.009457441513190641
588	5.6	137	1990	19	1854	0.06880964339527876	0.009457441513190641
589	5.625	134	1992	17	1857	0.06730286288297338	0.008461921353907416
590	5.7142857142857135	132	1992	17	1859	0.06629834254143646	0.008461921353907416
591	5.7857142857142865	130	1992	17	1861	0.06529382219989954	0.008461921353907416
592	5.833333333333334	129	1992	17	1862	0.06479156202913108	0.008461921353907416
593	6.0	127	1992	17	1864	0.06378704168759418	0.008461921353907416
594	6.066666666666666	109	1998	11	1882	0.05474635861376193	0.0054753608760577405
595	6.1111111111111125	108	1998	11	1883	0.05424409844299347	0.0054753608760577405
596	6.125	107	1998	11	1884	0.053741838272225013	0.0054753608760577405
597	6.222222222222222	106	1998	11	1885	0.053239578101456554	0.0054753608760577405
598	6.25	105	1998	11	1886	0.052737317930688095	0.0054753608760577405
599	6.2857142857142865	104	1998	11	1887	0.052235057759919636	0.0054753608760577405
600	6.4	100	1998	11	1891	0.050226017076845805	0.0054753608760577405
601	6.428571428571429	99	1998	11	1892	0.049723756906077346	0.0054753608760577405
602	6.5	97	1998	11	1894	0.048719236564540434	0.0054753608760577405
603	6.666666666666666	96	1998	11	1895	0.048216976393771975	0.0054753608760577405
604	6.666666666666668	95	1998	11	1896	0.047714716223003516	0.0054753608760577405
605	6.75	93	2000	9	1898	0.0467101958814666	0.004479840716774514
606	6.857142857142858	92	2000	9	1899	0.046207935710698145	0.004479840716774514
607	6.999999999999999	88	2000	9	1903	0.04419889502762431	0.004479840716774514
608	7.0	87	2000	9	1904	0.04369663485685585	0.004479840716774514
609	7.1111111111111125	84	2002	7	1907	0.04218985434455048	0.003484320557491289
610	7.142857142857142	83	2002	7	1908	0.04168759417378202	0.003484320557491289
611	7.1999999999999975	82	2002	7	1909	0.04118533400301356	0.003484320557491289
612	7.2	81	2002	7	1910	0.040683073832245106	0.003484320557491289
613	7.333333333333332	80	2002	7	1911	0.04018081366147665	0.003484320557491289
614	7.5	78	2002	7	1913	0.03917629331993973	0.003484320557491289
615	7.583333333333332	74	2002	7	1917	0.0371672526368659	0.003484320557491289
616	7.777777777777778	73	2002	7	1918	0.03666499246609744	0.003484320557491289
617	7.8	72	2002	7	1919	0.03616273229532898	0.003484320557491289
618	7.857142857142858	69	2002	7	1922	0.03465595178302361	0.003484320557491289
619	7.875	68	2002	7	1923	0.03415369161225515	0.003484320557491289
620	8.0	66	2002	7	1925	0.03314917127071823	0.003484320557491289
621	8.25	63	2003	6	1928	0.03164239075841286	0.0029865604778496766
622	8.333333333333334	61	2003	6	1930	0.03063787041687594	0.0029865604778496766
623	8.4	57	2004	5	1934	0.02862882973380211	0.0024888003982080635
624	8.571428571428571	57	2005	4	1934	0.02862882973380211	0.001991040318566451
625	8.666666666666666	56	2005	4	1935	0.02812656956303365	0.001991040318566451
626	8.75	54	2005	4	1937	0.027122049221496736	0.001991040318566451
627	9.0	51	2005	4	1940	0.025615268709191362	0.001991040318566451
628	9.333333333333334	47	2005	4	1944	0.023606228026117528	0.001991040318566451
629	9.428571428571429	45	2006	3	1946	0.022601707684580613	0.0014932802389248383
630	9.6	44	2006	3	1947	0.022099447513812154	0.0014932802389248383
631	9.75	43	2006	3	1948	0.021597187343043698	0.0014932802389248383
632	10.0	42	2006	3	1949	0.02109492717227524	0.0014932802389248383
633	10.111111111111107	37	2007	2	1954	0.01858362631843295	0.0009955201592832255
634	10.285714285714283	36	2007	2	1955	0.01808136614766449	0.0009955201592832255
635	10.4	35	2007	2	1956	0.01757910597689603	0.0009955201592832255
636	10.5	33	2007	2	1958	0.016574585635359115	0.0009955201592832255
637	10.8	32	2007	2	1959	0.01607232546459066	0.0009955201592832255
638	11.0	30	2007	2	1961	0.015067805123053743	0.0009955201592832255
639	11.25	27	2007	2	1964	0.013561024610748368	0.0009955201592832255
640	11.666666666666668	26	2007	2	1965	0.013058764439979909	0.0009955201592832255
641	12.0	24	2007	2	1967	0.012054244098442994	0.0009955201592832255
642	12.857142857142858	22	2008	1	1969	0.011049723756906077	0.0004977600796416127
643	13.571428571428573	21	2008	1	1970	0.01054746358613762	0.0004977600796416127
644	13.75	20	2008	1	1971	0.010045203415369162	0.0004977600796416127
645	14.0	19	2008	1	1972	0.009542943244600702	0.0004977600796416127
646	14.000000000000002	16	2009	0	1975	0.00803616273229533	0.0
647	14.4	15	2009	0	1976	0.007533902561526871	0.0
648	15.0	14	2009	0	1977	0.007031642390758413	0.0
649	16.0	13	2009	0	1978	0.0065293822199899544	0.0
650	16.5	9	2009	0	1982	0.0045203415369161224	0.0
651	18.0	8	2009	0	1983	0.004018081366147665	0.0
652	18.2	7	2009	0	1984	0.0035158211953792064	0.0
653	20.0	6	2009	0	1985	0.0030135610246107484	0.0
654	22.66666666666667	4	2009	0	1987	0.0020090406830738324	0.0
655	24.0	3	2009	0	1988	0.0015067805123053742	0.0
656	25.0	2	2009	0	1989	0.0010045203415369162	0.0
657	27.0	1	2009	0	1990	0.0005022601707684581	0.0
