	ThScore	TP	TN	FP	FN	TPR	FPR
0	0.016666666666666666	1991	0	2009	0	1.0	1.0
1	0.030769230769230767	1991	1	2008	0	1.0	0.9995022399203584
2	0.031746031746031744	1990	1	2008	1	0.9994977398292315	0.9995022399203584
3	0.037037037037037035	1990	2	2007	1	0.9994977398292315	0.9990044798407167
4	0.03896103896103896	1990	3	2006	1	0.9994977398292315	0.9985067197610752
5	0.04166666666666666	1990	4	2005	1	0.9994977398292315	0.9980089596814335
6	0.04444444444444444	1990	7	2002	1	0.9994977398292315	0.9965156794425087
7	0.047619047619047616	1990	8	2001	1	0.9994977398292315	0.9960179193628671
8	0.05555555555555555	1990	9	2000	1	0.9994977398292315	0.9955201592832255
9	0.05714285714285715	1990	10	1999	1	0.9994977398292315	0.9950223992035838
10	0.05952380952380953	1990	11	1998	1	0.9994977398292315	0.9945246391239423
11	0.06	1990	12	1997	1	0.9994977398292315	0.9940268790443006
12	0.0617283950617284	1990	13	1996	1	0.9994977398292315	0.993529118964659
13	0.0625	1990	14	1995	1	0.9994977398292315	0.9930313588850174
14	0.06410256410256411	1990	15	1994	1	0.9994977398292315	0.9925335988053758
15	0.06493506493506493	1990	16	1993	1	0.9994977398292315	0.9920358387257342
16	0.06666666666666668	1990	17	1992	1	0.9994977398292315	0.9915380786460926
17	0.06818181818181818	1990	18	1991	1	0.9994977398292315	0.9910403185664509
18	0.07142857142857142	1990	19	1990	1	0.9994977398292315	0.9905425584868094
19	0.07272727272727272	1990	23	1986	1	0.9994977398292315	0.9885515181682429
20	0.07291666666666667	1990	24	1985	1	0.9994977398292315	0.9880537580886013
21	0.07407407407407407	1990	25	1984	1	0.9994977398292315	0.9875559980089597
22	0.08	1990	26	1983	1	0.9994977398292315	0.987058237929318
23	0.08333333333333333	1990	27	1982	1	0.9994977398292315	0.9865604778496765
24	0.08571428571428573	1990	37	1972	1	0.9994977398292315	0.9815828770532603
25	0.08928571428571429	1990	38	1971	1	0.9994977398292315	0.9810851169736187
26	0.09375	1990	40	1969	1	0.9994977398292315	0.9800895968143355
27	0.09523809523809523	1990	41	1968	1	0.9994977398292315	0.9795918367346939
28	0.09615384615384616	1989	42	1967	2	0.9989954796584631	0.9790940766550522
29	0.0989010989010989	1989	43	1966	2	0.9989954796584631	0.9785963165754107
30	0.1	1989	44	1965	2	0.9989954796584631	0.978098556495769
31	0.1020408163265306	1989	47	1962	2	0.9989954796584631	0.9766052762568442
32	0.10256410256410256	1989	48	1961	2	0.9989954796584631	0.9761075161772026
33	0.10714285714285714	1989	49	1960	2	0.9989954796584631	0.975609756097561
34	0.1111111111111111	1988	51	1958	3	0.9984932194876946	0.9746142359382778
35	0.11111111111111112	1988	57	1952	3	0.9984932194876946	0.971627675460428
36	0.11363636363636365	1987	58	1951	4	0.9979909593169262	0.9711299153807864
37	0.1142857142857143	1986	58	1951	5	0.9974886991461577	0.9711299153807864
38	0.1168831168831169	1986	59	1950	5	0.9974886991461577	0.9706321553011449
39	0.11904761904761905	1986	60	1949	5	0.9974886991461577	0.9701343952215032
40	0.125	1986	61	1948	5	0.9974886991461577	0.9696366351418616
41	0.12698412698412698	1986	74	1935	5	0.9974886991461577	0.9631657541065206
42	0.1285714285714286	1986	75	1934	5	0.9974886991461577	0.9626679940268791
43	0.13333333333333333	1986	76	1933	5	0.9974886991461577	0.9621702339472374
44	0.13636363636363635	1986	83	1926	5	0.9974886991461577	0.9586859133897462
45	0.1388888888888889	1986	84	1925	5	0.9974886991461577	0.9581881533101045
46	0.14	1985	86	1923	6	0.9969864389753893	0.9571926331508213
47	0.14285714285714285	1985	87	1922	6	0.9969864389753893	0.9566948730711797
48	0.14583333333333334	1985	97	1912	6	0.9969864389753893	0.9517172722747635
49	0.14814814814814814	1985	98	1911	6	0.9969864389753893	0.9512195121951219
50	0.15	1985	100	1909	6	0.9969864389753893	0.9502239920358387
51	0.15151515151515152	1984	104	1905	7	0.9964841788046208	0.9482329517172723
52	0.15384615384615385	1984	105	1904	7	0.9964841788046208	0.9477351916376306
53	0.15625	1982	105	1904	9	0.9954796584630838	0.9477351916376306
54	0.15714285714285714	1982	106	1903	9	0.9954796584630838	0.947237431557989
55	0.15873015873015875	1982	107	1902	9	0.9954796584630838	0.9467396714783475
56	0.1590909090909091	1981	107	1902	10	0.9949773982923155	0.9467396714783475
57	0.16	1980	108	1901	11	0.994475138121547	0.9462419113987058
58	0.16666666666666666	1980	112	1897	11	0.994475138121547	0.9442508710801394
59	0.17142857142857146	1975	127	1882	16	0.9919638372677047	0.9367844698855152
60	0.17460317460317462	1975	130	1879	16	0.9919638372677047	0.9352911896465903
61	0.175	1975	131	1878	16	0.9919638372677047	0.9347934295669488
62	0.17708333333333334	1974	133	1876	17	0.9914615770969362	0.9337979094076655
63	0.17777777777777776	1973	133	1876	18	0.9909593169261678	0.9337979094076655
64	0.17857142857142858	1973	135	1874	18	0.9909593169261678	0.9328023892483823
65	0.18	1972	140	1869	19	0.9904570567553993	0.9303135888501742
66	0.18055555555555555	1972	141	1868	19	0.9904570567553993	0.9298158287705326
67	0.1818181818181818	1972	142	1867	19	0.9904570567553993	0.929318068690891
68	0.18181818181818185	1970	143	1866	21	0.9894525364138623	0.9288203086112494
69	0.1836734693877551	1969	145	1864	22	0.988950276243094	0.9278247884519661
70	0.1851851851851852	1968	145	1864	23	0.9884480160723255	0.9278247884519661
71	0.1875	1967	147	1862	24	0.987945755901557	0.926829268292683
72	0.19047619047619047	1965	151	1858	26	0.9869412355600201	0.9248382279741165
73	0.191919191919192	1965	156	1853	26	0.9869412355600201	0.9223494275759084
74	0.19444444444444445	1964	156	1853	27	0.9864389753892516	0.9223494275759084
75	0.1948051948051948	1964	159	1850	27	0.9864389753892516	0.9208561473369836
76	0.19696969696969696	1964	160	1849	27	0.9864389753892516	0.920358387257342
77	0.2	1964	161	1848	27	0.9864389753892516	0.9198606271777003
78	0.20408163265306128	1954	182	1827	37	0.9814163736815671	0.9094076655052264
79	0.20454545454545456	1954	183	1826	37	0.9814163736815671	0.9089099054255849
80	0.2083333333333333	1954	185	1824	37	0.9814163736815671	0.9079143852663016
81	0.21428571428571427	1952	190	1819	39	0.9804118533400301	0.9054255848680935
82	0.2142857142857143	1949	198	1811	42	0.9789050728277248	0.9014435042309606
83	0.2159090909090909	1947	199	1810	44	0.9779005524861878	0.9009457441513191
84	0.21875	1946	199	1810	45	0.9773982923154194	0.9009457441513191
85	0.2222222222222222	1945	200	1809	46	0.9768960321446509	0.9004479840716775
86	0.22222222222222224	1942	217	1792	49	0.9753892516323456	0.89198606271777
87	0.22448979591836726	1941	218	1791	50	0.9748869914615771	0.8914883026381284
88	0.225	1940	218	1791	51	0.9743847312908086	0.8914883026381284
89	0.2272727272727273	1940	224	1785	51	0.9743847312908086	0.8885017421602788
90	0.2285714285714285	1940	225	1784	51	0.9743847312908086	0.8880039820806371
91	0.2285714285714286	1940	226	1783	51	0.9743847312908086	0.8875062220009955
92	0.22916666666666666	1940	229	1780	51	0.9743847312908086	0.8860129417620707
93	0.2307692307692308	1940	230	1779	51	0.9743847312908086	0.885515181682429
94	0.2333333333333333	1940	232	1777	51	0.9743847312908086	0.8845196615231459
95	0.2363636363636364	1940	235	1774	51	0.9743847312908086	0.883026381284221
96	0.2380952380952381	1939	235	1774	52	0.9738824711200402	0.883026381284221
97	0.24	1937	242	1767	54	0.9728779507785033	0.8795420607267297
98	0.2407407407407408	1936	245	1764	55	0.9723756906077348	0.8780487804878049
99	0.2444444444444445	1935	245	1764	56	0.9718734304369664	0.8780487804878049
100	0.24489795918367346	1933	247	1762	58	0.9708689100954294	0.8770532603285216
101	0.25	1931	249	1760	60	0.9698643897538926	0.8760577401692384
102	0.25396825396825395	1922	276	1733	69	0.9653440482169764	0.8626182180189149
103	0.2545454545454545	1921	276	1733	70	0.9648417880462079	0.8626182180189149
104	0.2571428571428572	1921	277	1732	70	0.9648417880462079	0.8621204579392733
105	0.2575757575757576	1920	277	1732	71	0.9643395278754395	0.8621204579392733
106	0.25925925925925924	1919	278	1731	72	0.963837267704671	0.8616226978596316
107	0.26	1919	281	1728	72	0.963837267704671	0.8601294176207068
108	0.2619047619047619	1918	281	1728	73	0.9633350075339026	0.8601294176207068
109	0.26666666666666666	1918	287	1722	73	0.9633350075339026	0.8571428571428571
110	0.26785714285714285	1914	298	1711	77	0.9613259668508287	0.8516674962667994
111	0.2692307692307692	1913	299	1710	78	0.9608237066800602	0.8511697361871577
112	0.2698412698412698	1912	299	1710	79	0.9603214465092919	0.8511697361871577
113	0.2727272727272727	1911	299	1710	80	0.9598191863385234	0.8511697361871577
114	0.2727272727272728	1909	306	1703	82	0.9588146659969864	0.8476854156296665
115	0.275	1909	307	1702	82	0.9588146659969864	0.8471876555500248
116	0.2769230769230769	1906	307	1702	85	0.957307885484681	0.8471876555500248
117	0.2777777777777778	1905	307	1702	86	0.9568056253139126	0.8471876555500248
118	0.28	1903	317	1692	88	0.9558011049723757	0.8422100547536088
119	0.28125	1902	319	1690	89	0.9552988448016072	0.8412145345943255
120	0.2857142857142857	1901	323	1686	90	0.9547965846308388	0.839223494275759
121	0.2878787878787879	1893	343	1666	98	0.9507785032646912	0.8292682926829268
122	0.2909090909090909	1892	343	1666	99	0.9502762430939227	0.8292682926829268
123	0.2916666666666667	1891	343	1666	100	0.9497739829231542	0.8292682926829268
124	0.2923076923076923	1884	347	1662	107	0.946258161727775	0.8272772523643603
125	0.2954545454545455	1884	348	1661	107	0.946258161727775	0.8267794922847188
126	0.2962962962962963	1882	348	1661	109	0.945253641386238	0.8267794922847188
127	0.3	1882	351	1658	109	0.945253641386238	0.8252862120457939
128	0.30000000000000004	1875	374	1635	116	0.9417378201908588	0.8138377302140368
129	0.3015873015873016	1875	375	1634	116	0.9417378201908588	0.8133399701343952
130	0.3035714285714285	1875	376	1633	116	0.9417378201908588	0.8128422100547537
131	0.3055555555555555	1874	376	1633	117	0.9412355600200905	0.8128422100547537
132	0.3076923076923077	1874	378	1631	117	0.9412355600200905	0.8118466898954704
133	0.3090909090909091	1874	379	1630	117	0.9412355600200905	0.8113489298158287
134	0.3095238095238095	1873	379	1630	118	0.940733299849322	0.8113489298158287
135	0.30952380952380953	1872	380	1629	119	0.9402310396785535	0.8108511697361872
136	0.3111111111111111	1871	380	1629	120	0.939728779507785	0.8108511697361872
137	0.3125	1871	381	1628	120	0.939728779507785	0.8103534096565456
138	0.3142857142857143	1866	391	1618	125	0.9372174786539428	0.8053758088601294
139	0.31428571428571433	1866	393	1616	125	0.9372174786539428	0.8043802887008462
140	0.3148148148148148	1865	393	1616	126	0.9367152184831743	0.8043802887008462
141	0.3174603174603175	1862	394	1615	129	0.9352084379708689	0.8038825286212046
142	0.3194444444444444	1861	394	1615	130	0.9347061778001005	0.8038825286212046
143	0.32	1860	394	1615	131	0.934203917629332	0.8038825286212046
144	0.32142857142857145	1859	398	1611	132	0.9337016574585635	0.8018914883026381
145	0.325	1857	401	1608	134	0.9326971371170266	0.8003982080637133
146	0.32653061224489793	1857	402	1607	134	0.9326971371170266	0.7999004479840717
147	0.3333333333333333	1856	402	1607	135	0.9321948769462581	0.7999004479840717
148	0.33333333333333337	1834	443	1566	157	0.9211451531893521	0.7794922847187655
149	0.34	1834	446	1563	157	0.9211451531893521	0.7779990044798407
150	0.3428571428571429	1833	446	1563	158	0.9206428930185836	0.7779990044798407
151	0.34375	1829	451	1558	162	0.9186338523355098	0.7755102040816326
152	0.35	1826	451	1558	165	0.9171270718232044	0.7755102040816326
153	0.3541666666666667	1826	458	1551	165	0.9171270718232044	0.7720258835241414
154	0.3555555555555555	1825	458	1551	166	0.9166248116524359	0.7720258835241414
155	0.35714285714285715	1823	458	1551	168	0.9156202913108991	0.7720258835241414
156	0.36	1816	464	1545	175	0.9121044701155199	0.7690393230462916
157	0.3611111111111111	1814	465	1544	177	0.9110999497739829	0.7685415629666501
158	0.3636363636363636	1811	465	1544	180	0.9095931692616775	0.7685415629666501
159	0.3636363636363637	1810	465	1544	181	0.9090909090909091	0.7685415629666501
160	0.3666666666666665	1809	468	1541	182	0.9085886489201407	0.7670482827277252
161	0.3666666666666667	1807	470	1539	184	0.9075841285786037	0.766052762568442
162	0.36734693877551017	1806	470	1539	185	0.9070818684078352	0.766052762568442
163	0.3673469387755102	1806	471	1538	185	0.9070818684078352	0.7655550024888004
164	0.3703703703703704	1805	471	1538	186	0.9065796082370668	0.7655550024888004
165	0.3714285714285713	1802	471	1538	189	0.9050728277247614	0.7655550024888004
166	0.375	1798	472	1537	193	0.9030637870416875	0.7650572424091587
167	0.37777777777777777	1788	492	1517	203	0.898041185334003	0.7551020408163265
168	0.38	1786	492	1517	205	0.8970366649924661	0.7551020408163265
169	0.3809523809523809	1785	492	1517	206	0.8965344048216977	0.7551020408163265
170	0.3888888888888889	1780	496	1513	211	0.8940231039678553	0.75311100049776
171	0.3928571428571429	1777	499	1510	214	0.89251632345555	0.7516177202588352
172	0.393939393939394	1774	504	1505	217	0.8910095429432446	0.7491289198606271
173	0.3958333333333333	1772	504	1505	219	0.8900050226017077	0.7491289198606271
174	0.4	1771	504	1505	220	0.8895027624309392	0.7491289198606271
175	0.4047619047619048	1761	532	1477	230	0.8844801607232546	0.735191637630662
176	0.40625	1760	532	1477	231	0.8839779005524862	0.735191637630662
177	0.4074074074074073	1758	532	1477	233	0.8829733802109493	0.735191637630662
178	0.4074074074074074	1757	533	1476	234	0.8824711200401808	0.7346938775510204
179	0.4090909090909091	1756	533	1476	235	0.8819688598694123	0.7346938775510204
180	0.4166666666666667	1754	534	1475	237	0.8809643395278755	0.7341961174713788
181	0.41818181818181815	1749	551	1458	242	0.8784530386740331	0.7257341961174714
182	0.4199999999999999	1748	551	1458	243	0.8779507785032646	0.7257341961174714
183	0.42	1748	552	1457	243	0.8779507785032646	0.7252364360378297
184	0.4222222222222222	1747	552	1457	244	0.8774485183324963	0.7252364360378297
185	0.42424242424242425	1746	553	1456	245	0.8769462581617278	0.7247386759581882
186	0.425	1746	555	1454	245	0.8769462581617278	0.7237431557989049
187	0.42857142857142855	1744	556	1453	247	0.8759417378201909	0.7232453957192633
188	0.4285714285714286	1739	565	1444	252	0.8734304369663486	0.7187655550024888
189	0.4333333333333333	1737	565	1444	254	0.8724259166248116	0.7187655550024888
190	0.43333333333333335	1735	567	1442	256	0.8714213962832748	0.7177700348432056
191	0.4358974358974359	1733	567	1442	258	0.8704168759417378	0.7177700348432056
192	0.4375	1732	567	1442	259	0.8699146157709694	0.7177700348432056
193	0.4400000000000001	1724	577	1432	267	0.8658965344048217	0.7127924340467895
194	0.4444444444444444	1723	580	1429	268	0.8653942742340532	0.7112991538078646
195	0.4444444444444445	1716	596	1413	275	0.861878453038674	0.7033349925335988
196	0.45	1715	596	1413	276	0.8613761928679056	0.7033349925335988
197	0.4545454545454545	1705	604	1405	286	0.856353591160221	0.6993529118964659
198	0.4571428571428571	1704	606	1403	287	0.8558513309894525	0.6983573917371827
199	0.4583333333333333	1702	607	1402	289	0.8548468106479156	0.6978596316575411
200	0.46	1696	612	1397	295	0.8518332496233049	0.695370831259333
201	0.4642857142857143	1695	612	1397	296	0.8513309894525364	0.695370831259333
202	0.4666666666666666	1692	612	1397	299	0.849824208940231	0.695370831259333
203	0.4666666666666667	1691	619	1390	300	0.8493219487694625	0.6918865107018417
204	0.46875	1688	623	1386	303	0.8478151682571572	0.6898954703832753
205	0.4693877551020408	1685	624	1385	306	0.8463083877448518	0.6893977103036336
206	0.4722222222222222	1684	624	1385	307	0.8458061275740834	0.6893977103036336
207	0.4722222222222223	1681	624	1385	310	0.844299347061778	0.6893977103036336
208	0.475	1679	624	1385	312	0.843294826720241	0.6893977103036336
209	0.4761904761904762	1677	625	1384	314	0.8422903063787042	0.6888999502239921
210	0.4791666666666667	1676	628	1381	315	0.8417880462079357	0.6874066699850672
211	0.48	1675	628	1381	316	0.8412857860371673	0.6874066699850672
212	0.4814814814814815	1675	630	1379	316	0.8412857860371673	0.686411149825784
213	0.4857142857142857	1674	630	1379	317	0.8407835258663988	0.686411149825784
214	0.4888888888888889	1672	630	1379	319	0.8397790055248618	0.686411149825784
215	0.5	1671	630	1379	320	0.8392767453540935	0.686411149825784
216	0.5142857142857142	1630	697	1312	361	0.8186840783525866	0.6530612244897959
217	0.5142857142857143	1630	698	1311	361	0.8186840783525866	0.6525634644101543
218	0.5151515151515151	1628	699	1310	363	0.8176795580110497	0.6520657043305127
219	0.5185185185185185	1626	699	1310	365	0.8166750376695128	0.6520657043305127
220	0.5185185185185186	1625	699	1310	366	0.8161727774987444	0.6520657043305127
221	0.52	1624	699	1310	367	0.8156705173279759	0.6520657043305127
222	0.5208333333333334	1620	701	1308	371	0.8136614766449021	0.6510701841712294
223	0.5238095238095238	1620	702	1307	371	0.8136614766449021	0.6505724240915879
224	0.525	1618	705	1304	373	0.8126569563033651	0.649079143852663
225	0.5277777777777778	1618	706	1303	373	0.8126569563033651	0.6485813837730214
226	0.5306122448979592	1616	706	1303	375	0.8116524359618282	0.6485813837730214
227	0.53125	1615	706	1303	376	0.8111501757910597	0.6485813837730214
228	0.5333333333333333	1614	706	1303	377	0.8106479156202913	0.6485813837730214
229	0.5357142857142857	1609	711	1298	382	0.808136614766449	0.6460925833748133
230	0.5416666666666666	1604	713	1296	387	0.8056253139126067	0.6450970632155301
231	0.5428571428571429	1601	717	1292	390	0.8041185334003014	0.6431060228969636
232	0.5454545454545454	1599	718	1291	392	0.8031140130587644	0.6426082628173221
233	0.5454545454545455	1596	721	1288	395	0.801607232546459	0.6411149825783972
234	0.5476190476190476	1595	722	1287	396	0.8011049723756906	0.6406172224987556
235	0.55	1594	722	1287	397	0.8006027122049222	0.6406172224987556
236	0.5555555555555556	1588	729	1280	403	0.7975891511803114	0.6371329019412643
237	0.5599999999999999	1582	741	1268	409	0.7945755901557007	0.6311597809855649
238	0.5625	1580	743	1266	411	0.7935710698141637	0.6301642608262817
239	0.5666666666666667	1578	748	1261	413	0.7925665494726268	0.6276754604280737
240	0.5714285714285714	1576	748	1261	415	0.7915620291310899	0.6276754604280737
241	0.575	1571	759	1250	420	0.7890507282772476	0.6222000995520159
242	0.5757575757575758	1570	759	1250	421	0.7885484681064792	0.6222000995520159
243	0.5777777777777777	1569	759	1250	422	0.7880462079357107	0.6222000995520159
244	0.5833333333333334	1569	760	1249	422	0.7880462079357107	0.6217023394723743
245	0.5909090909090909	1557	777	1232	434	0.7820190858864892	0.6132404181184669
246	0.5925925925925926	1556	777	1232	435	0.7815168257157208	0.6132404181184669
247	0.5952380952380952	1554	779	1230	437	0.7805123053741838	0.6122448979591837
248	0.6	1553	779	1230	438	0.7800100452034153	0.6122448979591837
249	0.6060606060606061	1535	803	1206	456	0.7709693621295831	0.600298656047785
250	0.6071428571428571	1535	804	1205	456	0.7709693621295831	0.5998008959681433
251	0.6111111111111109	1533	804	1205	458	0.7699648417880463	0.5998008959681433
252	0.6111111111111112	1528	808	1201	463	0.7674535409342039	0.5978098556495769
253	0.6122448979591837	1527	809	1200	464	0.7669512807634354	0.5973120955699353
254	0.6136363636363638	1527	810	1199	464	0.7669512807634354	0.5968143354902937
255	0.6190476190476191	1527	811	1198	464	0.7669512807634354	0.5963165754106521
256	0.6222222222222222	1523	812	1197	468	0.7649422400803616	0.5958188153310104
257	0.625	1522	812	1197	469	0.7644399799095931	0.5958188153310104
258	0.6285714285714286	1508	825	1184	483	0.7574083375188347	0.5893479342956695
259	0.6296296296296297	1507	825	1184	484	0.7569060773480663	0.5893479342956695
260	0.6333333333333333	1503	827	1182	488	0.7548970366649924	0.5883524141363863
261	0.634920634920635	1502	827	1182	489	0.754394776494224	0.5883524141363863
262	0.6363636363636364	1501	827	1182	490	0.7538925163234556	0.5883524141363863
263	0.6388888888888891	1501	828	1181	490	0.7538925163234556	0.5878546540567446
264	0.64	1499	828	1181	492	0.7528879959819186	0.5878546540567446
265	0.6428571428571429	1497	828	1181	494	0.7518834756403817	0.5878546540567446
266	0.65	1492	833	1176	499	0.7493721747865394	0.5853658536585366
267	0.6545454545454545	1485	837	1172	506	0.7458563535911602	0.5833748133399701
268	0.65625	1485	838	1171	506	0.7458563535911602	0.5828770532603286
269	0.6666666666666666	1484	841	1168	507	0.7453540934203917	0.5813837730214036
270	0.6666666666666667	1464	875	1134	527	0.7353088900050226	0.5644599303135889
271	0.6799999999999999	1461	877	1132	530	0.7338021094927172	0.5634644101543056
272	0.6818181818181818	1459	877	1132	532	0.7327975891511803	0.5634644101543056
273	0.6818181818181819	1458	878	1131	533	0.7322953289804118	0.5629666500746641
274	0.6857142857142856	1458	880	1129	533	0.7322953289804118	0.5619711299153808
275	0.6857142857142857	1457	880	1129	534	0.7317930688096433	0.5619711299153808
276	0.6875	1456	882	1127	535	0.731290808638875	0.5609756097560976
277	0.6944444444444444	1453	891	1118	538	0.7297840281265696	0.5564957690393231
278	0.6944444444444445	1452	891	1118	539	0.7292817679558011	0.5564957690393231
279	0.7	1452	892	1117	539	0.7292817679558011	0.5559980089596814
280	0.7000000000000001	1447	898	1111	544	0.7267704671019588	0.5530114484818317
281	0.703125	1444	899	1110	547	0.7252636865896535	0.5525136884021902
282	0.7037037037037037	1444	900	1109	547	0.7252636865896535	0.5520159283225485
283	0.7083333333333334	1442	901	1108	549	0.7242591662481165	0.5515181682429069
284	0.7142857142857143	1436	901	1108	555	0.7212456052235058	0.5515181682429069
285	0.72	1427	914	1095	564	0.7167252636865896	0.5450472872075659
286	0.7222222222222222	1426	917	1092	565	0.7162230035158212	0.5435540069686411
287	0.7272727272727272	1414	919	1090	577	0.7101958814665997	0.5425584868093579
288	0.7272727272727273	1414	920	1089	577	0.7101958814665997	0.5420607267297163
289	0.7333333333333333	1412	920	1089	579	0.7091913611250628	0.5420607267297163
290	0.7333333333333334	1410	921	1088	581	0.7081868407835259	0.5415629666500746
291	0.7407407407407408	1403	922	1087	588	0.7046710195881467	0.541065206570433
292	0.75	1401	924	1085	590	0.7036664992466097	0.5400696864111498
293	0.7575757575757577	1374	958	1051	617	0.6901054746358614	0.523145843703335
294	0.76	1373	958	1051	618	0.6896032144650929	0.523145843703335
295	0.7619047619047619	1370	958	1051	621	0.6880964339527875	0.523145843703335
296	0.7636363636363636	1368	963	1046	623	0.6870919136112507	0.520657043305127
297	0.7638888888888888	1367	965	1044	624	0.6865896534404822	0.5196615231458437
298	0.7714285714285715	1367	966	1043	624	0.6865896534404822	0.519163763066202
299	0.7727272727272727	1367	967	1042	624	0.6865896534404822	0.5186660029865605
300	0.7777777777777777	1365	967	1042	626	0.6855851330989452	0.5186660029865605
301	0.7777777777777778	1365	968	1041	626	0.6855851330989452	0.5181682429069189
302	0.7857142857142857	1358	981	1028	633	0.682069311903566	0.5116973618715779
303	0.7916666666666666	1348	982	1027	643	0.6770467101958815	0.5111996017919362
304	0.7936507936507936	1344	983	1026	647	0.6750376695128076	0.5107018417122947
305	0.7999999999999999	1343	983	1026	648	0.6745354093420391	0.5107018417122947
306	0.8	1339	991	1018	652	0.6725263686589653	0.5067197610751618
307	0.8095238095238094	1328	1006	1003	663	0.6670015067805123	0.4992533598805376
308	0.8095238095238095	1325	1006	1003	666	0.6654947262682069	0.4992533598805376
309	0.8125	1324	1006	1003	667	0.6649924660974385	0.4992533598805376
310	0.8148148148148148	1317	1008	1001	674	0.6614766449020593	0.49825783972125437
311	0.8163265306122449	1317	1009	1000	674	0.6614766449020593	0.49776007964161273
312	0.8250000000000001	1316	1010	999	675	0.6609743847312908	0.49726231956197114
313	0.8285714285714285	1314	1010	999	677	0.6599698643897539	0.49726231956197114
314	0.8333333333333333	1313	1010	999	678	0.6594676042189854	0.49726231956197114
315	0.8333333333333334	1313	1012	997	678	0.6594676042189854	0.4962667994026879
316	0.8333333333333335	1293	1034	975	698	0.6494224008036162	0.48531607765057244
317	0.8400000000000001	1293	1035	974	698	0.6494224008036162	0.4848183175709308
318	0.84375	1291	1035	974	700	0.6484178804620794	0.4848183175709308
319	0.85	1291	1036	973	700	0.6484178804620794	0.4843205574912892
320	0.8571428571428571	1287	1038	971	704	0.6464088397790055	0.483325037332006
321	0.8571428571428572	1276	1051	958	715	0.6408839779005525	0.476854156296665
322	0.859375	1273	1052	957	718	0.6393771973882472	0.4763563962170234
323	0.8666666666666666	1273	1053	956	718	0.6393771973882472	0.4758586361373818
324	0.8666666666666667	1273	1054	955	718	0.6393771973882472	0.4753608760577402
325	0.873015873015873	1269	1054	955	722	0.6373681567051733	0.4753608760577402
326	0.875	1269	1055	954	722	0.6373681567051733	0.47486311597809855
327	0.8750000000000001	1256	1062	947	735	0.6308387744851833	0.4713787954206073
328	0.8800000000000001	1256	1065	944	735	0.6308387744851833	0.4698855151816824
329	0.8888888888888888	1254	1066	943	737	0.6298342541436464	0.46938775510204084
330	0.8888888888888891	1245	1075	934	746	0.6253139126067303	0.4649079143852663
331	0.8928571428571429	1244	1075	934	747	0.6248116524359618	0.4649079143852663
332	0.8999999999999999	1243	1075	934	748	0.6243093922651933	0.4649079143852663
333	0.9	1242	1076	933	749	0.623807132094425	0.4644101543056247
334	0.9047619047619048	1228	1084	925	763	0.6167754897036665	0.4604280736684918
335	0.9090909090909092	1227	1085	924	764	0.6162732295328981	0.45993031358885017
336	0.9142857142857144	1225	1086	923	766	0.6152687091913611	0.4594325535092086
337	0.9166666666666666	1223	1087	922	768	0.6142641888498243	0.45893479342956695
338	0.9230769230769232	1210	1098	911	781	0.6077348066298343	0.45345943255350923
339	0.9285714285714286	1210	1100	909	781	0.6077348066298343	0.452463912394226
340	0.9333333333333332	1206	1102	907	785	0.6057257659467604	0.4514683922349428
341	0.9375	1199	1107	902	792	0.6022099447513812	0.4489795918367347
342	0.9444444444444444	1195	1111	898	796	0.6002009040683074	0.44698855151816824
343	0.95	1188	1114	895	803	0.5966850828729282	0.44549527127924343
344	0.9523809523809524	1184	1115	894	807	0.5946760421898544	0.4449975111996018
345	0.9545454545454546	1181	1118	891	810	0.593169261677549	0.4435042309606769
346	0.9583333333333334	1180	1118	891	811	0.5926670015067805	0.4435042309606769
347	0.96	1179	1118	891	812	0.592164741336012	0.4435042309606769
348	0.9629629629629628	1178	1120	889	813	0.5916624811652436	0.4425087108013937
349	0.9642857142857144	1177	1120	889	814	0.5911602209944752	0.4425087108013937
350	0.9696969696969696	1176	1121	888	815	0.5906579608237067	0.4420109507217521
351	0.977777777777778	1175	1121	888	816	0.5901557006529382	0.4420109507217521
352	1.0	1175	1122	887	816	0.5901557006529382	0.4415131906421105
353	1.0285714285714285	1131	1175	834	860	0.5680562531391261	0.41513190642110503
354	1.0285714285714287	1130	1175	834	861	0.5675539929683576	0.41513190642110503
355	1.03125	1127	1176	833	864	0.5660472124560523	0.4146341463414634
356	1.037037037037037	1127	1178	831	864	0.5660472124560523	0.41363862618218017
357	1.0384615384615383	1125	1179	830	866	0.5650426921145153	0.4131408661025386
358	1.04	1125	1180	829	866	0.5650426921145153	0.41264310602289694
359	1.0416666666666667	1124	1180	829	867	0.5645404319437468	0.41264310602289694
360	1.0476190476190477	1124	1181	828	867	0.5645404319437468	0.41214534594325536
361	1.05	1120	1183	826	871	0.562531391260673	0.41114982578397213
362	1.0555555555555556	1118	1184	825	873	0.5615268709191361	0.4106520657043305
363	1.0625	1114	1184	825	877	0.5595178302360623	0.4106520657043305
364	1.0666666666666669	1111	1184	825	880	0.5580110497237569	0.4106520657043305
365	1.0714285714285714	1099	1193	816	892	0.5519839276745354	0.406172224987556
366	1.08	1094	1193	816	897	0.5494726268206931	0.406172224987556
367	1.0833333333333333	1094	1194	815	897	0.5494726268206931	0.40567446490791437
368	1.0833333333333337	1087	1196	813	904	0.5459568056253139	0.40467894474863114
369	1.0909090909090908	1086	1197	812	905	0.5454545454545454	0.40418118466898956
370	1.09375	1085	1198	811	906	0.544952285283777	0.4036834245893479
371	1.0952380952380951	1084	1198	811	907	0.5444500251130086	0.4036834245893479
372	1.1	1083	1198	811	908	0.5439477649422401	0.4036834245893479
373	1.111111111111111	1075	1203	806	916	0.5399296835760924	0.4011946241911399
374	1.1111111111111112	1075	1204	805	916	0.5399296835760924	0.40069686411149824
375	1.1142857142857143	1071	1209	800	920	0.5379206428930186	0.3982080637132902
376	1.12	1070	1209	800	921	0.5374183827222502	0.3982080637132902
377	1.125	1067	1210	799	924	0.5359116022099447	0.39771030363364857
378	1.1333333333333333	1044	1216	793	947	0.5243596182822702	0.3947237431557989
379	1.1363636363636362	1040	1217	792	951	0.5223505775991963	0.3942259830761573
380	1.1428571428571428	1040	1218	791	951	0.5223505775991963	0.39372822299651566
381	1.1666666666666667	1028	1230	779	963	0.5163234555499749	0.3877551020408163
382	1.1785714285714286	1018	1243	766	973	0.5113008538422903	0.3812842210054754
383	1.181818181818182	1017	1243	766	974	0.5107985936715218	0.3812842210054754
384	1.1851851851851851	1016	1244	765	975	0.5102963335007534	0.38078646092583374
385	1.1875	1015	1245	764	976	0.5097940733299849	0.38028870084619215
386	1.1904761904761905	1014	1246	763	977	0.5092918131592165	0.3797909407665505
387	1.190476190476191	1012	1247	762	979	0.5082872928176796	0.3792931806869089
388	1.2	1011	1247	762	980	0.5077850326469111	0.3792931806869089
389	1.2000000000000002	997	1263	746	994	0.5007533902561527	0.3713290194126431
390	1.2142857142857142	995	1271	738	996	0.49974886991461576	0.3673469387755102
391	1.2222222222222219	991	1272	737	1000	0.4977398292315419	0.3668491786958686
392	1.2222222222222223	984	1276	733	1007	0.49422400803616273	0.36485813837730213
393	1.2272727272727273	981	1276	733	1010	0.4927172275238574	0.36485813837730213
394	1.238095238095238	980	1276	733	1011	0.4922149673530889	0.36485813837730213
395	1.25	980	1279	730	1011	0.4922149673530889	0.3633648581383773
396	1.2500000000000002	967	1295	714	1024	0.48568558513309895	0.3554006968641115
397	1.2571428571428571	965	1297	712	1026	0.48468106479156203	0.3544051767048283
398	1.2666666666666666	964	1298	711	1027	0.48417880462079355	0.35390741662518665
399	1.2777777777777781	962	1298	711	1029	0.4831742842792566	0.35390741662518665
400	1.28	961	1298	711	1030	0.4826720241084882	0.35390741662518665
401	1.2820512820512822	960	1298	711	1031	0.48216976393771976	0.35390741662518665
402	1.2833333333333334	960	1299	710	1031	0.48216976393771976	0.35340965654554507
403	1.2857142857142856	959	1299	710	1032	0.4816675037669513	0.35340965654554507
404	1.2857142857142858	958	1299	710	1033	0.48116524359618285	0.35340965654554507
405	1.3	951	1305	704	1040	0.4776494224008036	0.3504230960676954
406	1.3095238095238095	949	1310	699	1042	0.4766449020592667	0.3479342956694873
407	1.3125	948	1310	699	1043	0.47614264188849825	0.3479342956694873
408	1.32	946	1311	698	1045	0.47513812154696133	0.3474365355898457
409	1.3333333333333333	945	1312	697	1046	0.47463586137619285	0.3469387755102041
410	1.3333333333333337	921	1344	665	1070	0.4625816172777499	0.3310104529616725
411	1.35	920	1346	663	1071	0.4620793571069814	0.33001493280238925
412	1.3571428571428572	920	1348	661	1071	0.4620793571069814	0.329019412643106
413	1.3636363636363635	917	1348	661	1074	0.46057257659467604	0.329019412643106
414	1.3714285714285712	917	1349	660	1074	0.46057257659467604	0.3285216525634644
415	1.3714285714285714	916	1350	659	1075	0.4600703164239076	0.3280238924838228
416	1.375	916	1351	658	1075	0.4600703164239076	0.32752613240418116
417	1.3888888888888888	910	1359	650	1081	0.45705675539929685	0.32354405176704826
418	1.3888888888888893	910	1360	649	1081	0.45705675539929685	0.3230462916874067
419	1.392857142857143	909	1361	648	1082	0.45655449522852837	0.32254853160776503
420	1.4	908	1361	648	1083	0.45605223505775994	0.32254853160776503
421	1.4074074074074074	898	1374	635	1093	0.45102963335007534	0.3160776505724241
422	1.4166666666666667	897	1374	635	1094	0.45052737317930686	0.3160776505724241
423	1.4285714285714286	888	1375	634	1103	0.44600703164239075	0.31557989049278246
424	1.4375	881	1381	628	1110	0.44249121044701156	0.3125933300149328
425	1.44	880	1381	628	1111	0.4419889502762431	0.3125933300149328
426	1.4444444444444444	880	1382	627	1111	0.4419889502762431	0.3120955699352912
427	1.4545454545454546	873	1385	624	1118	0.4384731290808639	0.31060228969636633
428	1.4666666666666666	870	1385	624	1121	0.43696634856855854	0.31060228969636633
429	1.4666666666666668	870	1386	623	1121	0.43696634856855854	0.31010452961672474
430	1.4857142857142858	869	1387	622	1122	0.43646408839779005	0.3096067695370831
431	1.5	869	1388	621	1122	0.43646408839779005	0.3091090094574415
432	1.5238095238095235	840	1422	587	1151	0.42189854344550476	0.2921851667496267
433	1.5428571428571427	839	1424	585	1152	0.4213962832747363	0.29118964659034346
434	1.5454545454545454	838	1424	585	1153	0.42089402310396784	0.29118964659034346
435	1.5555555555555556	837	1424	585	1154	0.4203917629331994	0.29118964659034346
436	1.5625	829	1427	582	1162	0.41637368156705173	0.2896963663514186
437	1.5714285714285714	829	1428	581	1162	0.41637368156705173	0.289198606271777
438	1.5714285714285716	826	1433	576	1165	0.4148669010547464	0.2867098058735689
439	1.5833333333333333	825	1433	576	1166	0.4143646408839779	0.2867098058735689
440	1.6	819	1434	575	1172	0.41135107985936714	0.28621204579392734
441	1.6190476190476188	804	1449	560	1187	0.4038171772978403	0.2787456445993031
442	1.625	804	1451	558	1187	0.4038171772978403	0.2777501244400199
443	1.6363636363636362	794	1461	548	1197	0.3987945755901557	0.27277252364360377
444	1.65	794	1462	547	1197	0.3987945755901557	0.2722747635639622
445	1.6666666666666663	793	1464	545	1198	0.39829231541938726	0.27127924340467896
446	1.6666666666666667	793	1466	543	1198	0.39829231541938726	0.27028372324539574
447	1.6875	779	1482	527	1212	0.3912606730286288	0.26231956197112993
448	1.7	777	1482	527	1214	0.3902561526870919	0.26231956197112993
449	1.7142857142857142	770	1483	526	1221	0.3867403314917127	0.2618218018914883
450	1.7142857142857144	764	1486	523	1227	0.38372677046710196	0.2603285216525635
451	1.7333333333333332	764	1487	522	1227	0.38372677046710196	0.25983076157292184
452	1.7333333333333334	763	1487	522	1228	0.3832245102963335	0.25983076157292184
453	1.75	759	1490	519	1232	0.3812154696132597	0.25833748133399703
454	1.7500000000000002	748	1501	508	1243	0.3756906077348066	0.25286212045793927
455	1.7777777777777777	746	1503	506	1245	0.3746860873932697	0.25186660029865604
456	1.7857142857142858	740	1507	502	1251	0.37167252636865894	0.2498755599800896
457	1.7999999999999998	739	1507	502	1252	0.3711702661978905	0.2498755599800896
458	1.8	739	1509	500	1252	0.3711702661978905	0.24888003982080636
459	1.8055555555555558	729	1518	491	1262	0.3661476644902059	0.24440019910403185
460	1.818181818181818	729	1519	490	1262	0.3661476644902059	0.24390243902439024
461	1.8333333333333333	729	1520	489	1262	0.3661476644902059	0.24340467894474863
462	1.84	717	1528	481	1274	0.3601205424409844	0.23942259830761572
463	1.8518518518518519	716	1528	481	1275	0.35961828227021597	0.23942259830761572
464	1.8571428571428568	715	1529	480	1276	0.35911602209944754	0.2389248382279741
465	1.8666666666666665	715	1532	477	1276	0.35911602209944754	0.23743155798904927
466	1.8666666666666667	713	1535	474	1278	0.3581115017579106	0.23593827775012444
467	1.875	713	1536	473	1278	0.3581115017579106	0.23544051767048282
468	1.8888888888888888	710	1545	464	1281	0.3566047212456052	0.2309606769537083
469	1.8888888888888893	707	1545	464	1284	0.35509794073329987	0.2309606769537083
470	1.9	706	1546	463	1285	0.3545956805625314	0.2304629168740667
471	1.9047619047619049	704	1548	461	1287	0.35359116022099446	0.22946739671478347
472	1.9166666666666667	704	1549	460	1287	0.35359116022099446	0.22896963663514186
473	1.92	701	1549	460	1290	0.3520843797086891	0.22896963663514186
474	1.9259259259259256	700	1549	460	1291	0.3515821195379206	0.22896963663514186
475	1.9285714285714288	700	1550	459	1291	0.3515821195379206	0.22847187655550025
476	1.95	699	1550	459	1292	0.3510798593671522	0.22847187655550025
477	1.96	698	1550	459	1293	0.3505775991963837	0.22847187655550025
478	2.0	697	1550	459	1294	0.3500753390256153	0.22847187655550025
479	2.03125	661	1589	420	1330	0.3319939728779508	0.20905923344947736
480	2.0454545454545454	660	1589	420	1331	0.3314917127071823	0.20905923344947736
481	2.0625	659	1589	420	1332	0.3309894525364139	0.20905923344947736
482	2.083333333333333	658	1591	418	1333	0.3304871923656454	0.20806371329019413
483	2.095238095238096	658	1593	416	1333	0.3304871923656454	0.2070681931309109
484	2.1	657	1594	415	1334	0.32998493219487696	0.2065704330512693
485	2.1111111111111107	652	1595	414	1339	0.32747363134103463	0.20607267297162768
486	2.125	647	1596	413	1344	0.32496233048719236	0.20557491289198607
487	2.1250000000000004	640	1599	410	1351	0.3214465092918132	0.20408163265306123
488	2.1333333333333333	639	1600	409	1352	0.3209442491210447	0.20358387257341962
489	2.142857142857143	637	1600	409	1354	0.31993972877950777	0.20358387257341962
490	2.1428571428571432	631	1602	407	1360	0.316926167754897	0.2025883524141364
491	2.1538461538461537	627	1603	406	1364	0.3149171270718232	0.20209059233449478
492	2.16	626	1603	406	1365	0.31441486690105475	0.20209059233449478
493	2.1666666666666665	625	1603	406	1366	0.3139126067302863	0.20209059233449478
494	2.166666666666667	615	1605	404	1376	0.3088900050226017	0.20109507217521155
495	2.1818181818181817	614	1605	404	1377	0.30838774485183323	0.20109507217521155
496	2.1904761904761902	612	1605	404	1379	0.3073832245102963	0.20109507217521155
497	2.2	611	1605	404	1380	0.3068809643395279	0.20109507217521155
498	2.2222222222222223	604	1612	397	1387	0.3033651431441487	0.19761075161772026
499	2.24	601	1614	395	1390	0.3018583626318433	0.19661523145843704
500	2.25	601	1615	394	1390	0.3018583626318433	0.19611747137879543
501	2.2666666666666666	586	1630	379	1405	0.29432446007031643	0.18865107018417124
502	2.2857142857142856	585	1630	379	1406	0.29382219989954794	0.18865107018417124
503	2.2916666666666665	578	1633	376	1413	0.29030637870416875	0.1871577899452464
504	2.3	577	1633	376	1414	0.2898041185334003	0.1871577899452464
505	2.333333333333333	575	1633	376	1416	0.2887995981918634	0.1871577899452464
506	2.357142857142857	565	1641	368	1426	0.2837769964841788	0.1831757093081135
507	2.375	563	1641	368	1428	0.2827724761426419	0.1831757093081135
508	2.4	560	1641	368	1431	0.2812656956303365	0.1831757093081135
509	2.4000000000000004	548	1652	357	1443	0.27523857358111503	0.17770034843205576
510	2.4285714285714284	548	1653	356	1443	0.27523857358111503	0.17720258835241415
511	2.4375	546	1653	356	1445	0.2742340532395781	0.17720258835241415
512	2.4444444444444438	544	1654	355	1447	0.2732295328980412	0.17670482827277254
513	2.4444444444444446	542	1655	354	1449	0.2722250125565043	0.17620706819313092
514	2.454545454545455	541	1656	353	1450	0.2717227523857358	0.1757093081134893
515	2.5	541	1658	351	1450	0.2717227523857358	0.17471378795420608
516	2.5000000000000004	527	1674	335	1464	0.2646911099949774	0.16674962667994028
517	2.533333333333333	526	1676	333	1465	0.2641888498242089	0.16575410652065703
518	2.5454545454545454	523	1676	333	1468	0.2626820693119036	0.16575410652065703
519	2.55	523	1677	332	1468	0.2626820693119036	0.16525634644101542
520	2.555555555555556	522	1677	332	1469	0.2621798091411351	0.16525634644101542
521	2.5555555555555562	521	1677	332	1470	0.26167754897036666	0.16525634644101542
522	2.571428571428572	519	1677	332	1472	0.26067302862882974	0.16525634644101542
523	2.6	507	1681	328	1484	0.2546459065796082	0.16326530612244897
524	2.625	499	1683	326	1492	0.25062782521346055	0.16226978596316574
525	2.65625	497	1690	319	1494	0.24962330487192366	0.15878546540567445
526	2.6666666666666665	496	1690	319	1495	0.2491210447011552	0.15878546540567445
527	2.666666666666667	485	1707	302	1506	0.24359618282270215	0.15032354405176704
528	2.7	484	1707	302	1507	0.2430939226519337	0.15032354405176704
529	2.7142857142857144	480	1712	297	1511	0.24108488196885988	0.14783474365355898
530	2.727272727272727	477	1712	297	1514	0.2395781014565545	0.14783474365355898
531	2.75	477	1713	296	1514	0.2395781014565545	0.14733698357391736
532	2.76	469	1728	281	1522	0.23556002009040683	0.13987058237929317
533	2.7777777777777786	468	1728	281	1523	0.23505775991963837	0.13987058237929317
534	2.8	467	1728	281	1524	0.2345554997488699	0.13987058237929317
535	2.8125	460	1729	280	1531	0.2310396785534907	0.13937282229965156
536	2.833333333333333	460	1730	279	1531	0.2310396785534907	0.13887506222000995
537	2.85	455	1732	277	1536	0.22852837769964843	0.13787954206072672
538	2.8571428571428568	454	1732	277	1537	0.22802611752887997	0.13787954206072672
539	2.875	449	1736	273	1542	0.22551481667503767	0.13588850174216027
540	2.888888888888889	446	1736	273	1545	0.2240080361627323	0.13588850174216027
541	2.8928571428571432	442	1739	270	1549	0.22199899547965846	0.13439522150323543
542	2.9166666666666665	441	1739	270	1550	0.22149673530889	0.13439522150323543
543	2.916666666666667	440	1739	270	1551	0.22099447513812154	0.13439522150323543
544	2.9230769230769242	440	1741	268	1551	0.22099447513812154	0.1333997013439522
545	2.9333333333333336	439	1741	268	1552	0.22049221496735308	0.1333997013439522
546	3.0	439	1742	267	1552	0.22049221496735308	0.1329019412643106
547	3.0476190476190474	418	1769	240	1573	0.20994475138121546	0.11946241911398706
548	3.0666666666666664	417	1769	240	1574	0.209442491210447	0.11946241911398706
549	3.1	416	1769	240	1575	0.20894023103967854	0.11946241911398706
550	3.111111111111111	415	1769	240	1576	0.20843797086891008	0.11946241911398706
551	3.125	414	1770	239	1577	0.20793571069814162	0.11896465903434544
552	3.1428571428571432	412	1771	238	1579	0.20693119035660473	0.11846689895470383
553	3.1666666666666665	411	1771	238	1580	0.20642893018583627	0.11846689895470383
554	3.1875	405	1771	238	1586	0.20341536916122552	0.11846689895470383
555	3.2	401	1772	237	1590	0.20140632847815168	0.11796913887506222
556	3.2142857142857144	395	1778	231	1596	0.19839276745354092	0.11498257839721254
557	3.25	394	1778	231	1597	0.19789050728277247	0.11498257839721254
558	3.272727272727273	383	1783	226	1608	0.19236564540431944	0.11249377799900448
559	3.3	383	1784	225	1608	0.19236564540431944	0.11199601791936287
560	3.3000000000000003	382	1784	225	1609	0.19186338523355098	0.11199601791936287
561	3.333333333333333	380	1785	224	1611	0.19085886489201406	0.11149825783972125
562	3.375	373	1799	210	1618	0.18734304369663485	0.10452961672473868
563	3.4	372	1800	209	1619	0.1868407835258664	0.10403185664509706
564	3.4285714285714284	369	1800	209	1622	0.18533400301356104	0.10403185664509706
565	3.461538461538461	369	1801	208	1622	0.18533400301356104	0.10353409656545545
566	3.5	369	1802	207	1622	0.18533400301356104	0.10303633648581384
567	3.5000000000000004	359	1809	200	1632	0.18031140130587645	0.09955201592832255
568	3.555555555555556	357	1812	197	1634	0.17930688096433953	0.09805873568939771
569	3.5625	354	1813	196	1637	0.17780010045203415	0.0975609756097561
570	3.571428571428571	353	1813	196	1638	0.1772978402812657	0.0975609756097561
571	3.571428571428572	352	1813	196	1639	0.17679558011049723	0.0975609756097561
572	3.6	350	1813	196	1641	0.1757910597689603	0.0975609756097561
573	3.6666666666666665	339	1819	190	1652	0.1702661978905073	0.09457441513190643
574	3.666666666666667	335	1826	183	1656	0.16825715720743345	0.09109009457441514
575	3.7142857142857135	335	1827	182	1656	0.16825715720743345	0.09059233449477352
576	3.75	334	1831	178	1657	0.167754897036665	0.08860129417620707
577	3.7777777777777777	322	1835	174	1669	0.1617277749874435	0.08661025385764062
578	3.7777777777777786	321	1835	174	1670	0.16122551481667505	0.08661025385764062
579	3.8	319	1835	174	1672	0.16022099447513813	0.08661025385764062
580	3.8181818181818175	317	1836	173	1674	0.1592164741336012	0.08611249377799901
581	3.8333333333333335	316	1836	173	1675	0.15871421396283275	0.08611249377799901
582	3.8571428571428577	315	1836	173	1676	0.1582119537920643	0.08611249377799901
583	3.888888888888889	314	1838	171	1677	0.15770969362129583	0.08511697361871579
584	3.9375	314	1839	170	1677	0.15770969362129583	0.08461921353907417
585	3.9583333333333335	313	1839	170	1678	0.15720743345052737	0.08461921353907417
586	4.0	312	1839	170	1679	0.1567051732797589	0.08461921353907417
587	4.090909090909091	282	1862	147	1709	0.14163736815670516	0.07317073170731707
588	4.125	280	1862	147	1711	0.14063284781516824	0.07317073170731707
589	4.166666666666667	280	1866	143	1711	0.14063284781516824	0.07117969138875062
590	4.2	279	1866	143	1712	0.1401305876443998	0.07117969138875062
591	4.2222222222222205	275	1870	139	1716	0.13812154696132597	0.06918865107018417
592	4.25	272	1870	139	1719	0.1366147664490206	0.06918865107018417
593	4.250000000000001	268	1870	139	1723	0.13460572576594676	0.06918865107018417
594	4.266666666666667	267	1871	138	1724	0.1341034655951783	0.06869089099054256
595	4.285714285714286	265	1871	138	1726	0.13309894525364138	0.06869089099054256
596	4.333333333333333	262	1871	138	1729	0.131592164741336	0.06869089099054256
597	4.333333333333334	258	1872	137	1733	0.12958312405826217	0.06819313091090094
598	4.363636363636363	258	1873	136	1733	0.12958312405826217	0.06769537083125933
599	4.4	258	1875	134	1733	0.12958312405826217	0.0666998506719761
600	4.4444444444444455	253	1876	133	1738	0.1270718232044199	0.06620209059233449
601	4.5	249	1876	133	1742	0.12506278252134606	0.06620209059233449
602	4.571428571428571	236	1882	127	1755	0.1185334003013561	0.06321553011448482
603	4.666666666666667	234	1882	127	1757	0.11752887995981919	0.06321553011448482
604	4.714285714285714	232	1884	125	1759	0.11652435961828227	0.06222000995520159
605	4.75	232	1885	124	1759	0.11652435961828227	0.06172224987555998
606	4.8	229	1885	124	1762	0.1150175791059769	0.06172224987555998
607	4.800000000000002	228	1888	121	1763	0.11451531893520844	0.06022896963663514
608	4.857142857142857	228	1889	120	1763	0.11451531893520844	0.05973120955699353
609	4.875	227	1889	120	1764	0.11401305876443998	0.05973120955699353
610	5.0	224	1890	119	1767	0.1125062782521346	0.059233449477351915
611	5.000000000000001	215	1896	113	1776	0.10798593671521849	0.05624688899950224
612	5.1000000000000005	213	1897	112	1778	0.10698141637368157	0.05574912891986063
613	5.1111111111111125	212	1898	111	1779	0.10647915620291311	0.055251368840219015
614	5.133333333333334	211	1898	111	1780	0.10597689603214465	0.055251368840219015
615	5.142857142857143	211	1899	110	1780	0.10597689603214465	0.0547536087605774
616	5.2	208	1901	108	1783	0.10447011551983927	0.05375808860129418
617	5.25	207	1901	108	1784	0.10396785534907081	0.05375808860129418
618	5.333333333333333	205	1903	106	1786	0.10296333500753391	0.05276256844201095
619	5.4	198	1911	98	1793	0.09944751381215469	0.04878048780487805
620	5.416666666666666	197	1912	97	1794	0.09894525364138623	0.04828272772523644
621	5.428571428571429	195	1912	97	1796	0.09794073329984933	0.04828272772523644
622	5.454545454545454	194	1912	97	1797	0.09743847312908087	0.04828272772523644
623	5.5	194	1913	96	1797	0.09743847312908087	0.047784967645594825
624	5.571428571428572	185	1917	92	1806	0.09291813159216473	0.045793927327028375
625	5.6	184	1917	92	1807	0.09241587142139629	0.045793927327028375
626	5.625	183	1918	91	1808	0.09191361125062783	0.04529616724738676
627	5.666666666666668	182	1919	90	1809	0.09141135107985937	0.04479840716774515
628	5.7	173	1921	88	1818	0.08689100954294325	0.043802887008461924
629	5.7142857142857135	172	1921	88	1819	0.08638874937217479	0.043802887008461924
630	5.749999999999999	171	1921	88	1820	0.08588648920140633	0.043802887008461924
631	5.75	170	1921	88	1821	0.08538422903063787	0.043802887008461924
632	5.833333333333334	166	1921	88	1825	0.08337518834756404	0.043802887008461924
633	6.0	165	1924	85	1826	0.08287292817679558	0.042309606769537086
634	6.222222222222222	153	1938	71	1838	0.07684580612757408	0.0353409656545545
635	6.25	149	1939	70	1842	0.07483676544450026	0.03484320557491289
636	6.2857142857142865	148	1939	70	1843	0.0743345052737318	0.03484320557491289
637	6.3000000000000025	147	1939	70	1844	0.07383224510296334	0.03484320557491289
638	6.333333333333332	146	1939	70	1845	0.07332998493219488	0.03484320557491289
639	6.375	144	1940	69	1847	0.07232546459065796	0.03434544549527128
640	6.4	141	1940	69	1850	0.07081868407835258	0.03434544549527128
641	6.428571428571429	138	1940	69	1853	0.06931190356604722	0.03434544549527128
642	6.5	136	1943	66	1855	0.0683073832245103	0.03285216525634644
643	6.666666666666668	128	1945	64	1863	0.06428930185836264	0.031856645097063215
644	6.75	123	1949	60	1868	0.06177800100452034	0.029865604778496764
645	6.8	120	1950	59	1871	0.06027122049221497	0.02936784469885515
646	6.857142857142858	120	1951	58	1871	0.06027122049221497	0.02887008461921354
647	6.875	119	1951	58	1872	0.05976896032144651	0.02887008461921354
648	7.0	119	1952	57	1872	0.05976896032144651	0.028372324539571926
649	7.000000000000001	114	1955	54	1877	0.05725765946760422	0.02687904430064709
650	7.1111111111111125	111	1956	53	1880	0.055750878955298844	0.026381284221005476
651	7.125	110	1956	53	1881	0.055248618784530384	0.026381284221005476
652	7.2	109	1956	53	1882	0.05474635861376193	0.026381284221005476
653	7.333333333333332	107	1956	53	1884	0.053741838272225013	0.026381284221005476
654	7.333333333333334	105	1958	51	1886	0.052737317930688095	0.02538576406172225
655	7.5	104	1958	51	1887	0.052235057759919636	0.02538576406172225
656	7.555555555555558	102	1960	49	1889	0.051230537418382724	0.024390243902439025
657	7.666666666666668	101	1960	49	1890	0.050728277247614265	0.024390243902439025
658	7.700000000000001	100	1960	49	1891	0.050226017076845805	0.024390243902439025
659	7.7142857142857135	100	1961	48	1891	0.050226017076845805	0.023892483822797413
660	7.800000000000002	99	1961	48	1892	0.049723756906077346	0.023892483822797413
661	7.857142857142858	98	1962	47	1893	0.04922149673530889	0.0233947237431558
662	7.875	98	1963	46	1893	0.04922149673530889	0.022896963663514187
663	8.0	97	1963	46	1894	0.048719236564540434	0.022896963663514187
664	8.125	88	1969	40	1903	0.04419889502762431	0.019910403185664508
665	8.25	88	1972	37	1903	0.04419889502762431	0.01841712294673967
666	8.333333333333334	88	1973	36	1903	0.04419889502762431	0.017919362867098058
667	8.4	87	1973	36	1904	0.04369663485685585	0.017919362867098058
668	8.444444444444445	86	1974	35	1905	0.043194374686087396	0.017421602787456445
669	8.5	84	1974	35	1907	0.04218985434455048	0.017421602787456445
670	8.666666666666666	82	1974	35	1909	0.04118533400301356	0.017421602787456445
671	9.0	81	1975	34	1910	0.040683073832245106	0.016923842707814832
672	9.142857142857142	76	1980	29	1915	0.03817177297840281	0.01443504230960677
673	9.428571428571429	76	1981	28	1915	0.03817177297840281	0.013937282229965157
674	9.5	75	1981	28	1916	0.03766951280763436	0.013937282229965157
675	9.583333333333334	74	1981	28	1917	0.0371672526368659	0.013937282229965157
676	9.6	73	1981	28	1918	0.03666499246609744	0.013937282229965157
677	9.75	72	1983	26	1919	0.03616273229532898	0.012941762070681932
678	10.0	71	1983	26	1920	0.03566047212456052	0.012941762070681932
679	10.000000000000002	65	1985	24	1926	0.03264691109994977	0.011946241911398706
680	10.4	64	1985	24	1927	0.03214465092918132	0.011946241911398706
681	10.5	63	1985	24	1928	0.03164239075841286	0.011946241911398706
682	10.666666666666666	59	1986	23	1932	0.029633350075339026	0.011448481831757094
683	10.833333333333332	59	1987	22	1932	0.029633350075339026	0.010950721752115481
684	10.857142857142858	58	1987	22	1933	0.029131089904570567	0.010950721752115481
685	11.0	57	1987	22	1934	0.02862882973380211	0.010950721752115481
686	11.2	52	1990	19	1939	0.026117528879959818	0.009457441513190641
687	11.25	51	1990	19	1940	0.025615268709191362	0.009457441513190641
688	11.333333333333336	49	1991	18	1942	0.024610748367654443	0.008959681433549029
689	11.4	46	1991	18	1945	0.023103967855349072	0.008959681433549029
690	11.555555555555555	45	1991	18	1946	0.022601707684580613	0.008959681433549029
691	12.0	44	1991	18	1947	0.022099447513812154	0.008959681433549029
692	12.142857142857142	37	1994	15	1954	0.01858362631843295	0.007466401194624191
693	12.5	36	1994	15	1955	0.01808136614766449	0.007466401194624191
694	12.6	36	1995	14	1955	0.01808136614766449	0.006968641114982578
695	13.0	35	1995	14	1956	0.01757910597689603	0.006968641114982578
696	13.125	32	1995	14	1959	0.01607232546459066	0.006968641114982578
697	13.18181818181818	30	1995	14	1961	0.015067805123053743	0.006968641114982578
698	13.6	29	1995	14	1962	0.014565544952285283	0.006968641114982578
699	13.714285714285715	28	1995	14	1963	0.014063284781516826	0.006968641114982578
700	13.888888888888884	27	1995	14	1964	0.013561024610748368	0.006968641114982578
701	14.0	26	1995	14	1965	0.013058764439979909	0.006968641114982578
702	14.000000000000002	24	1996	13	1967	0.012054244098442994	0.006470881035340966
703	14.666666666666664	23	1996	13	1968	0.011551983927674536	0.006470881035340966
704	15.0	23	1997	12	1968	0.011551983927674536	0.005973120955699353
705	15.6	20	1999	10	1971	0.010045203415369162	0.004977600796416127
706	16.0	18	1999	10	1973	0.009040683073832245	0.004977600796416127
707	16.25	18	2000	9	1973	0.009040683073832245	0.004479840716774514
708	16.8	17	2000	9	1974	0.008538422903063787	0.004479840716774514
709	17.333333333333332	16	2000	9	1975	0.00803616273229533	0.004479840716774514
710	17.5	15	2000	9	1976	0.007533902561526871	0.004479840716774514
711	18.0	15	2001	8	1976	0.007533902561526871	0.003982080637132902
712	18.33333333333333	11	2001	8	1980	0.0055248618784530384	0.003982080637132902
713	19.0	10	2001	8	1981	0.005022601707684581	0.003982080637132902
714	20.0	8	2002	7	1983	0.004018081366147665	0.003484320557491289
715	21.0	7	2002	7	1984	0.0035158211953792064	0.003484320557491289
716	21.33333333333333	7	2003	6	1984	0.0035158211953792064	0.0029865604778496766
717	22.0	6	2003	6	1985	0.0030135610246107484	0.0029865604778496766
718	22.5	6	2004	5	1985	0.0030135610246107484	0.0024888003982080635
719	23.333333333333336	6	2005	4	1985	0.0030135610246107484	0.001991040318566451
720	24.5	5	2005	4	1986	0.0025113008538422904	0.001991040318566451
721	26.0	5	2006	3	1986	0.0025113008538422904	0.0014932802389248383
722	28.0	5	2007	2	1986	0.0025113008538422904	0.0009955201592832255
723	31.5	4	2008	1	1987	0.0020090406830738324	0.0004977600796416127
724	35.0	3	2008	1	1988	0.0015067805123053742	0.0004977600796416127
725	40.0	2	2008	1	1989	0.0010045203415369162	0.0004977600796416127
726	44.33333333333334	2	2009	0	1989	0.0010045203415369162	0.0
727	48.0	1	2009	0	1990	0.0005022601707684581	0.0
