	IterId	dN	dS	pN	pS	bdN	bpN	MkScore	FSPVal	SelCoef	PosSel
0	Iter0001	10	7	3	5	0	0	2.380952380952381	0.4109839816933643	-0.00011893863000000001	0
1	Iter0002	5	5	2	2	0	0	1.0	1.0	-0.0005657711416580001	0
2	Iter0003	11	3	2	4	0	0	7.333333333333332	0.12192982456140397	-0.000208271902857	0
3	Iter0004	10	2	2	1	0	0	2.5	0.5164835164835135	-0.000342095730885	0
4	Iter0005	5	4	1	4	0	0	5.0	0.3006993006992999	-0.000289024083	0
5	Iter0006	5	7	5	0	0	0	0.125	0.04411764705882346	0.0	0
6	Iter0007	3	4	4	2	0	0	0.375	0.5920745920745949	-8.092480000000001e-06	0
7	Iter0008	7	6	4	2	0	0	0.5833333333333334	1.0	-0.0005472616668876	0
8	Iter0009	9	5	1	2	0	0	3.6	0.5367647058823537	-0.00019142060089999999	0
9	Iter0010	5	2	4	3	0	0	1.875	1.0	-2.061795e-06	0
10	Iter0011	2	9	6	2	0	0	0.07407407407407407	0.023735810113519183	0.0	0
11	Iter0012	11	6	1	0	0	0	0.8571428571428571	1.0	-9.29157202e-05	0
12	Iter0013	7	5	5	1	0	0	0.28	0.6000323206205556	-0.0008456391056966201	0
13	Iter0014	3	3	2	2	0	0	1.0	1.0	-0.00105894	0
14	Iter0015	7	5	4	0	0	0	0.26666666666666666	0.2445054945054937	-0.000380285093006	0
15	Iter0016	7	10	1	1	0	0	0.7	1.0	-0.000115307	0
16	Iter0017	5	7	5	2	0	0	0.2857142857142857	0.3498452012383895	-0.00058940707	0
17	Iter0018	7	7	3	1	0	0	0.3333333333333333	0.5882352941176482	-9.75544327e-05	0
18	Iter0019	7	3	3	1	0	0	0.7777777777777778	1.0	-2.05491e-09	0
19	Iter0020	10	6	3	2	0	0	1.1111111111111112	1.0	-0.000548314993	0
20	Iter0021	5	7	3	0	0	0	0.1875	0.19999999999999934	-1.9026996000000005e-05	0
21	Iter0022	10	8	2	2	0	0	1.25	1.0	-0.0015500505	0
22	Iter0023	1	8	2	1	0	0	0.0625	0.1272727272727274	0.0	0
23	Iter0024	6	10	1	4	0	0	2.4	0.6243550051599609	-0.000430631	0
24	Iter0025	4	7	3	5	0	0	0.9523809523809524	1.0	-7.203125999999999e-05	0
25	Iter0026	4	2	1	2	0	0	4.0	0.5238095238095238	-6.49741000454766e-05	0
26	Iter0027	7	3	4	0	0	0	0.4	0.5054945054945056	-0.0007578146000000001	0
27	Iter0028	6	5	1	4	0	0	4.8	0.3076923076923075	-4.511335e-05	0
28	Iter0029	5	3	6	1	0	0	0.2777777777777778	0.5692307692307679	-8.11725e-05	0
29	Iter0030	4	8	4	1	0	0	0.125	0.13122171945701328	0.0	0
30	Iter0031	4	10	2	0	0	0	0.15151515151515152	0.12499999999999975	-0.00031865800000000004	0
31	Iter0032	2	8	4	3	0	0	0.1875	0.16176470588235314	-1.6643065811999999e-06	0
32	Iter0033	3	9	4	1	0	0	0.08333333333333333	0.1006787330316741	-4.01326e-05	0
33	Iter0034	3	9	2	3	0	0	0.5	0.6000323206205531	-1.59243e-06	0
34	Iter0035	3	7	5	2	0	0	0.17142857142857146	0.153434800493624	0.0	0
35	Iter0036	7	7	2	2	0	0	1.0	1.0	-0.0005659014402540001	0
36	Iter0037	2	9	6	3	0	0	0.1111111111111111	0.06477732793522263	0.0	0
37	Iter0038	7	7	2	0	0	0	0.3333333333333333	0.4749999999999993	-0.000217533448	0
38	Iter0039	3	5	1	2	0	0	1.2	1.0	-3.10648e-06	0
39	Iter0040	2	3	1	0	0	0	0.375	1.0	-0.00032226342	0
40	Iter0041	6	4	1	3	0	0	4.5	0.5594405594405594	-3.262444e-06	0
41	Iter0042	3	5	4	1	0	0	0.15	0.2657342657342665	-4.16273000158137e-06	0
42	Iter0043	8	6	2	1	0	0	0.6666666666666666	1.0	-0.000941474	0
43	Iter0044	6	2	6	1	0	0	0.5	1.0	-1.68793e-13	0
44	Iter0045	6	2	3	3	0	0	3.0	0.5804195804195795	-0.0010661246142900003	0
45	Iter0046	6	3	1	2	0	0	4.0	0.5227272727272733	-9.953640642e-05	0
46	Iter0047	5	7	9	5	0	0	0.3968253968253968	0.4312397361690676	-5.5651e-06	0
47	Iter0048	6	6	4	0	0	0	0.2	0.23351648351648305	-4.887845e-05	0
48	Iter0049	8	7	4	2	0	0	0.5714285714285714	0.6594427244582047	-3.58301e-06	0
49	Iter0050	5	3	2	0	0	0	0.5	1.0	-6.7213e-06	0
50	Iter0051	6	6	4	2	0	0	0.5	0.6380090497737558	-0.000173628372	0
51	Iter0052	4	5	4	2	0	0	0.4	0.6083916083916074	-2.72583600342884e-05	0
52	Iter0053	5	9	7	5	0	0	0.3968253968253969	0.4312397361690676	-0.00022707628849999998	0
53	Iter0054	9	4	2	0	0	0	0.6666666666666666	1.0	-0.0001594176295	0
54	Iter0055	4	8	0	0	0	0	0.5555555555555556	1.0	-0.000680780593	0
55	Iter0056	7	7	4	2	0	0	0.5	0.6424148606811164	-0.0007200518603000001	0
56	Iter0057	3	4	3	2	0	0	0.5	1.0	-3.96575e-05	0
57	Iter0058	2	6	0	1	0	0	0.8571428571428571	1.0	-1.04726e-10	0
58	Iter0059	2	10	5	2	0	0	0.08	0.04491148686195125	0.0	0
59	Iter0060	8	3	2	1	0	0	1.3333333333333333	1.0	-5.4331708e-06	0
60	Iter0061	6	7	3	2	0	0	0.5714285714285714	1.0	-6.5074353e-05	0
61	Iter0062	8	8	5	2	0	0	0.4	0.4050343249427904	-0.000443833293	0
62	Iter0063	6	4	5	2	0	0	0.6	1.0	-2.52642818269e-05	0
63	Iter0064	4	5	2	0	0	0	0.2777777777777778	0.4545454545454538	-0.00028559799999999997	0
64	Iter0065	9	4	1	1	0	0	2.25	1.0	-0.00017748529	0
65	Iter0066	2	3	4	2	0	0	0.3333333333333333	0.5670995670995663	0.0	0
66	Iter0067	8	8	2	1	0	0	0.5	1.0	-2.8960623e-05	0
67	Iter0068	7	3	3	1	0	0	0.7777777777777778	1.0	-4.1172643e-05	0
68	Iter0069	4	6	3	3	0	0	0.6666666666666666	1.0	-4.24754e-11	0
69	Iter0070	2	9	2	0	0	0	0.1	0.07692307692307712	-4.57952e-08	0
70	Iter0071	12	8	4	3	0	0	1.125	1.0	-9.7677863e-05	0
71	Iter0072	7	3	3	2	0	0	1.5555555555555556	1.0	0.0	0
72	Iter0073	6	5	7	3	0	0	0.5142857142857142	0.6594427244582042	-7.3967031e-05	0
73	Iter0074	6	10	3	3	0	0	0.6	0.6550199026979192	-6.768860000000001e-05	0
74	Iter0075	3	5	1	2	0	0	1.2	1.0	-7.33172e-06	0
75	Iter0076	9	3	4	3	0	0	2.25	0.6168730650154765	-7.432321635e-05	0
76	Iter0077	6	3	8	2	0	0	0.5	0.6284829721362238	-0.00036579995	0
77	Iter0078	6	15	3	1	0	0	0.13333333333333333	0.11620553359683827	-0.00016743299999999998	0
78	Iter0079	5	2	0	0	0	0	2.0	1.0	-3.26122e-05	0
79	Iter0080	5	6	4	0	0	0	0.17142857142857146	0.10329670329670301	-5.2315099999999997e-05	0
80	Iter0081	6	6	6	3	0	0	0.5	0.6604905929983331	-8.732547e-06	0
81	Iter0082	8	14	0	2	0	0	1.8	0.5362318840579725	-0.0002064316029	0
82	Iter0083	8	8	5	1	0	0	0.2	0.33303847854931445	-0.000100397488	0
83	Iter0084	16	7	5	2	0	0	0.9142857142857144	1.0	-0.00096498602262	0
84	Iter0085	6	5	3	3	0	0	1.2	1.0	-0.0007444509380000001	0
85	Iter0086	5	3	4	2	0	0	0.8333333333333334	1.0	-0.0006151432499999999	0
86	Iter0087	3	4	3	0	0	0	0.2	0.20000000000000007	-1.3601e-07	0
87	Iter0088	9	5	9	1	0	0	0.2	0.34080507593093473	-0.00030560827547041	0
88	Iter0089	8	6	1	2	0	0	2.6666666666666665	0.5764705882352932	-0.000550666207	0
89	Iter0090	5	4	5	4	0	0	1.0	1.0	-1.81298e-07	0
90	Iter0091	6	5	5	3	0	0	0.72	1.0	-0.00022248609	0
91	Iter0092	7	6	2	3	0	0	1.7500000000000002	1.0	-0.00026767802800000003	0
92	Iter0093	7	7	3	1	0	0	0.3333333333333333	0.5882352941176482	-1.4314382e-05	0
93	Iter0094	5	3	1	2	0	0	3.333333333333333	0.5454545454545457	-1.0208027999999998e-06	0
94	Iter0095	2	4	6	3	0	0	0.25	0.3146853146853143	0.0	0
95	Iter0096	11	5	3	6	0	0	4.4	0.1153210391708179	-0.0006546263500000001	0
96	Iter0097	8	3	9	3	0	0	0.8888888888888888	1.0	-9.644548999999999e-08	0
97	Iter0098	2	4	1	0	0	0	0.3	0.4285714285714287	-0.000585495	0
98	Iter0099	3	3	1	2	0	0	2.0	1.0	0.0	0
99	Iter0100	8	4	1	3	0	0	6.0	0.2615384615384607	-0.000116533	0
100	Iter0101	5	9	6	2	0	0	0.1851851851851852	0.18266253869969068	-0.00021921394999999997	0
101	Iter0102	6	2	3	0	0	0	0.5833333333333334	1.0	-3.1464321853000003e-06	0
102	Iter0103	5	4	2	1	0	0	0.625	1.0	-0.0005991549	0
103	Iter0104	7	2	3	1	0	0	1.1666666666666667	1.0	-0.00010591195000000001	0
104	Iter0105	4	3	2	2	0	0	1.3333333333333333	1.0	-0.0006775972999999999	0
105	Iter0106	7	9	3	1	0	0	0.25925925925925924	0.5820433436532529	-1.46515500179349e-05	0
106	Iter0107	4	4	8	1	0	0	0.125	0.1312217194570132	-5.7758399e-05	0
107	Iter0108	10	5	1	2	0	0	4.0	0.5281862745098056	-0.00042919170999999997	0
108	Iter0109	3	16	2	2	0	0	0.1875	0.19367588932806265	0.0	0
109	Iter0110	7	7	1	1	0	0	1.0	1.0	-1.1596968000000001e-08	0
110	Iter0111	6	5	5	1	0	0	0.24	0.3333872010342601	-0.000312491031310846	0
111	Iter0112	9	8	3	0	0	0	0.2777777777777778	0.2421052631578948	-0.0006093620426	0
112	Iter0113	1	6	4	2	0	0	0.08333333333333333	0.10256410256410277	0.0	0
113	Iter0114	5	4	0	3	0	0	4.8	0.20454545454545495	-5.992390000000001e-05	0
114	Iter0115	7	6	4	0	0	0	0.22857142857142854	0.23739495798319205	-0.0002300763	0
115	Iter0116	8	4	4	1	0	0	0.5	1.0	-0.00027702206697	0
116	Iter0117	14	8	6	2	0	0	0.5833333333333334	0.6821281666858948	-8.834483006808062e-05	0
117	Iter0118	8	11	0	3	0	0	3.0	0.2727272727272726	-6.785069999999998e-06	0
118	Iter0119	7	3	2	3	0	0	3.5000000000000004	0.3286713286713279	-0.0001293509	0
119	Iter0120	6	10	2	3	0	0	0.9	1.0	-3.4969e-09	0
120	Iter0121	3	5	5	1	0	0	0.12	0.13752913752913742	0.0	0
121	Iter0122	5	7	2	0	0	0	0.25	0.4615384615384607	-0.000300529596314	0
122	Iter0123	5	8	2	3	0	0	0.9375	1.0	-0.00067288005531	0
123	Iter0124	9	6	4	0	0	0	0.2857142857142857	0.2554179566563461	-0.0007049146745358999	0
124	Iter0125	5	6	1	4	0	0	3.333333333333333	0.5879120879120885	-4.84664e-05	0
125	Iter0126	2	9	2	3	0	0	0.3333333333333333	0.5467032967032942	0.0	0
126	Iter0127	7	3	3	5	0	0	3.888888888888889	0.34156040038393154	-0.00046842799479999996	0
127	Iter0128	8	6	3	1	0	0	0.4444444444444444	1.0	-3.1130482781999994e-06	0
128	Iter0129	7	4	0	1	0	0	3.2	0.4166666666666672	-5.0475198e-05	0
129	Iter0130	5	5	4	3	0	0	0.75	1.0	-0.00022643626000000002	0
130	Iter0131	4	7	7	4	0	0	0.32653061224489793	0.3948559180757324	-2.7750193999999998e-05	0
131	Iter0132	2	7	4	3	0	0	0.21428571428571427	0.3024475524475516	0.0	0
132	Iter0133	5	6	4	2	0	0	0.4166666666666667	0.6199095022624437	-3.74728894e-05	0
133	Iter0134	7	9	7	2	0	0	0.22222222222222224	0.20771570870911452	-0.0016585354	0
134	Iter0135	8	7	0	4	0	0	5.625	0.10319917440660482	-9.996032722849e-06	0
135	Iter0136	6	7	8	2	0	0	0.21428571428571427	0.19679633867276894	-0.00079456495	0
136	Iter0137	4	3	4	2	0	0	0.6666666666666666	1.0	-3.7251e-05	0
137	Iter0138	5	3	0	4	0	0	7.5	0.08080808080808108	-0.000407687	0
138	Iter0139	3	6	3	1	0	0	0.16666666666666666	0.26573426573426634	0.0	0
139	Iter0140	5	4	2	2	0	0	1.25	1.0	-0.0004931766	0
140	Iter0141	4	6	2	1	0	0	0.3333333333333333	0.5594405594405605	-1.535858882e-05	0
141	Iter0142	8	4	5	2	0	0	0.8	1.0	-5.8449308400000005e-05	0
142	Iter0143	10	2	4	4	0	0	5.0	0.16109391124871014	-0.00023254376809999998	0
143	Iter0144	5	6	1	2	0	0	1.6666666666666667	1.0	-0.000508254	0
144	Iter0145	6	5	0	2	0	0	3.5000000000000004	0.4615384615384627	-7.63232e-06	0
145	Iter0146	7	3	5	2	0	0	0.9333333333333332	1.0	-0.00019289418	0
146	Iter0147	5	7	1	2	0	0	1.4285714285714286	1.0	-8.28850211e-05	0
147	Iter0148	5	7	4	0	0	0	0.15	0.08846153846153812	-1.5281765e-05	0
148	Iter0149	10	6	4	1	0	0	0.4166666666666667	0.6243550051599609	-0.00016440856999999997	0
149	Iter0150	4	5	7	1	0	0	0.1142857142857143	0.13122171945701314	-0.00021015889999999998	0
150	Iter0151	8	7	6	0	0	0	0.16071428571428573	0.060887512899896974	-0.00030589049999999997	0
151	Iter0152	3	1	1	0	0	0	1.0	1.0	-3.142439e-05	0
152	Iter0153	8	6	1	1	0	0	1.3333333333333333	1.0	-0.0006290237500000001	0
153	Iter0154	8	2	2	0	0	0	1.0	1.0	-9.268450850000001e-05	0
154	Iter0155	3	7	5	1	0	0	0.08571428571428573	0.11888111888111895	-2.04197e-06	0
155	Iter0156	7	6	1	1	0	0	1.1666666666666667	1.0	-6.474385928000001e-06	0
156	Iter0157	6	7	4	0	0	0	0.175	0.10294117647058773	-8.851672e-05	0
157	Iter0158	9	5	4	2	0	0	0.9	1.0	-0.000180233	0
158	Iter0159	6	6	2	0	0	0	0.3333333333333333	0.4725274725274709	-0.000511954819	0
159	Iter0160	7	7	2	4	0	0	2.0	0.6424148606811164	-6.59289488e-05	0
160	Iter0161	3	5	4	2	0	0	0.3	0.5920745920745929	-0.00034045463400000003	0
161	Iter0162	2	4	3	5	0	0	0.8333333333333334	1.0	0.0	0
162	Iter0163	4	2	8	0	0	0	0.1851851851851852	0.16483516483516408	-5.23885e-06	0
163	Iter0164	6	3	2	1	0	0	1.0	1.0	-0.00010752710699341001	0
164	Iter0165	9	2	2	0	0	0	1.1111111111111112	1.0	-0.00105877600168388	0
165	Iter0166	8	6	4	5	0	0	1.6666666666666663	0.6801722977520513	-0.0007031818	0
166	Iter0167	6	7	4	1	0	0	0.21428571428571427	0.3137254901960782	-1.4974150000940525e-06	0
167	Iter0168	6	6	5	2	0	0	0.4	0.6332460109549873	-5.839280851299999e-05	0
168	Iter0169	11	6	4	6	0	0	2.75	0.25659801678108674	-1.9401074000000002e-05	0
169	Iter0170	3	7	5	3	0	0	0.2571428571428571	0.3415604003839314	-5.43625e-05	0
170	Iter0171	2	6	4	1	0	0	0.08333333333333333	0.10256410256410298	-1.77154e-07	0
171	Iter0172	3	10	7	3	0	0	0.12857142857142856	0.03968040305366987	-1.37885e-06	0
172	Iter0173	6	4	5	0	0	0	0.2333333333333333	0.23076923076923034	-7.232202e-07	0
173	Iter0174	3	1	2	1	0	0	1.5	1.0	0.0	0
174	Iter0175	4	3	3	2	0	0	0.8888888888888888	1.0	-0.000506843	0
175	Iter0176	6	6	5	0	0	0	0.16666666666666666	0.10229476405946963	-5.430795475494999e-05	0
176	Iter0177	4	6	2	2	0	0	0.6666666666666666	1.0	-8.499996697247e-05	0
177	Iter0178	11	8	2	1	0	0	0.6875	1.0	-0.000437417838	0
178	Iter0179	6	4	1	1	0	0	1.5	1.0	-0.0001239421548	0
179	Iter0180	3	10	5	5	0	0	0.3	0.221294925292772	0.0	0
180	Iter0181	8	7	10	3	0	0	0.3428571428571428	0.2543096872616309	0.0	0
181	Iter0182	4	4	0	3	0	0	4.0	0.23636363636363655	-2.45075e-05	0
182	Iter0183	7	7	6	0	0	0	0.14285714285714285	0.05149638802889595	-2.0781212000000003e-05	0
183	Iter0184	6	6	2	1	0	0	0.5	1.0	-2.41082e-06	0
184	Iter0185	13	6	4	0	0	0	0.4	0.5392433653303182	-4.346021938300001e-05	0
185	Iter0186	5	5	4	1	0	0	0.25	0.5804195804195791	-7.2937639999999985e-06	0
186	Iter0187	4	5	4	2	0	0	0.4	0.6083916083916074	-4.738215e-06	0
187	Iter0188	10	8	2	1	0	0	0.625	1.0	-0.0003829861044	0
188	Iter0189	4	5	3	0	0	0	0.20833333333333331	0.2045454545454545	-2.11088e-11	0
189	Iter0190	7	4	3	2	0	0	1.1666666666666667	1.0	-8.10664734e-05	0
190	Iter0191	1	3	4	3	0	0	0.25	0.5454545454545454	0.0	0
191	Iter0192	8	8	2	2	0	0	1.0	1.0	-0.00033184969999999997	0
192	Iter0193	8	4	1	1	0	0	2.0	1.0	-0.00024818140980913	0
193	Iter0194	8	3	2	0	0	0	0.75	1.0	-0.00013028591	0
194	Iter0195	6	5	1	2	0	0	2.4	1.0	-9.90645e-05	0
195	Iter0196	2	8	6	2	0	0	0.08333333333333333	0.05361305361305376	-1.3876599999999998e-06	0
196	Iter0197	2	5	5	3	0	0	0.24	0.3146853146853151	-0.000351981261	0
197	Iter0198	9	6	6	0	0	0	0.20408163265306126	0.12293601651186804	-0.0015791446	0
198	Iter0199	6	3	1	2	0	0	4.0	0.5227272727272733	-6.320795683763e-05	0
199	Iter0200	5	5	4	2	0	0	0.5	0.6328671328671309	-4.00018e-05	0
200	Iter0201	4	10	1	8	0	0	3.2	0.6105679217807348	-3.569516e-05	0
201	Iter0202	5	3	4	0	0	0	0.3	0.4909090909090921	-0.0004759979	0
202	Iter0203	8	3	8	3	0	0	1.0	1.0	-4.50676e-14	0
203	Iter0204	7	6	3	0	0	0	0.2857142857142857	0.2499999999999989	-0.0002087990314	0
204	Iter0205	12	8	0	2	0	0	4.333333333333334	0.19480519480519484	-0.00098939533052	0
205	Iter0206	5	2	5	0	0	0	0.3333333333333333	0.46969696969697	-3.59248e-05	0
206	Iter0207	3	5	5	4	0	0	0.48	0.6371863430686965	-2.39434e-09	0
207	Iter0208	6	5	3	3	0	0	1.2	1.0	-9.708242e-07	0
208	Iter0209	5	6	4	5	0	0	1.0416666666666667	1.0	-0.00031139342100000003	0
209	Iter0210	4	10	4	0	0	0	0.09090909090909093	0.022875816993464183	-0.00024203568	0
210	Iter0211	8	7	9	1	0	0	0.12698412698412698	0.08753900561680944	-8.185272080124693e-06	0
211	Iter0212	15	6	3	3	0	0	2.5	0.367345697780484	-0.000433182692	0
212	Iter0213	6	4	1	3	0	0	4.5	0.5594405594405594	-4.488430000000001e-05	0
213	Iter0214	6	3	3	0	0	0	0.4375	0.5090909090909093	-0.0001709989422	0
214	Iter0215	3	3	2	2	0	0	1.0	1.0	-1.2656e-05	0
215	Iter0216	6	8	3	4	0	0	1.0	1.0	-0.000883232	0
216	Iter0217	7	2	4	2	0	0	1.75	1.0	-0.0001709703	0
217	Iter0218	4	4	5	2	0	0	0.4	0.6083916083916073	-3.0097329999999996e-06	0
218	Iter0219	3	3	4	4	0	0	1.0	1.0	-4.13839e-06	0
219	Iter0220	9	8	2	1	0	0	0.5625	1.0	-9.633252444800001e-05	0
220	Iter0221	2	6	4	0	0	0	0.08571428571428573	0.060606060606060635	-7.35535e-10	0
221	Iter0222	7	12	6	1	0	0	0.09722222222222222	0.07304347826086935	-1.2671242e-05	0
222	Iter0223	9	3	2	0	0	0	0.8333333333333334	1.0	-8.6624929196525e-05	0
223	Iter0224	5	4	4	1	0	0	0.3125	0.5804195804195778	-0.000238648597	0
224	Iter0225	1	5	3	4	0	0	0.26666666666666666	0.5594405594405608	-7.765290000000002e-07	0
225	Iter0226	6	6	2	1	0	0	0.5	1.0	-0.00022229710000000002	0
226	Iter0227	4	5	1	7	0	0	5.6000000000000005	0.29411764705882226	-0.00024550319999999996	0
227	Iter0228	8	4	1	0	0	0	0.9	1.0	-0.000801033854	0
228	Iter0229	6	5	2	0	0	0	0.3888888888888889	0.4871794871794877	-0.00016914572999999998	0
229	Iter0230	3	7	6	1	0	0	0.07142857142857142	0.04977375565610845	-3.88761e-05	0
230	Iter0231	5	0	4	3	0	0	4.8	0.20454545454545486	-9.82252e-06	0
231	Iter0232	3	3	0	1	0	0	2.0	1.0	-0.0004095630863	0
232	Iter0233	6	4	4	0	0	0	0.28	0.2507492507492505	-0.0003449427	0
233	Iter0234	4	7	3	1	0	0	0.19047619047619047	0.2820512820512819	-4.0178822e-05	0
234	Iter0235	3	8	3	2	0	0	0.25	0.2994505494505498	-7.46630278397e-06	0
235	Iter0236	8	7	4	5	0	0	1.4285714285714284	1.0	-0.00051030013443	0
236	Iter0237	2	3	2	2	0	0	0.6666666666666666	1.0	0.0	0
237	Iter0238	3	6	1	3	0	0	1.5	1.0	-5.01918e-16	0
238	Iter0239	5	6	2	1	0	0	0.4166666666666667	1.0	-0.000183796	0
239	Iter0240	5	6	4	3	0	0	0.6250000000000001	1.0	-4.70767e-10	0
240	Iter0241	3	5	10	2	0	0	0.12	0.062332301341589215	0.0	0
241	Iter0242	9	5	4	1	0	0	0.45	1.0	-4.8922800000000005e-05	0
242	Iter0243	7	10	2	2	0	0	0.7	1.0	-1.46492123110072e-05	0
243	Iter0244	8	6	4	1	0	0	0.3333333333333333	0.6026831785345711	-4.954842751500005e-05	0
244	Iter0245	6	5	2	2	0	0	1.2	1.0	-0.0001786419420717	0
245	Iter0246	5	10	6	0	0	0	0.07792207792207792	0.012383900928792584	-6.42947e-07	0
246	Iter0247	5	7	2	1	0	0	0.35714285714285715	0.5692307692307671	-2.31015e-05	0
247	Iter0248	5	6	4	0	0	0	0.17142857142857146	0.10329670329670301	-1.0536920000000002e-05	0
248	Iter0249	8	5	1	2	0	0	3.2	0.5499999999999977	-0.00135090638	0
249	Iter0250	6	13	3	1	0	0	0.15384615384615385	0.2600790513833994	-0.000147240932	0
250	Iter0251	1	8	2	5	0	0	0.3125	0.5499999999999969	0.0	0
251	Iter0252	9	1	4	2	0	0	4.5	0.5178571428571411	-0.0003122915	0
252	Iter0253	10	6	1	0	0	0	0.7857142857142857	1.0	-7.043743828e-05	0
253	Iter0254	6	5	4	2	0	0	0.6	1.0	-6.51268e-05	0
254	Iter0255	6	6	4	1	0	0	0.25	0.3382352941176461	-0.0003453824	0
255	Iter0256	7	9	5	1	0	0	0.15555555555555556	0.16187527642635974	-6.3694631078e-05	0
256	Iter0257	6	2	5	1	0	0	0.6	1.0	-2.475434e-05	0
257	Iter0258	7	5	4	2	0	0	0.7	1.0	-0.00021886718000000002	0
258	Iter0259	7	2	0	0	0	0	2.6666666666666665	1.0	-3.68209e-11	0
259	Iter0260	9	6	2	4	0	0	3.0	0.3614551083591335	-0.0007308495385	0
260	Iter0261	7	8	3	0	0	0	0.2222222222222222	0.21568627450980404	-0.00099270644	0
261	Iter0262	14	7	3	3	0	0	2.0	0.6381878990574705	-0.0001592772	0
262	Iter0263	4	4	3	2	0	0	0.6666666666666666	1.0	-5.596900046071102e-06	0
263	Iter0264	5	4	5	3	0	0	0.75	1.0	-0.00028732170483	0
264	Iter0265	4	8	1	1	0	0	0.5	1.0	0.0	0
265	Iter0266	14	6	1	0	0	0	1.0714285714285714	1.0	-8.488499000000001e-05	0
266	Iter0267	2	7	1	0	0	0	0.1875	0.2999999999999997	-1.185320609407e-07	0
267	Iter0268	3	3	12	4	0	0	0.3333333333333333	0.3340838727835651	0.0	0
268	Iter0269	6	6	4	2	0	0	0.5	0.6380090497737558	-5.0171264e-06	0
269	Iter0270	2	5	2	2	0	0	0.4	0.5757575757575761	-7.909310000000003e-06	0
270	Iter0271	7	6	3	0	0	0	0.2857142857142857	0.2499999999999989	-0.00042206883799999996	0
271	Iter0272	8	4	4	3	0	0	1.5	1.0	-0.00026566723299999997	0
272	Iter0273	8	5	4	0	0	0	0.3	0.2605042016806704	-1.0079464689999999e-05	0
273	Iter0274	4	12	6	1	0	0	0.05555555555555555	0.0186247996182038	-0.00041100465701000003	0
274	Iter0275	6	3	3	2	0	0	1.3333333333333333	1.0	-1.756408e-07	0
275	Iter0276	6	10	3	5	0	0	1.0	1.0	-2.5028e-06	0
276	Iter0277	9	5	7	3	0	0	0.7714285714285714	1.0	-0.0006206872371000001	0
277	Iter0278	8	5	0	2	0	0	4.5	0.1999999999999998	-0.00039357112800000003	0
278	Iter0279	6	6	1	2	0	0	2.0	1.0	-0.0007487844004516421	0
279	Iter0280	4	4	3	3	0	0	1.0	1.0	-1.02648e-06	0
280	Iter0281	4	7	2	2	0	0	0.5714285714285714	1.0	-1.1290080234e-06	0
281	Iter0282	4	8	0	2	0	0	1.6666666666666667	1.0	-1.86342768e-05	0
282	Iter0283	3	6	1	4	0	0	2.0	1.0	-7.64866e-07	0
283	Iter0284	4	5	1	1	0	0	0.8	1.0	-0.00025116171	0
284	Iter0285	10	4	2	0	0	0	0.7333333333333334	1.0	-0.00114780413639	0
285	Iter0286	10	10	1	1	0	0	1.0	1.0	-0.000133501947121304	0
286	Iter0287	10	5	6	2	0	0	0.6666666666666666	1.0	-0.00049978073	0
287	Iter0288	6	7	3	0	0	0	0.21875	0.21249999999999933	-3.70945e-06	0
288	Iter0289	4	6	4	4	0	0	0.6666666666666666	1.0	-0.000382669509	0
289	Iter0290	8	6	1	1	0	0	1.3333333333333333	1.0	-0.00018286180239751002	0
290	Iter0291	9	3	2	3	0	0	4.5	0.28005817711699965	-9.248335444428164e-05	0
291	Iter0292	5	6	5	2	0	0	0.33333333333333337	0.36651583710407337	-4.25877e-08	0
292	Iter0293	5	6	5	2	0	0	0.33333333333333337	0.36651583710407337	-0.00038527095976	0
293	Iter0294	8	6	2	1	0	0	0.6666666666666666	1.0	-3.8617980840000006e-05	0
294	Iter0295	10	6	2	1	0	0	0.8333333333333334	1.0	-0.00025714309999999997	0
295	Iter0296	6	5	5	3	0	0	0.72	1.0	-8.6769038e-05	0
296	Iter0297	8	4	4	2	0	0	1.0	1.0	-8.050777e-06	0
297	Iter0298	4	5	3	3	0	0	0.8	1.0	-1.068063e-05	0
298	Iter0299	6	7	5	3	0	0	0.5142857142857142	0.6594427244582042	-4.335416556e-09	0
299	Iter0300	4	6	3	2	0	0	0.4444444444444444	0.6083916083916072	0.0	0
300	Iter0301	4	7	1	1	0	0	0.5714285714285714	1.0	-8.134495e-05	0
301	Iter0302	3	3	2	1	0	0	0.5	1.0	0.0	0
302	Iter0303	6	3	2	3	0	0	3.0	0.5804195804195786	-8.431900000000002e-07	0
303	Iter0304	7	5	5	3	0	0	0.8399999999999999	1.0	-0.000260721856572	0
304	Iter0305	5	6	6	1	0	0	0.1388888888888889	0.15073529411764736	-2.921702e-07	0
305	Iter0306	6	2	3	4	0	0	4.0	0.3146853146853137	-5.834406600000001e-05	0
306	Iter0307	13	9	2	3	0	0	2.166666666666667	0.6280193236715058	-0.00021363076	0
307	Iter0308	7	10	3	3	0	0	0.7	1.0	-2.3565e-08	0
308	Iter0309	5	2	6	1	0	0	0.4166666666666667	1.0	-3.03548e-05	0
309	Iter0310	7	8	4	4	0	0	0.875	1.0	-0.0010096851	0
310	Iter0311	3	10	8	1	0	0	0.0375	0.007518796992481178	-0.000441674	0
311	Iter0312	5	9	0	3	0	0	2.4	0.5147058823529416	-0.0003136776	0
312	Iter0313	4	7	3	3	0	0	0.5714285714285714	0.6436651583710422	-0.000812273	0
313	Iter0314	11	8	2	0	0	0	0.4444444444444444	0.5047619047619039	-0.0007212739	0
314	Iter0315	4	6	4	2	0	0	0.3333333333333333	0.6083916083916083	-2.294243e-06	0
315	Iter0316	5	7	3	4	0	0	0.9523809523809524	1.0	-0.00020694291	0
316	Iter0317	7	4	4	0	0	0	0.32	0.5164835164835158	-0.0005663953	0
317	Iter0318	4	7	2	2	0	0	0.5714285714285714	1.0	-3.96201e-05	0
318	Iter0319	6	6	7	1	0	0	0.14285714285714285	0.15768833849329153	-0.000199662	0
319	Iter0320	4	4	2	4	0	0	2.0	0.6270396270396283	-1.52156e-05	0
320	Iter0321	4	4	2	3	0	0	1.5	1.0	-7.840708e-06	0
321	Iter0322	2	9	1	0	0	0	0.15	0.2500000000000005	-1.52426e-07	0
322	Iter0323	4	5	3	0	0	0	0.20833333333333331	0.2045454545454545	-1.33111e-07	0
323	Iter0324	2	7	8	7	0	0	0.25	0.2099205815049136	-0.000270342459409	0
324	Iter0325	5	6	0	0	0	0	0.8571428571428571	1.0	-0.0001748239	0
325	Iter0326	8	5	2	2	0	0	1.6	1.0	-1.8562673e-06	0
326	Iter0327	6	4	1	0	0	0	0.7	1.0	-6.60539e-07	0
327	Iter0328	6	3	6	3	0	0	1.0	1.0	-0.00018967825	0
328	Iter0329	6	5	3	1	0	0	0.4	0.6043956043956045	-3.811060000000298e-07	0
329	Iter0330	8	6	4	2	0	0	0.6666666666666666	1.0	-2.4723700000000002e-09	0
330	Iter0331	7	3	2	1	0	0	1.1666666666666667	1.0	-0.00040089949866	0
331	Iter0332	8	6	3	3	0	0	1.3333333333333333	1.0	-0.0013923891899999998	0
332	Iter0333	7	5	6	1	0	0	0.2333333333333333	0.3330753353973148	-0.000147700254547	0
333	Iter0334	2	5	3	1	0	0	0.13333333333333333	0.2424242424242426	-1.33089e-06	0
334	Iter0335	9	8	3	3	0	0	1.125	1.0	-0.000138995987728	0
335	Iter0336	6	6	4	1	0	0	0.25	0.3382352941176461	-5.403073e-05	0
336	Iter0337	5	5	8	1	0	0	0.125	0.14086687306501475	-0.0005662099	0
337	Iter0338	8	10	3	2	0	0	0.5333333333333333	0.6404053612291556	-2.29464825e-05	0
338	Iter0339	7	6	2	4	0	0	2.333333333333333	0.6284829721362208	0.0	0
339	Iter0340	9	9	2	0	0	0	0.3333333333333333	0.4789473684210522	-0.00015765195873999999	0
340	Iter0341	8	3	2	3	0	0	4.0	0.2994505494505492	-5.66394e-05	0
341	Iter0342	7	4	1	0	0	0	0.8	1.0	-4.3311000000000006e-05	0
342	Iter0343	3	6	7	1	0	0	0.07142857142857142	0.04977375565610862	-5.501130000000002e-06	0
343	Iter0344	8	4	4	3	0	0	1.5	1.0	-0.0008299946245999999	0
344	Iter0345	7	4	4	1	0	0	0.4375	1.0	-2.02616e-05	0
345	Iter0346	7	9	1	2	0	0	1.5555555555555556	1.0	-1.1527e-07	0
346	Iter0347	7	4	3	4	0	0	2.333333333333333	0.6304675716440438	-0.0015540111	0
347	Iter0348	4	6	4	4	0	0	0.6666666666666666	1.0	-2.55441707226e-06	0
348	Iter0349	9	7	2	3	0	0	1.9285714285714288	0.6351172047766491	-7.86163e-05	0
349	Iter0350	3	8	2	1	0	0	0.1875	0.5054945054945041	-4.2809400000000005e-08	0
350	Iter0351	5	6	5	2	0	0	0.33333333333333337	0.36651583710407337	-0.00048719599999999996	0
351	Iter0352	11	3	3	7	0	0	8.555555555555555	0.03514941445685844	-0.0008206372900000001	0
352	Iter0353	6	6	2	1	0	0	0.5	1.0	-0.0003784839	0
353	Iter0354	5	6	5	4	0	0	0.6666666666666667	1.0	-1.791852323e-05	0
354	Iter0355	5	6	4	1	0	0	0.20833333333333331	0.3076923076923075	-0.0002084008387	0
355	Iter0356	5	9	3	0	0	0	0.15	0.08235294117647088	-0.0001625675176	0
356	Iter0357	3	7	6	3	0	0	0.21428571428571427	0.17889540799757514	-3.7295e-05	0
357	Iter0358	6	5	2	2	0	0	1.2	1.0	-8.6421485143e-05	0
358	Iter0359	7	7	3	2	0	0	0.6666666666666666	1.0	0.0	0
359	Iter0360	7	8	2	0	0	0	0.2962962962962963	0.4705882352941165	-0.00010779473514000001	0
360	Iter0361	9	5	1	3	0	0	5.4	0.2745098039215692	-0.00089151837401	0
361	Iter0362	5	5	2	2	0	0	1.0	1.0	-0.0011310464099999998	0
362	Iter0363	5	6	2	1	0	0	0.4166666666666667	1.0	-7.423755695e-05	0
363	Iter0364	4	4	3	1	0	0	0.3333333333333333	0.5757575757575777	-1.1995370000000002e-05	0
364	Iter0365	8	8	4	2	0	0	0.5	0.6461742591773529	-3.820418541e-06	0
365	Iter0366	4	5	4	4	0	0	0.8	1.0	-1.98431e-08	0
366	Iter0367	10	2	2	1	0	0	2.5	0.5164835164835135	-0.00046051329999999995	0
367	Iter0368	8	6	5	5	0	0	1.3333333333333333	1.0	-0.0001165517	0
368	Iter0369	4	7	5	3	0	0	0.3428571428571428	0.3698499642772099	-0.000517144	0
369	Iter0370	6	3	5	7	0	0	2.8	0.3869969040247671	-6.791062760000001e-05	0
370	Iter0371	3	3	5	2	0	0	0.4	0.5920745920745938	-3.26531e-08	0
371	Iter0372	3	7	5	1	0	0	0.08571428571428573	0.11888111888111895	-0.000563883	0
372	Iter0373	4	6	7	2	0	0	0.19047619047619047	0.1698023338890214	-4.75254e-08	0
373	Iter0374	6	3	3	1	0	0	0.6666666666666666	1.0	-4.23579e-05	0
374	Iter0375	6	9	1	2	0	0	1.3333333333333333	1.0	-0.0006431417377	0
375	Iter0376	6	8	2	3	0	0	1.125	1.0	-2.7744840000000003e-06	0
376	Iter0377	4	7	2	2	0	0	0.5714285714285714	1.0	-7.96096e-05	0
377	Iter0378	10	8	4	1	0	0	0.3125	0.6105679217807365	-1.19046e-05	0
378	Iter0379	7	4	5	3	0	0	1.05	1.0	-0.0012507849801	0
379	Iter0380	5	6	2	3	0	0	1.2500000000000002	1.0	-0.00124407771	0
380	Iter0381	14	5	3	3	0	0	2.8	0.3441897233201593	-0.0008182056601000001	0
381	Iter0382	6	8	2	3	0	0	1.125	1.0	-0.000109334114	0
382	Iter0383	7	8	3	0	0	0	0.2222222222222222	0.21568627450980404	-0.00015343673	0
383	Iter0384	9	3	2	5	0	0	7.5	0.0739461776613479	-0.000283326949742	0
384	Iter0385	5	6	2	1	0	0	0.4166666666666667	1.0	-0.0004012213484105574	0
385	Iter0386	7	3	2	4	0	0	4.666666666666667	0.3024475524475521	-0.00061075655	0
386	Iter0387	8	11	4	2	0	0	0.3636363636363637	0.3782608695652176	-0.00118414788	0
387	Iter0388	6	4	3	0	0	0	0.35	0.4965034965034971	-1.4622360233185997e-06	0
388	Iter0389	4	6	4	0	0	0	0.14285714285714285	0.08491508491508484	-1.02122e-05	0
389	Iter0390	4	7	3	1	0	0	0.19047619047619047	0.2820512820512819	-3.60052e-05	0
390	Iter0391	7	3	7	1	0	0	0.33333333333333337	0.5882352941176492	-0.0005955099	0
391	Iter0392	7	4	4	3	0	0	1.3125	1.0	-8.94599282e-06	0
392	Iter0393	9	4	2	0	0	0	0.6666666666666666	1.0	-0.0010119876443200001	0
393	Iter0394	4	8	7	3	0	0	0.21428571428571427	0.1983805668016188	-0.000206070143	0
394	Iter0395	12	4	1	2	0	0	6.0	0.22187822497420054	-0.0015605441914299998	0
395	Iter0396	7	7	4	2	0	0	0.5	0.6424148606811164	-0.00016132232500000001	0
396	Iter0397	7	6	5	1	0	0	0.2333333333333333	0.33307533539731554	-9.084020000511278e-05	0
397	Iter0398	6	6	3	0	0	0	0.25	0.22857142857142754	-9.29719e-09	0
398	Iter0399	4	10	5	1	0	0	0.08	0.04984520123839028	0.0	0
399	Iter0400	7	8	2	2	0	0	0.875	1.0	-0.000150698	0
400	Iter0401	6	7	3	0	0	0	0.21875	0.21249999999999933	-1.13236e-08	0
401	Iter0402	4	5	1	5	0	0	4.0	0.5804195804195795	-5.454577754e-07	0
402	Iter0403	9	9	0	3	0	0	4.0	0.22857142857142754	-0.000452455514	0
403	Iter0404	2	7	1	1	0	0	0.2857142857142857	0.4909090909090904	-2.8910000000000008e-06	0
404	Iter0405	4	11	1	1	0	0	0.3636363636363637	0.5147058823529413	-0.001281400863895	0
405	Iter0406	5	7	1	3	0	0	2.1428571428571432	1.0	-0.000347154	0
406	Iter0407	12	5	8	0	0	0	0.24074074074074076	0.1399209486166019	-0.0001592850605	0
407	Iter0408	9	7	5	1	0	0	0.2571428571428572	0.3511586452762931	-0.0002121411	0
408	Iter0409	2	3	10	7	0	0	0.4666666666666666	0.6240601503759377	0.0	0
409	Iter0410	8	6	4	2	0	0	0.6666666666666666	1.0	-0.0002840711505730001	0
410	Iter0411	2	3	3	3	0	0	0.6666666666666666	1.0	-3.99474e-06	0
411	Iter0412	4	6	2	1	0	0	0.3333333333333333	0.5594405594405605	-2.68489e-07	0
412	Iter0413	17	11	2	2	0	0	1.5454545454545454	1.0	-0.0006455846419971261	0
413	Iter0414	10	5	2	0	0	0	0.6111111111111109	1.0	-7.3611153e-05	0
414	Iter0415	7	10	2	3	0	0	1.05	1.0	0.0	0
415	Iter0416	8	5	3	1	0	0	0.5333333333333333	1.0	-0.0004631735405	0
416	Iter0417	12	8	5	2	0	0	0.6	0.6783892436066427	-0.00010871964	0
417	Iter0418	11	3	1	1	0	0	3.6666666666666665	0.4499999999999997	-0.0003737710744727	0
418	Iter0419	5	5	5	4	0	0	0.8	1.0	-0.00029815058	0
419	Iter0420	6	5	4	1	0	0	0.3	0.5879120879120874	-0.000928382	0
420	Iter0421	9	9	4	2	0	0	0.5	0.6493952271984296	-2.7738283783e-05	0
421	Iter0422	5	3	6	5	0	0	1.3888888888888893	1.0	-6.154840000000001e-07	0
422	Iter0423	8	6	1	1	0	0	1.3333333333333333	1.0	-0.0009678666732786	0
423	Iter0424	8	8	4	2	0	0	0.5	0.6461742591773529	-0.000485477	0
424	Iter0425	8	2	1	2	0	0	8.0	0.2027972027972029	-0.00112660491108	0
425	Iter0426	4	2	2	1	0	0	1.0	1.0	0.0	0
426	Iter0427	9	8	4	1	0	0	0.28125	0.3602187286397813	-5.5875138820364766e-05	0
427	Iter0428	6	7	4	2	0	0	0.42857142857142855	0.6284829721362215	-4.84035e-06	0
428	Iter0429	8	1	5	4	0	0	6.4	0.2941176470588228	-0.001249258329	0
429	Iter0430	1	5	8	1	0	0	0.025	0.010989010989010922	0.0	0
430	Iter0431	6	3	3	4	0	0	2.6666666666666665	0.6145104895104876	-1.5881512139999997e-05	0
431	Iter0432	9	10	3	4	0	0	1.2	1.0	-0.00015169901955	0
432	Iter0433	3	3	2	1	0	0	0.5	1.0	-0.00015929509	0
433	Iter0434	7	5	3	3	0	0	1.4	1.0	-0.0006455674629013712	0
434	Iter0435	2	5	3	2	0	0	0.26666666666666666	0.5580808080808093	0.0	0
435	Iter0436	6	7	13	2	0	0	0.13186813186813187	0.041821946169772056	-4.2129006790860005e-05	0
436	Iter0437	5	5	1	2	0	0	2.0	1.0	0.0	0
437	Iter0438	4	5	5	2	0	0	0.32	0.3575174825174812	-7.17341e-07	0
438	Iter0439	5	4	3	1	0	0	0.4166666666666667	1.0	-0.000865939032	0
439	Iter0440	5	6	3	3	0	0	0.8333333333333334	1.0	-0.000182942	0
440	Iter0441	5	5	3	2	0	0	0.6666666666666666	1.0	-0.000640796000105945	0
441	Iter0442	4	2	2	1	0	0	1.0	1.0	-0.000132978	0
442	Iter0443	4	7	3	5	0	0	0.9523809523809524	1.0	0.0	0
443	Iter0444	4	4	4	1	0	0	0.25	0.5648795648795664	0.0	0
444	Iter0445	10	8	1	4	0	0	5.0	0.3167701863354012	-2.9127010000000003e-06	0
445	Iter0446	11	3	1	2	0	0	7.333333333333332	0.19117647058823506	-2.31827555e-05	0
446	Iter0447	8	6	1	1	0	0	1.3333333333333333	1.0	-0.00043727985311	0
447	Iter0448	5	3	4	5	0	0	2.083333333333333	0.6371863430686964	-0.0006345828	0
448	Iter0449	5	4	7	3	0	0	0.5357142857142857	0.6499166468206706	-0.000357201	0
449	Iter0450	6	2	1	4	0	0	12.0	0.10256410256410298	-1.6223099999999997e-05	0
450	Iter0451	8	5	5	4	0	0	1.28	1.0	0.0	0
451	Iter0452	5	7	9	6	0	0	0.4761904761904762	0.4494817606676576	-0.00012996058	0
452	Iter0453	10	8	2	1	0	0	0.625	1.0	-3.00915e-06	0
453	Iter0454	13	6	2	1	0	0	1.0833333333333333	1.0	-0.0012859381000940465	0
454	Iter0455	4	6	2	3	0	0	1.0	1.0	-9.8091e-05	0
455	Iter0456	6	2	4	3	0	0	2.25	0.6083916083916068	0.0	0
456	Iter0457	9	3	3	4	0	0	4.0	0.32608954512979216	-0.0005960624	0
457	Iter0458	4	9	4	3	0	0	0.3333333333333333	0.3563467492260058	-7.25062e-08	0
458	Iter0459	4	4	1	2	0	0	2.0	1.0	-4.36697e-05	0
459	Iter0460	9	5	5	1	0	0	0.36	0.6126160990712101	-1.9110015e-05	0
460	Iter0461	9	1	4	1	0	0	2.25	1.0	-0.0003101896	0
461	Iter0462	2	7	6	2	0	0	0.09523809523809523	0.05668449197860941	-0.000282594	0
462	Iter0463	3	6	3	3	0	0	0.5	0.6223776223776207	-4.00707e-05	0
463	Iter0464	8	5	1	2	0	0	3.2	0.5499999999999977	-0.000369297673684	0
464	Iter0465	6	3	5	2	0	0	0.8	1.0	-0.00020631752	0
465	Iter0466	6	5	2	3	0	0	1.8	1.0	0.0	0
466	Iter0467	7	4	2	4	0	0	3.5	0.3348416289592757	-4.79636e-06	0
467	Iter0468	6	6	4	2	0	0	0.5	0.6380090497737558	-0.00010377140000182513	0
468	Iter0469	11	7	4	1	0	0	0.3928571428571429	0.6213854795090463	-2.9570471e-07	0
469	Iter0470	11	6	2	2	0	0	1.8333333333333333	0.6177109440267335	-0.0008185024893	0
470	Iter0471	9	7	3	0	0	0	0.3125	0.2631578947368429	-0.00122716717	0
471	Iter0472	10	3	1	2	0	0	6.666666666666668	0.2142857142857131	-0.000115413	0
472	Iter0473	5	10	2	1	0	0	0.25	0.5281862745098046	-7.115370000000002e-07	0
473	Iter0474	5	8	3	0	0	0	0.16666666666666666	0.1999999999999998	-3.437050000576586e-05	0
474	Iter0475	16	11	3	0	0	0	0.3541666666666667	0.2793103448275863	-0.001673092640821	0
475	Iter0476	5	7	5	2	0	0	0.2857142857142857	0.3498452012383895	-8.418332112400001e-05	0
476	Iter0477	2	3	7	2	0	0	0.19047619047619047	0.26573426573426473	-6.60409e-05	0
477	Iter0478	6	7	7	1	0	0	0.12244897959183673	0.08503611971104214	-4.2104803999999995e-05	0
478	Iter0479	8	10	5	1	0	0	0.16	0.16598561621444935	-0.0001897297569	0
479	Iter0480	7	5	4	0	0	0	0.26666666666666666	0.2445054945054937	-0.00014875625406000003	0
480	Iter0481	6	8	5	1	0	0	0.15	0.15712074303405624	-1.024296e-08	0
481	Iter0482	6	8	5	2	0	0	0.3	0.36145510835913375	-2.10424e-07	0
482	Iter0483	3	2	1	1	0	0	1.5	1.0	0.0	0
483	Iter0484	3	8	5	0	0	0	0.07407407407407407	0.02564102564102566	-7.50192e-12	0
484	Iter0485	4	11	7	1	0	0	0.05194805194805195	0.00942253331538562	0.0	0
485	Iter0486	3	6	0	1	0	0	1.1428571428571428	1.0	-5.820252e-06	0
486	Iter0487	5	7	3	3	0	0	0.7142857142857143	1.0	-4.5567047e-05	0
487	Iter0488	4	3	8	1	0	0	0.16666666666666666	0.2615384615384597	-1.29673e-05	0
488	Iter0489	5	7	1	1	0	0	0.7142857142857143	1.0	-0.00153284424286755	0
489	Iter0490	9	9	2	2	0	0	1.0	1.0	-0.0014595967400000001	0
490	Iter0491	2	7	2	4	0	0	0.5714285714285714	1.0	-2.0166e-10	0
491	Iter0492	5	10	1	2	0	0	1.0	1.0	-1.2922832e-05	0
492	Iter0493	9	8	4	0	0	0	0.22222222222222224	0.13116123642439426	-1.206888e-05	0
493	Iter0494	1	2	1	1	0	0	0.5	1.0	0.0	0
494	Iter0495	4	5	7	3	0	0	0.3428571428571429	0.3698499642772078	-0.0005492919999999999	0
495	Iter0496	8	4	3	2	0	0	1.3333333333333333	1.0	-0.000386738474519	0
496	Iter0497	9	4	3	4	0	0	3.0	0.3563467492260052	-0.000816824984063	0
497	Iter0498	8	5	2	1	0	0	0.8	1.0	-0.00010936597	0
498	Iter0499	7	5	2	1	0	0	0.7	1.0	-3.8182365e-05	0
499	Iter0500	6	2	1	2	0	0	6.0	0.4909090909090907	-0.000122168538	0
500	Iter0501	6	8	11	3	0	0	0.20454545454545456	0.12011187388761765	-3.6339199999999996e-16	0
501	Iter0502	7	7	2	0	0	0	0.3333333333333333	0.4749999999999993	-0.00040210260000000004	0
502	Iter0503	9	3	2	1	0	0	1.5	1.0	-0.000158776726	0
503	Iter0504	2	6	4	2	0	0	0.16666666666666666	0.2773892773892779	-0.000434956	0
504	Iter0505	8	5	6	4	0	0	1.0666666666666669	1.0	-0.0010954203685964998	0
505	Iter0506	6	6	3	1	0	0	0.3333333333333333	0.5846153846153823	-0.0004868812	0
506	Iter0507	5	10	3	2	0	0	0.3333333333333333	0.34726522187822456	-4.5418e-09	0
507	Iter0508	7	7	3	4	0	0	1.3333333333333333	1.0	-3.6340934e-06	0
508	Iter0509	9	4	5	2	0	0	0.9	1.0	-0.00067128961	0
509	Iter0510	4	9	2	3	0	0	0.6666666666666666	1.0	-0.001228622	0
510	Iter0511	4	7	1	4	0	0	2.2857142857142856	1.0	-0.000203982	0
511	Iter0512	6	3	7	4	0	0	1.1428571428571428	1.0	-0.000166923	0
512	Iter0513	7	10	6	4	0	0	0.4666666666666666	0.4400711924739422	-0.00029180862	0
513	Iter0514	3	7	3	1	0	0	0.14285714285714285	0.2447552447552444	0.0	0
514	Iter0515	7	8	2	2	0	0	0.875	1.0	-5.639621e-06	0
515	Iter0516	6	5	2	2	0	0	1.2	1.0	-2.929431e-05	0
516	Iter0517	9	5	9	0	0	0	0.16666666666666669	0.11566465571042216	-0.00012031422999999999	0
517	Iter0518	7	3	7	3	0	0	1.0	1.0	-2.1051349e-06	0
518	Iter0519	5	8	4	0	0	0	0.13333333333333333	0.08235294117647013	-4.879289491e-05	0
519	Iter0520	7	9	1	1	0	0	0.7777777777777778	1.0	-0.00022840101	0
520	Iter0521	8	4	2	2	0	0	2.0	0.604395604395601	-0.00025382435397799995	0
521	Iter0522	10	5	4	1	0	0	0.5	1.0	-0.000862363453	0
522	Iter0523	5	3	2	5	0	0	4.166666666666667	0.3146853146853145	-0.0001985902826	0
523	Iter0524	8	10	2	2	0	0	0.8	1.0	-0.0001019771173	0
524	Iter0525	6	6	1	2	0	0	2.0	1.0	-5.717489999999999e-07	0
525	Iter0526	8	1	2	0	0	0	1.5	1.0	-0.000160935284721	0
526	Iter0527	5	6	4	3	0	0	0.6250000000000001	1.0	-7.9673e-06	0
527	Iter0528	6	8	4	1	0	0	0.1875	0.3034055727554179	-0.000117786678	0
528	Iter0529	5	7	5	2	0	0	0.2857142857142857	0.3498452012383895	-0.000317224047	0
529	Iter0530	7	1	2	1	0	0	3.5	0.4909090909090903	-5.63241e-06	0
530	Iter0531	10	3	9	6	0	0	2.2222222222222223	0.4347826086956519	-0.00011278000000000546	0
531	Iter0532	8	4	4	0	0	0	0.36	0.5164835164835125	-0.000252174728	0
532	Iter0533	5	8	3	0	0	0	0.16666666666666666	0.1999999999999998	-1.9491848099999998e-05	0
533	Iter0534	5	4	2	0	0	0	0.4	0.4909090909090901	-0.000124880458	0
534	Iter0535	4	5	0	1	0	0	1.6666666666666667	1.0	-0.00021090699999999998	0
535	Iter0536	8	8	3	3	0	0	1.0	1.0	-0.0006518056	0
536	Iter0537	9	2	3	2	0	0	3.0	0.5467032967032961	-1.141033e-08	0
537	Iter0538	2	1	0	3	0	0	6.0	0.3999999999999997	-0.000201566	0
538	Iter0539	6	5	4	3	0	0	0.9	1.0	-0.00022353515	0
539	Iter0540	4	7	1	3	0	0	1.7142857142857142	1.0	-3.484523e-06	0
540	Iter0541	4	6	4	1	0	0	0.16666666666666666	0.2820512820512819	-4.578838e-05	0
541	Iter0542	4	4	9	2	0	0	0.2222222222222222	0.3188854489164083	-0.00023902660000000003	0
542	Iter0543	10	5	5	2	0	0	0.8	1.0	-0.000442407586	0
543	Iter0544	5	5	6	0	0	0	0.14285714285714285	0.09340659340659302	-0.00023425322050399998	0
544	Iter0545	7	4	6	3	0	0	0.875	1.0	-5.867330000000001e-06	0
545	Iter0546	4	8	3	4	0	0	0.6666666666666666	1.0	-0.0002799499	0
546	Iter0547	5	5	3	1	0	0	0.3333333333333333	0.5804195804195801	-8.35593e-05	0
547	Iter0548	4	4	4	6	0	0	1.5	1.0	-0.0006019349799999999	0
548	Iter0549	5	9	0	4	0	0	3.0	0.2777777777777789	-0.00070032352	0
549	Iter0550	5	5	2	5	0	0	2.5	0.6220691073632254	-0.0007064778529999999	0
550	Iter0551	6	9	1	0	0	0	0.35	0.4374999999999999	-9.44164e-09	0
551	Iter0552	5	3	4	2	0	0	0.8333333333333334	1.0	-0.00037243555535000004	0
552	Iter0553	5	5	3	2	0	0	0.6666666666666666	1.0	-5.471269257209999e-06	0
553	Iter0554	7	9	5	1	0	0	0.15555555555555556	0.16187527642635974	-3.3285001095000003e-05	0
554	Iter0555	8	6	4	2	0	0	0.6666666666666666	1.0	-0.00047545780000000796	0
555	Iter0556	6	10	9	2	0	0	0.13333333333333333	0.047328038766994866	-1.6978620000000002e-05	0
556	Iter0557	14	9	4	2	0	0	0.7777777777777778	1.0	-0.0006673475	0
557	Iter0558	5	5	6	2	0	0	0.3333333333333333	0.3665158371040734	-0.0010333339035360001	0
558	Iter0559	3	7	2	1	0	0	0.21428571428571427	0.5104895104895119	-6.333270499999999e-08	0
559	Iter0560	2	7	3	3	0	0	0.2857142857142857	0.3286713286713286	0.0	0
560	Iter0561	7	8	2	0	0	0	0.2962962962962963	0.4705882352941165	-0.0013790323700000001	0
561	Iter0562	9	7	8	4	0	0	0.6428571428571429	0.7046529366895484	-0.0003553804044	0
562	Iter0563	6	6	2	3	0	0	1.5	1.0	-0.00056918960157	0
563	Iter0564	2	5	2	2	0	0	0.4	0.5757575757575761	-0.00053589012	0
564	Iter0565	9	8	3	2	0	0	0.75	1.0	-0.0001576987	0
565	Iter0566	8	5	8	4	0	0	0.8	1.0	-0.0007312888559	0
566	Iter0567	9	7	0	1	0	0	2.5	0.470588235294119	-0.00037576228993	0
567	Iter0568	4	6	1	1	0	0	0.6666666666666666	1.0	-0.000289699811	0
568	Iter0569	6	5	6	0	0	0	0.16666666666666669	0.1022947640594698	-1.1684319547299999e-06	0
569	Iter0570	4	4	2	2	0	0	1.0	1.0	-7.17349e-05	0
570	Iter0571	8	10	2	0	0	0	0.2727272727272728	0.4736842105263162	-0.0008026301579999999	0
571	Iter0572	7	10	1	2	0	0	1.4	1.0	-1.6682877000000003e-05	0
572	Iter0573	5	4	12	2	0	0	0.20833333333333331	0.16163927605575168	-5.501887512e-05	0
573	Iter0574	7	5	2	1	0	0	0.7	1.0	-4.83175798e-05	0
574	Iter0575	3	6	0	4	0	0	2.8571428571428568	0.4965034965034973	-3.33294e-07	0
575	Iter0576	5	1	4	0	0	0	0.6	1.0	-0.0005592084048	0
576	Iter0577	4	10	4	4	0	0	0.4	0.3864465084279336	-9.9880547492e-07	0
577	Iter0578	7	2	2	2	0	0	3.5	0.5300699300699305	-3.06973e-06	0
578	Iter0579	6	9	3	2	0	0	0.4444444444444444	0.6168730650154812	-3.78931474e-06	0
579	Iter0580	6	9	1	1	0	0	0.6666666666666666	1.0	-0.0001973980999	0
580	Iter0581	3	5	0	1	0	0	1.3333333333333333	1.0	-5.420638e-06	0
581	Iter0582	7	8	5	4	0	0	0.7	1.0	-7.898063839999999e-06	0
582	Iter0583	6	5	4	4	0	0	1.2	1.0	-2.05068486e-05	0
583	Iter0584	6	5	6	6	0	0	1.2	1.0	-0.0003774165809	0
584	Iter0585	11	10	4	3	0	0	0.8250000000000001	1.0	-0.0001999101488	0
585	Iter0586	3	5	4	2	0	0	0.3	0.5920745920745929	-8.19979e-08	0
586	Iter0587	3	7	3	3	0	0	0.42857142857142855	0.6066433566433563	-1.75312e-05	0
587	Iter0588	11	3	1	1	0	0	3.6666666666666665	0.4499999999999997	-0.00040146562210000003	0
588	Iter0589	4	9	2	1	0	0	0.2222222222222222	0.5178571428571412	-9.059604e-05	0
589	Iter0590	7	4	3	1	0	0	0.5833333333333334	1.0	-0.0005673588045878701	0
590	Iter0591	8	5	7	1	0	0	0.2285714285714286	0.3359133126934977	-0.00019961282292204	0
591	Iter0592	7	3	1	1	0	0	2.333333333333333	1.0	-3.58563e-05	0
592	Iter0593	8	9	5	3	0	0	0.5333333333333333	0.6727688787185362	-5.8463899999999994e-05	0
593	Iter0594	2	6	3	2	0	0	0.2222222222222222	0.2929292929292936	-2.2532062099999998e-05	0
594	Iter0595	8	7	3	2	0	0	0.7619047619047619	1.0	-8.489575386931304e-06	0
595	Iter0596	1	3	2	0	0	0	0.16666666666666666	0.4	0.0	0
596	Iter0597	6	5	3	1	0	0	0.4	0.6043956043956045	-8.593493099999999e-05	0
597	Iter0598	7	7	6	0	0	0	0.14285714285714285	0.05149638802889595	-0.0007818513255	0
598	Iter0599	13	9	0	2	0	0	4.2	0.199275362318842	-0.00030308226	0
599	Iter0600	1	3	5	1	0	0	0.06666666666666668	0.19047619047619052	0.0	0
600	Iter0601	12	7	2	0	0	0	0.5416666666666666	0.5333333333333343	-1.7504950443e-06	0
601	Iter0602	3	11	3	2	0	0	0.1818181818181818	0.26212590299277605	-0.000163799	0
602	Iter0603	6	4	5	5	0	0	1.5	1.0	-0.00043632869759940005	0
603	Iter0604	6	6	4	6	0	0	1.5	0.6913550845439344	-0.0013905839999999998	0
604	Iter0605	8	8	3	1	0	0	0.3333333333333333	0.5913312693498459	-4.70428e-06	0
605	Iter0606	5	2	5	0	0	0	0.3333333333333333	0.46969696969697	-7.04372e-06	0
606	Iter0607	5	8	3	0	0	0	0.16666666666666666	0.1999999999999998	-2.19118e-07	0
607	Iter0608	8	6	3	6	0	0	2.6666666666666665	0.4003230582850973	-0.00011136759999999998	0
608	Iter0609	7	3	5	1	0	0	0.4666666666666667	1.0	-2.39487367e-05	0
609	Iter0610	7	2	2	3	0	0	5.25	0.26573426573426473	-0.0005668794114000001	0
610	Iter0611	3	5	2	4	0	0	1.2	1.0	0.0	0
611	Iter0612	3	10	7	1	0	0	0.042857142857142864	0.007518796992481223	-0.000264731	0
612	Iter0613	9	11	5	1	0	0	0.16363636363636366	0.16956521739130448	-6.3558673e-06	0
613	Iter0614	7	9	1	2	0	0	1.5555555555555556	1.0	-0.00035202891790000004	0
614	Iter0615	8	3	4	2	0	0	1.3333333333333333	1.0	-0.000404477767863	0
615	Iter0616	5	7	5	2	0	0	0.2857142857142857	0.3498452012383895	-2.5347223e-07	0
616	Iter0617	7	5	7	3	0	0	0.6	0.6749226006191936	-0.00013147228999999997	0
617	Iter0618	4	3	3	2	0	0	0.8888888888888888	1.0	-0.00021599133720000006	0
618	Iter0619	6	9	4	3	0	0	0.5	0.6517027863777072	-6.445877750000001e-06	0
619	Iter0620	8	2	2	0	0	0	1.0	1.0	-0.000131185598061	0
620	Iter0621	10	5	3	3	0	0	2.0	0.63106295149639	-0.000794420161	0
621	Iter0622	5	11	3	1	0	0	0.15151515151515152	0.2553147574819406	-1.189714e-07	0
622	Iter0623	9	5	3	4	0	0	2.4	0.3972136222910229	-0.0006130937700000001	0
623	Iter0624	5	7	2	2	0	0	0.7142857142857143	1.0	-4.89935e-05	0
624	Iter0625	7	6	6	2	0	0	0.3888888888888889	0.39986240110079024	-0.00040816369	0
625	Iter0626	3	10	3	2	0	0	0.2	0.2682072829131652	-0.0005600283	0
626	Iter0627	9	7	1	0	0	0	0.625	1.0	-0.0003751911	0
627	Iter0628	7	6	0	1	0	0	2.2857142857142856	1.0	-0.00034008804999999996	0
628	Iter0629	8	6	3	1	0	0	0.4444444444444444	1.0	-0.000724305	0
629	Iter0630	3	10	2	1	0	0	0.15	0.21428571428571325	-2.95369e-08	0
630	Iter0631	8	10	3	1	0	0	0.26666666666666666	0.5864661654135315	-0.00049330804	0
631	Iter0632	4	4	8	1	0	0	0.125	0.1312217194570132	-2.363e-05	0
632	Iter0633	5	6	4	1	0	0	0.20833333333333331	0.3076923076923075	-2.61336e-05	0
633	Iter0634	9	8	0	2	0	0	3.333333333333333	0.4736842105263166	-0.00020130086000000002	0
634	Iter0635	5	7	5	4	0	0	0.5714285714285714	0.6699214098594893	-0.000119279	0
635	Iter0636	5	10	2	0	0	0	0.1818181818181818	0.15441176470588236	-0.001486745	0
636	Iter0637	8	3	2	4	0	0	5.333333333333333	0.16176470588235325	-0.00096773258764	0
637	Iter0638	7	8	5	5	0	0	0.875	1.0	-0.00040010363000000005	0
638	Iter0639	7	6	5	2	0	0	0.4666666666666667	0.6424148606811135	-0.0006041543850000001	0
639	Iter0640	4	3	4	3	0	0	1.0	1.0	-8.35159e-05	0
640	Iter0641	8	1	1	1	0	0	8.0	0.3454545454545447	-0.00032164709999999997	0
641	Iter0642	7	7	2	0	0	0	0.3333333333333333	0.4749999999999993	-0.00011511989	0
642	Iter0643	7	6	1	3	0	0	3.5000000000000004	0.5764705882352927	-8.00772e-05	0
643	Iter0644	7	6	3	3	0	0	1.1666666666666667	1.0	-1.79214114e-05	0
644	Iter0645	9	4	2	2	0	0	2.25	0.5840336134453747	-0.0004375073553	0
645	Iter0646	2	4	2	3	0	0	0.75	1.0	-0.000109253	0
646	Iter0647	11	6	5	4	0	0	1.4666666666666666	0.6924485125858159	-0.0003159450000013289	0
647	Iter0648	8	4	3	0	0	0	0.45	0.516483516483514	-3.66083e-09	0
648	Iter0649	3	2	5	1	0	0	0.3	0.5454545454545455	0.0	0
649	Iter0650	13	5	4	3	0	0	1.95	0.6395589764926172	-0.00100069590153497	0
650	Iter0651	7	9	4	0	0	0	0.16	0.0941176470588242	-0.0005421386283	0
651	Iter0652	2	7	1	3	0	0	0.8571428571428571	1.0	-3.20468e-08	0
652	Iter0653	7	6	3	3	0	0	1.1666666666666667	1.0	-0.00026873483	0
653	Iter0654	6	5	4	0	0	0	0.2333333333333333	0.23076923076923045	-5.1980275900000004e-05	0
654	Iter0655	6	8	2	2	0	0	0.75	1.0	-0.0002958169	0
655	Iter0656	4	6	4	5	0	0	0.8333333333333333	1.0	-0.00029150389999999996	0
656	Iter0657	9	9	4	1	0	0	0.25	0.3393562958780329	-0.0002470307438	0
657	Iter0658	9	5	3	2	0	0	1.2	1.0	-4.6353297970884994e-05	0
658	Iter0659	10	6	1	2	0	0	3.333333333333333	0.545923632610939	-0.0009253508795	0
659	Iter0660	9	6	7	3	0	0	0.6428571428571428	0.6913178085879708	-3.4815388999999995e-05	0
660	Iter0661	5	3	0	4	0	0	7.5	0.08080808080808108	-3.4876014000000004e-07	0
661	Iter0662	5	5	3	3	0	0	1.0	1.0	0.0	0
662	Iter0663	8	3	7	1	0	0	0.3809523809523809	0.6026831785345736	-1.194526824738e-05	0
663	Iter0664	4	4	5	5	0	0	1.0	1.0	-1.3434e-10	0
664	Iter0665	4	2	5	5	0	0	2.0	0.6328671328671316	-0.0007000000000000001	0
665	Iter0666	7	8	4	3	0	0	0.65625	1.0	-0.00014235176	0
666	Iter0667	7	8	2	0	0	0	0.2962962962962963	0.4705882352941165	-7.28439e-08	0
667	Iter0668	2	7	5	0	0	0	0.0625	0.02097902097902093	0.0	0
668	Iter0669	9	7	6	3	0	0	0.6428571428571429	0.69131780858797	-0.0003712676289	0
669	Iter0670	4	5	1	0	0	0	0.4166666666666667	1.0	-4.6797299999999986e-05	0
670	Iter0671	8	4	5	1	0	0	0.4	0.6148459383753487	-0.000602719227	0
671	Iter0672	9	3	2	0	0	0	0.8333333333333334	1.0	-0.0005451508800000001	0
672	Iter0673	8	3	0	2	0	0	6.75	0.12820512820512825	-2.1543066800000004e-05	0
673	Iter0674	6	8	4	6	0	0	1.125	1.0	-6.366550399999999e-07	0
674	Iter0675	3	4	5	1	0	0	0.15	0.26573426573426623	-1.11772287e-06	0
675	Iter0676	7	2	3	4	0	0	4.666666666666667	0.30244755244755106	-4.93396e-05	0
676	Iter0677	5	7	2	1	0	0	0.35714285714285715	0.5692307692307671	0.0	0
677	Iter0678	4	5	6	2	0	0	0.26666666666666666	0.3348416289592753	-0.000591268	0
678	Iter0679	6	5	0	3	0	0	4.666666666666667	0.2087912087912085	-0.0003348019489	0
679	Iter0680	8	6	7	2	0	0	0.3809523809523809	0.3997846278099336	-0.00055945802	0
680	Iter0681	6	6	9	3	0	0	0.3333333333333333	0.4003230582851002	-0.0006940307	0
681	Iter0682	8	5	3	1	0	0	0.5333333333333333	1.0	-0.000344539686	0
682	Iter0683	5	3	6	0	0	0	0.21428571428571427	0.20879120879120897	0.0	0
683	Iter0684	4	5	5	2	0	0	0.32	0.3575174825174812	-1.5564429999999998e-05	0
684	Iter0685	10	5	1	1	0	0	2.0	1.0	-0.00091638821	0
685	Iter0686	5	8	2	2	0	0	0.625	1.0	-7.184033e-05	0
686	Iter0687	5	7	5	1	0	0	0.14285714285714285	0.15158371040724014	-0.00060379787	0
687	Iter0688	5	4	3	6	0	0	2.5	0.6371863430686975	-3.4360993548000004e-07	0
688	Iter0689	10	5	3	1	0	0	0.6666666666666666	1.0	-0.0006831944189999999	0
689	Iter0690	4	7	2	0	0	0	0.20833333333333331	0.1923076923076929	-1.0682462251999999e-05	0
690	Iter0691	3	3	3	4	0	0	1.3333333333333333	1.0	-4.71096e-05	0
691	Iter0692	5	7	1	3	0	0	2.1428571428571432	1.0	-0.0005346166	0
692	Iter0693	9	7	1	4	0	0	5.142857142857143	0.3107769423558912	-0.0003462318629999999	0
693	Iter0694	7	7	5	0	0	0	0.16666666666666666	0.10603715170278633	-0.00068197	0
694	Iter0695	2	6	5	0	0	0	0.07142857142857142	0.020979020979021074	-0.000677415	0
695	Iter0696	10	5	2	0	0	0	0.6111111111111109	1.0	-4.411354400000001e-08	0
696	Iter0697	2	7	3	2	0	0	0.19047619047619047	0.2657342657342649	-3.72386e-10	0
697	Iter0698	2	1	3	1	0	0	0.6666666666666666	1.0	0.0	0
698	Iter0699	5	9	9	0	0	0	0.06	0.0026052692764228762	-6.05950983e-06	0
699	Iter0700	3	5	2	1	0	0	0.3	0.5454545454545453	-8.63931e-05	0
700	Iter0701	8	5	1	1	0	0	1.6	1.0	-0.000461231934	0
701	Iter0702	5	6	4	0	0	0	0.17142857142857146	0.10329670329670301	-0.00010258749999999999	0
702	Iter0703	12	2	4	1	0	0	1.5	1.0	-0.000552085295	0
703	Iter0704	1	4	3	0	0	0	0.1	0.14285714285714265	-1.8011000000000004e-06	0
704	Iter0705	8	6	2	2	0	0	1.3333333333333333	1.0	-0.00012879857	0
705	Iter0706	9	3	3	1	0	0	1.0	1.0	-0.0010953251415	0
706	Iter0707	7	6	2	1	0	0	0.5833333333333334	1.0	-2.9701509999999997e-05	0
707	Iter0708	2	3	4	3	0	0	0.5	1.0	-2.73231e-05	0
708	Iter0709	8	6	2	4	0	0	2.6666666666666665	0.628482972136224	-0.0004718822600000001	0
709	Iter0710	5	12	6	2	0	0	0.1388888888888889	0.08097635392829969	-0.000226858	0
710	Iter0711	7	6	3	4	0	0	1.5555555555555556	1.0	-0.00026869336	0
711	Iter0712	6	3	0	1	0	0	3.5	0.3999999999999996	-0.000178763	0
712	Iter0713	6	6	4	4	0	0	1.0	1.0	-1.15935e-06	0
713	Iter0714	4	8	0	1	0	0	1.1111111111111112	1.0	-0.0004909316	0
714	Iter0715	2	6	0	3	0	0	1.7142857142857142	1.0	0.0	0
715	Iter0716	9	5	4	4	0	0	1.8	0.6619195046439627	-0.000951334	0
716	Iter0717	9	7	3	0	0	0	0.3125	0.2631578947368429	-2.2959974e-05	0
717	Iter0718	3	5	3	0	0	0	0.16666666666666666	0.1818181818181817	-3.15418e-07	0
718	Iter0719	12	3	4	4	0	0	4.0	0.18189568317445604	-0.0001836068	0
719	Iter0720	8	8	8	1	0	0	0.125	0.08750718927054962	-0.000395902	0
720	Iter0721	5	3	1	1	0	0	1.6666666666666667	1.0	-0.0001163586	0
721	Iter0722	4	5	3	3	0	0	0.8	1.0	-6.7233500000000015e-06	0
722	Iter0723	3	9	4	1	0	0	0.08333333333333333	0.1006787330316741	-7.65298e-07	0
723	Iter0724	7	10	2	3	0	0	1.05	1.0	-0.000255447439562118	0
724	Iter0725	2	4	5	2	0	0	0.2	0.28613053613053674	-0.00022733658	0
725	Iter0726	6	8	1	1	0	0	0.75	1.0	0.0	0
726	Iter0727	6	4	3	1	0	0	0.5	1.0	-0.0012763619113	0
727	Iter0728	8	2	2	2	0	0	4.0	0.5204795204795202	-0.0003328412213319	0
728	Iter0729	9	7	6	1	0	0	0.2142857142857143	0.34521959397447466	0.0	0
729	Iter0730	11	6	1	0	0	0	0.8571428571428571	1.0	-8.024979660747e-05	0
730	Iter0731	5	8	1	3	0	0	1.875	1.0	-0.000145932351694	0
731	Iter0732	8	3	4	1	0	0	0.6666666666666666	1.0	-0.000961611384	0
732	Iter0733	8	7	3	1	0	0	0.3809523809523809	0.602683178534573	-0.0007886530300002047	0
733	Iter0734	6	6	3	0	0	0	0.25	0.22857142857142754	-0.000188133	0
734	Iter0735	2	5	2	1	0	0	0.2	0.5000000000000003	-0.00010431	0
735	Iter0736	3	6	5	2	0	0	0.2	0.3146853146853139	0.0	0
736	Iter0737	5	11	3	3	0	0	0.4545454545454545	0.6243550051599616	-0.0005163619	0
737	Iter0738	2	5	2	4	0	0	0.8	1.0	-5.40292e-08	0
738	Iter0739	7	4	1	0	0	0	0.8	1.0	-6.0020342e-05	0
739	Iter0740	3	8	7	2	0	0	0.10714285714285714	0.0697785186949274	-0.000875439	0
740	Iter0741	7	8	3	5	0	0	1.4583333333333337	1.0	-0.0007085418550000001	0
741	Iter0742	6	7	0	0	0	0	0.875	1.0	-0.0011572458	0
742	Iter0743	5	6	2	0	0	0	0.2857142857142857	0.4615384615384627	-3.534573999999999e-05	0
743	Iter0744	4	3	3	3	0	0	1.3333333333333333	1.0	-2.87692e-07	0
744	Iter0745	8	3	8	0	0	0	0.25	0.2280701754385973	-7.24516861e-05	0
745	Iter0746	12	13	5	2	0	0	0.3692307692307693	0.4024996910147136	-0.0007722775	0
746	Iter0747	7	5	3	1	0	0	0.4666666666666666	1.0	-1.36843411071e-05	0
747	Iter0748	10	10	4	2	0	0	0.5	0.6521739130434809	-4.46700369509653e-05	0
748	Iter0749	8	11	2	1	0	0	0.3636363636363637	0.5714285714285691	-1.9035188900000004e-06	0
749	Iter0750	2	6	2	1	0	0	0.16666666666666666	0.490909090909091	-3.377220104956e-06	0
750	Iter0751	5	12	4	0	0	0	0.09230769230769233	0.021052631578947358	-0.0002289780253054	0
751	Iter0752	3	4	6	4	0	0	0.5	0.6371863430686964	-1.51605e-05	0
752	Iter0753	7	9	1	3	0	0	2.333333333333333	0.6185758513931907	-4.041543015e-05	0
753	Iter0754	7	1	4	2	0	0	3.5	0.538461538461539	-0.00013790007019	0
754	Iter0755	7	4	2	0	0	0	0.5333333333333333	1.0	-4.7371943800000003e-05	0
755	Iter0756	7	6	4	4	0	0	1.1666666666666667	1.0	0.0	0
756	Iter0757	6	5	5	0	0	0	0.19444444444444445	0.11858974358974357	-5.37919104749e-05	0
757	Iter0758	7	4	6	2	0	0	0.5833333333333334	1.0	-0.00055579439	0
758	Iter0759	6	2	3	5	0	0	5.0	0.3146853146853145	-4.89126e-05	0
759	Iter0760	3	11	1	0	0	0	0.16666666666666666	0.2666666666666667	-4.95215e-05	0
760	Iter0761	6	8	6	0	0	0	0.11111111111111112	0.04189886480908152	-7.206017e-05	0
761	Iter0762	3	4	0	2	0	0	2.4000000000000004	0.5000000000000001	-4.08514e-07	0
762	Iter0763	5	1	7	4	0	0	2.8571428571428568	0.6000323206205543	-0.0003594146	0
763	Iter0764	9	4	2	2	0	0	2.25	0.5840336134453747	-8.5368255e-05	0
764	Iter0765	8	12	4	2	0	0	0.3333333333333333	0.3652173913043496	-0.0008564133218	0
765	Iter0766	7	1	3	0	0	0	1.0	1.0	-4.40511e-05	0
766	Iter0767	4	7	4	1	0	0	0.14285714285714285	0.2820512820512817	-3.4679930964999998e-06	0
767	Iter0768	6	2	2	3	0	0	4.5	0.2929292929292933	-0.00016481700000000002	0
768	Iter0769	6	3	3	0	0	0	0.4375	0.5090909090909093	-0.0007418380000000001	0
769	Iter0770	10	2	3	3	0	0	5.0	0.2682072829131648	-0.0006289881338	0
770	Iter0771	12	8	2	1	0	0	0.75	1.0	-0.001051019721066892	0
771	Iter0772	5	5	1	1	0	0	1.0	1.0	-2.46238e-07	0
772	Iter0773	8	3	7	7	0	0	2.6666666666666665	0.4138713151164372	-0.0001246	0
773	Iter0774	6	4	5	2	0	0	0.6	1.0	-7.0106228183e-05	0
774	Iter0775	5	5	4	1	0	0	0.25	0.5804195804195791	-1.575384e-05	0
775	Iter0776	6	11	3	4	0	0	0.7272727272727272	1.0	-3.352439e-06	0
776	Iter0777	7	11	3	3	0	0	0.6363636363636364	0.6653318077803207	-1.613897e-05	0
777	Iter0778	5	4	4	1	0	0	0.3125	0.5804195804195778	-3.5663400000000205e-05	0
778	Iter0779	7	3	2	2	0	0	2.333333333333333	0.5804195804195791	-2.0839899999999995e-09	0
779	Iter0780	6	5	4	0	0	0	0.2333333333333333	0.23076923076923045	-0.0001086947441	0
780	Iter0781	11	5	1	1	0	0	2.2	1.0	-0.000554489573	0
781	Iter0782	10	7	5	2	0	0	0.5714285714285714	0.6687122945704231	-0.00060727966933	0
782	Iter0783	9	9	1	2	0	0	2.0	1.0	-0.00021304879	0
783	Iter0784	6	6	1	1	0	0	1.0	1.0	-0.000303165978	0
784	Iter0785	8	8	4	1	0	0	0.25	0.33834586466165395	-0.00019923220199999998	0
785	Iter0786	7	3	1	1	0	0	2.333333333333333	1.0	-0.0001422040813121	0
786	Iter0787	8	6	2	2	0	0	1.3333333333333333	1.0	-1.965295e-05	0
787	Iter0788	5	5	7	3	0	0	0.42857142857142855	0.6499166468206703	-9.8148915e-05	0
788	Iter0789	9	10	2	2	0	0	0.9	1.0	-0.0005301730275	0
789	Iter0790	8	5	4	0	0	0	0.3	0.2605042016806704	-0.00014581192000000001	0
790	Iter0791	3	2	3	1	0	0	0.5	1.0	-8.54316e-08	0
791	Iter0792	9	5	5	3	0	0	1.08	1.0	-0.00042330864720000003	0
792	Iter0793	5	7	5	5	0	0	0.7142857142857143	1.0	-2.078985e-05	0
793	Iter0794	6	7	0	1	0	0	1.75	1.0	-0.000571595882876763	0
794	Iter0795	7	3	4	7	0	0	4.083333333333334	0.19838056680161908	-0.0007684223	0
795	Iter0796	11	7	3	3	0	0	1.5714285714285714	0.6653318077803205	-5.140632e-05	0
796	Iter0797	10	5	5	3	0	0	1.2	1.0	-0.00035375467	0
797	Iter0798	5	7	2	2	0	0	0.7142857142857143	1.0	-0.0001465073899	0
798	Iter0799	6	10	9	3	0	0	0.2	0.0670704895230402	-6.749446464000002e-05	0
799	Iter0800	5	3	1	3	0	0	5.000000000000001	0.5454545454545472	-0.00010731005200000001	0
800	Iter0801	8	4	0	1	0	0	3.6	0.3846153846153838	-0.00014930997	0
801	Iter0802	4	4	1	3	0	0	3.0	0.5757575757575775	-0.0006492043999999999	0
802	Iter0803	4	3	5	2	0	0	0.5333333333333333	1.0	-0.000288513	0
803	Iter0804	10	13	1	1	0	0	0.7692307692307693	1.0	-0.0005058888	0
804	Iter0805	4	5	3	2	0	0	0.5333333333333333	1.0	-0.00053593470365	0
805	Iter0806	2	9	2	2	0	0	0.2222222222222222	0.516483516483516	-1.88832e-05	0
806	Iter0807	6	7	9	0	0	0	0.0875	0.016676048409794503	-0.0003261959901219	0
807	Iter0808	4	6	0	3	0	0	2.8571428571428568	0.4965034965034973	-0.00027247990000000004	0
808	Iter0809	7	2	4	1	0	0	0.875	1.0	-0.0007457930799999999	0
809	Iter0810	4	7	3	2	0	0	0.3809523809523809	0.5961538461538446	-9.53841e-08	0
810	Iter0811	13	8	2	1	0	0	0.8125	1.0	-8.070232266000002e-05	0
811	Iter0812	4	6	1	1	0	0	0.6666666666666666	1.0	-0.000229036	0
812	Iter0813	3	8	8	6	0	0	0.28125	0.2271570870911309	0.0	0
813	Iter0814	5	7	2	2	0	0	0.7142857142857143	1.0	-0.00023576502793999998	0
814	Iter0815	6	4	6	2	0	0	0.5	0.6380090497737562	-6.220566000000001e-07	0
815	Iter0816	4	10	2	3	0	0	0.6000000000000001	1.0	0.0	0
816	Iter0817	5	4	3	1	0	0	0.4166666666666667	1.0	-0.0001223041	0
817	Iter0818	7	5	0	0	0	0	1.3333333333333333	1.0	-7.754877e-05	0
818	Iter0819	7	5	3	1	0	0	0.4666666666666666	1.0	-9.996960405614101e-05	0
819	Iter0820	8	4	5	4	0	0	1.6	0.6730650154798735	-7.787031200000671e-05	0
820	Iter0821	8	4	3	0	0	0	0.45	0.516483516483514	-5.90535107e-05	0
821	Iter0822	4	8	5	2	0	0	0.2	0.16980233388902108	-1.8373808e-05	0
822	Iter0823	4	7	2	3	0	0	0.8571428571428571	1.0	-0.00046703	0
823	Iter0824	10	3	2	0	0	0	0.9166666666666666	1.0	-0.0007200132	0
824	Iter0825	6	11	6	2	0	0	0.1818181818181818	0.09684210526315797	-4.43225457e-05	0
825	Iter0826	7	5	4	2	0	0	0.7	1.0	-3.7320775e-05	0
826	Iter0827	2	5	1	1	0	0	0.4	1.0	0.0	0
827	Iter0828	7	4	5	2	0	0	0.7	1.0	-1.1190970404925e-05	0
828	Iter0829	8	8	4	2	0	0	0.5	0.6461742591773529	-0.0007399582905909459	0
829	Iter0830	7	5	1	2	0	0	2.8	0.5692307692307671	-8.618869999999999e-08	0
830	Iter0831	1	5	6	7	0	0	0.23333333333333334	0.3330753353973148	0.0	0
831	Iter0832	5	7	3	3	0	0	0.7142857142857143	1.0	-0.000547398	0
832	Iter0833	4	8	2	4	0	0	1.0	1.0	-0.0008914899999999999	0
833	Iter0834	8	9	2	0	0	0	0.3	0.4736842105263174	-0.00010023169999999999	0
834	Iter0835	7	4	1	2	0	0	3.5	0.5384615384615372	-0.00011201372500000002	0
835	Iter0836	7	6	5	1	0	0	0.2333333333333333	0.33307533539731554	-0.00037148	0
836	Iter0837	8	4	4	1	0	0	0.5	1.0	-0.000708523853	0
837	Iter0838	7	7	0	0	0	0	1.0	1.0	-0.00029815376	0
838	Iter0839	5	3	3	1	0	0	0.5555555555555556	1.0	-4.89346e-06	0
839	Iter0840	4	5	0	1	0	0	1.6666666666666667	1.0	-0.00020995812213	0
840	Iter0841	5	1	0	1	0	0	6.0	0.2857142857142857	-0.0002250666	0
841	Iter0842	6	8	3	0	0	0	0.19444444444444445	0.20588235294117668	-0.000181897299	0
842	Iter0843	6	2	1	1	0	0	3.0	1.0	-0.000117577	0
843	Iter0844	7	5	4	3	0	0	1.05	1.0	-1.4269e-07	0
844	Iter0845	3	6	7	2	0	0	0.14285714285714285	0.15343480049362446	-0.00029831964182800005	0
845	Iter0846	3	5	2	3	0	0	0.9	1.0	-2.4732163940000006e-05	0
846	Iter0847	9	10	2	2	0	0	0.9	1.0	-7.467872576000001e-05	0
847	Iter0848	6	5	5	1	0	0	0.24	0.3333872010342601	-8.116182399999999e-05	0
848	Iter0849	8	6	2	4	0	0	2.6666666666666665	0.628482972136224	-0.000546623	0
849	Iter0850	8	4	0	2	0	0	5.4	0.16483516483516408	-1.7709819e-05	0
850	Iter0851	8	4	2	2	0	0	2.0	0.604395604395601	-0.00061300053	0
851	Iter0852	4	10	2	0	0	0	0.15151515151515152	0.12499999999999975	-3.5108199999999994e-07	0
852	Iter0853	8	6	3	3	0	0	1.3333333333333333	1.0	-1.0414465783e-05	0
853	Iter0854	8	3	2	2	0	0	2.6666666666666665	0.5604395604395587	-3.210805217e-05	0
854	Iter0855	6	6	5	0	0	0	0.16666666666666666	0.10229476405946963	-0.000190733700187	0
855	Iter0856	4	2	2	0	0	0	0.5555555555555556	1.0	-1.89314e-05	0
856	Iter0857	9	4	5	0	0	0	0.3333333333333333	0.2777777777777785	-0.0008801430002712709	0
857	Iter0858	11	6	2	0	0	0	0.5714285714285714	1.0	-0.0017940638454383999	0
858	Iter0859	14	5	6	0	0	0	0.35714285714285715	0.2887069452286851	-0.0008957263559989999	0
859	Iter0860	2	3	2	2	0	0	0.6666666666666666	1.0	-0.00015659543	0
860	Iter0861	8	6	2	2	0	0	1.3333333333333333	1.0	-0.00018784265	0
861	Iter0862	1	3	3	3	0	0	0.3333333333333333	0.5714285714285721	0.0	0
862	Iter0863	6	4	3	1	0	0	0.5	1.0	-0.00015209529999999998	0
863	Iter0864	11	11	5	1	0	0	0.2	0.19647502256197905	-0.001014186929716	0
864	Iter0865	5	4	5	0	0	0	0.2	0.22077922077922	0.0	0
865	Iter0866	8	7	4	2	0	0	0.5714285714285714	0.6594427244582047	-3.56323007e-05	0
866	Iter0867	3	3	5	3	0	0	0.6	1.0	-0.0005142684	0
867	Iter0868	5	9	6	3	0	0	0.2777777777777778	0.21375689864046266	0.0	0
868	Iter0869	8	12	3	5	0	0	1.1111111111111112	1.0	-0.0008972754860000002	0
869	Iter0870	5	5	4	4	0	0	1.0	1.0	-0.000678860318407	0
870	Iter0871	5	3	4	5	0	0	2.083333333333333	0.6371863430686964	-0.00152751	0
871	Iter0872	11	3	2	0	0	0	1.0	1.0	-0.00097746	0
872	Iter0873	10	5	2	1	0	0	1.0	1.0	-0.0012763415349999999	0
873	Iter0874	3	10	1	1	0	0	0.3	0.4761904761904744	-5.5006889900000005e-05	0
874	Iter0875	4	7	0	0	0	0	0.625	1.0	-0.000198979	0
875	Iter0876	5	4	5	2	0	0	0.5	0.632867132867131	-0.0005360237000000001	0
876	Iter0877	5	8	1	4	0	0	2.5	0.6148459383753498	-2.62591e-05	0
877	Iter0878	8	5	6	4	0	0	1.0666666666666669	1.0	-2.5028307e-05	0
878	Iter0879	5	2	0	3	0	0	8.0	0.16666666666666674	-6.97266e-09	0
879	Iter0880	4	6	1	2	0	0	1.3333333333333333	1.0	-1.38581e-08	0
880	Iter0881	9	6	5	3	0	0	0.8999999999999999	1.0	-0.0001087695336628	0
881	Iter0882	6	7	2	3	0	0	1.2857142857142858	1.0	-1.237300107851e-09	0
882	Iter0883	10	5	3	3	0	0	2.0	0.63106295149639	-1.0456992048021718e-05	0
883	Iter0884	5	7	5	3	0	0	0.42857142857142855	0.6499166468206725	-0.0001705796515	0
884	Iter0885	9	6	4	0	0	0	0.2857142857142857	0.2554179566563461	-3.83645355e-05	0
885	Iter0886	5	2	5	1	0	0	0.5	1.0	-6.79337e-05	0
886	Iter0887	4	4	5	3	0	0	0.6	1.0	0.0	0
887	Iter0888	3	6	4	0	0	0	0.11428571428571427	0.06993006993007007	-0.0001011344	0
888	Iter0889	1	3	3	1	0	0	0.1111111111111111	0.4857142857142854	0.0	0
889	Iter0890	7	2	5	0	0	0	0.4444444444444444	0.5054945054945027	-0.000160758	0
890	Iter0891	11	8	4	0	0	0	0.26666666666666666	0.25691699604743035	-3.81737e-05	0
891	Iter0892	5	5	3	2	0	0	0.6666666666666666	1.0	-4.80867774e-05	0
892	Iter0893	5	4	4	2	0	0	0.625	1.0	-0.00048398249000000004	0
893	Iter0894	4	4	3	1	0	0	0.3333333333333333	0.5757575757575777	-7.7226394e-05	0
894	Iter0895	2	6	3	3	0	0	0.3333333333333333	0.5804195804195802	-2.22819e-05	0
895	Iter0896	6	9	1	1	0	0	0.6666666666666666	1.0	-0.00047293529000000005	0
896	Iter0897	5	5	1	5	0	0	5.0	0.3069430569430567	-7.24255093e-07	0
897	Iter0898	8	7	1	1	0	0	1.1428571428571428	1.0	-2.786641024e-05	0
898	Iter0899	5	1	1	4	0	0	20.0	0.08008658008658011	-2.14246e-06	0
899	Iter0900	7	6	1	0	0	0	0.5714285714285714	1.0	-0.00031860959000000005	0
900	Iter0901	3	7	7	1	0	0	0.061224489795918366	0.02481831893596611	-5.4109e-06	0
901	Iter0902	11	4	4	0	0	0	0.48	0.5304437564499502	-5.820947378e-05	0
902	Iter0903	11	8	5	1	0	0	0.275	0.3644268774703583	-2.156192550128e-05	0
903	Iter0904	3	4	5	2	0	0	0.3	0.5920745920745918	-1.2885299999999998e-06	0
904	Iter0905	2	4	6	4	0	0	0.3333333333333333	0.6083916083916083	-4.0295800000000015e-06	0
905	Iter0906	6	8	4	2	0	0	0.375	0.628482972136224	-0.00010718952	0
906	Iter0907	7	7	5	3	0	0	0.6	0.6749226006191936	-0.0001928319	0
907	Iter0908	11	6	4	1	0	0	0.4583333333333333	1.0	-0.0002542473903	0
908	Iter0909	4	5	6	0	0	0	0.11904761904761905	0.043956043956043786	-0.0001224880954755	0
909	Iter0910	5	6	2	2	0	0	0.8333333333333334	1.0	-0.0002186805	0
910	Iter0911	7	6	4	2	0	0	0.5833333333333334	1.0	-0.00021274981	0
911	Iter0912	9	8	4	1	0	0	0.28125	0.3602187286397813	-0.0005329381	0
912	Iter0913	8	6	2	4	0	0	2.6666666666666665	0.628482972136224	-1.37899215e-05	0
913	Iter0914	6	10	2	4	0	0	1.2	1.0	-1.34208e-11	0
914	Iter0915	8	4	7	1	0	0	0.2857142857142857	0.6026831785345728	-0.000143396263	0
915	Iter0916	8	6	5	2	0	0	0.5333333333333333	0.6556587547299609	-5.1755742e-05	0
916	Iter0917	2	5	1	0	0	0	0.25	0.37499999999999983	0.0	0
917	Iter0918	2	5	5	4	0	0	0.32	0.3575174825174822	-0.0001412597	0
918	Iter0919	4	8	3	2	0	0	0.3333333333333333	0.5927601809954732	-0.0007022069999999999	0
919	Iter0920	7	6	1	2	0	0	2.333333333333333	1.0	-0.00023207200499999998	0
920	Iter0921	5	5	3	2	0	0	0.6666666666666666	1.0	-7.405e-05	0
921	Iter0922	6	7	2	1	0	0	0.42857142857142855	1.0	-7.590091928999999e-07	0
922	Iter0923	12	9	4	1	0	0	0.3333333333333333	0.6169048342961392	-0.0011935160156	0
923	Iter0924	2	4	2	2	0	0	0.5	1.0	-1.59354e-05	0
924	Iter0925	7	3	1	5	0	0	11.666666666666664	0.11888111888111895	-0.00017493841074	0
925	Iter0926	8	4	3	2	0	0	1.3333333333333333	1.0	-6.339541819e-05	0
926	Iter0927	6	5	6	0	0	0	0.16666666666666669	0.1022947640594698	-2.0611e-06	0
927	Iter0928	8	9	2	3	0	0	1.3333333333333333	1.0	-0.0002520111	0
928	Iter0929	9	3	4	2	0	0	1.5	1.0	-4.1406043060600004e-05	0
929	Iter0930	2	7	5	2	0	0	0.11428571428571427	0.12622377622377584	-3.26546e-08	0
930	Iter0931	5	8	5	3	0	0	0.375	0.3869969040247698	-0.00030384016956000004	0
931	Iter0932	6	9	6	1	0	0	0.1111111111111111	0.0743034055727551	-2.4588150000000003e-06	0
932	Iter0933	6	7	4	1	0	0	0.21428571428571427	0.3137254901960782	-9.020955399999999e-06	0
933	Iter0934	4	4	1	2	0	0	2.0	1.0	-3.1675063e-05	0
934	Iter0935	8	5	8	1	0	0	0.2	0.33303847854931323	-5.39670758e-07	0
935	Iter0936	9	4	2	3	0	0	3.375	0.3259803921568637	-0.0009179303832	0
936	Iter0937	5	5	5	3	0	0	0.6	0.6640614287673134	-0.0017115300000000002	0
937	Iter0938	4	6	3	1	0	0	0.2222222222222222	0.5594405594405594	-4.91756e-07	0
938	Iter0939	5	4	5	2	0	0	0.5	0.632867132867131	-2.8304506000000003e-05	0
939	Iter0940	10	6	2	1	0	0	0.8333333333333334	1.0	-0.00019095825699999997	0
940	Iter0941	7	6	2	3	0	0	1.7500000000000002	1.0	-3.8777879e-05	0
941	Iter0942	9	6	8	3	0	0	0.5625	0.6828375286041242	-0.0009296311	0
942	Iter0943	5	8	4	1	0	0	0.15625	0.2941176470588233	-0.000323093074	0
943	Iter0944	4	3	5	4	0	0	1.0666666666666669	1.0	-6.22076e-05	0
944	Iter0945	12	6	4	1	0	0	0.5	1.0	-0.0005172440155537001	0
945	Iter0946	1	3	3	0	0	0	0.125	0.14285714285714274	0.0	0
946	Iter0947	12	5	3	0	0	0	0.5416666666666666	0.5394736842105303	-0.0012765235	0
947	Iter0948	6	9	1	1	0	0	0.6666666666666666	1.0	-0.00010430199999999999	0
948	Iter0949	6	7	2	1	0	0	0.42857142857142855	1.0	-0.0011863897	0
949	Iter0950	4	8	7	3	0	0	0.21428571428571427	0.1983805668016188	-4.92345644e-05	0
950	Iter0951	5	8	2	2	0	0	0.625	1.0	-1.545947932e-05	0
951	Iter0952	5	5	3	4	0	0	1.3333333333333333	1.0	-1.1589366e-05	0
952	Iter0953	6	6	1	2	0	0	2.0	1.0	-0.00116677	0
953	Iter0954	5	9	2	7	0	0	1.9444444444444449	0.6570197873199646	0.0	0
954	Iter0955	9	2	3	0	0	0	0.8333333333333334	1.0	-3.227952e-05	0
955	Iter0956	4	5	4	2	0	0	0.4	0.6083916083916074	-5.40633e-07	0
956	Iter0957	1	7	4	0	0	0	0.05	0.010101010101010102	0.0	0
957	Iter0958	7	5	6	2	0	0	0.4666666666666666	0.6424148606811138	-7.98904e-06	0
958	Iter0959	5	3	2	3	0	0	2.5000000000000004	0.5920745920745941	-1.32687e-05	0
959	Iter0960	6	4	3	3	0	0	1.5	1.0	-0.0005469286283999999	0
960	Iter0961	8	8	6	2	0	0	0.3333333333333333	0.3875353344999344	-3.4492450000000005e-05	0
961	Iter0962	4	11	2	3	0	0	0.5454545454545455	0.6126160990712086	-0.00010129	0
962	Iter0963	5	4	3	2	0	0	0.8333333333333334	1.0	-0.00010182440000106147	0
963	Iter0964	4	7	2	3	0	0	0.8571428571428571	1.0	-6.4516973e-07	0
964	Iter0965	5	5	3	2	0	0	0.6666666666666666	1.0	-1.2169601007959e-05	0
965	Iter0966	4	4	4	2	0	0	0.5	0.6270396270396279	0.0	0
966	Iter0967	6	10	4	0	0	0	0.12727272727272726	0.0866873065015481	-0.0005567805	0
967	Iter0968	9	4	2	3	0	0	3.375	0.3259803921568637	-6.37792e-06	0
968	Iter0969	9	4	3	2	0	0	1.5	1.0	-0.00024315955499014	0
969	Iter0970	4	9	3	1	0	0	0.14814814814814814	0.2499999999999995	-1.57286e-06	0
970	Iter0971	5	4	1	3	0	0	3.75	0.5594405594405606	-0.0009839361	0
971	Iter0972	6	4	4	0	0	0	0.28	0.2507492507492505	-0.0004314475	0
972	Iter0973	2	5	4	2	0	0	0.2	0.2861305361305377	-8.95433e-05	0
973	Iter0974	2	2	4	1	0	0	0.25	0.5238095238095241	0.0	0
974	Iter0975	7	3	0	2	0	0	6.0	0.15151515151515202	-0.00048223473413	0
975	Iter0976	3	6	4	4	0	0	0.5	0.6371863430686965	-0.00022171400000000005	0
976	Iter0977	7	4	3	4	0	0	2.333333333333333	0.6304675716440438	-0.0005608573999999999	0
977	Iter0978	7	8	3	1	0	0	0.2916666666666667	0.582043343653251	-0.0002245005	0
978	Iter0979	4	6	2	1	0	0	0.3333333333333333	0.5594405594405605	-6.890607500000001e-06	0
979	Iter0980	5	8	8	3	0	0	0.234375	0.1228006076572504	-0.0008831577	0
980	Iter0981	6	7	1	1	0	0	0.8571428571428571	1.0	-0.000361107	0
981	Iter0982	6	7	4	0	0	0	0.175	0.10294117647058773	-1.4438900000000003e-05	0
982	Iter0983	8	6	9	1	0	0	0.14814814814814814	0.1717807364260464	-6.332393e-06	0
983	Iter0984	5	4	4	5	0	0	1.5625	1.0	-3.215131e-05	0
984	Iter0985	7	5	5	4	0	0	1.12	1.0	-0.00020953778510000306	0
985	Iter0986	4	8	5	2	0	0	0.2	0.16980233388902108	-5.16279e-05	0
986	Iter0987	3	1	2	3	0	0	4.5	0.5238095238095235	-7.766539e-06	0
987	Iter0988	7	10	2	0	0	0	0.24242424242424246	0.21052631578947412	-0.0005909081891	0
988	Iter0989	7	7	4	3	0	0	0.75	1.0	-5.88702166631e-05	0
989	Iter0990	6	4	3	0	0	0	0.35	0.4965034965034971	-0.00034222835499999997	0
990	Iter0991	10	7	1	4	0	0	5.7142857142857135	0.3107769423558888	-0.00032573974	0
991	Iter0992	8	7	3	0	0	0	0.28125	0.2450980392156868	-4.17549e-05	0
992	Iter0993	4	2	4	4	0	0	2.0	0.6270396270396283	-6.55245e-08	0
993	Iter0994	6	8	4	2	0	0	0.375	0.628482972136224	-0.00035239639918000003	0
994	Iter0995	11	8	3	1	0	0	0.4583333333333333	1.0	-0.00041036513092000004	0
995	Iter0996	5	5	5	1	0	0	0.2	0.3069430569430568	-0.00023979360880000002	0
996	Iter0997	5	3	5	7	0	0	2.333333333333333	0.6499166468206725	-1.90908692e-08	0
997	Iter0998	3	12	3	1	0	0	0.08333333333333333	0.07094943240454091	-0.00013074147	0
998	Iter0999	8	10	8	3	0	0	0.30000000000000004	0.24903412955176876	-0.0002736498	0
999	Iter1000	6	5	7	4	0	0	0.6857142857142857	1.0	-0.0008555556	0
