	IterId	dN	dS	pN	pS	bdN	bpN	MkScore	FSPVal	SelCoef	PosSel
0	Iter0001	4	3	5	7	0	0	1.8666666666666665	0.6499166468206706	-0.00011893863000000001	0
1	Iter0002	4	2	7	5	0	0	1.4285714285714286	1.0	-0.0005657711416580001	0
2	Iter0003	6	1	3	5	0	0	10.0	0.11888111888111845	-0.000208271902857	0
3	Iter0004	3	1	5	5	0	0	3.0	0.5804195804195819	-0.000329972830885	0
4	Iter0005	3	1	3	6	0	0	6.0	0.26573426573426634	-0.000289024083	0
5	Iter0006	0	4	12	4	0	0	0.07692307692307693	0.01444788441692474	0.0	0
6	Iter0007	1	1	7	4	0	0	0.5714285714285714	1.0	-8.092480000000001e-06	0
7	Iter0008	5	1	9	3	0	0	1.6666666666666667	1.0	-0.0005472616668876	0
8	Iter0009	4	3	4	3	0	0	1.0	1.0	-0.00019142060089999999	0
9	Iter0010	2	1	9	8	0	0	1.7777777777777777	1.0	-2.061795e-06	0
10	Iter0011	0	5	10	3	0	0	0.0606060606060606	0.006535947712418278	0.0	0
11	Iter0012	5	2	5	0	0	0	0.3333333333333333	0.46969696969697	-9.29157202e-05	0
12	Iter0013	3	2	9	6	0	0	1.0	1.0	-0.0008456391056966201	0
13	Iter0014	1	1	2	5	0	0	2.5	1.0	-0.00105894	0
14	Iter0015	4	2	6	1	0	0	0.3333333333333333	0.5594405594405605	-0.000380285093006	0
15	Iter0016	1	3	3	2	0	0	0.2222222222222222	0.5238095238095237	-0.000115307	0
16	Iter0017	3	4	12	4	0	0	0.25	0.18189568317445606	-0.00058940707	0
17	Iter0018	2	5	3	6	0	0	0.8	1.0	-9.75544327e-05	0
18	Iter0019	3	1	6	1	0	0	0.5	1.0	-2.05491e-09	0
19	Iter0020	7	2	10	2	0	0	0.7	1.0	-0.000548314993	0
20	Iter0021	3	5	7	1	0	0	0.08571428571428573	0.11888111888111873	-1.9026996000000005e-05	0
21	Iter0022	5	3	6	5	0	0	1.3888888888888893	1.0	-0.0015500505	0
22	Iter0023	0	3	7	2	0	0	0.09375	0.045454545454545435	0.0	0
23	Iter0024	1	2	7	5	0	0	0.35714285714285715	0.5692307692307683	-0.000430631	0
24	Iter0025	3	5	6	5	0	0	0.5	0.6499166468206725	-7.203125999999999e-05	0
25	Iter0026	2	1	3	4	0	0	2.6666666666666665	1.0	-6.49741000454766e-05	0
26	Iter0027	3	1	4	1	0	0	0.75	1.0	-0.0007578146000000001	0
27	Iter0028	4	5	9	5	0	0	0.4444444444444445	0.41728361825279137	-4.511335e-05	0
28	Iter0029	2	2	8	1	0	0	0.125	0.2027972027972029	-8.11725e-05	0
29	Iter0030	0	3	11	3	0	0	0.08333333333333333	0.029411764705882425	0.0	0
30	Iter0031	3	4	5	0	0	0	0.13333333333333333	0.08080808080808102	-0.00031865800000000004	0
31	Iter0032	2	2	5	4	0	0	0.8	1.0	-1.6643065811999999e-06	0
32	Iter0033	1	4	7	2	0	0	0.07142857142857142	0.0909090909090907	-4.01326e-05	0
33	Iter0034	1	3	4	5	0	0	0.4166666666666666	1.0	-1.59243e-06	0
34	Iter0035	0	4	13	5	0	0	0.08571428571428573	0.017224880382775025	0.0	0
35	Iter0036	3	3	4	6	0	0	1.5	1.0	-0.0005659014402540001	0
36	Iter0037	0	7	10	5	0	0	0.06818181818181819	0.005347593582887686	0.0	0
37	Iter0038	3	4	7	2	0	0	0.21428571428571427	0.30244755244755184	-0.000217533448	0
38	Iter0039	2	3	2	3	0	0	1.0	1.0	-3.10648e-06	0
39	Iter0040	2	3	6	0	0	0	0.10714285714285714	0.060606060606060524	-0.00032226342	0
40	Iter0041	2	2	4	7	0	0	1.75	1.0	-3.262444e-06	0
41	Iter0042	2	3	8	1	0	0	0.08333333333333333	0.09490509490509444	-4.16273000158137e-06	0
42	Iter0043	4	3	9	2	0	0	0.2962962962962963	0.32598039215686275	-0.000941474	0
43	Iter0044	1	2	8	3	0	0	0.1875	0.5054945054945046	-1.68793e-13	0
44	Iter0045	4	1	10	5	0	0	2.0	1.0	-0.0010661246142900003	0
45	Iter0046	4	0	5	4	0	0	4.166666666666667	0.22797202797202804	-9.953640642e-05	0
46	Iter0047	1	2	11	7	0	0	0.3181818181818182	0.5533834586466145	-5.5651e-06	0
47	Iter0048	4	5	9	4	0	0	0.3555555555555556	0.3842105263157864	-4.887845e-05	0
48	Iter0049	1	6	6	2	0	0	0.05555555555555555	0.040559440559440524	-3.58301e-06	0
49	Iter0050	1	1	10	1	0	0	0.1	0.2948717948717952	-6.7213e-06	0
50	Iter0051	2	2	5	3	0	0	0.6	1.0	-0.000173628372	0
51	Iter0052	3	2	7	4	0	0	0.8571428571428571	1.0	-2.72583600342884e-05	0
52	Iter0053	4	3	12	6	0	0	0.6666666666666666	0.6728770542958219	-0.00022707628849999998	0
53	Iter0054	2	2	8	1	0	0	0.125	0.2027972027972029	-0.0001594176295	0
54	Iter0055	2	2	7	2	0	0	0.2857142857142857	0.53006993006993	-0.000680780593	0
55	Iter0056	6	5	6	3	0	0	0.6	0.669921409859489	-0.0007200518603000001	0
56	Iter0057	1	0	5	2	0	0	1.0	1.0	-3.96575e-05	0
57	Iter0058	1	2	4	4	0	0	0.5	1.0	-1.04726e-10	0
58	Iter0059	0	6	10	4	0	0	0.06493506493506493	0.010835913312693528	0.0	0
59	Iter0060	3	2	6	2	0	0	0.5	1.0	-5.4331708e-06	0
60	Iter0061	2	7	3	5	0	0	0.4761904761904762	0.6199095022624408	-6.5074353e-05	0
61	Iter0062	4	3	12	2	0	0	0.2222222222222222	0.2800137598899229	-0.00044355720000000004	0
62	Iter0063	2	1	8	3	0	0	0.75	1.0	-2.52642818269e-05	0
63	Iter0064	2	1	6	1	0	0	0.3333333333333333	1.0	-0.00028559799999999997	0
64	Iter0065	5	2	5	3	0	0	1.5	1.0	-0.00017748529	0
65	Iter0066	0	0	8	4	0	0	0.5555555555555556	1.0	0.0	0
66	Iter0067	3	6	6	2	0	0	0.16666666666666666	0.1534348004936238	-2.8960623e-05	0
67	Iter0068	5	2	7	2	0	0	0.7142857142857143	1.0	-4.1172643e-05	0
68	Iter0069	2	3	10	4	0	0	0.26666666666666666	0.3046955624355003	-4.24754e-11	0
69	Iter0070	1	2	4	4	0	0	0.5	1.0	-4.57952e-08	0
70	Iter0071	5	6	8	3	0	0	0.3125000000000001	0.3869969040247673	-9.7677863e-05	0
71	Iter0072	0	1	7	6	0	0	0.4375	1.0	0.0	0
72	Iter0073	5	1	13	4	0	0	1.5384615384615383	1.0	-7.3967031e-05	0
73	Iter0074	3	7	13	5	0	0	0.16483516483516486	0.049667647379317975	-6.768860000000001e-05	0
74	Iter0075	1	3	5	3	0	0	0.2	0.5454545454545471	-7.33172e-06	0
75	Iter0076	4	1	11	5	0	0	1.818181818181818	1.0	-7.432321635e-05	0
76	Iter0077	2	0	11	2	0	0	0.75	1.0	-0.00036579995	0
77	Iter0078	1	6	4	4	0	0	0.16666666666666666	0.2820512820512817	-0.00016743299999999998	0
78	Iter0079	2	1	1	1	0	0	2.0	1.0	-3.26122e-05	0
79	Iter0080	2	6	5	2	0	0	0.13333333333333333	0.13193473193473193	-5.2315099999999997e-05	0
80	Iter0081	2	3	14	4	0	0	0.19047619047619047	0.14208446016226187	-8.732547e-06	0
81	Iter0082	6	10	2	3	0	0	0.9	1.0	-0.0002064316029	0
82	Iter0083	5	5	10	4	0	0	0.4	0.4028469511374375	-0.000100397488	0
83	Iter0084	12	3	8	5	0	0	2.5	0.409661835748791	-0.00096498602262	0
84	Iter0085	5	2	3	7	0	0	5.833333333333334	0.15343480049362399	-0.0007444509380000001	0
85	Iter0086	3	0	5	5	0	0	4.0	0.2307692307692313	-0.0006151432499999999	0
86	Iter0087	1	2	9	1	0	0	0.05555555555555555	0.10839160839160847	-1.3601e-07	0
87	Iter0088	8	3	13	3	0	0	0.6153846153846154	0.661835748792275	-0.00030560827547041	0
88	Iter0089	3	4	5	3	0	0	0.45	0.6192696192696198	-0.000550666207	0
89	Iter0090	2	2	7	4	0	0	0.5714285714285714	1.0	-1.81298e-07	0
90	Iter0091	6	1	10	5	0	0	3.0	0.6158176189135942	-0.00022248609	0
91	Iter0092	4	3	4	2	0	0	0.6666666666666666	1.0	-0.00026767802800000003	0
92	Iter0093	3	3	7	2	0	0	0.2857142857142857	0.3286713286713281	-1.4314382e-05	0
93	Iter0094	2	1	4	4	0	0	2.0	1.0	-1.0208027999999998e-06	0
94	Iter0095	0	1	8	8	0	0	0.5	1.0	0.0	0
95	Iter0096	7	0	5	6	0	0	9.333333333333334	0.037707390648567145	-0.0006546263500000001	0
96	Iter0097	3	0	13	4	0	0	1.4285714285714286	1.0	-9.644548999999999e-08	0
97	Iter0098	1	3	6	3	0	0	0.16666666666666666	0.26573426573426634	-0.000585495	0
98	Iter0099	0	1	4	3	0	0	0.4	1.0	0.0	0
99	Iter0100	2	3	9	5	0	0	0.3703703703703704	0.6026831785345719	-0.000116533	0
100	Iter0101	4	6	8	3	0	0	0.25	0.1983805668016196	-0.00021921394999999997	0
101	Iter0102	3	1	4	1	0	0	0.75	1.0	-3.1464321853000003e-06	0
102	Iter0103	3	0	9	2	0	0	1.2	1.0	-0.0005991549	0
103	Iter0104	2	1	10	1	0	0	0.2	0.3956043956043948	-0.00010591195000000001	0
104	Iter0105	3	2	7	3	0	0	0.6428571428571428	1.0	-0.0006775972999999999	0
105	Iter0106	3	3	11	3	0	0	0.2727272727272728	0.3027089783281731	-1.46515500179349e-05	0
106	Iter0107	3	1	14	4	0	0	0.8571428571428571	1.0	-5.7758399e-05	0
107	Iter0108	4	0	6	3	0	0	2.8571428571428568	0.4965034965034971	-0.00042919170999999997	0
108	Iter0109	1	7	5	4	0	0	0.11428571428571427	0.13122171945701366	0.0	0
109	Iter0110	2	4	6	3	0	0	0.25	0.3146853146853143	-1.1596968000000001e-08	0
110	Iter0111	3	4	6	2	0	0	0.25	0.3146853146853137	-0.000312491031310846	0
111	Iter0112	4	4	9	1	0	0	0.1111111111111111	0.11764705882352955	-0.0006093620426	0
112	Iter0113	0	3	8	5	0	0	0.16666666666666666	0.19999999999999946	0.0	0
113	Iter0114	3	0	3	4	0	0	5.0	0.20000000000000007	-5.992390000000001e-05	0
114	Iter0115	2	2	5	2	0	0	0.4	0.5757575757575751	-0.0002300763	0
115	Iter0116	5	2	7	2	0	0	0.7142857142857143	1.0	-0.00027702206697	0
116	Iter0117	5	7	7	2	0	0	0.20408163265306126	0.1842343415098833	-8.834483006808062e-05	0
117	Iter0118	1	6	3	4	0	0	0.2222222222222222	0.5594405594405604	-6.785069999999998e-06	0
118	Iter0119	2	0	5	4	0	0	2.5	0.4909090909090901	-0.0001293509	0
119	Iter0120	3	6	5	5	0	0	0.5	0.6499166468206733	-3.4969e-09	0
120	Iter0121	0	5	10	4	0	0	0.07575757575757575	0.010835913312693549	0.0	0
121	Iter0122	3	3	6	1	0	0	0.16666666666666666	0.26573426573426634	-0.000300529596314	0
122	Iter0123	2	5	6	6	0	0	0.4	0.6332460109549884	-0.00067288005531	0
123	Iter0124	5	4	11	0	0	0	0.1	0.026006191950464524	-0.0007049146745358999	0
124	Iter0125	1	2	9	6	0	0	0.3333333333333333	0.5588235294117663	-4.84664e-05	0
125	Iter0126	0	4	2	5	0	0	0.4	0.4909090909090901	0.0	0
126	Iter0127	2	0	8	7	0	0	2.6666666666666665	0.4852941176470584	-0.00046842799479999996	0
127	Iter0128	4	3	8	3	0	0	0.5	0.6266968325791855	-3.1130482781999994e-06	0
128	Iter0129	5	3	3	2	0	0	1.1111111111111112	1.0	-5.0475198e-05	0
129	Iter0130	2	3	6	4	0	0	0.4444444444444444	0.6083916083916079	-0.00022643626000000002	0
130	Iter0131	2	3	9	4	0	0	0.2962962962962963	0.32598039215686353	-2.7750193999999998e-05	0
131	Iter0132	0	3	9	4	0	0	0.125	0.062499999999999875	0.0	0
132	Iter0133	2	2	4	4	0	0	1.0	1.0	-3.74728894e-05	0
133	Iter0134	5	5	7	3	0	0	0.42857142857142855	0.6499166468206703	-0.0016585354	0
134	Iter0135	6	3	1	4	0	0	8.0	0.2657342657342652	-9.996032722849e-06	0
135	Iter0136	4	4	10	2	0	0	0.2	0.16109391124871014	-0.00079456495	0
136	Iter0137	1	3	5	3	0	0	0.2	0.5454545454545471	-3.7251e-05	0
137	Iter0138	2	2	8	6	0	0	0.75	1.0	-0.000407687	0
138	Iter0139	1	1	8	2	0	0	0.25	0.4545454545454548	0.0	0
139	Iter0140	2	3	5	2	0	0	0.26666666666666666	0.5580808080808088	-0.0004931766	0
140	Iter0141	2	3	4	5	0	0	0.8333333333333333	1.0	-1.535858882e-05	0
141	Iter0142	3	2	8	2	0	0	0.375	0.5604395604395591	-5.8449308400000005e-05	0
142	Iter0143	2	1	6	5	0	0	1.6666666666666667	1.0	-0.00023254376809999998	0
143	Iter0144	3	2	9	3	0	0	0.5	0.6000323206205526	-0.000508254	0
144	Iter0145	2	1	5	2	0	0	0.8	1.0	-7.63232e-06	0
145	Iter0146	1	1	11	4	0	0	0.3636363636363637	0.5147058823529393	-0.0001897	0
146	Iter0147	2	3	3	3	0	0	0.6666666666666666	1.0	-8.28850211e-05	0
147	Iter0148	2	2	11	0	0	0	0.08333333333333333	0.05714285714285677	-1.5281765e-05	0
148	Iter0149	8	4	11	1	0	0	0.18181818181818185	0.316770186335402	-0.00016440856999999997	0
149	Iter0150	2	3	11	3	0	0	0.18181818181818185	0.2621259029927756	-0.00021015889999999998	0
150	Iter0151	2	2	8	0	0	0	0.1111111111111111	0.0909090909090909	-0.00030589049999999997	0
151	Iter0152	2	1	4	0	0	0	0.3	0.42857142857142827	-3.142439e-05	0
152	Iter0153	5	3	4	2	0	0	0.8333333333333334	1.0	-0.0006290237500000001	0
153	Iter0154	3	1	7	2	0	0	0.8571428571428571	1.0	-9.268450850000001e-05	0
154	Iter0155	1	1	8	1	0	0	0.125	0.3454545454545447	-2.04197e-06	0
155	Iter0156	3	5	4	2	0	0	0.3	0.5920745920745929	-6.474385928000001e-06	0
156	Iter0157	2	3	10	3	0	0	0.2	0.2682072829131645	-8.851672e-05	0
157	Iter0158	2	2	9	4	0	0	0.4444444444444444	0.5840336134453747	-0.000180233	0
158	Iter0159	5	2	7	2	0	0	0.7142857142857143	1.0	-0.000511954819	0
159	Iter0160	4	3	3	4	0	0	1.7777777777777777	1.0	-6.59289488e-05	0
160	Iter0161	2	1	7	2	0	0	0.5714285714285714	1.0	-0.00034045463400000003	0
161	Iter0162	0	3	6	5	0	0	0.21428571428571427	0.2087912087912085	0.0	0
162	Iter0163	1	1	11	2	0	0	0.18181818181818185	0.3714285714285689	-5.23885e-06	0
163	Iter0164	3	0	8	2	0	0	1.3333333333333333	1.0	-0.00010752710699341001	0
164	Iter0165	4	1	5	1	0	0	0.8	1.0	-0.00105877600168388	0
165	Iter0166	4	3	9	7	0	0	1.037037037037037	1.0	-0.0007031818	0
166	Iter0167	4	5	10	3	0	0	0.24	0.18699690402476676	-1.4974150000940525e-06	0
167	Iter0168	3	2	9	2	0	0	0.3333333333333333	0.5467032967032963	-5.839280851299999e-05	0
168	Iter0169	2	3	7	7	0	0	0.6666666666666666	1.0	-1.9401074000000002e-05	0
169	Iter0170	1	4	10	3	0	0	0.075	0.04738562091503273	-5.43625e-05	0
170	Iter0171	1	3	7	3	0	0	0.14285714285714285	0.24475524475524504	-1.77154e-07	0
171	Iter0172	1	3	10	5	0	0	0.16666666666666666	0.2621259029927765	-1.37885e-06	0
172	Iter0173	2	3	10	0	0	0	0.06818181818181818	0.02197802197802191	-7.232202e-07	0
173	Iter0174	0	1	2	1	0	0	0.3333333333333333	1.0	0.0	0
174	Iter0175	2	1	7	3	0	0	0.8571428571428571	1.0	-0.000506843	0
175	Iter0176	3	5	9	3	0	0	0.2	0.16746844486782547	-5.430795475494999e-05	0
176	Iter0177	3	2	5	4	0	0	1.2	1.0	-8.499996697247e-05	0
177	Iter0178	5	3	6	1	0	0	0.2777777777777778	0.5692307692307679	-0.000437417838	0
178	Iter0179	2	2	3	1	0	0	0.3333333333333333	1.0	-0.0001239421548	0
179	Iter0180	1	4	8	5	0	0	0.15625	0.2941176470588229	-5.47057e-11	0
180	Iter0181	1	4	11	5	0	0	0.11363636363636365	0.11941618752764302	0.0	0
181	Iter0182	2	1	6	3	0	0	1.0	1.0	-2.45075e-05	0
182	Iter0183	3	3	7	0	0	0	0.125	0.06993006993007027	-2.0781212000000003e-05	0
183	Iter0184	2	1	7	2	0	0	0.5714285714285714	1.0	-2.41082e-06	0
184	Iter0185	4	2	5	3	0	0	1.2	1.0	-4.346021938300001e-05	0
185	Iter0186	4	2	5	3	0	0	1.2	1.0	-7.2937639999999985e-06	0
186	Iter0187	2	3	6	2	0	0	0.2222222222222222	0.2929292929292933	-4.738215e-06	0
187	Iter0188	5	4	8	1	0	0	0.15625	0.2941176470588228	-0.0003829861044	0
188	Iter0189	1	4	6	1	0	0	0.04166666666666666	0.07196969696969706	-2.11088e-11	0
189	Iter0190	5	2	6	3	0	0	1.25	1.0	-8.10664734e-05	0
190	Iter0191	0	2	10	5	0	0	0.18181818181818185	0.15441176470588236	0.0	0
191	Iter0192	3	3	4	4	0	0	1.0	1.0	-0.00033184969999999997	0
192	Iter0193	6	3	3	2	0	0	1.3333333333333333	1.0	-0.00024818140980913	0
193	Iter0194	3	1	6	0	0	0	0.2857142857142857	0.3999999999999996	-0.00013028591	0
194	Iter0195	1	2	6	2	0	0	0.16666666666666666	0.4909090909090907	-9.90645e-05	0
195	Iter0196	1	4	12	2	0	0	0.04166666666666666	0.0172858617131063	-1.3876599999999998e-06	0
196	Iter0197	2	4	7	5	0	0	0.35714285714285715	0.6199095022624432	-0.000351981261	0
197	Iter0198	4	2	10	1	0	0	0.2	0.514705882352942	-0.0015791446	0
198	Iter0199	4	1	4	3	0	0	3.0	0.5757575757575769	-6.320795683763e-05	0
199	Iter0200	1	3	7	3	0	0	0.14285714285714285	0.24475524475524504	-4.00018e-05	0
200	Iter0201	3	5	2	9	0	0	2.7	0.6026831785345728	-3.569516e-05	0
201	Iter0202	3	2	5	2	0	0	0.6	1.0	-0.0004759979	0
202	Iter0203	1	2	13	5	0	0	0.1923076923076923	0.2473684210526329	-4.50676e-14	0
203	Iter0204	5	2	8	0	0	0	0.2222222222222222	0.19999999999999946	-0.0002087990314	0
204	Iter0205	6	2	1	3	0	0	9.0	0.2222222222222227	-0.00098939533052	0
205	Iter0206	1	1	8	0	0	0	0.1111111111111111	0.1999999999999998	-3.59248e-05	0
206	Iter0207	1	2	12	5	0	0	0.20833333333333331	0.2701754385964923	-2.39434e-09	0
207	Iter0208	2	3	9	5	0	0	0.3703703703703704	0.6026831785345719	-9.708242e-07	0
208	Iter0209	4	3	8	7	0	0	1.1666666666666667	1.0	-0.00031139342100000003	0
209	Iter0210	3	4	9	1	0	0	0.08333333333333333	0.10067873303167392	-0.00024203568	0
210	Iter0211	4	4	11	5	0	0	0.4545454545454545	0.4120339211199392	-8.185272080124693e-06	0
211	Iter0212	5	3	7	3	0	0	0.7142857142857143	1.0	-0.000433182692	0
212	Iter0213	2	3	7	6	0	0	0.5714285714285714	1.0	-4.488430000000001e-05	0
213	Iter0214	3	1	8	3	0	0	1.125	1.0	-0.0001709989422	0
214	Iter0215	2	2	4	3	0	0	0.75	1.0	-1.2656e-05	0
215	Iter0216	1	4	8	5	0	0	0.15625	0.2941176470588229	-0.000883232	0
216	Iter0217	4	2	5	5	0	0	2.0	0.6328671328671316	-0.0001709703	0
217	Iter0218	2	0	8	4	0	0	1.6666666666666663	1.0	-3.0097329999999996e-06	0
218	Iter0219	1	2	7	4	0	0	0.2857142857142857	0.5384615384615384	-4.13839e-06	0
219	Iter0220	5	5	5	2	0	0	0.4	0.6220691073632253	-9.633252444800001e-05	0
220	Iter0221	0	1	9	2	0	0	0.15	0.25000000000000083	0.0	0
221	Iter0222	4	3	10	3	0	0	0.4	0.6126160990712076	-1.2671242e-05	0
222	Iter0223	4	3	7	0	0	0	0.15625	0.1923076923076922	-8.6624929196525e-05	0
223	Iter0224	3	3	9	3	0	0	0.3333333333333333	0.3440530058177112	-0.000238648597	0
224	Iter0225	1	4	9	6	0	0	0.16666666666666666	0.30340557275541835	-7.765290000000002e-07	0
225	Iter0226	2	3	9	1	0	0	0.07407407407407407	0.07692307692307668	-0.00022229710000000002	0
226	Iter0227	3	1	3	7	0	0	7.0	0.24475524475524504	-0.00024550319999999996	0
227	Iter0228	4	0	4	1	0	0	2.0	1.0	-0.000801033854	0
228	Iter0229	2	5	6	2	0	0	0.13333333333333333	0.13193473193473193	-0.00016914572999999998	0
229	Iter0230	1	5	9	2	0	0	0.04444444444444445	0.034502262443438965	-3.88761e-05	0
230	Iter0231	1	0	7	3	0	0	1.0	1.0	-9.82252e-06	0
231	Iter0232	2	2	2	2	0	0	1.0	1.0	-0.0004095630863	0
232	Iter0233	3	3	11	1	0	0	0.09090909090909093	0.08333333333333333	-0.0003449427	0
233	Iter0234	3	3	5	2	0	0	0.4	0.5920745920745938	-4.0178822e-05	0
234	Iter0235	2	4	9	2	0	0	0.1111111111111111	0.10940530058177136	-7.46630278397e-06	0
235	Iter0236	7	4	6	7	0	0	2.041666666666667	0.4441883160586887	-0.00051030013443	0
236	Iter0237	1	2	5	4	0	0	0.4	1.0	0.0	0
237	Iter0238	1	2	2	4	0	0	1.0	1.0	-5.01918e-16	0
238	Iter0239	2	5	8	3	0	0	0.15000000000000002	0.14479638009049833	0.0	0
239	Iter0240	1	4	5	3	0	0	0.15	0.26573426573426623	-4.70767e-10	0
240	Iter0241	0	2	19	4	0	0	0.08333333333333333	0.05000000000000003	0.0	0
241	Iter0242	4	3	10	1	0	0	0.13333333333333333	0.24509803921568685	-4.8922800000000005e-05	0
242	Iter0243	4	5	5	3	0	0	0.48	0.6371863430686948	-1.46492123110072e-05	0
243	Iter0244	4	4	8	3	0	0	0.375	0.3765182186234817	-4.954842751500005e-05	0
244	Iter0245	3	2	5	4	0	0	1.2	1.0	-0.0001786419420717	0
245	Iter0246	1	5	15	2	0	0	0.02666666666666667	0.0033978226197905843	-6.42947e-07	0
246	Iter0247	2	4	3	1	0	0	0.16666666666666666	0.5238095238095236	-2.31015e-05	0
247	Iter0248	2	4	8	2	0	0	0.125	0.11813186813186788	-1.0536920000000002e-05	0
248	Iter0249	5	1	4	2	0	0	2.5	1.0	-0.00135090638	0
249	Iter0250	4	5	6	1	0	0	0.13333333333333333	0.14510489510489427	-0.000147240932	0
250	Iter0251	0	3	3	7	0	0	0.5	0.5279720279720301	0.0	0
251	Iter0252	3	1	9	2	0	0	0.6666666666666666	1.0	-0.0003122915	0
252	Iter0253	4	4	4	2	0	0	0.5	0.6270396270396279	-7.043743828e-05	0
253	Iter0254	2	2	7	2	0	0	0.2857142857142857	0.53006993006993	-6.51268e-05	0
254	Iter0255	3	3	9	4	0	0	0.4444444444444444	0.6168730650154763	-0.0003453824	0
255	Iter0256	6	4	7	2	0	0	0.42857142857142855	0.6284829721362221	-6.3694631078e-05	0
256	Iter0257	2	0	7	1	0	0	0.75	1.0	-2.475434e-05	0
257	Iter0258	3	2	8	4	0	0	0.75	1.0	-0.00021886718000000002	0
258	Iter0259	2	1	9	1	0	0	0.2222222222222222	0.42307692307692296	-3.68209e-11	0
259	Iter0260	7	3	6	6	0	0	2.333333333333333	0.4148606811145502	-0.0007308495385	0
260	Iter0261	3	1	7	3	0	0	1.2857142857142856	1.0	-0.00099270644	0
261	Iter0262	2	4	4	3	0	0	0.375	0.592074592074594	-0.0001592772	0
262	Iter0263	3	1	10	2	0	0	0.6	1.0	-5.596900046071102e-06	0
263	Iter0264	3	1	9	3	0	0	1.0	1.0	-0.00028732170483	0
264	Iter0265	0	5	8	5	0	0	0.1111111111111111	0.03594771241830061	0.0	0
265	Iter0266	6	3	8	2	0	0	0.5	0.6284829721362238	-8.488499000000001e-05	0
266	Iter0267	2	4	5	0	0	0	0.1	0.06060606060606057	-1.185320609407e-07	0
267	Iter0268	0	1	16	4	0	0	0.14705882352941174	0.23809523809523636	0.0	0
268	Iter0269	3	2	8	3	0	0	0.5625	1.0	-5.0171264e-06	0
269	Iter0270	2	4	2	4	0	0	1.0	1.0	-7.909310000000003e-06	0
270	Iter0271	2	3	4	1	0	0	0.16666666666666666	0.5238095238095237	-0.00042206883799999996	0
271	Iter0272	5	2	9	4	0	0	1.1111111111111112	1.0	-0.00026566723299999997	0
272	Iter0273	3	3	10	3	0	0	0.3	0.320101724900484	-1.0079464689999999e-05	0
273	Iter0274	3	7	11	5	0	0	0.1948051948051948	0.10537084398977056	-0.00041100465701000003	0
274	Iter0275	2	1	8	3	0	0	0.75	1.0	-1.756408e-07	0
275	Iter0276	1	4	14	7	0	0	0.125	0.12792642140468294	-2.5028e-06	0
276	Iter0277	4	3	8	3	0	0	0.5	0.6266968325791855	-0.0006206872371000001	0
277	Iter0278	5	1	5	2	0	0	2.0	1.0	-0.00039357112800000003	0
278	Iter0279	4	3	6	3	0	0	0.6666666666666666	1.0	-0.0007487844004516421	0
279	Iter0280	1	2	6	4	0	0	0.3333333333333333	0.5594405594405605	-1.02648e-06	0
280	Iter0281	3	4	8	3	0	0	0.28125	0.33220211161387736	-1.1290080234e-06	0
281	Iter0282	3	2	1	3	0	0	4.5	0.5238095238095237	-1.86342768e-05	0
282	Iter0283	1	2	7	5	0	0	0.35714285714285715	0.5692307692307683	-7.64866e-07	0
283	Iter0284	3	3	7	1	0	0	0.14285714285714285	0.2447552447552448	-0.00025116171	0
284	Iter0285	7	1	3	5	0	0	11.666666666666668	0.11888111888111873	-0.00114780413639	0
285	Iter0286	6	3	4	3	0	0	1.5	1.0	-0.000133501947121304	0
286	Iter0287	6	1	10	2	0	0	1.2	1.0	-0.00049978073	0
287	Iter0288	2	1	6	0	0	0	0.21428571428571427	0.33333333333333354	-3.70945e-06	0
288	Iter0289	3	2	5	7	0	0	2.1	0.6199095022624418	-0.000382669509	0
289	Iter0290	3	4	5	3	0	0	0.45	0.6192696192696198	-0.00018286180239751002	0
290	Iter0291	7	0	9	3	0	0	3.2	0.26315789473684303	-9.248335444428164e-05	0
291	Iter0292	1	3	9	4	0	0	0.14814814814814814	0.2499999999999995	-4.25877e-08	0
292	Iter0293	3	3	9	2	0	0	0.2222222222222222	0.28005817711700043	-0.00038527095976	0
293	Iter0294	6	3	8	3	0	0	0.75	1.0	-3.8617980840000006e-05	0
294	Iter0295	4	4	6	3	0	0	0.5	0.6371863430686968	-0.00025714309999999997	0
295	Iter0296	3	2	7	5	0	0	1.0714285714285714	1.0	-8.6769038e-05	0
296	Iter0297	2	1	5	5	0	0	2.0	1.0	-8.050777e-06	0
297	Iter0298	2	0	8	4	0	0	1.6666666666666663	1.0	-1.068063e-05	0
298	Iter0299	3	3	7	5	0	0	0.7142857142857143	1.0	-4.335416556e-09	0
299	Iter0300	0	2	5	3	0	0	0.2222222222222222	0.4444444444444446	0.0	0
300	Iter0301	3	5	4	2	0	0	0.3	0.5920745920745929	-8.134495e-05	0
301	Iter0302	1	4	7	3	0	0	0.10714285714285714	0.11888111888111895	0.0	0
302	Iter0303	1	1	6	5	0	0	0.8333333333333334	1.0	-8.431900000000002e-07	0
303	Iter0304	4	1	7	4	0	0	2.2857142857142856	1.0	-0.000260721856572	0
304	Iter0305	2	3	12	3	0	0	0.16666666666666666	0.1313209494324057	-2.921702e-07	0
305	Iter0306	3	0	4	6	0	0	5.6	0.19230769230769307	-5.834406600000001e-05	0
306	Iter0307	8	0	7	6	0	0	7.875	0.04555506413091545	-0.00021363076	0
307	Iter0308	3	3	8	6	0	0	0.75	1.0	-2.3565e-08	0
308	Iter0309	1	0	13	4	0	0	0.7142857142857143	1.0	-3.03548e-05	0
309	Iter0310	2	2	8	6	0	0	0.75	1.0	-0.0010096851	0
310	Iter0311	1	6	12	1	0	0	0.013888888888888888	0.0011867905056759545	-0.000441674	0
311	Iter0312	3	4	6	3	0	0	0.375	0.6145104895104878	-0.0003136776	0
312	Iter0313	2	3	6	4	0	0	0.4444444444444444	0.6083916083916079	-0.000812273	0
313	Iter0314	6	5	10	1	0	0	0.12	0.14860681114551125	-0.0007212739	0
314	Iter0315	2	0	7	3	0	0	1.5	1.0	-2.294243e-06	0
315	Iter0316	2	4	9	7	0	0	0.3888888888888888	0.6351172047766465	-0.00020694291	0
316	Iter0317	3	3	11	3	0	0	0.2727272727272728	0.3027089783281731	-0.0005663953	0
317	Iter0318	1	3	7	4	0	0	0.19047619047619047	0.2820512820512819	-3.96201e-05	0
318	Iter0319	1	3	10	3	0	0	0.1	0.09873949579831903	-0.000199662	0
319	Iter0320	1	3	7	5	0	0	0.2380952380952381	0.5692307692307679	-1.52156e-05	0
320	Iter0321	2	2	8	5	0	0	0.625	1.0	-7.840708e-06	0
321	Iter0322	2	6	2	3	0	0	0.5	1.0	-1.52426e-07	0
322	Iter0323	1	1	7	3	0	0	0.42857142857142855	1.0	-1.33111e-07	0
323	Iter0324	2	5	9	8	0	0	0.3555555555555556	0.3864416475972546	-0.000270342459409	0
324	Iter0325	2	5	3	1	0	0	0.13333333333333333	0.2424242424242426	-0.0001748239	0
325	Iter0326	5	3	5	3	0	0	1.0	1.0	-1.8562673e-06	0
326	Iter0327	1	1	7	1	0	0	0.14285714285714285	0.377777777777778	-6.60539e-07	0
327	Iter0328	3	1	8	7	0	0	2.625	0.602683178534573	-0.00018967825	0
328	Iter0329	2	1	8	1	0	0	0.25	0.454545454545454	-3.811060000000298e-07	0
329	Iter0330	2	4	10	4	0	0	0.2	0.16109391124871014	-2.4723700000000002e-09	0
330	Iter0331	3	2	3	4	0	0	2.0	1.0	-0.00040089949866	0
331	Iter0332	4	2	5	3	0	0	1.2	1.0	-0.0013923891899999998	0
332	Iter0333	4	2	8	4	0	0	1.0	1.0	-0.000147700254547	0
333	Iter0334	1	2	6	2	0	0	0.16666666666666666	0.4909090909090907	-1.33089e-06	0
334	Iter0335	5	3	5	3	0	0	1.0	1.0	-0.000138995987728	0
335	Iter0336	3	1	8	2	0	0	0.75	1.0	-5.403073e-05	0
336	Iter0337	2	2	10	5	0	0	0.5	0.6026831785345711	-0.0005662099	0
337	Iter0338	2	6	7	3	0	0	0.14285714285714285	0.15343480049362418	-2.29464825e-05	0
338	Iter0339	1	3	7	5	0	0	0.2380952380952381	0.5692307692307679	0.0	0
339	Iter0340	2	7	6	2	0	0	0.09523809523809523	0.05668449197860941	-0.00015765195873999999	0
340	Iter0341	2	2	3	5	0	0	1.6666666666666667	1.0	-5.66394e-05	0
341	Iter0342	2	2	3	1	0	0	0.3333333333333333	1.0	-4.3311000000000006e-05	0
342	Iter0343	1	1	9	2	0	0	0.2222222222222222	0.42307692307692496	-5.501130000000002e-06	0
343	Iter0344	5	1	10	5	0	0	2.5	0.6226780185758529	-0.0008299946245999999	0
344	Iter0345	3	0	4	3	0	0	3.2	0.4749999999999999	-2.02616e-05	0
345	Iter0346	1	4	3	4	0	0	0.3333333333333333	0.5757575757575772	-1.1527e-07	0
346	Iter0347	4	3	8	5	0	0	0.8333333333333333	1.0	-0.0007498311	0
347	Iter0348	2	6	6	3	0	0	0.16666666666666666	0.15343480049362382	-2.55441707226e-06	0
348	Iter0349	2	3	7	3	0	0	0.2857142857142857	0.32867132867132803	-7.86163e-05	0
349	Iter0350	1	5	9	2	0	0	0.04444444444444445	0.034502262443438965	-4.2809400000000005e-08	0
350	Iter0351	3	1	7	3	0	0	1.2857142857142856	1.0	-0.00048719599999999996	0
351	Iter0352	3	1	9	7	0	0	2.333333333333333	0.6185758513931885	-0.0008206372900000001	0
352	Iter0353	2	5	7	2	0	0	0.1142857142857143	0.1262237762237761	-0.0003784839	0
353	Iter0354	3	2	10	7	0	0	1.05	1.0	-1.791852323e-05	0
354	Iter0355	3	4	9	2	0	0	0.16666666666666666	0.14140271493212675	-0.0002084008387	0
355	Iter0356	2	5	7	1	0	0	0.05714285714285715	0.04055944055944045	-0.0001625675176	0
356	Iter0357	1	2	9	4	0	0	0.2222222222222222	0.5178571428571404	-3.7295e-05	0
357	Iter0358	5	3	7	4	0	0	0.9523809523809524	1.0	-8.6421485143e-05	0
358	Iter0359	3	2	7	3	0	0	0.6428571428571428	1.0	0.0	0
359	Iter0360	6	5	6	0	0	0	0.16666666666666669	0.1022947640594698	-0.00010779473514000001	0
360	Iter0361	4	3	6	5	0	0	1.1111111111111112	1.0	-0.00089151837401	0
361	Iter0362	4	3	6	5	0	0	1.1111111111111112	1.0	-0.0011310464099999998	0
362	Iter0363	2	6	6	2	0	0	0.1111111111111111	0.13193473193473182	-7.423755695e-05	0
363	Iter0364	3	0	4	3	0	0	3.2	0.4749999999999999	-1.1995370000000002e-05	0
364	Iter0365	3	7	6	4	0	0	0.2857142857142857	0.3698499642772102	-3.820418541e-06	0
365	Iter0366	1	2	7	6	0	0	0.42857142857142855	1.0	-1.98431e-08	0
366	Iter0367	4	2	7	3	0	0	0.8571428571428571	1.0	-0.00046051329999999995	0
367	Iter0368	2	3	7	7	0	0	0.6666666666666666	1.0	-0.0001165517	0
368	Iter0369	1	1	9	7	0	0	0.7777777777777777	1.0	-0.000517144	0
369	Iter0370	3	1	9	8	0	0	2.6666666666666665	0.6030075187969957	-6.791062760000001e-05	0
370	Iter0371	1	1	11	3	0	0	0.2727272727272728	0.44999999999999823	-3.26531e-08	0
371	Iter0372	2	3	8	3	0	0	0.25	0.2994505494505492	-0.000563883	0
372	Iter0373	2	3	10	4	0	0	0.26666666666666666	0.3046955624355003	-4.75254e-08	0
373	Iter0374	2	1	4	1	0	0	0.5	1.0	-4.23579e-05	0
374	Iter0375	4	5	3	5	0	0	1.3333333333333337	1.0	-0.0006431417377	0
375	Iter0376	3	6	4	5	0	0	0.625	1.0	-2.7744840000000003e-06	0
376	Iter0377	2	1	5	3	0	0	1.2	1.0	-7.96096e-05	0
377	Iter0378	1	2	7	4	0	0	0.2857142857142857	0.5384615384615384	-1.19046e-05	0
378	Iter0379	5	1	10	8	0	0	4.0	0.3509465363012286	-0.0012507849801	0
379	Iter0380	3	2	5	4	0	0	1.2	1.0	-0.00124407771	0
380	Iter0381	7	2	4	5	0	0	4.375	0.3348416289592771	-0.0008182056601000001	0
381	Iter0382	4	8	9	5	0	0	0.2777777777777778	0.23774397630905786	-0.000109334114	0
382	Iter0383	2	3	6	0	0	0	0.10714285714285714	0.060606060606060524	-0.00015343673	0
383	Iter0384	3	1	5	8	0	0	4.8	0.2941176470588221	-0.000283326949742	0
384	Iter0385	3	3	6	3	0	0	0.5	0.6223776223776206	-0.0004012213484105574	0
385	Iter0386	6	2	5	5	0	0	3.0	0.3665158371040738	-0.00061075655	0
386	Iter0387	3	5	8	4	0	0	0.3	0.3618480590616823	-0.00118414788	0
387	Iter0388	3	3	7	0	0	0	0.125	0.06993006993007027	-1.4622360233185997e-06	0
388	Iter0389	2	4	7	2	0	0	0.14285714285714285	0.13566433566433514	-1.02122e-05	0
389	Iter0390	1	3	3	1	0	0	0.1111111111111111	0.4857142857142854	-3.60052e-05	0
390	Iter0391	3	0	12	1	0	0	0.6153846153846154	1.0	-0.0005955099	0
391	Iter0392	2	1	8	5	0	0	1.25	1.0	-8.94599282e-06	0
392	Iter0393	4	0	4	4	0	0	5.0	0.20808080808080853	-0.0010119876443200001	0
393	Iter0394	2	5	12	6	0	0	0.2	0.1774599542334111	-0.000206070143	0
394	Iter0395	7	1	4	4	0	0	7.0	0.28205128205128155	-0.0015605441914299998	0
395	Iter0396	4	6	9	3	0	0	0.2222222222222222	0.19195046439628394	-0.00016132232500000001	0
396	Iter0397	3	4	11	3	0	0	0.20454545454545456	0.15636394908840795	-9.084020000511278e-05	0
397	Iter0398	1	1	5	2	0	0	0.4	1.0	-9.29719e-09	0
398	Iter0399	0	4	6	1	0	0	0.05714285714285715	0.015151515151515155	0.0	0
399	Iter0400	1	2	4	3	0	0	0.375	1.0	-0.000150698	0
400	Iter0401	2	3	5	1	0	0	0.13333333333333333	0.2424242424242424	-1.13236e-08	0
401	Iter0402	3	2	3	7	0	0	3.5	0.3286713286713279	-5.454577754e-07	0
402	Iter0403	5	4	1	3	0	0	3.75	0.5594405594405606	-0.000452455514	0
403	Iter0404	1	4	3	3	0	0	0.25	0.5454545454545456	-2.8910000000000008e-06	0
404	Iter0405	2	7	8	7	0	0	0.25	0.2099205815049136	-0.001281400863895	0
405	Iter0406	2	3	9	4	0	0	0.2962962962962963	0.32598039215686353	-0.000347154	0
406	Iter0407	8	3	11	1	0	0	0.2424242424242424	0.3167701863354033	-0.0001592850605	0
407	Iter0408	3	4	7	4	0	0	0.42857142857142855	0.6304675716440441	-0.0002121411	0
408	Iter0409	0	0	13	8	0	0	0.6428571428571428	1.0	0.0	0
409	Iter0410	6	2	9	3	0	0	1.0	1.0	-0.0002840711505730001	0
410	Iter0411	0	1	12	4	0	0	0.1923076923076923	0.29411764705882354	-3.99474e-06	0
411	Iter0412	1	1	6	2	0	0	0.3333333333333333	1.0	-2.68489e-07	0
412	Iter0413	11	3	6	3	0	0	1.8333333333333333	0.6430205949656738	-0.0006455846419971261	0
413	Iter0414	2	3	5	0	0	0	0.125	0.16666666666666646	-7.3611153e-05	0
414	Iter0415	0	1	8	6	0	0	0.3888888888888888	0.4666666666666649	0.0	0
415	Iter0416	4	3	8	3	0	0	0.5	0.6266968325791855	-0.0004631735405	0
416	Iter0417	3	3	8	5	0	0	0.625	1.0	-0.00010871964	0
417	Iter0418	7	1	3	3	0	0	7.0	0.2447552447552448	-0.0003737710744727	0
418	Iter0419	2	0	9	7	0	0	2.4	0.496732026143794	-0.00029815058	0
419	Iter0420	1	4	8	3	0	0	0.09375	0.10576923076923063	-0.000928382	0
420	Iter0421	5	3	6	2	0	0	0.5555555555555556	1.0	-2.7738283783e-05	0
421	Iter0422	1	1	11	6	0	0	0.5454545454545455	1.0	-6.154840000000001e-07	0
422	Iter0423	4	4	6	1	0	0	0.16666666666666666	0.28205128205128144	-0.0009678666732786	0
423	Iter0424	2	3	9	5	0	0	0.3703703703703704	0.6026831785345719	-0.000485477	0
424	Iter0425	5	2	2	5	0	0	6.25	0.28613053613053563	-0.00112660491108	0
425	Iter0426	0	1	4	2	0	0	0.3	0.4285714285714285	0.0	0
426	Iter0427	4	5	7	3	0	0	0.3428571428571429	0.3698499642772078	-5.5875138820364766e-05	0
427	Iter0428	1	3	9	3	0	0	0.1111111111111111	0.11813186813186785	-4.84035e-06	0
428	Iter0429	5	1	11	6	0	0	2.7272727272727275	0.6213854795090509	-0.001249258329	0
429	Iter0430	0	2	12	2	0	0	0.07692307692307693	0.05000000000000003	0.0	0
430	Iter0431	4	2	5	6	0	0	2.4	0.6199095022624426	-1.5881512139999997e-05	0
431	Iter0432	5	3	6	5	0	0	1.3888888888888893	1.0	-0.00015169901955	0
432	Iter0433	2	3	2	5	0	0	1.6666666666666663	1.0	-0.00015929509	0
433	Iter0434	4	3	5	6	0	0	1.6	1.0	-0.0006455674629013712	0
434	Iter0435	0	3	4	2	0	0	0.15	0.16666666666666685	0.0	0
435	Iter0436	2	0	16	2	0	0	0.5294117647058824	1.0	-4.2129006790860005e-05	0
436	Iter0437	0	4	6	2	0	0	0.08571428571428573	0.06060606060606085	0.0	0
437	Iter0438	1	4	10	3	0	0	0.075	0.04738562091503273	-7.17341e-07	0
438	Iter0439	5	4	5	2	0	0	0.5	0.632867132867131	-0.000865939032	0
439	Iter0440	1	3	7	4	0	0	0.19047619047619047	0.2820512820512819	-0.000182942	0
440	Iter0441	2	3	6	3	0	0	0.3333333333333333	0.5804195804195786	-0.000640796000105945	0
441	Iter0442	1	0	5	4	0	0	1.6666666666666667	1.0	-0.000132978	0
442	Iter0443	0	3	4	5	0	0	0.3	0.4909090909090914	0.0	0
443	Iter0444	0	1	10	2	0	0	0.13636363636363638	0.23076923076923075	0.0	0
444	Iter0445	3	2	7	5	0	0	1.0714285714285714	1.0	-2.9127010000000003e-06	0
445	Iter0446	4	1	5	6	0	0	4.8	0.3076923076923068	-2.31827555e-05	0
446	Iter0447	2	3	8	1	0	0	0.08333333333333333	0.09490509490509444	-0.00043727985311	0
447	Iter0448	3	1	7	8	0	0	3.4285714285714284	0.5820433436532529	-0.0006345828	0
448	Iter0449	2	1	12	3	0	0	0.5	1.0	-0.000357201	0
449	Iter0450	2	1	5	5	0	0	2.0	1.0	-1.6223099999999997e-05	0
450	Iter0451	0	3	8	5	0	0	0.16666666666666666	0.19999999999999946	0.0	0
451	Iter0452	2	4	13	7	0	0	0.2692307692307692	0.34782608695652417	-0.00012996058	0
452	Iter0453	3	3	6	3	0	0	0.5	0.6223776223776206	-3.00915e-06	0
453	Iter0454	5	2	9	3	0	0	0.8333333333333334	1.0	-0.0012859381000940465	0
454	Iter0455	1	2	8	4	0	0	0.25	0.5252747252747239	-9.8091e-05	0
455	Iter0456	1	0	5	4	0	0	1.6666666666666667	1.0	0.0	0
456	Iter0457	4	0	7	4	0	0	3.125	0.5164835164835159	-0.0005960624	0
457	Iter0458	1	6	5	4	0	0	0.13333333333333333	0.1451048951048949	-7.25062e-08	0
458	Iter0459	2	1	6	3	0	0	1.0	1.0	-4.36697e-05	0
459	Iter0460	3	0	7	2	0	0	1.5	1.0	-1.9110015e-05	0
460	Iter0461	3	1	9	5	0	0	1.6666666666666663	1.0	-0.0003101896	0
461	Iter0462	1	2	7	3	0	0	0.21428571428571427	0.5104895104895115	-0.000282594	0
462	Iter0463	1	2	7	3	0	0	0.21428571428571427	0.5104895104895115	-4.00707e-05	0
463	Iter0464	6	3	2	2	0	0	2.0	1.0	-0.000369297673684	0
464	Iter0465	3	1	11	3	0	0	0.8181818181818182	1.0	-0.00020631752	0
465	Iter0466	1	3	5	4	0	0	0.26666666666666666	0.5594405594405606	0.0	0
466	Iter0467	2	0	5	6	0	0	3.5	0.4615384615384627	-4.79636e-06	0
467	Iter0468	3	2	6	2	0	0	0.5	1.0	-0.00010377140000182513	0
468	Iter0469	4	2	7	2	0	0	0.5714285714285714	1.0	-2.9570471e-07	0
469	Iter0470	5	1	7	3	0	0	2.142857142857143	1.0	-0.0008185024893	0
470	Iter0471	4	3	4	4	0	0	1.3333333333333333	1.0	-0.00122716717	0
471	Iter0472	3	1	6	3	0	0	1.5	1.0	-0.000115413	0
472	Iter0473	1	2	6	3	0	0	0.25	0.5227272727272733	-7.115370000000002e-07	0
473	Iter0474	3	3	7	1	0	0	0.14285714285714285	0.2447552447552448	-3.437050000576586e-05	0
474	Iter0475	8	8	5	0	0	0	0.16666666666666666	0.11071797139908593	-0.001673092640821	0
475	Iter0476	3	4	16	3	0	0	0.140625	0.057221039829735164	-8.418332112400001e-05	0
476	Iter0477	2	3	12	3	0	0	0.16666666666666666	0.1313209494324057	-6.60409e-05	0
477	Iter0478	2	6	16	2	0	0	0.04166666666666666	0.0028349682354258873	-4.2104803999999995e-05	0
478	Iter0479	3	6	8	1	0	0	0.0625	0.04977375565610863	-0.0001897297569	0
479	Iter0480	5	2	9	3	0	0	0.8333333333333334	1.0	-0.00014875625406000003	0
480	Iter0481	2	5	8	4	0	0	0.2	0.1698023338890211	-1.024296e-08	0
481	Iter0482	3	3	8	4	0	0	0.5	0.6266968325791864	-2.10424e-07	0
482	Iter0483	0	1	2	1	0	0	0.3333333333333333	1.0	0.0	0
483	Iter0484	2	3	13	2	0	0	0.10256410256410256	0.07262641898864867	-7.50192e-12	0
484	Iter0485	1	6	11	3	0	0	0.045454545454545456	0.01578947368421057	0.0	0
485	Iter0486	2	5	2	2	0	0	0.4	0.5757575757575761	-5.820252e-06	0
486	Iter0487	4	5	6	5	0	0	0.6666666666666667	1.0	-4.5567047e-05	0
487	Iter0488	1	1	10	3	0	0	0.3	0.476190476190473	-1.29673e-05	0
488	Iter0489	4	4	6	5	0	0	0.8333333333333334	1.0	-0.00153284424286755	0
489	Iter0490	4	3	4	4	0	0	1.3333333333333333	1.0	-0.0014595967400000001	0
490	Iter0491	2	3	8	6	0	0	0.5	0.6284829721362263	-2.0166e-10	0
491	Iter0492	2	7	3	3	0	0	0.2857142857142857	0.3286713286713286	-1.2922832e-05	0
492	Iter0493	2	2	10	1	0	0	0.1	0.15384615384615288	-1.206888e-05	0
493	Iter0494	0	1	2	2	0	0	0.5	1.0	0.0	0
494	Iter0495	1	2	8	6	0	0	0.375	0.5764705882352958	-0.0005492919999999999	0
495	Iter0496	6	3	9	5	0	0	1.1111111111111112	1.0	-0.000386738474519	0
496	Iter0497	4	1	7	5	0	0	2.8571428571428568	0.6000323206205533	-0.000816824984063	0
497	Iter0498	2	5	8	1	0	0	0.05	0.034965034965034794	-0.00010936597	0
498	Iter0499	3	4	5	1	0	0	0.15	0.26573426573426623	-3.8182365e-05	0
499	Iter0500	3	1	6	3	0	0	1.5	1.0	-0.000122168538	0
500	Iter0501	1	2	12	3	0	0	0.125	0.17156862745098098	-3.6339199999999996e-16	0
501	Iter0502	5	3	8	0	0	0	0.16666666666666666	0.19999999999999946	-0.00040210260000000004	0
502	Iter0503	5	2	4	2	0	0	1.25	1.0	-0.000158776726	0
503	Iter0504	1	3	11	5	0	0	0.1515151515151515	0.2553147574819402	-0.000434956	0
504	Iter0505	4	4	7	6	0	0	0.8571428571428571	1.0	-0.0010954203685964998	0
505	Iter0506	4	4	3	2	0	0	0.6666666666666666	1.0	-0.0004868812	0
506	Iter0507	1	5	7	4	0	0	0.1142857142857143	0.13122171945701344	-4.5418e-09	0
507	Iter0508	3	2	7	4	0	0	0.8571428571428571	1.0	-3.6340934e-06	0
508	Iter0509	4	2	7	3	0	0	0.8571428571428571	1.0	-0.00067128961	0
509	Iter0510	2	4	4	3	0	0	0.375	0.592074592074594	-0.001228622	0
510	Iter0511	2	3	1	5	0	0	3.333333333333333	0.5454545454545457	-0.000203982	0
511	Iter0512	1	3	12	5	0	0	0.1388888888888889	0.25279866332497924	-0.000166923	0
512	Iter0513	4	4	6	7	0	0	1.1666666666666667	1.0	-0.00029180862	0
513	Iter0514	0	4	8	1	0	0	0.04444444444444445	0.0069930069930069965	0.0	0
514	Iter0515	3	4	7	6	0	0	0.6428571428571428	1.0	-5.639621e-06	0
515	Iter0516	2	2	9	5	0	0	0.5555555555555556	1.0	-2.929431e-05	0
516	Iter0517	4	1	14	0	0	0	0.16666666666666666	0.2631578947368405	-0.00012031422999999999	0
517	Iter0518	5	1	10	3	0	0	1.5	1.0	-2.1051349e-06	0
518	Iter0519	4	4	8	0	0	0	0.1111111111111111	0.07692307692307683	-4.879289491e-05	0
519	Iter0520	5	3	8	6	0	0	1.2500000000000002	1.0	-0.00022840101	0
520	Iter0521	6	0	3	4	0	0	8.75	0.06993006993007007	-0.00025382435397799995	0
521	Iter0522	6	2	9	4	0	0	1.3333333333333333	1.0	-0.000862363453	0
522	Iter0523	3	1	7	6	0	0	2.5714285714285707	0.6029411764705872	-0.0001985902826	0
523	Iter0524	4	8	2	2	0	0	0.5	0.6043956043956017	-0.0001019771173	0
524	Iter0525	1	2	4	4	0	0	0.5	1.0	-5.717489999999999e-07	0
525	Iter0526	4	0	8	2	0	0	1.6666666666666667	1.0	-0.000160935284721	0
526	Iter0527	1	5	7	6	0	0	0.17142857142857146	0.17698658410732648	-7.9673e-06	0
527	Iter0528	5	3	9	2	0	0	0.3703703703703704	0.6026831785345732	-0.000117786678	0
528	Iter0529	4	4	15	3	0	0	0.2	0.14901793858315548	-0.000317224047	0
529	Iter0530	3	0	11	4	0	0	1.6666666666666667	1.0	0.0	0
530	Iter0531	5	1	16	9	0	0	2.8125	0.6342089501155105	-0.00011278000000000546	0
531	Iter0532	3	1	9	1	0	0	0.3333333333333333	0.5054945054945053	-0.000252174728	0
532	Iter0533	4	3	7	1	0	0	0.19047619047619047	0.2820512820512816	-1.9491848099999998e-05	0
533	Iter0534	4	2	6	1	0	0	0.3333333333333333	0.5594405594405605	-0.000124880458	0
534	Iter0535	2	1	6	1	0	0	0.3333333333333333	1.0	-0.00021090699999999998	0
535	Iter0536	2	5	6	3	0	0	0.2	0.3146853146853139	-0.0006518056	0
536	Iter0537	2	2	9	2	0	0	0.2222222222222222	0.5164835164835159	-9.67036e-09	0
537	Iter0538	1	0	2	5	0	0	4.0	0.37499999999999983	-0.000201566	0
538	Iter0539	3	2	7	5	0	0	1.0714285714285714	1.0	-0.00022353515	0
539	Iter0540	2	5	4	4	0	0	0.4	0.6083916083916078	-3.484523e-06	0
540	Iter0541	2	3	8	2	0	0	0.16666666666666666	0.25074925074925003	-4.578838e-05	0
541	Iter0542	3	0	14	4	0	0	1.3333333333333333	1.0	-0.00023902660000000003	0
542	Iter0543	6	3	11	2	0	0	0.3636363636363637	0.6090225563909761	-0.000442407586	0
543	Iter0544	2	3	9	4	0	0	0.2962962962962963	0.32598039215686353	-0.00023425322050399998	0
544	Iter0545	2	2	10	3	0	0	0.3	0.5378151260504158	-5.867330000000001e-06	0
545	Iter0546	2	4	6	7	0	0	0.5833333333333334	1.0	-0.0002799499	0
546	Iter0547	2	2	12	1	0	0	0.08333333333333333	0.12058823529411752	-8.35593e-05	0
547	Iter0548	3	2	12	8	0	0	1.0	1.0	-0.0006019349799999999	0
548	Iter0549	3	5	3	5	0	0	1.0	1.0	-0.00070032352	0
549	Iter0550	2	2	3	7	0	0	2.333333333333333	0.58041958041958	-0.000563640853	0
550	Iter0551	1	2	7	4	0	0	0.2857142857142857	0.5384615384615384	-9.44164e-09	0
551	Iter0552	4	0	10	4	0	0	2.2727272727272725	0.524183006535951	-0.00037243555535000004	0
552	Iter0553	3	2	6	3	0	0	0.75	1.0	-5.471269257209999e-06	0
553	Iter0554	3	3	11	3	0	0	0.2727272727272728	0.3027089783281731	-3.3285001095000003e-05	0
554	Iter0555	5	3	8	2	0	0	0.4166666666666667	0.6078431372549032	-0.00047545780000000796	0
555	Iter0556	2	4	15	3	0	0	0.1	0.03806948200540867	-1.6978620000000002e-05	0
556	Iter0557	5	4	7	3	0	0	0.5357142857142857	0.6499166468206706	-0.0006673475	0
557	Iter0558	3	2	9	2	0	0	0.3333333333333333	0.5467032967032963	-0.0010333339035360001	0
558	Iter0559	2	4	8	1	0	0	0.0625	0.08891108891108859	-6.333270499999999e-08	0
559	Iter0560	0	3	7	6	0	0	0.21875	0.21249999999999933	0.0	0
560	Iter0561	4	6	7	2	0	0	0.19047619047619047	0.1698023338890214	-0.0013790323700000001	0
561	Iter0562	4	5	13	7	0	0	0.4307692307692308	0.4222888555722186	-0.0003553804044	0
562	Iter0563	3	3	4	4	0	0	1.0	1.0	-0.00056918960157	0
563	Iter0564	2	2	9	2	0	0	0.2222222222222222	0.5164835164835159	-0.00053589012	0
564	Iter0565	2	3	7	2	0	0	0.19047619047619047	0.26573426573426473	-0.0001576987	0
565	Iter0566	4	3	14	4	0	0	0.3809523809523809	0.35536509257332977	-0.0007312888559	0
566	Iter0567	5	2	3	6	0	0	5.0	0.3146853146853139	-0.00037576228993	0
567	Iter0568	2	2	8	5	0	0	0.625	1.0	-0.000289699811	0
568	Iter0569	3	3	10	3	0	0	0.3	0.320101724900484	-1.1684319547299999e-06	0
569	Iter0570	1	3	7	4	0	0	0.19047619047619047	0.2820512820512819	-7.17349e-05	0
570	Iter0571	3	6	2	1	0	0	0.25	0.5227272727272734	-0.0008026301579999999	0
571	Iter0572	2	5	2	3	0	0	0.6000000000000001	1.0	-1.6682877000000003e-05	0
572	Iter0573	3	1	15	2	0	0	0.4	0.4887218045112794	-5.501887512e-05	0
573	Iter0574	3	1	10	2	0	0	0.6	1.0	-4.83175798e-05	0
574	Iter0575	1	3	2	5	0	0	0.8333333333333333	1.0	-3.33294e-07	0
575	Iter0576	3	1	9	1	0	0	0.3333333333333333	0.5054945054945053	-0.0005592084048	0
576	Iter0577	2	6	8	5	0	0	0.2083333333333333	0.1826625386996912	-9.9880547492e-07	0
577	Iter0578	3	2	4	5	0	0	1.875	1.0	-3.06973e-06	0
578	Iter0579	4	8	4	3	0	0	0.375	0.3765182186234813	-3.78931474e-06	0
579	Iter0580	3	4	2	3	0	0	1.125	1.0	-0.0001973980999	0
580	Iter0581	2	2	5	2	0	0	0.4	0.5757575757575751	-5.420638e-06	0
581	Iter0582	3	2	8	6	0	0	1.125	1.0	-7.898063839999999e-06	0
582	Iter0583	2	1	8	4	0	0	1.0	1.0	-2.05068486e-05	0
583	Iter0584	4	2	10	7	0	0	1.4	1.0	-0.0003774165809	0
584	Iter0585	3	5	7	7	0	0	0.6	0.6749226006191957	-0.0001999101488	0
585	Iter0586	1	3	9	3	0	0	0.1111111111111111	0.11813186813186785	-8.19979e-08	0
586	Iter0587	1	4	7	6	0	0	0.21428571428571427	0.3137254901960787	-1.75312e-05	0
587	Iter0588	7	3	4	2	0	0	1.1666666666666667	1.0	-0.00040146562210000003	0
588	Iter0589	2	5	6	2	0	0	0.13333333333333333	0.13193473193473193	-9.059604e-05	0
589	Iter0590	4	2	7	1	0	0	0.2857142857142857	0.5384615384615387	-0.0005673588045878701	0
590	Iter0591	4	3	12	1	0	0	0.1111111111111111	0.10113519091847364	-0.00019961282292204	0
591	Iter0592	2	3	4	3	0	0	0.5	1.0	-3.58563e-05	0
592	Iter0593	2	6	8	6	0	0	0.25	0.2043343653250776	-5.8463899999999994e-05	0
593	Iter0594	2	3	12	2	0	0	0.1111111111111111	0.08436532507739991	-2.2532062099999998e-05	0
594	Iter0595	3	4	7	5	0	0	0.5357142857142857	0.6499166468206714	-8.489575386931304e-06	0
595	Iter0596	0	2	3	1	0	0	0.16666666666666666	0.4	0.0	0
596	Iter0597	3	1	2	4	0	0	6.0	0.5238095238095236	-8.593493099999999e-05	0
597	Iter0598	3	1	7	2	0	0	0.8571428571428571	1.0	-0.0007818513255	0
598	Iter0599	4	5	4	3	0	0	0.6000000000000001	1.0	-0.00030308226	0
599	Iter0600	0	3	7	2	0	0	0.09375	0.045454545454545435	0.0	0
600	Iter0601	6	3	6	3	0	0	1.0	1.0	-1.7504950443e-06	0
601	Iter0602	1	8	8	3	0	0	0.046875	0.009764229578471043	-0.000163799	0
602	Iter0603	4	3	9	5	0	0	0.7407407407407407	1.0	-0.00043632869759940005	0
603	Iter0604	3	4	8	8	0	0	0.75	1.0	-0.0013905839999999998	0
604	Iter0605	2	3	9	2	0	0	0.14814814814814814	0.2445054945054945	-4.70428e-06	0
605	Iter0606	1	1	7	1	0	0	0.14285714285714285	0.377777777777778	-7.04372e-06	0
606	Iter0607	1	4	8	3	0	0	0.09375	0.10576923076923063	-2.19118e-07	0
607	Iter0608	4	3	5	7	0	0	1.8666666666666665	0.6499166468206706	-0.00011136759999999998	0
608	Iter0609	3	3	7	1	0	0	0.14285714285714285	0.2447552447552448	-2.39487367e-05	0
609	Iter0610	4	0	6	3	0	0	2.8571428571428568	0.4965034965034971	-0.0005668794114000001	0
610	Iter0611	0	3	6	4	0	0	0.17857142857142858	0.19230769230769307	0.0	0
611	Iter0612	1	2	14	2	0	0	0.07142857142857142	0.09700722394220897	-0.000264731	0
612	Iter0613	3	6	9	6	0	0	0.3333333333333333	0.4003230582850987	-6.3558673e-06	0
613	Iter0614	4	3	5	3	0	0	0.7999999999999999	1.0	-0.00035202891790000004	0
614	Iter0615	5	1	10	2	0	0	1.0	1.0	-0.000404477767863	0
615	Iter0616	3	4	9	2	0	0	0.16666666666666666	0.14140271493212675	-2.5347223e-07	0
616	Iter0617	3	1	11	5	0	0	1.3636363636363635	1.0	-0.00013147228999999997	0
617	Iter0618	3	1	10	2	0	0	0.6	1.0	-0.00021599133720000006	0
618	Iter0619	3	7	9	10	0	0	0.4761904761904762	0.44947526236882	-6.445877750000001e-06	0
619	Iter0620	3	1	5	2	0	0	1.2	1.0	-0.000131185598061	0
620	Iter0621	7	3	6	4	0	0	1.5555555555555556	1.0	-0.000794420161	0
621	Iter0622	2	3	5	2	0	0	0.26666666666666666	0.5580808080808088	-1.189714e-07	0
622	Iter0623	2	3	7	8	0	0	0.7619047619047619	1.0	-0.0006130937700000001	0
623	Iter0624	1	6	6	4	0	0	0.1111111111111111	0.13399835458658976	-4.89935e-05	0
624	Iter0625	3	3	10	2	0	0	0.2	0.2682072829131648	-0.00040816369	0
625	Iter0626	2	8	7	4	0	0	0.14285714285714285	0.0804953560371516	-0.0005600283	0
626	Iter0627	4	3	3	1	0	0	0.4444444444444444	1.0	-0.0003751911	0
627	Iter0628	3	2	3	1	0	0	0.5	1.0	-0.00034008804999999996	0
628	Iter0629	3	3	11	3	0	0	0.2727272727272728	0.3027089783281731	-0.000724305	0
629	Iter0630	1	5	3	1	0	0	0.06666666666666668	0.19047619047619066	-2.95369e-08	0
630	Iter0631	4	7	8	4	0	0	0.2857142857142857	0.22034675514282293	-0.00048594159	0
631	Iter0632	3	0	16	3	0	0	0.9411764705882352	1.0	-2.363e-05	0
632	Iter0633	1	4	4	2	0	0	0.125	0.2424242424242421	-2.61336e-05	0
633	Iter0634	4	4	2	4	0	0	2.0	0.6270396270396283	-0.00020130086000000002	0
634	Iter0635	1	4	10	4	0	0	0.1	0.11076711386308892	-0.000119279	0
635	Iter0636	3	4	6	2	0	0	0.25	0.3146853146853137	-0.001486745	0
636	Iter0637	2	2	11	6	0	0	0.5454545454545455	0.6177109440267335	-0.00095055248894	0
637	Iter0638	3	1	6	6	0	0	3.0	0.5846153846153823	-0.00040010363000000005	0
638	Iter0639	3	1	6	5	0	0	2.5	0.6043956043956045	-0.0006041543850000001	0
639	Iter0640	1	1	8	5	0	0	0.625	1.0	-8.35159e-05	0
640	Iter0641	4	0	10	3	0	0	1.818181818181818	0.5411764705882334	-0.00032164709999999997	0
641	Iter0642	2	4	14	4	0	0	0.14285714285714285	0.1287705429581857	-0.00011511989	0
642	Iter0643	3	4	4	5	0	0	0.9375	1.0	-8.00772e-05	0
643	Iter0644	2	3	10	4	0	0	0.26666666666666666	0.3046955624355003	-1.79214114e-05	0
644	Iter0645	7	2	7	2	0	0	1.0	1.0	-0.0004375073553	0
645	Iter0646	1	1	4	6	0	0	1.5	1.0	-0.000109253	0
646	Iter0647	4	2	13	6	0	0	0.9230769230769232	1.0	-0.0003159450000013289	0
647	Iter0648	2	2	6	2	0	0	0.3333333333333333	0.5474747474747486	-3.66083e-09	0
648	Iter0649	0	1	8	4	0	0	0.2777777777777778	0.3846153846153838	0.0	0
649	Iter0650	6	1	8	4	0	0	3.0	0.6026831785345702	-0.00100069590153497	0
650	Iter0651	5	5	9	3	0	0	0.3333333333333333	0.3777089783281732	-0.0005421386283	0
651	Iter0652	1	3	5	3	0	0	0.2	0.5454545454545471	-3.20468e-08	0
652	Iter0653	3	4	7	5	0	0	0.5357142857142857	0.6499166468206714	-0.00026873483	0
653	Iter0654	3	3	9	3	0	0	0.3333333333333333	0.3440530058177112	-5.1980275900000004e-05	0
654	Iter0655	2	5	3	5	0	0	0.6666666666666667	1.0	-0.0002958169	0
655	Iter0656	2	2	7	6	0	0	0.8571428571428571	1.0	-0.00029150389999999996	0
656	Iter0657	4	5	10	3	0	0	0.24	0.18699690402476676	-0.0002470307438	0
657	Iter0658	6	3	6	4	0	0	1.3333333333333333	1.0	-4.6353297970884994e-05	0
658	Iter0659	3	5	6	5	0	0	0.5	0.6499166468206725	-0.0009253508795	0
659	Iter0660	4	2	9	4	0	0	0.8888888888888888	1.0	-3.4815388999999995e-05	0
660	Iter0661	2	1	2	5	0	0	5.0	0.4999999999999998	-3.4876014000000004e-07	0
661	Iter0662	0	3	9	5	0	0	0.15	0.08235294117647088	0.0	0
662	Iter0663	7	1	10	2	0	0	1.4	1.0	-1.194526824738e-05	0
663	Iter0664	1	2	10	5	0	0	0.25	0.5281862745098066	-1.3434e-10	0
664	Iter0665	3	1	10	5	0	0	1.5	1.0	-0.0007000000000000001	0
665	Iter0666	2	2	9	4	0	0	0.4444444444444444	0.5840336134453747	-0.00014235176	0
666	Iter0667	2	4	4	2	0	0	0.25	0.5670995670995689	-7.28439e-08	0
667	Iter0668	0	3	8	0	0	0	0.027777777777777776	0.006060606060606057	0.0	0
668	Iter0669	3	3	8	6	0	0	0.75	1.0	-0.0003712676289	0
669	Iter0670	2	1	5	1	0	0	0.4	1.0	-4.6797299999999986e-05	0
670	Iter0671	4	1	8	1	0	0	0.5	1.0	-0.000602719227	0
671	Iter0672	3	2	6	3	0	0	0.75	1.0	-0.0005451508800000001	0
672	Iter0673	3	2	3	2	0	0	1.0	1.0	-2.1543066800000004e-05	0
673	Iter0674	3	3	9	7	0	0	0.7777777777777777	1.0	-6.366550399999999e-07	0
674	Iter0675	2	3	9	2	0	0	0.14814814814814814	0.2445054945054945	-1.11772287e-06	0
675	Iter0676	2	1	6	6	0	0	2.0	1.0	-4.93396e-05	0
676	Iter0677	0	3	4	3	0	0	0.2	0.20000000000000012	0.0	0
677	Iter0678	1	4	14	2	0	0	0.03571428571428571	0.011351909184726556	-0.000591268	0
678	Iter0679	3	2	6	4	0	0	1.0	1.0	-0.0003348019489	0
679	Iter0680	2	1	9	3	0	0	0.6666666666666666	1.0	-0.00055945802	0
680	Iter0681	4	3	10	4	0	0	0.5333333333333333	0.638441692466463	-0.0006940307	0
681	Iter0682	6	1	8	1	0	0	0.75	1.0	-0.000344539686	0
682	Iter0683	0	0	8	1	0	0	0.2222222222222222	1.0	0.0	0
683	Iter0684	2	1	7	2	0	0	0.5714285714285714	1.0	-1.5564429999999998e-05	0
684	Iter0685	4	4	2	4	0	0	2.0	0.6270396270396283	-0.00091638821	0
685	Iter0686	2	5	6	4	0	0	0.26666666666666666	0.3348416289592764	-7.184033e-05	0
686	Iter0687	2	3	6	1	0	0	0.1111111111111111	0.22222222222222265	-0.00060379787	0
687	Iter0688	2	3	7	8	0	0	0.7619047619047619	1.0	-3.4360993548000004e-07	0
688	Iter0689	6	4	6	3	0	0	0.75	1.0	-0.0006831944189999999	0
689	Iter0690	3	3	7	1	0	0	0.14285714285714285	0.2447552447552448	-1.0682462251999999e-05	0
690	Iter0691	1	1	8	5	0	0	0.625	1.0	-4.71096e-05	0
691	Iter0692	4	1	4	3	0	0	3.0	0.5757575757575769	-0.0005346166	0
692	Iter0693	3	3	4	6	0	0	1.5	1.0	-0.0003462318629999999	0
693	Iter0694	2	2	12	1	0	0	0.08333333333333333	0.12058823529411752	-0.00068197	0
694	Iter0695	1	4	11	2	0	0	0.045454545454545456	0.021708683473389348	-0.000677415	0
695	Iter0696	5	3	3	2	0	0	1.1111111111111112	1.0	-4.411354400000001e-08	0
696	Iter0697	1	4	11	3	0	0	0.06818181818181819	0.037925696594427225	-3.72386e-10	0
697	Iter0698	0	1	6	4	0	0	0.35714285714285715	0.4545454545454545	0.0	0
698	Iter0699	3	2	15	0	0	0	0.08333333333333333	0.05263157894736871	-6.05950983e-06	0
699	Iter0700	2	2	7	3	0	0	0.42857142857142855	0.5804195804195794	-8.63931e-05	0
700	Iter0701	4	3	4	4	0	0	1.3333333333333333	1.0	-0.000461231934	0
701	Iter0702	2	4	6	0	0	0	0.08571428571428573	0.06060606060606074	-0.00010258749999999999	0
702	Iter0703	6	2	7	1	0	0	0.42857142857142855	1.0	-0.000552085295	0
703	Iter0704	1	4	5	2	0	0	0.1	0.2424242424242426	-1.8011000000000004e-06	0
704	Iter0705	3	4	6	4	0	0	0.5	0.6371863430686964	-0.00012879857	0
705	Iter0706	5	2	11	3	0	0	0.6818181818181819	1.0	-0.0010953251415	0
706	Iter0707	3	2	6	2	0	0	0.5	1.0	-2.9701509999999997e-05	0
707	Iter0708	2	1	9	3	0	0	0.6666666666666666	1.0	-2.73231e-05	0
708	Iter0709	4	3	8	5	0	0	0.8333333333333333	1.0	-0.0004718822600000001	0
709	Iter0710	1	6	12	4	0	0	0.05555555555555555	0.01862479961820377	-0.000226858	0
710	Iter0711	4	2	8	4	0	0	1.0	1.0	-0.00026869336	0
711	Iter0712	1	2	6	4	0	0	0.3333333333333333	0.5594405594405605	-0.000178763	0
712	Iter0713	1	2	7	6	0	0	0.42857142857142855	1.0	-1.15935e-06	0
713	Iter0714	3	6	6	1	0	0	0.08333333333333333	0.060139860139860064	-0.0004909316	0
714	Iter0715	0	3	6	4	0	0	0.17857142857142858	0.19230769230769307	0.0	0
715	Iter0716	2	3	12	5	0	0	0.2777777777777778	0.3088782562466765	-0.000385823	0
716	Iter0717	2	4	9	2	0	0	0.1111111111111111	0.10940530058177136	-2.2959974e-05	0
717	Iter0718	1	5	4	2	0	0	0.1	0.24242424242424304	-3.15418e-07	0
718	Iter0719	3	0	7	6	0	0	3.5	0.2499999999999989	-0.0001836068	0
719	Iter0720	2	4	12	3	0	0	0.125	0.11958204334365385	-0.000395902	0
720	Iter0721	3	2	3	4	0	0	2.0	1.0	-0.0001163586	0
721	Iter0722	1	4	8	3	0	0	0.09375	0.10576923076923063	-6.7233500000000015e-06	0
722	Iter0723	1	5	8	3	0	0	0.07500000000000001	0.049773755656108525	-7.65298e-07	0
723	Iter0724	3	5	2	6	0	0	1.8	1.0	-0.000255447439562118	0
724	Iter0725	2	2	13	3	0	0	0.2307692307692308	0.2487100103199188	-0.00022733658	0
725	Iter0726	1	5	2	5	0	0	0.5	1.0	0.0	0
726	Iter0727	4	1	11	3	0	0	1.0909090909090908	1.0	-0.0012763619113	0
727	Iter0728	4	2	4	4	0	0	2.0	0.6270396270396283	-0.0003328412213319	0
728	Iter0729	0	1	9	3	0	0	0.2	0.3076923076923073	0.0	0
729	Iter0730	6	2	2	2	0	0	3.0	0.5474747474747486	-8.024979660747e-05	0
730	Iter0731	3	5	4	5	0	0	0.7499999999999999	1.0	-0.000145932351694	0
731	Iter0732	3	0	10	1	0	0	0.7272727272727273	1.0	-0.000961611384	0
732	Iter0733	6	2	9	4	0	0	1.3333333333333333	1.0	-0.0007886530300002047	0
733	Iter0734	1	3	6	0	0	0	0.07142857142857142	0.03333333333333332	-0.000188133	0
734	Iter0735	1	3	6	3	0	0	0.16666666666666666	0.26573426573426634	-0.00010431	0
735	Iter0736	0	3	9	5	0	0	0.15	0.08235294117647088	0.0	0
736	Iter0737	2	5	5	4	0	0	0.32	0.3575174825174822	-0.0005163619	0
737	Iter0738	1	3	7	6	0	0	0.2857142857142857	0.5764705882352921	-5.40292e-08	0
738	Iter0739	4	0	5	2	0	0	2.5	0.4909090909090901	-6.0020342e-05	0
739	Iter0740	1	3	10	7	0	0	0.2333333333333333	0.3107769423558914	-0.000875439	0
740	Iter0741	3	4	7	8	0	0	0.8571428571428571	1.0	-0.0007085418550000001	0
741	Iter0742	2	3	5	2	0	0	0.26666666666666666	0.5580808080808088	-0.0011572458	0
742	Iter0743	2	6	8	3	0	0	0.125	0.06977851869492753	-3.534573999999999e-05	0
743	Iter0744	1	2	6	4	0	0	0.3333333333333333	0.5594405594405605	-2.87692e-07	0
744	Iter0745	5	1	14	2	0	0	0.7142857142857143	1.0	-7.24516861e-05	0
745	Iter0746	6	8	9	7	0	0	0.5833333333333333	0.7152491865522451	-0.0007722775	0
746	Iter0747	3	3	8	2	0	0	0.25	0.2994505494505489	-1.36843411071e-05	0
747	Iter0748	6	7	7	4	0	0	0.4897959183673469	0.4441883160586887	-4.46700369509653e-05	0
748	Iter0749	3	5	6	2	0	0	0.2	0.3146853146853145	-1.9035188900000004e-06	0
749	Iter0750	2	4	10	5	0	0	0.25	0.33104820875718743	-3.377220104956e-06	0
750	Iter0751	2	6	8	1	0	0	0.04166666666666666	0.01522007404360345	-0.0002289780253054	0
751	Iter0752	1	2	9	6	0	0	0.3333333333333333	0.5588235294117663	-1.51605e-05	0
752	Iter0753	6	3	6	4	0	0	1.3333333333333333	1.0	-4.041543015e-05	0
753	Iter0754	5	1	10	5	0	0	2.5	0.6226780185758529	-0.00013790007019	0
754	Iter0755	3	2	10	1	0	0	0.15	0.21428571428571386	-4.7371943800000003e-05	0
755	Iter0756	0	5	8	7	0	0	0.14814814814814814	0.054695562435500465	0.0	0
756	Iter0757	2	1	10	1	0	0	0.2	0.3956043956043948	-5.37919104749e-05	0
757	Iter0758	4	1	10	4	0	0	1.6	1.0	-0.00055579439	0
758	Iter0759	3	2	10	8	0	0	1.2	1.0	-4.89126e-05	0
759	Iter0760	1	3	5	0	0	0	0.08333333333333333	0.04761904761904764	-4.95215e-05	0
760	Iter0761	3	1	9	0	0	0	0.2	0.3076923076923079	-7.206017e-05	0
761	Iter0762	2	2	3	2	0	0	0.6666666666666666	1.0	-4.08514e-07	0
762	Iter0763	2	0	15	5	0	0	1.125	1.0	-0.0003594146	0
763	Iter0764	3	3	7	4	0	0	0.5714285714285714	0.6436651583710405	-8.5368255e-05	0
764	Iter0765	6	7	9	2	0	0	0.19047619047619047	0.1049266388477593	-0.0008564133218	0
765	Iter0766	1	1	7	3	0	0	0.42857142857142855	1.0	-4.40511e-05	0
766	Iter0767	2	6	5	3	0	0	0.2	0.3146853146853145	-3.4679930964999998e-06	0
767	Iter0768	1	1	8	7	0	0	0.875	1.0	-0.00016481700000000002	0
768	Iter0769	2	1	6	1	0	0	0.3333333333333333	1.0	-0.0007418380000000001	0
769	Iter0770	5	1	5	3	0	0	3.0	0.5804195804195811	-0.0006289881338	0
770	Iter0771	8	4	3	2	0	0	1.3333333333333333	1.0	-0.001051019721066892	0
771	Iter0772	1	2	7	3	0	0	0.21428571428571427	0.5104895104895115	-2.46238e-07	0
772	Iter0773	1	1	11	8	0	0	0.7272727272727273	1.0	-0.0001246	0
773	Iter0774	3	2	8	2	0	0	0.375	0.5604395604395591	-7.0106228183e-05	0
774	Iter0775	2	2	12	2	0	0	0.16666666666666666	0.19705882352941306	-1.575384e-05	0
775	Iter0776	3	5	8	6	0	0	0.45	0.6594427244582044	-3.352439e-06	0
776	Iter0777	2	7	7	3	0	0	0.12244897959183673	0.06977851869492714	-1.613897e-05	0
777	Iter0778	4	3	5	3	0	0	0.7999999999999999	1.0	-3.5663400000000205e-05	0
778	Iter0779	2	0	5	3	0	0	2.0	1.0	-2.0839899999999995e-09	0
779	Iter0780	2	2	8	0	0	0	0.1111111111111111	0.0909090909090909	-0.0001086947441	0
780	Iter0781	5	5	7	2	0	0	0.2857142857142857	0.3498452012383896	-0.000554489573	0
781	Iter0782	5	2	6	2	0	0	0.8333333333333334	1.0	-0.00060727966933	0
782	Iter0783	5	5	4	2	0	0	0.5	0.6328671328671309	-0.00021304879	0
783	Iter0784	3	1	6	2	0	0	1.0	1.0	-3.6101978e-05	0
784	Iter0785	5	2	7	4	0	0	1.4285714285714286	1.0	-0.00019923220199999998	0
785	Iter0786	3	1	4	4	0	0	3.0	0.5757575757575777	-0.0001422040813121	0
786	Iter0787	3	3	7	2	0	0	0.2857142857142857	0.3286713286713281	-1.965295e-05	0
787	Iter0788	2	3	9	5	0	0	0.3703703703703704	0.6026831785345719	-9.8148915e-05	0
788	Iter0789	3	7	5	4	0	0	0.3428571428571429	0.3698499642772091	-0.0005301730275	0
789	Iter0790	3	1	11	2	0	0	0.5454545454545454	1.0	-0.00014581192000000001	0
790	Iter0791	1	2	9	1	0	0	0.05555555555555555	0.10839160839160847	-8.54316e-08	0
791	Iter0792	5	3	9	7	0	0	1.2962962962962965	1.0	-0.00042330864720000003	0
792	Iter0793	3	2	6	5	0	0	1.25	1.0	-2.078985e-05	0
793	Iter0794	4	5	6	4	0	0	0.5333333333333333	0.6562817986966594	-0.000571595882876763	0
794	Iter0795	3	3	11	7	0	0	0.6363636363636364	0.6653318077803205	-0.0007684223	0
795	Iter0796	2	5	12	6	0	0	0.2	0.1774599542334111	-5.140632e-05	0
796	Iter0797	4	1	7	7	0	0	4.0	0.33780529755761923	-0.00035375467	0
797	Iter0798	5	3	2	4	0	0	3.333333333333333	0.5920745920745929	-0.0001465073899	0
798	Iter0799	4	7	13	5	0	0	0.21978021978021972	0.11858807438386185	-6.749446464000002e-05	0
799	Iter0800	3	0	1	4	0	0	10.0	0.14285714285714265	-0.00010731005200000001	0
800	Iter0801	5	2	3	3	0	0	2.5	0.5920745920745939	-0.00014930997	0
801	Iter0802	2	2	4	5	0	0	1.25	1.0	-0.0006492043999999999	0
802	Iter0803	2	3	8	2	0	0	0.16666666666666666	0.25074925074925003	-0.000288513	0
803	Iter0804	3	5	4	2	0	0	0.3	0.5920745920745929	-0.0005058888	0
804	Iter0805	3	4	4	3	0	0	0.5625	1.0	-0.00053593470365	0
805	Iter0806	1	2	8	7	0	0	0.4375	1.0	-1.88832e-05	0
806	Iter0807	4	4	11	4	0	0	0.3636363636363637	0.3712029434199326	-0.0003261959901219	0
807	Iter0808	3	1	2	4	0	0	6.0	0.5238095238095236	-0.00027247990000000004	0
808	Iter0809	4	1	7	2	0	0	1.1428571428571428	1.0	-0.0007457930799999999	0
809	Iter0810	1	3	5	4	0	0	0.26666666666666666	0.5594405594405606	-9.53841e-08	0
810	Iter0811	5	4	5	1	0	0	0.25	0.5804195804195798	-8.070232266000002e-05	0
811	Iter0812	1	5	6	3	0	0	0.1	0.11888111888111873	-0.000229036	0
812	Iter0813	0	2	9	6	0	0	0.2333333333333333	0.2058823529411759	0.0	0
813	Iter0814	2	3	8	2	0	0	0.16666666666666666	0.25074925074925003	-0.00023576502793999998	0
814	Iter0815	2	2	11	3	0	0	0.2727272727272728	0.5326797385620922	-6.220566000000001e-07	0
815	Iter0816	1	1	8	5	0	0	0.625	1.0	0.0	0
816	Iter0817	3	2	8	4	0	0	0.75	1.0	-0.0001223041	0
817	Iter0818	4	4	5	0	0	0	0.16666666666666666	0.1048951048951053	-7.754877e-05	0
818	Iter0819	4	2	8	2	0	0	0.5	0.6043956043956026	-9.996960405614101e-05	0
819	Iter0820	5	3	9	4	0	0	0.7407407407407408	1.0	-7.787031200000671e-05	0
820	Iter0821	2	2	6	2	0	0	0.3333333333333333	0.5474747474747486	-5.90535107e-05	0
821	Iter0822	2	6	7	2	0	0	0.09523809523809523	0.05668449197860938	-1.8373808e-05	0
822	Iter0823	2	4	7	5	0	0	0.35714285714285715	0.6199095022624432	-0.00046703	0
823	Iter0824	5	1	5	0	0	0	0.5	1.0	-0.0007200132	0
824	Iter0825	4	4	15	2	0	0	0.13333333333333333	0.0592885375494072	-4.43225457e-05	0
825	Iter0826	2	1	6	2	0	0	0.6666666666666666	1.0	-3.7320775e-05	0
826	Iter0827	0	1	6	1	0	0	0.14285714285714285	0.24999999999999994	0.0	0
827	Iter0828	3	3	11	5	0	0	0.4545454545454545	0.6243550051599598	-1.1190970404925e-05	0
828	Iter0829	3	6	9	3	0	0	0.16666666666666666	0.08723165379512109	-0.0007399582905909459	0
829	Iter0830	1	2	4	4	0	0	0.5	1.0	-8.618869999999999e-08	0
830	Iter0831	0	1	13	7	0	0	0.2857142857142857	0.3809523809523792	0.0	0
831	Iter0832	1	3	9	3	0	0	0.1111111111111111	0.11813186813186785	-0.000547398	0
832	Iter0833	3	2	5	6	0	0	1.7999999999999998	1.0	-0.0008914899999999999	0
833	Iter0834	4	6	5	1	0	0	0.13333333333333333	0.14510489510489474	-0.00010023169999999999	0
834	Iter0835	4	0	5	5	0	0	5.0	0.2207792207792203	-0.00011201372500000002	0
835	Iter0836	2	4	11	2	0	0	0.09090909090909093	0.046034203154945975	-0.00037148	0
836	Iter0837	3	4	9	1	0	0	0.08333333333333333	0.10067873303167392	-0.000708523853	0
837	Iter0838	2	3	3	1	0	0	0.2222222222222222	0.5238095238095235	-0.00029815376	0
838	Iter0839	1	3	11	2	0	0	0.0606060606060606	0.05252100840336108	-4.89346e-06	0
839	Iter0840	1	2	6	3	0	0	0.25	0.5227272727272733	-8.12213e-09	0
840	Iter0841	1	1	7	2	0	0	0.2857142857142857	0.4909090909090902	-3.03796e-05	0
841	Iter0842	4	1	9	2	0	0	0.8888888888888888	1.0	-0.000181897299	0
842	Iter0843	1	2	6	1	0	0	0.08333333333333333	0.18333333333333315	-0.000117577	0
843	Iter0844	3	2	7	5	0	0	1.0714285714285714	1.0	-1.4269e-07	0
844	Iter0845	3	3	13	2	0	0	0.15384615384615385	0.11455108359133245	-0.00029831964182800005	0
845	Iter0846	3	1	5	4	0	0	2.4	1.0	-2.4732163940000006e-05	0
846	Iter0847	3	5	5	2	0	0	0.24	0.3146853146853145	-7.467872576000001e-05	0
847	Iter0848	2	4	7	2	0	0	0.14285714285714285	0.13566433566433514	-8.116182399999999e-05	0
848	Iter0849	1	2	9	8	0	0	0.4444444444444444	1.0	-0.000546623	0
849	Iter0850	6	3	2	4	0	0	4.0	0.31468531468531424	-1.7709819e-05	0
850	Iter0851	2	2	10	6	0	0	0.6	1.0	-0.00061300053	0
851	Iter0852	1	3	10	2	0	0	0.06666666666666668	0.06318681318681309	-3.5108199999999994e-07	0
852	Iter0853	4	0	6	3	0	0	2.8571428571428568	0.4965034965034971	-1.0414465783e-05	0
853	Iter0854	4	3	7	3	0	0	0.5714285714285714	0.6436651583710411	-3.210805217e-05	0
854	Iter0855	5	4	6	1	0	0	0.20833333333333331	0.3076923076923062	-0.000190733700187	0
855	Iter0856	1	0	8	0	0	0	0.2222222222222222	1.0	-1.89314e-05	0
856	Iter0857	4	1	14	5	0	0	1.4285714285714286	1.0	-0.0008084973002712709	0
857	Iter0858	6	5	7	1	0	0	0.17142857142857146	0.17698658410732676	-0.0017940638454383999	0
858	Iter0859	7	1	7	2	0	0	2.0	1.0	-0.0008957263559989999	0
859	Iter0860	2	0	10	3	0	0	1.0909090909090908	1.0	-0.00015659543	0
860	Iter0861	2	3	7	4	0	0	0.3809523809523809	0.5961538461538449	-0.00018784265	0
861	Iter0862	0	1	8	4	0	0	0.2777777777777778	0.3846153846153838	0.0	0
862	Iter0863	2	2	5	3	0	0	0.6	1.0	-0.00015209529999999998	0
863	Iter0864	7	5	9	1	0	0	0.15555555555555556	0.16187527642635974	-0.001014186929716	0
864	Iter0865	0	3	10	0	0	0	0.022727272727272728	0.0034965034965035034	0.0	0
865	Iter0866	3	4	7	3	0	0	0.3214285714285714	0.34995886466474685	-3.56323007e-05	0
866	Iter0867	2	1	9	3	0	0	0.6666666666666666	1.0	-0.0005142684	0
867	Iter0868	0	7	9	7	0	0	0.1	0.01894296308080134	0.0	0
868	Iter0869	2	8	4	7	0	0	0.4375	0.6351172047766507	-0.0008972754860000002	0
869	Iter0870	3	2	6	5	0	0	1.25	1.0	-0.000678860318407	0
870	Iter0871	1	2	7	7	0	0	0.5	1.0	-0.00152751	0
871	Iter0872	5	2	9	2	0	0	0.5555555555555556	1.0	-0.00097746	0
872	Iter0873	4	2	3	5	0	0	3.333333333333333	0.592074592074592	-0.0012763415349999999	0
873	Iter0874	2	7	3	3	0	0	0.2857142857142857	0.3286713286713286	-5.5006889900000005e-05	0
874	Iter0875	2	3	4	1	0	0	0.16666666666666666	0.5238095238095237	-0.000198979	0
875	Iter0876	3	3	13	5	0	0	0.3846153846153846	0.3617640940295416	-0.0005360237000000001	0
876	Iter0877	1	3	3	8	0	0	0.8888888888888888	1.0	-2.62591e-05	0
877	Iter0878	4	3	12	6	0	0	0.6666666666666666	0.6728770542958219	-2.5028307e-05	0
878	Iter0879	1	2	1	4	0	0	2.0	1.0	-6.97266e-09	0
879	Iter0880	3	4	5	2	0	0	0.3	0.5920745920745918	-1.38581e-08	0
880	Iter0881	7	3	11	6	0	0	1.272727272727273	1.0	-0.0001087695336628	0
881	Iter0882	2	4	5	5	0	0	0.5	0.6328671328671316	-1.237300107851e-09	0
882	Iter0883	5	3	3	6	0	0	3.333333333333333	0.346935417523653	-1.0456992048021718e-05	0
883	Iter0884	4	2	9	7	0	0	1.5555555555555554	1.0	-0.0001705796515	0
884	Iter0885	5	4	10	1	0	0	0.125	0.12732198142414894	-3.83645355e-05	0
885	Iter0886	1	1	10	3	0	0	0.3	0.476190476190473	-6.79337e-05	0
886	Iter0887	0	2	10	3	0	0	0.1212121212121212	0.09523809523809497	0.0	0
887	Iter0888	2	2	5	4	0	0	0.8	1.0	-0.0001011344	0
888	Iter0889	0	1	4	1	0	0	0.2	0.3333333333333331	0.0	0
889	Iter0890	1	0	12	0	0	0	0.15384615384615385	1.0	-0.000160758	0
890	Iter0891	2	5	8	2	0	0	0.1	0.05841217605923505	-3.81737e-05	0
891	Iter0892	2	1	6	2	0	0	0.6666666666666666	1.0	-4.80867774e-05	0
892	Iter0893	2	2	4	2	0	0	0.5	1.0	-0.00048398249000000004	0
893	Iter0894	2	4	5	2	0	0	0.2	0.28613053613053674	-7.7226394e-05	0
894	Iter0895	1	3	8	5	0	0	0.2083333333333333	0.2941176470588228	-2.22819e-05	0
895	Iter0896	3	4	4	3	0	0	0.5625	1.0	-0.00047293529000000005	0
896	Iter0897	4	2	3	9	0	0	6.0	0.1414027149321271	-7.24255093e-07	0
897	Iter0898	4	3	8	2	0	0	0.3333333333333333	0.5927601809954732	-2.786641024e-05	0
898	Iter0899	1	0	7	4	0	0	1.25	1.0	-2.14246e-06	0
899	Iter0900	2	4	7	1	0	0	0.07142857142857142	0.09090909090909076	-0.00031860959000000005	0
900	Iter0901	1	0	15	1	0	0	0.25	1.0	-5.4109e-06	0
901	Iter0902	4	1	12	1	0	0	0.3333333333333333	0.490196078431372	-5.820947378e-05	0
902	Iter0903	3	4	13	3	0	0	0.1730769230769231	0.13735279841081532	-2.156192550128e-05	0
903	Iter0904	1	2	10	4	0	0	0.2	0.5147058823529405	-1.2885299999999998e-06	0
904	Iter0905	1	2	7	5	0	0	0.35714285714285715	0.5692307692307683	-4.0295800000000015e-06	0
905	Iter0906	3	3	8	3	0	0	0.375	0.6000323206205559	-0.00010718952	0
906	Iter0907	3	2	11	4	0	0	0.5454545454545454	0.6126160990712108	-0.0001928319	0
907	Iter0908	4	1	7	2	0	0	1.1428571428571428	1.0	-0.0002542473903	0
908	Iter0909	3	3	12	0	0	0	0.07692307692307693	0.024509803921568686	-0.0001224880954755	0
909	Iter0910	2	3	6	2	0	0	0.2222222222222222	0.2929292929292933	-0.0002186805	0
910	Iter0911	2	1	7	2	0	0	0.5714285714285714	1.0	-0.00021274981	0
911	Iter0912	4	5	9	2	0	0	0.17777777777777778	0.15967492260061916	-0.0005329381	0
912	Iter0913	3	4	5	6	0	0	0.8999999999999999	1.0	-1.37899215e-05	0
913	Iter0914	1	6	4	8	0	0	0.3333333333333333	0.6026831785345703	-1.34208e-11	0
914	Iter0915	6	2	10	4	0	0	1.2	1.0	-0.000143396263	0
915	Iter0916	4	3	8	4	0	0	0.6666666666666666	1.0	-5.1755742e-05	0
916	Iter0917	0	4	3	1	0	0	0.1	0.14285714285714274	0.0	0
917	Iter0918	2	2	9	5	0	0	0.5555555555555556	1.0	-0.0001412597	0
918	Iter0919	1	2	13	3	0	0	0.1153846153846154	0.15479876160990805	-0.0007022069999999999	0
919	Iter0920	4	3	9	4	0	0	0.5925925925925926	0.6513544891640859	-0.00023207200499999998	0
920	Iter0921	1	2	7	5	0	0	0.35714285714285715	0.5692307692307683	-7.405e-05	0
921	Iter0922	3	3	3	3	0	0	1.0	1.0	-7.590091928999999e-07	0
922	Iter0923	6	4	9	2	0	0	0.3333333333333333	0.3614551083591342	-0.0011935160156	0
923	Iter0924	1	1	7	4	0	0	0.5714285714285714	1.0	-1.59354e-05	0
924	Iter0925	5	2	4	8	0	0	5.0	0.16980233388902072	-0.00017493841074	0
925	Iter0926	4	4	5	2	0	0	0.4	0.6083916083916073	-6.339541819e-05	0
926	Iter0927	1	2	8	3	0	0	0.1875	0.5054945054945046	-2.0611e-06	0
927	Iter0928	2	3	8	5	0	0	0.4166666666666666	0.6078431372549022	-0.0002520111	0
928	Iter0929	4	3	5	3	0	0	0.7999999999999999	1.0	-4.1406043060600004e-05	0
929	Iter0930	1	3	10	2	0	0	0.06666666666666668	0.06318681318681309	-3.26546e-08	0
930	Iter0931	2	1	6	3	0	0	1.0	1.0	-0.00030384016956000004	0
931	Iter0932	3	4	10	2	0	0	0.15	0.12874097007223875	-2.4588150000000003e-06	0
932	Iter0933	2	3	7	2	0	0	0.19047619047619047	0.26573426573426473	-9.020955399999999e-06	0
933	Iter0934	3	2	2	6	0	0	4.5	0.2929292929292935	-3.1675063e-05	0
934	Iter0935	2	2	13	3	0	0	0.2307692307692308	0.2487100103199188	-5.39670758e-07	0
935	Iter0936	8	2	4	4	0	0	4.0	0.32126696832579216	-0.0009179303832	0
936	Iter0937	2	3	7	7	0	0	0.6666666666666666	1.0	-0.0017115300000000002	0
937	Iter0938	1	1	8	3	0	0	0.375	1.0	-4.91756e-07	0
938	Iter0939	3	2	10	3	0	0	0.45	0.5827497665732946	-2.8304506000000003e-05	0
939	Iter0940	7	3	11	4	0	0	0.8484848484848485	1.0	-0.00019095825699999997	0
940	Iter0941	4	1	4	4	0	0	4.0	0.5648795648795653	-3.8777879e-05	0
941	Iter0942	5	1	9	3	0	0	1.6666666666666667	1.0	-0.0009296311	0
942	Iter0943	2	3	7	3	0	0	0.2857142857142857	0.32867132867132803	-0.000323093074	0
943	Iter0944	3	0	11	6	0	0	2.333333333333333	0.5210526315789487	-6.22076e-05	0
944	Iter0945	3	3	9	2	0	0	0.2222222222222222	0.28005817711700043	-0.0005172440155537001	0
945	Iter0946	0	3	7	3	0	0	0.125	0.06993006993007027	0.0	0
946	Iter0947	6	5	6	1	0	0	0.2	0.3156108597285074	-0.0012765235	0
947	Iter0948	2	7	3	2	0	0	0.19047619047619047	0.2657342657342649	-0.00010430199999999999	0
948	Iter0949	2	2	4	2	0	0	0.5	1.0	-0.0011863897	0
949	Iter0950	2	5	11	4	0	0	0.14545454545454548	0.0743034055727552	-4.92345644e-05	0
950	Iter0951	3	4	3	3	0	0	0.75	1.0	-1.545947932e-05	0
951	Iter0952	3	2	6	4	0	0	1.0	1.0	-1.1589366e-05	0
952	Iter0953	2	1	2	2	0	0	2.0	1.0	-0.00116677	0
953	Iter0954	0	4	8	9	0	0	0.22222222222222224	0.13116123642439445	0.0	0
954	Iter0955	3	1	5	2	0	0	1.2	1.0	-3.227952e-05	0
955	Iter0956	2	2	7	2	0	0	0.2857142857142857	0.53006993006993	-5.40633e-07	0
956	Iter0957	0	4	9	1	0	0	0.04	0.004995004995004983	0.0	0
957	Iter0958	1	4	7	3	0	0	0.10714285714285714	0.11888111888111895	-7.98904e-06	0
958	Iter0959	1	1	4	3	0	0	0.75	1.0	-1.32687e-05	0
959	Iter0960	3	0	6	4	0	0	2.8571428571428568	0.4965034965034971	-0.0005469286283999999	0
960	Iter0961	3	6	8	3	0	0	0.1875	0.17480352464872584	-3.4492450000000005e-05	0
961	Iter0962	1	3	4	3	0	0	0.25	0.5454545454545454	-0.00010129	0
962	Iter0963	4	1	5	4	0	0	3.2	0.5804195804195778	-0.00010182440000106147	0
963	Iter0964	2	3	7	6	0	0	0.5714285714285714	1.0	-6.4516973e-07	0
964	Iter0965	3	2	8	4	0	0	0.75	1.0	-1.2169601007959e-05	0
965	Iter0966	0	1	9	3	0	0	0.2	0.3076923076923073	0.0	0
966	Iter0967	2	3	6	1	0	0	0.1111111111111111	0.22222222222222265	-0.0005567805	0
967	Iter0968	2	1	5	3	0	0	1.2	1.0	-6.37792e-06	0
968	Iter0969	4	1	7	3	0	0	1.7142857142857142	1.0	-0.00024315955499014	0
969	Iter0970	1	5	9	5	0	0	0.11111111111111112	0.1408668730650156	-1.57286e-06	0
970	Iter0971	3	3	6	3	0	0	0.5	0.6223776223776206	-0.0009839361	0
971	Iter0972	4	1	7	2	0	0	1.1428571428571428	1.0	-0.0004314475	0
972	Iter0973	2	5	9	4	0	0	0.17777777777777778	0.15967492260061872	-8.95433e-05	0
973	Iter0974	0	1	8	3	0	0	0.2222222222222222	0.3333333333333341	0.0	0
974	Iter0975	3	1	4	2	0	0	1.5	1.0	-0.00048223473413	0
975	Iter0976	1	2	6	6	0	0	0.5	1.0	-0.00022171400000000005	0
976	Iter0977	3	3	6	4	0	0	0.6666666666666666	1.0	-0.0005608573999999999	0
977	Iter0978	2	3	7	1	0	0	0.09523809523809523	0.21678321678321727	-0.0002245005	0
978	Iter0979	2	4	7	4	0	0	0.2857142857142857	0.3348416289592757	-6.890607500000001e-06	0
979	Iter0980	3	3	8	3	0	0	0.375	0.6000323206205559	-0.0008831577	0
980	Iter0981	1	2	6	7	0	0	0.5833333333333334	1.0	-0.000361107	0
981	Iter0982	1	3	5	0	0	0	0.08333333333333333	0.04761904761904764	-1.4438900000000003e-05	0
982	Iter0983	3	3	9	2	0	0	0.2222222222222222	0.28005817711700043	-6.332393e-06	0
983	Iter0984	3	0	10	6	0	0	2.5454545454545454	0.5170278637770895	-3.215131e-05	0
984	Iter0985	6	3	8	6	0	0	1.5	1.0	-0.00020953778510000306	0
985	Iter0986	1	2	8	4	0	0	0.25	0.5252747252747239	-5.16279e-05	0
986	Iter0987	2	1	5	3	0	0	1.2	1.0	-7.766539e-06	0
987	Iter0988	2	4	11	1	0	0	0.045454545454545456	0.021708683473389275	-0.0005909081891	0
988	Iter0989	3	2	11	5	0	0	0.6818181818181818	1.0	-5.88702166631e-05	0
989	Iter0990	4	3	6	6	0	0	1.3333333333333333	1.0	-0.00034222835499999997	0
990	Iter0991	6	4	4	7	0	0	2.625	0.3948559180757329	-0.00032573974	0
991	Iter0992	1	6	8	3	0	0	0.0625	0.049773755656108885	-4.17549e-05	0
992	Iter0993	1	1	9	4	0	0	0.4444444444444444	1.0	-6.55245e-08	0
993	Iter0994	2	3	9	3	0	0	0.2222222222222222	0.28005817711699943	-0.00035239639918000003	0
994	Iter0995	5	3	6	4	0	0	1.1111111111111112	1.0	-0.00041036513092000004	0
995	Iter0996	3	4	9	2	0	0	0.16666666666666666	0.14140271493212675	-0.00023979360880000002	0
996	Iter0997	2	3	6	9	0	0	1.0	1.0	-1.90908692e-08	0
997	Iter0998	2	4	9	1	0	0	0.05555555555555555	0.035714285714285664	-0.00013074147	0
998	Iter0999	3	4	10	5	0	0	0.375	0.3761609907120742	-0.0002736498	0
999	Iter1000	3	3	9	6	0	0	0.6666666666666666	1.0	-0.0008555556	0
