	IterId	dN	dS	pN	pS	bdN	bpN	MkScore	FSPVal	SelCoef	PosSel
0	Iter0001	10	7	3	7	0	0	3.333333333333333	0.23646071700991836	-0.00011893863000000001	0
1	Iter0002	5	5	5	2	0	0	0.4	0.6220691073632253	-0.0005657711416580001	0
2	Iter0003	11	3	2	4	0	0	7.333333333333332	0.12192982456140397	-0.000208271902857	0
3	Iter0004	9	3	7	4	0	0	1.7142857142857142	0.6668461434917237	-0.000329972830885	0
4	Iter0005	5	3	2	2	0	0	1.6666666666666667	1.0	-0.000289024083	0
5	Iter0006	5	7	6	3	0	0	0.35714285714285715	0.3869969040247671	0.0	0
6	Iter0007	3	4	4	3	0	0	0.5625	1.0	-8.092480000000001e-06	0
7	Iter0008	9	5	6	3	0	0	0.9	1.0	-0.0005472616668876	0
8	Iter0009	6	5	3	4	0	0	1.6	1.0	-0.00019142060089999999	0
9	Iter0010	5	2	6	7	0	0	2.916666666666667	0.3742260061919494	-2.061795e-06	0
10	Iter0011	1	9	8	2	0	0	0.027777777777777776	0.005477494641581346	0.0	0
11	Iter0012	11	6	5	0	0	0	0.2857142857142857	0.2663476874003189	-9.29157202e-05	0
12	Iter0013	7	4	6	2	0	0	0.5833333333333334	1.0	-0.0008456391056966201	0
13	Iter0014	3	3	2	4	0	0	2.0	1.0	-0.00105894	0
14	Iter0015	6	5	6	1	0	0	0.2	0.3156108597285074	-0.000380285093006	0
15	Iter0016	6	10	1	1	0	0	0.6	1.0	-0.000115307	0
16	Iter0017	6	7	11	4	0	0	0.3116883116883117	0.2458101776179573	-0.00058940707	0
17	Iter0018	6	7	3	7	0	0	2.0	0.6692690806299634	-9.75544327e-05	0
18	Iter0019	4	1	3	1	0	0	1.3333333333333333	1.0	-2.05491e-09	0
19	Iter0020	10	6	7	3	0	0	0.7142857142857143	1.0	-0.000548314993	0
20	Iter0021	5	7	6	1	0	0	0.11904761904761905	0.14729697547034978	-1.9026996000000005e-05	0
21	Iter0022	9	6	2	4	0	0	3.0	0.3614551083591335	-0.0015500505	0
22	Iter0023	1	9	6	1	0	0	0.018518518518518517	0.003650761003702175	0.0	0
23	Iter0024	6	9	6	6	0	0	0.6666666666666666	0.7068246062727241	-0.000430631	0
24	Iter0025	4	7	6	5	0	0	0.4761904761904762	0.6699214098594883	-7.203125999999999e-05	0
25	Iter0026	4	2	3	4	0	0	2.6666666666666665	0.592074592074594	-6.49741000454766e-05	0
26	Iter0027	8	3	4	1	0	0	0.6666666666666666	1.0	-0.0007578146000000001	0
27	Iter0028	6	5	4	5	0	0	1.4999999999999998	1.0	-4.511335e-05	0
28	Iter0029	6	5	5	1	0	0	0.24	0.3333872010342601	-8.11725e-05	0
29	Iter0030	4	8	9	2	0	0	0.1111111111111111	0.03607484183604784	0.0	0
30	Iter0031	4	10	4	0	0	0	0.09090909090909093	0.022875816993464183	-0.00031865800000000004	0
31	Iter0032	3	8	4	4	0	0	0.375	0.3765182186234818	-1.6643065811999999e-06	0
32	Iter0033	5	7	6	2	0	0	0.2380952380952381	0.19680876399142705	-4.01326e-05	0
33	Iter0034	3	10	4	5	0	0	0.375	0.3761609907120728	-1.59243e-06	0
34	Iter0035	2	6	8	5	0	0	0.2083333333333333	0.1826625386996912	0.0	0
35	Iter0036	5	8	2	4	0	0	1.25	1.0	-0.0005659014402540001	0
36	Iter0037	2	8	7	4	0	0	0.14285714285714285	0.0804953560371516	0.0	0
37	Iter0038	5	6	7	2	0	0	0.2380952380952381	0.19680876399142636	-0.000217533448	0
38	Iter0039	3	5	2	2	0	0	0.6	1.0	-3.10648e-06	0
39	Iter0040	3	4	3	0	0	0	0.2	0.20000000000000007	-0.00032226342	0
40	Iter0041	6	4	3	5	0	0	2.5	0.6371863430686966	-3.262444e-06	0
41	Iter0042	3	5	9	1	0	0	0.06666666666666668	0.04298642533936641	-4.16273000158137e-06	0
42	Iter0043	8	5	5	1	0	0	0.32	0.6047103051747003	-0.000941474	0
43	Iter0044	5	3	6	2	0	0	0.5555555555555556	1.0	-1.68793e-13	0
44	Iter0045	6	2	5	4	0	0	2.4	0.6199095022624448	-0.0010661246142900003	0
45	Iter0046	6	3	3	3	0	0	2.0	0.6223776223776202	-9.953640642e-05	0
46	Iter0047	5	7	11	5	0	0	0.3246753246753247	0.2495330397605267	-5.5651e-06	0
47	Iter0048	6	6	7	2	0	0	0.2857142857142857	0.36656346749225854	-4.887845e-05	0
48	Iter0049	8	7	5	1	0	0	0.22857142857142854	0.33591331269349894	-3.58301e-06	0
49	Iter0050	6	3	4	0	0	0	0.35	0.4965034965034971	-6.7213e-06	0
50	Iter0051	6	6	4	2	0	0	0.5	0.6380090497737558	-0.000173628372	0
51	Iter0052	4	5	6	4	0	0	0.5333333333333333	0.6562817986966594	-2.72583600342884e-05	0
52	Iter0053	5	9	10	5	0	0	0.2777777777777778	0.14311097805070888	-0.00022707628849999998	0
53	Iter0054	9	4	5	0	0	0	0.3333333333333333	0.2777777777777785	-0.0001594176295	0
54	Iter0055	4	8	4	0	0	0	0.11111111111111112	0.07692307692307654	-0.000680780593	0
55	Iter0056	7	7	4	3	0	0	0.75	1.0	-0.0007200518603000001	0
56	Iter0057	5	4	4	2	0	0	0.625	1.0	-3.96575e-05	0
57	Iter0058	2	6	3	3	0	0	0.3333333333333333	0.5804195804195802	-1.04726e-10	0
58	Iter0059	3	10	9	4	0	0	0.13333333333333333	0.04717997038632392	0.0	0
59	Iter0060	6	4	4	2	0	0	0.75	1.0	-5.4331708e-06	0
60	Iter0061	6	7	4	3	0	0	0.6428571428571429	1.0	-6.5074353e-05	0
61	Iter0062	6	8	10	2	0	0	0.15	0.05109705209314868	-0.00044355720000000004	0
62	Iter0063	5	3	6	2	0	0	0.5555555555555556	1.0	-2.52642818269e-05	0
63	Iter0064	4	6	6	1	0	0	0.1111111111111111	0.13399835458658976	-0.00028559799999999997	0
64	Iter0065	9	4	4	2	0	0	1.125	1.0	-0.00017748529	0
65	Iter0066	2	3	6	3	0	0	0.3333333333333333	0.5804195804195786	0.0	0
66	Iter0067	8	8	4	1	0	0	0.25	0.33834586466165395	-2.8960623e-05	0
67	Iter0068	7	3	6	1	0	0	0.3888888888888889	0.6029411764705864	-4.1172643e-05	0
68	Iter0069	3	6	6	4	0	0	0.3333333333333333	0.3698499642772087	-4.24754e-11	0
69	Iter0070	1	8	4	1	0	0	0.03125	0.022977022977022872	-4.57952e-08	0
70	Iter0071	12	6	6	3	0	0	1.0	1.0	-9.7677863e-05	0
71	Iter0072	8	3	6	5	0	0	2.2222222222222223	0.6594427244582055	0.0	0
72	Iter0073	6	5	10	3	0	0	0.36	0.3904518329070764	-7.3967031e-05	0
73	Iter0074	6	8	8	4	0	0	0.375	0.2670615156817881	-6.768860000000001e-05	0
74	Iter0075	1	6	4	2	0	0	0.08333333333333333	0.10256410256410277	-7.33172e-06	0
75	Iter0076	9	3	7	2	0	0	0.8571428571428571	1.0	-7.432321635e-05	0
76	Iter0077	6	3	9	2	0	0	0.4444444444444444	0.616873065015481	-0.00036579995	0
77	Iter0078	5	11	4	4	0	0	0.4545454545454545	0.4120339211199385	-0.00016743299999999998	0
78	Iter0079	5	2	0	1	0	0	4.0	0.375	-3.26122e-05	0
79	Iter0080	3	6	5	3	0	0	0.3	0.3469354175236523	-5.2315099999999997e-05	0
80	Iter0081	6	6	12	3	0	0	0.25	0.12662090007627833	-8.732547e-06	0
81	Iter0082	9	13	0	2	0	0	2.1428571428571432	0.510869565217395	-0.0002064316029	0
82	Iter0083	8	8	7	2	0	0	0.2857142857142857	0.22896266474137106	-0.000100397488	0
83	Iter0084	16	6	6	4	0	0	1.7777777777777777	0.6827690373175781	-0.00096498602262	0
84	Iter0085	6	5	3	5	0	0	2.0	0.6499166468206735	-0.0007444509380000001	0
85	Iter0086	4	3	5	4	0	0	1.0666666666666669	1.0	-0.0006151432499999999	0
86	Iter0087	3	4	6	0	0	0	0.1142857142857143	0.06993006993007007	-1.3601e-07	0
87	Iter0088	8	4	11	2	0	0	0.3636363636363637	0.3782608695652155	-0.00030560827547041	0
88	Iter0089	7	7	3	3	0	0	1.0	1.0	-0.000550666207	0
89	Iter0090	4	3	5	4	0	0	1.0666666666666669	1.0	-1.81298e-07	0
90	Iter0091	6	5	9	4	0	0	0.5333333333333333	0.6751749899044311	-0.00022248609	0
91	Iter0092	7	6	3	1	0	0	0.3888888888888889	0.6029411764705872	-0.00026767802800000003	0
92	Iter0093	7	7	5	2	0	0	0.4	0.6424148606811169	-1.4314382e-05	0
93	Iter0094	4	3	2	3	0	0	2.0	1.0	-1.0208027999999998e-06	0
94	Iter0095	2	3	7	5	0	0	0.4761904761904762	0.6199095022624417	0.0	0
95	Iter0096	11	4	2	6	0	0	8.25	0.039305424687037065	-0.0006546263500000001	0
96	Iter0097	5	2	11	4	0	0	0.9090909090909092	1.0	-9.644548999999999e-08	0
97	Iter0098	2	3	5	3	0	0	0.4	0.5920745920745939	-0.000585495	0
98	Iter0099	4	3	3	3	0	0	1.3333333333333333	1.0	0.0	0
99	Iter0100	8	4	5	3	0	0	1.2	1.0	-0.000116533	0
100	Iter0101	5	9	7	2	0	0	0.15873015873015875	0.08937945887737238	-0.00021921394999999997	0
101	Iter0102	5	2	3	1	0	0	0.8333333333333334	1.0	-3.1464321853000003e-06	0
102	Iter0103	5	4	7	2	0	0	0.35714285714285715	0.6199095022624448	-0.0005991549	0
103	Iter0104	7	2	6	1	0	0	0.5833333333333334	1.0	-0.00010591195000000001	0
104	Iter0105	4	3	4	3	0	0	1.0	1.0	-0.0006775972999999999	0
105	Iter0106	8	8	7	2	0	0	0.2857142857142857	0.22896266474137106	-1.46515500179349e-05	0
106	Iter0107	5	4	11	3	0	0	0.3409090909090909	0.3630367478799311	-5.7758399e-05	0
107	Iter0108	10	3	3	2	0	0	2.2222222222222223	0.5827497665732948	-0.00042919170999999997	0
108	Iter0109	2	17	4	2	0	0	0.05882352941176471	0.015132693393562963	0.0	0
109	Iter0110	7	7	5	3	0	0	0.6	0.6749226006191936	-1.1596968000000001e-08	0
110	Iter0111	8	5	6	1	0	0	0.26666666666666666	0.3543601651186789	-0.000312491031310846	0
111	Iter0112	8	8	4	1	0	0	0.25	0.33834586466165395	-0.0006093620426	0
112	Iter0113	1	6	7	3	0	0	0.07142857142857142	0.04977375565610854	0.0	0
113	Iter0114	5	4	2	4	0	0	2.5	0.6083916083916083	-5.992390000000001e-05	0
114	Iter0115	7	6	3	0	0	0	0.2857142857142857	0.2499999999999989	-0.0002300763	0
115	Iter0116	8	4	7	1	0	0	0.2857142857142857	0.6026831785345728	-0.00027702206697	0
116	Iter0117	14	9	5	2	0	0	0.6222222222222222	1.0	-8.834483006808062e-05	0
117	Iter0118	8	11	2	3	0	0	1.0909090909090908	1.0	-6.785069999999998e-06	0
118	Iter0119	7	2	3	4	0	0	4.666666666666667	0.30244755244755106	-0.0001293509	0
119	Iter0120	6	11	3	3	0	0	0.5454545454545454	0.6430205949656749	-3.4969e-09	0
120	Iter0121	4	5	8	3	0	0	0.30000000000000004	0.36184805906168094	0.0	0
121	Iter0122	5	7	2	1	0	0	0.35714285714285715	0.5692307692307671	-0.000300529596314	0
122	Iter0123	6	7	2	6	0	0	2.571428571428572	0.3998624011007893	-0.00067288005531	0
123	Iter0124	9	6	7	0	0	0	0.17857142857142858	0.12064921662444884	-0.0007049146745358999	0
124	Iter0125	5	6	4	5	0	0	1.0416666666666667	1.0	-4.84664e-05	0
125	Iter0126	2	9	2	3	0	0	0.3333333333333333	0.5467032967032942	0.0	0
126	Iter0127	8	3	6	6	0	0	2.6666666666666665	0.4003230582850986	-0.00046842799479999996	0
127	Iter0128	6	5	4	3	0	0	0.9	1.0	-3.1130482781999994e-06	0
128	Iter0129	7	4	0	2	0	0	4.800000000000002	0.1923076923076929	-5.0475198e-05	0
129	Iter0130	6	6	5	3	0	0	0.6	0.6699214098594914	-0.00022643626000000002	0
130	Iter0131	5	6	7	4	0	0	0.4761904761904762	0.6699214098594872	-2.7750193999999998e-05	0
131	Iter0132	2	7	5	4	0	0	0.22857142857142854	0.3348416289592766	0.0	0
132	Iter0133	6	6	5	3	0	0	0.6	0.6699214098594914	-3.74728894e-05	0
133	Iter0134	7	8	7	2	0	0	0.25	0.20992058150491366	-0.0016585354	0
134	Iter0135	7	7	1	3	0	0	3.0	0.5882352941176492	-9.996032722849e-06	0
135	Iter0136	7	7	9	2	0	0	0.2222222222222222	0.20771570870911465	-0.00079456495	0
136	Iter0137	4	3	5	2	0	0	0.5333333333333333	1.0	-3.7251e-05	0
137	Iter0138	5	3	4	5	0	0	2.083333333333333	0.6371863430686964	-0.000407687	0
138	Iter0139	3	6	4	2	0	0	0.25	0.3146853146853142	0.0	0
139	Iter0140	5	4	4	2	0	0	0.625	1.0	-0.0004931766	0
140	Iter0141	3	6	3	3	0	0	0.5	0.6223776223776207	-1.535858882e-05	0
141	Iter0142	7	4	6	2	0	0	0.5833333333333334	1.0	-5.8449308400000005e-05	0
142	Iter0143	10	2	4	4	0	0	5.0	0.16109391124871014	-0.00023254376809999998	0
143	Iter0144	5	5	7	2	0	0	0.2857142857142857	0.3498452012383896	-0.000508254	0
144	Iter0145	6	6	3	2	0	0	0.6666666666666666	1.0	-7.63232e-06	0
145	Iter0146	7	3	9	4	0	0	1.0370370370370372	1.0	-0.00019289418	0
146	Iter0147	5	7	3	2	0	0	0.4761904761904762	0.6199095022624422	-8.28850211e-05	0
147	Iter0148	4	7	5	0	0	0	0.10416666666666667	0.0336538461538461	-1.5281765e-05	0
148	Iter0149	10	6	8	1	0	0	0.20833333333333331	0.3548408570834209	-0.00016440856999999997	0
149	Iter0150	4	5	8	1	0	0	0.1	0.1312217194570135	-0.00021015889999999998	0
150	Iter0151	8	8	8	0	0	0	0.1111111111111111	0.022242889250561976	-0.00030589049999999997	0
151	Iter0152	2	1	2	0	0	0	0.5	1.0	-3.142439e-05	0
152	Iter0153	9	6	3	2	0	0	1.0	1.0	-0.0006290237500000001	0
153	Iter0154	8	2	5	1	0	0	0.8	1.0	-9.268450850000001e-05	0
154	Iter0155	3	7	8	1	0	0	0.05357142857142857	0.019766611097880433	-2.04197e-06	0
155	Iter0156	7	6	2	0	0	0	0.3809523809523809	0.4857142857142842	-6.474385928000001e-06	0
156	Iter0157	5	7	5	2	0	0	0.2857142857142857	0.3498452012383895	-8.851672e-05	0
157	Iter0158	9	5	5	3	0	0	1.08	1.0	-0.000180233	0
158	Iter0159	6	6	4	2	0	0	0.5	0.6380090497737558	-0.000511954819	0
159	Iter0160	8	7	3	3	0	0	1.1428571428571428	1.0	-6.59289488e-05	0
160	Iter0161	3	5	5	2	0	0	0.24	0.3146853146853145	-0.00034045463400000003	0
161	Iter0162	2	4	4	5	0	0	0.625	1.0	0.0	0
162	Iter0163	4	2	8	1	0	0	0.25	0.525274725274723	-5.23885e-06	0
163	Iter0164	6	3	5	1	0	0	0.4	0.6043956043956029	-0.00010752710699341001	0
164	Iter0165	9	2	1	0	0	0	1.6666666666666667	1.0	-0.00105877600168388	0
165	Iter0166	7	6	4	5	0	0	1.4583333333333333	1.0	-0.0007031818	0
166	Iter0167	7	5	7	2	0	0	0.4	0.6424148606811168	-1.4974150000940525e-06	0
167	Iter0168	6	6	7	2	0	0	0.2857142857142857	0.36656346749225854	-5.839280851299999e-05	0
168	Iter0169	10	6	6	5	0	0	1.3888888888888893	0.7104440555780013	-1.9401074000000002e-05	0
169	Iter0170	3	7	6	3	0	0	0.21428571428571427	0.17889540799757514	-5.43625e-05	0
170	Iter0171	3	7	4	2	0	0	0.21428571428571427	0.3024475524475521	-1.77154e-07	0
171	Iter0172	4	10	8	5	0	0	0.25	0.12834612105711968	-1.37885e-06	0
172	Iter0173	7	4	8	0	0	0	0.17777777777777778	0.10319917440660524	-7.232202e-07	0
173	Iter0174	3	1	3	1	0	0	1.0	1.0	0.0	0
174	Iter0175	4	3	7	2	0	0	0.3809523809523809	0.5961538461538444	-0.000506843	0
175	Iter0176	7	8	6	1	0	0	0.14583333333333334	0.16486068111455066	-5.430795475494999e-05	0
176	Iter0177	5	5	3	4	0	0	1.3333333333333333	1.0	-8.499996697247e-05	0
177	Iter0178	11	6	3	1	0	0	0.6111111111111109	1.0	-0.000437417838	0
178	Iter0179	7	4	3	1	0	0	0.5833333333333334	1.0	-0.0001239421548	0
179	Iter0180	4	10	3	5	0	0	0.6666666666666667	1.0	-5.47057e-11	0
180	Iter0181	8	7	11	4	0	0	0.4155844155844156	0.4497251374312903	0.0	0
181	Iter0182	4	6	3	3	0	0	0.6666666666666666	1.0	-2.45075e-05	0
182	Iter0183	7	6	6	0	0	0	0.16326530612244894	0.1092805543269932	-2.0781212000000003e-05	0
183	Iter0184	6	6	4	1	0	0	0.25	0.3382352941176461	-2.41082e-06	0
184	Iter0185	13	6	4	2	0	0	1.0833333333333333	1.0	-4.346021938300001e-05	0
185	Iter0186	5	5	6	2	0	0	0.3333333333333333	0.3665158371040734	-7.2937639999999985e-06	0
186	Iter0187	4	5	4	2	0	0	0.4	0.6083916083916074	-4.738215e-06	0
187	Iter0188	9	7	5	1	0	0	0.2571428571428572	0.3511586452762931	-0.0003829861044	0
188	Iter0189	4	5	4	0	0	0	0.16666666666666669	0.10489510489510497	-2.11088e-11	0
189	Iter0190	7	5	4	3	0	0	1.05	1.0	-8.10664734e-05	0
190	Iter0191	1	3	5	5	0	0	0.3333333333333333	0.5804195804195819	0.0	0
191	Iter0192	8	8	4	3	0	0	0.75	1.0	-0.00033184969999999997	0
192	Iter0193	9	4	1	2	0	0	4.5	0.5178571428571404	-0.00024818140980913	0
193	Iter0194	8	3	4	0	0	0	0.45	0.5164835164835135	-0.00013028591	0
194	Iter0195	6	4	3	2	0	0	1.0	1.0	-9.90645e-05	0
195	Iter0196	2	8	8	2	0	0	0.0625	0.023014137565221138	-1.3876599999999998e-06	0
196	Iter0197	3	5	6	3	0	0	0.3	0.3469354175236529	-0.000351981261	0
197	Iter0198	9	6	6	0	0	0	0.20408163265306126	0.12293601651186804	-0.0015791446	0
198	Iter0199	6	3	1	2	0	0	4.0	0.5227272727272733	-6.320795683763e-05	0
199	Iter0200	5	5	5	2	0	0	0.4	0.6220691073632253	-4.00018e-05	0
200	Iter0201	4	8	1	9	0	0	4.5	0.32330827067669043	-3.569516e-05	0
201	Iter0202	5	3	4	0	0	0	0.3	0.4909090909090921	-0.0004759979	0
202	Iter0203	8	3	12	6	0	0	1.3333333333333333	1.0	-4.50676e-14	0
203	Iter0204	5	7	7	0	0	0	0.09375	0.017404937683575462	-0.0002087990314	0
204	Iter0205	12	8	1	2	0	0	3.0	0.5595708639186879	-0.00098939533052	0
205	Iter0206	5	2	10	0	0	0	0.18181818181818185	0.1544117647058821	-3.59248e-05	0
206	Iter0207	3	5	8	5	0	0	0.375	0.3869969040247677	-2.39434e-09	0
207	Iter0208	4	5	6	3	0	0	0.4	0.6371863430686978	-9.708242e-07	0
208	Iter0209	5	6	6	7	0	0	0.9722222222222224	1.0	-0.00031139342100000003	0
209	Iter0210	4	10	3	1	0	0	0.13333333333333333	0.2450980392156869	-0.00024203568	0
210	Iter0211	6	6	12	1	0	0	0.08333333333333333	0.030205949656750542	-8.185272080124693e-06	0
211	Iter0212	15	5	5	3	0	0	1.7999999999999998	0.6508226073443438	-0.000433182692	0
212	Iter0213	6	4	3	5	0	0	2.5	0.6371863430686966	-4.488430000000001e-05	0
213	Iter0214	7	2	6	0	0	0	0.3809523809523809	0.4857142857142826	-0.0001709989422	0
214	Iter0215	4	3	4	2	0	0	0.6666666666666666	1.0	-1.2656e-05	0
215	Iter0216	6	7	5	5	0	0	0.8571428571428571	1.0	-0.000883232	0
216	Iter0217	7	2	4	2	0	0	1.75	1.0	-0.0001709703	0
217	Iter0218	4	4	6	3	0	0	0.5	0.6371863430686968	-3.0097329999999996e-06	0
218	Iter0219	3	4	6	3	0	0	0.375	0.6145104895104878	-4.13839e-06	0
219	Iter0220	9	8	2	2	0	0	1.125	1.0	-9.633252444800001e-05	0
220	Iter0221	1	6	7	2	0	0	0.047619047619047616	0.0405594405594404	0.0	0
221	Iter0222	6	12	6	2	0	0	0.16666666666666666	0.0895194508009156	-1.2671242e-05	0
222	Iter0223	12	3	2	0	0	0	1.0833333333333333	1.0	-8.6624929196525e-05	0
223	Iter0224	5	6	6	2	0	0	0.2777777777777778	0.3520679526871482	-0.000238648597	0
224	Iter0225	1	5	7	5	0	0	0.14285714285714288	0.15158371040724006	-7.765290000000002e-07	0
225	Iter0226	5	6	3	1	0	0	0.2777777777777778	0.5692307692307697	-0.00022229710000000002	0
226	Iter0227	4	4	3	6	0	0	2.0	0.6371863430686965	-0.00024550319999999996	0
227	Iter0228	8	4	3	0	0	0	0.45	0.516483516483514	-0.000801033854	0
228	Iter0229	6	5	3	1	0	0	0.4	0.6043956043956045	-0.00016914572999999998	0
229	Iter0230	5	7	4	3	0	0	0.5357142857142858	0.6499166468206719	-3.88761e-05	0
230	Iter0231	5	0	4	3	0	0	4.8	0.20454545454545486	-9.82252e-06	0
231	Iter0232	3	3	0	2	0	0	3.0	0.4642857142857145	-0.0004095630863	0
232	Iter0233	6	4	6	1	0	0	0.25	0.3382352941176455	-0.0003449427	0
233	Iter0234	4	8	2	2	0	0	0.5	0.6043956043956017	-4.0178822e-05	0
234	Iter0235	4	7	5	2	0	0	0.22857142857142854	0.3348416289592765	-7.46630278397e-06	0
235	Iter0236	8	8	5	7	0	0	1.4	0.7176829541885363	-0.00051030013443	0
236	Iter0237	3	3	4	4	0	0	1.0	1.0	0.0	0
237	Iter0238	3	6	2	4	0	0	1.0	1.0	-5.01918e-16	0
238	Iter0239	4	6	3	1	0	0	0.2222222222222222	0.5594405594405594	0.0	0
239	Iter0240	4	6	4	4	0	0	0.6666666666666666	1.0	-4.70767e-10	0
240	Iter0241	2	5	14	4	0	0	0.1142857142857143	0.05812356979405028	0.0	0
241	Iter0242	9	5	4	1	0	0	0.45	1.0	-4.8922800000000005e-05	0
242	Iter0243	7	10	5	3	0	0	0.4199999999999999	0.41098398169336425	-1.46492123110072e-05	0
243	Iter0244	8	5	4	3	0	0	1.2000000000000002	1.0	-4.954842751500005e-05	0
244	Iter0245	6	5	3	4	0	0	1.6	1.0	-0.0001786419420717	0
245	Iter0246	5	10	11	2	0	0	0.09090909090909093	0.009323821061605413	-6.42947e-07	0
246	Iter0247	6	8	3	1	0	0	0.25	0.5764705882352943	-2.31015e-05	0
247	Iter0248	7	6	8	2	0	0	0.2916666666666667	0.37878583927850296	-1.0536920000000002e-05	0
248	Iter0249	9	3	3	2	0	0	2.0	0.6000323206205526	-0.00135090638	0
249	Iter0250	5	13	5	1	0	0	0.07692307692307693	0.050083211982525605	-0.000147240932	0
250	Iter0251	1	7	3	6	0	0	0.2857142857142857	0.5764705882352931	0.0	0
251	Iter0252	8	1	5	2	0	0	3.2	0.5499999999999967	-0.0003122915	0
252	Iter0253	8	6	4	1	0	0	0.3333333333333333	0.6026831785345711	-7.043743828e-05	0
253	Iter0254	7	5	5	2	0	0	0.5599999999999999	0.6561681352703008	-6.51268e-05	0
254	Iter0255	6	5	3	3	0	0	1.2	1.0	-0.0003453824	0
255	Iter0256	7	8	6	2	0	0	0.2916666666666667	0.3787858392785009	-6.3694631078e-05	0
256	Iter0257	6	2	6	1	0	0	0.5	1.0	-2.475434e-05	0
257	Iter0258	8	5	7	3	0	0	0.6857142857142857	1.0	-0.00021886718000000002	0
258	Iter0259	9	2	3	1	0	0	1.5	1.0	-3.68209e-11	0
259	Iter0260	9	6	4	4	0	0	1.5	0.6850181720285342	-0.0007308495385	0
260	Iter0261	7	8	4	2	0	0	0.4375	0.6351172047766478	-0.00099270644	0
261	Iter0262	11	7	5	3	0	0	0.9428571428571428	1.0	-0.0001592772	0
262	Iter0263	4	4	4	2	0	0	0.5	0.6270396270396279	-5.596900046071102e-06	0
263	Iter0264	6	4	5	3	0	0	0.8999999999999999	1.0	-0.00028732170483	0
264	Iter0265	5	8	3	3	0	0	0.625	1.0	0.0	0
265	Iter0266	15	6	4	0	0	0	0.4571428571428571	0.5403952569169963	-8.488499000000001e-05	0
266	Iter0267	2	6	2	0	0	0	0.14285714285714285	0.13333333333333333	-1.185320609407e-07	0
267	Iter0268	1	2	15	4	0	0	0.13333333333333333	0.16883116883116778	0.0	0
268	Iter0269	6	6	5	2	0	0	0.4	0.6332460109549873	-5.0171264e-06	0
269	Iter0270	2	5	2	4	0	0	0.8	1.0	-7.909310000000003e-06	0
270	Iter0271	6	5	3	0	0	0	0.2916666666666667	0.2582417582417573	-0.00042206883799999996	0
271	Iter0272	8	4	6	2	0	0	0.6666666666666666	1.0	-0.00026566723299999997	0
272	Iter0273	8	5	8	2	0	0	0.4	0.4050343249427921	-1.0079464689999999e-05	0
273	Iter0274	4	12	8	2	0	0	0.08333333333333333	0.013783820164221382	-0.00041100465701000003	0
274	Iter0275	6	3	5	3	0	0	1.2	1.0	-1.756408e-07	0
275	Iter0276	5	10	10	7	0	0	0.35	0.17769581536340234	-2.5028e-06	0
276	Iter0277	9	5	8	4	0	0	0.9	1.0	-0.0006206872371000001	0
277	Iter0278	10	5	3	2	0	0	1.3333333333333333	1.0	-0.00039357112800000003	0
278	Iter0279	6	6	4	3	0	0	0.75	1.0	-0.0007487844004516421	0
279	Iter0280	4	4	5	4	0	0	0.8	1.0	-1.02648e-06	0
280	Iter0281	5	7	4	3	0	0	0.5357142857142858	0.6499166468206719	-1.1290080234e-06	0
281	Iter0282	4	8	1	2	0	0	1.0	1.0	-1.86342768e-05	0
282	Iter0283	3	6	5	5	0	0	0.5	0.6499166468206733	-7.64866e-07	0
283	Iter0284	4	6	5	1	0	0	0.13333333333333333	0.14510489510489474	-0.00025116171	0
284	Iter0285	10	4	3	2	0	0	1.6666666666666667	1.0	-0.00114780413639	0
285	Iter0286	10	10	3	2	0	0	0.6666666666666666	1.0	-0.000133501947121304	0
286	Iter0287	10	5	7	3	0	0	0.8571428571428571	1.0	-0.00049978073	0
287	Iter0288	6	8	4	0	0	0	0.15555555555555556	0.0915032679738564	-3.70945e-06	0
288	Iter0289	4	6	5	6	0	0	0.7999999999999999	1.0	-0.000382669509	0
289	Iter0290	8	6	3	1	0	0	0.4444444444444444	1.0	-0.00018286180239751002	0
290	Iter0291	9	3	6	3	0	0	1.5	1.0	-9.248335444428164e-05	0
291	Iter0292	5	5	5	4	0	0	0.8	1.0	-4.25877e-08	0
292	Iter0293	5	5	7	3	0	0	0.42857142857142855	0.6499166468206703	-0.00038527095976	0
293	Iter0294	8	6	3	2	0	0	0.8888888888888888	1.0	-3.8617980840000006e-05	0
294	Iter0295	8	6	5	1	0	0	0.26666666666666666	0.35436016511867924	-0.00025714309999999997	0
295	Iter0296	6	6	7	3	0	0	0.42857142857142855	0.4148606811145487	-8.6769038e-05	0
296	Iter0297	9	4	4	2	0	0	1.125	1.0	-8.050777e-06	0
297	Iter0298	4	5	5	3	0	0	0.48	0.6371863430686948	-1.068063e-05	0
298	Iter0299	6	8	6	4	0	0	0.5	0.6801722977520527	-4.335416556e-09	0
299	Iter0300	4	6	4	2	0	0	0.3333333333333333	0.6083916083916083	0.0	0
300	Iter0301	4	7	3	1	0	0	0.19047619047619047	0.2820512820512819	-8.134495e-05	0
301	Iter0302	3	3	5	1	0	0	0.2	0.5454545454545476	0.0	0
302	Iter0303	6	3	3	4	0	0	2.6666666666666665	0.6145104895104876	-8.431900000000002e-07	0
303	Iter0304	7	5	6	4	0	0	0.9333333333333332	1.0	-0.000260721856572	0
304	Iter0305	6	6	8	2	0	0	0.25	0.20433436532507632	-2.921702e-07	0
305	Iter0306	6	2	2	5	0	0	7.5	0.13193473193473193	-5.834406600000001e-05	0
306	Iter0307	13	8	4	5	0	0	2.03125	0.4433583208395806	-0.00021363076	0
307	Iter0308	7	9	5	5	0	0	0.7777777777777778	1.0	-2.3565e-08	0
308	Iter0309	5	2	12	3	0	0	0.625	1.0	-3.03548e-05	0
309	Iter0310	5	11	4	4	0	0	0.4545454545454545	0.4120339211199385	-0.0010096851	0
310	Iter0311	3	11	8	1	0	0	0.03409090909090909	0.002759456185220073	-0.000441674	0
311	Iter0312	5	9	4	3	0	0	0.4166666666666667	0.3972136222910222	-0.0003136776	0
312	Iter0313	4	7	4	4	0	0	0.5714285714285714	0.6576962768913258	-0.000812273	0
313	Iter0314	11	8	5	1	0	0	0.275	0.3644268774703583	-0.0007212739	0
314	Iter0315	4	6	6	3	0	0	0.3333333333333333	0.3698499642772095	-2.294243e-06	0
315	Iter0316	5	7	7	5	0	0	0.5102040816326531	0.6842726529090739	-0.00020694291	0
316	Iter0317	7	4	9	3	0	0	0.5833333333333334	0.6668461434917203	-0.0005663953	0
317	Iter0318	4	10	4	2	0	0	0.2	0.16109391124871045	-3.96201e-05	0
318	Iter0319	5	6	9	1	0	0	0.0925925925925926	0.06346749226006211	-0.000199662	0
319	Iter0320	4	5	5	4	0	0	0.64	1.0	-1.52156e-05	0
320	Iter0321	5	4	7	4	0	0	0.7142857142857143	1.0	-7.840708e-06	0
321	Iter0322	2	9	1	3	0	0	0.6666666666666666	1.0	-1.52426e-07	0
322	Iter0323	5	4	4	1	0	0	0.3125	0.5804195804195778	-1.33111e-07	0
323	Iter0324	3	7	7	7	0	0	0.42857142857142855	0.42122089110243904	-0.000270342459409	0
324	Iter0325	3	5	0	1	0	0	1.3333333333333333	1.0	-0.0001748239	0
325	Iter0326	8	5	3	3	0	0	1.6	1.0	-1.8562673e-06	0
326	Iter0327	6	4	2	0	0	0	0.4666666666666666	0.5151515151515165	-6.60539e-07	0
327	Iter0328	5	4	6	5	0	0	1.0416666666666667	1.0	-0.00018967825	0
328	Iter0329	5	6	8	1	0	0	0.10416666666666667	0.07027863777089761	-3.811060000000298e-07	0
329	Iter0330	8	5	6	3	0	0	0.8	1.0	-2.4723700000000002e-09	0
330	Iter0331	7	3	3	2	0	0	1.5555555555555556	1.0	-0.00040089949866	0
331	Iter0332	8	6	6	3	0	0	0.6666666666666666	1.0	-0.0013923891899999998	0
332	Iter0333	7	6	6	3	0	0	0.5833333333333334	0.673993808049532	-0.000147700254547	0
333	Iter0334	2	5	4	1	0	0	0.1	0.242424242424243	-1.33089e-06	0
334	Iter0335	10	8	3	3	0	0	1.25	1.0	-0.000138995987728	0
335	Iter0336	6	6	6	1	0	0	0.16666666666666666	0.17327538302770476	-5.403073e-05	0
336	Iter0337	5	5	9	2	0	0	0.2222222222222222	0.1826625386996916	-0.0005662099	0
337	Iter0338	8	10	6	2	0	0	0.26666666666666666	0.2163844393592681	-2.29464825e-05	0
338	Iter0339	7	6	3	4	0	0	1.5555555555555556	1.0	0.0	0
339	Iter0340	10	9	2	1	0	0	0.5555555555555556	1.0	-0.00015765195873999999	0
340	Iter0341	8	5	2	2	0	0	1.6	1.0	-5.66394e-05	0
341	Iter0342	6	4	2	1	0	0	0.75	1.0	-4.3311000000000006e-05	0
342	Iter0343	3	6	7	1	0	0	0.07142857142857142	0.04977375565610862	-5.501130000000002e-06	0
343	Iter0344	8	4	5	2	0	0	0.8	1.0	-0.0008299946245999999	0
344	Iter0345	7	4	4	2	0	0	0.875	1.0	-2.02616e-05	0
345	Iter0346	9	8	2	3	0	0	1.6875	1.0	-1.1527e-07	0
346	Iter0347	7	4	4	5	0	0	2.1875	0.6534174803524648	-0.0015540111	0
347	Iter0348	4	6	4	3	0	0	0.5	0.6371863430686964	-2.55441707226e-06	0
348	Iter0349	9	7	5	3	0	0	0.7714285714285715	1.0	-7.86163e-05	0
349	Iter0350	3	8	6	1	0	0	0.0625	0.04977375565610855	-4.2809400000000005e-08	0
350	Iter0351	5	7	5	3	0	0	0.42857142857142855	0.6499166468206725	-0.00048719599999999996	0
351	Iter0352	11	3	8	7	0	0	3.208333333333333	0.2450774612693689	-0.0008206372900000001	0
352	Iter0353	6	6	3	2	0	0	0.6666666666666666	1.0	-0.0003784839	0
353	Iter0354	5	6	5	6	0	0	1.0	1.0	-1.791852323e-05	0
354	Iter0355	5	6	7	2	0	0	0.2380952380952381	0.19680876399142636	-0.0002084008387	0
355	Iter0356	5	9	7	0	0	0	0.075	0.007120743034055769	-0.0001625675176	0
356	Iter0357	3	7	8	3	0	0	0.16071428571428573	0.08610893750212645	-3.7295e-05	0
357	Iter0358	7	6	7	3	0	0	0.5	0.6692690806299653	-8.6421485143e-05	0
358	Iter0359	7	6	4	3	0	0	0.8750000000000001	1.0	0.0	0
359	Iter0360	9	9	2	0	0	0	0.3333333333333333	0.4789473684210522	-0.00010779473514000001	0
360	Iter0361	9	5	4	4	0	0	1.8	0.6619195046439627	-0.00089151837401	0
361	Iter0362	6	5	2	3	0	0	1.8	1.0	-0.0011310464099999998	0
362	Iter0363	5	6	3	2	0	0	0.5555555555555556	1.0	-7.423755695e-05	0
363	Iter0364	4	3	4	2	0	0	0.6666666666666666	1.0	-1.1995370000000002e-05	0
364	Iter0365	8	8	4	3	0	0	0.75	1.0	-3.820418541e-06	0
365	Iter0366	3	4	7	3	0	0	0.3214285714285714	0.34995886466474685	-1.98431e-08	0
366	Iter0367	10	2	5	3	0	0	3.0	0.347265221878226	-0.00046051329999999995	0
367	Iter0368	8	6	6	6	0	0	1.3333333333333333	1.0	-0.0001165517	0
368	Iter0369	4	7	9	6	0	0	0.3809523809523809	0.4283079822317943	-0.000517144	0
369	Iter0370	6	4	8	6	0	0	1.125	1.0	-6.791062760000001e-05	0
370	Iter0371	3	3	6	3	0	0	0.5	0.6223776223776206	-3.26531e-08	0
371	Iter0372	5	8	8	2	0	0	0.15625	0.09030248254908327	-0.000563883	0
372	Iter0373	4	6	8	3	0	0	0.25	0.1983805668016196	-4.75254e-08	0
373	Iter0374	6	2	4	1	0	0	0.75	1.0	-4.23579e-05	0
374	Iter0375	6	9	2	3	0	0	1.0	1.0	-0.0006431417377	0
375	Iter0376	6	8	4	3	0	0	0.5625	0.6594427244582052	-2.7744840000000003e-06	0
376	Iter0377	7	8	3	2	0	0	0.5833333333333334	1.0	-7.96096e-05	0
377	Iter0378	10	8	6	4	0	0	0.8333333333333334	1.0	-1.19046e-05	0
378	Iter0379	7	4	7	6	0	0	1.5	0.6968299905774671	-0.0012507849801	0
379	Iter0380	5	6	3	3	0	0	0.8333333333333334	1.0	-0.00124407771	0
380	Iter0381	14	6	4	4	0	0	2.333333333333333	0.400425661295224	-0.0008182056601000001	0
381	Iter0382	7	8	6	5	0	0	0.7291666666666667	1.0	-0.000109334114	0
382	Iter0383	5	8	5	0	0	0	0.1111111111111111	0.035947712418300595	-0.00015343673	0
383	Iter0384	9	4	5	7	0	0	3.15	0.23774397630905994	-0.000283326949742	0
384	Iter0385	4	6	3	0	0	0	0.17857142857142858	0.19230769230769307	-0.0004012213484105574	0
385	Iter0386	7	3	3	5	0	0	3.888888888888889	0.34156040038393154	-0.00061075655	0
386	Iter0387	8	11	7	4	0	0	0.4155844155844156	0.4497251374312888	-0.00118414788	0
387	Iter0388	6	4	5	0	0	0	0.2333333333333333	0.23076923076923034	-1.4622360233185997e-06	0
388	Iter0389	4	6	6	0	0	0	0.1020408163265306	0.033841158841158736	-1.02122e-05	0
389	Iter0390	5	7	3	1	0	0	0.2380952380952381	0.5692307692307679	-3.60052e-05	0
390	Iter0391	7	2	9	1	0	0	0.3888888888888889	0.5820433436532506	-0.0005955099	0
391	Iter0392	5	3	6	4	0	0	1.1111111111111112	1.0	-8.94599282e-06	0
392	Iter0393	9	4	3	1	0	0	0.75	1.0	-0.0010119876443200001	0
393	Iter0394	4	10	8	4	0	0	0.2	0.11314443397496285	-0.000206070143	0
394	Iter0395	11	4	1	3	0	0	8.25	0.11738906088751296	-0.0015605441914299998	0
395	Iter0396	7	7	6	3	0	0	0.5	0.6692690806299605	-0.00016132232500000001	0
396	Iter0397	7	6	8	2	0	0	0.2916666666666667	0.37878583927850296	-9.084020000511278e-05	0
397	Iter0398	6	6	4	1	0	0	0.25	0.3382352941176461	-9.29719e-09	0
398	Iter0399	4	10	4	1	0	0	0.1	0.11076711386308938	0.0	0
399	Iter0400	7	7	4	2	0	0	0.5	0.6424148606811164	-0.000150698	0
400	Iter0401	6	7	5	0	0	0	0.14583333333333334	0.1013071895424838	-1.13236e-08	0
401	Iter0402	4	5	4	5	0	0	1.0	1.0	-5.454577754e-07	0
402	Iter0403	10	9	0	3	0	0	4.4	0.22077922077922035	-0.000452455514	0
403	Iter0404	2	6	3	3	0	0	0.3333333333333333	0.5804195804195802	-2.8910000000000008e-06	0
404	Iter0405	6	11	4	4	0	0	0.5454545454545454	0.6668192219679687	-0.001281400863895	0
405	Iter0406	5	7	4	4	0	0	0.7142857142857143	1.0	-0.000347154	0
406	Iter0407	12	6	8	2	0	0	0.5	0.6692003648525341	-0.0001592850605	0
407	Iter0408	9	9	8	2	0	0	0.25	0.2264138607388039	-0.0002121411	0
408	Iter0409	1	3	12	8	0	0	0.2222222222222222	0.30020703933747594	0.0	0
409	Iter0410	8	6	7	3	0	0	0.5714285714285714	0.6784560506124687	-0.0002840711505730001	0
410	Iter0411	2	3	6	4	0	0	0.4444444444444444	0.6083916083916079	-3.99474e-06	0
411	Iter0412	4	6	3	2	0	0	0.4444444444444444	0.6083916083916072	-2.68489e-07	0
412	Iter0413	17	11	6	3	0	0	0.7727272727272727	1.0	-0.0006455846419971261	0
413	Iter0414	9	5	2	0	0	0	0.5555555555555556	1.0	-7.3611153e-05	0
414	Iter0415	7	10	7	5	0	0	0.5	0.4621373523764506	0.0	0
415	Iter0416	8	5	4	3	0	0	1.2000000000000002	1.0	-0.0004631735405	0
416	Iter0417	13	8	5	4	0	0	1.3	1.0	-0.00010871964	0
417	Iter0418	10	3	1	2	0	0	6.666666666666668	0.2142857142857131	-0.0003737710744727	0
418	Iter0419	6	4	5	6	0	0	1.7999999999999998	0.6699214098594903	-0.00029815058	0
419	Iter0420	6	5	6	1	0	0	0.2	0.3156108597285074	-0.000928382	0
420	Iter0421	9	9	5	2	0	0	0.4	0.4065217391304364	-2.7738283783e-05	0
421	Iter0422	4	3	10	6	0	0	0.7999999999999999	1.0	-6.154840000000001e-07	0
422	Iter0423	8	6	2	2	0	0	1.3333333333333333	1.0	-0.0009678666732786	0
423	Iter0424	8	7	4	4	0	0	1.1428571428571428	1.0	-0.000485477	0
424	Iter0425	7	2	2	4	0	0	7.0	0.13566433566433514	-0.00112660491108	0
425	Iter0426	3	2	3	2	0	0	1.0	1.0	0.0	0
426	Iter0427	8	8	7	3	0	0	0.42857142857142855	0.42786377708978574	-5.5875138820364766e-05	0
427	Iter0428	6	6	4	2	0	0	0.5	0.6380090497737558	-4.84035e-06	0
428	Iter0429	8	1	9	6	0	0	5.333333333333333	0.1907114624505936	-0.001249258329	0
429	Iter0430	1	5	8	1	0	0	0.025	0.010989010989010922	0.0	0
430	Iter0431	6	3	3	5	0	0	3.333333333333333	0.34693541752365226	-1.5881512139999997e-05	0
431	Iter0432	14	9	5	4	0	0	1.2444444444444445	1.0	-0.00015169901955	0
432	Iter0433	4	3	2	1	0	0	0.6666666666666666	1.0	-0.00015929509	0
433	Iter0434	8	5	4	5	0	0	2.0	0.6656346749225968	-0.0006455674629013712	0
434	Iter0435	2	5	4	3	0	0	0.30000000000000004	0.5920745920745918	0.0	0
435	Iter0436	5	7	13	2	0	0	0.10989010989010987	0.036918382913806634	-4.2129006790860005e-05	0
436	Iter0437	4	5	3	1	0	0	0.26666666666666666	0.5594405594405606	0.0	0
437	Iter0438	3	5	7	3	0	0	0.2571428571428571	0.34156040038393043	-7.17341e-07	0
438	Iter0439	5	4	3	2	0	0	0.8333333333333334	1.0	-0.000865939032	0
439	Iter0440	3	5	4	3	0	0	0.45	0.6192696192696191	-0.000182942	0
440	Iter0441	5	5	5	1	0	0	0.2	0.3069430569430568	-0.000640796000105945	0
441	Iter0442	4	3	3	4	0	0	1.7777777777777777	1.0	-0.000132978	0
442	Iter0443	4	7	4	5	0	0	0.7142857142857142	1.0	0.0	0
443	Iter0444	6	4	7	2	0	0	0.42857142857142855	0.6284829721362221	0.0	0
444	Iter0445	8	8	1	4	0	0	4.0	0.3383458646616533	-2.9127010000000003e-06	0
445	Iter0446	11	2	4	5	0	0	6.875	0.07430340557275524	-2.31827555e-05	0
446	Iter0447	9	6	4	1	0	0	0.375	0.6126160990712072	-0.00043727985311	0
447	Iter0448	5	3	4	6	0	0	2.5000000000000004	0.6371863430686967	-0.0006345828	0
448	Iter0449	6	4	10	3	0	0	0.45	0.650020191142819	-0.000357201	0
449	Iter0450	6	2	2	4	0	0	6.0	0.2773892773892775	-1.6223099999999997e-05	0
450	Iter0451	8	5	6	5	0	0	1.3333333333333337	1.0	0.0	0
451	Iter0452	6	6	11	7	0	0	0.6363636363636364	0.7106180744214399	-0.00012996058	0
452	Iter0453	12	8	3	1	0	0	0.5	1.0	-3.00915e-06	0
453	Iter0454	13	6	4	1	0	0	0.5416666666666666	1.0	-0.0012859381000940465	0
454	Iter0455	4	6	6	4	0	0	0.4444444444444444	0.6562817986966594	-9.8091e-05	0
455	Iter0456	6	2	3	4	0	0	4.0	0.3146853146853137	0.0	0
456	Iter0457	9	4	6	5	0	0	1.875	0.6751749899044311	-0.0005960624	0
457	Iter0458	4	9	4	4	0	0	0.4444444444444444	0.6458204334365296	-7.25062e-08	0
458	Iter0459	7	4	3	2	0	0	1.1666666666666667	1.0	-4.36697e-05	0
459	Iter0460	9	4	7	2	0	0	0.6428571428571429	1.0	-1.9110015e-05	0
460	Iter0461	10	1	6	3	0	0	5.0	0.28482972136223017	-0.0003101896	0
461	Iter0462	2	6	6	2	0	0	0.1111111111111111	0.13193473193473182	-0.000282594	0
462	Iter0463	3	6	5	3	0	0	0.3	0.3469354175236523	-4.00707e-05	0
463	Iter0464	8	5	1	2	0	0	3.2	0.5499999999999977	-0.000369297673684	0
464	Iter0465	9	2	9	3	0	0	1.5	1.0	-0.00020631752	0
465	Iter0466	6	5	3	4	0	0	1.6	1.0	0.0	0
466	Iter0467	7	4	5	5	0	0	1.75	0.6699214098594926	-4.79636e-06	0
467	Iter0468	6	4	6	2	0	0	0.5	0.6380090497737562	-0.00010377140000182513	0
468	Iter0469	10	7	7	2	0	0	0.4081632653061225	0.4177491158726889	-2.9570471e-07	0
469	Iter0470	10	6	5	3	0	0	1.0	1.0	-0.0008185024893	0
470	Iter0471	9	7	3	2	0	0	0.8571428571428572	1.0	-0.00122716717	0
471	Iter0472	7	4	3	3	0	0	1.75	0.6436651583710422	-0.000115413	0
472	Iter0473	5	9	3	2	0	0	0.3703703703703704	0.6026831785345732	-7.115370000000002e-07	0
473	Iter0474	5	8	4	1	0	0	0.15625	0.2941176470588233	-3.437050000576586e-05	0
474	Iter0475	14	12	3	0	0	0	0.28846153846153844	0.2463054187192132	-0.001673092640821	0
475	Iter0476	5	7	10	2	0	0	0.14285714285714285	0.08937945887737253	-8.418332112400001e-05	0
476	Iter0477	3	4	7	2	0	0	0.21428571428571427	0.30244755244755184	-6.60409e-05	0
477	Iter0478	6	7	9	1	0	0	0.09523809523809523	0.07430340557275512	-4.2104803999999995e-05	0
478	Iter0479	8	10	6	1	0	0	0.13333333333333333	0.09000000000000064	-0.0001897297569	0
479	Iter0480	8	5	8	1	0	0	0.2	0.33303847854931323	-0.00014875625406000003	0
480	Iter0481	6	8	6	3	0	0	0.375	0.4003230582850986	-1.024296e-08	0
481	Iter0482	5	8	7	3	0	0	0.26785714285714285	0.21375689864046188	-2.10424e-07	0
482	Iter0483	3	2	2	1	0	0	0.75	1.0	0.0	0
483	Iter0484	4	10	9	0	0	0	0.045454545454545456	0.0016030543692409306	-7.50192e-12	0
484	Iter0485	5	10	10	3	0	0	0.15	0.02964209329803605	0.0	0
485	Iter0486	2	6	2	1	0	0	0.16666666666666666	0.490909090909091	-5.820252e-06	0
486	Iter0487	5	7	5	5	0	0	0.7142857142857143	1.0	-4.5567047e-05	0
487	Iter0488	5	3	9	3	0	0	0.5555555555555556	0.6424148606811155	-1.29673e-05	0
488	Iter0489	5	7	3	5	0	0	1.1904761904761905	1.0	-0.00153284424286755	0
489	Iter0490	9	9	4	2	0	0	0.5	0.6493952271984296	-0.0014595967400000001	0
490	Iter0491	4	7	3	5	0	0	0.9523809523809524	1.0	-2.0166e-10	0
491	Iter0492	6	12	2	3	0	0	0.75	1.0	-1.2922832e-05	0
492	Iter0493	9	8	6	1	0	0	0.1875	0.1907114624505943	-1.206888e-05	0
493	Iter0494	1	2	2	1	0	0	0.25	1.0	0.0	0
494	Iter0495	4	5	9	4	0	0	0.3555555555555556	0.3842105263157864	-0.0005492919999999999	0
495	Iter0496	8	4	5	2	0	0	0.8	1.0	-0.000386738474519	0
496	Iter0497	9	4	4	5	0	0	2.8125	0.38421052631578745	-0.000816824984063	0
497	Iter0498	4	5	4	1	0	0	0.2	0.3006993006992999	-0.00010936597	0
498	Iter0499	5	5	2	1	0	0	0.5	1.0	-3.8182365e-05	0
499	Iter0500	7	2	4	3	0	0	2.625	0.5961538461538439	-0.000122168538	0
500	Iter0501	6	8	10	3	0	0	0.225	0.12011187388761888	-3.6339199999999996e-16	0
501	Iter0502	7	7	5	0	0	0	0.16666666666666666	0.10603715170278633	-0.00040210260000000004	0
502	Iter0503	9	3	3	2	0	0	2.0	0.6000323206205526	-0.000158776726	0
503	Iter0504	2	7	7	5	0	0	0.20408163265306126	0.184234341509883	-0.000434956	0
504	Iter0505	8	5	5	5	0	0	1.6	0.6850181720285324	-0.0010954203685964998	0
505	Iter0506	6	6	2	1	0	0	0.5	1.0	-0.0004868812	0
506	Iter0507	5	10	5	3	0	0	0.3	0.22129492529277067	-4.5418e-09	0
507	Iter0508	7	7	5	4	0	0	0.8	1.0	-3.6340934e-06	0
508	Iter0509	10	4	6	1	0	0	0.4166666666666667	0.6243550051599609	-0.00067128961	0
509	Iter0510	4	9	2	3	0	0	0.6666666666666666	1.0	-0.001228622	0
510	Iter0511	5	7	1	5	0	0	3.571428571428571	0.6000323206205553	-0.000203982	0
511	Iter0512	5	4	11	5	0	0	0.5681818181818181	0.6707389958271699	-0.000166923	0
512	Iter0513	7	9	6	6	0	0	0.7777777777777778	1.0	-0.00029180862	0
513	Iter0514	3	7	6	1	0	0	0.07142857142857142	0.04977375565610845	0.0	0
514	Iter0515	7	8	4	4	0	0	0.875	1.0	-5.639621e-06	0
515	Iter0516	5	5	6	4	0	0	0.6666666666666666	1.0	-2.929431e-05	0
516	Iter0517	10	5	13	0	0	0	0.13095238095238096	0.04365079365079373	-0.00012031422999999999	0
517	Iter0518	8	4	8	2	0	0	0.5	0.6461742591773529	-2.1051349e-06	0
518	Iter0519	5	8	6	0	0	0	0.09523809523809523	0.018059855521155757	-4.879289491e-05	0
519	Iter0520	6	6	5	6	0	0	1.2	1.0	-0.00022840101	0
520	Iter0521	8	4	3	4	0	0	2.6666666666666665	0.3765182186234807	-0.00025382435397799995	0
521	Iter0522	10	5	6	4	0	0	1.3333333333333333	1.0	-0.000862363453	0
522	Iter0523	4	4	5	5	0	0	1.0	1.0	-0.0001985902826	0
523	Iter0524	8	10	2	2	0	0	0.8	1.0	-0.0001019771173	0
524	Iter0525	7	7	3	3	0	0	1.0	1.0	-5.717489999999999e-07	0
525	Iter0526	7	2	2	1	0	0	1.75	1.0	-0.000160935284721	0
526	Iter0527	4	6	6	4	0	0	0.4444444444444444	0.6562817986966594	-7.9673e-06	0
527	Iter0528	6	9	5	1	0	0	0.13333333333333333	0.14860681114551136	-0.000117786678	0
528	Iter0529	6	7	8	3	0	0	0.32142857142857145	0.2396688652577737	-0.000317224047	0
529	Iter0530	5	1	8	3	0	0	1.875	1.0	0.0	0
530	Iter0531	9	3	14	8	0	0	1.7142857142857142	0.7049285530931926	-0.00011278000000000546	0
531	Iter0532	8	4	8	0	0	0	0.2	0.11661506707946405	-0.000252174728	0
532	Iter0533	5	8	4	0	0	0	0.13333333333333333	0.08235294117647013	-1.9491848099999998e-05	0
533	Iter0534	5	4	5	0	0	0	0.2	0.22077922077922	-0.000124880458	0
534	Iter0535	4	5	4	1	0	0	0.2	0.3006993006992999	-0.00021090699999999998	0
535	Iter0536	8	8	5	4	0	0	0.8	1.0	-0.0006518056	0
536	Iter0537	9	2	6	2	0	0	1.5	1.0	-1.141033e-08	0
537	Iter0538	2	0	2	5	0	0	6.0	0.16666666666666696	-0.000201566	0
538	Iter0539	7	5	6	4	0	0	0.9333333333333332	1.0	-0.00022353515	0
539	Iter0540	4	7	1	3	0	0	1.7142857142857142	1.0	-3.484523e-06	0
540	Iter0541	4	6	6	1	0	0	0.1111111111111111	0.13399835458658976	-4.578838e-05	0
541	Iter0542	4	5	10	2	0	0	0.16	0.15882352941176464	-0.00023902660000000003	0
542	Iter0543	8	5	10	2	0	0	0.32	0.3782608695652167	-0.000442407586	0
543	Iter0544	5	5	6	2	0	0	0.3333333333333333	0.3665158371040734	-0.00023425322050399998	0
544	Iter0545	7	5	8	3	0	0	0.525	0.6668461434917212	-5.867330000000001e-06	0
545	Iter0546	4	8	4	4	0	0	0.5	0.6479161705167885	-0.0002799499	0
546	Iter0547	4	7	10	1	0	0	0.057142857142857134	0.02373581011351909	-8.35593e-05	0
547	Iter0548	3	4	9	7	0	0	0.5833333333333333	0.6668461434917216	-0.0006019349799999999	0
548	Iter0549	6	9	1	4	0	0	2.6666666666666665	0.6126160990712072	-0.00070032352	0
549	Iter0550	5	5	4	6	0	0	1.5	1.0	-0.000563640853	0
550	Iter0551	6	9	3	0	0	0	0.175	0.20588235294117666	-9.44164e-09	0
551	Iter0552	6	2	6	3	0	0	1.5	1.0	-0.00037243555535000004	0
552	Iter0553	5	5	6	2	0	0	0.3333333333333333	0.3665158371040734	-5.471269257209999e-06	0
553	Iter0554	6	9	7	3	0	0	0.2857142857142857	0.2261946426167729	-3.3285001095000003e-05	0
554	Iter0555	8	6	5	2	0	0	0.5333333333333333	0.6556587547299609	-0.00047545780000000796	0
555	Iter0556	6	10	12	2	0	0	0.1	0.010610484231568537	-1.6978620000000002e-05	0
556	Iter0557	15	9	5	2	0	0	0.6666666666666667	1.0	-0.0006673475	0
557	Iter0558	5	5	8	1	0	0	0.125	0.14086687306501475	-0.0010333339035360001	0
558	Iter0559	4	8	4	1	0	0	0.125	0.13122171945701328	-6.333270499999999e-08	0
559	Iter0560	2	7	5	5	0	0	0.2857142857142857	0.3498452012383896	0.0	0
560	Iter0561	7	8	2	2	0	0	0.875	1.0	-0.0013790323700000001	0
561	Iter0562	11	7	11	5	0	0	0.7142857142857142	0.7288968419016413	-0.0003553804044	0
562	Iter0563	7	6	3	3	0	0	1.1666666666666667	1.0	-0.00056918960157	0
563	Iter0564	2	5	4	2	0	0	0.2	0.2861305361305377	-0.00053589012	0
564	Iter0565	10	8	5	2	0	0	0.5	0.6592469315581474	-0.0001576987	0
565	Iter0566	8	5	11	4	0	0	0.5818181818181819	0.6891304347826073	-0.0007312888559	0
566	Iter0567	9	5	4	5	0	0	2.25	0.41728361825279137	-0.00037576228993	0
567	Iter0568	4	6	4	2	0	0	0.3333333333333333	0.6083916083916083	-0.000289699811	0
568	Iter0569	6	5	9	3	0	0	0.4	0.4003230582850977	-1.1684319547299999e-06	0
569	Iter0570	4	4	6	3	0	0	0.5	0.6371863430686968	-7.17349e-05	0
570	Iter0571	8	10	1	0	0	0	0.4090909090909091	0.4736842105263162	-0.0008026301579999999	0
571	Iter0572	7	10	1	2	0	0	1.4	1.0	-1.6682877000000003e-05	0
572	Iter0573	5	4	13	2	0	0	0.19230769230769232	0.1501456209694193	-5.501887512e-05	0
573	Iter0574	6	5	6	1	0	0	0.2	0.3156108597285074	-4.83175798e-05	0
574	Iter0575	3	5	2	6	0	0	1.8	1.0	-3.33294e-07	0
575	Iter0576	5	1	7	0	0	0	0.375	0.4615384615384615	-0.0005592084048	0
576	Iter0577	4	11	6	3	0	0	0.18181818181818185	0.09180239601561513	-9.9880547492e-07	0
577	Iter0578	7	2	3	2	0	0	2.333333333333333	0.5804195804195791	-3.06973e-06	0
578	Iter0579	5	9	4	3	0	0	0.4166666666666667	0.3972136222910222	-3.78931474e-06	0
579	Iter0580	5	9	1	2	0	0	1.1111111111111112	1.0	-0.0001973980999	0
580	Iter0581	3	5	2	2	0	0	0.6	1.0	-5.420638e-06	0
581	Iter0582	7	8	6	4	0	0	0.5833333333333334	0.6881679903082514	-7.898063839999999e-06	0
582	Iter0583	6	5	6	4	0	0	0.7999999999999999	1.0	-2.05068486e-05	0
583	Iter0584	6	5	7	5	0	0	0.8571428571428572	1.0	-0.0003774165809	0
584	Iter0585	12	10	6	4	0	0	0.7999999999999999	1.0	-0.0001999101488	0
585	Iter0586	3	6	7	3	0	0	0.21428571428571427	0.1788954079975755	-8.19979e-08	0
586	Iter0587	3	7	4	3	0	0	0.32142857142857145	0.34995886466474746	-1.75312e-05	0
587	Iter0588	10	3	3	2	0	0	2.2222222222222223	0.5827497665732948	-0.00040146562210000003	0
588	Iter0589	4	9	3	1	0	0	0.14814814814814814	0.2499999999999995	-9.059604e-05	0
589	Iter0590	6	5	4	1	0	0	0.3	0.5879120879120874	-0.0005673588045878701	0
590	Iter0591	8	4	8	1	0	0	0.25	0.3383458646616536	-0.00019961282292204	0
591	Iter0592	7	3	2	2	0	0	2.333333333333333	0.5804195804195791	-3.58563e-05	0
592	Iter0593	8	8	7	4	0	0	0.5714285714285714	0.6959662583568977	-5.8463899999999994e-05	0
593	Iter0594	2	6	9	2	0	0	0.07407407407407407	0.02373581011351913	-2.2532062099999998e-05	0
594	Iter0595	8	7	4	4	0	0	1.1428571428571428	1.0	-8.489575386931304e-06	0
595	Iter0596	1	3	3	0	0	0	0.125	0.14285714285714274	0.0	0
596	Iter0597	6	4	2	1	0	0	0.75	1.0	-8.593493099999999e-05	0
597	Iter0598	7	7	7	1	0	0	0.14285714285714285	0.16732026143790876	-0.0007818513255	0
598	Iter0599	13	9	3	2	0	0	0.9629629629629628	1.0	-0.00030308226	0
599	Iter0600	0	4	5	1	0	0	0.06666666666666668	0.0476190476190476	0.0	0
600	Iter0601	11	7	4	2	0	0	0.7857142857142857	1.0	-1.7504950443e-06	0
601	Iter0602	4	11	6	3	0	0	0.18181818181818185	0.09180239601561513	-0.000163799	0
602	Iter0603	6	4	6	5	0	0	1.25	1.0	-0.00043632869759940005	0
603	Iter0604	5	7	5	6	0	0	0.8571428571428571	1.0	-0.0013905839999999998	0
604	Iter0605	9	8	8	2	0	0	0.28125	0.23045558560432994	-4.70428e-06	0
605	Iter0606	5	2	6	1	0	0	0.4166666666666667	1.0	-7.04372e-06	0
606	Iter0607	5	9	7	1	0	0	0.07936507936507937	0.03095975232198135	-2.19118e-07	0
607	Iter0608	8	6	4	7	0	0	2.333333333333333	0.4283079822317944	-0.00011136759999999998	0
608	Iter0609	7	3	5	1	0	0	0.4666666666666667	1.0	-2.39487367e-05	0
609	Iter0610	6	3	6	3	0	0	1.0	1.0	-0.0005668794114000001	0
610	Iter0611	3	6	4	3	0	0	0.375	0.6145104895104885	0.0	0
611	Iter0612	3	10	8	2	0	0	0.075	0.012278137799742284	-0.000264731	0
612	Iter0613	9	11	8	4	0	0	0.4090909090909091	0.2906595089552028	-6.3558673e-06	0
613	Iter0614	7	9	3	3	0	0	0.7777777777777778	1.0	-0.00035202891790000004	0
614	Iter0615	8	3	7	2	0	0	0.7619047619047619	1.0	-0.000404477767863	0
615	Iter0616	6	7	8	2	0	0	0.21428571428571427	0.19679633867276894	-2.5347223e-07	0
616	Iter0617	7	5	8	3	0	0	0.525	0.6668461434917212	-0.00013147228999999997	0
617	Iter0618	4	3	8	2	0	0	0.3333333333333333	0.5927601809954732	-0.00021599133720000006	0
618	Iter0619	6	10	8	7	0	0	0.525	0.4794877603643069	-6.445877750000001e-06	0
619	Iter0620	7	2	6	1	0	0	0.5833333333333334	1.0	-0.000131185598061	0
620	Iter0621	10	5	6	3	0	0	1.0	1.0	-0.000794420161	0
621	Iter0622	5	12	5	1	0	0	0.08333333333333334	0.051531992035424364	-1.189714e-07	0
622	Iter0623	7	5	4	5	0	0	1.7499999999999998	0.6699214098594881	-0.0006130937700000001	0
623	Iter0624	5	7	4	3	0	0	0.5357142857142858	0.6499166468206719	-4.89935e-05	0
624	Iter0625	7	6	8	2	0	0	0.2916666666666667	0.37878583927850296	-0.00040816369	0
625	Iter0626	3	10	5	3	0	0	0.18	0.1637426900584792	-0.0005600283	0
626	Iter0627	9	6	2	1	0	0	0.75	1.0	-0.0003751911	0
627	Iter0628	7	6	2	1	0	0	0.5833333333333334	1.0	-0.00034008804999999996	0
628	Iter0629	10	6	8	3	0	0	0.6250000000000001	0.6924485125858217	-0.000724305	0
629	Iter0630	2	10	2	1	0	0	0.1	0.15384615384615294	-2.95369e-08	0
630	Iter0631	7	9	6	4	0	0	0.5185185185185185	0.6881679903082522	-0.00048594159	0
631	Iter0632	4	4	13	2	0	0	0.15384615384615385	0.13098952915886578	-2.363e-05	0
632	Iter0633	6	6	4	2	0	0	0.5	0.6380090497737558	-2.61336e-05	0
633	Iter0634	9	7	2	3	0	0	1.9285714285714288	0.6351172047766491	-0.00020130086000000002	0
634	Iter0635	5	6	9	4	0	0	0.3703703703703704	0.40809664827029213	-0.000119279	0
635	Iter0636	6	11	2	1	0	0	0.2727272727272727	0.5368421052631582	-0.001486745	0
636	Iter0637	6	3	10	4	0	0	0.8	1.0	-0.00095055248894	0
637	Iter0638	6	9	5	5	0	0	0.6666666666666666	0.6968299905774717	-0.00040010363000000005	0
638	Iter0639	4	5	6	3	0	0	0.4	0.6371863430686978	-0.0006041543850000001	0
639	Iter0640	5	3	7	4	0	0	0.9523809523809524	1.0	-8.35159e-05	0
640	Iter0641	7	1	10	3	0	0	2.1	1.0	-0.00032164709999999997	0
641	Iter0642	8	7	6	1	0	0	0.19047619047619047	0.19321699971854756	-0.00011511989	0
642	Iter0643	7	6	1	4	0	0	4.666666666666667	0.3137254901960788	-8.00772e-05	0
643	Iter0644	7	6	5	4	0	0	0.9333333333333332	1.0	-1.79214114e-05	0
644	Iter0645	10	4	5	2	0	0	1.0	1.0	-0.0004375073553	0
645	Iter0646	2	4	3	5	0	0	0.8333333333333334	1.0	-0.000109253	0
646	Iter0647	9	5	6	6	0	0	1.8	0.6921658365863537	-0.0003159450000013289	0
647	Iter0648	6	5	4	1	0	0	0.3	0.5879120879120874	-3.66083e-09	0
648	Iter0649	4	2	7	1	0	0	0.2857142857142857	0.5384615384615387	0.0	0
649	Iter0650	12	5	6	4	0	0	1.6	0.6831287705429663	-0.00100069590153497	0
650	Iter0651	7	8	6	3	0	0	0.4375	0.4225333153856515	-0.0005421386283	0
651	Iter0652	2	7	3	3	0	0	0.2857142857142857	0.3286713286713286	-3.20468e-08	0
652	Iter0653	6	6	6	3	0	0	0.5	0.6604905929983331	-0.00026873483	0
653	Iter0654	6	5	5	2	0	0	0.48	0.6370663650075437	-5.1980275900000004e-05	0
654	Iter0655	5	8	2	5	0	0	1.5625	1.0	-0.0002958169	0
655	Iter0656	4	8	5	5	0	0	0.5	0.6656346749225963	-0.00029150389999999996	0
656	Iter0657	10	8	7	1	0	0	0.17857142857142858	0.19015026163767634	-0.0002470307438	0
657	Iter0658	9	5	5	4	0	0	1.44	1.0	-4.6353297970884994e-05	0
658	Iter0659	8	6	5	4	0	0	1.0666666666666669	1.0	-0.0009253508795	0
659	Iter0660	9	7	6	3	0	0	0.6428571428571429	0.69131780858797	-3.4815388999999995e-05	0
660	Iter0661	5	3	2	4	0	0	3.333333333333333	0.5920745920745929	-3.4876014000000004e-07	0
661	Iter0662	4	5	6	2	0	0	0.26666666666666666	0.3348416289592753	0.0	0
662	Iter0663	8	3	8	2	0	0	0.6666666666666666	1.0	-1.194526824738e-05	0
663	Iter0664	4	4	10	5	0	0	0.5	0.6570197873199661	-1.3434e-10	0
664	Iter0665	4	2	7	5	0	0	1.4285714285714286	1.0	-0.0007000000000000001	0
665	Iter0666	7	8	6	3	0	0	0.4375	0.4225333153856515	-0.00014235176	0
666	Iter0667	7	8	2	1	0	0	0.4375	1.0	-7.28439e-08	0
667	Iter0668	3	7	4	0	0	0	0.1	0.06993006993007002	0.0	0
668	Iter0669	8	7	5	4	0	0	0.9142857142857144	1.0	-0.0003712676289	0
669	Iter0670	4	5	3	0	0	0	0.20833333333333331	0.2045454545454545	-4.6797299999999986e-05	0
670	Iter0671	8	4	7	1	0	0	0.2857142857142857	0.6026831785345728	-0.000602719227	0
671	Iter0672	9	3	4	0	0	0	0.5	0.5285714285714247	-0.0005451508800000001	0
672	Iter0673	9	3	3	3	0	0	3.0	0.3440530058177112	-2.1543066800000004e-05	0
673	Iter0674	6	8	6	6	0	0	0.75	1.0	-6.366550399999999e-07	0
674	Iter0675	3	4	7	0	0	0	0.1	0.0699300699300699	-1.11772287e-06	0
675	Iter0676	8	1	4	6	0	0	12.0	0.057275541795665526	-4.93396e-05	0
676	Iter0677	5	7	3	1	0	0	0.2380952380952381	0.5692307692307679	0.0	0
677	Iter0678	4	5	10	2	0	0	0.16	0.15882352941176464	-0.000591268	0
678	Iter0679	4	5	3	4	0	0	1.0666666666666669	1.0	-0.0003348019489	0
679	Iter0680	7	6	7	3	0	0	0.5	0.6692690806299653	-0.00055945802	0
680	Iter0681	6	7	9	4	0	0	0.3809523809523809	0.4283079822317955	-0.0006940307	0
681	Iter0682	8	4	7	1	0	0	0.2857142857142857	0.6026831785345728	-0.000344539686	0
682	Iter0683	5	2	6	1	0	0	0.4166666666666667	1.0	0.0	0
683	Iter0684	6	5	5	3	0	0	0.72	1.0	-1.5564429999999998e-05	0
684	Iter0685	8	5	1	0	0	0	0.75	1.0	-0.00091638821	0
685	Iter0686	6	8	4	3	0	0	0.5625	0.6594427244582052	-7.184033e-05	0
686	Iter0687	5	7	6	1	0	0	0.11904761904761905	0.14729697547034978	-0.00060379787	0
687	Iter0688	5	4	6	6	0	0	1.25	1.0	-3.4360993548000004e-07	0
688	Iter0689	9	5	4	3	0	0	1.35	1.0	-0.0006831944189999999	0
689	Iter0690	3	5	3	1	0	0	0.2	0.5454545454545472	-1.0682462251999999e-05	0
690	Iter0691	2	3	5	5	0	0	0.6666666666666666	1.0	-4.71096e-05	0
691	Iter0692	5	6	1	3	0	0	2.5000000000000004	0.6043956043956045	-0.0005346166	0
692	Iter0693	9	7	3	4	0	0	1.7142857142857144	0.6668461434917219	-0.0003462318629999999	0
693	Iter0694	5	9	10	0	0	0	0.054545454545454536	0.002020643913900089	-0.00068197	0
694	Iter0695	2	6	8	1	0	0	0.04166666666666666	0.01522007404360345	-0.000677415	0
695	Iter0696	10	5	2	2	0	0	2.0	0.6026831785345711	-4.411354400000001e-08	0
696	Iter0697	1	7	5	2	0	0	0.057142857142857134	0.04055944055944052	-3.72386e-10	0
697	Iter0698	2	1	4	2	0	0	1.0	1.0	0.0	0
698	Iter0699	4	8	13	0	0	0	0.03968253968253969	0.0004576659038901615	-6.05950983e-06	0
699	Iter0700	4	4	5	3	0	0	0.6	1.0	-8.63931e-05	0
700	Iter0701	8	6	4	3	0	0	1.0	1.0	-0.000461231934	0
701	Iter0702	5	6	5	0	0	0	0.14285714285714285	0.0934065934065932	-0.00010258749999999999	0
702	Iter0703	11	2	5	1	0	0	1.1	1.0	-0.000552085295	0
703	Iter0704	1	4	3	0	0	0	0.1	0.14285714285714265	-1.8011000000000004e-06	0
704	Iter0705	8	6	5	3	0	0	0.7999999999999999	1.0	-0.00012879857	0
705	Iter0706	9	2	6	2	0	0	1.5	1.0	-0.0010953251415	0
706	Iter0707	8	5	4	1	0	0	0.4	0.6148459383753492	-2.9701509999999997e-05	0
707	Iter0708	2	4	8	3	0	0	0.1875	0.16176470588235325	-2.73231e-05	0
708	Iter0709	8	7	5	4	0	0	0.9142857142857144	1.0	-0.0004718822600000001	0
709	Iter0710	5	11	9	3	0	0	0.15151515151515152	0.05423789653161033	-0.000226858	0
710	Iter0711	7	6	6	4	0	0	0.7777777777777778	1.0	-0.00026869336	0
711	Iter0712	6	3	5	3	0	0	1.2	1.0	-0.000178763	0
712	Iter0713	6	6	6	5	0	0	0.8333333333333334	1.0	-1.15935e-06	0
713	Iter0714	3	8	3	1	0	0	0.125	0.2351648351648349	-0.0004909316	0
714	Iter0715	2	6	5	3	0	0	0.2	0.3146853146853145	0.0	0
715	Iter0716	7	5	11	4	0	0	0.509090909090909	0.4479023646071729	-0.000385823	0
716	Iter0717	10	7	6	1	0	0	0.2380952380952381	0.3521484871599307	-2.2959974e-05	0
717	Iter0718	2	5	5	2	0	0	0.16	0.28613053613053563	-3.15418e-07	0
718	Iter0719	10	3	5	5	0	0	3.333333333333333	0.2212949252927716	-0.0001836068	0
719	Iter0720	7	7	9	3	0	0	0.3333333333333333	0.24751648943330246	-0.000395902	0
720	Iter0721	6	3	1	2	0	0	4.0	0.5227272727272733	-0.0001163586	0
721	Iter0722	4	5	6	3	0	0	0.4	0.6371863430686978	-6.7233500000000015e-06	0
722	Iter0723	3	9	7	3	0	0	0.14285714285714285	0.0835573095635011	-7.65298e-07	0
723	Iter0724	8	10	3	5	0	0	1.3333333333333337	1.0	-0.000255447439562118	0
724	Iter0725	2	6	10	2	0	0	0.06666666666666668	0.01936969119631653	-0.00022733658	0
725	Iter0726	6	7	2	5	0	0	2.142857142857143	0.6424148606811125	0.0	0
726	Iter0727	6	4	9	3	0	0	0.5	0.6517027863777083	-0.0012763619113	0
727	Iter0728	8	3	3	3	0	0	2.6666666666666665	0.6000323206205558	-0.0003328412213319	0
728	Iter0729	9	7	8	1	0	0	0.16071428571428573	0.1821926357395473	0.0	0
729	Iter0730	11	6	2	1	0	0	0.9166666666666666	1.0	-8.024979660747e-05	0
730	Iter0731	6	7	4	5	0	0	1.0714285714285714	1.0	-0.000145932351694	0
731	Iter0732	8	3	6	1	0	0	0.4444444444444444	1.0	-0.000961611384	0
732	Iter0733	9	7	5	2	0	0	0.5142857142857143	0.6570197873199671	-0.0007886530300002047	0
733	Iter0734	8	5	5	0	0	0	0.25	0.248949579831932	-0.000188133	0
734	Iter0735	2	5	2	3	0	0	0.6000000000000001	1.0	-0.00010431	0
735	Iter0736	1	7	8	2	0	0	0.03571428571428571	0.015220074043603487	0.0	0
736	Iter0737	5	10	3	3	0	0	0.5	0.6310629514963877	-0.0005163619	0
737	Iter0738	3	5	5	5	0	0	0.6	0.6640614287673139	-5.40292e-08	0
738	Iter0739	7	4	4	1	0	0	0.4375	1.0	-6.0020342e-05	0
739	Iter0740	3	8	9	2	0	0	0.08333333333333333	0.029973122852379838	-0.000875439	0
740	Iter0741	6	7	5	5	0	0	0.8571428571428571	1.0	-0.0007085418550000001	0
741	Iter0742	5	7	0	0	0	0	0.75	1.0	-0.0011572458	0
742	Iter0743	5	6	5	3	0	0	0.5	0.6499166468206747	-3.534573999999999e-05	0
743	Iter0744	6	4	4	4	0	0	1.5	1.0	-2.87692e-07	0
744	Iter0745	8	3	12	0	0	0	0.17307692307692307	0.0931677018633539	-7.24516861e-05	0
745	Iter0746	12	13	7	3	0	0	0.3956043956043956	0.2852664576802543	-0.0007722775	0
746	Iter0747	8	5	5	1	0	0	0.32	0.6047103051747003	-1.36843411071e-05	0
747	Iter0748	10	9	6	2	0	0	0.3703703703703704	0.4048309178744017	-4.46700369509653e-05	0
748	Iter0749	8	10	5	3	0	0	0.48	0.6727688787185335	-1.9035188900000004e-06	0
749	Iter0750	2	6	5	3	0	0	0.2	0.3146853146853145	-3.377220104956e-06	0
750	Iter0751	5	12	5	0	0	0	0.07692307692307693	0.009569377990430658	-0.0002289780253054	0
751	Iter0752	2	4	6	5	0	0	0.4166666666666667	0.6199095022624437	-1.51605e-05	0
752	Iter0753	7	9	3	3	0	0	0.7777777777777778	1.0	-4.041543015e-05	0
753	Iter0754	7	1	8	4	0	0	3.5	0.6026831785345723	-0.00013790007019	0
754	Iter0755	7	4	5	1	0	0	0.35	0.6000323206205543	-4.7371943800000003e-05	0
755	Iter0756	6	5	8	8	0	0	1.2	1.0	0.0	0
756	Iter0757	5	6	9	0	0	0	0.08571428571428573	0.014086687306501585	-5.37919104749e-05	0
757	Iter0758	7	4	7	4	0	0	1.0	1.0	-0.00055579439	0
758	Iter0759	6	2	7	6	0	0	2.5714285714285707	0.39986240110079024	-4.89126e-05	0
759	Iter0760	3	11	4	1	0	0	0.06818181818181818	0.03792569659442722	-4.95215e-05	0
760	Iter0761	6	8	7	0	0	0	0.09722222222222222	0.017956656346749204	-7.206017e-05	0
761	Iter0762	4	6	1	2	0	0	1.3333333333333333	1.0	-4.08514e-07	0
762	Iter0763	5	1	10	5	0	0	2.5	0.6226780185758529	-0.0003594146	0
763	Iter0764	9	4	6	3	0	0	1.125	1.0	-8.5368255e-05	0
764	Iter0765	7	13	6	2	0	0	0.1794871794871795	0.09565217391304334	-0.0008564133218	0
765	Iter0766	8	2	4	1	0	0	1.0	1.0	-4.40511e-05	0
766	Iter0767	5	7	5	1	0	0	0.14285714285714285	0.15158371040724014	-3.4679930964999998e-06	0
767	Iter0768	7	2	7	4	0	0	2.0	0.6424148606811142	-0.00016481700000000002	0
768	Iter0769	6	4	5	1	0	0	0.3	0.5879120879120863	-0.0007418380000000001	0
769	Iter0770	10	2	5	4	0	0	4.0	0.3310482087571873	-0.0006289881338	0
770	Iter0771	12	8	3	2	0	0	1.0	1.0	-0.001051019721066892	0
771	Iter0772	5	5	2	3	0	0	1.5	1.0	-2.46238e-07	0
772	Iter0773	7	4	9	7	0	0	1.3611111111111107	1.0	-0.0001246	0
773	Iter0774	6	4	6	2	0	0	0.5	0.6380090497737562	-7.0106228183e-05	0
774	Iter0775	5	5	5	2	0	0	0.4	0.6220691073632253	-1.575384e-05	0
775	Iter0776	5	11	7	5	0	0	0.3246753246753247	0.24953303976052585	-2.4537099999999998e-06	0
776	Iter0777	8	11	6	3	0	0	0.3636363636363637	0.419710144927536	-1.613897e-05	0
777	Iter0778	6	5	4	3	0	0	0.9	1.0	-3.5663400000000205e-05	0
778	Iter0779	6	3	5	3	0	0	1.2	1.0	-2.0839899999999995e-09	0
779	Iter0780	6	4	6	0	0	0	0.2	0.23351648351648266	-0.0001086947441	0
780	Iter0781	11	5	6	1	0	0	0.3666666666666667	0.6213854795090501	-0.000554489573	0
781	Iter0782	10	7	5	2	0	0	0.5714285714285714	0.6687122945704231	-0.00060727966933	0
782	Iter0783	9	9	4	2	0	0	0.5	0.6493952271984296	-0.00021304879	0
783	Iter0784	6	5	5	2	0	0	0.48	0.6370663650075437	-3.6101978e-05	0
784	Iter0785	7	7	5	3	0	0	0.6	0.6749226006191936	-0.00019923220199999998	0
785	Iter0786	7	3	3	3	0	0	2.333333333333333	0.6066433566433559	-0.0001422040813121	0
786	Iter0787	8	5	5	2	0	0	0.64	1.0	-1.965295e-05	0
787	Iter0788	4	5	6	1	0	0	0.13333333333333333	0.14510489510489427	-9.8148915e-05	0
788	Iter0789	9	10	1	3	0	0	2.7	0.6036137775268199	-0.0005301730275	0
789	Iter0790	7	5	7	1	0	0	0.2	0.32456140350877233	-0.00014581192000000001	0
790	Iter0791	3	2	6	1	0	0	0.25	0.5227272727272729	-8.54316e-08	0
791	Iter0792	9	5	7	4	0	0	1.0285714285714287	1.0	-0.00042330864720000003	0
792	Iter0793	5	7	5	5	0	0	0.7142857142857143	1.0	-2.078985e-05	0
793	Iter0794	6	7	3	1	0	0	0.2857142857142857	0.5764705882352927	-0.000571595882876763	0
794	Iter0795	8	5	7	7	0	0	1.6	0.7035671018979748	-0.0007684223	0
795	Iter0796	10	7	8	4	0	0	0.7142857142857143	0.716689023909104	-5.140632e-05	0
796	Iter0797	12	4	5	6	0	0	3.6	0.22379862700229125	-0.00035375467	0
797	Iter0798	5	7	2	2	0	0	0.7142857142857143	1.0	-0.0001465073899	0
798	Iter0799	7	10	12	5	0	0	0.2916666666666667	0.16632006577356925	-6.749446464000002e-05	0
799	Iter0800	4	3	1	3	0	0	4.0	0.5454545454545457	-0.00010731005200000001	0
800	Iter0801	8	5	1	1	0	0	1.6	1.0	-0.00014930997	0
801	Iter0802	4	4	3	4	0	0	1.3333333333333333	1.0	-0.0006492043999999999	0
802	Iter0803	4	4	5	2	0	0	0.4	0.6083916083916073	-0.000288513	0
803	Iter0804	10	13	2	2	0	0	0.7692307692307693	1.0	-0.0005058888	0
804	Iter0805	4	5	5	3	0	0	0.48	0.6371863430686948	-0.00053593470365	0
805	Iter0806	3	10	5	4	0	0	0.24	0.1869969040247669	-1.88832e-05	0
806	Iter0807	6	7	10	1	0	0	0.08571428571428573	0.033472427872750954	-0.0003261959901219	0
807	Iter0808	4	6	2	3	0	0	1.0	1.0	-0.00027247990000000004	0
808	Iter0809	7	2	6	1	0	0	0.5833333333333334	1.0	-0.0007457930799999999	0
809	Iter0810	4	7	4	3	0	0	0.42857142857142855	0.6304675716440449	-9.53841e-08	0
810	Iter0811	11	9	2	1	0	0	0.6111111111111112	1.0	-8.070232266000002e-05	0
811	Iter0812	5	6	4	3	0	0	0.6250000000000001	1.0	-0.000229036	0
812	Iter0813	5	7	8	6	0	0	0.5357142857142858	0.6950975905236227	0.0	0
813	Iter0814	5	8	8	1	0	0	0.078125	0.030605926581158623	-0.00023576502793999998	0
814	Iter0815	7	4	8	3	0	0	0.65625	1.0	-6.220566000000001e-07	0
815	Iter0816	4	10	6	5	0	0	0.33333333333333337	0.24063130973213304	0.0	0
816	Iter0817	4	4	6	3	0	0	0.5	0.6371863430686968	-0.0001223041	0
817	Iter0818	6	5	2	0	0	0	0.3888888888888889	0.4871794871794877	-7.754877e-05	0
818	Iter0819	7	5	6	2	0	0	0.4666666666666666	0.6424148606811138	-9.996960405614101e-05	0
819	Iter0820	7	6	8	3	0	0	0.4375000000000001	0.4225333153856522	-7.787031200000671e-05	0
820	Iter0821	8	4	3	0	0	0	0.45	0.516483516483514	-5.90535107e-05	0
821	Iter0822	4	8	6	2	0	0	0.16666666666666666	0.16980233388902088	-1.8373808e-05	0
822	Iter0823	4	6	3	4	0	0	0.8888888888888888	1.0	-0.00046703	0
823	Iter0824	10	4	4	0	0	0	0.4400000000000001	0.524183006535951	-0.0007200132	0
824	Iter0825	6	11	10	2	0	0	0.10909090909090907	0.021566409777567592	-4.43225457e-05	0
825	Iter0826	6	5	5	2	0	0	0.48	0.6370663650075437	-3.7320775e-05	0
826	Iter0827	1	5	4	1	0	0	0.05	0.08008658008658008	0.0	0
827	Iter0828	8	4	6	4	0	0	1.3333333333333333	1.0	-1.1190970404925e-05	0
828	Iter0829	8	9	7	2	0	0	0.25396825396825395	0.21670480549199214	-0.0007399582905909459	0
829	Iter0830	7	5	2	2	0	0	1.4	1.0	-8.618869999999999e-08	0
830	Iter0831	1	3	11	7	0	0	0.21212121212121213	0.2932330827067657	0.0	0
831	Iter0832	5	7	3	2	0	0	0.4761904761904762	0.6199095022624422	-0.000547398	0
832	Iter0833	4	8	2	7	0	0	1.75	0.6594427244582046	-0.0008914899999999999	0
833	Iter0834	9	11	5	0	0	0	0.1388888888888889	0.04637681159420328	-0.00010023169999999999	0
834	Iter0835	7	4	3	4	0	0	2.333333333333333	0.6304675716440438	-0.00011201372500000002	0
835	Iter0836	6	7	6	2	0	0	0.2857142857142857	0.3665634674922597	-0.00037148	0
836	Iter0837	8	4	7	1	0	0	0.2857142857142857	0.6026831785345728	-0.000708523853	0
837	Iter0838	6	8	0	1	0	0	1.5555555555555556	1.0	-0.00029815376	0
838	Iter0839	5	3	7	2	0	0	0.4761904761904762	0.6199095022624421	-4.89346e-06	0
839	Iter0840	3	4	6	3	0	0	0.375	0.6145104895104878	-8.12213e-09	0
840	Iter0841	5	1	3	2	0	0	3.333333333333333	0.5454545454545453	-0.0002250666	0
841	Iter0842	6	7	9	2	0	0	0.19047619047619047	0.1049266388477593	-0.000181897299	0
842	Iter0843	4	2	3	1	0	0	0.6666666666666666	1.0	-0.000117577	0
843	Iter0844	8	6	6	4	0	0	0.8888888888888888	1.0	-1.4269e-07	0
844	Iter0845	3	6	10	2	0	0	0.1	0.03184431667403787	-0.00029831964182800005	0
845	Iter0846	3	5	3	4	0	0	0.7999999999999999	1.0	-2.4732163940000006e-05	0
846	Iter0847	9	10	5	2	0	0	0.36	0.3913043478260896	-7.467872576000001e-05	0
847	Iter0848	6	5	5	2	0	0	0.48	0.6370663650075437	-8.116182399999999e-05	0
848	Iter0849	8	6	6	6	0	0	1.3333333333333333	1.0	-0.000546623	0
849	Iter0850	9	4	2	4	0	0	4.5	0.31888544891640835	-1.7709819e-05	0
850	Iter0851	6	4	8	6	0	0	1.125	1.0	-0.00061300053	0
851	Iter0852	4	10	5	0	0	0	0.07575757575757576	0.010835913312693509	-3.5108199999999994e-07	0
852	Iter0853	8	5	5	2	0	0	0.64	1.0	-1.0414465783e-05	0
853	Iter0854	8	3	4	2	0	0	1.3333333333333333	1.0	-3.210805217e-05	0
854	Iter0855	6	6	5	3	0	0	0.6	0.6699214098594914	-0.000190733700187	0
855	Iter0856	4	2	5	0	0	0	0.2777777777777778	0.454545454545454	-1.89314e-05	0
856	Iter0857	9	3	11	4	0	0	1.0909090909090908	1.0	-0.0008084973002712709	0
857	Iter0858	12	6	6	1	0	0	0.3333333333333333	0.625695860203869	-0.0017940638454383999	0
858	Iter0859	13	5	6	1	0	0	0.43333333333333335	0.6371541501976287	-0.0008957263559989999	0
859	Iter0860	2	3	6	2	0	0	0.2222222222222222	0.2929292929292933	-0.00015659543	0
860	Iter0861	8	6	6	2	0	0	0.4444444444444444	0.649398004815961	-0.00018784265	0
861	Iter0862	1	3	3	4	0	0	0.4444444444444444	1.0	0.0	0
862	Iter0863	6	4	4	2	0	0	0.75	1.0	-0.00015209529999999998	0
863	Iter0864	9	12	8	1	0	0	0.09375	0.0416791604197901	-0.001014186929716	0
864	Iter0865	5	4	8	0	0	0	0.13333333333333333	0.08235294117647017	0.0	0
865	Iter0866	7	7	7	3	0	0	0.42857142857142855	0.4212208911024378	-3.56323007e-05	0
866	Iter0867	3	3	8	3	0	0	0.375	0.6000323206205559	-0.0005142684	0
867	Iter0868	4	8	6	4	0	0	0.3333333333333333	0.3912836389616556	0.0	0
868	Iter0869	7	11	4	5	0	0	0.7954545454545454	1.0	-0.0008972754860000002	0
869	Iter0870	5	5	5	5	0	0	1.0	1.0	-0.000678860318407	0
870	Iter0871	4	3	7	6	0	0	1.1428571428571428	1.0	-0.00152751	0
871	Iter0872	10	3	6	1	0	0	0.5555555555555556	1.0	-0.00097746	0
872	Iter0873	11	5	2	3	0	0	3.3000000000000003	0.3253722541648241	-0.0012763415349999999	0
873	Iter0874	4	10	4	3	0	0	0.30000000000000004	0.3457516339869281	-5.5006889900000005e-05	0
874	Iter0875	4	8	2	1	0	0	0.25	0.5252747252747227	-0.000198979	0
875	Iter0876	5	4	11	2	0	0	0.2272727272727273	0.17779743476337825	-0.0005360237000000001	0
876	Iter0877	4	8	0	6	0	0	3.888888888888889	0.2450980392156871	-2.62591e-05	0
877	Iter0878	8	5	8	5	0	0	1.0	1.0	-2.5028307e-05	0
878	Iter0879	5	3	0	4	0	0	7.5	0.08080808080808108	-6.97266e-09	0
879	Iter0880	4	7	3	2	0	0	0.3809523809523809	0.5961538461538446	-1.38581e-08	0
880	Iter0881	8	5	9	5	0	0	0.8888888888888891	1.0	-0.0001087695336628	0
881	Iter0882	6	7	4	4	0	0	0.8571428571428571	1.0	-1.237300107851e-09	0
882	Iter0883	11	5	3	5	0	0	3.666666666666667	0.203795934849914	-1.0456992048021718e-05	0
883	Iter0884	6	6	5	6	0	0	1.2	1.0	-0.0001705796515	0
884	Iter0885	9	5	5	0	0	0	0.2777777777777778	0.2565359477124198	-3.83645355e-05	0
885	Iter0886	4	2	7	1	0	0	0.2857142857142857	0.5384615384615387	-6.79337e-05	0
886	Iter0887	3	4	5	3	0	0	0.45	0.6192696192696198	0.0	0
887	Iter0888	3	6	4	2	0	0	0.25	0.3146853146853142	-0.0001011344	0
888	Iter0889	2	3	4	1	0	0	0.16666666666666666	0.5238095238095237	0.0	0
889	Iter0890	7	2	8	0	0	0	0.2962962962962963	0.4705882352941165	-0.000160758	0
890	Iter0891	11	8	4	1	0	0	0.34375	0.6146245059288584	-3.81737e-05	0
891	Iter0892	8	5	6	2	0	0	0.5333333333333333	0.6556587547299639	-4.80867774e-05	0
892	Iter0893	6	4	3	2	0	0	1.0	1.0	-0.00048398249000000004	0
893	Iter0894	4	4	4	1	0	0	0.25	0.5648795648795664	-7.7226394e-05	0
894	Iter0895	3	6	6	4	0	0	0.3333333333333333	0.3698499642772087	-2.22819e-05	0
895	Iter0896	7	9	2	1	0	0	0.3888888888888889	0.582043343653252	-0.00047293529000000005	0
896	Iter0897	5	5	3	6	0	0	2.0	0.6499166468206713	-7.24255093e-07	0
897	Iter0898	8	7	3	1	0	0	0.3809523809523809	0.602683178534573	-2.786641024e-05	0
898	Iter0899	4	1	2	4	0	0	8.0	0.2424242424242419	-2.14246e-06	0
899	Iter0900	7	6	2	0	0	0	0.3809523809523809	0.4857142857142842	-0.00031860959000000005	0
900	Iter0901	4	7	9	1	0	0	0.06349206349206349	0.023735810113519062	-5.4109e-06	0
901	Iter0902	10	4	9	1	0	0	0.2777777777777778	0.3577075098814235	-5.820947378e-05	0
902	Iter0903	5	9	10	1	0	0	0.05555555555555556	0.011875757167855758	-2.156192550128e-05	0
903	Iter0904	4	4	8	2	0	0	0.25	0.3212669683257927	-1.2885299999999998e-06	0
904	Iter0905	2	4	5	5	0	0	0.5	0.6328671328671316	-4.0295800000000015e-06	0
905	Iter0906	6	8	6	3	0	0	0.375	0.4003230582850986	-0.00010718952	0
906	Iter0907	7	7	5	3	0	0	0.6	0.6749226006191936	-0.0001928319	0
907	Iter0908	13	6	3	1	0	0	0.7222222222222222	1.0	-0.0002542473903	0
908	Iter0909	4	6	9	0	0	0	0.07142857142857142	0.010835913312693443	-0.0001224880954755	0
909	Iter0910	7	4	4	2	0	0	0.875	1.0	-0.0002186805	0
910	Iter0911	7	5	7	2	0	0	0.4	0.6424148606811168	-0.00021274981	0
911	Iter0912	7	7	6	2	0	0	0.3333333333333333	0.3801857585139316	-0.0005329381	0
912	Iter0913	7	6	3	6	0	0	2.333333333333333	0.4148606811145489	-1.37899215e-05	0
913	Iter0914	6	10	3	7	0	0	1.4	1.0	-1.34208e-11	0
914	Iter0915	8	4	8	4	0	0	1.0	1.0	-0.000143396263	0
915	Iter0916	10	6	6	4	0	0	1.1111111111111112	1.0	-5.1755742e-05	0
916	Iter0917	2	5	2	0	0	0	0.16666666666666666	0.16666666666666696	0.0	0
917	Iter0918	6	5	7	5	0	0	0.8571428571428572	1.0	-0.0001412597	0
918	Iter0919	4	8	9	2	0	0	0.1111111111111111	0.03607484183604784	-0.0007022069999999999	0
919	Iter0920	6	6	6	3	0	0	0.5	0.6604905929983331	-0.00023207200499999998	0
920	Iter0921	5	4	3	3	0	0	1.25	1.0	-7.405e-05	0
921	Iter0922	6	7	2	3	0	0	1.2857142857142858	1.0	-7.590091928999999e-07	0
922	Iter0923	12	9	4	1	0	0	0.3333333333333333	0.6169048342961392	-0.0011935160156	0
923	Iter0924	2	4	3	2	0	0	0.3333333333333333	0.5670995670995667	-1.59354e-05	0
924	Iter0925	7	3	3	5	0	0	3.888888888888889	0.34156040038393154	-0.00017493841074	0
925	Iter0926	8	4	5	2	0	0	0.8	1.0	-6.339541819e-05	0
926	Iter0927	6	5	8	1	0	0	0.15	0.1571207430340557	-2.0611e-06	0
927	Iter0928	8	10	5	3	0	0	0.48	0.6727688787185335	-0.0002520111	0
928	Iter0929	8	4	4	2	0	0	1.0	1.0	-4.1406043060600004e-05	0
929	Iter0930	2	8	7	1	0	0	0.03571428571428571	0.015220074043603432	-3.26546e-08	0
930	Iter0931	5	8	6	4	0	0	0.4166666666666667	0.4136492125454282	-0.00030384016956000004	0
931	Iter0932	8	9	7	1	0	0	0.12698412698412698	0.08753900561680919	-2.4588150000000003e-06	0
932	Iter0933	6	7	4	2	0	0	0.42857142857142855	0.6284829721362215	-9.020955399999999e-06	0
933	Iter0934	4	4	1	4	0	0	4.0	0.5648795648795668	-3.1675063e-05	0
934	Iter0935	8	6	10	1	0	0	0.13333333333333333	0.0900000000000004	-5.39670758e-07	0
935	Iter0936	9	4	4	4	0	0	2.25	0.6458204334365301	-0.0009179303832	0
936	Iter0937	5	5	8	6	0	0	0.75	1.0	-0.0017115300000000002	0
937	Iter0938	4	6	6	1	0	0	0.1111111111111111	0.13399835458658976	-4.91756e-07	0
938	Iter0939	5	4	7	2	0	0	0.35714285714285715	0.6199095022624448	-2.8304506000000003e-05	0
939	Iter0940	10	6	9	2	0	0	0.3703703703703704	0.4048309178744017	-0.00019095825699999997	0
940	Iter0941	8	8	6	4	0	0	0.6666666666666666	0.7014941445685836	-3.8777879e-05	0
941	Iter0942	9	6	8	3	0	0	0.5625	0.6828375286041242	-0.0009296311	0
942	Iter0943	5	8	3	1	0	0	0.20833333333333331	0.2941176470588229	-0.000323093074	0
943	Iter0944	4	3	8	5	0	0	0.8333333333333333	1.0	-6.22076e-05	0
944	Iter0945	11	6	8	1	0	0	0.22916666666666666	0.3574217087260585	-0.0005172440155537001	0
945	Iter0946	1	3	6	1	0	0	0.05555555555555555	0.08787878787878785	0.0	0
946	Iter0947	13	6	4	1	0	0	0.5416666666666666	1.0	-0.0012765235	0
947	Iter0948	6	9	2	1	0	0	0.3333333333333333	0.5588235294117672	-0.00010430199999999999	0
948	Iter0949	5	7	4	2	0	0	0.35714285714285715	0.6199095022624423	-0.0011863897	0
949	Iter0950	4	9	9	3	0	0	0.14814814814814814	0.04717997038632371	-4.92345644e-05	0
950	Iter0951	5	8	2	3	0	0	0.9375	1.0	-1.545947932e-05	0
951	Iter0952	4	3	5	4	0	0	1.0666666666666669	1.0	-1.1589366e-05	0
952	Iter0953	6	6	2	2	0	0	1.0	1.0	-0.00116677	0
953	Iter0954	5	9	4	8	0	0	1.1111111111111112	1.0	0.0	0
954	Iter0955	8	2	5	2	0	0	1.6	1.0	-3.227952e-05	0
955	Iter0956	4	5	6	2	0	0	0.26666666666666666	0.3348416289592753	-5.40633e-07	0
956	Iter0957	1	7	4	1	0	0	0.03571428571428571	0.031857031857031974	0.0	0
957	Iter0958	6	5	6	2	0	0	0.4	0.6332460109549896	-7.98904e-06	0
958	Iter0959	5	3	3	3	0	0	1.6666666666666667	1.0	-1.32687e-05	0
959	Iter0960	6	4	6	5	0	0	1.25	1.0	-0.0005469286283999999	0
960	Iter0961	8	8	6	2	0	0	0.3333333333333333	0.3875353344999344	-3.4492450000000005e-05	0
961	Iter0962	4	11	4	3	0	0	0.2727272727272728	0.3426212590299277	-0.00010129	0
962	Iter0963	5	4	3	2	0	0	0.8333333333333334	1.0	-0.00010182440000106147	0
963	Iter0964	7	6	4	6	0	0	1.7500000000000002	0.6801722977520497	-6.4516973e-07	0
964	Iter0965	4	5	5	4	0	0	0.64	1.0	-1.2169601007959e-05	0
965	Iter0966	3	4	7	2	0	0	0.21428571428571427	0.30244755244755184	0.0	0
966	Iter0967	5	10	4	1	0	0	0.125	0.12732198142414833	-0.0005567805	0
967	Iter0968	9	4	3	3	0	0	2.25	0.6168730650154781	-6.37792e-06	0
968	Iter0969	9	3	4	2	0	0	1.5	1.0	-0.00024315955499014	0
969	Iter0970	4	9	3	3	0	0	0.4444444444444444	0.6168730650154781	-1.57286e-06	0
970	Iter0971	5	4	2	2	0	0	1.25	1.0	-0.0009839361	0
971	Iter0972	6	4	5	1	0	0	0.3	0.5879120879120863	-0.0004314475	0
972	Iter0973	2	5	7	2	0	0	0.1142857142857143	0.1262237762237761	-8.95433e-05	0
973	Iter0974	2	2	5	1	0	0	0.2	0.5000000000000001	0.0	0
974	Iter0975	7	3	3	2	0	0	1.5555555555555556	1.0	-0.00048223473413	0
975	Iter0976	4	6	6	5	0	0	0.5555555555555556	0.6699214098594914	-0.00022171400000000005	0
976	Iter0977	7	4	5	4	0	0	1.4	1.0	-0.0005608573999999999	0
977	Iter0978	7	8	6	1	0	0	0.14583333333333334	0.16486068111455066	-0.0002245005	0
978	Iter0979	4	6	3	4	0	0	0.8888888888888888	1.0	-6.890607500000001e-06	0
979	Iter0980	4	10	7	3	0	0	0.17142857142857146	0.0953021941041865	-0.0008831577	0
980	Iter0981	6	7	2	4	0	0	1.7142857142857142	1.0	-0.000361107	0
981	Iter0982	6	6	4	0	0	0	0.2	0.23351648351648305	-1.4438900000000003e-05	0
982	Iter0983	8	7	9	2	0	0	0.25396825396825395	0.21670480549199272	-6.332393e-06	0
983	Iter0984	5	4	9	5	0	0	0.6944444444444444	1.0	-3.215131e-05	0
984	Iter0985	8	4	5	6	0	0	2.4	0.4136492125454284	-0.00020953778510000306	0
985	Iter0986	4	6	7	3	0	0	0.2857142857142857	0.3698499642772109	-5.16279e-05	0
986	Iter0987	3	1	2	3	0	0	4.5	0.5238095238095235	-7.766539e-06	0
987	Iter0988	7	10	3	1	0	0	0.2333333333333333	0.3107769423558919	-0.0005909081891	0
988	Iter0989	7	7	7	3	0	0	0.42857142857142855	0.4212208911024378	-5.88702166631e-05	0
989	Iter0990	7	3	5	4	0	0	1.8666666666666667	0.6499166468206711	-0.00034222835499999997	0
990	Iter0991	9	7	2	8	0	0	5.142857142857143	0.10924754341095784	-0.00032573974	0
991	Iter0992	8	6	4	2	0	0	0.6666666666666666	1.0	-4.17549e-05	0
992	Iter0993	4	2	5	4	0	0	1.6	1.0	-6.55245e-08	0
993	Iter0994	6	8	6	2	0	0	0.25	0.20433436532507632	-0.00035239639918000003	0
994	Iter0995	11	8	4	3	0	0	1.03125	1.0	-0.00041036513092000004	0
995	Iter0996	5	5	6	2	0	0	0.3333333333333333	0.3665158371040734	-0.00023979360880000002	0
996	Iter0997	5	3	5	8	0	0	2.666666666666667	0.3869969040247683	-1.90908692e-08	0
997	Iter0998	3	12	5	1	0	0	0.05	0.01393188854489168	-0.00013074147	0
998	Iter0999	8	10	8	4	0	0	0.4	0.2838528104368899	-0.0002736498	0
999	Iter1000	6	4	9	5	0	0	0.8333333333333333	1.0	-0.0008555556	0
