	IterId	dN	dS	pN	pS	bdN	bpN	MkScore	FSPVal	SelCoef	PosSel
0	Iter0001	1	3	4	2	0	0	0.16666666666666666	0.5238095238095236	-0.00011893863000000001	0
1	Iter0002	2	3	2	0	0	0	0.25	0.428571428571428	-0.0005657711416580001	0
2	Iter0003	1	3	1	2	0	0	0.6666666666666666	1.0	-0.000208271902857	0
3	Iter0004	1	1	4	0	0	0	0.2	0.3333333333333332	-0.000342095730885	0
4	Iter0005	3	1	1	2	0	0	6.0	0.4857142857142852	-0.000289024083	0
5	Iter0006	1	2	2	0	0	0	0.2222222222222222	0.4000000000000001	0.0	0
6	Iter0007	0	0	2	1	0	0	0.6666666666666666	1.0	-8.092480000000001e-06	0
7	Iter0008	1	0	1	2	0	0	3.0	1.0	-0.0005472616668876	0
8	Iter0009	2	1	0	2	0	0	4.5	0.4000000000000001	-0.00019142060089999999	0
9	Iter0010	1	2	1	3	0	0	1.5	1.0	-2.061795e-06	0
10	Iter0011	0	5	3	1	0	0	0.08333333333333333	0.047619047619047665	0.0	0
11	Iter0012	1	1	2	0	0	0	0.3333333333333333	1.0	-9.29157202e-05	0
12	Iter0013	0	1	2	1	0	0	0.3333333333333333	1.0	-0.0008456391056966201	0
13	Iter0014	1	2	1	2	0	0	1.0	1.0	-0.00105894	0
14	Iter0015	1	0	3	0	0	0	0.5	1.0	-0.000380285093006	0
15	Iter0016	3	1	0	0	0	0	2.0	1.0	-0.000115307	0
16	Iter0017	1	1	4	1	0	0	0.25	1.0	-0.00058940707	0
17	Iter0018	2	2	2	1	0	0	0.5	1.0	-9.75544327e-05	0
18	Iter0019	3	1	2	1	0	0	1.5	1.0	-2.05491e-09	0
19	Iter0020	2	2	1	2	0	0	2.0	1.0	-0.000548314993	0
20	Iter0021	0	3	1	0	0	0	0.125	0.24999999999999994	-1.9026996000000005e-05	0
21	Iter0022	6	3	1	1	0	0	2.0	1.0	-0.0015500505	0
22	Iter0023	0	1	2	1	0	0	0.3333333333333333	1.0	0.0	0
23	Iter0024	1	1	3	4	0	0	1.3333333333333333	1.0	-0.000430631	0
24	Iter0025	2	3	2	3	0	0	1.0	1.0	-7.203125999999999e-05	0
25	Iter0026	0	1	2	2	0	0	0.5	1.0	-6.49741000454766e-05	0
26	Iter0027	2	0	2	0	0	0	1.0	1.0	-0.0007578146000000001	0
27	Iter0028	3	1	0	4	0	0	10.0	0.14285714285714274	-4.511335e-05	0
28	Iter0029	3	1	5	1	0	0	0.6	1.0	-8.11725e-05	0
29	Iter0030	2	3	3	0	0	0	0.1875	0.19642857142857106	0.0	0
30	Iter0031	0	2	2	0	0	0	0.1111111111111111	0.33333333333333337	-0.00031865800000000004	0
31	Iter0032	0	0	4	2	0	0	0.6	1.0	-1.6643065811999999e-06	0
32	Iter0033	1	1	3	1	0	0	0.3333333333333333	1.0	-4.01326e-05	0
33	Iter0034	1	2	1	1	0	0	0.5	1.0	-1.59243e-06	0
34	Iter0035	2	2	4	3	0	0	0.75	1.0	0.0	0
35	Iter0036	0	0	1	2	0	0	1.5	1.0	-0.0005659014402540001	0
36	Iter0037	2	5	0	2	0	0	1.5	1.0	0.0	0
37	Iter0038	0	2	1	0	0	0	0.16666666666666666	0.33333333333333337	-0.000217533448	0
38	Iter0039	2	2	2	1	0	0	0.5	1.0	-3.10648e-06	0
39	Iter0040	0	0	2	0	0	0	0.3333333333333333	1.0	-0.00032226342	0
40	Iter0041	2	0	0	3	0	0	12.0	0.10000000000000002	-3.262444e-06	0
41	Iter0042	0	0	3	1	0	0	0.5	1.0	-4.16273000158137e-06	0
42	Iter0043	3	2	1	1	0	0	1.5	1.0	-0.000941474	0
43	Iter0044	0	1	2	1	0	0	0.3333333333333333	1.0	-1.68793e-13	0
44	Iter0045	2	1	2	3	0	0	3.0	1.0	-0.0010661246142900003	0
45	Iter0046	3	1	1	2	0	0	6.0	0.4857142857142852	-9.953640642e-05	0
46	Iter0047	0	1	3	2	0	0	0.375	1.0	-5.5875393404799e-06	0
47	Iter0048	2	0	3	0	0	0	0.75	1.0	-4.887845e-05	0
48	Iter0049	0	0	2	2	0	0	1.0	1.0	-3.58301e-06	0
49	Iter0050	0	1	2	0	0	0	0.16666666666666666	0.33333333333333337	-6.7213e-06	0
50	Iter0051	2	1	2	2	0	0	2.0	1.0	-0.000173628372	0
51	Iter0052	1	1	2	2	0	0	1.0	1.0	-2.72583600342884e-05	0
52	Iter0053	2	1	4	3	0	0	1.5	1.0	-0.00022707628849999998	0
53	Iter0054	2	1	1	0	0	0	0.75	1.0	-0.0001594176295	0
54	Iter0055	1	2	1	0	0	0	0.3333333333333333	1.0	-0.000680780593	0
55	Iter0056	2	0	2	1	0	0	2.0	1.0	-0.0007200518603000001	0
56	Iter0057	3	1	2	2	0	0	3.0	1.0	-3.96575e-05	0
57	Iter0058	2	3	0	0	0	0	0.75	1.0	-1.04726e-10	0
58	Iter0059	0	0	0	2	0	0	3.0	1.0	0.0	0
59	Iter0060	2	1	1	0	0	0	0.75	1.0	-5.4331708e-06	0
60	Iter0061	2	3	1	1	0	0	0.6666666666666666	1.0	-6.5074353e-05	0
61	Iter0062	1	3	4	0	0	0	0.1	0.14285714285714268	-0.00044355720000000004	0
62	Iter0063	0	0	3	2	0	0	0.75	1.0	-2.52642818269e-05	0
63	Iter0064	1	1	1	1	0	0	1.0	1.0	-0.00028559799999999997	0
64	Iter0065	1	1	2	0	0	0	0.3333333333333333	1.0	-0.00017748529	0
65	Iter0066	0	0	2	1	0	0	0.6666666666666666	1.0	0.0	0
66	Iter0067	0	3	2	1	0	0	0.16666666666666666	0.3999999999999997	-2.8960623e-05	0
67	Iter0068	5	2	3	0	0	0	0.5	1.0	-4.1172643e-05	0
68	Iter0069	2	2	1	2	0	0	2.0	1.0	-4.24754e-11	0
69	Iter0070	0	1	1	0	0	0	0.25	1.0	-4.57952e-08	0
70	Iter0071	1	1	2	3	0	0	1.5	1.0	-9.7677863e-05	0
71	Iter0072	2	3	2	1	0	0	0.3333333333333333	1.0	0.0	0
72	Iter0073	1	1	5	1	0	0	0.2	0.464285714285714	-7.3967031e-05	0
73	Iter0074	2	3	1	3	0	0	2.0	1.0	-6.768860000000001e-05	0
74	Iter0075	1	1	1	1	0	0	1.0	1.0	-7.33172e-06	0
75	Iter0076	2	0	5	2	0	0	1.5	1.0	-7.432321635e-05	0
76	Iter0077	1	1	4	2	0	0	0.5	1.0	-0.00036579995	0
77	Iter0078	2	2	1	0	0	0	0.5	1.0	-0.00016743299999999998	0
78	Iter0079	2	0	0	0	0	0	3.0	1.0	-3.26122e-05	0
79	Iter0080	1	2	2	0	0	0	0.2222222222222222	0.4000000000000001	-5.2315099999999997e-05	0
80	Iter0081	1	2	7	3	0	0	0.21428571428571427	0.5104895104895115	-8.732547e-06	0
81	Iter0082	3	2	2	1	0	0	0.75	1.0	-0.0002064316029	0
82	Iter0083	1	3	4	1	0	0	0.08333333333333333	0.20634920634920625	-0.000100397488	0
83	Iter0084	0	0	2	2	0	0	1.0	1.0	-0.00096498602262	0
84	Iter0085	2	2	1	1	0	0	1.0	1.0	-0.0007444509380000001	0
85	Iter0086	0	0	3	1	0	0	0.5	1.0	-0.0006151432499999999	0
86	Iter0087	1	1	4	0	0	0	0.2	0.3333333333333332	-1.3601e-07	0
87	Iter0088	4	2	5	0	0	0	0.2777777777777778	0.454545454545454	-0.00030560827547041	0
88	Iter0089	2	2	1	1	0	0	1.0	1.0	-0.000550666207	0
89	Iter0090	2	1	3	3	0	0	2.0	1.0	-1.81298e-07	0
90	Iter0091	3	0	3	1	0	0	2.0	1.0	-0.00022248609	0
91	Iter0092	0	1	2	1	0	0	0.3333333333333333	1.0	-0.00026767802800000003	0
92	Iter0093	2	0	1	1	0	0	3.0	1.0	-1.4314382e-05	0
93	Iter0094	0	0	0	1	0	0	2.0	1.0	-1.0208027999999998e-06	0
94	Iter0095	1	2	2	3	0	0	0.75	1.0	0.0	0
95	Iter0096	1	0	0	2	0	0	6.0	0.33333333333333337	-0.0006546263500000001	0
96	Iter0097	1	1	7	2	0	0	0.2857142857142857	0.4909090909090902	-9.644548999999999e-08	0
97	Iter0098	0	0	0	0	0	0	1.0	1.0	-0.000585495	0
98	Iter0099	0	1	1	2	0	0	0.75	1.0	0.0	0
99	Iter0100	5	1	0	2	0	0	9.0	0.10714285714285714	-0.000116533	0
100	Iter0101	3	4	3	2	0	0	0.5	1.0	-0.00021921394999999997	0
101	Iter0102	4	0	1	0	0	0	2.5	1.0	-3.1464321853000003e-06	0
102	Iter0103	0	0	0	1	0	0	2.0	1.0	-0.0005991549	0
103	Iter0104	3	0	2	1	0	0	2.6666666666666665	1.0	-0.00010591195000000001	0
104	Iter0105	0	1	1	2	0	0	0.75	1.0	-0.0006775972999999999	0
105	Iter0106	0	1	3	1	0	0	0.25	0.4000000000000002	-1.46515500179349e-05	0
106	Iter0107	0	0	6	1	0	0	0.2857142857142857	1.0	-5.7758399e-05	0
107	Iter0108	1	0	1	2	0	0	3.0	1.0	-0.00042919170999999997	0
108	Iter0109	1	4	0	0	0	0	0.4	1.0	0.0	0
109	Iter0110	0	0	2	1	0	0	0.6666666666666666	1.0	-1.1596968000000001e-08	0
110	Iter0111	4	2	6	2	0	0	0.6666666666666666	1.0	-0.000312491031310846	0
111	Iter0112	2	1	0	0	0	0	1.5	1.0	-0.0006093620426	0
112	Iter0113	0	2	2	1	0	0	0.2222222222222222	0.4000000000000001	0.0	0
113	Iter0114	0	1	0	1	0	0	1.0	1.0	-5.992390000000001e-05	0
114	Iter0115	1	1	3	0	0	0	0.25	0.4000000000000002	-0.0002300763	0
115	Iter0116	2	1	5	0	0	0	0.25	0.3749999999999997	-0.00027702206697	0
116	Iter0117	5	0	4	2	0	0	3.6	0.454545454545454	-8.834483006808062e-05	0
117	Iter0118	0	0	0	3	0	0	4.0	1.0	-6.785069999999998e-06	0
118	Iter0119	0	0	2	3	0	0	1.3333333333333333	1.0	-0.0001293509	0
119	Iter0120	0	0	1	0	0	0	0.5	1.0	-3.4969e-09	0
120	Iter0121	1	2	4	0	0	0	0.13333333333333333	0.1428571428571427	0.0	0
121	Iter0122	2	2	0	0	0	0	1.0	1.0	-0.000300529596314	0
122	Iter0123	3	1	3	3	0	0	3.0	0.5714285714285717	-0.00067288005531	0
123	Iter0124	3	2	4	0	0	0	0.26666666666666666	0.4444444444444446	-0.0007049146745358999	0
124	Iter0125	3	3	1	4	0	0	4.0	0.5454545454545456	-4.84664e-05	0
125	Iter0126	0	2	1	1	0	0	0.3333333333333333	1.0	0.0	0
126	Iter0127	2	0	0	2	0	0	9.0	0.33333333333333337	-0.00046842799479999996	0
127	Iter0128	1	2	2	1	0	0	0.25	1.0	-3.1130482781999994e-06	0
128	Iter0129	0	0	0	1	0	0	2.0	1.0	-5.0475198e-05	0
129	Iter0130	0	0	2	0	0	0	0.3333333333333333	1.0	-0.00022643626000000002	0
130	Iter0131	1	3	2	3	0	0	0.5	1.0	-2.7750193999999998e-05	0
131	Iter0132	0	0	2	3	0	0	1.3333333333333333	1.0	0.0	0
132	Iter0133	1	3	4	2	0	0	0.16666666666666666	0.5238095238095236	-3.74728894e-05	0
133	Iter0134	2	2	0	2	0	0	3.0	0.4666666666666664	-0.0016585354	0
134	Iter0135	0	0	0	2	0	0	3.0	1.0	-9.996032722849e-06	0
135	Iter0136	1	1	5	2	0	0	0.4	1.0	-0.00079456495	0
136	Iter0137	2	0	2	2	0	0	3.0	0.4666666666666665	-3.7251e-05	0
137	Iter0138	0	1	0	2	0	0	1.5	1.0	-0.000407687	0
138	Iter0139	0	0	3	1	0	0	0.5	1.0	0.0	0
139	Iter0140	1	1	0	1	0	0	2.0	1.0	-0.0004931766	0
140	Iter0141	2	2	1	2	0	0	2.0	1.0	-1.535858882e-05	0
141	Iter0142	3	1	3	2	0	0	2.0	1.0	-5.8449308400000005e-05	0
142	Iter0143	2	0	1	2	0	0	4.5	0.4000000000000001	-0.00023254376809999998	0
143	Iter0144	3	2	3	1	0	0	0.5	1.0	-0.000508254	0
144	Iter0145	2	1	0	2	0	0	4.5	0.4000000000000001	-7.63232e-06	0
145	Iter0146	0	0	0	0	0	0	1.0	1.0	-0.00019722528	0
146	Iter0147	1	0	1	2	0	0	3.0	1.0	-8.28850211e-05	0
147	Iter0148	1	2	1	0	0	0	0.3333333333333333	1.0	-1.5281765e-05	0
148	Iter0149	5	3	2	0	0	0	0.5	1.0	-0.00016440856999999997	0
149	Iter0150	3	2	3	1	0	0	0.5	1.0	-0.00021015889999999998	0
150	Iter0151	2	2	3	0	0	0	0.25	0.42857142857142816	-0.00030589049999999997	0
151	Iter0152	1	0	0	0	0	0	2.0	1.0	-3.142439e-05	0
152	Iter0153	0	1	1	0	0	0	0.25	1.0	-0.0006290237500000001	0
153	Iter0154	1	1	2	0	0	0	0.3333333333333333	1.0	-9.268450850000001e-05	0
154	Iter0155	0	2	2	1	0	0	0.2222222222222222	0.4000000000000001	-2.04197e-06	0
155	Iter0156	0	0	0	0	0	0	1.0	1.0	-6.474385928000001e-06	0
156	Iter0157	1	1	2	0	0	0	0.3333333333333333	1.0	-8.851672e-05	0
157	Iter0158	4	1	2	2	0	0	4.0	0.5238095238095241	-0.000180233	0
158	Iter0159	2	1	1	0	0	0	0.75	1.0	-0.000511954819	0
159	Iter0160	0	2	1	2	0	0	0.5	1.0	-6.59289488e-05	0
160	Iter0161	0	0	3	1	0	0	0.5	1.0	-0.00034045463400000003	0
161	Iter0162	1	0	1	5	0	0	6.0	0.2857142857142857	0.0	0
162	Iter0163	1	1	4	1	0	0	0.25	1.0	-5.23885e-06	0
163	Iter0164	3	2	1	1	0	0	1.5	1.0	-0.00010752710699341001	0
164	Iter0165	3	0	0	0	0	0	4.0	1.0	-0.00105877600168388	0
165	Iter0166	3	2	0	3	0	0	5.333333333333333	0.19642857142857115	-0.0007031818	0
166	Iter0167	1	0	3	1	0	0	1.0	1.0	-1.4974150000940525e-06	0
167	Iter0168	0	0	3	2	0	0	0.75	1.0	-5.839280851299999e-05	0
168	Iter0169	2	5	0	1	0	0	1.0	1.0	-2.4394194e-05	0
169	Iter0170	0	0	2	3	0	0	1.3333333333333333	1.0	-5.43625e-05	0
170	Iter0171	1	0	0	1	0	0	4.0	1.0	-0.00014636149400000002	0
171	Iter0172	0	2	4	1	0	0	0.13333333333333333	0.14285714285714265	-1.37885e-06	0
172	Iter0173	2	1	2	0	0	0	0.5	1.0	-7.232202e-07	0
173	Iter0174	0	0	2	1	0	0	0.6666666666666666	1.0	0.0	0
174	Iter0175	1	1	1	1	0	0	1.0	1.0	-0.000506843	0
175	Iter0176	3	2	3	0	0	0	0.3333333333333333	0.4642857142857138	-5.430795475494999e-05	0
176	Iter0177	2	1	2	1	0	0	1.0	1.0	-8.499996697247e-05	0
177	Iter0178	4	1	0	0	0	0	2.5	1.0	-0.000437417838	0
178	Iter0179	2	2	0	1	0	0	2.0	1.0	-0.0001239421548	0
179	Iter0180	0	0	0	3	0	0	4.0	1.0	-5.47057e-11	0
180	Iter0181	5	4	9	2	0	0	0.2777777777777778	0.3359133126934992	0.0	0
181	Iter0182	2	1	0	2	0	0	4.5	0.4000000000000001	-2.45075e-05	0
182	Iter0183	2	0	5	0	0	0	0.5	1.0	-2.0781212000000003e-05	0
183	Iter0184	1	2	1	1	0	0	0.5	1.0	-2.41082e-06	0
184	Iter0185	3	0	3	0	0	0	1.0	1.0	-4.346021938300001e-05	0
185	Iter0186	3	3	3	1	0	0	0.3333333333333333	0.5714285714285717	-7.2937639999999985e-06	0
186	Iter0187	0	0	0	1	0	0	2.0	1.0	-4.738215e-06	0
187	Iter0188	3	1	3	1	0	0	1.0	1.0	-0.0003829861044	0
188	Iter0189	1	0	3	0	0	0	0.5	1.0	-2.11088e-11	0
189	Iter0190	2	1	1	2	0	0	4.0	1.0	-8.10664734e-05	0
190	Iter0191	0	2	3	3	0	0	0.3333333333333333	0.4642857142857145	0.0	0
191	Iter0192	3	1	0	0	0	0	2.0	1.0	-0.00033184969999999997	0
192	Iter0193	2	2	1	1	0	0	1.0	1.0	-0.00024818140980913	0
193	Iter0194	2	1	3	0	0	0	0.375	1.0	-0.00013028591	0
194	Iter0195	0	0	1	1	0	0	1.0	1.0	-9.90645e-05	0
195	Iter0196	1	0	6	1	0	0	0.5714285714285714	1.0	-1.3876599999999998e-06	0
196	Iter0197	0	2	4	3	0	0	0.26666666666666666	0.4444444444444452	-0.000351981261	0
197	Iter0198	4	2	4	0	0	0	0.33333333333333337	0.4666666666666668	-0.0015791446	0
198	Iter0199	0	0	0	0	0	0	1.0	1.0	-6.320795683763e-05	0
199	Iter0200	1	1	4	2	0	0	0.5	1.0	-4.00018e-05	0
200	Iter0201	1	2	1	8	0	0	4.0	0.4545454545454541	-3.569516e-05	0
201	Iter0202	1	2	3	1	0	0	0.16666666666666666	0.4857142857142852	-0.0004759979	0
202	Iter0203	1	0	3	2	0	0	1.5	1.0	-0.0001292650000450676	0
203	Iter0204	1	0	2	0	0	0	0.6666666666666666	1.0	-0.0002087990314	0
204	Iter0205	8	2	0	1	0	0	6.0	0.2727272727272725	-0.00098939533052	0
205	Iter0206	0	1	2	0	0	0	0.16666666666666666	0.33333333333333337	-3.59248e-05	0
206	Iter0207	0	1	3	2	0	0	0.375	1.0	-2.39434e-09	0
207	Iter0208	0	0	0	0	0	0	1.0	1.0	-9.708242e-07	0
208	Iter0209	4	4	1	1	0	0	1.0	1.0	-0.000361151021	0
209	Iter0210	0	1	1	0	0	0	0.25	1.0	-0.00024203568	0
210	Iter0211	0	0	9	1	0	0	0.2	1.0	-8.185272080124693e-06	0
211	Iter0212	9	1	1	2	0	0	18.0	0.10839160839160847	-0.000433182692	0
212	Iter0213	1	3	1	3	0	0	1.0	1.0	-4.488430000000001e-05	0
213	Iter0214	0	0	4	0	0	0	0.2	1.0	-0.0001709989422	0
214	Iter0215	0	0	2	1	0	0	0.6666666666666666	1.0	-1.2656e-05	0
215	Iter0216	3	2	3	1	0	0	0.5	1.0	-0.000883232	0
216	Iter0217	1	1	2	2	0	0	1.0	1.0	-0.0001709703	0
217	Iter0218	0	0	3	1	0	0	0.5	1.0	-3.0097329999999996e-06	0
218	Iter0219	0	0	1	1	0	0	1.0	1.0	-4.13839e-06	0
219	Iter0220	1	2	2	1	0	0	0.25	1.0	-9.633252444800001e-05	0
220	Iter0221	0	1	2	0	0	0	0.16666666666666666	0.33333333333333337	-7.35535e-10	0
221	Iter0222	0	3	5	1	0	0	0.08333333333333333	0.04761904761904768	-1.2671242e-05	0
222	Iter0223	0	0	1	0	0	0	0.5	1.0	-8.6624929196525e-05	0
223	Iter0224	0	2	2	0	0	0	0.1111111111111111	0.33333333333333337	-0.000238648597	0
224	Iter0225	1	1	2	5	0	0	2.5	1.0	-7.765290000000002e-07	0
225	Iter0226	0	0	2	1	0	0	0.6666666666666666	1.0	-0.00022229710000000002	0
226	Iter0227	2	0	1	4	0	0	7.5	0.1428571428571427	-0.00024550319999999996	0
227	Iter0228	1	1	1	0	0	0	0.5	1.0	-0.000801033854	0
228	Iter0229	0	1	3	1	0	0	0.25	0.4000000000000002	-0.00016914572999999998	0
229	Iter0230	0	2	2	0	0	0	0.1111111111111111	0.33333333333333337	-3.88761e-05	0
230	Iter0231	0	0	1	2	0	0	1.5	1.0	-9.82252e-06	0
231	Iter0232	2	3	0	1	0	0	1.5	1.0	-0.0004095630863	0
232	Iter0233	2	1	4	0	0	0	0.3	0.42857142857142827	-0.0003449427	0
233	Iter0234	0	2	2	0	0	0	0.1111111111111111	0.33333333333333337	-4.0178822e-05	0
234	Iter0235	0	1	1	0	0	0	0.25	1.0	-7.46630278397e-06	0
235	Iter0236	0	0	1	3	0	0	2.0	1.0	-0.00051030013443	0
236	Iter0237	0	1	1	2	0	0	0.75	1.0	0.0	0
237	Iter0238	1	0	1	3	0	0	4.0	0.4000000000000001	-5.01918e-16	0
238	Iter0239	1	1	2	0	0	0	0.3333333333333333	1.0	-0.000183796	0
239	Iter0240	1	2	2	2	0	0	0.5	1.0	-4.70767e-10	0
240	Iter0241	0	0	6	0	0	0	0.14285714285714285	1.0	0.0	0
241	Iter0242	0	0	2	1	0	0	0.6666666666666666	1.0	-4.8922800000000005e-05	0
242	Iter0243	2	0	2	1	0	0	2.0	1.0	-1.46492123110072e-05	0
243	Iter0244	1	1	2	1	0	0	0.5	1.0	-4.954842751500005e-05	0
244	Iter0245	0	1	2	1	0	0	0.3333333333333333	1.0	-0.0001786419420717	0
245	Iter0246	1	5	6	0	0	0	0.047619047619047616	0.015151515151515185	-6.42947e-07	0
246	Iter0247	0	3	2	1	0	0	0.16666666666666666	0.3999999999999997	-2.31015e-05	0
247	Iter0248	1	1	4	0	0	0	0.2	0.3333333333333332	-1.0536920000000002e-05	0
248	Iter0249	0	2	0	2	0	0	1.0	1.0	-0.00135090638	0
249	Iter0250	0	0	1	0	0	0	0.5	1.0	-0.000147240932	0
250	Iter0251	0	0	2	0	0	0	0.3333333333333333	1.0	0.0	0
251	Iter0252	0	0	2	1	0	0	0.6666666666666666	1.0	-0.0003273322	0
252	Iter0253	0	0	1	0	0	0	0.5	1.0	-7.043743828e-05	0
253	Iter0254	4	1	2	0	0	0	0.8333333333333334	1.0	-6.51268e-05	0
254	Iter0255	1	3	2	0	0	0	0.16666666666666666	0.4	-0.0003453824	0
255	Iter0256	5	1	4	1	0	0	1.25	1.0	-6.3694631078e-05	0
256	Iter0257	2	0	3	0	0	0	0.75	1.0	-2.475434e-05	0
257	Iter0258	2	0	4	2	0	0	1.7999999999999998	1.0	-0.00021886718000000002	0
258	Iter0259	0	0	0	1	0	0	2.0	1.0	-3.68209e-11	0
259	Iter0260	2	3	0	1	0	0	1.5	1.0	-0.0007308495385	0
260	Iter0261	1	4	1	0	0	0	0.2	0.3333333333333331	-0.00099270644	0
261	Iter0262	1	2	3	2	0	0	0.3333333333333333	1.0	-0.0001592772	0
262	Iter0263	0	1	3	2	0	0	0.375	1.0	-5.596900046071102e-06	0
263	Iter0264	2	1	1	1	0	0	2.0	1.0	-0.00028732170483	0
264	Iter0265	0	2	1	0	0	0	0.16666666666666666	0.33333333333333337	0.0	0
265	Iter0266	1	0	1	0	0	0	1.0	1.0	-8.488499000000001e-05	0
266	Iter0267	0	2	2	0	0	0	0.1111111111111111	0.33333333333333337	-1.185320609407e-07	0
267	Iter0268	0	1	9	4	0	0	0.25	0.3571428571428561	0.0	0
268	Iter0269	1	3	2	2	0	0	0.3333333333333333	1.0	-5.0171264e-06	0
269	Iter0270	2	2	2	1	0	0	0.5	1.0	-7.909310000000003e-06	0
270	Iter0271	1	1	0	0	0	0	1.0	1.0	-0.00042206883799999996	0
271	Iter0272	0	0	1	1	0	0	1.0	1.0	-0.00026566723299999997	0
272	Iter0273	0	0	2	0	0	0	0.3333333333333333	1.0	-1.0079464689999999e-05	0
273	Iter0274	3	4	4	1	0	0	0.1875	0.2929292929292933	-0.00041100465701000003	0
274	Iter0275	1	1	1	2	0	0	2.0	1.0	-1.756408e-07	0
275	Iter0276	0	2	2	6	0	0	0.7777777777777778	1.0	-2.5028e-06	0
276	Iter0277	3	2	6	3	0	0	0.75	1.0	-0.0006206872371000001	0
277	Iter0278	4	4	0	0	0	0	1.0	1.0	-0.00039357112800000003	0
278	Iter0279	5	2	4	1	0	0	0.625	1.0	-0.0007487844004516421	0
279	Iter0280	2	0	2	3	0	0	4.0	0.428571428571428	-1.02648e-06	0
280	Iter0281	2	5	2	2	0	0	0.4	0.5757575757575761	-1.1290080234e-06	0
281	Iter0282	0	0	0	1	0	0	2.0	1.0	-1.86342768e-05	0
282	Iter0283	1	4	2	2	0	0	0.25	0.5238095238095243	-7.64866e-07	0
283	Iter0284	0	0	1	0	0	0	0.5	1.0	-0.00025116171	0
284	Iter0285	1	1	1	0	0	0	0.5	1.0	-0.00114780413639	0
285	Iter0286	3	1	1	1	0	0	3.0	1.0	-0.000133501947121304	0
286	Iter0287	3	1	2	1	0	0	1.5	1.0	-0.00049978073	0
287	Iter0288	0	0	1	0	0	0	0.5	1.0	-3.70945e-06	0
288	Iter0289	1	1	2	3	0	0	1.5	1.0	-0.000382669509	0
289	Iter0290	2	2	0	1	0	0	2.0	1.0	-0.00018286180239751002	0
290	Iter0291	0	0	1	3	0	0	2.0	1.0	-9.248335444428164e-05	0
291	Iter0292	1	2	2	1	0	0	0.25	1.0	-4.25877e-08	0
292	Iter0293	0	1	2	1	0	0	0.3333333333333333	1.0	-0.00038527095976	0
293	Iter0294	3	1	0	0	0	0	2.0	1.0	-3.8617980840000006e-05	0
294	Iter0295	4	1	2	0	0	0	0.8333333333333334	1.0	-0.00025714309999999997	0
295	Iter0296	1	1	2	2	0	0	1.0	1.0	-8.6769038e-05	0
296	Iter0297	0	0	2	2	0	0	1.0	1.0	-8.050777e-06	0
297	Iter0298	0	1	3	1	0	0	0.25	0.4000000000000002	-1.068063e-05	0
298	Iter0299	1	1	2	2	0	0	1.0	1.0	-4.335416556e-09	0
299	Iter0300	0	3	2	0	0	0	0.08333333333333333	0.10000000000000002	0.0	0
300	Iter0301	0	0	1	0	0	0	0.5	1.0	-8.134495e-05	0
301	Iter0302	1	2	0	0	0	0	0.6666666666666666	1.0	0.0	0
302	Iter0303	1	0	1	0	0	0	1.0	1.0	-8.431900000000002e-07	0
303	Iter0304	1	2	5	2	0	0	0.2	0.4999999999999996	-0.000260721856572	0
304	Iter0305	0	0	5	1	0	0	0.3333333333333333	1.0	-2.921702e-07	0
305	Iter0306	0	2	1	2	0	0	0.5	1.0	-5.834406600000001e-05	0
306	Iter0307	2	2	2	2	0	0	1.0	1.0	-0.00021363076	0
307	Iter0308	0	3	1	2	0	0	0.375	1.0	-2.3565e-08	0
308	Iter0309	3	0	3	1	0	0	2.0	1.0	-3.03548e-05	0
309	Iter0310	0	0	2	1	0	0	0.6666666666666666	1.0	-0.0010096851	0
310	Iter0311	0	0	5	1	0	0	0.3333333333333333	1.0	-0.000441674	0
311	Iter0312	2	4	1	2	0	0	1.0	1.0	-0.0003136776	0
312	Iter0313	0	3	1	0	0	0	0.125	0.24999999999999994	-0.000812273	0
313	Iter0314	2	1	0	0	0	0	1.5	1.0	-0.0007212739	0
314	Iter0315	2	3	4	1	0	0	0.16666666666666666	0.5238095238095237	-2.294243e-06	0
315	Iter0316	0	0	2	3	0	0	1.3333333333333333	1.0	-0.00020694291	0
316	Iter0317	0	1	2	0	0	0	0.16666666666666666	0.33333333333333337	-0.0005663953	0
317	Iter0318	2	0	1	1	0	0	3.0	1.0	-3.96201e-05	0
318	Iter0319	1	3	2	0	0	0	0.16666666666666666	0.4	-0.00020164761	0
319	Iter0320	0	1	0	0	0	0	0.5	1.0	-1.52156e-05	0
320	Iter0321	0	2	1	3	0	0	0.6666666666666666	1.0	-7.840708e-06	0
321	Iter0322	2	2	1	0	0	0	0.5	1.0	-1.52426e-07	0
322	Iter0323	0	0	2	1	0	0	0.6666666666666666	1.0	-1.33111e-07	0
323	Iter0324	1	3	3	3	0	0	0.3333333333333333	0.5714285714285721	-0.000273290719409	0
324	Iter0325	0	3	0	0	0	0	0.25	1.0	-0.0001748239	0
325	Iter0326	3	1	0	1	0	0	4.0	0.4000000000000002	-1.8562673e-06	0
326	Iter0327	1	0	0	0	0	0	2.0	1.0	-6.60539e-07	0
327	Iter0328	1	1	4	4	0	0	1.0	1.0	-0.00018967825	0
328	Iter0329	0	3	1	0	0	0	0.125	0.24999999999999994	-3.811060000000298e-07	0
329	Iter0330	2	3	3	2	0	0	0.4444444444444444	1.0	-2.4723700000000002e-09	0
330	Iter0331	3	0	2	2	0	0	4.0	0.42857142857142816	-0.00040089949866	0
331	Iter0332	0	3	2	2	0	0	0.25	0.42857142857142816	-0.0013923891899999998	0
332	Iter0333	3	0	3	1	0	0	2.0	1.0	-0.000147700254547	0
333	Iter0334	0	2	1	0	0	0	0.16666666666666666	0.33333333333333337	-1.33089e-06	0
334	Iter0335	3	4	1	0	0	0	0.4	1.0	-0.000138995987728	0
335	Iter0336	1	1	4	0	0	0	0.2	0.3333333333333332	-5.403073e-05	0
336	Iter0337	0	3	6	1	0	0	0.07142857142857142	0.03333333333333332	-0.0005662099	0
337	Iter0338	0	3	2	2	0	0	0.25	0.42857142857142816	-2.29464825e-05	0
338	Iter0339	2	1	2	1	0	0	1.0	1.0	0.0	0
339	Iter0340	2	2	0	0	0	0	1.0	1.0	-0.00015765195873999999	0
340	Iter0341	0	1	2	2	0	0	0.5	1.0	-5.66394e-05	0
341	Iter0342	1	0	0	0	0	0	2.0	1.0	-4.3311000000000006e-05	0
342	Iter0343	1	1	4	0	0	0	0.2	0.3333333333333332	-5.501130000000002e-06	0
343	Iter0344	1	1	1	1	0	0	1.0	1.0	-0.0008299946245999999	0
344	Iter0345	2	1	2	0	0	0	0.5	1.0	-4.4356299999999994e-05	0
345	Iter0346	2	0	1	2	0	0	4.5	0.4000000000000001	-1.1527e-07	0
346	Iter0347	3	1	2	2	0	0	3.0	1.0	-0.0015540111	0
347	Iter0348	1	0	1	2	0	0	3.0	1.0	-2.55441707226e-06	0
348	Iter0349	1	3	2	3	0	0	0.5	1.0	-7.86163e-05	0
349	Iter0350	1	1	0	0	0	0	1.0	1.0	-4.2809400000000005e-08	0
350	Iter0351	2	0	2	1	0	0	2.0	1.0	-0.00048719599999999996	0
351	Iter0352	6	1	2	2	0	0	6.0	0.4909090909090907	-0.0008206372900000001	0
352	Iter0353	2	1	0	1	0	0	3.0	1.0	-0.0003784839	0
353	Iter0354	3	3	1	1	0	0	1.0	1.0	-2.085941323e-05	0
354	Iter0355	0	1	4	0	0	0	0.1	0.20000000000000007	-0.0002084008387	0
355	Iter0356	0	1	1	0	0	0	0.25	1.0	-0.0001625675176	0
356	Iter0357	1	4	2	2	0	0	0.25	0.5238095238095243	-3.7295e-05	0
357	Iter0358	1	0	1	0	0	0	1.0	1.0	-8.6421485143e-05	0
358	Iter0359	0	1	2	2	0	0	0.5	1.0	0.0	0
359	Iter0360	4	4	2	0	0	0	0.3333333333333333	0.4666666666666668	-0.00010779473514000001	0
360	Iter0361	2	0	3	2	0	0	2.25	1.0	-0.00089151837401	0
361	Iter0362	0	0	1	0	0	0	0.5	1.0	-0.0011310464099999998	0
362	Iter0363	2	1	2	1	0	0	1.0	1.0	-7.423755695e-05	0
363	Iter0364	1	0	2	1	0	0	1.3333333333333333	1.0	-1.1995370000000002e-05	0
364	Iter0365	0	6	4	2	0	0	0.0857142857142857	0.060606060606060774	-3.820418541e-06	0
365	Iter0366	0	2	2	2	0	0	0.3333333333333333	0.4666666666666664	-1.98431e-08	0
366	Iter0367	5	1	0	1	0	0	6.0	0.2857142857142857	-0.00046051329999999995	0
367	Iter0368	6	3	3	4	0	0	2.6666666666666665	0.6145104895104876	-0.0001165517	0
368	Iter0369	1	1	0	1	0	0	2.0	1.0	-0.000517144	0
369	Iter0370	1	1	4	3	0	0	0.75	1.0	-6.791062760000001e-05	0
370	Iter0371	0	0	3	0	0	0	0.25	1.0	-3.26531e-08	0
371	Iter0372	1	3	3	0	0	0	0.125	0.14285714285714274	-0.000563883	0
372	Iter0373	2	1	5	3	0	0	1.2	1.0	-4.75254e-08	0
373	Iter0374	2	0	1	0	0	0	1.5	1.0	-4.23579e-05	0
374	Iter0375	0	3	1	1	0	0	0.25	0.4000000000000002	-0.0006431417377	0
375	Iter0376	2	1	1	3	0	0	6.0	0.4857142857142854	-2.7744840000000003e-06	0
376	Iter0377	3	2	2	2	0	0	1.5	1.0	-7.96096e-05	0
377	Iter0378	0	1	2	0	0	0	0.16666666666666666	0.33333333333333337	-1.1904600114464e-05	0
378	Iter0379	0	0	2	2	0	0	1.0	1.0	-0.0012507849801	0
379	Iter0380	1	1	2	2	0	0	1.0	1.0	-0.00124407771	0
380	Iter0381	0	1	1	2	0	0	0.75	1.0	-0.0008182056601000001	0
381	Iter0382	1	3	0	3	0	0	2.0	1.0	-0.000109334114	0
382	Iter0383	0	1	3	0	0	0	0.125	0.24999999999999994	-0.00015343673	0
383	Iter0384	1	0	1	1	0	0	2.0	1.0	-0.000283326949742	0
384	Iter0385	1	2	2	0	0	0	0.2222222222222222	0.4000000000000001	-0.0004012213484105574	0
385	Iter0386	1	0	1	3	0	0	4.0	0.4000000000000001	-0.00061075655	0
386	Iter0387	0	0	3	2	0	0	0.75	1.0	-0.00118414788	0
387	Iter0388	2	0	1	0	0	0	1.5	1.0	-1.4622360233185997e-06	0
388	Iter0389	2	3	2	0	0	0	0.25	0.428571428571428	-1.02122e-05	0
389	Iter0390	1	1	1	1	0	0	1.0	1.0	-3.60052e-05	0
390	Iter0391	3	0	6	1	0	0	1.1428571428571428	1.0	-0.0005955099	0
391	Iter0392	1	0	2	1	0	0	1.3333333333333333	1.0	-8.94599282e-06	0
392	Iter0393	2	1	0	0	0	0	1.5	1.0	-0.00102330494432	0
393	Iter0394	0	0	4	2	0	0	0.6	1.0	-0.000206070143	0
394	Iter0395	3	1	0	0	0	0	2.0	1.0	-0.0015605441914299998	0
395	Iter0396	2	2	3	1	0	0	0.3333333333333333	1.0	-0.00016132232500000001	0
396	Iter0397	2	0	5	1	0	0	1.0	1.0	-9.084020000511278e-05	0
397	Iter0398	1	3	2	0	0	0	0.16666666666666666	0.4	-9.29719e-09	0
398	Iter0399	1	1	2	1	0	0	0.5	1.0	0.0	0
399	Iter0400	4	2	2	1	0	0	1.0	1.0	-0.000150698	0
400	Iter0401	1	3	2	0	0	0	0.16666666666666666	0.4	-1.13236e-08	0
401	Iter0402	1	2	1	4	0	0	2.0	1.0	-5.454577754e-07	0
402	Iter0403	1	2	0	3	0	0	2.6666666666666665	1.0	-0.000452455514	0
403	Iter0404	0	0	1	0	0	0	0.5	1.0	-2.8910000000000008e-06	0
404	Iter0405	0	1	1	1	0	0	0.5	1.0	-0.001281400863895	0
405	Iter0406	0	1	1	2	0	0	0.75	1.0	-0.000347154	0
406	Iter0407	1	1	3	0	0	0	0.25	0.4000000000000002	-0.0001592850605	0
407	Iter0408	0	1	2	1	0	0	0.3333333333333333	1.0	-0.0002121411	0
408	Iter0409	0	0	8	7	0	0	0.8888888888888888	1.0	0.0	0
409	Iter0410	2	1	3	2	0	0	1.3333333333333333	1.0	-0.0002840711505730001	0
410	Iter0411	0	0	2	2	0	0	1.0	1.0	-3.99474e-06	0
411	Iter0412	1	1	0	0	0	0	1.0	1.0	-3.0565989e-05	0
412	Iter0413	4	3	1	1	0	0	1.3333333333333333	1.0	-0.0006455846419971261	0
413	Iter0414	0	0	0	0	0	0	1.0	1.0	-7.3611153e-05	0
414	Iter0415	1	2	2	2	0	0	0.5	1.0	0.0	0
415	Iter0416	2	3	2	0	0	0	0.25	0.428571428571428	-0.0004631735405	0
416	Iter0417	2	2	4	1	0	0	0.25	0.5238095238095241	-0.00010871964	0
417	Iter0418	3	0	1	1	0	0	4.0	0.4000000000000002	-0.0003737710744727	0
418	Iter0419	1	0	4	2	0	0	1.2	1.0	-0.00029815058	0
419	Iter0420	1	0	5	0	0	0	0.3333333333333333	1.0	-0.000928382	0
420	Iter0421	4	4	3	2	0	0	0.6666666666666666	1.0	-2.7738283783e-05	0
421	Iter0422	1	0	2	0	0	0	0.6666666666666666	1.0	-0.000324514084	0
422	Iter0423	1	1	1	0	0	0	0.5	1.0	-0.0009678666732786	0
423	Iter0424	3	1	3	1	0	0	1.0	1.0	-0.000485477	0
424	Iter0425	1	1	1	2	0	0	2.0	1.0	-0.00112660491108	0
425	Iter0426	0	0	2	1	0	0	0.6666666666666666	1.0	0.0	0
426	Iter0427	1	2	2	0	0	0	0.2222222222222222	0.4000000000000001	-5.5875138820364766e-05	0
427	Iter0428	2	2	2	1	0	0	0.5	1.0	-4.84035e-06	0
428	Iter0429	1	0	3	4	0	0	2.5	1.0	-0.001249258329	0
429	Iter0430	0	2	3	0	0	0	0.08333333333333333	0.10000000000000002	0.0	0
430	Iter0431	4	1	0	0	0	0	2.5	1.0	-9.700021214e-05	0
431	Iter0432	2	3	1	0	0	0	0.375	1.0	-0.00015169901955	0
432	Iter0433	3	2	1	1	0	0	1.5	1.0	-0.00015929509	0
433	Iter0434	2	1	2	2	0	0	2.0	1.0	-0.0006455674629013712	0
434	Iter0435	1	3	1	2	0	0	0.6666666666666666	1.0	0.0	0
435	Iter0436	3	0	9	2	0	0	1.2	1.0	-4.2129006790860005e-05	0
436	Iter0437	1	1	1	1	0	0	1.0	1.0	0.0	0
437	Iter0438	1	0	3	1	0	0	1.0	1.0	-7.17341e-07	0
438	Iter0439	2	0	1	1	0	0	3.0	1.0	-0.000865939032	0
439	Iter0440	1	0	2	1	0	0	1.3333333333333333	1.0	-0.000182942	0
440	Iter0441	0	0	2	2	0	0	1.0	1.0	-0.000640796000105945	0
441	Iter0442	0	0	1	2	0	0	1.5	1.0	-0.000132978	0
442	Iter0443	0	2	1	2	0	0	0.5	1.0	0.0	0
443	Iter0444	0	0	2	0	0	0	0.3333333333333333	1.0	0.0	0
444	Iter0445	0	2	0	2	0	0	1.0	1.0	-2.9127010000000003e-06	0
445	Iter0446	2	1	0	1	0	0	3.0	1.0	-2.31827555e-05	0
446	Iter0447	2	1	1	1	0	0	2.0	1.0	-0.00043727985311	0
447	Iter0448	5	0	0	4	0	0	30.0	0.007936507936507936	-0.0006345828	0
448	Iter0449	1	2	3	3	0	0	0.5	1.0	-0.000357201	0
449	Iter0450	3	2	0	2	0	0	4.0	0.42857142857142816	-1.6223099999999997e-05	0
450	Iter0451	4	3	2	3	0	0	2.0	1.0	0.0	0
451	Iter0452	0	0	8	6	0	0	0.7777777777777777	1.0	-0.00012996058	0
452	Iter0453	1	2	1	1	0	0	0.5	1.0	-3.00915e-06	0
453	Iter0454	5	2	1	1	0	0	2.5	1.0	-0.0012859381000940465	0
454	Iter0455	0	2	1	3	0	0	0.6666666666666666	1.0	-9.8091e-05	0
455	Iter0456	1	0	3	2	0	0	1.5	1.0	0.0	0
456	Iter0457	1	0	1	1	0	0	2.0	1.0	-0.0005960624	0
457	Iter0458	0	2	3	3	0	0	0.3333333333333333	0.4642857142857145	-7.25062e-08	0
458	Iter0459	0	0	0	2	0	0	3.0	1.0	-4.36697e-05	0
459	Iter0460	1	3	5	1	0	0	0.06666666666666668	0.19047619047619052	-1.9110015e-05	0
460	Iter0461	0	0	3	1	0	0	0.5	1.0	-0.0003101896	0
461	Iter0462	1	2	2	2	0	0	0.5	1.0	-0.000282594	0
462	Iter0463	0	0	1	0	0	0	0.5	1.0	-4.00707e-05	0
463	Iter0464	0	0	0	1	0	0	2.0	1.0	-0.000369297673684	0
464	Iter0465	1	1	4	1	0	0	0.25	1.0	-0.00044028952000000005	0
465	Iter0466	2	1	2	3	0	0	3.0	1.0	0.0	0
466	Iter0467	4	1	2	2	0	0	4.0	0.5238095238095241	-4.79636e-06	0
467	Iter0468	1	1	2	1	0	0	0.5	1.0	-0.00010377140000182513	0
468	Iter0469	0	2	2	0	0	0	0.1111111111111111	0.33333333333333337	-2.9570471e-07	0
469	Iter0470	2	4	2	1	0	0	0.25	0.5238095238095242	-0.0008185024893	0
470	Iter0471	1	2	0	0	0	0	0.6666666666666666	1.0	-0.00122716717	0
471	Iter0472	0	0	2	2	0	0	1.0	1.0	-0.000115413	0
472	Iter0473	2	1	2	2	0	0	2.0	1.0	-7.115370000000002e-07	0
473	Iter0474	2	3	2	0	0	0	0.25	0.428571428571428	-3.437050000576586e-05	0
474	Iter0475	6	4	0	0	0	0	1.4	1.0	-0.001673092640821	0
475	Iter0476	0	1	2	0	0	0	0.16666666666666666	0.33333333333333337	-8.418332112400001e-05	0
476	Iter0477	1	2	5	2	0	0	0.2	0.4999999999999996	-6.60409e-05	0
477	Iter0478	2	3	4	0	0	0	0.15	0.16666666666666666	-4.2104803999999995e-05	0
478	Iter0479	2	5	3	0	0	0	0.125	0.16666666666666674	-0.0001897297569	0
479	Iter0480	3	0	1	0	0	0	2.0	1.0	-0.00014875625406000003	0
480	Iter0481	1	2	3	1	0	0	0.16666666666666666	0.4857142857142852	-1.024296e-08	0
481	Iter0482	1	1	3	1	0	0	0.3333333333333333	1.0	-2.10424e-07	0
482	Iter0483	0	1	0	1	0	0	1.0	1.0	0.0	0
483	Iter0484	1	2	3	0	0	0	0.16666666666666666	0.3999999999999997	-7.50192e-12	0
484	Iter0485	1	4	5	2	0	0	0.1	0.2424242424242426	0.0	0
485	Iter0486	0	1	0	0	0	0	0.5	1.0	-5.820252e-06	0
486	Iter0487	2	3	1	2	0	0	1.3333333333333333	1.0	-4.5567047e-05	0
487	Iter0488	1	2	3	1	0	0	0.16666666666666666	0.4857142857142852	-1.29673e-05	0
488	Iter0489	2	1	0	1	0	0	3.0	1.0	-0.00153284904023755	0
489	Iter0490	0	2	1	1	0	0	0.3333333333333333	1.0	-0.0014595967400000001	0
490	Iter0491	0	2	0	2	0	0	1.0	1.0	-2.0166e-10	0
491	Iter0492	1	2	1	0	0	0	0.3333333333333333	1.0	-1.2922832e-05	0
492	Iter0493	2	3	3	0	0	0	0.1875	0.19642857142857106	-1.206888e-05	0
493	Iter0494	0	0	1	1	0	0	1.0	1.0	0.0	0
494	Iter0495	0	0	3	1	0	0	0.5	1.0	-0.0005492919999999999	0
495	Iter0496	3	2	2	1	0	0	0.75	1.0	-0.000386738474519	0
496	Iter0497	2	1	1	3	0	0	6.0	0.4857142857142854	-0.000816824984063	0
497	Iter0498	0	0	2	0	0	0	0.3333333333333333	1.0	-0.00010936597	0
498	Iter0499	2	2	2	1	0	0	0.5	1.0	-3.8182365e-05	0
499	Iter0500	1	0	0	0	0	0	2.0	1.0	-0.000122168538	0
500	Iter0501	2	1	2	0	0	0	0.5	1.0	-3.6339199999999996e-16	0
501	Iter0502	3	4	2	0	0	0	0.26666666666666666	0.4444444444444445	-0.00040210260000000004	0
502	Iter0503	1	1	1	1	0	0	1.0	1.0	-0.000158776726	0
503	Iter0504	1	2	1	1	0	0	0.5	1.0	-0.000434956	0
504	Iter0505	1	2	4	2	0	0	0.25	0.5238095238095238	-0.0010954203685964998	0
505	Iter0506	3	1	0	0	0	0	2.0	1.0	-0.0004868812	0
506	Iter0507	1	2	3	2	0	0	0.3333333333333333	1.0	-4.5418e-09	0
507	Iter0508	0	0	3	2	0	0	0.75	1.0	-3.6340934e-06	0
508	Iter0509	1	1	1	1	0	0	1.0	1.0	-0.00067128961	0
509	Iter0510	0	0	1	3	0	0	2.0	1.0	-0.001228622	0
510	Iter0511	2	0	1	2	0	0	4.5	0.4000000000000001	-0.000203982	0
511	Iter0512	1	1	8	3	0	0	0.375	1.0	-0.000166923	0
512	Iter0513	4	2	4	3	0	0	1.5	1.0	-0.00029180862	0
513	Iter0514	0	0	3	1	0	0	0.5	1.0	0.0	0
514	Iter0515	0	0	1	2	0	0	1.5	1.0	-5.639621e-06	0
515	Iter0516	0	2	1	1	0	0	0.3333333333333333	1.0	-2.929431e-05	0
516	Iter0517	0	0	6	0	0	0	0.14285714285714285	1.0	-0.00012031422999999999	0
517	Iter0518	0	2	6	1	0	0	0.09523809523809523	0.08333333333333337	-2.1051349e-06	0
518	Iter0519	0	5	3	0	0	0	0.04166666666666666	0.01785714285714285	-4.879289491e-05	0
519	Iter0520	4	5	0	0	0	0	0.8333333333333334	1.0	-0.00022840101	0
520	Iter0521	3	2	2	1	0	0	0.75	1.0	-0.00025382435397799995	0
521	Iter0522	0	0	1	1	0	0	1.0	1.0	-0.000862363453	0
522	Iter0523	1	0	1	1	0	0	2.0	1.0	-0.0001985902826	0
523	Iter0524	0	4	1	2	0	0	0.30000000000000004	0.42857142857142827	-0.0001019771173	0
524	Iter0525	1	0	0	0	0	0	2.0	1.0	-5.717489999999999e-07	0
525	Iter0526	3	0	1	0	0	0	2.0	1.0	-0.000160935284721	0
526	Iter0527	2	1	2	2	0	0	2.0	1.0	-7.9673e-06	0
527	Iter0528	2	1	3	0	0	0	0.375	1.0	-0.000117786678	0
528	Iter0529	1	0	3	1	0	0	1.0	1.0	-0.000317224047	0
529	Iter0530	1	0	2	1	0	0	1.3333333333333333	1.0	-5.63241e-06	0
530	Iter0531	0	0	9	5	0	0	0.6	1.0	-0.00011278000000000546	0
531	Iter0532	2	1	0	0	0	0	1.5	1.0	-0.000252174728	0
532	Iter0533	3	2	3	0	0	0	0.3333333333333333	0.4642857142857138	-1.9491848099999998e-05	0
533	Iter0534	0	0	1	0	0	0	0.5	1.0	-0.000124880458	0
534	Iter0535	3	2	0	1	0	0	2.6666666666666665	1.0	-0.00021090699999999998	0
535	Iter0536	3	4	0	3	0	0	3.2	0.4750000000000001	-0.0006518056	0
536	Iter0537	0	0	1	1	0	0	1.0	1.0	-1.141033e-08	0
537	Iter0538	1	0	2	3	0	0	2.6666666666666665	1.0	-0.000201566	0
538	Iter0539	2	1	2	0	0	0	0.5	1.0	-0.00027690185	0
539	Iter0540	2	2	1	2	0	0	2.0	1.0	-3.484523e-06	0
540	Iter0541	1	0	4	1	0	0	0.8	1.0	-4.578838e-05	0
541	Iter0542	3	1	7	1	0	0	0.42857142857142855	1.0	-0.00023902660000000003	0
542	Iter0543	2	0	4	1	0	0	1.2	1.0	-0.000442407586	0
543	Iter0544	0	0	2	0	0	0	0.3333333333333333	1.0	-0.00023425322050399998	0
544	Iter0545	0	2	3	2	0	0	0.25	0.42857142857142816	-1.674743e-05	0
545	Iter0546	0	1	0	1	0	0	1.0	1.0	-0.0002799499	0
546	Iter0547	1	1	3	0	0	0	0.25	0.4000000000000002	-8.35593e-05	0
547	Iter0548	1	3	2	4	0	0	0.6666666666666666	1.0	-0.0006020231515	0
548	Iter0549	2	4	0	1	0	0	1.2	1.0	-0.00070032352	0
549	Iter0550	1	1	2	4	0	0	2.0	1.0	-0.000563640853	0
550	Iter0551	1	3	2	0	0	0	0.16666666666666666	0.4	-9.44164e-09	0
551	Iter0552	1	0	2	1	0	0	1.3333333333333333	1.0	-0.00037243555535000004	0
552	Iter0553	1	1	2	2	0	0	1.0	1.0	-5.471269257209999e-06	0
553	Iter0554	0	1	5	1	0	0	0.16666666666666666	0.2857142857142857	-3.3285001095000003e-05	0
554	Iter0555	2	0	0	0	0	0	3.0	1.0	-0.00047545780000000796	0
555	Iter0556	0	3	6	0	0	0	0.03571428571428571	0.011904761904761908	-1.6978620000000002e-05	0
556	Iter0557	7	2	4	1	0	0	0.875	1.0	-0.0006673475	0
557	Iter0558	2	2	3	1	0	0	0.3333333333333333	1.0	-0.0010333339035360001	0
558	Iter0559	2	1	0	1	0	0	3.0	1.0	-6.333270499999999e-08	0
559	Iter0560	0	0	1	3	0	0	2.0	1.0	0.0	0
560	Iter0561	2	3	1	1	0	0	0.6666666666666666	1.0	-0.0013790323700000001	0
561	Iter0562	1	0	3	3	0	0	2.0	1.0	-0.0003553804044	0
562	Iter0563	0	3	1	1	0	0	0.25	0.4000000000000002	-0.00056918960157	0
563	Iter0564	0	1	1	0	0	0	0.25	1.0	-0.00053589012	0
564	Iter0565	0	1	1	2	0	0	0.75	1.0	-0.0001576987	0
565	Iter0566	4	0	6	3	0	0	2.8571428571428568	0.4965034965034971	-0.0007312888559	0
566	Iter0567	1	2	0	1	0	0	1.3333333333333333	1.0	-0.00037576228993	0
567	Iter0568	1	2	0	1	0	0	1.3333333333333333	1.0	-0.000289699811	0
568	Iter0569	0	2	4	0	0	0	0.06666666666666668	0.06666666666666668	-1.1684319547299999e-06	0
569	Iter0570	2	0	1	0	0	0	1.5	1.0	-7.17349e-05	0
570	Iter0571	5	2	0	0	0	0	2.0	1.0	-0.0008026301579999999	0
571	Iter0572	2	3	0	0	0	0	0.75	1.0	-1.6682877000000003e-05	0
572	Iter0573	1	0	8	1	0	0	0.4444444444444444	1.0	-5.501887512e-05	0
573	Iter0574	2	1	3	1	0	0	0.6666666666666666	1.0	-4.83175798e-05	0
574	Iter0575	1	3	0	1	0	0	1.0	1.0	-3.33294e-07	0
575	Iter0576	3	1	2	0	0	0	0.6666666666666666	1.0	-0.0005592084048	0
576	Iter0577	1	2	4	1	0	0	0.125	0.4642857142857137	-9.9880547492e-07	0
577	Iter0578	3	1	1	1	0	0	3.0	1.0	-3.06973e-06	0
578	Iter0579	1	3	1	1	0	0	0.3333333333333333	1.0	-3.78931474e-06	0
579	Iter0580	0	0	0	0	0	0	1.0	1.0	-0.0001973980999	0
580	Iter0581	2	3	0	1	0	0	1.5	1.0	-5.420638e-06	0
581	Iter0582	0	3	4	2	0	0	0.15	0.16666666666666685	-7.898063839999999e-06	0
582	Iter0583	0	0	3	3	0	0	1.0	1.0	-2.05068486e-05	0
583	Iter0584	1	0	2	3	0	0	2.6666666666666665	1.0	-0.0003774165809	0
584	Iter0585	4	3	2	3	0	0	2.0	1.0	-0.0001999101488	0
585	Iter0586	3	1	4	2	0	0	1.5	1.0	-8.19979e-08	0
586	Iter0587	0	0	0	3	0	0	4.0	1.0	-1.75312e-05	0
587	Iter0588	6	3	0	1	0	0	3.5	0.3999999999999996	-0.00040146562210000003	0
588	Iter0589	1	2	1	1	0	0	0.5	1.0	-9.059604e-05	0
589	Iter0590	1	1	1	1	0	0	1.0	1.0	-0.0005673588045878701	0
590	Iter0591	2	1	5	0	0	0	0.25	0.3749999999999997	-0.00019961282292204	0
591	Iter0592	1	0	0	0	0	0	2.0	1.0	-3.58563e-05	0
592	Iter0593	3	5	4	2	0	0	0.3	0.5920745920745929	-5.8463899999999994e-05	0
593	Iter0594	1	2	2	2	0	0	0.5	1.0	-2.2532062099999998e-05	0
594	Iter0595	1	2	0	1	0	0	1.3333333333333333	1.0	-8.489575386931304e-06	0
595	Iter0596	0	0	1	0	0	0	0.5	1.0	0.0	0
596	Iter0597	0	0	1	1	0	0	1.0	1.0	-8.593493099999999e-05	0
597	Iter0598	2	2	4	0	0	0	0.2	0.4285714285714282	-0.0007818513255	0
598	Iter0599	1	1	1	0	0	0	0.5	1.0	-0.00030308226	0
599	Iter0600	0	0	1	1	0	0	1.0	1.0	0.0	0
600	Iter0601	4	3	1	0	0	0	0.625	1.0	-1.7504950443e-06	0
601	Iter0602	1	3	1	1	0	0	0.3333333333333333	1.0	-0.000163799	0
602	Iter0603	1	3	4	5	0	0	0.4166666666666666	1.0	-0.00043632869759940005	0
603	Iter0604	1	2	1	3	0	0	1.5	1.0	-0.0013905839999999998	0
604	Iter0605	0	5	1	1	0	0	0.16666666666666666	0.2857142857142857	-4.70428e-06	0
605	Iter0606	1	0	3	0	0	0	0.5	1.0	-7.04372e-06	0
606	Iter0607	0	3	1	1	0	0	0.25	0.4000000000000002	-8.282728000000001e-06	0
607	Iter0608	3	1	2	7	0	0	10.5	0.2167832167832171	-0.00011136759999999998	0
608	Iter0609	1	0	4	0	0	0	0.4	1.0	-2.39487367e-05	0
609	Iter0610	3	1	1	2	0	0	6.0	0.4857142857142852	-0.0005668794114000001	0
610	Iter0611	0	1	2	2	0	0	0.5	1.0	0.0	0
611	Iter0612	1	2	3	0	0	0	0.16666666666666666	0.3999999999999997	-0.000264731	0
612	Iter0613	1	1	2	1	0	0	0.5	1.0	-6.3558673e-06	0
613	Iter0614	0	2	0	0	0	0	0.3333333333333333	1.0	-0.00035202891790000004	0
614	Iter0615	1	2	2	2	0	0	0.5	1.0	-0.000404477767863	0
615	Iter0616	1	3	3	1	0	0	0.1111111111111111	0.4857142857142854	-2.5347223e-07	0
616	Iter0617	1	1	4	2	0	0	0.5	1.0	-0.00013147228999999997	0
617	Iter0618	1	0	2	1	0	0	1.3333333333333333	1.0	-0.00021599133720000006	0
618	Iter0619	1	2	4	3	0	0	0.375	1.0	-6.445877750000001e-06	0
619	Iter0620	1	0	1	1	0	0	2.0	1.0	-0.000131185598061	0
620	Iter0621	3	5	1	0	0	0	0.3333333333333333	0.4444444444444449	-0.000794420161	0
621	Iter0622	2	4	2	1	0	0	0.25	0.5238095238095242	-1.189714e-07	0
622	Iter0623	2	3	0	3	0	0	3.0	0.4642857142857138	-0.0006130937700000001	0
623	Iter0624	1	1	1	1	0	0	1.0	1.0	-4.89935e-05	0
624	Iter0625	0	0	2	0	0	0	0.3333333333333333	1.0	-0.00040816369	0
625	Iter0626	0	1	3	1	0	0	0.25	0.4000000000000002	-0.0005600283	0
626	Iter0627	2	2	0	0	0	0	1.0	1.0	-0.0003751911	0
627	Iter0628	2	0	0	1	0	0	6.0	0.33333333333333337	-0.00034008804999999996	0
628	Iter0629	4	1	4	1	0	0	1.0	1.0	-0.000724305	0
629	Iter0630	2	0	2	1	0	0	2.0	1.0	-2.95369e-08	0
630	Iter0631	2	1	3	0	0	0	0.375	1.0	-0.00049330804	0
631	Iter0632	2	0	6	1	0	0	0.8571428571428571	1.0	-2.363e-05	0
632	Iter0633	0	0	2	2	0	0	1.0	1.0	-2.61336e-05	0
633	Iter0634	4	1	0	2	0	0	7.5	0.14285714285714265	-0.00020130086000000002	0
634	Iter0635	1	2	5	3	0	0	0.3	0.5454545454545457	-0.000119279	0
635	Iter0636	2	2	0	0	0	0	1.0	1.0	-0.001486745	0
636	Iter0637	2	0	1	3	0	0	6.0	0.4	-0.00096773258764	0
637	Iter0638	2	0	4	3	0	0	2.4	0.5000000000000007	-0.00040010363000000005	0
638	Iter0639	1	1	4	2	0	0	0.5	1.0	-0.0006041543850000001	0
639	Iter0640	2	0	2	1	0	0	2.0	1.0	-8.35159e-05	0
640	Iter0641	1	1	2	1	0	0	0.5	1.0	-0.00032164709999999997	0
641	Iter0642	0	3	2	1	0	0	0.16666666666666666	0.3999999999999997	-0.00011511989	0
642	Iter0643	2	2	0	2	0	0	3.0	0.4666666666666664	-8.00772e-05	0
643	Iter0644	1	1	3	0	0	0	0.25	0.4000000000000002	-1.79214114e-05	0
644	Iter0645	0	1	1	1	0	0	0.5	1.0	-0.0004375073553	0
645	Iter0646	0	0	3	2	0	0	0.75	1.0	-0.000109253	0
646	Iter0647	3	2	1	1	0	0	1.5	1.0	-0.0003159450000013289	0
647	Iter0648	2	1	2	0	0	0	0.5	1.0	-3.66083e-09	0
648	Iter0649	1	0	3	0	0	0	0.5	1.0	0.0	0
649	Iter0650	3	1	3	2	0	0	2.0	1.0	-0.00100069590153497	0
650	Iter0651	2	2	3	0	0	0	0.25	0.42857142857142816	-0.0005421386283	0
651	Iter0652	1	5	0	1	0	0	0.6666666666666666	1.0	-6.2496768e-06	0
652	Iter0653	0	1	3	2	0	0	0.375	1.0	-0.00026873483	0
653	Iter0654	2	1	3	0	0	0	0.375	1.0	-5.1980275900000004e-05	0
654	Iter0655	2	3	1	0	0	0	0.375	1.0	-0.0002958169	0
655	Iter0656	1	4	2	4	0	0	0.5	1.0	-0.00029150389999999996	0
656	Iter0657	3	3	5	1	0	0	0.2	0.5454545454545476	-0.0002470307438	0
657	Iter0658	2	1	2	1	0	0	1.0	1.0	-4.6353297970884994e-05	0
658	Iter0659	1	3	1	2	0	0	0.6666666666666666	1.0	-0.0009253508795	0
659	Iter0660	6	4	3	3	0	0	1.5	1.0	-3.4815388999999995e-05	0
660	Iter0661	1	1	0	1	0	0	2.0	1.0	-3.4876014000000004e-07	0
661	Iter0662	0	1	2	2	0	0	0.5	1.0	0.0	0
662	Iter0663	3	0	3	1	0	0	2.0	1.0	-1.194526824738e-05	0
663	Iter0664	1	2	4	4	0	0	0.5	1.0	-1.3434e-10	0
664	Iter0665	0	1	2	4	0	0	0.8333333333333334	1.0	-0.0007000000000000001	0
665	Iter0666	2	1	1	1	0	0	2.0	1.0	-0.00014235176	0
666	Iter0667	2	2	1	0	0	0	0.5	1.0	-7.28439e-08	0
667	Iter0668	0	2	1	0	0	0	0.16666666666666666	0.33333333333333337	0.0	0
668	Iter0669	2	1	2	2	0	0	2.0	1.0	-0.0003712676289	0
669	Iter0670	1	1	1	0	0	0	0.5	1.0	-4.6797299999999986e-05	0
670	Iter0671	4	2	2	0	0	0	0.5555555555555556	1.0	-0.000602719227	0
671	Iter0672	1	0	2	0	0	0	0.6666666666666666	1.0	-0.0005451508800000001	0
672	Iter0673	2	0	0	2	0	0	9.0	0.33333333333333337	-2.1543066800000004e-05	0
673	Iter0674	2	2	3	2	0	0	0.6666666666666666	1.0	-0.00022259865504	0
674	Iter0675	0	0	2	0	0	0	0.3333333333333333	1.0	-9.506942870000002e-06	0
675	Iter0676	0	0	2	4	0	0	1.6666666666666667	1.0	-4.93396e-05	0
676	Iter0677	1	0	1	1	0	0	2.0	1.0	0.0	0
677	Iter0678	0	2	3	2	0	0	0.25	0.42857142857142816	-0.000591268	0
678	Iter0679	0	2	0	2	0	0	1.0	1.0	-0.0003348019489	0
679	Iter0680	3	1	2	1	0	0	1.5	1.0	-0.0005594917494	0
680	Iter0681	2	0	3	2	0	0	2.25	1.0	-0.0006940307	0
681	Iter0682	1	3	1	1	0	0	0.3333333333333333	1.0	-0.000552167686	0
682	Iter0683	2	0	1	0	0	0	1.5	1.0	0.0	0
683	Iter0684	3	0	1	2	0	0	6.0	0.3999999999999997	-1.5564429999999998e-05	0
684	Iter0685	0	0	0	0	0	0	1.0	1.0	-0.00091638821	0
685	Iter0686	1	2	0	1	0	0	1.3333333333333333	1.0	-7.184033e-05	0
686	Iter0687	2	1	1	1	0	0	2.0	1.0	-0.00060379787	0
687	Iter0688	2	0	2	3	0	0	4.0	0.428571428571428	-3.4360993548000004e-07	0
688	Iter0689	1	0	1	0	0	0	1.0	1.0	-0.0006831944189999999	0
689	Iter0690	2	2	1	0	0	0	0.5	1.0	-1.0682462251999999e-05	0
690	Iter0691	1	0	2	3	0	0	2.6666666666666665	1.0	-4.71096e-05	0
691	Iter0692	3	2	1	0	0	0	0.6666666666666666	1.0	-0.0005346166	0
692	Iter0693	5	3	0	1	0	0	3.0	0.4444444444444454	-0.0003462318629999999	0
693	Iter0694	0	1	2	0	0	0	0.16666666666666666	0.33333333333333337	-0.00068197	0
694	Iter0695	0	1	3	0	0	0	0.125	0.24999999999999994	-0.000677415	0
695	Iter0696	4	2	1	0	0	0	0.8333333333333334	1.0	-4.411354400000001e-08	0
696	Iter0697	1	0	2	1	0	0	1.3333333333333333	1.0	-3.72386e-10	0
697	Iter0698	0	1	1	0	0	0	0.25	1.0	0.0	0
698	Iter0699	0	1	6	0	0	0	0.07142857142857142	0.14285714285714285	-6.05950983e-06	0
699	Iter0700	3	0	4	0	0	0	0.8	1.0	-8.63931e-05	0
700	Iter0701	1	2	0	0	0	0	0.6666666666666666	1.0	-0.000461231934	0
701	Iter0702	1	1	3	0	0	0	0.25	0.4000000000000002	-0.00010258749999999999	0
702	Iter0703	7	2	1	1	0	0	3.5	0.4909090909090902	-0.000552085295	0
703	Iter0704	0	1	3	0	0	0	0.125	0.24999999999999994	-1.8011000000000004e-06	0
704	Iter0705	1	2	2	1	0	0	0.25	1.0	-0.00012879857	0
705	Iter0706	1	1	2	0	0	0	0.3333333333333333	1.0	-0.0010953251415	0
706	Iter0707	3	1	1	1	0	0	3.0	1.0	-2.9701509999999997e-05	0
707	Iter0708	0	2	3	3	0	0	0.3333333333333333	0.4642857142857145	-2.73231e-05	0
708	Iter0709	3	3	2	4	0	0	2.0	1.0	-0.0004718822600000001	0
709	Iter0710	1	1	3	2	0	0	0.6666666666666666	1.0	-0.000226858	0
710	Iter0711	0	1	2	2	0	0	0.5	1.0	-0.00026869336	0
711	Iter0712	2	1	0	1	0	0	3.0	1.0	-0.000178763	0
712	Iter0713	1	0	2	1	0	0	1.3333333333333333	1.0	-1.15935e-06	0
713	Iter0714	1	4	0	0	0	0	0.4	1.0	-0.0004909316	0
714	Iter0715	0	0	0	1	0	0	2.0	1.0	0.0	0
715	Iter0716	2	0	1	3	0	0	6.0	0.4	-0.000951334	0
716	Iter0717	3	2	1	1	0	0	1.5	1.0	-2.2959974e-05	0
717	Iter0718	0	2	3	0	0	0	0.08333333333333333	0.10000000000000002	-3.15418e-07	0
718	Iter0719	2	1	2	2	0	0	2.0	1.0	-0.0001836068	0
719	Iter0720	1	1	2	0	0	0	0.3333333333333333	1.0	-0.000395902	0
720	Iter0721	0	1	0	1	0	0	1.0	1.0	-0.0001163586	0
721	Iter0722	0	1	2	3	0	0	0.6666666666666666	1.0	-6.7233500000000015e-06	0
722	Iter0723	1	0	2	2	0	0	2.0	1.0	-7.65298e-07	0
723	Iter0724	2	1	2	1	0	0	1.0	1.0	-0.000255447439562118	0
724	Iter0725	1	1	2	2	0	0	1.0	1.0	-0.00034383858	0
725	Iter0726	1	6	1	1	0	0	0.16666666666666666	0.4166666666666671	0.0	0
726	Iter0727	4	0	2	0	0	0	1.6666666666666667	1.0	-0.0012763619113	0
727	Iter0728	4	0	2	1	0	0	3.333333333333333	0.42857142857142827	-0.0003328412213319	0
728	Iter0729	0	0	6	1	0	0	0.2857142857142857	1.0	0.0	0
729	Iter0730	0	0	1	0	0	0	0.5	1.0	-8.024979660747e-05	0
730	Iter0731	0	0	1	3	0	0	2.0	1.0	-0.000145932351694	0
731	Iter0732	2	0	2	1	0	0	2.0	1.0	-0.000961611384	0
732	Iter0733	3	3	3	1	0	0	0.3333333333333333	0.5714285714285717	-0.0007886530300002047	0
733	Iter0734	0	1	2	0	0	0	0.16666666666666666	0.33333333333333337	-0.000188133	0
734	Iter0735	0	1	2	2	0	0	0.5	1.0	-0.00010431	0
735	Iter0736	0	3	3	2	0	0	0.1875	0.19642857142857115	0.0	0
736	Iter0737	0	7	1	3	0	0	0.25	0.3636363636363637	-0.0005163619	0
737	Iter0738	1	1	2	4	0	0	2.0	1.0	-5.40292e-08	0
738	Iter0739	3	1	1	0	0	0	1.0	1.0	-6.0020342e-05	0
739	Iter0740	1	3	2	1	0	0	0.16666666666666666	0.4857142857142854	-0.0009215493999999999	0
740	Iter0741	1	3	2	4	0	0	0.6666666666666666	1.0	-0.0007085418550000001	0
741	Iter0742	0	2	0	0	0	0	0.3333333333333333	1.0	-0.0011572458	0
742	Iter0743	2	1	2	0	0	0	0.5	1.0	-3.534573999999999e-05	0
743	Iter0744	2	1	1	0	0	0	0.75	1.0	-2.8881114e-07	0
744	Iter0745	1	1	7	0	0	0	0.125	0.2222222222222225	-7.24516861e-05	0
745	Iter0746	3	6	3	1	0	0	0.16666666666666666	0.26573426573426634	-0.0007722775	0
746	Iter0747	3	1	2	1	0	0	1.5	1.0	-1.36843411071e-05	0
747	Iter0748	5	3	3	2	0	0	1.1111111111111112	1.0	-4.46700369509653e-05	0
748	Iter0749	1	2	1	1	0	0	0.5	1.0	-1.9035188900000004e-06	0
749	Iter0750	0	2	2	2	0	0	0.3333333333333333	0.4666666666666664	-3.377220104956e-06	0
750	Iter0751	0	1	3	0	0	0	0.125	0.24999999999999994	-0.0002289780253054	0
751	Iter0752	0	1	1	2	0	0	0.75	1.0	-0.0003375475	0
752	Iter0753	7	3	1	2	0	0	4.666666666666667	0.5104895104895114	-4.041543015e-05	0
753	Iter0754	0	0	4	1	0	0	0.4	1.0	-0.00013790007019	0
754	Iter0755	1	1	2	0	0	0	0.3333333333333333	1.0	-4.7371943800000003e-05	0
755	Iter0756	0	0	1	2	0	0	1.5	1.0	0.0	0
756	Iter0757	1	0	3	0	0	0	0.5	1.0	-5.37919104749e-05	0
757	Iter0758	2	0	0	0	0	0	3.0	1.0	-0.0009900087998999999	0
758	Iter0759	1	0	4	3	0	0	1.6	1.0	-4.89126e-05	0
759	Iter0760	1	2	1	0	0	0	0.3333333333333333	1.0	-4.95215e-05	0
760	Iter0761	2	1	2	0	0	0	0.5	1.0	-7.206017e-05	0
761	Iter0762	1	0	0	1	0	0	4.0	1.0	-4.08514e-07	0
762	Iter0763	1	0	9	3	0	0	0.8	1.0	-0.0003594146	0
763	Iter0764	2	1	3	2	0	0	1.3333333333333333	1.0	-8.5368255e-05	0
764	Iter0765	0	2	3	1	0	0	0.16666666666666666	0.4	-0.0008564133218	0
765	Iter0766	1	1	2	0	0	0	0.3333333333333333	1.0	-4.40511e-05	0
766	Iter0767	1	2	3	2	0	0	0.3333333333333333	1.0	-3.4679930964999998e-06	0
767	Iter0768	0	2	2	0	0	0	0.1111111111111111	0.33333333333333337	-0.00016481700000000002	0
768	Iter0769	1	0	4	0	0	0	0.4	1.0	-0.0007418380000000001	0
769	Iter0770	5	1	1	2	0	0	10.0	0.2261904761904764	-0.0006289881338	0
770	Iter0771	1	2	1	1	0	0	0.5	1.0	-0.001051019721066892	0
771	Iter0772	2	1	1	1	0	0	2.0	1.0	-2.46238e-07	0
772	Iter0773	0	0	5	6	0	0	1.1666666666666667	1.0	-0.0001246	0
773	Iter0774	1	2	1	1	0	0	0.5	1.0	-7.0106228183e-05	0
774	Iter0775	1	2	2	1	0	0	0.25	1.0	-1.575384e-05	0
775	Iter0776	0	3	3	3	0	0	0.25	0.4642857142857147	-3.352439e-06	0
776	Iter0777	6	4	1	1	0	0	1.5	1.0	-1.613897e-05	0
777	Iter0778	3	0	3	1	0	0	2.0	1.0	-3.5663400000000205e-05	0
778	Iter0779	0	0	2	2	0	0	1.0	1.0	-2.0839899999999995e-09	0
779	Iter0780	0	0	1	0	0	0	0.5	1.0	-0.0001086947441	0
780	Iter0781	3	1	0	0	0	0	2.0	1.0	-0.000554489573	0
781	Iter0782	2	0	1	1	0	0	3.0	1.0	-0.00070162542933	0
782	Iter0783	4	3	0	1	0	0	2.5	1.0	-0.00021304879	0
783	Iter0784	0	0	0	1	0	0	2.0	1.0	-0.000303165978	0
784	Iter0785	2	2	2	1	0	0	0.5	1.0	-0.00019923220199999998	0
785	Iter0786	0	0	1	0	0	0	0.5	1.0	-0.0001422040813121	0
786	Iter0787	3	1	2	1	0	0	1.5	1.0	-1.965295e-05	0
787	Iter0788	0	1	2	1	0	0	0.3333333333333333	1.0	-9.8148915e-05	0
788	Iter0789	0	0	0	0	0	0	1.0	1.0	-0.0005301730275	0
789	Iter0790	1	0	2	0	0	0	0.6666666666666666	1.0	-0.00014581192000000001	0
790	Iter0791	1	0	2	1	0	0	1.3333333333333333	1.0	-8.54316e-08	0
791	Iter0792	2	2	1	2	0	0	2.0	1.0	-0.00042330864720000003	0
792	Iter0793	3	0	3	2	0	0	3.0	0.4642857142857138	-2.078985e-05	0
793	Iter0794	1	3	0	1	0	0	1.0	1.0	-0.000571595882876763	0
794	Iter0795	4	1	3	6	0	0	8.0	0.2657342657342652	-0.0007684223	0
795	Iter0796	4	2	0	3	0	0	6.666666666666668	0.16666666666666685	-5.140632e-05	0
796	Iter0797	4	0	0	0	0	0	5.0	1.0	-0.0008104096699999999	0
797	Iter0798	2	0	0	2	0	0	9.0	0.33333333333333337	-0.0001465073899	0
798	Iter0799	1	1	4	3	0	0	0.75	1.0	-6.749446464000002e-05	0
799	Iter0800	1	0	1	2	0	0	3.0	1.0	-0.00010731005200000001	0
800	Iter0801	1	2	0	0	0	0	0.6666666666666666	1.0	-0.00014930997	0
801	Iter0802	2	2	1	3	0	0	3.0	1.0	-0.0006492043999999999	0
802	Iter0803	1	1	5	2	0	0	0.4	1.0	-0.000288513	0
803	Iter0804	3	4	0	1	0	0	1.6	1.0	-0.0005058888	0
804	Iter0805	0	0	2	1	0	0	0.6666666666666666	1.0	-0.00053593470365	0
805	Iter0806	0	3	2	2	0	0	0.25	0.42857142857142816	-1.88832e-05	0
806	Iter0807	2	3	6	0	0	0	0.10714285714285714	0.060606060606060524	-0.0003261959901219	0
807	Iter0808	2	2	1	1	0	0	1.0	1.0	-0.00027247990000000004	0
808	Iter0809	1	1	2	0	0	0	0.3333333333333333	1.0	-0.0007457930799999999	0
809	Iter0810	0	0	3	1	0	0	0.5	1.0	-9.53841e-08	0
810	Iter0811	4	1	0	1	0	0	5.0	0.3333333333333331	-8.070232266000002e-05	0
811	Iter0812	1	0	1	1	0	0	2.0	1.0	-0.000229036	0
812	Iter0813	1	3	6	3	0	0	0.16666666666666666	0.26573426573426634	0.0	0
813	Iter0814	0	0	2	1	0	0	0.6666666666666666	1.0	-0.00023576502793999998	0
814	Iter0815	0	0	4	1	0	0	0.4	1.0	-6.220566000000001e-07	0
815	Iter0816	0	0	1	2	0	0	1.5	1.0	0.0	0
816	Iter0817	1	1	2	1	0	0	0.5	1.0	-0.0001223041	0
817	Iter0818	0	0	0	0	0	0	1.0	1.0	-7.754877e-05	0
818	Iter0819	1	0	0	0	0	0	2.0	1.0	-9.996960405614101e-05	0
819	Iter0820	1	3	4	2	0	0	0.16666666666666666	0.5238095238095236	-7.787031200000671e-05	0
820	Iter0821	1	0	0	0	0	0	2.0	1.0	-5.90535107e-05	0
821	Iter0822	0	1	2	0	0	0	0.16666666666666666	0.33333333333333337	-1.8373808e-05	0
822	Iter0823	3	2	2	3	0	0	2.25	1.0	-0.00046703	0
823	Iter0824	3	0	3	0	0	0	1.0	1.0	-0.0007200132	0
824	Iter0825	5	1	6	1	0	0	0.8333333333333334	1.0	-4.43225457e-05	0
825	Iter0826	2	1	3	1	0	0	0.6666666666666666	1.0	-3.7320775e-05	0
826	Iter0827	0	0	1	1	0	0	1.0	1.0	0.0	0
827	Iter0828	1	0	3	2	0	0	1.5	1.0	-1.1190970404925e-05	0
828	Iter0829	1	3	2	0	0	0	0.16666666666666666	0.4	-0.0007399582905909459	0
829	Iter0830	0	1	1	0	0	0	0.25	1.0	-8.618869999999999e-08	0
830	Iter0831	1	1	2	3	0	0	1.5	1.0	-2.17993e-10	0
831	Iter0832	3	0	3	2	0	0	3.0	0.4642857142857138	-0.000547398	0
832	Iter0833	0	0	1	2	0	0	1.5	1.0	-0.0008914899999999999	0
833	Iter0834	1	5	1	0	0	0	0.16666666666666666	0.2857142857142857	-0.00010023169999999999	0
834	Iter0835	0	1	2	1	0	0	0.3333333333333333	1.0	-0.00011201372500000002	0
835	Iter0836	3	2	3	1	0	0	0.5	1.0	-0.00037148	0
836	Iter0837	2	1	4	0	0	0	0.3	0.42857142857142827	-0.000708523853	0
837	Iter0838	2	3	0	0	0	0	0.75	1.0	-0.00029815376	0
838	Iter0839	0	1	3	1	0	0	0.25	0.4000000000000002	-4.89346e-06	0
839	Iter0840	1	0	0	1	0	0	4.0	1.0	-0.00020995812213	0
840	Iter0841	2	0	0	0	0	0	3.0	1.0	-0.0002250666	0
841	Iter0842	0	3	4	0	0	0	0.05	0.02857142857142855	-0.000181897299	0
842	Iter0843	0	0	0	0	0	0	1.0	1.0	-0.000117577	0
843	Iter0844	2	1	3	3	0	0	2.0	1.0	-1.4269e-07	0
844	Iter0845	1	2	4	2	0	0	0.25	0.5238095238095238	-0.00029831964182800005	0
845	Iter0846	1	1	2	3	0	0	1.5	1.0	-2.4732163940000006e-05	0
846	Iter0847	2	8	2	0	0	0	0.1111111111111111	0.09090909090909126	-7.467872576000001e-05	0
847	Iter0848	0	0	2	1	0	0	0.6666666666666666	1.0	-8.116182399999999e-05	0
848	Iter0849	0	3	1	3	0	0	0.5	1.0	-0.000546623	0
849	Iter0850	3	2	0	2	0	0	4.0	0.42857142857142816	-1.7709819e-05	0
850	Iter0851	1	0	1	1	0	0	2.0	1.0	-0.00061300053	0
851	Iter0852	1	2	1	0	0	0	0.3333333333333333	1.0	-3.5108199999999994e-07	0
852	Iter0853	3	2	1	2	0	0	3.0	1.0	-1.0414465783e-05	0
853	Iter0854	1	2	1	1	0	0	0.5	1.0	-3.210805217e-05	0
854	Iter0855	3	2	2	0	0	0	0.4444444444444444	1.0	-0.000190733700187	0
855	Iter0856	2	1	1	0	0	0	0.75	1.0	-1.89314e-05	0
856	Iter0857	4	1	4	0	0	0	0.5	1.0	-0.0008801430002712709	0
857	Iter0858	3	3	2	0	0	0	0.3333333333333333	0.4642857142857143	-0.0017940638454383999	0
858	Iter0859	1	2	4	0	0	0	0.13333333333333333	0.1428571428571427	-0.0008957263559989999	0
859	Iter0860	1	1	2	2	0	0	1.0	1.0	-0.00015659543	0
860	Iter0861	2	1	1	2	0	0	4.0	1.0	-0.00018784265	0
861	Iter0862	0	1	2	2	0	0	0.5	1.0	-6.50103e-05	0
862	Iter0863	3	1	2	0	0	0	0.6666666666666666	1.0	-0.00015209529999999998	0
863	Iter0864	2	5	3	1	0	0	0.13333333333333333	0.2424242424242426	-0.001014186929716	0
864	Iter0865	2	1	3	0	0	0	0.375	1.0	0.0	0
865	Iter0866	2	2	2	2	0	0	1.0	1.0	-3.56323007e-05	0
866	Iter0867	1	0	4	3	0	0	1.6	1.0	-0.0005142684	0
867	Iter0868	0	0	3	3	0	0	1.0	1.0	0.0	0
868	Iter0869	1	6	0	4	0	0	1.4285714285714284	1.0	-0.0008972754860000002	0
869	Iter0870	0	1	2	3	0	0	0.6666666666666666	1.0	-0.000678860318407	0
870	Iter0871	0	0	2	2	0	0	1.0	1.0	-0.00152751	0
871	Iter0872	0	1	2	0	0	0	0.16666666666666666	0.33333333333333337	-0.00097746	0
872	Iter0873	4	4	2	1	0	0	0.5	1.0	-0.0012763415349999999	0
873	Iter0874	1	1	1	1	0	0	1.0	1.0	-5.5006889900000005e-05	0
874	Iter0875	0	0	0	0	0	0	1.0	1.0	-0.000198979	0
875	Iter0876	0	0	3	1	0	0	0.5	1.0	-0.0005360237000000001	0
876	Iter0877	3	0	1	3	0	0	8.0	0.14285714285714274	-2.62591e-05	0
877	Iter0878	0	2	3	4	0	0	0.4166666666666666	0.5000000000000009	-2.5028307e-05	0
878	Iter0879	2	2	0	1	0	0	2.0	1.0	-6.97266e-09	0
879	Iter0880	0	0	0	2	0	0	3.0	1.0	-1.38581e-08	0
880	Iter0881	3	2	3	2	0	0	1.0	1.0	-0.0001087695336628	0
881	Iter0882	1	4	1	3	0	0	0.75	1.0	-1.237300107851e-09	0
882	Iter0883	1	3	0	3	0	0	2.0	1.0	-1.0456992048021718e-05	0
883	Iter0884	0	0	4	3	0	0	0.8	1.0	-0.0001705796515	0
884	Iter0885	4	0	1	0	0	0	2.5	1.0	-0.00036843153550000004	0
885	Iter0886	0	0	1	1	0	0	1.0	1.0	-6.79337e-05	0
886	Iter0887	1	2	1	1	0	0	0.5	1.0	0.0	0
887	Iter0888	1	1	2	0	0	0	0.3333333333333333	1.0	-0.0001011344	0
888	Iter0889	0	0	2	0	0	0	0.3333333333333333	1.0	0.0	0
889	Iter0890	3	0	5	0	0	0	0.6666666666666666	1.0	-0.000160758	0
890	Iter0891	3	4	1	0	0	0	0.4	1.0	-3.81737e-05	0
891	Iter0892	1	1	0	2	0	0	3.0	1.0	-4.80867774e-05	0
892	Iter0893	2	1	2	0	0	0	0.5	1.0	-0.000484142704	0
893	Iter0894	0	0	4	0	0	0	0.2	1.0	-7.7226394e-05	0
894	Iter0895	1	2	2	1	0	0	0.25	1.0	-2.22819e-05	0
895	Iter0896	0	4	0	0	0	0	0.2	1.0	-0.00047293529000000005	0
896	Iter0897	3	3	3	6	0	0	2.0	0.6223776223776207	-7.24255093e-07	0
897	Iter0898	0	0	1	0	0	0	0.5	1.0	-2.786641024e-05	0
898	Iter0899	0	0	0	3	0	0	4.0	1.0	-2.14246e-06	0
899	Iter0900	3	1	0	0	0	0	2.0	1.0	-0.00031860959000000005	0
900	Iter0901	1	0	2	0	0	0	0.6666666666666666	1.0	-5.4109e-06	0
901	Iter0902	1	1	0	0	0	0	1.0	1.0	-5.820947378e-05	0
902	Iter0903	2	3	5	2	0	0	0.26666666666666666	0.5580808080808088	-2.156192550128e-05	0
903	Iter0904	0	0	1	2	0	0	1.5	1.0	-1.2885299999999998e-06	0
904	Iter0905	0	1	4	3	0	0	0.4	1.0	-4.0295800000000015e-06	0
905	Iter0906	4	3	2	1	0	0	0.6666666666666666	1.0	-0.00010718952	0
906	Iter0907	0	0	2	3	0	0	1.3333333333333333	1.0	-0.0001928319	0
907	Iter0908	4	0	2	0	0	0	1.6666666666666667	1.0	-0.0002542473903	0
908	Iter0909	0	0	4	0	0	0	0.2	1.0	-0.0001224880954755	0
909	Iter0910	1	1	1	2	0	0	2.0	1.0	-0.0002186805	0
910	Iter0911	1	1	2	1	0	0	0.5	1.0	-0.00021274981	0
911	Iter0912	5	5	2	1	0	0	0.5	1.0	-0.0005329381	0
912	Iter0913	4	1	2	3	0	0	6.0	0.5238095238095237	-1.37899215e-05	0
913	Iter0914	0	4	1	2	0	0	0.30000000000000004	0.42857142857142827	-1.34208e-11	0
914	Iter0915	1	3	2	2	0	0	0.3333333333333333	1.0	-0.000143396263	0
915	Iter0916	0	0	5	3	0	0	0.6666666666666666	1.0	-5.1755742e-05	0
916	Iter0917	0	0	0	0	0	0	1.0	1.0	0.0	0
917	Iter0918	1	1	2	3	0	0	1.5	1.0	-0.0001412597	0
918	Iter0919	0	1	2	2	0	0	0.5	1.0	-0.0007264756	0
919	Iter0920	3	2	2	1	0	0	0.75	1.0	-0.00023207200499999998	0
920	Iter0921	0	0	0	2	0	0	3.0	1.0	-7.405e-05	0
921	Iter0922	3	5	1	1	0	0	0.6	1.0	-7.590091928999999e-07	0
922	Iter0923	2	1	0	1	0	0	3.0	1.0	-0.0011935160156	0
923	Iter0924	0	1	1	0	0	0	0.25	1.0	-1.59354e-05	0
924	Iter0925	4	0	1	3	0	0	10.0	0.14285714285714268	-0.00017493841074	0
925	Iter0926	1	2	3	1	0	0	0.16666666666666666	0.4857142857142852	-6.339541819e-05	0
926	Iter0927	0	3	4	0	0	0	0.05	0.02857142857142855	-2.0611e-06	0
927	Iter0928	1	1	0	2	0	0	3.0	1.0	-0.0002520111	0
928	Iter0929	3	2	3	2	0	0	1.0	1.0	-4.1406043060600004e-05	0
929	Iter0930	1	1	5	1	0	0	0.2	0.464285714285714	-3.26546e-08	0
930	Iter0931	1	0	5	1	0	0	0.6666666666666666	1.0	-0.00030384016956000004	0
931	Iter0932	0	0	5	1	0	0	0.3333333333333333	1.0	-2.4588150000000003e-06	0
932	Iter0933	1	2	2	0	0	0	0.2222222222222222	0.4000000000000001	-9.020955399999999e-06	0
933	Iter0934	1	1	1	1	0	0	1.0	1.0	-3.1675063e-05	0
934	Iter0935	2	2	6	1	0	0	0.16666666666666666	0.4909090909090907	-5.39670758e-07	0
935	Iter0936	3	0	1	3	0	0	8.0	0.14285714285714274	-0.0009179303832	0
936	Iter0937	1	1	2	1	0	0	0.5	1.0	-0.0017115300000000002	0
937	Iter0938	0	3	1	0	0	0	0.125	0.24999999999999994	-4.91756e-07	0
938	Iter0939	0	1	3	1	0	0	0.25	0.4000000000000002	-2.8304506000000003e-05	0
939	Iter0940	1	2	2	1	0	0	0.25	1.0	-0.00019095825699999997	0
940	Iter0941	3	1	0	1	0	0	4.0	0.4000000000000002	-3.8777879e-05	0
941	Iter0942	2	1	5	3	0	0	1.2	1.0	-0.0009296311	0
942	Iter0943	0	0	2	0	0	0	0.3333333333333333	1.0	-0.000323093074	0
943	Iter0944	0	1	3	1	0	0	0.25	0.4000000000000002	-6.22076e-05	0
944	Iter0945	1	1	3	2	0	0	0.6666666666666666	1.0	-0.0005172440155537001	0
945	Iter0946	1	0	1	0	0	0	1.0	1.0	0.0	0
946	Iter0947	5	1	3	1	0	0	1.6666666666666667	1.0	-0.0012765235	0
947	Iter0948	2	1	0	0	0	0	1.5	1.0	-0.00010430199999999999	0
948	Iter0949	0	2	2	1	0	0	0.2222222222222222	0.4000000000000001	-0.0011863897	0
949	Iter0950	1	3	2	2	0	0	0.3333333333333333	1.0	-0.0005160575644	0
950	Iter0951	1	3	0	0	0	0	0.5	1.0	-1.545947932e-05	0
951	Iter0952	1	2	0	3	0	0	2.6666666666666665	1.0	-1.1589366e-05	0
952	Iter0953	1	0	0	2	0	0	6.0	0.33333333333333337	-0.00116677	0
953	Iter0954	0	1	1	4	0	0	1.25	1.0	0.0	0
954	Iter0955	0	0	2	0	0	0	0.3333333333333333	1.0	-3.227952e-05	0
955	Iter0956	0	0	2	1	0	0	0.6666666666666666	1.0	-5.40633e-07	0
956	Iter0957	0	3	2	1	0	0	0.16666666666666666	0.3999999999999997	0.0	0
957	Iter0958	3	0	4	2	0	0	2.4	0.5000000000000007	-7.98904e-06	0
958	Iter0959	0	0	1	3	0	0	2.0	1.0	-1.32687e-05	0
959	Iter0960	2	0	1	1	0	0	3.0	1.0	-0.0005469286283999999	0
960	Iter0961	0	2	3	1	0	0	0.16666666666666666	0.4	-3.4492450000000005e-05	0
961	Iter0962	1	3	1	1	0	0	0.3333333333333333	1.0	-0.00010129	0
962	Iter0963	0	0	1	2	0	0	1.5	1.0	-0.00010182440000106147	0
963	Iter0964	2	2	2	1	0	0	0.5	1.0	-6.4516973e-07	0
964	Iter0965	2	2	2	1	0	0	0.5	1.0	-1.2169601007959e-05	0
965	Iter0966	0	0	5	2	0	0	0.5	1.0	0.0	0
966	Iter0967	0	1	3	0	0	0	0.125	0.24999999999999994	-0.0005567805	0
967	Iter0968	1	0	2	1	0	0	1.3333333333333333	1.0	-6.37792e-06	0
968	Iter0969	2	1	3	0	0	0	0.375	1.0	-0.00024315955499014	0
969	Iter0970	1	5	2	0	0	0	0.1111111111111111	0.1071428571428572	-1.57286e-06	0
970	Iter0971	2	0	0	0	0	0	3.0	1.0	-0.0009839361	0
971	Iter0972	3	0	4	0	0	0	0.8	1.0	-0.0004314475	0
972	Iter0973	0	3	1	2	0	0	0.375	1.0	-8.95433e-05	0
973	Iter0974	0	1	3	1	0	0	0.25	0.4000000000000002	0.0	0
974	Iter0975	1	0	0	2	0	0	6.0	0.33333333333333337	-0.00048223473413	0
975	Iter0976	1	1	4	4	0	0	1.0	1.0	-0.00022171400000000005	0
976	Iter0977	1	1	3	3	0	0	1.0	1.0	-0.0005608573999999999	0
977	Iter0978	1	2	2	1	0	0	0.25	1.0	-0.0002245005	0
978	Iter0979	1	2	0	1	0	0	1.3333333333333333	1.0	-6.890607500000001e-06	0
979	Iter0980	1	3	4	2	0	0	0.16666666666666666	0.5238095238095236	-0.0008831577	0
980	Iter0981	2	3	1	4	0	0	2.6666666666666665	1.0	-0.000361107	0
981	Iter0982	1	2	2	0	0	0	0.2222222222222222	0.4000000000000001	-1.4438900000000003e-05	0
982	Iter0983	0	3	7	0	0	0	0.03125	0.008333333333333328	-6.332393e-06	0
983	Iter0984	1	2	3	3	0	0	0.5	1.0	-3.215131e-05	0
984	Iter0985	1	1	1	1	0	0	1.0	1.0	-0.00020953778510000306	0
985	Iter0986	3	0	3	2	0	0	3.0	0.4642857142857138	-5.16279e-05	0
986	Iter0987	1	0	0	2	0	0	6.0	0.33333333333333337	-0.000268493539	0
987	Iter0988	2	3	0	0	0	0	0.75	1.0	-0.0005909081891	0
988	Iter0989	2	3	1	2	0	0	1.3333333333333333	1.0	-5.88702166631e-05	0
989	Iter0990	1	1	1	0	0	0	0.5	1.0	-0.00034222835499999997	0
990	Iter0991	2	1	0	1	0	0	3.0	1.0	-0.00032573974	0
991	Iter0992	3	2	3	0	0	0	0.3333333333333333	0.4642857142857138	-4.17549e-05	0
992	Iter0993	0	0	5	2	0	0	0.5	1.0	-6.55245e-08	0
993	Iter0994	0	2	0	0	0	0	0.3333333333333333	1.0	-0.0006133042991800001	0
994	Iter0995	2	0	1	1	0	0	3.0	1.0	-0.00041036513092000004	0
995	Iter0996	2	3	2	0	0	0	0.25	0.428571428571428	-0.00023979360880000002	0
996	Iter0997	3	2	2	5	0	0	3.75	0.5580808080808093	-1.90908692e-08	0
997	Iter0998	0	5	2	1	0	0	0.1111111111111111	0.10714285714285704	-0.00013074147	0
998	Iter0999	2	2	7	3	0	0	0.42857142857142855	0.5804195804195794	-0.0002736498	0
999	Iter1000	0	1	4	4	0	0	0.5	1.0	-0.0008555556	0
