	IterId	dN	dS	pN	pS	bdN	bpN	MkScore	FSPVal	SelCoef	PosSel
0	Iter0001	16	7	2	1	8	0	1.1428571428571428	1.0	0.14582259322799998	1
1	Iter0002	14	3	3	2	6	0	3.111111111111111	0.5481127060074437	0.10559791460736251	1
2	Iter0003	11	3	2	1	6	0	1.8333333333333333	1.0	0.18798845198902314	1
3	Iter0004	9	6	3	1	3	0	0.5	1.0	0.057593231944	1
4	Iter0005	10	8	0	1	4	0	2.4444444444444446	0.4736842105263162	0.06631528223000001	1
5	Iter0006	9	9	1	1	2	0	1.0	1.0	0.032503803019	1
6	Iter0007	13	4	1	0	5	0	1.4	1.0	0.0537012582	1
7	Iter0008	9	5	8	3	0	2	0.675	1.0	-0.00020802983099999997	0
8	Iter0009	12	7	0	0	8	0	1.625	1.0	0.19811642388136802	1
9	Iter0010	14	8	0	0	5	0	1.6666666666666667	1.0	0.08813398548199841	1
10	Iter0011	8	5	1	1	5	0	1.6	1.0	0.1168749	1
11	Iter0012	9	5	1	1	3	0	1.8	1.0	0.05480929546331	1
12	Iter0013	9	3	1	1	7	0	3.0	0.5054945054945044	0.1313334195	1
13	Iter0014	8	11	0	0	3	0	0.75	1.0	0.04826318	1
14	Iter0015	15	3	0	2	9	0	12.0	0.05263157894736816	0.1731991317	1
15	Iter0016	12	8	4	1	8	0	0.375	0.6205533596837987	0.09156402100000001	1
16	Iter0017	10	4	2	1	6	0	1.25	1.0	0.08873675366	1
17	Iter0018	13	5	2	1	7	0	1.3	1.0	0.13065726699784763	1
18	Iter0019	9	5	2	0	2	0	0.5555555555555556	1.0	0.03756041792748	1
19	Iter0020	14	5	3	0	7	0	0.625	1.0	0.1347937402	1
20	Iter0021	9	7	0	0	5	0	1.25	1.0	0.062305035636	1
21	Iter0022	9	3	5	4	5	0	2.4	0.3972136222910228	0.07553300102419999	1
22	Iter0023	12	5	1	1	6	0	2.4	1.0	0.110191694982675	1
23	Iter0024	14	6	1	0	6	0	1.0714285714285714	1.0	0.107513462881	1
24	Iter0025	11	8	0	1	7	0	2.6666666666666665	0.4500000000000013	0.1250426251	1
25	Iter0026	11	5	1	0	5	1	1.0	1.0	0.12698562862438	1
26	Iter0027	4	7	1	0	1	0	0.3125	0.4166666666666676	0.018932164600000002	1
27	Iter0028	10	8	2	0	6	0	0.40740740740740733	0.4947368421052632	0.139716518	1
28	Iter0029	17	3	0	0	6	0	4.5	1.0	0.10623341791268699	1
29	Iter0030	15	4	1	0	8	0	1.6	1.0	0.186856710495287	1
30	Iter0031	8	6	2	1	3	0	0.6666666666666666	1.0	0.050128292000000005	1
31	Iter0032	10	5	2	0	2	1	0.6111111111111109	1.0	0.06868149826415	1
32	Iter0033	16	6	1	0	6	0	1.2142857142857142	1.0	0.150061923004	1
33	Iter0034	8	7	1	2	3	0	2.2857142857142856	1.0	0.066508383946	1
34	Iter0035	7	3	4	1	2	0	0.5833333333333334	1.0	0.05023592653	1
35	Iter0036	8	6	0	0	4	0	1.2857142857142858	1.0	0.11945840906460001	1
36	Iter0037	4	4	6	4	1	0	0.6666666666666666	1.0	0.0226786	1
37	Iter0038	13	6	0	1	4	0	4.0	0.3500000000000021	0.10045958001000001	1
38	Iter0039	7	5	5	3	3	2	0.8399999999999999	1.0	0.033749396099999995	1
39	Iter0040	11	6	4	0	4	0	0.3428571428571429	0.2807017543859659	0.09991944623979514	1
40	Iter0041	10	10	1	1	5	0	1.0	1.0	0.06589731738	1
41	Iter0042	12	2	2	0	6	0	1.4444444444444444	1.0	0.1366195848	1
42	Iter0043	9	5	1	1	2	0	1.8	1.0	0.020757206510753103	1
43	Iter0044	11	10	2	1	3	0	0.55	1.0	0.088945962057	1
44	Iter0045	5	6	3	1	1	1	0.2777777777777778	0.5692307692307697	0.012840129	1
45	Iter0046	6	11	1	4	3	0	2.1818181818181817	1.0	0.05541964437	1
46	Iter0047	7	2	0	2	2	0	8.0	0.10909090909090892	0.024834475393000002	1
47	Iter0048	12	6	3	2	4	1	1.3333333333333333	1.0	0.04222304609	1
48	Iter0049	14	7	3	1	8	0	0.6666666666666666	1.0	0.12353453862500001	1
49	Iter0050	10	8	4	1	3	0	0.3125	0.6105679217807365	0.06532786696140601	1
50	Iter0051	13	4	1	3	7	0	9.75	0.08771929824561435	0.107142057	1
51	Iter0052	15	6	1	2	9	0	5.0	0.24901185770751044	0.19600586199999998	1
52	Iter0053	12	10	2	1	4	0	0.6	1.0	0.09400453296985999	1
53	Iter0054	12	4	2	0	8	0	0.8666666666666667	1.0	0.13742513760075	1
54	Iter0055	20	7	0	0	9	0	2.625	1.0	0.14342024941150006	1
55	Iter0056	6	4	2	1	3	0	0.75	1.0	0.07871047228000001	1
56	Iter0057	8	2	1	1	4	1	4.0	0.4545454545454548	0.0522209329	1
57	Iter0058	21	10	2	1	12	0	1.05	1.0	0.2026927452	1
58	Iter0059	10	8	7	0	6	0	0.1527777777777778	0.057308092365300815	0.09885521062000001	1
59	Iter0060	6	1	3	3	1	0	6.0	0.26573426573426634	0.0151831335353	1
60	Iter0061	12	2	1	2	7	0	12.0	0.12058823529411787	0.19320177946900002	1
61	Iter0062	6	10	1	0	2	0	0.3181818181818182	0.4117647058823533	0.030227851099999998	1
62	Iter0063	15	3	5	2	4	1	2.0	0.5968379446640305	0.06995580452958	1
63	Iter0064	10	4	0	0	4	0	2.2	1.0	0.12058510602	1
64	Iter0065	12	7	1	0	7	0	0.8125	1.0	0.22473305312999997	1
65	Iter0066	10	9	0	1	3	0	2.2	1.0	0.08071460556150001	1
66	Iter0067	17	4	1	0	7	0	1.8	1.0	0.13634716340000003	1
67	Iter0068	18	5	1	0	6	0	1.5833333333333333	1.0	0.1498298464	1
68	Iter0069	11	5	2	0	6	0	0.6666666666666666	1.0	0.09700472740600001	1
69	Iter0070	14	10	3	1	6	0	0.4666666666666666	1.0	0.111284952318117	1
70	Iter0071	7	7	2	1	1	1	0.5	1.0	0.03606719999981715	1
71	Iter0072	13	4	1	1	4	0	3.25	0.4678362573099442	0.0441741829722	1
72	Iter0073	8	4	1	1	3	0	2.0	1.0	0.07493936627910001	1
73	Iter0074	12	8	2	1	6	0	0.75	1.0	0.13926919402600002	1
74	Iter0075	13	7	4	0	5	0	0.35	0.2832674571805023	0.0772596776	1
75	Iter0076	11	3	0	0	6	0	3.0	1.0	0.12655323992000003	1
76	Iter0077	9	6	5	0	5	0	0.2380952380952381	0.26044891640866896	0.10517622069999999	1
77	Iter0078	14	6	1	2	8	0	4.666666666666667	0.2687747035573117	0.15939633039549997	1
78	Iter0079	9	4	1	0	4	1	1.0	1.0	0.0685455061	1
79	Iter0080	15	6	1	2	6	0	5.0	0.24901185770751044	0.156881067316	1
80	Iter0081	8	3	1	0	3	0	1.125	1.0	0.09456260932	1
81	Iter0082	11	5	1	1	4	0	2.2	1.0	0.0639210497214	1
82	Iter0083	7	5	2	4	4	1	2.8	0.6199095022624423	0.09744481082	1
83	Iter0084	13	8	1	1	6	0	1.625	1.0	0.12478732031999999	1
84	Iter0085	10	3	1	1	7	0	3.333333333333333	0.4761904761904744	0.15821720367994807	1
85	Iter0086	6	10	1	0	5	0	0.3181818181818182	0.4117647058823533	0.10173066409499999	1
86	Iter0087	11	7	4	0	5	0	0.3	0.2631578947368411	0.06266959447306	1
87	Iter0088	10	1	1	0	2	0	2.75	1.0	0.098910324569	1
88	Iter0089	12	4	0	0	7	0	2.6	1.0	0.18920557210870995	1
89	Iter0090	10	6	3	1	7	3	0.5555555555555556	1.0	0.11313751599999997	1
90	Iter0091	13	6	2	2	1	0	2.1666666666666665	0.5889328063241095	0.010424580999999999	1
91	Iter0092	14	7	0	1	6	0	3.75	0.36363636363636304	0.17295178179370002	1
92	Iter0093	7	5	2	1	4	0	0.7	1.0	0.05831282	1
93	Iter0094	11	6	2	0	6	0	0.5714285714285714	1.0	0.0835694351	1
94	Iter0095	23	2	1	1	11	0	11.5	0.21367521367521397	0.17947975940000002	1
95	Iter0096	9	5	2	1	4	0	0.9	1.0	0.12128510851999	1
96	Iter0097	12	5	2	1	3	0	1.2	1.0	0.048085461566	1
97	Iter0098	14	3	1	0	5	0	1.875	1.0	0.17923650009993825	1
98	Iter0099	8	4	2	1	5	0	1.0	1.0	0.08441237	1
99	Iter0100	5	7	1	0	1	0	0.375	0.4615384615384624	0.015496885099999998	1
100	Iter0101	10	2	1	0	6	0	1.8333333333333333	1.0	0.11768043438936	1
101	Iter0102	9	5	1	2	6	0	3.6	0.5367647058823537	0.1097773076679	1
102	Iter0103	8	8	1	1	3	0	1.0	1.0	0.06393143099999998	1
103	Iter0104	15	2	5	0	4	0	0.8888888888888888	1.0	0.10222564979144601	1
104	Iter0105	7	3	1	2	2	0	4.666666666666667	0.5104895104895114	0.04231439930615401	1
105	Iter0106	13	5	2	0	3	0	0.7777777777777778	1.0	0.16994912662994469	1
106	Iter0107	16	7	0	2	8	0	6.375	0.12000000000000118	0.18704777311000004	1
107	Iter0108	12	9	3	2	6	0	0.8888888888888888	1.0	0.17717609581762997	1
108	Iter0109	8	6	0	0	2	0	1.2857142857142858	1.0	0.03266520045	1
109	Iter0110	14	9	0	0	8	0	1.5	1.0	0.157811672	1
110	Iter0111	16	10	3	0	6	0	0.3863636363636364	0.5320197044335	0.17919619710270002	1
111	Iter0112	11	9	1	1	5	0	1.2222222222222223	1.0	0.09812185721000001	1
112	Iter0113	9	7	2	0	5	0	0.4166666666666667	0.496732026143794	0.08608129864369	1
113	Iter0114	13	5	0	1	10	0	4.666666666666667	0.315789473684211	0.14823815813911703	1
114	Iter0115	9	7	0	1	6	0	2.5	0.470588235294119	0.125951562	1
115	Iter0116	14	12	0	1	12	0	2.3076923076923075	0.4814814814814812	0.2618503362996179	1
116	Iter0117	14	7	0	2	5	0	5.625	0.14229249011857614	0.0690451822672	1
117	Iter0118	10	8	2	2	5	0	1.25	1.0	0.0725482955496	1
118	Iter0119	11	3	3	0	7	1	0.75	1.0	0.162853578	1
119	Iter0120	13	6	2	1	8	0	1.0833333333333333	1.0	0.10543145201000001	1
120	Iter0121	15	2	2	1	8	0	3.75	0.4035087719298248	0.209009488765	1
121	Iter0122	7	2	3	0	6	0	0.6666666666666666	1.0	0.15891091440000002	1
122	Iter0123	8	7	3	1	5	0	0.3809523809523809	0.602683178534573	0.09395996123999999	1
123	Iter0124	15	14	1	2	8	0	2.142857142857143	1.0	0.18150741146000002	1
124	Iter0125	7	6	1	0	3	0	0.5714285714285714	1.0	0.06296609474999999	1
125	Iter0126	14	5	2	0	7	0	0.8333333333333334	1.0	0.14094423490000002	1
126	Iter0127	11	3	4	0	5	0	0.6	1.0	0.08172607775486	1
127	Iter0128	18	6	0	0	9	0	2.7142857142857144	1.0	0.182393288816	1
128	Iter0129	8	5	4	1	2	0	0.4	0.6148459383753492	0.02976558021177	1
129	Iter0130	12	5	8	0	5	0	0.24074074074074076	0.1399209486166019	0.07323071902919999	1
130	Iter0131	15	3	1	1	6	0	5.0	0.3684210526315783	0.10243051310000001	1
131	Iter0132	13	6	0	1	6	0	4.0	0.3500000000000021	0.14422174446999997	1
132	Iter0133	14	2	1	1	4	0	7.0	0.31372549019607954	0.0683191101987	1
133	Iter0134	14	3	0	1	7	0	7.5	0.2222222222222229	0.10030420795079	1
134	Iter0135	9	6	2	2	4	0	1.5	1.0	0.059742191	1
135	Iter0136	4	6	3	3	1	1	0.6666666666666666	1.0	0.0077611604	1
136	Iter0137	12	4	4	2	6	0	1.5	1.0	0.117976329683	1
137	Iter0138	14	6	2	1	6	0	1.1666666666666667	1.0	0.1343089565	1
138	Iter0139	14	6	3	1	4	0	0.7777777777777778	1.0	0.144522951886367	1
139	Iter0140	11	7	2	1	8	0	0.7857142857142857	1.0	0.12894043402	1
140	Iter0141	12	6	0	0	6	0	1.8571428571428568	1.0	0.10969131600934143	1
141	Iter0142	15	10	2	0	6	0	0.4848484848484849	0.515669515669517	0.12401990059999998	1
142	Iter0143	14	9	2	1	5	0	0.7777777777777778	1.0	0.15688175166393767	1
143	Iter0144	11	6	4	0	9	1	0.3428571428571429	0.2807017543859659	0.21713409577500004	1
144	Iter0145	20	7	0	0	9	0	2.625	1.0	0.12446372220000002	1
145	Iter0146	7	6	4	0	3	0	0.22857142857142854	0.23739495798319205	0.07970230899999999	1
146	Iter0147	11	5	2	2	4	0	2.2	0.5867905056759568	0.10200643000000001	1
147	Iter0148	17	4	1	0	11	0	1.8	1.0	0.17724362283732	1
148	Iter0149	12	7	4	1	6	0	0.42857142857142855	0.6310935441370241	0.15210570090000003	1
149	Iter0150	18	6	1	1	7	0	3.0	0.4738461538461562	0.18256846845599106	1
150	Iter0151	15	4	1	0	9	0	1.6	1.0	0.20903763799999997	1
151	Iter0152	10	6	0	0	5	0	1.5714285714285714	1.0	0.08627010042248	1
152	Iter0153	16	8	3	0	10	0	0.4722222222222222	0.5323076923076941	0.18980276582	1
153	Iter0154	11	5	2	2	5	1	2.2	0.5867905056759568	0.0582098995720377	1
154	Iter0155	11	6	3	1	5	1	0.6111111111111109	1.0	0.07431698117755	1
155	Iter0156	9	9	1	0	5	0	0.5	1.0	0.1478146567012	1
156	Iter0157	10	5	4	1	5	0	0.5	1.0	0.0486234824168831	1
157	Iter0158	21	6	0	1	11	0	6.2857142857142865	0.2499999999999973	0.250903091455	1
158	Iter0159	11	8	3	1	5	0	0.4583333333333333	1.0	0.12768735919840002	1
159	Iter0160	11	8	0	1	5	0	2.6666666666666665	0.4500000000000013	0.05677838523	1
160	Iter0161	7	9	1	1	3	0	0.7777777777777778	1.0	0.07189845541789999	1
161	Iter0162	14	5	1	1	8	0	2.8	0.4999999999999992	0.08795551748879989	1
162	Iter0163	19	5	2	0	8	0	1.1111111111111112	1.0	0.2119369968808	1
163	Iter0164	16	5	0	1	7	0	5.666666666666668	0.2727272727272725	0.1436122160481	1
164	Iter0165	11	7	0	0	3	0	1.5	1.0	0.07315615191	1
165	Iter0166	13	8	2	0	4	0	0.5185185185185185	0.5256916996047418	0.0908113923	1
166	Iter0167	11	7	3	1	4	0	0.5238095238095238	1.0	0.044207939421498	1
167	Iter0168	10	6	0	0	4	0	1.5714285714285714	1.0	0.13101177848061	1
168	Iter0169	14	5	1	2	4	1	5.6	0.2272727272727273	0.11844011419299998	1
169	Iter0170	11	5	0	1	5	0	4.0	0.3529411764705896	0.07390421030000001	1
170	Iter0171	11	8	1	0	4	0	0.6666666666666666	1.0	0.06473021410171	1
171	Iter0172	16	7	2	1	9	0	1.1428571428571428	1.0	0.15673618743398599	1
172	Iter0173	12	9	1	3	4	0	4.0	0.3217391304347823	0.0884223653599862	1
173	Iter0174	11	11	1	3	5	0	3.0	0.5982608695652226	0.1380243611	1
174	Iter0175	13	12	2	1	2	0	0.5416666666666666	1.0	0.011884860564040998	1
175	Iter0176	12	9	6	3	5	0	0.6666666666666666	0.7035636028139807	0.09740597255610002	1
176	Iter0177	16	8	2	1	6	1	1.0	1.0	0.1507198545448	1
177	Iter0178	6	9	1	1	3	0	0.6666666666666666	1.0	0.0459857	1
178	Iter0179	11	7	0	0	7	0	1.5	1.0	0.1617293	1
179	Iter0180	16	5	1	0	4	0	1.4166666666666667	1.0	0.07754461317999689	1
180	Iter0181	11	6	1	0	6	0	0.8571428571428571	1.0	0.07995967178281001	1
181	Iter0182	11	5	1	0	6	1	1.0	1.0	0.12620869777	1
182	Iter0183	8	4	6	3	3	2	1.0	1.0	0.04345373809999999	1
183	Iter0184	11	4	3	0	3	0	0.6	1.0	0.056848517677	1
184	Iter0185	14	8	2	0	4	0	0.5555555555555556	0.5362318840579747	0.04469512060952619	1
185	Iter0186	6	6	1	1	4	0	1.0	1.0	0.079526168	1
186	Iter0187	12	6	4	0	4	0	0.37142857142857133	0.5406698564593277	0.05558200709053621	1
187	Iter0188	14	6	1	1	7	0	2.333333333333333	1.0	0.14441082535570002	1
188	Iter0189	8	4	4	4	2	3	2.0	0.6479161705167873	0.023887233730000002	1
189	Iter0190	14	5	4	0	9	1	0.5	0.5392433653303204	0.15951165124799999	1
190	Iter0191	14	4	1	0	8	0	1.5	1.0	0.11676204276	1
191	Iter0192	10	5	0	1	5	0	3.6666666666666665	0.3750000000000003	0.0829351011	1
192	Iter0193	13	7	3	1	5	1	0.6190476190476191	1.0	0.14691801144000002	1
193	Iter0194	14	6	3	2	7	0	1.5555555555555556	1.0	0.1898306801796	1
194	Iter0195	5	3	0	0	2	0	1.5	1.0	0.026529509788421002	1
195	Iter0196	11	6	0	1	4	0	3.4285714285714284	0.3888888888888907	0.093404468717897	1
196	Iter0197	13	9	2	0	6	0	0.4666666666666666	0.5108695652173959	0.062064252219	1
197	Iter0198	14	5	3	2	5	0	1.8666666666666665	0.6080368906455886	0.06297571250187256	1
198	Iter0199	12	5	0	2	4	0	6.5	0.12280701754385998	0.11286231489884403	1
199	Iter0200	9	4	1	2	4	0	4.5	0.5178571428571404	0.06228786	1
200	Iter0201	7	1	7	1	2	0	1.0	1.0	0.0475808338	1
201	Iter0202	13	2	2	0	6	0	1.5555555555555556	1.0	0.1032551634	1
202	Iter0203	15	5	3	4	10	0	4.0	0.17506840985101982	0.13661658	1
203	Iter0204	8	7	1	0	2	0	0.5625	1.0	0.0334449053	1
204	Iter0205	13	7	1	0	8	0	0.875	1.0	0.14462057226	1
205	Iter0206	11	6	2	1	4	0	0.9166666666666666	1.0	0.0739789931	1
206	Iter0207	11	8	1	2	5	0	2.75	0.5714285714285681	0.0507542952216	1
207	Iter0208	14	8	2	1	6	0	0.875	1.0	0.10474844062899999	1
208	Iter0209	12	10	3	3	5	0	1.2	1.0	0.1128727474	1
209	Iter0210	16	6	2	2	9	0	2.6666666666666665	0.563344481605351	0.17730262781	1
210	Iter0211	10	5	0	1	6	0	3.6666666666666665	0.3750000000000003	0.117003049454	1
211	Iter0212	8	1	1	1	6	0	8.0	0.3454545454545447	0.09740236600999999	1
212	Iter0213	7	4	3	1	0	0	0.5833333333333334	1.0	-1.802884e-05	0
213	Iter0214	16	9	1	2	6	0	3.555555555555556	0.5433455433455403	0.17995876976009997	1
214	Iter0215	17	5	0	0	9	0	3.0	1.0	0.13999354690000002	1
215	Iter0216	15	12	2	2	3	0	1.25	1.0	0.06424101988969999	1
216	Iter0217	10	3	0	0	6	0	2.75	1.0	0.1052416335	1
217	Iter0218	10	7	1	0	5	0	0.6875	1.0	0.06715062538	1
218	Iter0219	10	3	1	1	3	0	3.333333333333333	0.4761904761904744	0.06431114900200001	1
219	Iter0220	12	5	5	1	6	0	0.48	1.0	0.12564507642911998	1
220	Iter0221	7	6	3	0	3	0	0.2857142857142857	0.2499999999999989	0.04544783295	1
221	Iter0222	8	6	1	2	6	1	2.6666666666666665	0.5764705882352932	0.16399363205599998	1
222	Iter0223	11	4	4	0	6	0	0.48	0.5304437564499502	0.0582715644	1
223	Iter0224	9	8	3	1	5	1	0.375	0.6030075187969957	0.0729758100888	1
224	Iter0225	16	5	1	2	6	0	6.4	0.19367588932806354	0.10197111910338401	1
225	Iter0226	9	8	2	0	3	0	0.3703703703703704	0.4853801169590648	0.1509161863	1
226	Iter0227	9	8	4	2	2	2	0.5625	0.660019614253021	0.0420855090726	1
227	Iter0228	10	7	2	3	5	0	2.1428571428571432	0.6240601503759357	0.15010242108	1
228	Iter0229	12	6	0	0	4	0	1.8571428571428568	1.0	0.0854547879	1
229	Iter0230	11	6	4	2	3	0	0.9166666666666666	1.0	0.023532374600000003	1
230	Iter0231	8	5	3	2	2	0	1.0666666666666669	1.0	0.055171035420699996	1
231	Iter0232	10	6	0	0	3	0	1.5714285714285714	1.0	0.052149649657	1
232	Iter0233	10	6	1	1	2	0	1.6666666666666667	1.0	0.037002316140962305	1
233	Iter0234	19	9	1	1	9	0	2.1111111111111107	1.0	0.185565818	1
234	Iter0235	9	2	0	2	6	0	10.000000000000002	0.0769230769230771	0.15179119	1
235	Iter0236	13	7	3	0	7	0	0.4375	0.525691699604742	0.1580354309	1
236	Iter0237	10	4	2	0	4	0	0.7333333333333334	1.0	0.1199260526	1
237	Iter0238	13	8	5	2	3	1	0.65	1.0	0.0513895083351	1
238	Iter0239	11	8	1	0	7	0	0.6666666666666666	1.0	0.16158951200000002	1
239	Iter0240	3	7	3	1	2	0	0.14285714285714285	0.2447552447552444	0.0461035	1
240	Iter0241	17	6	3	0	12	0	0.6428571428571429	1.0	0.319491289	1
241	Iter0242	10	6	5	0	6	0	0.2619047619047619	0.2621259029927769	0.15345129999999998	1
242	Iter0243	14	1	0	1	7	0	15.0	0.12499999999999975	0.13803835133556033	1
243	Iter0244	7	7	0	0	4	0	1.0	1.0	0.04732099399999999	1
244	Iter0245	10	3	3	1	3	1	1.1111111111111112	1.0	0.021328663499999994	1
245	Iter0246	9	9	1	1	4	0	1.0	1.0	0.09466772087288305	1
246	Iter0247	8	7	2	1	3	0	0.5714285714285714	1.0	0.056918416199999995	1
247	Iter0248	10	4	2	3	5	0	3.75	0.3046955624355003	0.09911546355999999	1
248	Iter0249	15	4	2	0	12	0	1.0666666666666669	1.0	0.21280391292	1
249	Iter0250	10	5	1	1	4	1	2.0	1.0	0.04524105998	1
250	Iter0251	18	5	2	1	4	0	1.8	1.0	0.03104666210921	1
251	Iter0252	10	10	0	2	4	0	3.0	0.480519480519479	0.04548056389425748	1
252	Iter0253	7	4	0	0	4	0	1.6	1.0	0.09014777675899999	1
253	Iter0254	11	5	2	1	4	0	1.1	1.0	0.09657157532	1
254	Iter0255	14	10	3	0	5	0	0.3409090909090909	0.2735042735042762	0.059215284936	1
255	Iter0256	11	6	1	1	5	0	1.8333333333333333	1.0	0.093040859475	1
256	Iter0257	16	5	1	0	9	0	1.4166666666666667	1.0	0.19055876209999995	1
257	Iter0258	15	4	3	2	2	0	2.5	0.5680406549971759	0.045698815624	1
258	Iter0259	10	2	3	1	5	0	1.6666666666666667	1.0	0.1472349268666	1
259	Iter0260	7	7	0	1	4	0	2.0	1.0	0.041403293198	1
260	Iter0261	14	6	4	1	5	1	0.5833333333333334	1.0	0.112966376798	1
261	Iter0262	8	6	4	1	5	0	0.3333333333333333	0.6026831785345711	0.087544171	1
262	Iter0263	10	5	5	2	6	1	0.8	1.0	0.1202449062	1
263	Iter0264	10	5	3	3	6	0	2.0	0.63106295149639	0.122552648	1
264	Iter0265	7	6	1	1	4	0	1.1666666666666667	1.0	0.071428133	1
265	Iter0266	11	3	4	3	5	0	2.75	0.35436016511868057	0.12889462613906502	1
266	Iter0267	13	5	1	2	4	0	5.2	0.2473684210526329	0.07266881239866	1
267	Iter0268	15	4	1	1	7	1	3.75	0.4285714285714271	0.14887662826184	1
268	Iter0269	16	7	2	1	5	0	1.1428571428571428	1.0	0.0887623159775	1
269	Iter0270	10	4	0	0	6	0	2.2	1.0	0.11640383999999998	1
270	Iter0271	9	6	1	2	3	0	3.0	0.5588235294117663	0.025284267120000002	1
271	Iter0272	15	9	3	1	6	0	0.5555555555555556	1.0	0.14731034	1
272	Iter0273	13	7	2	1	8	0	0.9285714285714286	1.0	0.0995865469	1
273	Iter0274	3	13	0	2	2	0	0.8571428571428571	1.0	0.042926660000000005	1
274	Iter0275	13	4	3	2	8	0	2.1666666666666665	0.5853269537480061	0.1175435583	1
275	Iter0276	12	2	4	2	6	0	3.0	0.5492260061919542	0.11053390260000001	1
276	Iter0277	10	5	2	1	3	0	1.0	1.0	0.040127646351	1
277	Iter0278	14	6	0	1	5	0	4.285714285714286	0.3333333333333329	0.09837599654079998	1
278	Iter0279	6	8	1	0	3	0	0.3888888888888889	0.4666666666666665	0.062319900000000004	1
279	Iter0280	12	4	2	0	3	0	0.8666666666666667	1.0	0.0181169104	1
280	Iter0281	10	5	0	0	7	0	1.8333333333333333	1.0	0.1266010441092	1
281	Iter0282	8	5	0	1	5	0	3.0	0.42857142857142827	0.07369601212	1
282	Iter0283	19	7	0	0	11	0	2.5	1.0	0.23779683299999999	1
283	Iter0284	9	8	2	1	4	0	0.5625	1.0	0.06341578434999567	1
284	Iter0285	19	4	0	2	8	0	12.0	0.05000000000000003	0.2581587593498185	1
285	Iter0286	6	8	5	0	4	0	0.12962962962962962	0.04454764361885103	0.12632870000000002	1
286	Iter0287	12	5	2	0	5	0	0.7222222222222222	1.0	0.1261589664	1
287	Iter0288	9	7	5	3	2	0	0.7714285714285715	1.0	0.016718750097866	1
288	Iter0289	13	7	3	0	1	1	0.4375	0.525691699604742	0.0102115904589	1
289	Iter0290	16	9	2	3	6	1	2.6666666666666665	0.3644057092332974	0.132788929876	1
290	Iter0291	7	5	3	1	1	0	0.4666666666666666	1.0	0.01433872464589	1
291	Iter0292	14	4	0	5	4	0	18.0	0.0037445392136467547	0.047734533726400005	1
292	Iter0293	18	11	1	1	7	0	1.6363636363636365	1.0	0.14538230199839391	1
293	Iter0294	18	7	2	3	7	0	3.8571428571428577	0.30002947244326555	0.17970841648179997	1
294	Iter0295	11	4	2	3	4	0	4.125	0.2897961816305465	0.08520924881000001	1
295	Iter0296	19	3	2	0	9	0	1.6666666666666667	1.0	0.18701256527	1
296	Iter0297	8	11	3	2	2	0	0.4848484848484849	0.6299171842650103	0.053826169545	1
297	Iter0298	13	4	0	2	3	0	8.4	0.08771929824561403	0.05985040864444201	1
298	Iter0299	7	4	1	1	2	0	1.75	1.0	0.036243300396199996	1
299	Iter0300	15	5	0	0	4	0	2.6666666666666665	1.0	0.08683466650865	1
300	Iter0301	17	3	2	1	9	0	2.833333333333333	0.4528514963297557	0.1597230619618421	1
301	Iter0302	13	5	2	0	5	1	0.7777777777777778	1.0	0.111177697486213	1
302	Iter0303	13	6	2	0	7	0	0.6666666666666666	1.0	0.17618438508865	1
303	Iter0304	15	11	4	1	7	0	0.3409090909090909	0.6236029450712455	0.15231243189	1
304	Iter0305	8	5	1	1	3	0	1.6	1.0	0.0665095479685	1
305	Iter0306	9	4	0	1	5	0	4.0	0.3571428571428561	0.08113164740865499	1
306	Iter0307	13	5	4	0	9	0	0.4666666666666667	0.535201640464795	0.24755413	1
307	Iter0308	10	7	1	1	3	0	1.4285714285714286	1.0	0.10600688241	1
308	Iter0309	11	6	1	0	4	0	0.8571428571428571	1.0	0.10768540299	1
309	Iter0310	11	4	1	0	3	0	1.2	1.0	0.085105107	1
310	Iter0311	8	4	0	0	1	0	1.8	1.0	0.028297459771039004	1
311	Iter0312	20	7	0	1	10	0	5.25	0.28571428571428165	0.2252475959710129	1
312	Iter0313	7	5	3	0	1	0	0.3333333333333333	0.5054945054945036	0.011700885	1
313	Iter0314	17	4	1	1	5	0	4.25	0.395256916996044	0.101399323916502	1
314	Iter0315	10	6	4	0	5	0	0.3142857142857143	0.2674922600619205	0.1176134838	1
315	Iter0316	17	6	0	0	10	0	2.571428571428572	1.0	0.188215174978	1
316	Iter0317	9	7	5	0	6	1	0.20833333333333331	0.12349501203990447	0.13756927000000002	1
317	Iter0318	16	6	0	1	3	0	4.857142857142857	0.3043478260869582	0.035614513075922054	1
318	Iter0319	12	8	8	1	6	0	0.1875	0.2011922110872651	0.0935791468319	1
319	Iter0320	11	5	1	0	4	0	1.0	1.0	0.052720466390299994	1
320	Iter0321	17	3	2	0	5	0	1.5	1.0	0.06504626806017	1
321	Iter0322	16	7	0	0	5	0	2.125	1.0	0.088649123744	1
322	Iter0323	11	7	3	1	6	0	0.5238095238095238	1.0	0.18067569500000003	1
323	Iter0324	9	5	2	1	5	0	0.9	1.0	0.1589621467	1
324	Iter0325	14	9	1	0	6	0	0.75	1.0	0.10937292901750001	1
325	Iter0326	15	7	2	2	6	1	2.142857142857143	0.5906354515050194	0.15476789703000002	1
326	Iter0327	16	8	3	0	6	0	0.4722222222222222	0.5323076923076941	0.13839362100000002	1
327	Iter0328	16	4	1	2	8	0	8.0	0.1552795031055889	0.16531973684	1
328	Iter0329	7	4	0	0	5	0	1.6	1.0	0.10751801660999999	1
329	Iter0330	11	7	0	0	5	0	1.5	1.0	0.1039881427957	1
330	Iter0331	11	4	2	0	5	0	0.7999999999999999	1.0	0.11806633417000001	1
331	Iter0332	7	1	1	1	5	0	7.0	0.377777777777778	0.07648463999999999	1
332	Iter0333	4	5	0	0	1	0	0.8333333333333334	1.0	0.0823342	1
333	Iter0334	10	6	3	1	3	0	0.5555555555555556	1.0	0.059055906820000004	1
334	Iter0335	9	6	3	0	5	0	0.35714285714285715	0.5147058823529399	0.09961562000000002	1
335	Iter0336	11	9	0	2	3	0	3.6	0.4761904761904743	0.042644335644	1
336	Iter0337	18	6	2	0	7	0	0.9047619047619048	1.0	0.18692963270781002	1
337	Iter0338	13	7	3	2	7	0	1.238095238095238	1.0	0.16062399849999998	1
338	Iter0339	14	5	2	0	7	0	0.8333333333333334	1.0	0.0742132931	1
339	Iter0340	9	6	3	1	4	0	0.5	1.0	0.06101253809349	1
340	Iter0341	11	3	3	0	4	1	0.75	1.0	0.0916002667902	1
341	Iter0342	8	5	2	0	2	0	0.5	0.5238095238095224	0.04927144775598	1
342	Iter0343	13	5	4	1	7	0	0.65	1.0	0.2109741962	1
343	Iter0344	8	4	0	1	3	0	3.6	0.3846153846153838	0.08940131045897899	1
344	Iter0345	16	6	0	2	8	0	7.2857142857142865	0.10144927536231893	0.13866135038679997	1
345	Iter0346	17	1	2	0	8	0	3.0	1.0	0.15563746744	1
346	Iter0347	10	4	2	1	5	0	1.25	1.0	0.09310734499999998	1
347	Iter0348	9	8	5	1	3	2	0.225	0.3401289785729149	0.08211333903799999	1
348	Iter0349	5	9	1	2	1	0	1.1111111111111112	1.0	0.011247881000000001	1
349	Iter0350	23	6	3	2	9	0	2.5555555555555562	0.5701799781496155	0.2323833436650946	1
350	Iter0351	16	4	4	4	7	1	4.0	0.17195075455944905	0.15019182423516397	1
351	Iter0352	13	3	1	2	6	0	8.666666666666666	0.15479876160990752	0.1181517391085075	1
352	Iter0353	9	8	1	0	5	0	0.5555555555555556	1.0	0.07756383759999999	1
353	Iter0354	14	2	4	0	4	0	1.0	1.0	0.0811019914825	1
354	Iter0355	6	7	3	1	3	0	0.2857142857142857	0.5764705882352927	0.0746621705	1
355	Iter0356	11	6	1	0	7	0	0.8571428571428571	1.0	0.143336105	1
356	Iter0357	12	6	3	1	4	0	0.6666666666666666	1.0	0.0418398247	1
357	Iter0358	5	6	2	0	4	0	0.2857142857142857	0.4615384615384627	0.07466604999999998	1
358	Iter0359	11	6	5	0	4	0	0.2857142857142857	0.2663476874003189	0.07354204611819001	1
359	Iter0360	15	7	1	1	4	0	2.142857142857143	1.0	0.05332525081258659	1
360	Iter0361	12	3	0	0	6	0	3.25	1.0	0.10649861319000001	1
361	Iter0362	9	4	2	2	3	0	2.25	0.5840336134453747	0.062589064	1
362	Iter0363	11	6	0	0	4	0	1.7142857142857142	1.0	0.08668843984000002	1
363	Iter0364	17	6	0	1	5	0	5.142857142857143	0.29166666666666835	0.11915266631350001	1
364	Iter0365	8	8	1	2	3	0	2.0	1.0	0.058503617	1
365	Iter0366	7	4	2	1	5	0	0.875	1.0	0.11404635	1
366	Iter0367	12	8	0	1	6	0	2.888888888888889	0.42857142857142827	0.12966800365948	1
367	Iter0368	14	5	1	0	7	0	1.25	1.0	0.1186798715601	1
368	Iter0369	8	10	1	1	5	0	0.8	1.0	0.09585360883450002	1
369	Iter0370	8	8	2	0	3	0	0.3333333333333333	0.4771241830065369	0.09164303429486001	1
370	Iter0371	13	5	3	0	4	0	0.5833333333333334	0.5488721804511311	0.10276175774499999	1
371	Iter0372	13	4	1	2	5	0	6.5	0.2017543859649126	0.1693291989989	1
372	Iter0373	8	10	1	0	3	1	0.4090909090909091	0.4736842105263162	0.09544931512999999	1
373	Iter0374	21	10	5	1	14	0	0.42	0.6463112271935944	0.300258459541053	1
374	Iter0375	10	5	1	0	5	0	0.9166666666666666	1.0	0.10637430941109	1
375	Iter0376	6	7	2	1	1	0	0.42857142857142855	1.0	0.009712060528000001	1
376	Iter0377	10	4	1	0	6	1	1.1	1.0	0.1025384894916	1
377	Iter0378	14	7	2	2	7	0	2.0	0.6015810276679847	0.13850495746454158	1
378	Iter0379	8	6	3	0	4	0	0.32142857142857145	0.5147058823529405	0.08068484000000001	1
379	Iter0380	16	5	1	0	10	0	1.4166666666666667	1.0	0.27825611705226605	1
380	Iter0381	15	6	0	0	6	0	2.2857142857142856	1.0	0.17800217315600006	1
381	Iter0382	8	3	1	0	4	0	1.125	1.0	0.11148037	1
382	Iter0383	15	7	0	0	4	0	2.0	1.0	0.09942506196711	1
383	Iter0384	7	4	2	2	4	0	1.75	1.0	0.025638960765512003	1
384	Iter0385	14	10	1	1	6	0	1.4	1.0	0.127383047	1
385	Iter0386	13	2	2	2	7	0	6.5	0.1782765737874103	0.14533404141435602	1
386	Iter0387	13	9	2	1	8	0	0.7222222222222222	1.0	0.11997780000000001	1
387	Iter0388	12	4	0	0	4	0	2.6	1.0	0.039345729719630004	1
388	Iter0389	11	3	5	1	7	1	0.7333333333333333	1.0	0.10482345409999999	1
389	Iter0390	12	2	1	0	4	0	2.1666666666666665	1.0	0.07723783298	1
390	Iter0391	13	5	1	0	7	0	1.1666666666666667	1.0	0.12199054863	1
391	Iter0392	11	1	2	1	2	0	5.5	0.3714285714285677	0.06802960303000001	1
392	Iter0393	16	7	3	1	4	0	0.7619047619047619	1.0	0.05338267758301259	1
393	Iter0394	17	5	3	1	8	0	1.1333333333333333	1.0	0.15146416780260002	1
394	Iter0395	13	4	5	1	5	1	0.65	1.0	0.10730798962	1
395	Iter0396	8	7	1	1	3	0	1.1428571428571428	1.0	0.0628041	1
396	Iter0397	9	9	4	1	1	0	0.25	0.3393562958780329	0.005271504761999999	1
397	Iter0398	22	10	2	0	9	1	0.6969696969696969	1.0	0.20363350146714496	1
398	Iter0399	7	4	3	3	2	0	1.75	0.6436651583710422	0.07359814649	1
399	Iter0400	14	6	1	1	6	0	2.333333333333333	1.0	0.17978253948999998	1
400	Iter0401	13	5	0	1	6	0	4.666666666666667	0.315789473684211	0.14803933445	1
401	Iter0402	22	4	0	1	9	0	9.2	0.1851851851851857	0.18142575200879998	1
402	Iter0403	16	8	2	1	7	0	1.0	1.0	0.13634336069441	1
403	Iter0404	14	5	2	7	3	0	9.8	0.01659499920369476	0.058308163999999996	1
404	Iter0405	9	7	3	1	6	0	0.4285714285714286	0.6185758513931885	0.0864422649	1
405	Iter0406	12	7	0	2	5	0	4.875	0.17142857142857115	0.09323709049	1
406	Iter0407	17	2	0	1	7	0	12.0	0.14999999999999974	0.13530029310000002	1
407	Iter0408	8	5	0	0	3	0	1.5	1.0	0.09937902144199999	1
408	Iter0409	8	9	3	2	4	0	0.5925925925925926	1.0	0.08930229051000001	1
409	Iter0410	9	7	1	0	2	0	0.625	1.0	0.07708170412399999	1
410	Iter0411	11	8	0	0	5	0	1.3333333333333333	1.0	0.12198427399999999	1
411	Iter0412	16	7	2	1	6	0	1.1428571428571428	1.0	0.12002585669058999	1
412	Iter0413	13	5	1	1	7	0	2.6	0.5210526315789469	0.155434709	1
413	Iter0414	15	5	2	2	4	0	3.0	0.5520421607378158	0.06445401987741099	1
414	Iter0415	7	7	3	0	4	0	0.25	0.2279411764705884	0.0859074	1
415	Iter0416	7	8	4	0	4	1	0.17777777777777776	0.10319917440660464	0.07966522000000001	1
416	Iter0417	10	7	3	1	5	0	0.4761904761904762	1.0	0.092717247685872	1
417	Iter0418	15	4	1	0	7	0	1.6	1.0	0.14928233900000001	1
418	Iter0419	9	4	2	3	3	0	3.375	0.3259803921568637	0.042260171246	1
419	Iter0420	11	6	2	1	7	0	0.9166666666666666	1.0	0.14533456	1
420	Iter0421	5	7	5	3	2	0	0.42857142857142855	0.6499166468206725	0.07136287837	1
421	Iter0422	15	4	1	1	7	0	3.75	0.4285714285714271	0.10130953000000001	1
422	Iter0423	10	5	2	0	4	0	0.6111111111111109	1.0	0.0561703889	1
423	Iter0424	16	7	1	0	4	0	1.0625	1.0	0.043161669	1
424	Iter0425	16	6	1	3	10	0	8.0	0.10394648829431502	0.15328167764	1
425	Iter0426	10	8	1	0	3	0	0.6111111111111112	1.0	0.13424337677	1
426	Iter0427	9	4	0	4	5	0	10.0	0.02941176470588216	0.06164489503	1
427	Iter0428	12	5	2	3	3	0	3.6	0.3088782562466785	0.10442456167999146	1
428	Iter0429	11	5	3	1	6	0	0.7333333333333334	1.0	0.1220993399993106	1
429	Iter0430	9	6	3	1	3	0	0.5	1.0	0.0194625271327	1
430	Iter0431	9	8	2	1	6	1	0.5625	1.0	0.07739784300000001	1
431	Iter0432	11	3	3	2	6	0	2.4444444444444438	0.5695734434124551	0.09782025945200001	1
432	Iter0433	13	2	5	3	6	0	3.9	0.296858747659662	0.147336369095	1
433	Iter0434	13	4	4	1	4	2	0.8125	1.0	0.07741550814199999	1
434	Iter0435	16	7	1	1	9	0	2.2857142857142856	1.0	0.15172024476999998	1
435	Iter0436	5	7	0	3	3	0	3.0	0.5054945054945039	0.01335426	1
436	Iter0437	5	8	2	1	4	0	0.3125	0.5499999999999977	0.07319023	1
437	Iter0438	13	4	3	0	7	0	0.7	1.0	0.13575007953999998	1
438	Iter0439	15	7	1	0	9	0	1.0	1.0	0.2279350393	1
439	Iter0440	8	7	4	0	5	1	0.225	0.2450980392156861	0.17567993780000002	1
440	Iter0441	11	8	0	1	5	0	2.6666666666666665	0.4500000000000013	0.0639308366	1
441	Iter0442	16	8	3	0	6	0	0.4722222222222222	0.5323076923076941	0.1515335323899089	1
442	Iter0443	7	6	2	1	2	0	0.5833333333333334	1.0	0.04183449694	1
443	Iter0444	8	5	2	1	2	0	0.8	1.0	0.081478091912	1
444	Iter0445	19	8	4	0	15	1	0.4444444444444445	0.5497219132369291	0.3638073046	1
445	Iter0446	9	4	3	1	4	0	0.75	1.0	0.06934860000000001	1
446	Iter0447	19	6	2	0	11	0	0.9523809523809524	1.0	0.1442062873615	1
447	Iter0448	13	12	0	1	6	0	2.1538461538461537	1.0	0.0832397601	1
448	Iter0449	13	5	3	3	4	0	2.6	0.3617640940295416	0.08931045619851	1
449	Iter0450	17	2	3	2	6	0	5.666666666666668	0.17927724449463558	0.09995807439999999	1
450	Iter0451	18	3	3	0	8	0	1.1875	1.0	0.20977096039	1
451	Iter0452	10	8	1	2	4	0	2.5	0.5864661654135335	0.0544188609177	1
452	Iter0453	12	4	5	1	3	1	0.6	1.0	0.027675455999999998	1
453	Iter0454	13	8	2	1	6	1	0.8125	1.0	0.21254733303999998	1
454	Iter0455	14	7	0	1	6	0	3.75	0.36363636363636304	0.119118329941	1
455	Iter0456	6	7	3	0	5	0	0.21875	0.21249999999999933	0.12391711300000001	1
456	Iter0457	14	13	4	0	7	0	0.21428571428571427	0.11997457492451805	0.196148237	1
457	Iter0458	11	4	2	4	5	0	5.5	0.14617425917735505	0.08633995209976925	1
458	Iter0459	9	10	3	1	5	0	0.3	0.5900621118012405	0.133589599570352	1
459	Iter0460	14	7	2	0	5	0	0.625	1.0	0.0904213077	1
460	Iter0461	7	3	3	1	2	1	0.7777777777777778	1.0	0.037148111299999995	1
461	Iter0462	5	7	0	0	3	0	0.75	1.0	0.0774596	1
462	Iter0463	10	9	1	0	6	0	0.55	1.0	0.1788604237	1
463	Iter0464	10	10	1	1	4	0	1.0	1.0	0.07957755903436001	1
464	Iter0465	8	7	0	1	2	0	2.25	1.0	0.024635757076000003	1
465	Iter0466	7	2	3	1	1	0	1.1666666666666667	1.0	0.019966839	1
466	Iter0467	18	3	0	0	4	0	4.75	1.0	0.07160028202699999	1
467	Iter0468	15	5	3	0	7	0	0.6666666666666666	1.0	0.15578419458200002	1
468	Iter0469	6	7	3	1	3	0	0.2857142857142857	0.5764705882352927	0.061139761797434924	1
469	Iter0470	18	4	1	0	7	0	1.9	1.0	0.109796815494	1
470	Iter0471	12	1	1	0	5	1	3.25	1.0	0.13951776999995102	1
471	Iter0472	11	7	3	1	5	0	0.5238095238095238	1.0	0.105283107915	1
472	Iter0473	8	4	0	1	6	0	3.6	0.3846153846153838	0.1038818036	1
473	Iter0474	11	6	5	1	5	2	0.36666666666666653	0.6213854795090509	0.09015028535820001	1
474	Iter0475	17	11	3	0	6	0	0.375	0.5350389321468351	0.08530893734000002	1
475	Iter0476	17	5	1	2	7	1	6.8	0.17956521739130468	0.11162067725	1
476	Iter0477	15	7	0	1	3	0	4.0	0.34782608695652245	0.05702981708199999	1
477	Iter0478	8	9	4	1	4	0	0.2222222222222222	0.3233082706766893	0.097718552863313	1
478	Iter0479	10	10	3	1	3	0	0.3333333333333333	0.5962732919254657	0.0870512942749	1
479	Iter0480	10	8	0	1	6	0	2.4444444444444446	0.4736842105263162	0.1052279877	1
480	Iter0481	19	5	4	2	10	1	1.9	0.6033127026230527	0.19902195109477197	1
481	Iter0482	11	8	2	2	5	0	1.375	1.0	0.12403762937	1
482	Iter0483	12	6	0	1	5	0	3.7142857142857135	0.3684210526315791	0.1391095087518	1
483	Iter0484	11	4	9	2	4	2	0.6111111111111112	1.0	0.07901958490000001	1
484	Iter0485	8	5	0	0	5	0	1.5	1.0	0.07874332999984596	1
485	Iter0486	17	8	2	0	7	0	0.6666666666666666	1.0	0.230524847116591	1
486	Iter0487	16	7	0	2	6	0	6.375	0.12000000000000118	0.0875485384912	1
487	Iter0488	4	2	4	1	3	1	0.5	1.0	0.03781946	1
488	Iter0489	13	4	0	2	9	0	8.4	0.08771929824561403	0.1654747730043	1
489	Iter0490	11	6	1	3	6	0	5.5	0.27218045112782085	0.13493635110000002	1
490	Iter0491	11	9	5	3	4	0	0.7333333333333334	1.0	0.0766813549	1
491	Iter0492	13	5	2	1	7	0	1.3	1.0	0.14608947485499998	1
492	Iter0493	12	3	0	1	7	0	6.5	0.24999999999999994	0.21505313080027977	1
493	Iter0494	13	9	2	3	6	1	2.166666666666667	0.6280193236715058	0.1452219655	1
494	Iter0495	12	7	4	2	5	1	0.8571428571428571	1.0	0.105797349837623	1
495	Iter0496	7	9	2	0	2	0	0.26666666666666666	0.4705882352941198	0.0628561706	1
496	Iter0497	11	12	2	2	5	1	0.9166666666666666	1.0	0.10815844928000001	1
497	Iter0498	18	5	1	1	6	0	3.6	0.4300000000000032	0.09259651819999999	1
498	Iter0499	11	6	0	1	6	0	3.4285714285714284	0.3888888888888907	0.134286584	1
499	Iter0500	12	4	0	0	8	0	2.6	1.0	0.114993693	1
500	Iter0501	9	8	1	1	4	0	1.125	1.0	0.0449944994	1
501	Iter0502	13	6	5	1	6	0	0.4333333333333333	0.6371541501976321	0.11554918530000002	1
502	Iter0503	16	7	0	1	9	0	4.25	0.3333333333333329	0.2328286589588174	1
503	Iter0504	9	6	0	2	1	0	4.285714285714287	0.2058823529411759	0.016574865052490003	1
504	Iter0505	8	11	3	2	5	0	0.4848484848484849	0.6299171842650103	0.09520139676211	1
505	Iter0506	14	4	8	1	5	2	0.4375	0.6361204013377953	0.094349660533	1
506	Iter0507	12	9	0	0	8	0	1.3	1.0	0.14752968164	1
507	Iter0508	13	5	1	0	6	0	1.1666666666666667	1.0	0.13535693328890896	1
508	Iter0509	14	9	5	0	5	1	0.25	0.14395604395604414	0.06692147194578	1
509	Iter0510	14	5	2	1	2	0	1.4	1.0	0.038674725576603605	1
510	Iter0511	10	8	1	1	6	0	1.25	1.0	0.12263048301999999	1
511	Iter0512	13	9	0	0	7	0	1.4	1.0	0.10606624700000002	1
512	Iter0513	10	5	1	0	5	0	0.9166666666666666	1.0	0.08012603999886667	1
513	Iter0514	13	8	3	1	6	0	0.5416666666666666	1.0	0.14379924100000002	1
514	Iter0515	12	8	1	0	2	1	0.7222222222222222	1.0	0.054892463077722095	1
515	Iter0516	7	9	1	1	3	0	0.7777777777777778	1.0	0.035852010000000004	1
516	Iter0517	12	6	0	0	5	0	1.8571428571428568	1.0	0.08547430008	1
517	Iter0518	9	5	3	2	2	1	1.2	1.0	0.0497541044	1
518	Iter0519	13	7	1	0	4	0	0.875	1.0	0.035925220174491	1
519	Iter0520	12	5	1	0	8	0	1.0833333333333333	1.0	0.14615017964000002	1
520	Iter0521	14	5	2	2	7	0	2.8	0.5573122529644269	0.0981173947824593	1
521	Iter0522	15	8	0	1	9	0	3.555555555555556	0.37500000000000105	0.24925642099999998	1
522	Iter0523	10	5	5	0	5	0	0.3055555555555555	0.2663183694530468	0.06875019857107001	1
523	Iter0524	9	7	0	0	5	0	1.25	1.0	0.0988946312519	1
524	Iter0525	12	4	1	0	6	0	1.3	1.0	0.08319992999999999	1
525	Iter0526	9	8	3	1	6	0	0.375	0.6030075187969957	0.12460112039999999	1
526	Iter0527	15	5	2	4	9	0	6.0	0.13785345089692974	0.22805334237699998	1
527	Iter0528	11	9	2	0	3	0	0.4	0.4935064935064917	0.01821592452007	1
528	Iter0529	16	10	0	0	7	0	1.5454545454545454	1.0	0.15027268061000001	1
529	Iter0530	14	6	7	2	4	0	0.6666666666666667	1.0	0.11024197629679999	1
530	Iter0531	11	5	1	1	6	0	2.2	1.0	0.14270121	1
531	Iter0532	5	6	4	1	4	0	0.20833333333333331	0.3076923076923075	0.08072580000000001	1
532	Iter0533	10	7	2	4	4	0	2.8571428571428568	0.3707093821510293	0.07716358654069999	1
533	Iter0534	12	11	0	1	6	0	2.1666666666666665	1.0	0.06268145341835	1
534	Iter0535	7	8	2	2	2	2	0.875	1.0	0.05870455196319999	1
535	Iter0536	7	6	1	1	4	0	1.1666666666666667	1.0	0.064496356497	1
536	Iter0537	18	3	1	1	5	0	6.0	0.32411067193675985	0.10447500722987998	1
537	Iter0538	15	2	0	2	7	0	16.0	0.03508771929824571	0.13485655380000003	1
538	Iter0539	16	6	1	1	10	0	2.6666666666666665	0.507246376811596	0.27456655837289995	1
539	Iter0540	14	4	2	2	9	1	3.5	0.2918660287081307	0.23530757480000003	1
540	Iter0541	8	7	3	2	7	0	0.7619047619047619	1.0	0.15006111000000003	1
541	Iter0542	8	4	4	3	3	1	1.5	1.0	0.08827543602	1
542	Iter0543	11	5	1	0	4	0	1.0	1.0	0.10551391879800001	1
543	Iter0544	14	5	3	0	7	1	0.625	1.0	0.140426826553	1
544	Iter0545	17	7	3	1	5	0	0.8095238095238094	1.0	0.09513203808167912	1
545	Iter0546	15	4	1	0	5	1	1.6	1.0	0.136718471839	1
546	Iter0547	12	9	0	0	8	0	1.3	1.0	0.108170501	1
547	Iter0548	16	9	1	0	8	0	0.85	1.0	0.24454219604	1
548	Iter0549	14	3	2	6	8	0	14.000000000000002	0.009860619929269898	0.13600896	1
549	Iter0550	12	7	1	1	6	0	1.7142857142857142	1.0	0.161364634982	1
550	Iter0551	7	7	2	2	2	0	1.0	1.0	0.010570252	1
551	Iter0552	13	5	3	2	4	1	1.7333333333333334	0.6213854795090492	0.041047713300000004	1
552	Iter0553	8	5	1	0	4	1	0.75	1.0	0.09000145	1
553	Iter0554	10	4	2	2	6	1	2.5	0.5686274509803924	0.16104422	1
554	Iter0555	16	7	3	0	8	0	0.53125	0.5396153846153847	0.1686719207	1
555	Iter0556	7	3	0	2	0	0	6.0	0.15151515151515202	-6.030760000000001e-09	0
556	Iter0557	12	6	1	0	4	0	0.9285714285714286	1.0	0.053232842800200006	1
557	Iter0558	11	5	4	2	6	0	1.1	1.0	0.15484148799999997	1
558	Iter0559	9	2	3	1	2	0	1.5	1.0	0.051602865718061	1
559	Iter0560	7	6	3	2	3	0	0.7777777777777778	1.0	0.050692171157000004	1
560	Iter0561	14	12	2	1	4	0	0.5833333333333334	1.0	0.07771483559161901	1
561	Iter0562	14	7	4	2	6	0	1.0	1.0	0.05538470591626	1
562	Iter0563	11	2	4	0	4	0	0.8	1.0	0.0816483627	1
563	Iter0564	21	5	2	1	5	0	2.1	0.5153256704980881	0.11878294966541	1
564	Iter0565	10	6	4	2	2	1	0.8333333333333334	1.0	0.0340411206334	1
565	Iter0566	11	7	1	0	6	1	0.75	1.0	0.10433366019	1
566	Iter0567	10	10	1	1	4	0	1.0	1.0	0.07048159772349	1
567	Iter0568	6	2	2	1	4	0	1.5	1.0	0.13328709445200002	1
568	Iter0569	12	10	1	2	6	0	2.4	0.5930434782608718	0.20569971228900003	1
569	Iter0570	12	2	0	3	6	0	17.333333333333332	0.014705882352941185	0.16287852099999997	1
570	Iter0571	9	7	1	2	2	0	2.571428571428572	0.5820433436532529	0.021281384616282904	1
571	Iter0572	10	4	3	2	3	2	1.6666666666666667	1.0	0.0747098148317	1
572	Iter0573	10	6	4	2	5	0	0.8333333333333334	1.0	0.102635542403823	1
573	Iter0574	15	7	1	0	12	0	1.0	1.0	0.2116703407	1
574	Iter0575	8	6	1	2	5	0	2.6666666666666665	0.5764705882352932	0.12374204500000001	1
575	Iter0576	15	1	3	0	7	0	2.0	1.0	0.10999491231000001	1
576	Iter0577	18	4	3	1	3	0	1.5	1.0	0.08427955058999999	1
577	Iter0578	9	6	2	2	3	0	1.5	1.0	0.0411931666	1
578	Iter0579	12	8	2	1	7	0	0.75	1.0	0.15300136734	1
579	Iter0580	12	6	0	0	3	0	1.8571428571428568	1.0	0.060381629152213706	1
580	Iter0581	13	5	1	4	4	0	10.4	0.056168088204701525	0.048782955382	1
581	Iter0582	6	4	4	0	3	1	0.28	0.2507492507492505	0.07216721508	1
582	Iter0583	5	8	1	1	2	0	0.625	1.0	0.02644795	1
583	Iter0584	9	5	7	4	3	1	1.0285714285714287	1.0	0.06678598853890001	1
584	Iter0585	13	9	4	0	6	1	0.28	0.2631438127090325	0.18470309913	1
585	Iter0586	13	6	3	0	6	0	0.5	0.5324675324675334	0.1073657902051	1
586	Iter0587	8	2	5	3	5	0	2.4	0.6078431372549022	0.11985561902200001	1
587	Iter0588	16	6	1	1	4	0	2.6666666666666665	0.507246376811596	0.07087553502999999	1
588	Iter0589	14	5	1	0	6	0	1.25	1.0	0.09484851415311	1
589	Iter0590	9	6	1	1	4	0	1.5	1.0	0.10251631481744	1
590	Iter0591	14	8	0	0	4	0	1.6666666666666667	1.0	0.1031990973091314	1
591	Iter0592	20	2	0	0	8	0	7.0	1.0	0.14278211546428002	1
592	Iter0593	14	4	3	0	9	0	0.75	1.0	0.20288922722799999	1
593	Iter0594	13	7	1	0	3	0	0.875	1.0	0.037108212084999995	1
594	Iter0595	14	9	2	2	7	0	1.5555555555555556	1.0	0.11929437729393999	1
595	Iter0596	12	7	2	3	7	0	2.571428571428572	0.6146245059288562	0.14250214672276007	1
596	Iter0597	12	8	0	1	5	0	2.888888888888889	0.42857142857142827	0.0853860718399	1
597	Iter0598	14	6	2	1	5	0	1.1666666666666667	1.0	0.07485818806270786	1
598	Iter0599	11	10	1	2	6	0	2.2	1.0	0.15938050997999997	1
599	Iter0600	10	6	0	1	3	0	3.1428571428571432	0.4117647058823533	0.09070887143	1
600	Iter0601	4	5	1	0	2	0	0.4166666666666667	1.0	0.0727583	1
601	Iter0602	11	7	1	3	4	0	4.714285714285714	0.2932330827067657	0.045548645194	1
602	Iter0603	9	11	2	3	2	0	1.2272727272727275	1.0	0.12001116860000002	1
603	Iter0604	19	6	0	2	8	0	8.571428571428571	0.07977207977208026	0.129829149281427	1
604	Iter0605	13	2	2	0	3	0	1.5555555555555556	1.0	0.042464244363999995	1
605	Iter0606	14	7	0	1	5	0	3.75	0.36363636363636304	0.0972011654	1
606	Iter0607	8	6	0	2	3	0	3.8571428571428577	0.4666666666666657	0.07932725741	1
607	Iter0608	13	4	1	1	5	0	3.25	0.4678362573099442	0.05426983955487999	1
608	Iter0609	13	6	5	1	5	0	0.4333333333333333	0.6371541501976321	0.11935215538	1
609	Iter0610	14	9	1	0	6	0	0.75	1.0	0.12891851398	1
610	Iter0611	9	4	1	0	6	0	1.0	1.0	0.14529388593	1
611	Iter0612	6	3	1	1	1	0	2.0	1.0	0.0101389082	1
612	Iter0613	13	11	0	0	7	0	1.1666666666666667	1.0	0.1534048133	1
613	Iter0614	18	8	1	0	9	0	1.0555555555555556	1.0	0.13294619100000002	1
614	Iter0615	11	4	1	0	5	0	1.2	1.0	0.0961824538	1
615	Iter0616	13	9	1	2	5	0	2.888888888888889	0.5647826086956568	0.10026934240600001	1
616	Iter0617	9	5	1	1	4	0	1.8	1.0	0.044504060500000005	1
617	Iter0618	13	10	0	1	7	0	2.5454545454545454	0.4583333333333376	0.14653379143384002	1
618	Iter0619	8	5	0	1	3	0	3.0	0.42857142857142827	0.0888060751	1
619	Iter0620	21	6	2	1	10	0	1.75	1.0	0.2547464738701001	1
620	Iter0621	18	7	1	0	12	0	1.1875	1.0	0.24089545009999996	1
621	Iter0622	6	6	0	2	1	0	3.0	0.4725274725274709	0.01060348846	1
622	Iter0623	4	4	4	3	0	0	0.75	1.0	-1.8204178963000002e-05	0
623	Iter0624	14	6	3	3	3	0	2.333333333333333	0.6278504104591105	0.055794753300000006	1
624	Iter0625	19	4	1	0	7	0	2.0	1.0	0.07489889631775999	1
625	Iter0626	9	12	1	1	4	0	0.75	1.0	0.05712077897000001	1
626	Iter0627	10	3	0	0	7	0	2.75	1.0	0.15050932	1
627	Iter0628	13	5	2	4	4	0	5.2	0.15014562096941986	0.055383970500000004	1
628	Iter0629	9	4	2	1	6	0	1.125	1.0	0.11688502	1
629	Iter0630	11	2	2	0	6	0	1.3333333333333333	1.0	0.11278846202953802	1
630	Iter0631	13	4	4	1	3	0	0.8125	1.0	0.06640628592	1
631	Iter0632	7	2	2	1	4	0	1.75	1.0	0.043953619	1
632	Iter0633	15	6	1	0	8	0	1.1428571428571428	1.0	0.104668313292	1
633	Iter0634	17	7	0	0	7	0	2.25	1.0	0.21670483748000002	1
634	Iter0635	20	6	4	1	14	0	0.8333333333333334	1.0	0.30392971700000004	1
635	Iter0636	10	10	1	2	8	0	2.0	1.0	0.18291804011539997	1
636	Iter0637	16	8	2	0	3	0	0.6296296296296297	1.0	0.046993080014999945	1
637	Iter0638	12	5	1	0	5	0	1.0833333333333333	1.0	0.11302469398763318	1
638	Iter0639	12	3	2	3	2	0	6.0	0.13132094943240485	0.029386041264500003	1
639	Iter0640	9	5	2	0	4	0	0.5555555555555556	1.0	0.056609732644136775	1
640	Iter0641	11	8	0	1	5	0	2.6666666666666665	0.4500000000000013	0.0752862184368	1
641	Iter0642	12	6	1	1	8	0	2.0	1.0	0.17406408829999998	1
642	Iter0643	14	8	2	0	7	0	0.5555555555555556	0.5362318840579747	0.100022592578	1
643	Iter0644	9	5	4	6	3	0	2.7	0.4080966482702937	0.04915238514	1
644	Iter0645	7	9	0	1	4	0	1.6	1.0	0.08615964999999999	1
645	Iter0646	10	4	1	0	8	0	1.1	1.0	0.187803799	1
646	Iter0647	18	3	2	3	8	0	9.0	0.0624201885071449	0.168514604174	1
647	Iter0648	7	5	0	1	3	0	2.6666666666666665	0.4615384615384624	0.0731971221	1
648	Iter0649	10	3	3	1	6	0	1.1111111111111112	1.0	0.15043040266000002	1
649	Iter0650	12	6	0	0	6	0	1.8571428571428568	1.0	0.210947296393587	1
650	Iter0651	14	3	2	0	6	0	1.25	1.0	0.1725579197	1
651	Iter0652	12	3	4	1	7	1	1.0	1.0	0.20681105457	1
652	Iter0653	16	5	4	0	5	0	0.5666666666666667	0.5494071146245043	0.12127897315	1
653	Iter0654	10	5	1	1	4	0	2.0	1.0	0.055847545000000005	1
654	Iter0655	8	4	0	2	4	0	5.4	0.16483516483516408	0.108382261945	1
655	Iter0656	13	5	3	0	5	0	0.5833333333333334	0.5488721804511311	0.0836982390027	1
656	Iter0657	11	9	3	2	5	0	0.8148148148148149	1.0	0.10203602039904128	1
657	Iter0658	8	5	1	0	3	0	0.75	1.0	0.03600666769579999	1
658	Iter0659	19	4	1	0	7	1	2.0	1.0	0.10089221932329999	1
659	Iter0660	12	3	2	2	5	0	4.0	0.2721878224974212	0.10048434199999878	1
660	Iter0661	17	8	1	0	6	0	1.0	1.0	0.1259485662	1
661	Iter0662	14	3	1	1	7	1	4.666666666666667	0.385964912280702	0.11614136842999999	1
662	Iter0663	9	7	5	2	3	0	0.5142857142857143	0.6570197873199671	0.09059057979799999	1
663	Iter0664	18	3	2	0	4	0	1.5833333333333333	1.0	0.103301825253841	1
664	Iter0665	8	5	1	2	4	0	3.2	0.5499999999999977	0.08213504099999999	1
665	Iter0666	15	3	0	0	6	0	4.0	1.0	0.083644078523	1
666	Iter0667	13	9	3	1	4	0	0.4814814814814815	1.0	0.075380358602	1
667	Iter0668	16	8	1	0	7	1	0.9444444444444444	1.0	0.11931929400000002	1
668	Iter0669	11	8	2	1	9	0	0.6875	1.0	0.145092421035	1
669	Iter0670	7	6	0	2	4	0	3.4285714285714284	0.4666666666666652	0.0762225185	1
670	Iter0671	13	8	1	1	8	0	1.625	1.0	0.21056656497981	1
671	Iter0672	14	3	4	1	8	0	1.1666666666666667	1.0	0.18081653903000006	1
672	Iter0673	8	8	2	0	5	1	0.3333333333333333	0.4771241830065369	0.1104512145697	1
673	Iter0674	14	4	1	3	11	0	10.5	0.07655502392344447	0.3120119205998942	1
674	Iter0675	8	5	4	1	4	0	0.4	0.6148459383753492	0.0499048864	1
675	Iter0676	11	3	1	1	4	0	3.6666666666666665	0.4499999999999997	0.06250540413200001	1
676	Iter0677	14	4	0	0	4	0	3.0	1.0	0.11054742635660002	1
677	Iter0678	14	7	2	1	4	0	1.0	1.0	0.07123129128219999	1
678	Iter0679	18	7	3	3	7	0	2.571428571428572	0.35783349020278965	0.16179237999999999	1
679	Iter0680	12	7	0	0	4	0	1.625	1.0	0.12288332788369999	1
680	Iter0681	10	3	2	0	5	0	0.9166666666666666	1.0	0.065236472236	1
681	Iter0682	7	6	3	2	3	0	0.7777777777777778	1.0	0.068530999762423	1
682	Iter0683	12	4	1	1	6	0	3.0	0.4901960784313731	0.06655636049	1
683	Iter0684	11	7	1	0	4	0	0.75	1.0	0.065248047372589	1
684	Iter0685	13	11	1	0	7	0	0.5833333333333334	1.0	0.15535295307225	1
685	Iter0686	12	5	2	0	6	0	0.7222222222222222	1.0	0.118868599723	1
686	Iter0687	13	4	2	0	8	0	0.9333333333333332	1.0	0.1325353126811	1
687	Iter0688	11	6	2	2	3	0	1.8333333333333333	0.6177109440267335	0.02517854985	1
688	Iter0689	8	4	0	2	6	0	5.4	0.16483516483516408	0.08036829	1
689	Iter0690	15	5	1	2	5	0	6.0	0.20948616600790487	0.10099244673787999	1
690	Iter0691	10	1	2	1	4	0	5.0	0.3956043956043935	0.08250427121000001	1
691	Iter0692	6	11	3	2	2	0	0.3636363636363636	0.609022556390974	0.047731699068166	1
692	Iter0693	12	4	1	0	5	0	1.3	1.0	0.10390766507200001	1
693	Iter0694	11	4	1	2	3	0	5.5	0.24509803921568574	0.0580881379773	1
694	Iter0695	12	1	0	0	4	0	6.5	1.0	0.087203269714	1
695	Iter0696	13	7	0	0	7	0	1.75	1.0	0.1789209057	1
696	Iter0697	11	10	0	0	6	0	1.0909090909090908	1.0	0.1416230641	1
697	Iter0698	14	3	2	0	7	0	1.25	1.0	0.12251222877000001	1
698	Iter0699	8	1	0	4	4	0	22.5	0.0069930069930069965	0.0350460893720849	1
699	Iter0700	14	3	1	3	5	0	14.000000000000002	0.05263157894736852	0.081175809364	1
700	Iter0701	7	8	7	2	3	2	0.25	0.20992058150491366	0.0432524272631	1
701	Iter0702	13	5	1	1	8	0	2.6	0.5210526315789469	0.22937639378959002	1
702	Iter0703	10	3	1	2	4	1	6.666666666666668	0.2142857142857131	0.0725718799320666	1
703	Iter0704	17	3	3	0	7	0	1.125	1.0	0.134772675552837	1
704	Iter0705	8	5	1	0	5	1	0.75	1.0	0.051529056000000004	1
705	Iter0706	8	5	3	0	3	1	0.375	0.5089285714285694	0.0752103061	1
706	Iter0707	13	4	1	0	6	1	1.4	1.0	0.1009788741	1
707	Iter0708	8	8	1	1	4	0	1.0	1.0	0.07491974383744	1
708	Iter0709	9	5	3	1	2	0	0.6	1.0	0.06440345123999998	1
709	Iter0710	15	5	1	0	8	0	1.3333333333333333	1.0	0.18383386494999998	1
710	Iter0711	14	4	1	0	6	0	1.5	1.0	0.1147853563	1
711	Iter0712	13	4	2	1	4	1	1.625	1.0	0.05600866079269999	1
712	Iter0713	9	4	0	0	3	0	2.0	1.0	0.057588505	1
713	Iter0714	12	3	2	0	4	0	1.0833333333333333	1.0	0.035804298619151	1
714	Iter0715	10	6	2	1	8	0	0.8333333333333334	1.0	0.15285787174999999	1
715	Iter0716	10	7	3	0	3	0	0.34375	0.5210526315789488	0.045395129000000006	1
716	Iter0717	8	8	4	3	4	2	0.75	1.0	0.13716091302	1
717	Iter0718	12	2	3	0	7	0	1.0833333333333333	1.0	0.14920346932	1
718	Iter0719	18	7	8	0	6	2	0.2638888888888889	0.15430725497466033	0.110023061186	1
719	Iter0720	7	7	2	0	4	0	0.3333333333333333	0.4749999999999993	0.09049631617000001	1
720	Iter0721	22	6	0	0	9	0	3.2857142857142856	1.0	0.24882831297000002	1
721	Iter0722	14	5	3	2	7	0	1.8666666666666665	0.6080368906455886	0.074735357544363	1
722	Iter0723	9	5	3	4	3	0	2.4	0.3972136222910229	0.06563618908999999	1
723	Iter0724	18	5	2	5	8	0	9.0	0.02564102564102589	0.10552387047339	1
724	Iter0725	13	6	5	2	7	1	0.8666666666666666	1.0	0.09541404370999997	1
725	Iter0726	13	4	2	1	5	0	1.625	1.0	0.15503446220000003	1
726	Iter0727	13	7	3	0	8	1	0.4375	0.525691699604742	0.17678630829999997	1
727	Iter0728	5	8	4	3	3	0	0.46875	0.6424148606811126	0.04588121704321109	1
728	Iter0729	10	9	2	0	4	1	0.3666666666666667	0.4857142857142857	0.098404464908	1
729	Iter0730	14	2	1	1	2	0	7.0	0.31372549019607954	0.04535943982300001	1
730	Iter0731	9	11	2	1	6	0	0.4090909090909091	0.5900621118012406	0.13813008	1
731	Iter0732	9	8	0	2	4	0	3.333333333333333	0.4736842105263166	0.044987703000000004	1
732	Iter0733	7	2	1	0	5	0	1.3333333333333333	1.0	0.17511050000000003	1
733	Iter0734	6	5	3	1	4	1	0.4	0.6043956043956045	0.09856319999999999	1
734	Iter0735	9	5	1	1	3	0	1.8	1.0	0.09481606692600002	1
735	Iter0736	7	5	5	1	3	0	0.28	0.6000323206205556	0.0646113230849351	1
736	Iter0737	11	5	3	1	2	1	0.7333333333333334	1.0	0.029607721065	1
737	Iter0738	9	4	2	0	4	0	0.6666666666666666	1.0	0.081651577	1
738	Iter0739	11	7	1	1	6	0	1.5714285714285714	1.0	0.16940786605000002	1
739	Iter0740	12	5	3	1	5	0	0.7999999999999999	1.0	0.06702851636585001	1
740	Iter0741	8	4	0	3	4	0	7.2	0.07692307692307655	0.108524649	1
741	Iter0742	6	5	0	1	2	0	2.333333333333333	1.0	0.0359969104	1
742	Iter0743	8	2	0	1	4	0	6.0	0.2727272727272725	0.10513762276470001	1
743	Iter0744	13	9	1	1	5	0	1.4444444444444444	1.0	0.07536985035388755	1
744	Iter0745	11	5	3	1	5	0	0.7333333333333334	1.0	0.070137064	1
745	Iter0746	12	7	3	1	8	0	0.5714285714285714	1.0	0.167863397273	1
746	Iter0747	9	3	1	0	4	0	1.25	1.0	0.1107527947	1
747	Iter0748	10	6	2	3	2	0	2.5000000000000004	0.6107916850950903	0.057500933000000004	1
748	Iter0749	14	7	1	3	3	1	6.0	0.2667984189723326	0.12389369894169999	1
749	Iter0750	11	3	1	2	3	0	7.333333333333332	0.19117647058823506	0.041625270823300003	1
750	Iter0751	12	4	1	0	8	0	1.3	1.0	0.15402856	1
751	Iter0752	14	5	0	1	6	0	5.0	0.29999999999999893	0.1606352781566	1
752	Iter0753	10	4	1	2	5	0	5.0	0.5147058823529405	0.0554178429744	1
753	Iter0754	11	7	2	1	2	1	0.7857142857142857	1.0	0.01703500078461	1
754	Iter0755	5	6	7	1	1	2	0.11904761904761905	0.1472969754703503	0.02758999154	1
755	Iter0756	12	4	0	1	4	0	5.2	0.29411764705882354	0.0980113952158	1
756	Iter0757	13	4	0	1	5	0	5.6	0.27777777777777835	0.12279754385	1
757	Iter0758	9	6	1	0	5	0	0.7142857142857143	1.0	0.119850229	1
758	Iter0759	13	5	3	3	5	0	2.6	0.3617640940295416	0.08051322804	1
759	Iter0760	12	4	0	0	4	0	2.6	1.0	0.06479975798424001	1
760	Iter0761	11	6	2	2	7	1	1.8333333333333333	0.6177109440267335	0.143545398	1
761	Iter0762	10	9	0	2	3	0	3.3000000000000003	0.4761904761904774	0.0759175959176	1
762	Iter0763	10	6	1	1	5	0	1.6666666666666667	1.0	0.12094267162	1
763	Iter0764	13	7	0	1	6	0	3.5	0.3809523809523792	0.10006355990031629	1
764	Iter0765	8	11	2	1	5	0	0.3636363636363637	0.5714285714285691	0.16782263740000003	1
765	Iter0766	17	9	2	1	6	0	0.9444444444444444	1.0	0.1005903895	1
766	Iter0767	15	6	3	1	4	0	0.8333333333333334	1.0	0.08573698279500001	1
767	Iter0768	19	5	0	1	6	0	6.666666666666668	0.24000000000000024	0.09056537348903	1
768	Iter0769	10	6	2	1	6	1	0.8333333333333334	1.0	0.09815483800000001	1
769	Iter0770	9	7	3	3	4	0	1.2857142857142858	1.0	0.04320982791732701	1
770	Iter0771	9	7	1	2	5	0	2.571428571428572	0.5820433436532529	0.066259113	1
771	Iter0772	14	3	3	0	7	0	0.9375	1.0	0.12552407453499997	1
772	Iter0773	8	7	5	1	3	0	0.22857142857142854	0.33591331269349894	0.09252973717	1
773	Iter0774	10	8	1	0	4	0	0.6111111111111112	1.0	0.053590880698655	1
774	Iter0775	16	6	1	0	8	0	1.2142857142857142	1.0	0.18644450242	1
775	Iter0776	11	10	2	0	5	0	0.3636363636363636	0.4861660079051351	0.0835874433	1
776	Iter0777	11	7	2	1	6	0	0.7857142857142857	1.0	0.12129939624096053	1
777	Iter0778	11	4	2	4	4	0	5.5	0.14617425917735505	0.07648362690516289	1
778	Iter0779	8	10	0	1	5	0	1.6363636363636365	1.0	0.1455272023	1
779	Iter0780	15	10	3	1	8	0	0.5	1.0	0.15179908664388	1
780	Iter0781	15	3	4	2	8	0	2.5	0.5680406549971746	0.189767124	1
781	Iter0782	10	4	5	1	8	0	0.5	1.0	0.174933441339925	1
782	Iter0783	13	5	1	0	5	0	1.1666666666666667	1.0	0.12497460121119999	1
783	Iter0784	16	4	2	0	9	0	1.1333333333333333	1.0	0.19290302382000002	1
784	Iter0785	16	5	2	0	7	0	0.9444444444444444	1.0	0.076744873719	1
785	Iter0786	6	10	1	0	2	0	0.3181818181818182	0.4117647058823533	0.05691990172	1
786	Iter0787	7	9	1	0	1	1	0.4	0.470588235294119	0.028576112533000006	1
787	Iter0788	15	8	1	0	5	0	0.8888888888888888	1.0	0.09768741655680918	1
788	Iter0789	13	5	4	3	5	0	1.95	0.6395589764926172	0.1098654952	1
789	Iter0790	15	8	1	2	8	0	3.75	0.5384615384615425	0.137888196058	1
790	Iter0791	15	2	1	2	7	0	15.0	0.08771929824561445	0.096736959202692	1
791	Iter0792	13	11	2	0	6	0	0.3888888888888889	0.4923076923076942	0.07869537600000001	1
792	Iter0793	6	9	1	0	2	0	0.35	0.4374999999999999	0.049866077183	1
793	Iter0794	12	7	0	1	4	0	3.25	0.4000000000000011	0.11894745124	1
794	Iter0795	10	8	3	0	6	0	0.3055555555555556	0.25714285714285695	0.1142504163809	1
795	Iter0796	19	8	2	0	10	0	0.7407407407407408	1.0	0.21886717336689998	1
796	Iter0797	10	4	1	1	4	0	2.5	1.0	0.11677787804	1
797	Iter0798	22	5	4	1	6	1	1.1	1.0	0.1388464709537	1
798	Iter0799	9	5	3	2	5	0	1.2	1.0	0.0530602546	1
799	Iter0800	12	12	3	1	5	0	0.3333333333333333	0.5999999999999968	0.098249235127	1
800	Iter0801	12	3	2	0	3	0	1.0833333333333333	1.0	0.0696876725	1
801	Iter0802	8	3	1	0	1	0	1.125	1.0	0.0080250127403	1
802	Iter0803	8	4	2	0	4	0	0.6	1.0	0.07609477499999998	1
803	Iter0804	9	6	1	2	3	0	3.0	0.5588235294117663	0.042994059749999994	1
804	Iter0805	10	3	2	0	5	0	0.9166666666666666	1.0	0.10328471537215297	1
805	Iter0806	11	10	0	2	3	0	3.2727272727272725	0.4782608695652162	0.07817830017100899	1
806	Iter0807	14	4	3	4	5	0	4.666666666666667	0.15633035157062616	0.093862844456	1
807	Iter0808	13	9	2	0	4	1	0.4666666666666666	0.5108695652173959	0.0743246717	1
808	Iter0809	12	5	2	1	8	0	1.2	1.0	0.164344322	1
809	Iter0810	13	5	1	1	6	0	2.6	0.5210526315789469	0.060082458239600005	1
810	Iter0811	7	5	1	0	4	1	0.6666666666666666	1.0	0.050344627549	1
811	Iter0812	11	4	1	3	5	0	8.25	0.11738906088751296	0.1560515769	1
812	Iter0813	13	7	1	1	4	0	1.8571428571428568	1.0	0.03612608929760001	1
813	Iter0814	17	6	1	1	7	0	2.833333333333333	0.4900000000000031	0.06981211379809082	1
814	Iter0815	12	5	1	2	4	0	4.8	0.2701754385964923	0.08726641409000001	1
815	Iter0816	10	9	2	1	2	0	0.5555555555555556	1.0	0.028272075099973662	1
816	Iter0817	8	6	3	0	5	1	0.32142857142857145	0.5147058823529405	0.0718696794	1
817	Iter0818	16	3	0	0	7	0	4.25	1.0	0.10507597417	1
818	Iter0819	13	3	0	0	6	0	3.5	1.0	0.18425431329999997	1
819	Iter0820	4	4	3	0	2	0	0.25	0.2363636363636365	0.0302053053	1
820	Iter0821	11	7	2	1	5	0	0.7857142857142857	1.0	0.100247874703448	1
821	Iter0822	17	5	1	0	8	0	1.5	1.0	0.11274968353717651	1
822	Iter0823	8	10	1	0	4	0	0.4090909090909091	0.4736842105263162	0.14119420764	1
823	Iter0824	11	10	1	1	4	0	1.1	1.0	0.0817765439	1
824	Iter0825	16	9	1	4	7	0	7.111111111111112	0.13774858602444762	0.14363179060667	1
825	Iter0826	15	7	4	2	7	0	1.0714285714285714	1.0	0.1862087692753	1
826	Iter0827	11	5	4	3	2	0	1.65	0.6570197873199641	0.030149609209000006	1
827	Iter0828	13	4	2	0	5	0	0.9333333333333332	1.0	0.09171646724279998	1
828	Iter0829	10	6	2	2	9	0	1.6666666666666667	1.0	0.12998341000000002	1
829	Iter0830	10	8	1	3	3	0	3.75	0.5864661654135315	0.05096102077352149	1
830	Iter0831	9	5	2	2	5	1	1.8	1.0	0.078569936	1
831	Iter0832	13	8	1	1	4	0	1.625	1.0	0.0641985212	1
832	Iter0833	7	6	2	1	3	0	0.5833333333333334	1.0	0.0864379721	1
833	Iter0834	14	6	1	2	6	0	4.666666666666667	0.2687747035573117	0.152900465504787	1
834	Iter0835	7	4	1	0	3	0	0.8	1.0	0.0848402108270435	1
835	Iter0836	12	6	2	0	4	0	0.6190476190476191	1.0	0.0563849423	1
836	Iter0837	15	3	1	0	5	0	2.0	1.0	0.077956075303096	1
837	Iter0838	7	8	6	3	3	0	0.4375	0.4225333153856515	0.0896874241	1
838	Iter0839	8	5	4	1	3	0	0.4	0.6148459383753492	0.08785644919061573	1
839	Iter0840	10	4	0	1	2	0	4.4	0.3333333333333323	0.025985885898320002	1
840	Iter0841	11	2	2	1	4	0	2.75	0.489285714285712	0.130036353306	1
841	Iter0842	8	5	2	2	3	0	1.6	1.0	0.091465731962	1
842	Iter0843	12	11	5	2	4	0	0.4363636363636363	0.4268199233716529	0.043468945499999995	1
843	Iter0844	11	9	0	0	6	0	1.2	1.0	0.09193851328767999	1
844	Iter0845	10	7	2	4	4	0	2.8571428571428568	0.3707093821510293	0.08947114837480002	1
845	Iter0846	7	7	0	1	3	0	2.0	1.0	0.03723039383	1
846	Iter0847	9	4	2	0	3	1	0.6666666666666666	1.0	0.04332424530000001	1
847	Iter0848	16	8	1	2	4	1	4.0	0.5350427350427397	0.04524936055210001	1
848	Iter0849	5	4	2	0	2	0	0.4	0.4909090909090901	0.025815950000000004	1
849	Iter0850	11	7	3	1	4	0	0.5238095238095238	1.0	0.051426660248508206	1
850	Iter0851	9	7	2	2	2	0	1.2857142857142858	1.0	0.0519681705	1
851	Iter0852	12	8	0	1	6	0	2.888888888888889	0.42857142857142827	0.08519042681799958	1
852	Iter0853	9	6	2	0	6	0	0.4761904761904762	0.5147058823529396	0.12109649558	1
853	Iter0854	11	7	3	2	4	0	1.0476190476190477	1.0	0.05538658342	1
854	Iter0855	18	5	3	2	7	0	2.4	0.5737179487179458	0.12484999840299998	1
855	Iter0856	8	8	2	0	3	0	0.3333333333333333	0.4771241830065369	0.048440202700000004	1
856	Iter0857	12	8	1	1	6	0	1.5	1.0	0.11669974470000001	1
857	Iter0858	12	4	2	1	8	0	1.5	1.0	0.19273981941999999	1
858	Iter0859	9	5	3	2	2	2	1.2	1.0	0.0234472475	1
859	Iter0860	10	9	2	0	3	0	0.3666666666666667	0.4857142857142857	0.07275882603503	1
860	Iter0861	16	12	4	2	8	0	0.6666666666666666	1.0	0.15437879045	1
861	Iter0862	17	5	2	0	6	0	1.0	1.0	0.12604341357699997	1
862	Iter0863	9	6	5	1	6	0	0.3	0.6126160990712112	0.12235502000000001	1
863	Iter0864	9	2	1	2	5	0	9.0	0.1758241758241759	0.10264959995537169	1
864	Iter0865	13	8	1	1	6	0	1.625	1.0	0.15310114391	1
865	Iter0866	10	6	1	0	4	0	0.7857142857142857	1.0	0.09859605089999998	1
866	Iter0867	13	9	8	2	7	4	0.3611111111111111	0.4250188801381015	0.15732083646379003	1
867	Iter0868	17	8	3	1	5	0	0.7083333333333334	1.0	0.10657397282471519	1
868	Iter0869	12	10	2	0	4	0	0.393939393939394	0.4927536231884106	0.0608502695	1
869	Iter0870	10	5	0	2	2	0	5.5	0.15441176470588236	0.04594607625	1
870	Iter0871	9	13	2	0	3	1	0.2380952380952381	0.199275362318842	0.041336823099999996	1
871	Iter0872	16	7	6	3	5	0	1.1428571428571428	1.0	0.043267287235899995	1
872	Iter0873	10	7	1	0	4	0	0.6875	1.0	0.1338241024977592	1
873	Iter0874	12	6	1	1	3	0	2.0	1.0	0.1032752974601991	1
874	Iter0875	17	10	6	2	9	2	0.5666666666666667	0.6854675129228596	0.125705391189	1
875	Iter0876	14	5	3	1	7	1	0.9333333333333332	1.0	0.141356808094	1
876	Iter0877	12	4	2	0	8	0	0.8666666666666667	1.0	0.2745484758	1
877	Iter0878	14	7	1	2	9	0	4.0	0.5331027667984213	0.19115264824	1
878	Iter0879	11	6	2	3	7	0	2.75	0.6090225563909766	0.10556517400000001	1
879	Iter0880	7	4	0	0	5	0	1.6	1.0	0.07943647	1
880	Iter0881	7	5	3	0	2	0	0.3333333333333333	0.5054945054945036	0.0328291079	1
881	Iter0882	12	8	4	1	6	0	0.375	0.6205533596837987	0.17373379649	1
882	Iter0883	10	1	3	1	4	0	3.333333333333333	0.4761904761904727	0.10878457910990001	1
883	Iter0884	9	8	0	0	7	0	1.1111111111111112	1.0	0.10003208999999999	1
884	Iter0885	13	8	1	1	4	0	1.625	1.0	0.05952289666800001	1
885	Iter0886	14	4	1	0	7	0	1.5	1.0	0.1594845681022	1
886	Iter0887	13	5	1	0	5	0	1.1666666666666667	1.0	0.121493297	1
887	Iter0888	15	6	2	3	8	0	3.75	0.3022195196108253	0.1715667113	1
888	Iter0889	9	8	1	2	4	0	2.25	1.0	0.06981586341	1
889	Iter0890	17	5	2	2	8	0	3.4	0.28702341137123866	0.12878000144150004	1
890	Iter0891	9	5	2	0	3	0	0.5555555555555556	1.0	0.0502431106	1
891	Iter0892	10	3	2	2	5	1	3.333333333333333	0.5378151260504158	0.1091111	1
892	Iter0893	9	9	0	0	3	0	1.0	1.0	0.0723958091	1
893	Iter0894	9	9	1	1	4	0	1.0	1.0	0.0873417876803	1
894	Iter0895	6	8	1	2	2	0	1.5	1.0	0.02811078832101	1
895	Iter0896	9	7	2	0	2	0	0.4166666666666667	0.496732026143794	0.019104777102999997	1
896	Iter0897	14	5	1	2	5	0	5.6	0.2272727272727273	0.15077470419000003	1
897	Iter0898	19	9	1	0	9	0	1.0	1.0	0.193343651343098	1
898	Iter0899	9	4	4	2	4	0	1.125	1.0	0.047409836999999996	1
899	Iter0900	11	8	6	1	7	0	0.22916666666666666	0.3574217087260585	0.11249289057807002	1
900	Iter0901	11	2	1	1	4	0	5.5	0.3714285714285689	0.04416788144	1
901	Iter0902	5	5	1	3	3	0	3.0	0.5804195804195801	0.08261014700000001	1
902	Iter0903	15	4	1	0	4	0	1.6	1.0	0.06870382240499999	1
903	Iter0904	9	7	0	2	6	0	3.75	0.4705882352941198	0.11606707630680001	1
904	Iter0905	14	3	3	0	7	0	0.9375	1.0	0.24407639630000005	1
905	Iter0906	7	10	1	1	2	0	0.7	1.0	0.042649985890000006	1
906	Iter0907	17	6	0	0	7	0	2.571428571428572	1.0	0.23691874245300004	1
907	Iter0908	12	5	1	0	4	0	1.0833333333333333	1.0	0.04103856108099999	1
908	Iter0909	11	7	4	0	7	0	0.3	0.2631578947368411	0.16614263699999998	1
909	Iter0910	9	6	1	0	3	0	0.7142857142857143	1.0	0.08859860255249999	1
910	Iter0911	11	6	3	5	5	0	3.055555555555556	0.3891685736079355	0.1092683273275301	1
911	Iter0912	18	9	1	1	6	0	2.0	1.0	0.16425745647999998	1
912	Iter0913	12	3	4	1	6	0	1.0	1.0	0.0993879978361	1
913	Iter0914	11	2	3	0	5	1	1.0	1.0	0.09133284069	1
914	Iter0915	10	7	2	2	5	0	1.4285714285714286	1.0	0.10903247110000001	1
915	Iter0916	9	7	5	1	4	0	0.2571428571428572	0.3511586452762931	0.11154764280580001	1
916	Iter0917	10	7	0	3	6	0	5.5	0.2105263157894741	0.12367647499899999	1
917	Iter0918	10	3	1	0	2	0	1.375	1.0	0.03596850406646608	1
918	Iter0919	17	7	1	2	8	0	4.857142857142857	0.25025641025641115	0.1305004477	1
919	Iter0920	9	13	1	1	6	0	0.6923076923076923	1.0	0.14960569	1
920	Iter0921	13	4	1	1	2	0	3.25	0.4678362573099442	0.06663651306559999	1
921	Iter0922	8	5	4	1	4	1	0.4	0.6148459383753492	0.068620411356	1
922	Iter0923	10	4	2	1	5	1	1.25	1.0	0.12484069481955301	1
923	Iter0924	4	8	0	0	4	0	0.5555555555555556	1.0	0.07015339	1
924	Iter0925	13	6	0	1	5	0	4.0	0.3500000000000021	0.0708762914448	1
925	Iter0926	12	6	4	1	6	0	0.5	1.0	0.11275484227000002	1
926	Iter0927	12	7	1	1	8	0	1.7142857142857142	1.0	0.118597809	1
927	Iter0928	9	6	1	1	4	1	1.5	1.0	0.05988203035185999	1
928	Iter0929	10	8	4	0	2	0	0.2444444444444445	0.25358851674641114	0.015913040624204	1
929	Iter0930	12	4	2	2	3	0	3.0	0.5492260061919536	0.13231683323249996	1
930	Iter0931	18	7	0	0	6	0	2.375	1.0	0.15692734522726	1
931	Iter0932	10	5	0	1	4	0	3.6666666666666665	0.3750000000000003	0.09279670198	1
932	Iter0933	9	8	2	0	3	0	0.3703703703703704	0.4853801169590648	0.060948028902000004	1
933	Iter0934	15	6	1	4	4	0	10.0	0.05491030708422015	0.0458971251	1
934	Iter0935	9	10	1	1	4	0	0.9	1.0	0.08095167702	1
935	Iter0936	15	5	0	1	7	0	5.333333333333333	0.2857142857142847	0.134991836616	1
936	Iter0937	8	2	1	1	6	0	4.0	0.4545454545454548	0.10418133	1
937	Iter0938	9	6	0	0	4	0	1.4285714285714286	1.0	0.128626355	1
938	Iter0939	12	5	2	2	4	0	2.4	0.5742690058479554	0.076057420554	1
939	Iter0940	5	6	1	0	4	0	0.42857142857142855	1.0	0.0680361699279324	1
940	Iter0941	14	2	3	0	8	1	1.25	1.0	0.18268738697	1
941	Iter0942	13	1	2	1	7	0	6.5	0.3308823529411765	0.13649930715999997	1
942	Iter0943	8	7	3	2	6	0	0.7619047619047619	1.0	0.1592532829	1
943	Iter0944	13	7	1	0	8	0	0.875	1.0	0.21549318506284998	1
944	Iter0945	12	4	2	2	5	0	3.0	0.5492260061919536	0.103854956288	1
945	Iter0946	11	10	3	0	6	0	0.2727272727272727	0.23913043478260906	0.103264613639	1
946	Iter0947	12	7	2	3	6	0	2.571428571428572	0.6146245059288562	0.13490792477967997	1
947	Iter0948	12	5	2	0	5	0	0.7222222222222222	1.0	0.12864654121496	1
948	Iter0949	11	9	1	0	7	0	0.6	1.0	0.17765529840000002	1
949	Iter0950	12	7	4	2	6	0	0.8571428571428571	1.0	0.1042214782385	1
950	Iter0951	18	4	3	0	12	0	0.95	1.0	0.3073734155089	1
951	Iter0952	12	6	1	1	4	0	2.0	1.0	0.064650223398	1
952	Iter0953	16	6	2	1	6	0	1.3333333333333333	1.0	0.13280102022231002	1
953	Iter0954	7	8	1	0	6	0	0.4444444444444444	1.0	0.16833816000000001	1
954	Iter0955	16	9	3	3	7	0	1.7777777777777777	0.6525565646811503	0.17449657561350002	1
955	Iter0956	11	3	1	2	5	0	7.333333333333332	0.19117647058823506	0.107851582996	1
956	Iter0957	19	5	2	0	8	0	1.1111111111111112	1.0	0.22767514276	1
957	Iter0958	7	6	5	2	2	0	0.4666666666666667	0.6424148606811135	0.0367189295	1
958	Iter0959	13	5	0	4	5	0	11.666666666666664	0.017224880382775025	0.12479787824000001	1
959	Iter0960	10	3	4	3	5	0	2.5000000000000004	0.6126160990712077	0.10096126108799999	1
960	Iter0961	15	9	3	0	6	0	0.4	0.5292307692307703	0.08715444152183802	1
961	Iter0962	17	3	2	1	7	0	2.833333333333333	0.4528514963297557	0.19662977465014408	1
962	Iter0963	10	5	2	2	4	1	2.0	0.6026831785345711	0.06786674365	1
963	Iter0964	15	5	1	0	8	1	1.3333333333333333	1.0	0.182546808121	1
964	Iter0965	16	5	2	0	9	0	0.9444444444444444	1.0	0.18948218789	1
965	Iter0966	8	6	3	2	4	0	0.8888888888888888	1.0	0.05507817315800001	1
966	Iter0967	11	3	2	1	4	0	1.8333333333333333	1.0	0.05548102299751753	1
967	Iter0968	15	7	4	1	7	0	0.5357142857142857	1.0	0.09600483022559998	1
968	Iter0969	8	9	0	1	1	0	1.8	1.0	0.009892020800000002	1
969	Iter0970	7	8	3	1	3	0	0.2916666666666667	0.582043343653251	0.04156827440954	1
970	Iter0971	13	7	0	0	6	0	1.75	1.0	0.145951754626	1
971	Iter0972	14	8	2	0	6	0	0.5555555555555556	0.5362318840579747	0.0873466005902	1
972	Iter0973	6	4	2	0	3	0	0.4666666666666666	0.5151515151515165	0.0309740759002297	1
973	Iter0974	15	3	2	2	7	0	5.0	0.20984278879015528	0.18585180210000002	1
974	Iter0975	14	7	4	1	6	0	0.5	1.0	0.0938898176	1
975	Iter0976	11	7	0	0	7	0	1.5	1.0	0.13295673	1
976	Iter0977	10	8	1	0	5	0	0.6111111111111112	1.0	0.14696007780999998	1
977	Iter0978	7	10	5	3	3	0	0.4199999999999999	0.41098398169336425	0.0847126	1
978	Iter0979	20	8	0	3	13	0	9.333333333333334	0.03670745272525067	0.3527264394	1
979	Iter0980	15	5	0	1	9	0	5.333333333333333	0.2857142857142847	0.176943488334	1
980	Iter0981	8	7	1	5	3	0	5.7142857142857135	0.1777974347633796	0.0306883979	1
981	Iter0982	7	6	0	0	3	0	1.1428571428571428	1.0	0.04328982479600948	1
982	Iter0983	14	7	0	1	8	0	3.75	0.36363636363636304	0.21845073	1
983	Iter0984	19	4	1	0	7	0	2.0	1.0	0.1337936201	1
984	Iter0985	4	3	0	1	1	0	2.5	1.0	0.008519054000000002	1
985	Iter0986	15	4	3	1	9	0	1.25	1.0	0.16936711104000002	1
986	Iter0987	10	10	0	0	5	0	1.0	1.0	0.07940163139	1
987	Iter0988	12	3	0	1	7	0	6.5	0.24999999999999994	0.14659216779679	1
988	Iter0989	12	4	2	1	6	0	1.5	1.0	0.1356979206	1
989	Iter0990	7	6	3	2	4	0	0.7777777777777778	1.0	0.09229907717	1
990	Iter0991	15	6	1	0	8	0	1.1428571428571428	1.0	0.2300663427	1
991	Iter0992	13	4	2	2	6	0	3.25	0.5438596491228093	0.096204674436	1
992	Iter0993	10	6	1	1	5	0	1.6666666666666667	1.0	0.11013688	1
993	Iter0994	13	10	4	0	5	0	0.2545454545454545	0.2638176638176675	0.11919513959370201	1
994	Iter0995	5	7	6	1	1	1	0.11904761904761905	0.14729697547034978	0.01248620786	1
995	Iter0996	13	9	2	0	6	0	0.4666666666666666	0.5108695652173959	0.09904276772999998	1
996	Iter0997	7	5	2	1	2	0	0.7	1.0	0.02517974288699	1
997	Iter0998	10	4	0	1	3	0	4.4	0.3333333333333323	0.12664694	1
998	Iter0999	14	2	2	0	6	0	1.6666666666666667	1.0	0.067938434958	1
999	Iter1000	8	7	4	0	3	0	0.225	0.2450980392156861	0.0720043167	1
