	IterId	dN	dS	pN	pS	bdN	bpN	MkScore	FSPVal	SelCoef	PosSel
0	Iter0001	16	7	7	3	8	0	0.9795918367346936	1.0	0.14582259322799998	1
1	Iter0002	15	3	5	6	6	0	6.0	0.04784091470748174	0.10559791460736251	1
2	Iter0003	12	4	7	2	6	0	0.8571428571428571	1.0	0.18798845198902314	1
3	Iter0004	8	8	8	2	3	0	0.25	0.2177290471004304	0.057593231944	1
4	Iter0005	8	9	1	2	4	0	1.7777777777777777	1.0	0.06631528223000001	1
5	Iter0006	9	8	11	3	2	0	0.3068181818181818	0.2580011069733977	0.032503849527	1
6	Iter0007	15	4	7	0	5	0	0.4	0.5462876254180632	0.0537012582	1
7	Iter0008	10	4	19	8	0	3	1.0526315789473684	1.0	-0.00020802983099999997	0
8	Iter0009	13	7	5	3	8	1	1.1142857142857143	1.0	0.19811642388136802	1
9	Iter0010	14	8	4	2	5	0	0.875	1.0	0.08813398548199841	1
10	Iter0011	8	5	9	2	5	0	0.3555555555555556	0.38644164759725536	0.1168749	1
11	Iter0012	9	5	4	7	3	0	3.1500000000000004	0.23774397630905936	0.05480929649525	1
12	Iter0013	9	3	2	3	7	0	4.5	0.28005817711699965	0.1313334195	1
13	Iter0014	8	10	6	3	3	0	0.4	0.4197101449275389	0.04826318	1
14	Iter0015	15	3	7	4	9	0	2.8571428571428568	0.3745819397993351	0.1731991317	1
15	Iter0016	13	8	10	3	8	0	0.4875	0.4652947719688614	0.09156402100000001	1
16	Iter0017	12	3	6	1	6	0	0.6666666666666666	1.0	0.08873675366	1
17	Iter0018	13	5	10	3	7	0	0.78	1.0	0.13065726699784763	1
18	Iter0019	9	4	5	1	2	0	0.45	1.0	0.03756041792748	1
19	Iter0020	12	5	11	4	7	0	0.8727272727272727	1.0	0.1347937402	1
20	Iter0021	9	7	6	0	5	0	0.17857142857142858	0.12064921662444936	0.062305035636	1
21	Iter0022	10	4	8	7	5	0	2.1875	0.44972513743128895	0.07553300102419999	1
22	Iter0023	11	5	14	6	6	0	0.9428571428571428	1.0	0.110191695	1
23	Iter0024	13	6	4	2	6	0	1.0833333333333333	1.0	0.107513462881	1
24	Iter0025	12	9	3	2	7	1	0.8888888888888888	1.0	0.1250426251	1
25	Iter0026	12	4	10	5	5	1	1.5	0.704251100256335	0.12698562862438	1
26	Iter0027	4	9	9	1	1	0	0.04938271604938271	0.00968213372305438	0.018932164600000002	1
27	Iter0028	9	7	3	7	6	0	3.0000000000000004	0.24751648943330304	0.139716518	1
28	Iter0029	18	3	4	3	6	0	4.5	0.14425863991081395	0.10623341791268699	1
29	Iter0030	14	4	8	1	8	0	0.4375	0.6361204013377953	0.186856710495287	1
30	Iter0031	8	7	7	3	3	0	0.4897959183673469	0.6784560506124684	0.050128292000000005	1
31	Iter0032	10	5	8	4	2	1	1.0	1.0	0.06868149826415	1
32	Iter0033	16	6	7	3	6	0	1.1428571428571428	1.0	0.150061923004	1
33	Iter0034	9	7	11	4	3	1	0.4675324675324676	0.4577936838032636	0.066508383946	1
34	Iter0035	7	3	8	6	2	0	1.7500000000000002	0.6784560506124708	0.05023592653	1
35	Iter0036	8	6	7	4	4	0	0.7619047619047619	1.0	0.11945840906460001	1
36	Iter0037	4	4	11	8	1	0	0.7272727272727273	1.0	0.0226786	1
37	Iter0038	14	6	2	2	4	0	2.333333333333333	0.5783926218708857	0.10045958001000001	1
38	Iter0039	7	4	7	7	3	2	1.75	0.6887454569928702	0.033749396099999995	1
39	Iter0040	9	4	7	3	4	0	0.9642857142857142	1.0	0.09991944623979514	1
40	Iter0041	10	10	5	2	5	0	0.4	0.40821256038647935	0.06589731738	1
41	Iter0042	13	2	7	1	6	0	0.9285714285714286	1.0	0.1366195848	1
42	Iter0043	10	6	5	3	2	0	1.0	1.0	0.020757206600000005	1
43	Iter0044	10	8	2	6	3	0	3.75	0.2163844393592681	0.088945962057	1
44	Iter0045	5	7	6	3	1	2	0.35714285714285715	0.3869969040247671	0.012840129	1
45	Iter0046	6	11	4	8	3	0	1.0909090909090908	1.0	0.05541964437	1
46	Iter0047	5	2	5	4	2	0	2.0	0.6328671328671318	0.024834475393000002	1
47	Iter0048	12	5	10	6	4	1	1.44	0.7206815946865262	0.04222304609	1
48	Iter0049	14	7	6	3	8	0	1.0	1.0	0.12353453862500001	1
49	Iter0050	10	8	8	1	3	0	0.15625	0.19250068009793495	0.06532786696140601	1
50	Iter0051	13	4	7	6	7	0	2.7857142857142856	0.2552866423930905	0.107142057	1
51	Iter0052	15	6	12	2	9	0	0.4166666666666667	0.4307391456936752	0.19600586199999998	1
52	Iter0053	13	10	10	4	4	0	0.52	0.4910130764802824	0.09400453296985999	1
53	Iter0054	11	4	8	1	8	0	0.34375	0.6146245059288562	0.13742513760075	1
54	Iter0055	21	7	3	3	9	0	3.0	0.3284204671857673	0.14342024941150006	1
55	Iter0056	6	4	6	3	3	0	0.75	1.0	0.07871047228000001	1
56	Iter0057	9	2	5	3	4	1	2.7	0.6026831785345741	0.0522209329	1
57	Iter0058	20	10	8	3	11	1	0.75	1.0	0.1980217052	1
58	Iter0059	9	8	12	0	6	0	0.08547008547008547	0.008916054793116369	0.09885521062000001	1
59	Iter0060	6	1	8	8	1	0	6.0	0.1759566318726375	0.0151831335353	1
60	Iter0061	12	2	9	3	7	0	2.0	0.6347826086956523	0.19320177946900002	1
61	Iter0062	7	9	9	3	2	0	0.25925925925925924	0.1358165234057008	0.030227851099999998	1
62	Iter0063	14	3	15	5	4	1	1.5555555555555556	0.7013288948773011	0.06995580452958	1
63	Iter0064	10	5	5	4	4	0	1.6	0.6784560506124686	0.12058510602	1
64	Iter0065	13	7	9	2	7	0	0.4126984126984127	0.42898426717162863	0.22473305312999997	1
65	Iter0066	10	8	9	5	3	0	0.6944444444444444	0.7248856217052826	0.08071460556150001	1
66	Iter0067	17	4	9	2	7	1	0.9444444444444444	1.0	0.13634716340000003	1
67	Iter0068	19	5	3	2	6	0	2.533333333333333	0.5688181550250568	0.1498298464	1
68	Iter0069	11	5	6	0	6	0	0.2857142857142857	0.2663476874003199	0.09700472740600001	1
69	Iter0070	14	10	9	4	6	0	0.6222222222222222	0.7244582068164056	0.111284952318117	1
70	Iter0071	6	7	6	3	1	1	0.42857142857142855	0.414860681114548	0.03606719999981715	1
71	Iter0072	12	4	6	4	3	1	2.0	0.6644892864572509	0.0278989829722	1
72	Iter0073	9	4	7	2	3	0	0.6428571428571429	1.0	0.07493936627910001	1
73	Iter0074	11	7	7	6	6	0	1.3469387755102042	0.7269541508653872	0.139321460626	1
74	Iter0075	11	7	7	2	5	0	0.4489795918367347	0.6672852090701111	0.0772596776	1
75	Iter0076	12	3	2	2	6	1	4.0	0.2721878224974212	0.12655323992000003	1
76	Iter0077	9	6	12	2	5	0	0.25	0.2147592870231577	0.10517622069999999	1
77	Iter0078	14	7	7	5	8	0	1.4285714285714286	0.7161143373722487	0.15939633039549997	1
78	Iter0079	9	4	4	2	4	1	1.125	1.0	0.0685455061	1
79	Iter0080	15	6	8	5	6	0	1.5625	0.7093993325917776	0.156881067316	1
80	Iter0081	8	3	3	0	3	0	0.5625	1.0	0.09456260932	1
81	Iter0082	13	6	6	3	4	0	1.0833333333333333	1.0	0.0639210497214	1
82	Iter0083	7	5	11	9	4	1	1.1454545454545453	1.0	0.09744481082	1
83	Iter0084	12	8	7	3	6	0	0.6428571428571428	0.7019951562680268	0.12478732031999999	1
84	Iter0085	10	3	7	1	7	1	0.4761904761904762	1.0	0.15821720367994807	1
85	Iter0086	6	9	8	1	5	0	0.08333333333333333	0.033339859763335436	0.10173066409499999	1
86	Iter0087	11	7	6	3	5	0	0.7857142857142857	1.0	0.06266959447306	1
87	Iter0088	11	0	5	3	2	0	8.0	0.057791537667698775	0.098910324569	1
88	Iter0089	12	4	5	2	7	0	1.2	1.0	0.18920557210870995	1
89	Iter0090	10	7	8	3	7	3	0.5357142857142858	0.6887871853546896	0.11313751599999997	1
90	Iter0091	13	6	2	5	1	0	5.416666666666666	0.09456521739130523	0.010424580999999999	1
91	Iter0092	14	7	6	4	6	0	1.3333333333333333	1.0	0.17295178179370002	1
92	Iter0093	6	6	5	5	4	0	1.0	1.0	0.05831282	1
93	Iter0094	12	6	10	2	6	0	0.4	0.4191519624803013	0.0835694351	1
94	Iter0095	23	2	7	1	11	0	1.6428571428571428	1.0	0.17947975940000002	1
95	Iter0096	9	5	9	4	4	1	0.8	1.0	0.12128510851999	1
96	Iter0097	13	5	10	4	3	0	1.04	1.0	0.048085461566	1
97	Iter0098	12	3	8	1	4	1	0.5	1.0	0.15152220899993823	1
98	Iter0099	6	4	9	3	5	0	0.5	0.6517027863777083	0.08441237	1
99	Iter0100	6	7	8	2	1	0	0.21428571428571427	0.19679633867276894	0.015496885099999998	1
100	Iter0101	11	2	7	2	6	0	1.5714285714285714	1.0	0.11768043438936	1
101	Iter0102	9	5	9	7	6	0	1.4	0.7219663852284421	0.1097773076679	1
102	Iter0103	9	8	6	1	3	0	0.1875	0.1907114624505943	0.06393143099999998	1
103	Iter0104	15	2	9	3	4	0	2.5	0.622079070354937	0.10222564979144601	1
104	Iter0105	7	3	6	4	2	0	1.5555555555555556	1.0	0.04231439930615401	1
105	Iter0106	12	4	6	3	3	0	1.5	0.6728770542958213	0.16994912662994469	1
106	Iter0107	14	7	9	5	7	1	1.1111111111111112	1.0	0.18165981311000004	1
107	Iter0108	12	9	8	5	6	0	0.8333333333333333	1.0	0.17717609581762997	1
108	Iter0109	8	6	7	3	2	0	0.5714285714285714	0.6784560506124687	0.03266520045	1
109	Iter0110	14	8	2	5	8	0	4.375	0.19167083125104395	0.157811672	1
110	Iter0111	16	10	8	4	6	0	0.8	1.0	0.17919619710270002	1
111	Iter0112	12	9	4	3	5	0	1.0	1.0	0.09812185721000001	1
112	Iter0113	8	6	11	1	4	1	0.1212121212121212	0.08086956521739122	0.07542189864369	1
113	Iter0114	15	6	8	2	10	0	0.625	1.0	0.14823815813911703	1
114	Iter0115	8	7	4	4	5	1	1.1428571428571428	1.0	0.109801662	1
115	Iter0116	16	10	2	2	12	0	1.6	1.0	0.2618503362996179	1
116	Iter0117	14	7	4	2	5	0	1.0	1.0	0.0690451822672	1
117	Iter0118	12	8	3	5	5	0	2.5	0.4096618357487923	0.0725482955496	1
118	Iter0119	11	3	6	0	7	2	0.42857142857142855	0.5210526315789505	0.162853578	1
119	Iter0120	13	7	3	4	8	0	2.4761904761904763	0.3913043478260924	0.10543145201000001	1
120	Iter0121	15	2	8	2	8	0	1.875	0.6125356125356218	0.209009488765	1
121	Iter0122	7	2	15	3	6	0	0.7	1.0	0.15891091440000002	1
122	Iter0123	8	7	6	3	5	0	0.5714285714285714	0.6784560506124666	0.09395996123999999	1
123	Iter0124	16	11	6	4	8	0	0.9696969696969696	1.0	0.18150741146000002	1
124	Iter0125	7	6	7	4	3	0	0.6666666666666667	0.6968299905774674	0.06296609474999999	1
125	Iter0126	15	6	3	6	7	0	5.0	0.10190750778456928	0.14094423490000002	1
126	Iter0127	11	3	11	2	5	1	0.6666666666666666	1.0	0.08172607775486	1
127	Iter0128	19	5	3	3	9	0	3.8	0.3002534630120862	0.182393288816	1
128	Iter0129	9	6	9	1	2	0	0.16666666666666666	0.17935302683586554	0.02976558021177	1
129	Iter0130	13	4	11	1	5	0	0.2954545454545455	0.3701317839248913	0.07323071902919999	1
130	Iter0131	12	4	5	1	6	0	0.6	1.0	0.10243051310000001	1
131	Iter0132	13	6	3	3	6	0	2.1666666666666665	0.6300395256917055	0.14422174446999997	1
132	Iter0133	13	2	5	1	4	0	1.3	1.0	0.0683191101987	1
133	Iter0134	14	5	3	4	7	0	3.733333333333333	0.1880936454849506	0.10030420795079	1
134	Iter0135	9	7	8	3	4	0	0.4821428571428572	0.4475464022374841	0.059742191	1
135	Iter0136	4	6	10	4	1	1	0.26666666666666666	0.21123300578812848	0.0077611604	1
136	Iter0137	13	3	11	4	6	0	1.5757575757575757	0.6850821900877568	0.117976329683	1
137	Iter0138	14	10	8	3	6	0	0.525	0.4775830287621223	0.1343089565	1
138	Iter0139	12	7	9	3	4	0	0.5714285714285714	0.6971886265304085	0.144522951886367	1
139	Iter0140	11	6	9	6	8	0	1.2222222222222219	1.0	0.12894043402	1
140	Iter0141	11	6	3	1	6	0	0.6111111111111109	1.0	0.10969131600934143	1
141	Iter0142	16	9	5	0	6	0	0.2833333333333333	0.2860300618921311	0.12401990059999998	1
142	Iter0143	15	10	8	2	5	0	0.375	0.4340143433089941	0.15688175166393767	1
143	Iter0144	11	6	7	3	9	1	0.7857142857142856	1.0	0.21713409577500004	1
144	Iter0145	18	7	5	1	9	0	0.5142857142857143	1.0	0.12446372220000002	1
145	Iter0146	7	6	4	1	3	0	0.2916666666666667	0.5955882352941189	0.07970230899999999	1
146	Iter0147	11	4	4	2	4	0	1.375	1.0	0.10200643000000001	1
147	Iter0148	16	3	3	3	11	0	5.333333333333333	0.12456239412761175	0.17724362283732	1
148	Iter0149	12	7	15	5	6	0	0.5714285714285714	0.5006034160650454	0.15210570090000003	1
149	Iter0150	18	6	7	5	7	0	2.142857142857143	0.4455356798319543	0.18256846845599106	1
150	Iter0151	15	4	5	1	9	1	0.75	1.0	0.20903763799999997	1
151	Iter0152	10	6	3	0	5	0	0.3928571428571429	0.5170278637770895	0.08627010042248	1
152	Iter0153	16	8	10	2	10	0	0.4	0.4383348445050984	0.18980276582	1
153	Iter0154	10	5	8	3	5	2	0.75	1.0	0.0582098995720377	1
154	Iter0155	12	6	11	2	5	1	0.3636363636363637	0.4120281794586575	0.07431698117755	1
155	Iter0156	9	9	8	2	5	0	0.25	0.2264138607388039	0.1478146567012	1
156	Iter0157	11	5	13	2	5	0	0.3384615384615385	0.3943888270918324	0.0486234824168831	1
157	Iter0158	19	4	5	2	11	0	1.9	0.6033127026230533	0.250903091455	1
158	Iter0159	11	8	8	2	5	0	0.34375	0.4136657944753932	0.12768735919840002	1
159	Iter0160	11	8	2	6	5	0	4.125	0.20869565217391492	0.05677838523	1
160	Iter0161	6	9	6	4	3	0	0.4444444444444444	0.42830798223179417	0.07189845541789999	1
161	Iter0162	13	7	4	1	8	0	0.4642857142857143	1.0	0.08795551748879989	1
162	Iter0163	19	5	8	2	8	0	0.95	1.0	0.2119369968808	1
163	Iter0164	15	5	9	1	6	1	0.3333333333333333	0.6328154604016694	0.13914030604810002	1
164	Iter0165	11	7	4	1	3	0	0.3928571428571429	0.6213854795090463	0.07315615191	1
165	Iter0166	13	8	11	2	4	0	0.2954545454545455	0.25077864293659746	0.0908113923	1
166	Iter0167	12	6	9	2	4	0	0.4444444444444444	0.6706262253488678	0.044207939421498	1
167	Iter0168	10	6	5	3	4	1	1.0	1.0	0.13101177848061	1
168	Iter0169	14	6	7	5	4	1	1.666666666666667	0.7025959724852269	0.11844011419299998	1
169	Iter0170	11	4	2	4	5	0	5.5	0.14617425917735505	0.07390421030000001	1
170	Iter0171	10	8	13	2	4	0	0.19230769230769232	0.06963292547274656	0.06479010850170999	1
171	Iter0172	18	7	6	3	9	1	1.2857142857142858	1.0	0.15673618743398599	1
172	Iter0173	12	9	7	3	4	0	0.5714285714285714	0.6971886265304093	0.0884223653599862	1
173	Iter0174	10	10	5	7	5	0	1.4	0.7256694233528491	0.1380243611	1
174	Iter0175	13	12	10	1	2	0	0.10833333333333332	0.03111118381353288	0.011884860564040998	1
175	Iter0176	11	9	11	4	5	0	0.4444444444444445	0.31201645720918764	0.09740597255610002	1
176	Iter0177	17	7	3	2	6	1	1.6190476190476188	0.6328154604016731	0.1507198545448	1
177	Iter0178	6	9	6	5	3	0	0.5555555555555556	0.6921658365863522	0.0459857	1
178	Iter0179	11	7	9	0	7	0	0.15	0.059288537549407286	0.1617293	1
179	Iter0180	14	4	11	1	4	0	0.3181818181818182	0.6220790703549314	0.0777038441999969	1
180	Iter0181	10	6	3	3	6	0	1.6666666666666667	0.6550199026979204	0.07995967178281001	1
181	Iter0182	11	6	6	2	6	1	0.6111111111111109	1.0	0.12620869777	1
182	Iter0183	8	4	11	3	3	2	0.5454545454545455	0.6652173913043489	0.04345373809999999	1
183	Iter0184	11	4	10	0	3	0	0.21818181818181814	0.12450592885375585	0.056848517677	1
184	Iter0185	15	8	6	3	4	0	0.9375	1.0	0.04469512060952619	1
185	Iter0186	6	6	9	5	4	1	0.5555555555555556	0.692165836586352	0.079526168	1
186	Iter0187	13	7	12	1	4	0	0.15476190476190474	0.10770384602420023	0.05558200709053621	1
187	Iter0188	14	6	9	3	7	0	0.7777777777777778	1.0	0.14441082535570002	1
188	Iter0189	8	4	7	5	2	3	1.4285714285714286	1.0	0.023887233730000002	1
189	Iter0190	15	4	10	6	9	1	2.25	0.4543432096268647	0.15951165124799999	1
190	Iter0191	14	4	8	2	8	0	0.875	1.0	0.11676204276	1
191	Iter0192	10	5	3	4	5	0	2.6666666666666665	0.3761609907120743	0.0829351011	1
192	Iter0193	13	6	9	3	5	1	0.7222222222222222	1.0	0.14692276625	1
193	Iter0194	14	6	7	2	7	0	0.6666666666666667	1.0	0.1898306801796	1
194	Iter0195	5	4	11	4	2	0	0.4545454545454545	0.412033921119938	0.02652951	1
195	Iter0196	11	6	4	4	4	0	1.8333333333333333	0.6668192219679685	0.093404468717897	1
196	Iter0197	13	9	7	5	6	0	1.031746031746032	1.0	0.062064252219	1
197	Iter0198	13	5	7	5	5	0	1.8571428571428572	0.4611265795673609	0.06297571250187256	1
198	Iter0199	13	5	6	5	4	0	2.166666666666667	0.4319982865710042	0.11286231489884403	1
199	Iter0200	9	4	5	6	4	0	2.7	0.4080966482702925	0.06228786	1
200	Iter0201	9	5	10	3	2	0	0.54	0.6776167471819705	0.0475808338	1
201	Iter0202	15	2	4	2	6	0	3.75	0.2704686617730102	0.1032551634	1
202	Iter0203	15	5	10	7	10	0	2.1	0.4821072462896884	0.13661658	1
203	Iter0204	8	7	3	2	2	0	0.7619047619047619	1.0	0.0334449053	1
204	Iter0205	13	6	7	5	8	0	1.5476190476190477	0.7054283917948899	0.14462057226	1
205	Iter0206	12	6	7	2	4	0	0.5714285714285714	0.6758163575554936	0.0739789931	1
206	Iter0207	11	8	5	2	5	0	0.55	0.6679841897233252	0.0507542952216	1
207	Iter0208	14	8	6	3	6	0	0.875	1.0	0.10474844062899999	1
208	Iter0209	12	10	10	5	5	0	0.6	0.5143944846815404	0.1128727474	1
209	Iter0210	16	5	4	7	9	0	5.6000000000000005	0.05293339682516104	0.17730262781	1
210	Iter0211	10	8	4	5	6	0	1.5625	0.6945842868039713	0.117003049454	1
211	Iter0212	8	1	4	3	6	0	6.0	0.26153846153846033	0.09740236600999999	1
212	Iter0213	7	4	8	4	0	0	0.875	1.0	-1.802884e-05	0
213	Iter0214	14	7	2	5	6	0	5.0	0.10308435525826763	0.17995876976009997	1
214	Iter0215	16	5	10	1	9	0	0.32	0.6367491657397144	0.13999354690000002	1
215	Iter0216	15	12	10	3	3	1	0.375	0.2983979284525624	0.06424101988969999	1
216	Iter0217	10	3	3	2	6	0	2.2222222222222223	0.5827497665732948	0.1052416335	1
217	Iter0218	9	7	8	1	5	0	0.16071428571428573	0.1821926357395473	0.06715062538	1
218	Iter0219	10	3	11	3	3	0	0.9090909090909092	1.0	0.06431114900200001	1
219	Iter0220	12	5	11	5	6	0	1.0909090909090908	1.0	0.12564507642911998	1
220	Iter0221	7	7	10	1	3	1	0.1	0.04210526315789485	0.04544783295	1
221	Iter0222	8	6	3	3	6	1	1.3333333333333333	1.0	0.16399363205599998	1
222	Iter0223	10	4	11	1	6	0	0.2272727272727273	0.3304347826086952	0.0582715644	1
223	Iter0224	10	8	8	4	5	1	0.625	0.7085944245922173	0.0729758100888	1
224	Iter0225	17	5	8	4	6	0	1.7	0.6870454350988342	0.10197111910338401	1
225	Iter0226	9	7	6	4	3	0	0.8571428571428572	1.0	0.1509161863	1
226	Iter0227	9	8	12	2	2	2	0.1875	0.06798858635198601	0.0420855090726	1
227	Iter0228	10	7	9	6	5	1	0.9523809523809524	1.0	0.15010242108	1
228	Iter0229	12	6	6	3	4	0	1.0	1.0	0.0854547879	1
229	Iter0230	11	6	11	3	3	0	0.5	0.4564034111976312	0.023532374600000003	1
230	Iter0231	7	4	12	3	2	0	0.4375	0.40652173913043577	0.055171035420699996	1
231	Iter0232	9	6	3	2	3	0	1.0	1.0	0.052149649657	1
232	Iter0233	10	6	4	3	2	0	1.2500000000000002	1.0	0.037002316140962305	1
233	Iter0234	16	9	3	3	9	0	1.7777777777777777	0.6525565646811503	0.185565818	1
234	Iter0235	9	1	3	7	6	0	21.0	0.019766611097880464	0.15179119	1
235	Iter0236	13	7	12	1	7	0	0.15476190476190474	0.10770384602420023	0.1580354309	1
236	Iter0237	11	4	5	2	4	0	1.1	1.0	0.1199260526	1
237	Iter0238	13	8	12	6	3	1	0.8125	1.0	0.0513895083351	1
238	Iter0239	11	8	5	1	7	0	0.275	0.3644268774703583	0.16158951200000002	1
239	Iter0240	4	7	6	3	2	0	0.2857142857142857	0.3698499642772088	0.0461035	1
240	Iter0241	17	6	11	2	12	0	0.5151515151515151	0.6819727075108952	0.319491289	1
241	Iter0242	10	6	11	2	6	0	0.30303030303030304	0.23784774279527	0.15345129999999998	1
242	Iter0243	16	1	6	3	7	0	8.0	0.10394648829431502	0.13803835133556033	1
243	Iter0244	8	8	3	2	4	0	0.6666666666666666	1.0	0.04732099399999999	1
244	Iter0245	10	3	16	4	3	1	0.8333333333333334	1.0	0.021328663499999994	1
245	Iter0246	8	9	7	5	4	0	0.6349206349206349	0.7103816512796319	0.09466772087288305	1
246	Iter0247	8	7	8	3	3	0	0.42857142857142855	0.4278637770897855	0.056918416199999995	1
247	Iter0248	11	5	7	5	5	0	1.5714285714285716	0.6979405034324901	0.09911546355999999	1
248	Iter0249	15	4	4	2	12	0	1.875	0.6060530773574245	0.21280391292	1
249	Iter0250	10	5	8	5	4	1	1.25	1.0	0.04524105998	1
250	Iter0251	17	5	7	7	4	0	3.4	0.14782968730688528	0.03104666210921	1
251	Iter0252	10	9	6	4	4	0	0.7407407407407408	1.0	0.04548056389425748	1
252	Iter0253	9	4	7	2	4	0	0.6428571428571429	1.0	0.09014777675899999	1
253	Iter0254	11	3	4	3	4	0	2.75	0.35436016511868057	0.09657157532	1
254	Iter0255	14	10	9	1	5	0	0.15555555555555556	0.11326033450943596	0.059215284936	1
255	Iter0256	12	6	7	4	5	0	1.1428571428571428	1.0	0.093040859475	1
256	Iter0257	17	6	6	2	9	0	0.9444444444444444	1.0	0.19055876209999995	1
257	Iter0258	15	4	12	3	2	0	0.9375	1.0	0.045698815624	1
258	Iter0259	11	2	6	4	5	0	3.6666666666666665	0.3412880026152322	0.1472349268666	1
259	Iter0260	7	7	6	4	4	0	0.6666666666666666	0.6968299905774686	0.041403293198	1
260	Iter0261	16	6	10	3	5	1	0.7999999999999999	1.0	0.112966376798	1
261	Iter0262	8	6	11	6	5	0	0.7272727272727273	0.7241018200577214	0.087544171	1
262	Iter0263	10	5	9	6	6	1	1.3333333333333333	1.0	0.1202449062	1
263	Iter0264	13	5	11	4	6	0	0.9454545454545454	1.0	0.122552648	1
264	Iter0265	8	7	4	3	4	0	0.8571428571428571	1.0	0.071428133	1
265	Iter0266	11	3	9	7	5	0	2.851851851851852	0.2602365483924732	0.12889462613906502	1
266	Iter0267	12	5	7	3	4	0	1.0285714285714285	1.0	0.07266881239866	1
267	Iter0268	13	4	5	2	7	1	1.3	1.0	0.14887662826184	1
268	Iter0269	16	7	13	3	5	0	0.5274725274725275	0.4798194779219509	0.0887623159775	1
269	Iter0270	10	4	4	1	6	0	0.625	1.0	0.11640383999999998	1
270	Iter0271	9	6	9	3	3	0	0.5	0.6828375286041244	0.025284267120000002	1
271	Iter0272	16	9	8	4	6	1	0.8888888888888888	1.0	0.14731034	1
272	Iter0273	13	6	7	2	8	1	0.6190476190476191	1.0	0.0995865469	1
273	Iter0274	3	13	7	4	2	0	0.13186813186813187	0.04022374777523575	0.042926660000000005	1
274	Iter0275	13	4	14	6	8	0	1.3928571428571428	0.7245752173449812	0.1175435583	1
275	Iter0276	12	2	9	5	6	0	3.333333333333333	0.3845410628019317	0.11053390260000001	1
276	Iter0277	11	5	2	5	3	0	5.5	0.16879795396419428	0.040127646351	1
277	Iter0278	14	6	4	4	5	0	2.333333333333333	0.400425661295224	0.09837599654079998	1
278	Iter0279	6	8	9	2	3	0	0.16666666666666666	0.099151972001616	0.062319900000000004	1
279	Iter0280	12	4	8	3	3	1	1.125	1.0	0.0181169104	1
280	Iter0281	11	5	3	7	7	0	5.133333333333334	0.1053708439897703	0.1266010441092	1
281	Iter0282	8	5	7	1	5	0	0.2285714285714286	0.3359133126934977	0.07369601212	1
282	Iter0283	19	7	5	1	11	0	0.5428571428571429	1.0	0.23779683299999999	1
283	Iter0284	9	8	4	2	4	0	0.5625	0.660019614253021	0.06341578434999567	1
284	Iter0285	19	4	7	4	8	0	2.7142857142857144	0.38840905290555694	0.2581587593498185	1
285	Iter0286	6	8	9	6	4	0	0.5	0.4660922247854473	0.12632870000000002	1
286	Iter0287	11	5	5	1	5	0	0.4400000000000001	0.6341120180129485	0.1261589664	1
287	Iter0288	9	6	10	5	2	0	0.75	1.0	0.016718750097866	1
288	Iter0289	12	7	12	3	1	1	0.42857142857142855	0.4512690868641985	0.010211603999999999	1
289	Iter0290	15	10	2	4	6	1	3.0	0.3696700037078251	0.132788929876	1
290	Iter0291	8	5	8	3	1	0	0.6000000000000001	0.6791851752142513	0.01433872464589	1
291	Iter0292	14	5	8	8	4	1	2.8	0.17893633828247354	0.047734533726400005	1
292	Iter0293	18	10	6	2	7	0	0.6	0.6909856267312351	0.14538230199839391	1
293	Iter0294	18	7	7	3	7	0	1.1020408163265307	1.0	0.17970841648179997	1
294	Iter0295	11	4	9	3	4	0	0.9166666666666666	1.0	0.08520924881000001	1
295	Iter0296	19	2	8	4	9	0	4.75	0.15869905956112507	0.18701256527	1
296	Iter0297	9	11	10	3	2	0	0.24545454545454545	0.08728673297759659	0.053826169545	1
297	Iter0298	13	4	6	2	3	0	1.0833333333333333	1.0	0.05985040864444201	1
298	Iter0299	8	4	3	3	2	0	2.0	0.6266968325791863	0.036243300396199996	1
299	Iter0300	16	5	11	3	4	0	0.8727272727272728	1.0	0.08683466650865	1
300	Iter0301	18	4	10	3	9	0	1.35	1.0	0.1597230619618421	1
301	Iter0302	14	5	7	4	5	1	1.6	0.6870949140814259	0.111177697486213	1
302	Iter0303	13	6	5	1	7	0	0.4333333333333333	0.6371541501976321	0.17618438508865	1
303	Iter0304	14	10	17	3	7	1	0.2470588235294117	0.09582538538863	0.15231243189	1
304	Iter0305	8	5	5	2	3	0	0.64	1.0	0.0665095479685	1
305	Iter0306	10	4	5	3	5	1	1.5	1.0	0.08113164740865499	1
306	Iter0307	14	5	6	2	9	0	0.9333333333333332	1.0	0.24755413	1
307	Iter0308	11	8	9	2	3	0	0.3055555555555556	0.24647346656342345	0.10600688241	1
308	Iter0309	11	6	7	2	4	0	0.5238095238095238	0.6672852090701096	0.10768540299	1
309	Iter0310	11	5	7	2	3	0	0.6285714285714287	1.0	0.085105107	1
310	Iter0311	8	4	6	3	1	0	1.0	1.0	0.028297459771039004	1
311	Iter0312	20	7	6	4	10	0	1.9047619047619049	0.44173040198853947	0.2252475959710129	1
312	Iter0313	7	5	7	0	1	0	0.16666666666666666	0.10603715170278656	0.011700885	1
313	Iter0314	17	4	6	6	5	0	4.25	0.1142166509797191	0.101399323916502	1
314	Iter0315	10	6	10	4	5	0	0.6666666666666667	0.7089455272363878	0.1176134838	1
315	Iter0316	17	6	2	4	10	0	5.666666666666668	0.14323607427055907	0.188215174978	1
316	Iter0317	8	7	10	5	6	1	0.5714285714285714	0.7103816512796326	0.13756927000000002	1
317	Iter0318	18	9	3	2	3	0	1.3333333333333333	1.0	0.035614513075922054	1
318	Iter0319	12	8	12	5	6	0	0.625	0.7306957680706478	0.0935791468319	1
319	Iter0320	12	5	6	1	4	0	0.4	0.6286665279800293	0.052720466390299994	1
320	Iter0321	17	3	6	0	5	0	0.6428571428571429	1.0	0.06504626806017	1
321	Iter0322	16	7	7	1	5	0	0.32653061224489793	0.6417017959175967	0.088649123744	1
322	Iter0323	12	6	7	4	6	0	1.1428571428571428	1.0	0.18067569500000003	1
323	Iter0324	8	5	10	1	5	0	0.16	0.1659856162144488	0.1589621467	1
324	Iter0325	14	8	8	0	6	0	0.1851851851851852	0.07050406420721361	0.10937292901750001	1
325	Iter0326	15	7	8	5	6	1	1.3392857142857142	0.726005085015115	0.15476789703000002	1
326	Iter0327	15	8	8	2	6	0	0.46875	0.6821682211003657	0.13839362100000002	1
327	Iter0328	16	4	5	6	8	0	4.8	0.10550481583029812	0.16531973684	1
328	Iter0329	7	3	9	2	5	0	0.5185185185185186	0.6351172047766502	0.10751801660999999	1
329	Iter0330	10	6	5	4	5	0	1.3333333333333337	1.0	0.1039881427957	1
330	Iter0331	11	4	13	3	5	0	0.6346153846153847	0.6850821900877568	0.11806633417000001	1
331	Iter0332	7	1	6	5	5	0	5.833333333333334	0.17698658410732676	0.07648463999999999	1
332	Iter0333	5	5	1	1	1	0	1.0	1.0	0.0823342	1
333	Iter0334	9	5	8	1	3	0	0.225	0.3401289785729137	0.059055906820000004	1
334	Iter0335	8	6	7	2	5	0	0.3809523809523809	0.3997846278099336	0.09961562000000002	1
335	Iter0336	11	9	1	5	3	1	6.1111111111111125	0.16956521739130453	0.042644335644	1
336	Iter0337	18	6	10	5	7	0	1.5	0.7181287811399857	0.18692963270781002	1
337	Iter0338	12	6	9	4	7	0	0.8888888888888888	1.0	0.16065226999999999	1
338	Iter0339	14	5	5	1	7	0	0.5599999999999999	1.0	0.0742132931	1
339	Iter0340	9	6	10	2	4	0	0.3	0.2357487922705335	0.06101253809349	1
340	Iter0341	11	3	6	2	4	1	1.2222222222222219	1.0	0.0916002667902	1
341	Iter0342	8	5	7	1	2	0	0.2285714285714286	0.3359133126934977	0.04927144775598	1
342	Iter0343	13	5	9	2	7	0	0.5777777777777778	0.6765078998962144	0.2109741962	1
343	Iter0344	8	4	4	4	3	0	2.0	0.6479161705167873	0.08940131045897899	1
344	Iter0345	17	6	2	6	8	0	8.500000000000002	0.03158038846581702	0.13866135038679997	1
345	Iter0346	15	1	10	1	8	0	1.5	1.0	0.15580482744000002	1
346	Iter0347	9	4	10	2	4	1	0.45	0.6447204968944096	0.060977345	1
347	Iter0348	9	8	10	3	3	3	0.3375	0.2594940624925659	0.08211333903799999	1
348	Iter0349	5	10	7	6	1	0	0.42857142857142855	0.4454486600132027	0.011247881000000001	1
349	Iter0350	23	6	6	3	9	0	1.9166666666666667	0.6553124672569322	0.2323833436650946	1
350	Iter0351	17	3	9	5	7	1	3.1481481481481484	0.22778676644083076	0.15019182423516397	1
351	Iter0352	13	3	7	3	6	0	1.857142857142857	0.6442687747035591	0.1181517391085075	1
352	Iter0353	9	8	6	3	5	0	0.5625	0.6828375286041237	0.07756383759999999	1
353	Iter0354	14	2	10	2	4	0	1.4	1.0	0.0811019914825	1
354	Iter0355	6	7	8	2	3	0	0.21428571428571427	0.19679633867276894	0.0746621705	1
355	Iter0356	10	6	3	0	7	0	0.3928571428571429	0.5170278637770895	0.143336105	1
356	Iter0357	12	6	7	3	4	0	0.8571428571428571	1.0	0.0418398247	1
357	Iter0358	5	5	7	4	4	0	0.5714285714285714	0.6699214098594904	0.07466604999999998	1
358	Iter0359	12	6	10	3	4	0	0.6	0.6961261304831488	0.07354204611819001	1
359	Iter0360	15	7	5	4	4	0	1.7142857142857142	0.6827690373175757	0.05332525081258659	1
360	Iter0361	11	3	8	2	5	1	0.9166666666666666	1.0	0.10037736319	1
361	Iter0362	9	4	5	4	3	0	1.8	0.6619195046439599	0.062589064	1
362	Iter0363	10	6	4	0	4	0	0.3142857142857143	0.2674922600619205	0.08668843984000002	1
363	Iter0364	16	7	8	3	5	0	0.8571428571428571	1.0	0.11915266631350001	1
364	Iter0365	8	6	4	5	3	0	1.6666666666666663	0.6801722977520513	0.058503617	1
365	Iter0366	7	4	7	4	5	0	1.0	1.0	0.11404635	1
366	Iter0367	11	7	3	2	6	0	1.0476190476190477	1.0	0.12966800365948	1
367	Iter0368	14	5	9	1	7	0	0.3111111111111111	0.6328154604016742	0.1186798715601	1
368	Iter0369	8	10	5	3	5	0	0.48	0.6727688787185335	0.09585360883450002	1
369	Iter0370	7	7	7	2	3	0	0.2857142857142857	0.2282945214699148	0.09164912992486	1
370	Iter0371	12	6	10	4	4	0	0.8	1.0	0.10276175774499999	1
371	Iter0372	13	4	7	5	5	0	2.321428571428572	0.42228885557221785	0.1693291989989	1
372	Iter0373	9	12	3	2	3	1	0.5	0.6347826086956561	0.09544931512999999	1
373	Iter0374	23	11	9	3	14	0	0.6969696969696969	0.729410147293126	0.300258459541053	1
374	Iter0375	9	5	6	3	5	0	0.9	1.0	0.10637430941109	1
375	Iter0376	6	7	9	3	1	0	0.2857142857142857	0.2261946426167724	0.009712060528000001	1
376	Iter0377	10	4	4	4	6	2	2.5	0.3864465084279329	0.1025384894916	1
377	Iter0378	14	7	7	6	7	0	1.7142857142857142	0.4913148264577407	0.13850495746454158	1
378	Iter0379	7	6	6	1	4	0	0.19444444444444445	0.3285345717234254	0.08068484000000001	1
379	Iter0380	16	5	6	0	10	0	0.4047619047619048	0.5551839464883004	0.27825611705226605	1
380	Iter0381	15	7	6	3	6	1	1.0714285714285714	1.0	0.17800217315600006	1
381	Iter0382	8	3	3	0	4	0	0.5625	1.0	0.11148037	1
382	Iter0383	12	6	10	0	3	1	0.16883116883116886	0.06187290969899671	0.07704159129711	1
383	Iter0384	8	4	7	3	4	0	0.8571428571428571	1.0	0.025638960765512003	1
384	Iter0385	13	9	5	3	6	0	0.8666666666666666	1.0	0.127383047	1
385	Iter0386	12	3	9	4	7	0	1.7777777777777777	0.6702898550724616	0.14533404141435602	1
386	Iter0387	13	9	6	4	8	0	0.9629629629629628	1.0	0.11997780000000001	1
387	Iter0388	14	4	5	1	4	0	0.7	1.0	0.039345729719630004	1
388	Iter0389	11	3	10	3	7	1	1.1	1.0	0.10482345409999999	1
389	Iter0390	12	2	4	4	4	0	6.0	0.13650436251055492	0.07723783298	1
390	Iter0391	13	6	8	2	7	0	0.5416666666666666	0.6749038068378458	0.12199054863	1
391	Iter0392	11	1	10	5	2	0	5.5	0.18190263842437868	0.06802960303000001	1
392	Iter0393	16	7	13	2	4	1	0.3516483516483516	0.2733443145532433	0.05338267758301259	1
393	Iter0394	18	6	8	3	8	0	1.125	1.0	0.15146416780260002	1
394	Iter0395	12	6	13	4	5	1	0.6153846153846154	0.7111942562443172	0.10730798962	1
395	Iter0396	8	7	8	3	3	0	0.42857142857142855	0.4278637770897855	0.0628041	1
396	Iter0397	8	8	10	3	1	0	0.3	0.2490341295517678	0.005271504761999999	1
397	Iter0398	22	10	6	3	9	1	1.1	1.0	0.20363350146714496	1
398	Iter0399	7	4	7	6	2	0	1.5	0.6968299905774671	0.07359814649	1
399	Iter0400	13	5	10	7	6	0	1.82	0.4886763070077938	0.17986462359	1
400	Iter0401	12	4	6	2	6	0	1.0	1.0	0.14803933445	1
401	Iter0402	20	4	4	2	9	0	2.5	0.5705039787798427	0.18142575200879998	1
402	Iter0403	16	8	6	6	7	0	2.0	0.4714942528735664	0.13634336069441	1
403	Iter0404	14	5	7	9	3	0	3.6	0.09372410568909327	0.058308163999999996	1
404	Iter0405	9	8	8	3	6	0	0.421875	0.4348770476916937	0.0864422649	1
405	Iter0406	12	7	4	4	5	0	1.7142857142857142	0.6753623188405895	0.09323709049	1
406	Iter0407	18	2	4	2	7	0	4.5	0.2183946488294329	0.13530029310000002	1
407	Iter0408	8	4	9	1	3	0	0.2222222222222222	0.3233082706766904	0.09937902144199999	1
408	Iter0409	8	8	7	5	4	0	0.7142857142857143	0.7176829541885367	0.08930229051000001	1
409	Iter0410	9	7	6	3	2	0	0.6428571428571429	0.69131780858797	0.07708170412399999	1
410	Iter0411	9	8	5	1	5	0	0.225	0.3401289785729149	0.12198427399999999	1
411	Iter0412	16	6	9	2	6	0	0.5925925925925926	0.6870454350988209	0.12002585669058999	1
412	Iter0413	14	5	6	3	7	0	1.4	1.0	0.155434709	1
413	Iter0414	15	5	13	8	4	0	1.8461538461538465	0.5054755778595297	0.06499216	1
414	Iter0415	7	7	10	4	4	0	0.4	0.440071192473938	0.0859074	1
415	Iter0416	7	7	7	2	4	1	0.2857142857142857	0.2282945214699148	0.07966522000000001	1
416	Iter0417	11	7	11	1	5	0	0.14285714285714285	0.09939799331103748	0.092717247685872	1
417	Iter0418	15	4	6	1	7	0	0.625	1.0	0.14928233900000001	1
418	Iter0419	9	4	7	4	3	0	1.2857142857142858	1.0	0.042260171246	1
419	Iter0420	11	6	7	2	7	0	0.5238095238095238	0.6672852090701096	0.14533456	1
420	Iter0421	5	7	14	3	2	1	0.15306122448979592	0.045973716438484274	0.07136287837	1
421	Iter0422	14	5	6	3	7	0	1.4	1.0	0.10130953000000001	1
422	Iter0423	7	6	7	1	4	0	0.16666666666666669	0.1735810113519097	0.0561703889	1
423	Iter0424	16	7	12	2	4	0	0.3809523809523809	0.4338801636158325	0.043161669	1
424	Iter0425	16	6	4	4	10	0	2.6666666666666665	0.3841233229539117	0.15328167764	1
425	Iter0426	10	7	7	4	3	0	0.8163265306122449	1.0	0.13424337677	1
426	Iter0427	9	5	3	4	5	0	2.4	0.3972136222910229	0.06164489503	1
427	Iter0428	11	7	10	5	3	0	0.7857142857142857	1.0	0.10442456167999146	1
428	Iter0429	12	5	3	1	6	0	0.7999999999999999	1.0	0.1220993399993106	1
429	Iter0430	9	6	6	4	3	0	1.0	1.0	0.0194625271327	1
430	Iter0431	9	8	6	1	6	1	0.1875	0.1907114624505943	0.07739784300000001	1
431	Iter0432	14	4	6	3	6	0	1.75	0.6526603830951689	0.09782025945200001	1
432	Iter0433	12	2	12	4	5	1	2.0	0.6567049808429191	0.13220796909500002	1
433	Iter0434	13	4	13	3	4	2	0.75	1.0	0.07741550814199999	1
434	Iter0435	17	6	4	3	9	0	2.1250000000000004	0.6401591511936393	0.15172024476999998	1
435	Iter0436	5	7	7	4	3	0	0.4081632653061225	0.4136492125454283	0.01335426	1
436	Iter0437	5	8	3	3	4	0	0.625	1.0	0.07319023	1
437	Iter0438	13	4	7	3	7	0	1.3928571428571428	1.0	0.13575007953999998	1
438	Iter0439	15	7	5	6	9	0	2.5714285714285707	0.2697078879914848	0.2279350393	1
439	Iter0440	9	7	9	1	5	1	0.14285714285714288	0.0988526347794083	0.17567993780000002	1
440	Iter0441	10	7	9	5	5	0	0.7936507936507936	1.0	0.0639308366	1
441	Iter0442	16	8	9	1	6	0	0.2222222222222222	0.22495583327880886	0.1515335323899089	1
442	Iter0443	7	6	7	1	2	1	0.16666666666666669	0.1735810113519097	0.04183449694	1
443	Iter0444	8	4	8	7	2	0	1.75	0.6959662583568968	0.081478091912	1
444	Iter0445	19	8	8	1	15	1	0.296875	0.396304016601072	0.3638073046	1
445	Iter0446	9	4	9	2	4	0	0.5	0.6493952271984307	0.06934860000000001	1
446	Iter0447	18	6	4	1	11	0	0.75	1.0	0.1442062873615	1
447	Iter0448	12	12	3	3	5	1	1.0	1.0	0.0693476601	1
448	Iter0449	12	5	7	5	4	0	1.7142857142857144	0.6941529235382371	0.08931045619851	1
449	Iter0450	17	2	8	3	6	1	3.1875	0.3268283440697242	0.09995807439999999	1
450	Iter0451	18	3	9	2	8	0	1.3333333333333333	1.0	0.20977096039	1
451	Iter0452	9	8	9	4	4	1	0.5	0.4650818951426569	0.0544188609177	1
452	Iter0453	13	4	10	2	3	1	0.65	1.0	0.027675455999999998	1
453	Iter0454	14	8	6	3	6	1	0.875	1.0	0.21254733303999998	1
454	Iter0455	14	7	7	2	6	0	0.5714285714285714	0.6814057307010866	0.119118329941	1
455	Iter0456	6	7	9	3	5	0	0.2857142857142857	0.2261946426167724	0.12391711300000001	1
456	Iter0457	13	13	8	3	7	0	0.375	0.28466063393761765	0.196148237	1
457	Iter0458	11	4	7	8	5	0	3.1428571428571432	0.2635419132539018	0.08633995209976925	1
458	Iter0459	9	11	7	1	5	0	0.1168831168831169	0.08821999256781879	0.133589599570352	1
459	Iter0460	13	7	6	2	5	0	0.6190476190476191	1.0	0.0904213077	1
460	Iter0461	7	3	7	2	2	1	0.6666666666666667	1.0	0.037148111299999995	1
461	Iter0462	5	7	6	1	3	0	0.11904761904761905	0.14729697547034978	0.0774596	1
462	Iter0463	10	9	8	1	6	0	0.1388888888888889	0.09798028058897514	0.1788604237	1
463	Iter0464	9	10	7	4	4	0	0.5142857142857143	0.4664001332667063	0.07957755903436001	1
464	Iter0465	8	7	6	2	2	0	0.3809523809523809	0.3997846278099353	0.024635757076000003	1
465	Iter0466	7	2	10	2	1	0	0.7	1.0	0.019966839	1
466	Iter0467	17	3	10	1	3	1	0.5666666666666667	1.0	0.043405982026999995	1
467	Iter0468	16	2	9	1	7	0	0.8888888888888888	1.0	0.15578419458200002	1
468	Iter0469	6	8	9	6	3	0	0.5	0.4660922247854473	0.061139761797434924	1
469	Iter0470	20	4	7	1	7	0	0.7142857142857143	1.0	0.109796815494	1
470	Iter0471	10	1	6	2	5	1	3.333333333333333	0.5459236326109406	0.14053724999995104	1
471	Iter0472	11	7	11	3	5	0	0.4285714285714286	0.4460632586932393	0.105283107915	1
472	Iter0473	8	4	6	3	6	0	1.0	1.0	0.1038818036	1
473	Iter0474	11	6	8	2	5	2	0.4583333333333333	0.665524813350906	0.09015028535820001	1
474	Iter0475	16	10	9	2	6	0	0.3555555555555556	0.2793428588102472	0.08530893734000002	1
475	Iter0476	17	5	7	3	7	2	1.457142857142857	0.6807863438008097	0.11162067725	1
476	Iter0477	15	7	5	3	3	0	1.2857142857142856	1.0	0.05702981708199999	1
477	Iter0478	8	10	6	3	4	0	0.4	0.4197101449275389	0.097718552863313	1
478	Iter0479	12	7	10	3	3	0	0.5142857142857142	0.4673163418290902	0.0870512942749	1
479	Iter0480	12	9	6	1	6	0	0.2222222222222222	0.3642444512009701	0.1052279877	1
480	Iter0481	18	5	10	6	10	2	2.16	0.30688590029034324	0.19902195109477197	1
481	Iter0482	11	8	5	4	5	0	1.1	1.0	0.12403762937	1
482	Iter0483	12	6	5	1	5	0	0.4	0.6286665279800315	0.1391095087518	1
483	Iter0484	11	5	12	7	4	2	1.2833333333333334	1.0	0.07901958490000001	1
484	Iter0485	7	5	4	0	5	0	0.26666666666666666	0.2445054945054937	0.07874332999984596	1
485	Iter0486	18	7	8	5	7	0	1.6071428571428572	0.7143736940406444	0.230524847116591	1
486	Iter0487	14	8	6	3	5	1	0.875	1.0	0.08154139049119999	1
487	Iter0488	4	2	9	3	3	1	0.6666666666666666	1.0	0.03781946	1
488	Iter0489	14	4	9	4	9	0	1.5555555555555556	0.6893733778272153	0.1654747730043	1
489	Iter0490	12	6	10	5	6	0	1.0	1.0	0.13493635110000002	1
490	Iter0491	11	9	11	7	4	0	0.7777777777777779	0.7521492087434969	0.0766813549	1
491	Iter0492	13	5	10	3	7	1	0.78	1.0	0.14608947485499998	1
492	Iter0493	12	3	6	2	7	0	1.3333333333333333	1.0	0.21505313080027977	1
493	Iter0494	12	9	9	7	6	1	1.037037037037037	1.0	0.1452219655	1
494	Iter0495	13	6	5	4	5	1	1.7333333333333332	0.6774703557312203	0.105797349837623	1
495	Iter0496	5	9	8	0	2	0	0.06666666666666668	0.005516464959189427	0.0628561706	1
496	Iter0497	12	12	11	3	5	1	0.2727272727272728	0.10059219069884663	0.10815844928000001	1
497	Iter0498	18	5	7	3	6	0	1.5428571428571427	0.6728202276033086	0.09259651819999999	1
498	Iter0499	11	7	7	2	6	0	0.4489795918367347	0.6672852090701111	0.134286584	1
499	Iter0500	12	3	2	5	8	0	10.0	0.0523501266535322	0.114993693	1
500	Iter0501	11	8	6	2	4	0	0.4583333333333333	0.6655248133509075	0.0449944994	1
501	Iter0502	13	6	10	3	6	0	0.6499999999999999	0.7035873192436106	0.11554918530000002	1
502	Iter0503	15	7	6	4	8	1	1.4285714285714286	0.7025959724852291	0.2146592589588174	1
503	Iter0504	9	6	3	5	1	0	2.5	0.4003230582850992	0.016574865052490003	1
504	Iter0505	6	10	7	5	5	0	0.4285714285714286	0.4454486600132024	0.09520139676211	1
505	Iter0506	15	4	12	3	5	2	0.9375	1.0	0.094349660533	1
506	Iter0507	13	10	3	4	8	0	1.7333333333333334	0.6745849297573541	0.14752968164	1
507	Iter0508	12	4	11	3	6	0	0.8181818181818182	1.0	0.13535693328890896	1
508	Iter0509	14	9	13	1	5	1	0.11965811965811965	0.0558941130491234	0.06692147194578	1
509	Iter0510	14	5	8	5	2	0	1.7499999999999998	0.6992914832906216	0.038674725576603605	1
510	Iter0511	9	7	2	7	6	0	4.500000000000001	0.2077157087091144	0.12266460832000001	1
511	Iter0512	12	10	6	2	7	2	0.4	0.4191519624803023	0.10606624700000002	1
512	Iter0513	10	5	10	1	5	0	0.2	0.1973244147157194	0.08012603999886667	1
513	Iter0514	11	8	6	1	6	0	0.22916666666666666	0.3574217087260585	0.14379924100000002	1
514	Iter0515	9	7	6	6	2	1	1.2857142857142858	1.0	0.054892463077722095	1
515	Iter0516	7	8	6	3	3	0	0.4375	0.4225333153856515	0.035852010000000004	1
516	Iter0517	10	6	10	7	4	1	1.1666666666666667	1.0	0.07142502249999999	1
517	Iter0518	9	5	9	3	2	1	0.6	0.6828375286041177	0.0497541044	1
518	Iter0519	13	7	13	2	3	1	0.2857142857142857	0.24443826473860314	0.032656360174491	1
519	Iter0520	11	4	11	1	8	0	0.25	0.3418803418803462	0.14615017964000002	1
520	Iter0521	14	6	6	3	7	0	1.1666666666666667	1.0	0.0981173947824593	1
521	Iter0522	15	8	9	3	9	1	0.625	0.7091438594775741	0.24925642099999998	1
522	Iter0523	9	5	8	2	5	1	0.45	0.6529366895499655	0.06875019857107001	1
523	Iter0524	9	7	4	3	5	0	0.9642857142857144	1.0	0.0988946312519	1
524	Iter0525	13	5	2	3	6	0	3.9	0.2968587476596628	0.08319992999999999	1
525	Iter0526	10	9	5	1	6	0	0.22222222222222224	0.3448616600790536	0.12460112039999999	1
526	Iter0527	15	5	8	10	9	0	3.75	0.09597049775025393	0.22805334237699998	1
527	Iter0528	11	8	5	1	3	0	0.275	0.3644268774703583	0.01821592452007	1
528	Iter0529	16	11	7	1	6	1	0.2077922077922078	0.21615193352090686	0.13609898061	1
529	Iter0530	13	6	11	3	4	0	0.5909090909090909	0.6981979977753017	0.11024197629679999	1
530	Iter0531	10	5	9	3	6	0	0.6666666666666666	0.6956521739130495	0.14270121	1
531	Iter0532	6	6	12	5	4	0	0.4166666666666667	0.4384371723912521	0.08072580000000001	1
532	Iter0533	10	7	6	5	4	0	1.1904761904761905	1.0	0.07716358654069999	1
533	Iter0534	12	11	3	3	6	0	1.0909090909090908	1.0	0.06268145341835	1
534	Iter0535	7	8	8	5	2	2	0.546875	0.475696914921573	0.05870455196319999	1
535	Iter0536	8	6	5	5	4	0	1.3333333333333333	1.0	0.064496356497	1
536	Iter0537	17	2	6	2	5	0	2.833333333333333	0.5582905982906048	0.10447500722987998	1
537	Iter0538	16	2	8	4	7	0	4.0	0.1843779209296447	0.13485655380000003	1
538	Iter0539	16	6	4	1	10	0	0.6666666666666666	1.0	0.27456655837289995	1
539	Iter0540	15	4	4	9	9	1	8.4375	0.010778700511495348	0.23530757480000003	1
540	Iter0541	8	7	6	3	7	0	0.5714285714285714	0.6784560506124666	0.15006111000000003	1
541	Iter0542	7	5	9	4	3	1	0.6222222222222222	0.6881679903082538	0.08827543602	1
542	Iter0543	11	5	9	3	4	0	0.7333333333333334	1.0	0.10551391879800001	1
543	Iter0544	15	5	8	3	7	1	1.125	1.0	0.140426826553	1
544	Iter0545	18	7	5	5	5	0	2.571428571428572	0.2577378945075131	0.09513203808167912	1
545	Iter0546	14	4	8	0	5	1	0.3333333333333333	0.2767892976588642	0.136718471839	1
546	Iter0547	12	7	11	5	8	1	0.7792207792207791	1.0	0.108170501	1
547	Iter0548	15	8	9	1	8	0	0.20833333333333331	0.2166381449473751	0.24461363937	1
548	Iter0549	14	2	5	6	8	0	8.4	0.033221850613155274	0.13600896	1
549	Iter0550	12	7	4	5	6	0	2.142857142857143	0.43188405797101387	0.161364634982	1
550	Iter0551	7	6	5	2	2	0	0.4666666666666667	0.6424148606811135	0.010570252	1
551	Iter0552	12	5	11	4	4	1	0.8727272727272727	1.0	0.041047713300000004	1
552	Iter0553	8	4	7	7	4	1	2.0	0.4527392650424026	0.09000145	1
553	Iter0554	10	3	6	4	6	1	2.2222222222222223	0.650020191142819	0.16104422	1
554	Iter0555	16	7	6	1	8	0	0.3809523809523809	0.6378072502210488	0.1686719207	1
555	Iter0556	5	3	4	2	0	0	0.8333333333333334	1.0	-6.030760000000001e-09	0
556	Iter0557	12	6	6	3	4	0	1.0	1.0	0.053232842800200006	1
557	Iter0558	10	5	8	2	6	0	0.5	0.6592469315581482	0.15484148799999997	1
558	Iter0559	9	1	8	1	2	0	1.125	1.0	0.051602865718061	1
559	Iter0560	6	5	6	4	3	0	0.7999999999999999	1.0	0.050692171157000004	1
560	Iter0561	15	11	8	4	4	0	0.6818181818181818	0.7280837567267008	0.07771483559161901	1
561	Iter0562	13	7	10	4	6	1	0.7428571428571429	1.0	0.05538470591626	1
562	Iter0563	11	2	8	3	4	0	2.0625	0.629917184265011	0.0816483627	1
563	Iter0564	21	6	9	1	5	1	0.3888888888888889	0.6471409955755401	0.11878294966541	1
564	Iter0565	10	6	7	6	2	1	1.4285714285714286	0.7162922298249417	0.0340411206334	1
565	Iter0566	10	6	10	1	5	2	0.16666666666666669	0.18320327015979396	0.08113453689	1
566	Iter0567	9	9	6	4	4	0	0.6666666666666666	0.7054919908466782	0.07048159772349	1
567	Iter0568	6	2	2	2	4	0	3.0	0.5474747474747486	0.13328709445200002	1
568	Iter0569	11	9	6	5	6	0	1.0185185185185186	1.0	0.20569971228900003	1
569	Iter0570	12	4	11	5	6	0	1.3636363636363635	1.0	0.16287852099999997	1
570	Iter0571	9	7	7	3	2	0	0.5510204081632654	0.6834028806030463	0.021281384616282904	1
571	Iter0572	10	4	7	5	3	3	1.7857142857142858	0.6828375286041206	0.0747098148317	1
572	Iter0573	10	6	7	3	5	0	0.7142857142857143	1.0	0.102635542403823	1
573	Iter0574	16	7	3	3	12	1	2.2857142857142856	0.6328154604016748	0.2116703407	1
574	Iter0575	10	6	7	3	5	0	0.7142857142857143	1.0	0.12374204500000001	1
575	Iter0576	15	1	6	1	7	0	2.5	0.5256916996047429	0.10999491231000001	1
576	Iter0577	17	4	6	2	3	0	1.4166666666666667	1.0	0.08427955058999999	1
577	Iter0578	8	6	9	5	3	0	0.7407407407407407	1.0	0.0411931666	1
578	Iter0579	12	8	4	4	7	0	1.5	0.6908212560386489	0.15300136734	1
579	Iter0580	11	6	5	1	3	0	0.36666666666666653	0.6213854795090509	0.060381629152213706	1
580	Iter0581	13	5	6	4	4	0	1.7333333333333334	0.6774703557312227	0.048782955382	1
581	Iter0582	6	4	10	2	3	2	0.3	0.3476337903582473	0.07216721508	1
582	Iter0583	5	8	10	2	2	0	0.125	0.04140530354018045	0.02644795	1
583	Iter0584	9	5	12	8	3	1	1.2	1.0	0.06678598853890001	1
584	Iter0585	12	7	10	2	5	2	0.3428571428571429	0.41840990174888	0.15901739913000001	1
585	Iter0586	13	6	12	0	6	0	0.15384615384615385	0.058542866106826436	0.1073657902051	1
586	Iter0587	7	2	8	3	5	0	1.3125	1.0	0.11985561902200001	1
587	Iter0588	15	7	4	2	3	1	1.0714285714285714	1.0	0.06385310503	1
588	Iter0589	14	5	6	3	6	0	1.4	1.0	0.09484851415311	1
589	Iter0590	8	6	10	2	3	1	0.26666666666666666	0.2163844393592672	0.07760871481744	1
590	Iter0591	13	9	7	3	4	1	0.6190476190476191	0.7025959724852315	0.1031990973091314	1
591	Iter0592	20	2	6	1	8	0	1.6666666666666667	1.0	0.14278211546428002	1
592	Iter0593	14	4	11	5	9	0	1.5909090909090908	0.7026999696632694	0.20288922722799999	1
593	Iter0594	13	7	8	0	3	0	0.19444444444444445	0.07493665754535314	0.037108212084999995	1
594	Iter0595	15	9	9	3	7	0	0.5555555555555556	0.7091438594775649	0.11929437729393999	1
595	Iter0596	11	7	9	3	7	0	0.5238095238095238	0.6941529235382335	0.14250214672276007	1
596	Iter0597	12	6	4	4	5	0	2.0	0.6644892864572531	0.0853860718399	1
597	Iter0598	14	6	10	2	5	0	0.4666666666666667	0.6757194603690717	0.07485818806270786	1
598	Iter0599	11	10	5	5	6	0	1.1	1.0	0.15938050997999997	1
599	Iter0600	10	5	7	2	3	0	0.5714285714285714	0.6687122945704241	0.09070887143	1
600	Iter0601	4	5	9	2	2	0	0.17777777777777778	0.15967492260061916	0.0727583	1
601	Iter0602	11	7	5	5	4	1	1.5714285714285714	0.6979405034324927	0.045548645194	1
602	Iter0603	10	10	9	6	2	0	0.6666666666666666	0.7337828781461931	0.12001116860000002	1
603	Iter0604	20	7	8	4	8	0	1.4285714285714286	0.7085917850131345	0.129829149281427	1
604	Iter0605	12	2	9	1	3	0	0.6666666666666666	1.0	0.042929906364	1
605	Iter0606	14	7	8	1	5	0	0.25	0.3741898281628433	0.0972011654	1
606	Iter0607	8	5	7	2	3	0	0.4571428571428572	0.6478328173374585	0.07932725741	1
607	Iter0608	13	5	8	3	5	0	0.975	1.0	0.05426983955487999	1
608	Iter0609	13	6	10	3	5	0	0.6499999999999999	0.7035873192436106	0.11935215538	1
609	Iter0610	13	9	3	2	6	0	0.9629629629629628	1.0	0.12891851398	1
610	Iter0611	9	4	11	5	6	0	1.0227272727272727	1.0	0.14529388593	1
611	Iter0612	6	3	6	6	1	1	2.0	0.6604905929983333	0.0101389082	1
612	Iter0613	13	11	8	3	7	0	0.44318181818181823	0.4606451612903304	0.1534048133	1
613	Iter0614	18	8	4	1	9	0	0.5625	1.0	0.13294619100000002	1
614	Iter0615	11	4	5	1	5	0	0.55	1.0	0.0961824538	1
615	Iter0616	13	10	2	5	5	0	3.25	0.38984674329502544	0.10026934240600001	1
616	Iter0617	9	5	8	4	4	3	0.9	1.0	0.044504060500000005	1
617	Iter0618	14	10	3	3	7	0	1.4	1.0	0.14653379143384002	1
618	Iter0619	7	5	3	2	3	0	0.9333333333333332	1.0	0.0888060751	1
619	Iter0620	20	7	8	3	10	0	1.0714285714285716	1.0	0.2547464738701001	1
620	Iter0621	18	6	7	3	12	0	1.2857142857142856	1.0	0.24089545009999996	1
621	Iter0622	6	6	5	4	1	1	0.8	1.0	0.01060348846	1
622	Iter0623	4	4	10	5	0	0	0.5	0.6570197873199661	-1.8204178963000002e-05	0
623	Iter0624	15	6	7	5	3	0	1.7857142857142858	0.4712817288626134	0.055794753300000006	1
624	Iter0625	18	5	7	2	7	2	1.0285714285714287	1.0	0.07489889631775999	1
625	Iter0626	8	11	6	2	4	0	0.24242424242424246	0.20869565217391503	0.05712077897000001	1
626	Iter0627	11	4	3	4	7	0	3.6666666666666665	0.3426212590299271	0.15050932	1
627	Iter0628	13	5	3	7	4	0	6.066666666666667	0.049667647379317816	0.055383970500000004	1
628	Iter0629	9	4	4	2	6	0	1.125	1.0	0.11688502	1
629	Iter0630	11	1	8	2	6	0	2.75	0.5714285714285695	0.11278846202953802	1
630	Iter0631	13	4	12	2	3	0	0.5416666666666666	0.6638240019775088	0.06640628592	1
631	Iter0632	7	2	11	2	4	0	0.6363636363636364	1.0	0.043953619	1
632	Iter0633	13	6	5	2	8	0	0.8666666666666666	1.0	0.104668313292	1
633	Iter0634	17	7	7	1	7	0	0.3469387755102041	0.6417017959175957	0.21670483748000002	1
634	Iter0635	19	6	10	3	14	0	0.95	1.0	0.30392971700000004	1
635	Iter0636	11	9	10	6	8	0	0.7333333333333334	0.7411777981976829	0.18291804011539997	1
636	Iter0637	16	8	5	3	3	0	1.2	1.0	0.046993080015	1
637	Iter0638	11	4	5	3	5	0	1.65	0.657019787319963	0.11302469398763318	1
638	Iter0639	12	4	8	6	2	0	2.25	0.44214559386973695	0.029386041264500003	1
639	Iter0640	9	4	12	2	4	0	0.375	0.3845410628019367	0.056609732644136775	1
640	Iter0641	11	8	5	4	5	0	1.1	1.0	0.0752862184368	1
641	Iter0642	10	6	6	2	7	1	0.5555555555555556	0.6674131270981487	0.17036727929999998	1
642	Iter0643	14	8	9	2	7	0	0.3888888888888889	0.4299756139300042	0.100022592578	1
643	Iter0644	9	5	10	6	3	0	1.08	1.0	0.04915238514	1
644	Iter0645	6	9	5	1	4	0	0.13333333333333333	0.14860681114551136	0.08615964999999999	1
645	Iter0646	11	6	7	3	8	0	0.7857142857142856	1.0	0.187803799	1
646	Iter0647	18	3	11	5	8	1	2.727272727272727	0.2540456620153098	0.168514604174	1
647	Iter0648	7	5	6	3	3	0	0.7	1.0	0.0731971221	1
648	Iter0649	9	3	7	2	6	0	0.8571428571428571	1.0	0.15044910116000001	1
649	Iter0650	11	5	4	1	6	0	0.55	1.0	0.210947296393587	1
650	Iter0651	13	3	9	4	6	0	1.9259259259259256	0.6665000832916959	0.1725579197	1
651	Iter0652	12	3	8	3	7	1	1.5	1.0	0.20681105457	1
652	Iter0653	14	5	5	6	5	0	3.3599999999999994	0.2378526121554629	0.12127897315	1
653	Iter0654	10	5	7	2	4	0	0.5714285714285714	0.6687122945704241	0.055847545000000005	1
654	Iter0655	9	4	6	4	4	1	1.5	0.6850181720285364	0.108382261945	1
655	Iter0656	13	5	12	1	5	0	0.21666666666666667	0.35886434662852795	0.0836982390027	1
656	Iter0657	11	9	6	2	5	0	0.40740740740740733	0.41880341880341737	0.10203602039904128	1
657	Iter0658	6	6	5	0	2	1	0.16666666666666666	0.10229476405946963	0.018875367695799998	1
658	Iter0659	19	4	2	4	7	1	9.5	0.03348069554966132	0.10089221932329999	1
659	Iter0660	11	3	7	5	5	0	2.619047619047619	0.4009153318077797	0.10048434199999878	1
660	Iter0661	17	8	4	3	6	0	1.59375	0.6674857747925096	0.1259485662	1
661	Iter0662	14	4	5	2	7	1	1.4	1.0	0.11614136842999999	1
662	Iter0663	9	7	9	3	3	0	0.4285714285714286	0.4343249427917592	0.09059057979799999	1
663	Iter0664	17	3	15	4	3	1	1.5111111111111113	0.6947646947646952	0.067889725253841	1
664	Iter0665	9	5	8	3	4	0	0.675	1.0	0.08213504099999999	1
665	Iter0666	15	3	2	3	6	0	7.5	0.08859104282445197	0.083644078523	1
666	Iter0667	13	8	8	3	4	0	0.609375	0.702595972485228	0.075380358602	1
667	Iter0668	16	8	5	1	7	1	0.4	0.637135278514594	0.11931929400000002	1
668	Iter0669	10	7	5	4	9	0	1.1428571428571428	1.0	0.145092421035	1
669	Iter0670	7	6	4	3	4	0	0.8750000000000001	1.0	0.0762225185	1
670	Iter0671	13	8	9	1	7	1	0.18055555555555555	0.2054806343726418	0.17536556497980998	1
671	Iter0672	14	3	7	2	8	0	1.3333333333333337	1.0	0.18081653903000006	1
672	Iter0673	8	8	10	2	5	2	0.2	0.114394682358068	0.1104512145697	1
673	Iter0674	14	4	6	5	11	0	2.916666666666667	0.2370627872876763	0.3120119205998942	1
674	Iter0675	8	5	12	3	4	1	0.4	0.4096618357487896	0.0499048864	1
675	Iter0676	10	3	7	2	4	0	0.9523809523809524	1.0	0.06250540413200001	1
676	Iter0677	13	4	3	3	4	0	3.25	0.3184938631162897	0.11054742635660002	1
677	Iter0678	14	6	5	4	4	0	1.8666666666666667	0.6749038068378446	0.07123129128219999	1
678	Iter0679	18	8	6	4	7	0	1.5	0.7004452504027238	0.16179237999999999	1
679	Iter0680	12	7	5	1	4	0	0.3428571428571429	0.6237154150197661	0.12288332788369999	1
680	Iter0681	10	3	8	6	5	0	2.5000000000000004	0.4197101449275405	0.065236472236	1
681	Iter0682	7	6	8	2	3	0	0.2916666666666667	0.37878583927850296	0.068530999762423	1
682	Iter0683	11	4	8	4	6	0	1.375	1.0	0.06655636049	1
683	Iter0684	13	8	6	6	4	0	1.625	0.7156937660202103	0.065248047372589	1
684	Iter0685	13	11	4	4	7	0	1.181818181818182	1.0	0.15535295307225	1
685	Iter0686	12	4	4	1	6	0	0.75	1.0	0.118868599723	1
686	Iter0687	14	4	3	1	8	0	1.1666666666666667	1.0	0.1325353126811	1
687	Iter0688	11	6	8	4	3	0	0.9166666666666666	1.0	0.02517854985	1
688	Iter0689	9	3	7	8	6	0	3.4285714285714284	0.2388298111006441	0.08036829	1
689	Iter0690	15	5	7	3	5	0	1.2857142857142856	1.0	0.10099244673787999	1
690	Iter0691	10	1	7	5	4	0	7.142857142857142	0.15495259888852486	0.08250427121000001	1
691	Iter0692	7	9	8	7	2	0	0.6805555555555556	0.7244346966634627	0.047731699068166	1
692	Iter0693	11	7	7	4	4	1	0.8979591836734694	1.0	0.10362901507200001	1
693	Iter0694	10	4	2	7	3	0	8.75	0.03607484183604783	0.0580881379773	1
694	Iter0695	12	1	8	3	4	0	4.5	0.3002070393374754	0.087203269714	1
695	Iter0696	12	8	5	1	7	0	0.3	0.3797506840985131	0.1789209057	1
696	Iter0697	11	10	5	1	6	0	0.22000000000000006	0.34968413229283196	0.1416230641	1
697	Iter0698	14	3	6	2	7	0	1.5555555555555556	1.0	0.12251222877000001	1
698	Iter0699	8	0	5	10	4	0	16.5	0.0027166264883319523	0.0350460893720849	1
699	Iter0700	12	3	6	4	5	0	2.6666666666666665	0.3781256500936152	0.08120425385	1
700	Iter0701	8	6	10	3	3	2	0.4	0.4197101449275391	0.0432524272631	1
701	Iter0702	13	5	10	3	8	0	0.78	1.0	0.22937639378959002	1
702	Iter0703	9	3	5	4	4	1	2.4	0.3972136222910228	0.07257188	1
703	Iter0704	17	3	8	1	7	0	0.7083333333333334	1.0	0.134772675552837	1
704	Iter0705	9	4	10	0	5	1	0.18181818181818185	0.1044607566346696	0.051529056000000004	1
705	Iter0706	8	4	6	2	3	1	0.6666666666666666	1.0	0.0752103061	1
706	Iter0707	13	4	7	1	6	1	0.4642857142857143	1.0	0.1009788741	1
707	Iter0708	7	8	1	1	4	0	0.875	1.0	0.07491974383744	1
708	Iter0709	9	4	11	3	2	0	0.6136363636363636	0.6776167471819723	0.06440345123999998	1
709	Iter0710	14	5	7	3	8	0	1.2	1.0	0.18383386494999998	1
710	Iter0711	12	4	12	2	4	2	0.5	0.6567049808429184	0.0857177963	1
711	Iter0712	13	4	7	5	4	1	2.321428571428572	0.42228885557221785	0.05600866079269999	1
712	Iter0713	10	3	5	2	3	1	1.3333333333333337	1.0	0.057588505	1
713	Iter0714	8	2	11	4	2	2	1.4545454545454546	1.0	0.025465195619150997	1
714	Iter0715	10	6	7	1	8	0	0.2380952380952381	0.35214848715993063	0.15285787174999999	1
715	Iter0716	10	7	10	2	3	0	0.2857142857142857	0.23407527005728115	0.045395129000000006	1
716	Iter0717	8	8	4	5	4	2	1.25	1.0	0.13716091302	1
717	Iter0718	12	2	5	5	7	0	6.0	0.08501490881353675	0.14920346932	1
718	Iter0719	19	7	14	0	6	2	0.16666666666666666	0.07455443059158315	0.110023061186	1
719	Iter0720	7	7	8	2	4	0	0.25	0.20992058150491452	0.09050481	1
720	Iter0721	21	6	4	0	9	0	0.6285714285714286	0.5614174479580452	0.24882831297000002	1
721	Iter0722	14	5	11	5	7	1	1.2727272727272725	1.0	0.074735357544363	1
722	Iter0723	9	6	13	8	3	0	0.9230769230769232	1.0	0.06563618908999999	1
723	Iter0724	17	6	6	9	8	0	4.250000000000001	0.048611507781420066	0.10552387047339	1
724	Iter0725	13	6	8	6	7	1	1.625	0.7156937660202098	0.09541404370999997	1
725	Iter0726	13	4	7	5	5	1	2.321428571428572	0.42228885557221785	0.15503446220000003	1
726	Iter0727	12	7	15	2	8	1	0.22857142857142854	0.12790979876630526	0.17678630829999997	1
727	Iter0728	5	8	8	8	3	0	0.625	0.7107293323705338	0.04588121704321109	1
728	Iter0729	10	9	6	1	4	1	0.1851851851851852	0.1903922164791738	0.098404464908	1
729	Iter0730	14	2	9	2	2	1	1.5555555555555556	1.0	0.04535943982300001	1
730	Iter0731	10	12	7	1	6	0	0.11904761904761905	0.09242711977344734	0.13813008	1
731	Iter0732	9	8	4	6	4	0	1.6875	0.6945842868039738	0.044987703000000004	1
732	Iter0733	7	2	6	3	5	0	1.75	1.0	0.17511050000000003	1
733	Iter0734	4	5	9	4	3	2	0.3555555555555556	0.3842105263157864	0.08410210000000001	1
734	Iter0735	8	5	4	3	3	0	1.2000000000000002	1.0	0.09481606692600002	1
735	Iter0736	7	6	9	2	3	0	0.2592592592592593	0.21079553102705634	0.0646113230849351	1
736	Iter0737	10	5	8	1	2	2	0.25	0.35094653630122746	0.029607721065	1
737	Iter0738	8	4	11	1	4	0	0.18181818181818185	0.316770186335402	0.081651577	1
738	Iter0739	12	7	7	3	6	0	0.7346938775510203	1.0	0.16940786605000002	1
739	Iter0740	14	4	10	2	5	0	0.7	1.0	0.06702851636585001	1
740	Iter0741	8	3	3	5	4	0	4.4444444444444455	0.1809160911328097	0.108524649	1
741	Iter0742	6	5	1	4	2	0	4.8	0.3076923076923075	0.0359969104	1
742	Iter0743	8	2	4	4	4	0	4.0	0.32126696832579216	0.10513762276470001	1
743	Iter0744	16	8	4	2	5	0	1.0	1.0	0.07536985035388755	1
744	Iter0745	10	5	10	4	5	0	0.8	1.0	0.070137064	1
745	Iter0746	10	8	12	2	8	0	0.20833333333333331	0.12406055036997772	0.167863397273	1
746	Iter0747	8	3	5	2	4	0	1.0666666666666669	1.0	0.1107527947	1
747	Iter0748	9	6	6	6	2	0	1.5	0.7068246062727226	0.057500933000000004	1
748	Iter0749	14	7	6	3	3	1	1.0	1.0	0.12389369894169999	1
749	Iter0750	10	4	4	5	3	0	3.125	0.38263561717593214	0.041625270823300003	1
750	Iter0751	12	4	6	4	8	0	2.0	0.6644892864572509	0.15402856	1
751	Iter0752	13	4	7	3	6	0	1.3928571428571428	1.0	0.16195401815660002	1
752	Iter0753	10	4	5	3	5	0	1.5	1.0	0.0554178429744	1
753	Iter0754	11	6	8	4	2	2	0.9166666666666666	1.0	0.01703500078461	1
754	Iter0755	5	6	12	4	1	2	0.2777777777777778	0.22379862700229047	0.02758999154	1
755	Iter0756	11	4	4	3	3	1	2.0625	0.6302244582043344	0.0654230952158	1
756	Iter0757	13	4	4	5	5	0	4.0625	0.19367588932806526	0.12279754385	1
757	Iter0758	8	6	4	1	5	0	0.3333333333333333	0.6026831785345711	0.119850229	1
758	Iter0759	13	5	6	4	5	0	1.7333333333333334	0.6774703557312227	0.08051322804	1
759	Iter0760	11	4	5	1	3	1	0.55	1.0	0.052249357984240005	1
760	Iter0761	11	6	6	5	7	1	1.5277777777777777	0.7011369002215702	0.143545398	1
761	Iter0762	12	9	5	3	3	0	0.7999999999999999	1.0	0.0759175959176	1
762	Iter0763	9	6	9	5	5	0	0.8333333333333333	1.0	0.12162490062	1
763	Iter0764	12	6	4	3	6	0	1.5	0.6728770542958245	0.10006355990031629	1
764	Iter0765	9	10	6	3	5	0	0.45	0.4347826086956511	0.16782263740000003	1
765	Iter0766	17	8	8	3	6	0	0.796875	1.0	0.1005903895	1
766	Iter0767	13	6	7	1	4	0	0.3095238095238095	0.6333637377115705	0.08573698279500001	1
767	Iter0768	19	5	8	3	6	0	1.425	0.6854675129228597	0.09056537348903	1
768	Iter0769	10	6	9	1	6	1	0.1851851851851852	0.19039221647917365	0.09815483800000001	1
769	Iter0770	8	5	10	4	4	0	0.64	0.6945842868039729	0.04320982791732701	1
770	Iter0771	7	7	7	5	5	0	0.7142857142857143	0.7126881141472621	0.066259113	1
771	Iter0772	13	3	12	3	7	0	1.0833333333333333	1.0	0.125571304935	1
772	Iter0773	8	8	8	4	3	1	0.5	0.4589440352800147	0.09252973717	1
773	Iter0774	9	8	7	3	4	0	0.4821428571428571	0.4475464022374834	0.053590880800000004	1
774	Iter0775	16	6	8	2	8	0	0.6666666666666666	1.0	0.18644450242	1
775	Iter0776	10	10	10	3	5	0	0.3	0.1594914908137306	0.0835874433	1
776	Iter0777	11	7	8	3	6	0	0.5892857142857143	0.6941529235382371	0.12129939624096053	1
777	Iter0778	11	4	7	6	4	0	2.357142857142857	0.4327993897787917	0.07648362690516289	1
778	Iter0779	8	9	3	4	5	0	1.1851851851851851	1.0	0.1455272023	1
779	Iter0780	16	9	5	1	8	0	0.3555555555555555	0.6342089501155128	0.15179908664388	1
780	Iter0781	15	4	11	3	8	1	1.0227272727272727	1.0	0.189767124	1
781	Iter0782	10	4	11	2	8	0	0.4545454545454545	0.6483091787439673	0.174933441339925	1
782	Iter0783	13	5	11	2	5	0	0.4727272727272727	0.6671857619577329	0.12497460121119999	1
783	Iter0784	16	5	6	2	9	0	1.0666666666666669	1.0	0.19290302382000002	1
784	Iter0785	16	5	5	4	7	0	2.56	0.3888191568551403	0.076744873719	1
785	Iter0786	6	10	4	3	2	1	0.45	0.6500201911428185	0.05691990172	1
786	Iter0787	7	9	4	4	1	1	0.7777777777777778	1.0	0.028576112533000006	1
787	Iter0788	15	8	6	3	5	0	0.9375	1.0	0.09768741655680918	1
788	Iter0789	14	5	7	5	5	0	2.0	0.4472490801745538	0.1098654952	1
789	Iter0790	14	8	10	4	7	1	0.7	0.7272228401928128	0.133536636058	1
790	Iter0791	15	5	5	2	7	0	1.2	1.0	0.096736959202692	1
791	Iter0792	13	11	5	2	6	0	0.4727272727272728	0.6671857619577333	0.07869537600000001	1
792	Iter0793	6	10	7	3	2	0	0.2571428571428571	0.2261946426167717	0.049866077183	1
793	Iter0794	11	7	6	1	4	0	0.2619047619047619	0.3622966507177039	0.11894745124	1
794	Iter0795	10	8	9	2	6	0	0.2777777777777778	0.2343740217803207	0.1142504163809	1
795	Iter0796	18	7	10	4	10	0	1.0285714285714287	1.0	0.21886717336689998	1
796	Iter0797	9	4	9	1	4	1	0.25	0.3393562958780332	0.11677787804	1
797	Iter0798	22	5	8	4	6	1	2.2	0.4161239037899375	0.1388464709537	1
798	Iter0799	10	5	4	4	5	0	2.0	0.6570197873199637	0.0530602546	1
799	Iter0800	12	12	8	4	5	1	0.5	0.4814979606970698	0.098249235127	1
800	Iter0801	13	3	4	5	3	0	5.416666666666666	0.08699812773039373	0.0696876725	1
801	Iter0802	8	3	8	2	1	0	0.6666666666666666	1.0	0.0080250127403	1
802	Iter0803	8	4	5	2	4	0	0.8	1.0	0.07609477499999998	1
803	Iter0804	8	6	10	5	2	1	0.6666666666666666	0.7103816512796306	0.032080059749999994	1
804	Iter0805	10	3	6	0	5	0	0.3928571428571429	0.5170278637770895	0.10328471537215297	1
805	Iter0806	11	10	6	2	3	0	0.3666666666666667	0.4083471084970379	0.07817830017100899	1
806	Iter0807	14	4	10	6	5	0	2.1	0.4569319445848985	0.093862844456	1
807	Iter0808	13	9	6	3	4	1	0.7222222222222222	1.0	0.0743246717	1
808	Iter0809	10	4	6	2	8	0	0.8333333333333334	1.0	0.164344322	1
809	Iter0810	13	4	5	1	6	0	0.65	1.0	0.060082458239600005	1
810	Iter0811	6	6	5	1	4	2	0.2	0.3156108597285071	0.050344627549	1
811	Iter0812	11	4	6	5	5	0	2.291666666666667	0.4185354691075552	0.1560515769	1
812	Iter0813	13	7	4	1	4	0	0.4642857142857143	1.0	0.03612608929760001	1
813	Iter0814	17	6	5	2	7	0	1.1333333333333333	1.0	0.06981211379809082	1
814	Iter0815	12	5	7	6	4	0	2.057142857142857	0.4538768710882702	0.08726641409000001	1
815	Iter0816	9	10	3	3	2	0	0.9	1.0	0.028272075099973662	1
816	Iter0817	8	6	9	8	5	1	1.1851851851851851	1.0	0.0718696794	1
817	Iter0818	16	3	4	2	7	0	2.6666666666666665	0.5622811970638075	0.10507597417	1
818	Iter0819	13	3	7	2	6	1	1.2380952380952381	1.0	0.18425431329999997	1
819	Iter0820	4	4	7	0	2	0	0.125	0.07692307692307697	0.0302053053	1
820	Iter0821	11	7	9	2	5	0	0.3492063492063492	0.41183254526583213	0.100247874703448	1
821	Iter0822	17	5	5	3	8	0	2.04	0.6430564205077022	0.11274968353717651	1
822	Iter0823	8	11	6	0	4	0	0.10714285714285714	0.019565217391304464	0.14119420764	1
823	Iter0824	11	10	7	0	4	0	0.13636363636363635	0.030171277997364725	0.0817765439	1
824	Iter0825	16	8	9	7	7	0	1.5555555555555554	0.5267347436424215	0.14363179060667	1
825	Iter0826	14	6	11	2	6	1	0.42424242424242425	0.4311271783463024	0.1824533192753	1
826	Iter0827	12	5	9	3	2	0	0.7999999999999999	1.0	0.030149609209000006	1
827	Iter0828	13	5	7	4	5	0	1.4857142857142858	0.694152923538238	0.09171646724279998	1
828	Iter0829	9	6	6	6	9	0	1.5	0.7068246062727226	0.12998341000000002	1
829	Iter0830	11	8	12	9	3	0	1.03125	1.0	0.05096102077352149	1
830	Iter0831	10	4	6	7	5	1	2.916666666666667	0.2518598285996347	0.078569936	1
831	Iter0832	13	8	4	3	4	0	1.21875	1.0	0.0641985212	1
832	Iter0833	7	6	8	6	3	0	0.8750000000000001	1.0	0.0864379721	1
833	Iter0834	12	7	7	4	6	0	0.979591836734694	1.0	0.152900465504787	1
834	Iter0835	8	3	4	3	3	0	2.0	0.6266968325791855	0.0848402108270435	1
835	Iter0836	12	6	11	1	4	1	0.18181818181818185	0.1931388152077821	0.0563849423	1
836	Iter0837	15	3	8	5	5	0	3.125	0.2284760845383751	0.077956075303096	1
837	Iter0838	8	8	15	5	3	0	0.3333333333333333	0.16906380399150175	0.0896874241	1
838	Iter0839	8	6	4	2	3	0	0.6666666666666666	1.0	0.08785644919061573	1
839	Iter0840	13	4	5	4	2	0	2.6	0.3821011025587698	0.025985885898320002	1
840	Iter0841	12	2	6	1	4	0	1.0	1.0	0.130036353306	1
841	Iter0842	8	6	7	3	3	0	0.5714285714285714	0.6784560506124687	0.091465885	1
842	Iter0843	15	9	10	6	4	0	1.0	1.0	0.043468945499999995	1
843	Iter0844	11	10	5	1	6	0	0.22000000000000006	0.34968413229283196	0.09193851328767999	1
844	Iter0845	11	7	9	7	4	0	1.2222222222222219	1.0	0.08947114837480002	1
845	Iter0846	6	7	7	2	3	0	0.24489795918367346	0.20309597523219752	0.03723039383	1
846	Iter0847	10	4	4	7	3	1	4.375	0.11599475030286782	0.04332424530000001	1
847	Iter0848	16	8	9	2	4	2	0.4444444444444444	0.4469758468973348	0.04524936055210001	1
848	Iter0849	7	4	10	1	2	0	0.175	0.31077694235588976	0.025815950000000004	1
849	Iter0850	11	7	11	6	4	0	0.8571428571428572	1.0	0.051426660248508206	1
850	Iter0851	8	7	5	3	2	0	0.6857142857142856	1.0	0.0519681705	1
851	Iter0852	12	8	3	2	6	0	1.0	1.0	0.08519042681799958	1
852	Iter0853	9	6	8	2	6	1	0.375	0.4017890576243008	0.12109649558	1
853	Iter0854	11	7	7	4	4	0	0.8979591836734694	1.0	0.05538658342	1
854	Iter0855	19	3	10	2	7	0	1.2666666666666666	1.0	0.12484999840299998	1
855	Iter0856	8	8	8	3	3	0	0.375	0.4266792300444271	0.048440202700000004	1
856	Iter0857	11	8	6	3	6	0	0.6875	1.0	0.11669974470000001	1
857	Iter0858	12	4	9	2	8	0	0.6666666666666666	1.0	0.19273981941999999	1
858	Iter0859	8	3	9	4	2	2	1.1851851851851851	1.0	0.0234472475	1
859	Iter0860	9	10	9	1	3	0	0.1	0.043639718602237816	0.07275882603503	1
860	Iter0861	17	13	7	5	8	0	0.9340659340659342	1.0	0.15437879045	1
861	Iter0862	18	7	7	1	6	0	0.3673469387755102	0.6428446929002987	0.12604341357699997	1
862	Iter0863	9	7	9	6	6	0	0.8571428571428572	1.0	0.12235502000000001	1
863	Iter0864	7	2	7	3	5	0	1.5	1.0	0.10264959995537169	1
864	Iter0865	13	8	10	3	6	0	0.4875	0.4652947719688614	0.15310114391	1
865	Iter0866	9	6	4	1	3	1	0.375	0.6126160990712072	0.08602115089999998	1
866	Iter0867	13	8	12	4	7	4	0.5416666666666666	0.4912465301786912	0.15732083646379003	1
867	Iter0868	17	9	8	1	5	0	0.2361111111111111	0.23463044839738026	0.10657397282471519	1
868	Iter0869	12	10	8	1	4	0	0.15	0.10646612177782172	0.0608502695	1
869	Iter0870	10	5	4	4	2	0	2.0	0.6570197873199637	0.04594607625	1
870	Iter0871	9	13	8	4	3	1	0.3461538461538461	0.2817526720510752	0.041336823099999996	1
871	Iter0872	16	7	14	5	5	0	0.8163265306122449	1.0	0.043267287235899995	1
872	Iter0873	10	7	6	1	4	0	0.2380952380952381	0.3521484871599307	0.1338241024977592	1
873	Iter0874	12	6	6	2	3	0	0.6666666666666666	1.0	0.1032752974601991	1
874	Iter0875	15	10	12	4	9	2	0.5	0.5009962771807249	0.125705391189	1
875	Iter0876	14	5	8	6	7	1	2.1	0.4587246699231003	0.141356808094	1
876	Iter0877	12	4	5	2	8	0	1.2	1.0	0.2745484758	1
877	Iter0878	14	7	9	4	9	0	0.8888888888888888	1.0	0.19115264824	1
878	Iter0879	11	5	10	5	7	0	1.1	1.0	0.10556517400000001	1
879	Iter0880	7	4	3	3	5	0	1.75	0.6436651583710422	0.07943647	1
880	Iter0881	7	5	5	3	2	0	0.8399999999999999	1.0	0.0328291079	1
881	Iter0882	13	8	14	2	6	0	0.23214285714285715	0.13676836735137168	0.17373379649	1
882	Iter0883	10	1	11	2	4	0	1.818181818181818	1.0	0.10878457910990001	1
883	Iter0884	9	7	2	3	7	0	1.9285714285714288	0.6351172047766491	0.10003208999999999	1
884	Iter0885	13	8	8	1	4	0	0.203125	0.20960988037449935	0.05952289666800001	1
885	Iter0886	13	5	5	0	6	1	0.3888888888888889	0.5453059526286049	0.1413721681022	1
886	Iter0887	10	5	5	1	5	0	0.4	0.6226780185758529	0.123358827	1
887	Iter0888	16	6	9	7	8	0	2.074074074074074	0.3226574739366748	0.1715667113	1
888	Iter0889	9	8	5	4	4	0	0.9	1.0	0.06981586341	1
889	Iter0890	17	5	5	6	8	0	4.08	0.11711392029378108	0.12878000144150004	1
890	Iter0891	9	5	10	2	3	0	0.36	0.3913043478260878	0.0502431106	1
891	Iter0892	10	3	6	3	5	1	1.6666666666666667	0.6550199026979191	0.1091111	1
892	Iter0893	8	10	5	3	2	1	0.48	0.6727688787185335	0.023493109100000003	1
893	Iter0894	9	9	7	2	4	0	0.2857142857142857	0.2311212814645328	0.0873417876803	1
894	Iter0895	5	8	5	6	2	0	0.75	1.0	0.02811078832101	1
895	Iter0896	9	5	6	4	2	0	1.2	1.0	0.019104777102999997	1
896	Iter0897	15	6	6	5	5	0	2.083333333333333	0.442367448409794	0.15077470419000003	1
897	Iter0898	18	9	5	4	9	0	1.6	0.6933308250997798	0.193343651343098	1
898	Iter0899	9	4	9	4	4	0	1.0	1.0	0.047409836999999996	1
899	Iter0900	14	5	10	5	7	0	1.4	0.7175649711801089	0.11249289057807002	1
900	Iter0901	11	2	9	4	4	1	2.4444444444444446	0.6447204968944075	0.04416788144	1
901	Iter0902	6	4	8	6	3	0	1.125	1.0	0.08261014700000001	1
902	Iter0903	14	4	6	1	4	0	0.5833333333333334	1.0	0.06870382240499999	1
903	Iter0904	10	6	8	5	6	1	1.0416666666666667	1.0	0.11606707630680001	1
904	Iter0905	14	3	9	2	7	0	1.0370370370370372	1.0	0.24407639630000005	1
905	Iter0906	7	10	4	3	2	0	0.525	0.6591342486651435	0.042649985890000006	1
906	Iter0907	18	5	3	1	7	0	1.2	1.0	0.23691874245300004	1
907	Iter0908	12	6	8	3	4	0	0.75	1.0	0.04103856108099999	1
908	Iter0909	11	7	9	1	7	0	0.1746031746031746	0.19367588932806165	0.16614263699999998	1
909	Iter0910	8	7	3	1	3	0	0.3809523809523809	0.602683178534573	0.08859860255249999	1
910	Iter0911	12	6	11	7	5	0	1.2727272727272727	1.0	0.1092683273275301	1
911	Iter0912	16	9	8	4	6	0	0.8888888888888888	1.0	0.16425745647999998	1
912	Iter0913	12	3	6	1	6	0	0.6666666666666666	1.0	0.0993879978361	1
913	Iter0914	11	2	7	0	5	1	0.5	0.5210526315789474	0.09133284069	1
914	Iter0915	10	8	9	4	5	0	0.5555555555555556	0.4840345725754641	0.10903247110000001	1
915	Iter0916	10	8	9	4	4	0	0.5555555555555556	0.4840345725754641	0.11154764280580001	1
916	Iter0917	10	7	5	3	6	0	0.8571428571428571	1.0	0.12367647499899999	1
917	Iter0918	10	3	12	2	2	0	0.5555555555555556	0.6483091787439701	0.03596850406646608	1
918	Iter0919	18	8	5	4	8	0	1.8	0.6854675129228659	0.1305004477	1
919	Iter0920	8	12	9	1	6	0	0.07407407407407407	0.017405582922824472	0.14960569	1
920	Iter0921	13	4	6	5	2	0	2.708333333333333	0.40869565217391424	0.06663651306559999	1
921	Iter0922	10	6	13	3	4	1	0.38461538461538464	0.4331479421579616	0.068620411356	1
922	Iter0923	10	4	8	3	5	1	0.9375	1.0	0.12484069481955301	1
923	Iter0924	4	8	6	1	4	0	0.08333333333333333	0.05727554179566556	0.07015339	1
924	Iter0925	14	7	8	7	5	0	1.75	0.499212221846071	0.0708762914448	1
925	Iter0926	11	7	11	3	6	1	0.4285714285714286	0.4460632586932393	0.11275484227000002	1
926	Iter0927	12	8	6	4	8	0	1.0	1.0	0.118597809	1
927	Iter0928	9	6	4	2	4	1	0.75	1.0	0.05988203035185999	1
928	Iter0929	10	8	7	4	2	0	0.7142857142857143	0.7166890239091039	0.015913040624204	1
929	Iter0930	12	3	6	3	3	0	2.0	0.6349074266694421	0.13231683323249996	1
930	Iter0931	18	7	4	3	6	0	1.9285714285714288	0.6479261144861859	0.15692734522726	1
931	Iter0932	10	6	8	3	4	0	0.6250000000000001	0.6924485125858217	0.09279670198	1
932	Iter0933	9	8	11	3	3	0	0.3068181818181818	0.2580011069733977	0.060948028902000004	1
933	Iter0934	14	6	9	5	4	0	1.2962962962962965	1.0	0.0458971251	1
934	Iter0935	11	8	6	2	3	0	0.4583333333333333	0.6655248133509075	0.08095167702	1
935	Iter0936	16	5	2	1	7	0	1.6	1.0	0.134991836616	1
936	Iter0937	7	1	3	2	6	1	4.666666666666667	0.5104895104895115	0.10418133	1
937	Iter0938	8	6	4	1	4	0	0.3333333333333333	0.6026831785345711	0.128626355	1
938	Iter0939	11	5	3	4	4	0	2.9333333333333336	0.3630367478799316	0.076057420554	1
939	Iter0940	5	6	9	4	4	0	0.3703703703703704	0.40809664827029213	0.0680361699279324	1
940	Iter0941	12	2	8	0	8	1	0.4814814814814815	0.5151515151515148	0.18268738697	1
941	Iter0942	13	1	7	2	7	0	3.7142857142857135	0.537549407114623	0.13649930715999997	1
942	Iter0943	7	7	9	3	5	1	0.3333333333333333	0.24751648943330246	0.1216426829	1
943	Iter0944	14	7	7	2	8	0	0.5714285714285714	0.6814057307010866	0.21549318506284998	1
944	Iter0945	12	5	5	4	5	0	1.92	0.6672852090701102	0.103854956288	1
945	Iter0946	11	10	4	0	6	0	0.21818181818181814	0.1245059288537554	0.103264613639	1
946	Iter0947	12	7	7	4	6	0	0.979591836734694	1.0	0.13490792477967997	1
947	Iter0948	12	5	9	1	5	0	0.26666666666666666	0.3625215364345832	0.12864654121496	1
948	Iter0949	11	9	7	0	7	0	0.15	0.05928853754940746	0.17765529840000002	1
949	Iter0950	11	7	6	6	6	0	1.5714285714285714	0.7106180744214399	0.1042214782385	1
950	Iter0951	19	4	13	1	12	0	0.36538461538461536	0.63027733615971	0.3073734155089	1
951	Iter0952	14	6	8	2	4	0	0.5833333333333334	0.6821281666858936	0.064650223398	1
952	Iter0953	15	4	5	7	6	0	5.25	0.0563637713224211	0.13280102022231002	1
953	Iter0954	8	6	7	5	6	0	0.9523809523809524	1.0	0.16833816000000001	1
954	Iter0955	16	8	4	5	7	0	2.5	0.4251390433815288	0.17449657561350002	1
955	Iter0956	11	3	3	5	5	0	6.111111111111112	0.08145854833161356	0.107851582996	1
956	Iter0957	18	5	8	0	8	0	0.35185185185185186	0.29122893750257683	0.22767514276	1
957	Iter0958	7	4	11	6	2	0	0.9545454545454546	1.0	0.0367189295	1
958	Iter0959	12	5	8	6	4	1	1.8	0.4774655682911289	0.09907517824	1
959	Iter0960	10	3	8	5	5	0	2.083333333333333	0.6727688787185334	0.10096126108799999	1
960	Iter0961	15	8	7	3	6	0	0.8035714285714285	1.0	0.08715444152183802	1
961	Iter0962	14	3	11	2	6	1	0.8484848484848485	1.0	0.1827624876501441	1
962	Iter0963	10	5	3	4	4	1	2.6666666666666665	0.3761609907120743	0.06786674365	1
963	Iter0964	13	5	12	3	7	2	0.65	0.6991606835878149	0.159497179181	1
964	Iter0965	16	5	7	0	9	0	0.3541666666666667	0.2895299145299137	0.18948218789	1
965	Iter0966	8	6	11	2	4	0	0.2424242424242424	0.2086956521739148	0.05507817315800001	1
966	Iter0967	11	3	5	5	4	0	3.6666666666666665	0.203795934849914	0.05548102299751753	1
967	Iter0968	14	7	8	2	7	0	0.5	0.6770012016324396	0.09600567549359999	1
968	Iter0969	7	8	6	4	1	0	0.5833333333333334	0.6881679903082514	0.009892020800000002	1
969	Iter0970	7	6	10	4	3	0	0.4666666666666667	0.4400711924739422	0.04156827440954	1
970	Iter0971	13	7	0	1	6	0	3.5	0.3809523809523792	0.145951754626	1
971	Iter0972	14	8	5	2	6	0	0.7	1.0	0.0873466005902	1
972	Iter0973	7	4	8	3	3	0	0.65625	1.0	0.0309740759002297	1
973	Iter0974	15	3	10	5	7	0	2.5	0.41837732160312174	0.18585180210000002	1
974	Iter0975	14	7	9	4	6	0	0.8888888888888888	1.0	0.0938898176	1
975	Iter0976	12	8	6	4	7	0	1.0	1.0	0.13295673	1
976	Iter0977	11	8	9	3	5	0	0.4583333333333333	0.4516436216489437	0.14696007780999998	1
977	Iter0978	9	9	10	5	3	0	0.5	0.4824237075010866	0.0847126	1
978	Iter0979	20	6	2	8	13	0	13.333333333333336	0.005450258214767849	0.3527264394	1
979	Iter0980	15	4	7	1	9	0	0.5357142857142857	1.0	0.176943488334	1
980	Iter0981	8	7	11	7	3	0	0.7272727272727273	0.7325276877690127	0.0306883979	1
981	Iter0982	7	6	9	3	3	0	0.3888888888888889	0.4109839816933656	0.04396041979600948	1
982	Iter0983	14	7	5	8	8	0	3.2	0.15962422014799346	0.21845073	1
983	Iter0984	20	4	8	2	7	0	1.25	1.0	0.1337936201	1
984	Iter0985	4	3	4	7	1	0	2.333333333333333	0.6304675716440451	0.008519054000000002	1
985	Iter0986	15	4	9	3	9	0	1.25	1.0	0.16936711104000002	1
986	Iter0987	10	9	5	1	5	0	0.22222222222222224	0.3448616600790536	0.07940163139	1
987	Iter0988	11	3	7	2	6	1	1.0476190476190477	1.0	0.12634796779678997	1
988	Iter0989	12	4	7	4	6	0	1.7142857142857142	0.6753623188405886	0.1356979206	1
989	Iter0990	7	5	9	3	4	0	0.4666666666666666	0.6668461434917214	0.09229907717	1
990	Iter0991	15	6	7	3	8	0	1.0714285714285714	1.0	0.2300663427	1
991	Iter0992	14	4	8	5	6	0	2.1875	0.43276877690187215	0.096204674436	1
992	Iter0993	10	6	6	5	5	1	1.3888888888888893	0.7104440555780013	0.11013688	1
993	Iter0994	14	10	9	2	5	0	0.3111111111111111	0.2589821988519951	0.11919513959370201	1
994	Iter0995	6	6	11	1	1	1	0.09090909090909093	0.06864988558352371	0.01248620786	1
995	Iter0996	11	10	6	0	6	0	0.15584415584415584	0.05699131786088357	0.09904276772999998	1
996	Iter0997	7	5	8	4	2	0	0.7	1.0	0.02517974288699	1
997	Iter0998	10	4	9	1	3	0	0.2777777777777778	0.3577075098814235	0.12664694	1
998	Iter0999	15	3	15	6	6	0	2.0	0.4641844641844671	0.06793934272999999	1
999	Iter1000	8	8	12	2	3	0	0.16666666666666666	0.05767116441779165	0.0720043167	1
