	IterId	dN	dS	pN	pS	bdN	bpN	MkScore	FSPVal	SelCoef	PosSel
0	Iter0001	16	7	6	1	8	0	0.3809523809523809	0.6378072502210488	0.14582259322799998	1
1	Iter0002	14	3	3	2	6	0	3.111111111111111	0.5481127060074437	0.10559791460736251	1
2	Iter0003	11	3	3	1	6	0	1.2222222222222219	1.0	0.18798845198902314	1
3	Iter0004	9	6	3	1	3	0	0.5	1.0	0.057593231944	1
4	Iter0005	8	9	0	2	4	0	2.7	0.4853801169590657	0.06631528223000001	1
5	Iter0006	8	9	5	2	2	0	0.3555555555555555	0.3864416475972546	0.032503849527	1
6	Iter0007	14	4	1	0	5	0	1.5	1.0	0.0537012582	1
7	Iter0008	10	5	11	5	0	3	0.9090909090909092	1.0	-0.00020802983099999997	0
8	Iter0009	13	8	0	3	8	0	6.222222222222222	0.08152173913043523	0.19811642388136802	1
9	Iter0010	14	8	2	2	5	0	1.75	0.6254180602006735	0.08813398548199841	1
10	Iter0011	8	5	5	1	5	0	0.32	0.6047103051747003	0.1168749	1
11	Iter0012	8	3	1	3	3	0	8.0	0.23516483516483486	0.05480929649525	1
12	Iter0013	9	3	1	1	7	0	3.0	0.5054945054945044	0.1313334195	1
13	Iter0014	8	11	0	0	3	0	0.75	1.0	0.04826318	1
14	Iter0015	14	5	3	2	9	0	1.8666666666666665	0.6080368906455886	0.1731991317	1
15	Iter0016	12	8	6	2	8	0	0.5	0.6692003648525355	0.09156402100000001	1
16	Iter0017	10	4	3	1	6	0	0.8333333333333334	1.0	0.08873675366	1
17	Iter0018	13	4	6	1	7	0	0.5416666666666666	1.0	0.13065726699784763	1
18	Iter0019	9	4	2	0	2	0	0.6666666666666666	1.0	0.03756041792748	1
19	Iter0020	14	5	2	0	7	0	0.8333333333333334	1.0	0.1347937402	1
20	Iter0021	8	8	0	0	5	0	1.0	1.0	0.062305035636	1
21	Iter0022	10	3	6	4	5	0	2.2222222222222223	0.650020191142819	0.07553300102419999	1
22	Iter0023	11	6	6	2	6	0	0.6111111111111109	1.0	0.110191695	1
23	Iter0024	13	6	3	0	6	0	0.5	0.5324675324675334	0.107513462881	1
24	Iter0025	11	9	0	2	7	0	3.6	0.4761904761904743	0.1250426251	1
25	Iter0026	11	4	3	1	5	1	0.9166666666666666	1.0	0.12698562862438	1
26	Iter0027	5	9	0	0	1	0	0.6	1.0	0.018932164600000002	1
27	Iter0028	11	7	3	2	6	0	1.0476190476190477	1.0	0.139716518	1
28	Iter0029	17	3	1	1	6	0	5.666666666666668	0.33766233766233744	0.10623341791268699	1
29	Iter0030	14	4	3	0	8	0	0.75	1.0	0.186856710495287	1
30	Iter0031	7	7	4	0	3	0	0.2	0.11928104575163435	0.050128292000000005	1
31	Iter0032	10	5	3	0	2	1	0.4583333333333333	0.5220588235294115	0.06868149826415	1
32	Iter0033	16	6	0	0	6	0	2.4285714285714284	1.0	0.150061923004	1
33	Iter0034	8	6	3	3	3	0	1.3333333333333333	1.0	0.066508383946	1
34	Iter0035	8	3	5	6	2	0	3.2	0.3869969040247673	0.05023592653	1
35	Iter0036	9	8	1	1	4	0	1.125	1.0	0.11945840906460001	1
36	Iter0037	4	4	9	3	1	0	0.3333333333333333	0.3563467492260055	0.0226786	1
37	Iter0038	12	6	0	2	4	0	5.571428571428572	0.147368421052632	0.10045958001000001	1
38	Iter0039	7	5	5	4	3	2	1.12	1.0	0.033749396099999995	1
39	Iter0040	9	4	2	1	4	0	1.125	1.0	0.09991944623979514	1
40	Iter0041	10	10	3	1	5	0	0.3333333333333333	0.5962732919254657	0.06589731738	1
41	Iter0042	12	2	2	0	6	0	1.4444444444444444	1.0	0.1366195848	1
42	Iter0043	11	6	1	1	2	0	1.8333333333333333	1.0	0.020757206510753103	1
43	Iter0044	11	9	2	2	3	0	1.2222222222222223	1.0	0.088945962057	1
44	Iter0045	5	6	4	1	1	2	0.20833333333333331	0.3076923076923075	0.012840129	1
45	Iter0046	6	11	3	6	3	0	1.0909090909090908	1.0	0.05541964437	1
46	Iter0047	5	2	2	2	2	0	2.5	0.5757575757575759	0.024834475393000002	1
47	Iter0048	12	5	4	6	4	1	3.6	0.22379862700229136	0.04222304609	1
48	Iter0049	14	7	6	1	8	0	0.3333333333333333	0.6333637377115588	0.12353453862500001	1
49	Iter0050	10	8	4	1	3	0	0.3125	0.6105679217807365	0.06532786696140601	1
50	Iter0051	13	3	1	3	7	0	13.0	0.06088751289989735	0.107142057	1
51	Iter0052	16	7	4	0	9	0	0.425	0.54529914529915	0.19600586199999998	1
52	Iter0053	14	10	5	2	4	0	0.5599999999999999	0.6757194603690716	0.09400453296985999	1
53	Iter0054	11	4	5	0	8	0	0.4	0.5304437564499526	0.13742513760075	1
54	Iter0055	20	7	1	1	9	0	2.8571428571428568	0.4827586206896556	0.14342024941150006	1
55	Iter0056	7	4	3	2	3	0	1.1666666666666667	1.0	0.07871047228000001	1
56	Iter0057	8	2	1	0	4	1	1.5	1.0	0.0522209329	1
57	Iter0058	20	9	3	3	11	1	2.2222222222222223	0.3911764705882371	0.1980217052	1
58	Iter0059	9	8	7	0	6	0	0.1388888888888889	0.05378730092688926	0.09885521062000001	1
59	Iter0060	5	1	3	6	1	0	10.0	0.11888111888111873	0.0151831335353	1
60	Iter0061	12	2	5	2	7	0	2.4	0.5742690058479596	0.19320177946900002	1
61	Iter0062	6	8	4	1	2	0	0.1875	0.3034055727554179	0.030227851099999998	1
62	Iter0063	14	3	7	4	4	1	2.666666666666667	0.3808992939427709	0.06995580452958	1
63	Iter0064	10	4	3	0	4	0	0.55	0.5411764705882353	0.12058510602	1
64	Iter0065	11	7	4	1	7	0	0.3928571428571429	0.6213854795090463	0.22473305312999997	1
65	Iter0066	11	8	5	1	3	0	0.275	0.3644268774703583	0.08071460556150001	1
66	Iter0067	16	4	2	0	7	0	1.1333333333333333	1.0	0.13634716340000003	1
67	Iter0068	18	5	1	2	6	0	7.2	0.16692307692307765	0.1498298464	1
68	Iter0069	12	5	4	0	6	0	0.4333333333333333	0.5321637426900605	0.09700472740600001	1
69	Iter0070	15	10	5	2	6	0	0.6	0.6833197855166765	0.111284952318117	1
70	Iter0071	6	7	3	2	1	1	0.5714285714285714	1.0	0.03606719999981715	1
71	Iter0072	11	4	2	2	3	1	2.75	0.5572755417956642	0.0278989829722	1
72	Iter0073	10	4	2	1	3	0	1.25	1.0	0.07493936627910001	1
73	Iter0074	11	7	2	3	6	0	2.357142857142857	0.6175220660346468	0.139321460626	1
74	Iter0075	13	7	3	0	5	0	0.4375	0.525691699604742	0.0772596776	1
75	Iter0076	11	3	1	1	6	0	3.6666666666666665	0.4499999999999997	0.12655323992000003	1
76	Iter0077	9	6	9	1	5	0	0.16666666666666666	0.17935302683586554	0.10517622069999999	1
77	Iter0078	14	6	3	2	8	0	1.5555555555555556	1.0	0.15939633039549997	1
78	Iter0079	9	4	2	1	4	1	1.125	1.0	0.0685455061	1
79	Iter0080	15	7	2	2	6	0	2.142857142857143	0.5906354515050194	0.156881067316	1
80	Iter0081	8	3	1	0	3	0	1.125	1.0	0.09456260932	1
81	Iter0082	13	6	2	1	4	0	1.0833333333333333	1.0	0.0639210497214	1
82	Iter0083	7	5	5	7	4	1	1.96	0.6842726529090739	0.09744481082	1
83	Iter0084	13	9	2	1	6	0	0.7222222222222222	1.0	0.12478732031999999	1
84	Iter0085	11	3	5	1	7	0	0.7333333333333333	1.0	0.15821720367994807	1
85	Iter0086	6	10	3	1	5	0	0.2	0.2848297213622301	0.10173066409499999	1
86	Iter0087	12	7	3	0	5	0	0.40625	0.522727272727274	0.06266959447306	1
87	Iter0088	9	0	1	2	2	0	15.0	0.045454545454545525	0.098910324569	1
88	Iter0089	12	4	1	1	7	0	3.0	0.4901960784313731	0.18920557210870995	1
89	Iter0090	10	6	5	2	7	3	0.6666666666666667	1.0	0.11313751599999997	1
90	Iter0091	13	6	1	3	1	0	6.5	0.2600790513833998	0.010424580999999999	1
91	Iter0092	14	7	2	2	6	0	2.0	0.6015810276679847	0.17295178179370002	1
92	Iter0093	6	6	4	1	4	0	0.25	0.3382352941176461	0.05831282	1
93	Iter0094	12	6	3	0	6	0	0.4642857142857143	0.5263157894736835	0.0835694351	1
94	Iter0095	23	2	1	0	11	0	4.0	1.0	0.17947975940000002	1
95	Iter0096	8	5	3	2	4	1	1.0666666666666669	1.0	0.12128510851999	1
96	Iter0097	12	5	3	1	3	0	0.7999999999999999	1.0	0.048085461566	1
97	Iter0098	12	2	4	1	4	1	1.5	1.0	0.15152220899993823	1
98	Iter0099	6	4	6	1	5	0	0.25	0.3382352941176455	0.08441237	1
99	Iter0100	6	7	1	0	1	0	0.4375	1.0	0.015496885099999998	1
100	Iter0101	10	2	1	1	6	0	5.0	0.3956043956043948	0.11768043438936	1
101	Iter0102	11	6	3	4	6	0	2.4444444444444438	0.39263920671243613	0.1097773076679	1
102	Iter0103	8	8	4	1	3	0	0.25	0.33834586466165395	0.06393143099999998	1
103	Iter0104	16	2	6	1	4	0	1.3333333333333333	1.0	0.10222564979144601	1
104	Iter0105	8	3	3	4	2	0	3.555555555555556	0.33220211161387697	0.04231439930615401	1
105	Iter0106	12	6	6	1	3	0	0.3333333333333333	0.625695860203869	0.16994912662994469	1
106	Iter0107	14	6	4	3	7	1	1.7500000000000002	0.6526603830951713	0.18165981311000004	1
107	Iter0108	12	9	5	2	6	0	0.5333333333333333	0.6683389074693414	0.17717609581762997	1
108	Iter0109	8	6	2	0	2	0	0.4285714285714286	0.4999999999999972	0.03266520045	1
109	Iter0110	13	8	0	3	8	0	6.222222222222222	0.08152173913043523	0.157811672	1
110	Iter0111	16	10	5	0	6	0	0.2575757575757576	0.14720059325176074	0.17919619710270002	1
111	Iter0112	11	10	3	1	5	0	0.3666666666666667	0.6043478260869586	0.09812185721000001	1
112	Iter0113	9	7	3	0	5	0	0.3125	0.2631578947368429	0.08608129864369	1
113	Iter0114	15	6	1	2	10	0	5.0	0.24901185770751044	0.14823815813911703	1
114	Iter0115	8	8	2	2	5	1	1.0	1.0	0.109801662	1
115	Iter0116	14	10	0	2	12	0	4.090909090909091	0.20307692307692374	0.2618503362996179	1
116	Iter0117	14	7	1	2	5	0	4.0	0.5331027667984213	0.0690451822672	1
117	Iter0118	11	9	2	2	5	0	1.2222222222222223	1.0	0.0725482955496	1
118	Iter0119	12	3	3	0	7	1	0.8125	1.0	0.162853578	1
119	Iter0120	13	7	2	1	8	0	0.9285714285714286	1.0	0.10543145201000001	1
120	Iter0121	15	2	4	0	8	0	1.0666666666666669	1.0	0.209009488765	1
121	Iter0122	8	2	7	1	6	0	0.5714285714285714	1.0	0.15891091440000002	1
122	Iter0123	8	7	2	2	5	0	1.1428571428571428	1.0	0.09395996123999999	1
123	Iter0124	16	11	2	2	8	0	1.4545454545454546	1.0	0.18150741146000002	1
124	Iter0125	7	8	3	1	3	0	0.2916666666666667	0.582043343653251	0.06296609474999999	1
125	Iter0126	14	5	1	1	7	0	2.8	0.4999999999999992	0.14094423490000002	1
126	Iter0127	12	2	6	1	5	0	1.0	1.0	0.08172607775486	1
127	Iter0128	18	7	0	0	9	0	2.375	1.0	0.182393288816	1
128	Iter0129	9	6	6	2	2	0	0.5	0.6570197873199626	0.02976558021177	1
129	Iter0130	12	5	6	0	5	0	0.3095238095238095	0.27248952420577005	0.07323071902919999	1
130	Iter0131	14	3	3	1	6	0	1.5555555555555556	1.0	0.10243051310000001	1
131	Iter0132	13	6	2	3	6	0	3.25	0.3255928853754965	0.14422174446999997	1
132	Iter0133	13	3	3	1	4	0	1.4444444444444444	1.0	0.0683191101987	1
133	Iter0134	15	3	0	2	7	0	12.0	0.05263157894736816	0.10030420795079	1
134	Iter0135	8	6	5	3	4	0	0.7999999999999999	1.0	0.059742191	1
135	Iter0136	5	6	7	3	1	1	0.35714285714285715	0.3869969040247684	0.0077611604	1
136	Iter0137	13	4	9	4	6	0	1.4444444444444444	0.69762674218447	0.117976329683	1
137	Iter0138	14	10	2	1	6	0	0.7	1.0	0.1343089565	1
138	Iter0139	12	7	4	1	4	0	0.42857142857142855	0.6310935441370241	0.144522951886367	1
139	Iter0140	14	8	8	5	8	0	1.09375	1.0	0.12894043402	1
140	Iter0141	11	6	1	1	6	0	1.8333333333333333	1.0	0.10969131600934143	1
141	Iter0142	15	10	4	0	6	0	0.2909090909090909	0.26803081975495824	0.12401990059999998	1
142	Iter0143	15	9	2	1	5	0	0.8333333333333334	1.0	0.15688175166393767	1
143	Iter0144	11	6	4	2	9	1	0.9166666666666666	1.0	0.21713409577500004	1
144	Iter0145	18	6	0	0	9	0	2.7142857142857144	1.0	0.12446372220000002	1
145	Iter0146	9	7	4	0	3	0	0.25	0.24871001031991816	0.07970230899999999	1
146	Iter0147	11	4	3	2	4	0	1.8333333333333333	0.6126160990712075	0.10200643000000001	1
147	Iter0148	16	3	1	0	11	0	2.125	1.0	0.17724362283732	1
148	Iter0149	12	7	7	1	6	0	0.24489795918367346	0.36449714536671374	0.15210570090000003	1
149	Iter0150	18	7	1	3	7	0	7.714285714285714	0.10483769104458797	0.18256846845599106	1
150	Iter0151	15	4	1	1	9	0	3.75	0.4285714285714271	0.20903763799999997	1
151	Iter0152	10	6	1	0	5	0	0.7857142857142857	1.0	0.08627010042248	1
152	Iter0153	16	8	6	0	10	0	0.2698412698412698	0.1550132625994709	0.18980276582	1
153	Iter0154	10	5	3	2	5	2	1.3333333333333333	1.0	0.0582098995720377	1
154	Iter0155	12	6	5	1	5	1	0.4	0.6286665279800315	0.07431698117755	1
155	Iter0156	9	8	3	2	5	0	0.75	1.0	0.1478146567012	1
156	Iter0157	11	5	5	1	5	0	0.4400000000000001	0.6341120180129485	0.0486234824168831	1
157	Iter0158	19	5	1	1	11	0	3.8	0.4153846153846155	0.250903091455	1
158	Iter0159	11	8	1	0	5	0	0.6666666666666666	1.0	0.12768735919840002	1
159	Iter0160	11	8	0	3	5	0	5.333333333333333	0.21428571428571408	0.05677838523	1
160	Iter0161	6	9	3	3	3	0	0.6666666666666666	1.0	0.07189845541789999	1
161	Iter0162	15	5	2	0	8	0	0.8888888888888888	1.0	0.08795551748879989	1
162	Iter0163	20	5	3	2	8	0	2.6666666666666665	0.5650358581393102	0.2119369968808	1
163	Iter0164	15	5	5	1	6	1	0.6	1.0	0.13914030604810002	1
164	Iter0165	12	6	0	1	3	0	3.7142857142857135	0.3684210526315791	0.07315615191	1
165	Iter0166	12	8	2	2	4	0	1.5	1.0	0.0908113923	1
166	Iter0167	11	6	4	1	4	0	0.4583333333333333	1.0	0.044207939421498	1
167	Iter0168	11	6	1	2	4	0	3.6666666666666665	0.5368421052631573	0.13101177848061	1
168	Iter0169	14	5	4	4	4	1	2.8	0.3747886895713016	0.11844011419299998	1
169	Iter0170	11	4	0	1	5	0	4.8	0.3124999999999997	0.07390421030000001	1
170	Iter0171	10	8	3	2	4	0	0.8333333333333334	1.0	0.06479010850170999	1
171	Iter0172	18	7	5	2	9	1	1.0285714285714287	1.0	0.15673618743398599	1
172	Iter0173	10	7	2	3	4	0	2.1428571428571432	0.6240601503759357	0.0884223653599862	1
173	Iter0174	11	11	2	3	5	0	1.5	1.0	0.1380243611	1
174	Iter0175	12	15	4	1	2	0	0.2	0.3325917686318125	0.011884860564040998	1
175	Iter0176	11	10	6	4	5	0	0.7333333333333334	1.0	0.09740597255610002	1
176	Iter0177	15	8	3	2	6	1	1.25	1.0	0.1507198545448	1
177	Iter0178	6	8	3	2	3	0	0.5	0.6284829721362224	0.0459857	1
178	Iter0179	11	8	3	0	7	0	0.3333333333333333	0.2727272727272721	0.1617293	1
179	Iter0180	15	6	6	0	4	0	0.32653061224489793	0.2842505320766211	0.0777038441999969	1
180	Iter0181	11	7	2	0	6	0	0.5	0.5210526315789455	0.07995967178281001	1
181	Iter0182	11	8	2	1	6	1	0.6875	1.0	0.12620869777	1
182	Iter0183	8	4	7	3	3	2	0.8571428571428571	1.0	0.04345373809999999	1
183	Iter0184	10	4	6	0	3	0	0.31428571428571433	0.26749226006192195	0.056848517677	1
184	Iter0185	15	8	0	3	4	0	7.111111111111112	0.06346153846153861	0.04469512060952619	1
185	Iter0186	6	6	2	2	4	0	1.0	1.0	0.079526168	1
186	Iter0187	12	6	6	1	4	0	0.3333333333333333	0.625695860203869	0.05558200709053621	1
187	Iter0188	14	6	1	3	7	0	7.000000000000001	0.1304347826086962	0.14441082535570002	1
188	Iter0189	9	5	6	5	2	3	1.5	0.6968299905774726	0.023887233730000002	1
189	Iter0190	14	6	3	2	9	1	1.5555555555555556	1.0	0.15951165124799999	1
190	Iter0191	14	4	4	0	8	0	0.6	0.5537935748462015	0.11676204276	1
191	Iter0192	10	5	2	1	5	0	1.0	1.0	0.0829351011	1
192	Iter0193	12	6	3	3	5	0	2.0	0.6349074266694441	0.14692276625	1
193	Iter0194	14	6	4	1	7	0	0.5833333333333334	1.0	0.1898306801796	1
194	Iter0195	6	3	2	1	2	0	1.0	1.0	0.026529509788421002	1
195	Iter0196	11	6	1	1	4	0	1.8333333333333333	1.0	0.093404468717897	1
196	Iter0197	13	8	2	4	6	0	3.25	0.35748792270531826	0.062064252219	1
197	Iter0198	13	4	4	3	5	0	2.4375	0.3742343341885693	0.06297571250187256	1
198	Iter0199	12	5	2	3	4	0	3.6	0.3088782562466785	0.11286231489884403	1
199	Iter0200	9	4	1	3	4	0	6.75	0.2499999999999995	0.06228786	1
200	Iter0201	7	1	8	2	2	0	1.75	1.0	0.0475808338	1
201	Iter0202	14	2	4	2	6	0	3.5	0.2918660287081352	0.1032551634	1
202	Iter0203	15	5	5	4	10	0	2.4	0.396249926984562	0.13661658	1
203	Iter0204	9	7	1	2	2	0	2.571428571428572	0.5820433436532529	0.0334449053	1
204	Iter0205	14	6	3	3	8	0	2.333333333333333	0.6278504104591105	0.14462057226	1
205	Iter0206	11	6	4	2	4	0	0.9166666666666666	1.0	0.0739789931	1
206	Iter0207	11	8	2	2	5	0	1.375	1.0	0.0507542952216	1
207	Iter0208	14	8	3	1	6	0	0.5833333333333334	1.0	0.10474844062899999	1
208	Iter0209	12	10	4	3	5	0	0.9	1.0	0.1128727474	1
209	Iter0210	16	6	2	3	9	0	4.0	0.29498327759197684	0.17730262781	1
210	Iter0211	11	5	0	2	6	0	6.0	0.13725490196078502	0.117003049454	1
211	Iter0212	8	1	2	2	6	0	8.0	0.2027972027972029	0.09740236600999999	1
212	Iter0213	6	4	3	1	0	0	0.5	1.0	-1.802884e-05	0
213	Iter0214	16	8	1	2	6	0	4.0	0.5350427350427397	0.17995876976009997	1
214	Iter0215	16	5	3	1	9	0	1.0666666666666669	1.0	0.13999354690000002	1
215	Iter0216	14	12	3	2	3	0	0.7777777777777778	1.0	0.06424101988969999	1
216	Iter0217	10	3	2	1	6	0	1.6666666666666667	1.0	0.1052416335	1
217	Iter0218	10	7	4	0	5	0	0.275	0.2549707602339193	0.06715062538	1
218	Iter0219	9	3	5	1	3	0	0.6	1.0	0.06431114900200001	1
219	Iter0220	12	5	5	4	6	0	1.92	0.6672852090701102	0.12564507642911998	1
220	Iter0221	7	6	4	1	3	0	0.2916666666666667	0.5955882352941189	0.04544783295	1
221	Iter0222	9	6	2	3	6	1	2.25	0.6168730650154817	0.16399363205599998	1
222	Iter0223	10	4	8	0	6	0	0.2444444444444445	0.2535885167464121	0.0582715644	1
223	Iter0224	9	8	5	2	5	1	0.45	0.6529366895499655	0.0729758100888	1
224	Iter0225	15	7	5	2	6	0	0.8571428571428571	1.0	0.10197111910338401	1
225	Iter0226	9	7	3	0	3	0	0.3125	0.2631578947368429	0.1509161863	1
226	Iter0227	7	8	6	2	2	2	0.2916666666666667	0.3787858392785009	0.0420855090726	1
227	Iter0228	10	7	5	5	5	1	1.4285714285714286	0.7063310450038225	0.15010242108	1
228	Iter0229	12	7	2	0	4	0	0.5416666666666666	0.5333333333333343	0.0854547879	1
229	Iter0230	15	6	4	3	3	0	1.875	0.6464578899361488	0.023532374600000003	1
230	Iter0231	6	4	7	2	2	0	0.42857142857142855	0.6284829721362221	0.055171035420699996	1
231	Iter0232	10	6	1	0	3	0	0.7857142857142857	1.0	0.052149649657	1
232	Iter0233	7	6	0	0	2	0	1.1428571428571428	1.0	0.037002316140962305	1
233	Iter0234	16	9	0	2	9	0	5.1000000000000005	0.15669515669515693	0.185565818	1
234	Iter0235	9	1	4	3	6	0	6.75	0.2499999999999994	0.15179119	1
235	Iter0236	13	7	5	0	7	0	0.2916666666666667	0.27430830039525644	0.1580354309	1
236	Iter0237	11	4	2	2	4	0	2.75	0.5572755417956642	0.1199260526	1
237	Iter0238	14	8	7	4	4	0	1.0	1.0	0.06211530833509999	1
238	Iter0239	13	8	2	0	7	0	0.5185185185185185	0.5256916996047418	0.16158951200000002	1
239	Iter0240	4	7	4	2	2	0	0.2857142857142857	0.3348416289592757	0.0461035	1
240	Iter0241	17	5	5	0	12	0	0.5	0.5469466121640099	0.319491289	1
241	Iter0242	11	6	7	0	6	0	0.21428571428571427	0.13001872269606818	0.15345129999999998	1
242	Iter0243	14	1	2	2	7	0	14.0	0.0970072239422086	0.13803835133556033	1
243	Iter0244	7	7	1	0	4	0	0.5	1.0	0.04732099399999999	1
244	Iter0245	11	3	7	1	3	1	0.5238095238095238	1.0	0.021328663499999994	1
245	Iter0246	8	11	3	3	4	0	0.7272727272727273	1.0	0.09466772087288305	1
246	Iter0247	8	8	2	1	3	0	0.5	1.0	0.056918416199999995	1
247	Iter0248	10	4	4	2	5	0	1.25	1.0	0.09911546355999999	1
248	Iter0249	15	4	3	0	12	0	0.8	1.0	0.21280391292	1
249	Iter0250	10	5	1	1	4	1	2.0	1.0	0.04524105998	1
250	Iter0251	17	5	4	4	4	0	3.4	0.1953869219236556	0.03104666210921	1
251	Iter0252	10	9	0	4	4	0	5.5	0.10446075663466924	0.04548056389425748	1
252	Iter0253	7	4	0	3	4	0	6.4	0.1923076923076922	0.09014777675899999	1
253	Iter0254	11	4	2	2	4	0	2.75	0.5572755417956642	0.09657157532	1
254	Iter0255	14	10	4	0	5	0	0.2727272727272727	0.26520146520146376	0.059215284936	1
255	Iter0256	11	6	3	2	5	0	1.2222222222222219	1.0	0.093040859475	1
256	Iter0257	18	6	3	1	9	0	1.0	1.0	0.19055876209999995	1
257	Iter0258	14	5	2	2	2	0	2.8	0.5573122529644269	0.045698815624	1
258	Iter0259	11	2	3	2	5	0	3.6666666666666665	0.5326797385620919	0.1472349268666	1
259	Iter0260	6	8	1	3	4	0	2.25	1.0	0.041403293198	1
260	Iter0261	14	6	5	1	5	1	0.4666666666666667	1.0	0.112966376798	1
261	Iter0262	8	6	5	1	5	0	0.26666666666666666	0.35436016511867924	0.087544171	1
262	Iter0263	11	5	8	3	6	1	0.8250000000000001	1.0	0.1202449062	1
263	Iter0264	10	5	8	3	6	0	0.75	1.0	0.122552648	1
264	Iter0265	8	6	1	1	4	0	1.3333333333333333	1.0	0.071428133	1
265	Iter0266	12	2	4	3	5	0	4.5	0.2800137598899229	0.12889462613906502	1
266	Iter0267	13	5	2	2	4	0	2.6	0.5645933014354049	0.07266881239866	1
267	Iter0268	12	5	4	0	7	1	0.4333333333333333	0.5321637426900605	0.14887662826184	1
268	Iter0269	16	7	6	0	5	0	0.3035714285714285	0.28854995579133924	0.0887623159775	1
269	Iter0270	11	4	0	0	6	0	2.4	1.0	0.11640383999999998	1
270	Iter0271	7	7	3	1	3	0	0.3333333333333333	0.5882352941176482	0.025284267120000002	1
271	Iter0272	16	9	4	2	6	0	0.8888888888888888	1.0	0.14731034	1
272	Iter0273	13	7	6	1	8	1	0.30952380952380953	0.6333637377115682	0.0995865469	1
273	Iter0274	3	13	3	2	2	0	0.15384615384615385	0.1145510835913319	0.042926660000000005	1
274	Iter0275	13	4	8	5	8	0	2.03125	0.4433583208395837	0.1175435583	1
275	Iter0276	13	3	4	2	6	0	2.1666666666666665	0.5853269537480082	0.11053390260000001	1
276	Iter0277	9	5	2	3	3	0	2.7	0.6026831785345723	0.040127646351	1
277	Iter0278	14	6	1	3	5	0	7.000000000000001	0.1304347826086962	0.09837599654079998	1
278	Iter0279	7	8	1	1	3	0	0.875	1.0	0.062319900000000004	1
279	Iter0280	12	4	5	2	3	0	1.2	1.0	0.0181169104	1
280	Iter0281	10	6	0	5	7	0	9.428571428571429	0.03508771929824571	0.1266010441092	1
281	Iter0282	8	5	6	1	5	0	0.26666666666666666	0.3543601651186789	0.07369601212	1
282	Iter0283	20	8	1	0	11	0	1.1666666666666667	1.0	0.23779683299999999	1
283	Iter0284	9	8	4	1	4	0	0.28125	0.3602187286397813	0.06341578434999567	1
284	Iter0285	19	4	0	2	8	0	12.0	0.05000000000000003	0.2581587593498185	1
285	Iter0286	6	7	5	2	4	0	0.3428571428571429	0.3742260061919498	0.12632870000000002	1
286	Iter0287	11	5	3	0	5	0	0.5	0.53044375644995	0.1261589664	1
287	Iter0288	9	6	6	3	2	0	0.75	1.0	0.016718750097866	1
288	Iter0289	12	8	5	0	1	1	0.24074074074074076	0.13992094861660093	0.010211603999999999	1
289	Iter0290	15	11	2	3	6	1	2.0454545454545454	0.6358093354756367	0.132788929876	1
290	Iter0291	7	5	3	3	1	0	1.4	1.0	0.01433872464589	1
291	Iter0292	15	5	3	4	4	0	4.0	0.17506840985101982	0.047734533726400005	1
292	Iter0293	18	10	2	1	7	0	0.9	1.0	0.14538230199839391	1
293	Iter0294	18	7	2	2	7	0	2.571428571428572	0.5680181887078466	0.17970841648179997	1
294	Iter0295	11	6	1	3	4	0	5.5	0.27218045112782085	0.08520924881000001	1
295	Iter0296	19	3	2	1	9	0	3.1666666666666665	0.42173913043478495	0.18701256527	1
296	Iter0297	8	11	4	3	2	0	0.5454545454545455	0.6652173913043489	0.053826169545	1
297	Iter0298	14	4	1	2	3	0	7.0	0.18421052631578888	0.05985040864444201	1
298	Iter0299	8	4	1	1	2	0	2.0	1.0	0.036243300396199996	1
299	Iter0300	15	5	2	2	4	0	3.0	0.5520421607378158	0.08683466650865	1
300	Iter0301	16	3	3	1	9	0	1.7777777777777777	1.0	0.1597230619618421	1
301	Iter0302	14	5	4	0	5	1	0.5	0.5392433653303204	0.111177697486213	1
302	Iter0303	13	6	2	1	7	0	1.0833333333333333	1.0	0.17618438508865	1
303	Iter0304	15	11	12	1	7	0	0.11363636363636365	0.03357177740565559	0.15231243189	1
304	Iter0305	8	5	2	1	3	0	0.8	1.0	0.0665095479685	1
305	Iter0306	9	4	0	2	5	0	6.0	0.14285714285714254	0.08113164740865499	1
306	Iter0307	13	5	3	0	9	0	0.5833333333333334	0.5488721804511311	0.24755413	1
307	Iter0308	10	7	1	1	3	0	1.4285714285714286	1.0	0.10600688241	1
308	Iter0309	11	6	4	2	4	0	0.9166666666666666	1.0	0.10768540299	1
309	Iter0310	11	5	2	0	3	0	0.6666666666666666	1.0	0.085105107	1
310	Iter0311	8	4	2	1	1	0	1.0	1.0	0.028297459771039004	1
311	Iter0312	20	8	0	1	10	0	4.666666666666667	0.3103448275862119	0.2252475959710129	1
312	Iter0313	7	5	3	0	1	0	0.3333333333333333	0.5054945054945036	0.011700885	1
313	Iter0314	19	4	2	1	5	0	2.375	0.48846153846153706	0.101399323916502	1
314	Iter0315	10	6	3	1	5	0	0.5555555555555556	1.0	0.1176134838	1
315	Iter0316	17	7	0	0	10	0	2.25	1.0	0.188215174978	1
316	Iter0317	8	8	8	2	6	1	0.25	0.2177290471004304	0.13756927000000002	1
317	Iter0318	17	6	0	1	3	0	5.142857142857143	0.29166666666666835	0.035614513075922054	1
318	Iter0319	12	8	6	2	6	0	0.5	0.6692003648525355	0.0935791468319	1
319	Iter0320	11	5	0	1	4	0	4.0	0.3529411764705896	0.052720466390299994	1
320	Iter0321	17	3	5	0	5	0	0.75	1.0	0.06504626806017	1
321	Iter0322	16	7	2	0	5	0	0.7083333333333334	1.0	0.088649123744	1
322	Iter0323	11	7	3	2	6	0	1.0476190476190477	1.0	0.18067569500000003	1
323	Iter0324	9	5	4	1	5	0	0.45	1.0	0.1589621467	1
324	Iter0325	15	8	2	0	6	0	0.5925925925925926	1.0	0.10937292901750001	1
325	Iter0326	16	9	3	1	6	0	0.5925925925925926	1.0	0.15476789703000002	1
326	Iter0327	15	8	5	1	6	0	0.375	0.6328154604016761	0.13839362100000002	1
327	Iter0328	16	4	2	2	8	0	4.0	0.251270468661772	0.16531973684	1
328	Iter0329	8	3	2	0	5	0	0.75	1.0	0.10751801660999999	1
329	Iter0330	11	6	3	2	5	0	1.2222222222222219	1.0	0.1039881427957	1
330	Iter0331	10	4	8	1	5	0	0.3125	0.6105679217807343	0.11806633417000001	1
331	Iter0332	7	1	2	1	5	0	3.5	0.4909090909090903	0.07648463999999999	1
332	Iter0333	4	6	1	0	1	0	0.35714285714285715	0.4545454545454545	0.0823342	1
333	Iter0334	9	5	5	1	3	0	0.36	0.6126160990712101	0.059055906820000004	1
334	Iter0335	8	6	5	0	5	0	0.2142857142857143	0.12796697626418954	0.09961562000000002	1
335	Iter0336	11	9	0	1	3	0	2.4	0.4761904761904752	0.042644335644	1
336	Iter0337	19	6	4	2	7	0	1.5833333333333333	0.6343895876710133	0.18692963270781002	1
337	Iter0338	12	6	7	3	7	0	0.8571428571428571	1.0	0.16065226999999999	1
338	Iter0339	14	5	3	0	7	0	0.625	1.0	0.0742132931	1
339	Iter0340	9	6	7	1	4	0	0.21428571428571427	0.3452195939744735	0.06101253809349	1
340	Iter0341	11	3	4	1	4	1	0.9166666666666666	1.0	0.0916002667902	1
341	Iter0342	9	5	3	0	2	0	0.4166666666666667	0.5147058823529412	0.04927144775598	1
342	Iter0343	13	5	5	1	7	0	0.52	1.0	0.2109741962	1
343	Iter0344	8	4	2	2	3	0	2.0	0.604395604395601	0.08940131045897899	1
344	Iter0345	15	6	0	5	8	0	13.714285714285715	0.007023411371237451	0.13866135038679997	1
345	Iter0346	16	1	2	0	8	0	2.833333333333333	1.0	0.15563746744	1
346	Iter0347	10	5	5	1	5	0	0.4	0.6226780185758529	0.09310734499999998	1
347	Iter0348	9	8	5	2	3	2	0.45	0.6529366895499655	0.08211333903799999	1
348	Iter0349	5	9	1	4	1	0	2.2222222222222223	1.0	0.011247881000000001	1
349	Iter0350	23	6	3	2	9	0	2.5555555555555562	0.5701799781496155	0.2323833436650946	1
350	Iter0351	16	3	4	3	7	1	4.0	0.2929157798723022	0.15019182423516397	1
351	Iter0352	13	3	2	2	6	0	4.333333333333333	0.2487100103199188	0.1181517391085075	1
352	Iter0353	9	8	3	1	5	0	0.375	0.6030075187969957	0.07756383759999999	1
353	Iter0354	14	2	6	1	4	0	1.1666666666666667	1.0	0.0811019914825	1
354	Iter0355	6	7	3	1	3	0	0.2857142857142857	0.5764705882352927	0.0746621705	1
355	Iter0356	10	6	1	0	7	0	0.7857142857142857	1.0	0.143336105	1
356	Iter0357	11	6	4	1	4	0	0.4583333333333333	1.0	0.0418398247	1
357	Iter0358	8	5	5	0	4	0	0.25	0.248949579831932	0.07466604999999998	1
358	Iter0359	11	8	8	2	4	0	0.34375	0.4136657944753932	0.07354204611819001	1
359	Iter0360	15	7	2	1	4	0	1.0714285714285714	1.0	0.05332525081258659	1
360	Iter0361	11	3	3	1	5	1	1.2222222222222219	1.0	0.10037736319	1
361	Iter0362	8	4	3	4	3	0	2.6666666666666665	0.3765182186234807	0.062589064	1
362	Iter0363	12	6	1	0	4	0	0.9285714285714286	1.0	0.08668843984000002	1
363	Iter0364	16	6	2	2	5	0	2.6666666666666665	0.563344481605351	0.11915266631350001	1
364	Iter0365	8	7	3	3	3	0	1.1428571428571428	1.0	0.058503617	1
365	Iter0366	7	4	4	3	5	0	1.3125	1.0	0.11404635	1
366	Iter0367	11	7	2	1	6	0	0.7857142857142857	1.0	0.12966800365948	1
367	Iter0368	14	5	3	0	7	0	0.625	1.0	0.1186798715601	1
368	Iter0369	8	10	1	1	5	0	0.8	1.0	0.09585360883450002	1
369	Iter0370	8	7	4	2	3	0	0.5714285714285714	0.6594427244582047	0.09164912992486	1
370	Iter0371	13	5	4	1	4	0	0.65	1.0	0.10276175774499999	1
371	Iter0372	13	4	2	2	5	0	3.25	0.5438596491228093	0.1693291989989	1
372	Iter0373	8	11	2	1	3	1	0.3636363636363637	0.5714285714285691	0.09544931512999999	1
373	Iter0374	23	11	5	1	14	0	0.41818181818181815	0.6479374110953061	0.300258459541053	1
374	Iter0375	10	5	0	0	5	0	1.8333333333333333	1.0	0.10637430941109	1
375	Iter0376	6	7	2	0	1	0	0.2916666666666667	0.4666666666666659	0.009712060528000001	1
376	Iter0377	10	4	2	1	6	2	1.25	1.0	0.1025384894916	1
377	Iter0378	14	6	3	3	7	0	2.333333333333333	0.6278504104591105	0.13850495746454158	1
378	Iter0379	7	6	3	0	4	0	0.2857142857142857	0.2499999999999989	0.08068484000000001	1
379	Iter0380	16	5	4	0	10	0	0.5666666666666667	0.5494071146245043	0.27825611705226605	1
380	Iter0381	15	6	3	2	6	1	1.6666666666666667	0.6278504104591056	0.17800217315600006	1
381	Iter0382	8	3	2	0	4	0	0.75	1.0	0.11148037	1
382	Iter0383	15	6	4	0	4	0	0.4571428571428571	0.5403952569169963	0.09942506196711	1
383	Iter0384	9	4	3	2	4	0	1.5	1.0	0.025638960765512003	1
384	Iter0385	13	9	4	1	6	0	0.3611111111111111	0.6209587513935413	0.127383047	1
385	Iter0386	12	3	5	2	7	0	1.6	1.0	0.14533404141435602	1
386	Iter0387	13	9	2	2	8	0	1.4444444444444444	1.0	0.11997780000000001	1
387	Iter0388	13	4	1	1	4	0	3.25	0.4678362573099442	0.039345729719630004	1
388	Iter0389	11	3	6	2	7	1	1.2222222222222219	1.0	0.10482345409999999	1
389	Iter0390	12	2	1	2	4	0	12.0	0.12058823529411787	0.07723783298	1
390	Iter0391	13	5	2	0	7	0	0.7777777777777778	1.0	0.12199054863	1
391	Iter0392	11	1	4	2	2	0	5.5	0.24509803921568654	0.06802960303000001	1
392	Iter0393	16	7	4	2	4	0	1.1428571428571428	1.0	0.05338267758301259	1
393	Iter0394	18	5	4	1	8	0	0.9	1.0	0.15146416780260002	1
394	Iter0395	12	5	7	3	5	1	1.0285714285714285	1.0	0.10730798962	1
395	Iter0396	8	7	2	2	3	0	1.1428571428571428	1.0	0.0628041	1
396	Iter0397	10	9	7	2	1	0	0.3174603174603175	0.24949832775919664	0.005271504761999999	1
397	Iter0398	22	11	3	1	9	1	0.6666666666666666	1.0	0.20363350146714496	1
398	Iter0399	7	6	1	3	2	0	3.5000000000000004	0.5764705882352927	0.07359814649	1
399	Iter0400	13	6	3	4	6	0	2.888888888888889	0.3691699604743104	0.17986462359	1
400	Iter0401	12	4	0	2	6	0	7.800000000000002	0.09803921568627508	0.14803933445	1
401	Iter0402	19	5	2	1	9	0	1.9	0.5452991452991468	0.18142575200879998	1
402	Iter0403	16	8	3	2	7	0	1.3333333333333333	1.0	0.13634336069441	1
403	Iter0404	14	5	2	8	3	0	11.2	0.016120511172985172	0.058308163999999996	1
404	Iter0405	10	7	5	3	6	0	0.8571428571428571	1.0	0.0864422649	1
405	Iter0406	12	7	0	2	5	0	4.875	0.17142857142857115	0.09323709049	1
406	Iter0407	18	2	2	1	7	0	4.5	0.35629587803500595	0.13530029310000002	1
407	Iter0408	8	4	3	0	3	0	0.45	0.516483516483514	0.09937902144199999	1
408	Iter0409	8	8	3	3	4	0	1.0	1.0	0.08930229051000001	1
409	Iter0410	9	7	1	3	2	0	3.8571428571428577	0.5820433436532529	0.07708170412399999	1
410	Iter0411	10	8	2	0	5	0	0.40740740740740733	0.4947368421052632	0.12198427399999999	1
411	Iter0412	15	6	6	2	6	0	0.8333333333333334	1.0	0.12002585669058999	1
412	Iter0413	13	5	3	0	7	0	0.5833333333333334	0.5488721804511311	0.155434709	1
413	Iter0414	17	7	9	7	4	0	1.8888888888888888	0.5001135729723094	0.06445402	1
414	Iter0415	7	6	6	2	4	0	0.3888888888888889	0.39986240110079024	0.0859074	1
415	Iter0416	7	7	5	0	4	1	0.16666666666666666	0.10603715170278633	0.07966522000000001	1
416	Iter0417	10	8	4	1	5	0	0.3125	0.6105679217807365	0.092717247685872	1
417	Iter0418	15	4	4	0	7	0	0.64	1.0	0.14928233900000001	1
418	Iter0419	9	4	2	3	3	0	3.375	0.3259803921568637	0.042260171246	1
419	Iter0420	11	6	2	1	7	0	0.9166666666666666	1.0	0.14533456	1
420	Iter0421	5	7	9	3	2	0	0.2380952380952381	0.21375689864046254	0.07136287837	1
421	Iter0422	13	4	4	2	7	0	1.625	0.6322030372373628	0.10130953000000001	1
422	Iter0423	8	6	6	0	4	0	0.1836734693877551	0.11488648090815293	0.0561703889	1
423	Iter0424	16	6	4	1	4	0	0.6666666666666666	1.0	0.043161669	1
424	Iter0425	16	6	0	4	10	0	12.142857142857142	0.014046822742474928	0.15328167764	1
425	Iter0426	10	7	1	1	3	0	1.4285714285714286	1.0	0.13424337677	1
426	Iter0427	9	5	1	4	5	0	7.2	0.14086687306501575	0.06164489503	1
427	Iter0428	11	6	4	5	3	0	2.2916666666666665	0.4185354691075539	0.10442456167999146	1
428	Iter0429	11	5	1	0	6	0	1.0	1.0	0.1220993399993106	1
429	Iter0430	9	7	4	1	3	0	0.32142857142857145	0.6064671482628156	0.0194625271327	1
430	Iter0431	9	7	2	1	6	1	0.6428571428571429	1.0	0.07739784300000001	1
431	Iter0432	11	4	4	3	6	0	2.0625	0.6302244582043344	0.09782025945200001	1
432	Iter0433	13	2	6	2	6	0	2.1666666666666665	0.5889328063241139	0.147336369095	1
433	Iter0434	15	4	3	1	5	1	1.25	1.0	0.10140260814199999	1
434	Iter0435	17	6	2	2	9	0	2.833333333333333	0.5582905982906032	0.15172024476999998	1
435	Iter0436	5	8	1	3	3	0	1.875	1.0	0.01335426	1
436	Iter0437	5	7	2	2	4	0	0.7142857142857143	1.0	0.07319023	1
437	Iter0438	13	4	5	1	7	0	0.65	1.0	0.13575007953999998	1
438	Iter0439	14	6	1	1	9	0	2.333333333333333	1.0	0.2279350393	1
439	Iter0440	8	7	4	1	5	1	0.2857142857142857	0.6026831785345723	0.17567993780000002	1
440	Iter0441	11	7	2	3	5	0	2.357142857142857	0.6175220660346468	0.0639308366	1
441	Iter0442	16	8	4	0	6	0	0.37777777777777777	0.2947496947496918	0.1515335323899089	1
442	Iter0443	7	6	3	1	2	1	0.3888888888888889	0.6029411764705872	0.04183449694	1
443	Iter0444	8	4	3	3	2	0	2.0	0.6266968325791863	0.081478091912	1
444	Iter0445	19	8	4	0	15	1	0.4444444444444445	0.5497219132369291	0.3638073046	1
445	Iter0446	9	4	6	1	4	0	0.375	0.6126160990712084	0.06934860000000001	1
446	Iter0447	18	7	2	1	11	0	1.2857142857142858	1.0	0.1442062873615	1
447	Iter0448	13	12	0	1	6	0	2.1538461538461537	1.0	0.0832397601	1
448	Iter0449	13	5	3	3	4	0	2.6	0.3617640940295416	0.08931045619851	1
449	Iter0450	17	2	3	2	6	1	5.666666666666668	0.17927724449463558	0.09995807439999999	1
450	Iter0451	18	3	8	2	8	0	1.5	1.0	0.20977096039	1
451	Iter0452	9	8	3	2	4	0	0.75	1.0	0.0544188609177	1
452	Iter0453	12	4	5	1	3	1	0.6	1.0	0.027675455999999998	1
453	Iter0454	14	8	4	2	6	1	0.875	1.0	0.21254733303999998	1
454	Iter0455	13	6	1	2	6	0	4.333333333333333	0.5272727272727273	0.119118329941	1
455	Iter0456	6	7	3	0	5	0	0.21875	0.21249999999999933	0.12391711300000001	1
456	Iter0457	13	12	3	0	7	0	0.2692307692307692	0.23809523809523886	0.196148237	1
457	Iter0458	11	4	1	4	5	0	11.0	0.10887512899896797	0.08633995209976925	1
458	Iter0459	9	10	3	1	5	0	0.3	0.5900621118012405	0.133589599570352	1
459	Iter0460	14	7	3	0	5	0	0.46875	0.529644268774705	0.0904213077	1
460	Iter0461	7	4	4	1	2	1	0.4375	1.0	0.037148111299999995	1
461	Iter0462	5	6	3	0	3	0	0.21428571428571427	0.2087912087912085	0.0774596	1
462	Iter0463	10	9	1	0	6	0	0.55	1.0	0.1788604237	1
463	Iter0464	9	10	3	3	4	0	0.9	1.0	0.07957755903436001	1
464	Iter0465	10	7	1	1	2	0	1.4285714285714286	1.0	0.024635757076000003	1
465	Iter0466	8	2	5	2	1	0	1.6	1.0	0.019966839	1
466	Iter0467	17	3	0	0	4	0	4.5	1.0	0.07160028202699999	1
467	Iter0468	15	2	2	1	7	0	3.75	0.4035087719298248	0.15578419458200002	1
468	Iter0469	7	7	6	3	3	0	0.5	0.6692690806299605	0.061139761797434924	1
469	Iter0470	18	4	3	0	7	0	0.95	1.0	0.109796815494	1
470	Iter0471	11	1	2	0	5	1	2.0	1.0	0.13951776999995102	1
471	Iter0472	11	7	4	2	5	0	0.7857142857142857	1.0	0.105283107915	1
472	Iter0473	8	4	2	1	6	0	1.0	1.0	0.1038818036	1
473	Iter0474	12	6	6	2	5	2	0.6666666666666666	1.0	0.09015028535820001	1
474	Iter0475	16	10	4	0	6	0	0.3090909090909091	0.2720306513409961	0.08530893734000002	1
475	Iter0476	17	5	3	3	7	1	3.4	0.3106864150342402	0.11162067725	1
476	Iter0477	15	7	1	2	3	0	4.285714285714286	0.5304347826086996	0.05702981708199999	1
477	Iter0478	8	10	4	1	4	0	0.2	0.3167701863354012	0.097718552863313	1
478	Iter0479	12	7	7	1	3	0	0.24489795918367346	0.36449714536671374	0.0870512942749	1
479	Iter0480	11	7	2	1	6	0	0.7857142857142857	1.0	0.1052279877	1
480	Iter0481	18	5	6	2	10	1	1.2	1.0	0.19902195109477197	1
481	Iter0482	11	7	3	3	5	0	1.5714285714285714	0.6653318077803205	0.12403762937	1
482	Iter0483	12	6	1	1	5	0	2.0	1.0	0.1391095087518	1
483	Iter0484	11	5	11	6	4	2	1.2000000000000002	1.0	0.07901958490000001	1
484	Iter0485	7	5	3	0	5	0	0.3333333333333333	0.5054945054945036	0.07874332999984596	1
485	Iter0486	17	8	4	1	7	0	0.53125	1.0	0.230524847116591	1
486	Iter0487	16	7	4	1	5	1	0.5714285714285714	1.0	0.08154139049119999	1
487	Iter0488	5	2	7	2	3	1	0.7142857142857143	1.0	0.03781946	1
488	Iter0489	13	4	2	3	9	0	4.875	0.2743221690590115	0.1654747730043	1
489	Iter0490	14	6	5	3	6	0	1.4	1.0	0.13493635110000002	1
490	Iter0491	11	10	6	7	4	0	1.2833333333333334	1.0	0.0766813549	1
491	Iter0492	13	5	3	1	7	0	0.8666666666666667	1.0	0.14608947485499998	1
492	Iter0493	12	3	0	2	7	0	9.75	0.07352941176470587	0.21505313080027977	1
493	Iter0494	13	9	4	3	6	1	1.0833333333333337	1.0	0.1452219655	1
494	Iter0495	11	6	4	2	5	1	0.9166666666666666	1.0	0.105797349837623	1
495	Iter0496	7	9	3	0	2	0	0.2	0.21052631578947467	0.0628561706	1
496	Iter0497	11	12	2	2	5	1	0.9166666666666666	1.0	0.10815844928000001	1
497	Iter0498	16	5	3	2	6	0	2.1333333333333333	0.5875342049255092	0.09259651819999999	1
498	Iter0499	11	6	0	2	6	0	5.142857142857143	0.1637426900584798	0.134286584	1
499	Iter0500	12	3	0	4	8	0	16.25	0.009029927760577941	0.114993693	1
500	Iter0501	9	8	1	1	4	0	1.125	1.0	0.0449944994	1
501	Iter0502	13	7	7	2	6	0	0.5306122448979592	0.674903806837846	0.11554918530000002	1
502	Iter0503	16	7	0	2	9	0	6.375	0.12000000000000118	0.2328286589588174	1
503	Iter0504	9	6	1	3	1	0	4.5	0.3034055727554189	0.016574865052490003	1
504	Iter0505	6	11	6	2	5	0	0.1818181818181818	0.09684210526315797	0.09520139676211	1
505	Iter0506	14	4	9	2	5	2	0.7777777777777778	1.0	0.094349660533	1
506	Iter0507	12	9	1	0	8	0	0.65	1.0	0.14752968164	1
507	Iter0508	13	5	4	1	6	0	0.65	1.0	0.13535693328890896	1
508	Iter0509	13	10	7	0	5	1	0.1590909090909091	0.06371942234011282	0.06692147194578	1
509	Iter0510	16	3	2	3	2	0	8.0	0.07848673066064346	0.038674725576603605	1
510	Iter0511	9	7	2	3	6	0	1.9285714285714288	0.6351172047766491	0.12266460832000001	1
511	Iter0512	13	9	2	0	7	1	0.4666666666666666	0.5108695652173959	0.10606624700000002	1
512	Iter0513	10	5	4	0	5	0	0.36666666666666653	0.5304437564499499	0.08012603999886667	1
513	Iter0514	12	8	3	1	6	0	0.5	1.0	0.14379924100000002	1
514	Iter0515	12	8	2	0	2	1	0.4814814814814815	0.5151515151515167	0.054892463077722095	1
515	Iter0516	7	8	1	1	3	0	0.875	1.0	0.035852010000000004	1
516	Iter0517	10	6	6	4	4	1	1.1111111111111112	1.0	0.07142502249999999	1
517	Iter0518	9	5	4	2	2	1	0.9	1.0	0.0497541044	1
518	Iter0519	9	8	5	2	3	1	0.45	0.6529366895499655	0.032656360174491	1
519	Iter0520	12	4	4	0	8	0	0.52	0.5376676986584163	0.14615017964000002	1
520	Iter0521	14	5	4	2	7	0	1.4	1.0	0.0981173947824593	1
521	Iter0522	16	9	2	3	9	1	2.6666666666666665	0.3644057092332974	0.24925642099999998	1
522	Iter0523	10	5	5	1	5	0	0.4	0.6226780185758529	0.06875019857107001	1
523	Iter0524	9	7	1	2	5	0	2.571428571428572	0.5820433436532529	0.0988946312519	1
524	Iter0525	12	5	1	1	6	0	2.4	1.0	0.08319992999999999	1
525	Iter0526	9	9	2	1	6	0	0.5	1.0	0.12460112039999999	1
526	Iter0527	16	5	3	4	9	0	4.266666666666667	0.16524779568257772	0.22805334237699998	1
527	Iter0528	11	8	4	1	3	0	0.34375	0.6146245059288584	0.01821592452007	1
528	Iter0529	15	9	5	0	6	1	0.26666666666666666	0.15283567007704993	0.13609898061	1
529	Iter0530	14	6	9	2	4	0	0.5185185185185186	0.6757194603690744	0.11024197629679999	1
530	Iter0531	10	5	2	0	6	0	0.6111111111111109	1.0	0.14270121	1
531	Iter0532	5	6	9	2	4	0	0.1851851851851852	0.18266253869969007	0.08072580000000001	1
532	Iter0533	11	8	4	4	4	0	1.375	1.0	0.07716358654069999	1
533	Iter0534	11	10	0	1	6	0	2.1818181818181817	1.0	0.06268145341835	1
534	Iter0535	7	8	4	2	2	2	0.4375	0.6351172047766478	0.05870455196319999	1
535	Iter0536	9	6	2	4	4	0	3.0	0.3614551083591335	0.064496356497	1
536	Iter0537	17	2	2	0	5	0	2.0	1.0	0.10447500722987998	1
537	Iter0538	14	2	2	3	7	0	10.5	0.06295149638802924	0.13485655380000003	1
538	Iter0539	16	6	2	0	10	0	0.8095238095238094	1.0	0.27456655837289995	1
539	Iter0540	15	4	2	2	9	1	3.75	0.27046866177300666	0.23530757480000003	1
540	Iter0541	8	6	4	3	7	0	1.0	1.0	0.15006111000000003	1
541	Iter0542	8	5	6	4	3	1	1.0666666666666669	1.0	0.08827543602	1
542	Iter0543	11	8	4	1	4	0	0.34375	0.6146245059288584	0.10551391879800001	1
543	Iter0544	14	6	2	0	7	1	0.7142857142857143	1.0	0.140426826553	1
544	Iter0545	18	7	5	1	5	0	0.5142857142857143	1.0	0.09513203808167912	1
545	Iter0546	14	5	4	0	5	1	0.5	0.5392433653303204	0.136718471839	1
546	Iter0547	11	8	4	2	8	1	0.6875	1.0	0.108170501	1
547	Iter0548	14	9	3	0	8	0	0.375	0.5292307692307726	0.24461363937	1
548	Iter0549	14	2	1	5	8	0	35.0	0.004315601838821674	0.13600896	1
549	Iter0550	12	7	2	2	6	0	1.7142857142857142	1.0	0.161364634982	1
550	Iter0551	7	6	4	2	2	0	0.5833333333333334	1.0	0.010570252	1
551	Iter0552	12	5	6	3	4	1	1.2	1.0	0.041047713300000004	1
552	Iter0553	8	4	3	3	4	1	2.0	0.6266968325791863	0.09000145	1
553	Iter0554	12	5	2	0	7	0	0.7222222222222222	1.0	0.2024323563	1
554	Iter0555	16	7	5	0	8	0	0.3541666666666667	0.28952991452991217	0.1686719207	1
555	Iter0556	5	3	1	2	0	0	3.333333333333333	0.5454545454545457	-6.030760000000001e-09	0
556	Iter0557	9	7	1	2	4	0	2.571428571428572	0.5820433436532529	0.053232842800200006	1
557	Iter0558	11	5	4	2	6	0	1.1	1.0	0.15484148799999997	1
558	Iter0559	9	1	4	1	2	0	2.25	1.0	0.051602865718061	1
559	Iter0560	7	6	2	3	3	0	1.7500000000000002	1.0	0.050692171157000004	1
560	Iter0561	15	11	2	1	4	0	0.6818181818181818	1.0	0.07771483559161901	1
561	Iter0562	14	7	7	3	6	0	0.8571428571428571	1.0	0.05538470591626	1
562	Iter0563	12	2	5	0	4	0	0.7222222222222222	1.0	0.0816483627	1
563	Iter0564	21	6	5	1	5	1	0.7	1.0	0.11878294966541	1
564	Iter0565	10	6	4	3	2	1	1.2500000000000002	1.0	0.0340411206334	1
565	Iter0566	10	6	8	1	5	2	0.20833333333333331	0.3548408570834209	0.08113453689	1
566	Iter0567	9	9	2	2	4	0	1.0	1.0	0.07048159772349	1
567	Iter0568	6	3	1	2	4	0	4.0	0.5227272727272733	0.13328709445200002	1
568	Iter0569	12	9	4	3	6	0	1.0	1.0	0.20569971228900003	1
569	Iter0570	12	5	3	2	6	0	1.6	1.0	0.16287852099999997	1
570	Iter0571	10	7	2	2	2	0	1.4285714285714286	1.0	0.021281384616282904	1
571	Iter0572	10	4	3	3	3	2	2.5	0.6126160990712081	0.0747098148317	1
572	Iter0573	9	6	4	3	5	0	1.125	1.0	0.102635542403823	1
573	Iter0574	15	7	1	1	12	0	2.142857142857143	1.0	0.2116703407	1
574	Iter0575	8	6	3	2	5	0	0.8888888888888888	1.0	0.12374204500000001	1
575	Iter0576	16	1	4	0	7	0	1.7	1.0	0.10999491231000001	1
576	Iter0577	18	4	4	1	3	0	1.125	1.0	0.08427955058999999	1
577	Iter0578	9	6	4	3	3	0	1.125	1.0	0.0411931666	1
578	Iter0579	13	8	2	1	7	0	0.8125	1.0	0.15300136734	1
579	Iter0580	11	6	2	1	3	0	0.9166666666666666	1.0	0.060381629152213706	1
580	Iter0581	14	5	2	4	4	0	5.6	0.1424505928853766	0.048782955382	1
581	Iter0582	6	4	7	0	3	1	0.175	0.1029411764705879	0.07216721508	1
582	Iter0583	6	8	4	2	2	0	0.375	0.628482972136224	0.02644795	1
583	Iter0584	8	5	9	6	3	1	1.0666666666666669	1.0	0.06678598853890001	1
584	Iter0585	14	7	4	0	6	1	0.375	0.2944664031620542	0.18470309913	1
585	Iter0586	13	6	5	0	6	0	0.3333333333333333	0.2800677583286288	0.1073657902051	1
586	Iter0587	7	2	5	3	5	0	2.1	0.6199095022624409	0.11985561902200001	1
587	Iter0588	15	6	2	2	3	1	2.5	0.5699604743083022	0.06385310503	1
588	Iter0589	13	5	3	1	6	0	0.8666666666666667	1.0	0.09484851415311	1
589	Iter0590	9	6	3	1	4	0	0.5	1.0	0.10251631481744	1
590	Iter0591	13	8	2	2	4	0	1.625	1.0	0.1031990973091314	1
591	Iter0592	20	2	2	0	8	0	2.333333333333333	1.0	0.14278211546428002	1
592	Iter0593	14	4	5	2	9	0	1.4	1.0	0.20288922722799999	1
593	Iter0594	13	7	5	0	3	0	0.2916666666666667	0.27430830039525644	0.037108212084999995	1
594	Iter0595	14	9	3	2	7	0	1.037037037037037	1.0	0.11929437729393999	1
595	Iter0596	11	7	6	2	7	0	0.5238095238095238	0.6672852090701082	0.14250214672276007	1
596	Iter0597	11	6	2	3	5	0	2.75	0.6090225563909766	0.0853860718399	1
597	Iter0598	14	6	5	2	5	0	0.9333333333333332	1.0	0.07485818806270786	1
598	Iter0599	11	10	3	2	6	0	0.7333333333333334	1.0	0.15938050997999997	1
599	Iter0600	10	5	2	2	3	0	2.0	0.6026831785345711	0.09070887143	1
600	Iter0601	4	6	4	1	2	0	0.16666666666666666	0.2820512820512819	0.0727583	1
601	Iter0602	11	7	1	4	4	0	6.2857142857142865	0.15495259888852422	0.045548645194	1
602	Iter0603	10	11	5	4	2	0	0.7272727272727273	1.0	0.12001116860000002	1
603	Iter0604	19	6	2	1	8	0	1.5833333333333333	1.0	0.129829149281427	1
604	Iter0605	13	2	2	0	3	0	1.5555555555555556	1.0	0.042464244363999995	1
605	Iter0606	13	6	1	1	5	0	2.1666666666666665	1.0	0.0972011654	1
606	Iter0607	7	5	1	2	3	0	2.8	0.5692307692307671	0.07932725741	1
607	Iter0608	12	5	3	2	5	0	1.6	1.0	0.05426983955487999	1
608	Iter0609	13	6	6	1	5	0	0.3611111111111111	0.6287807844329596	0.11935215538	1
609	Iter0610	14	9	1	1	6	0	1.5555555555555556	1.0	0.12891851398	1
610	Iter0611	9	5	2	4	6	0	3.6	0.33591331269350033	0.14529388593	1
611	Iter0612	6	3	1	4	1	1	8.0	0.2657342657342652	0.0101389082	1
612	Iter0613	13	11	3	1	7	0	0.393939393939394	0.6131868131868109	0.1534048133	1
613	Iter0614	18	9	1	0	9	0	0.95	1.0	0.13294619100000002	1
614	Iter0615	11	4	3	0	5	0	0.6	1.0	0.0961824538	1
615	Iter0616	13	9	2	3	5	0	2.166666666666667	0.6280193236715058	0.10026934240600001	1
616	Iter0617	9	5	2	2	4	1	1.8	1.0	0.044504060500000005	1
617	Iter0618	13	10	0	2	7	0	3.8181818181818175	0.22000000000000036	0.14653379143384002	1
618	Iter0619	7	5	1	2	3	0	2.8	0.5692307692307671	0.0888060751	1
619	Iter0620	22	6	4	2	10	0	1.8333333333333333	0.6087155663155184	0.2547464738701001	1
620	Iter0621	19	6	3	2	12	0	2.1111111111111107	0.5893506238333855	0.24089545009999996	1
621	Iter0622	6	6	0	2	1	0	3.0	0.4725274725274709	0.01060348846	1
622	Iter0623	5	4	4	3	0	0	0.9375	1.0	-1.8204178963000002e-05	0
623	Iter0624	14	6	4	2	3	0	1.1666666666666667	1.0	0.055794753300000006	1
624	Iter0625	18	4	2	1	7	0	2.25	0.5043478260869565	0.07489889631775999	1
625	Iter0626	8	11	0	1	4	0	1.5	1.0	0.05712077897000001	1
626	Iter0627	10	4	2	0	7	0	0.7333333333333334	1.0	0.15050932	1
627	Iter0628	13	5	1	4	4	0	10.4	0.056168088204701525	0.055383970500000004	1
628	Iter0629	9	4	3	1	6	0	0.75	1.0	0.11688502	1
629	Iter0630	11	1	3	0	6	0	1.5	1.0	0.11278846202953802	1
630	Iter0631	13	4	10	2	3	0	0.65	1.0	0.06640628592	1
631	Iter0632	8	2	4	1	4	0	1.0	1.0	0.043953619	1
632	Iter0633	13	6	2	1	8	0	1.0833333333333333	1.0	0.104668313292	1
633	Iter0634	16	7	1	0	7	0	1.0625	1.0	0.21670483748000002	1
634	Iter0635	21	5	5	1	14	0	0.8400000000000001	1.0	0.30392971700000004	1
635	Iter0636	11	10	4	2	8	0	0.55	0.6618357487922775	0.18291804011539997	1
636	Iter0637	15	8	4	1	3	0	0.46875	1.0	0.046993080015	1
637	Iter0638	13	4	1	1	5	0	3.25	0.4678362573099442	0.11302469398763318	1
638	Iter0639	12	2	3	3	2	0	6.0	0.1313209494324057	0.029386041264500003	1
639	Iter0640	9	4	4	2	4	0	1.125	1.0	0.056609732644136775	1
640	Iter0641	10	7	1	2	5	0	2.8571428571428568	0.5657894736842122	0.0752862184368	1
641	Iter0642	12	6	2	2	8	0	2.0	0.6019138755980866	0.17406408829999998	1
642	Iter0643	14	8	4	2	7	0	0.875	1.0	0.100022592578	1
643	Iter0644	9	5	6	6	3	0	1.8	0.6921658365863537	0.04915238514	1
644	Iter0645	6	9	1	1	4	0	0.6666666666666666	1.0	0.08615964999999999	1
645	Iter0646	10	4	1	0	8	0	1.1	1.0	0.187803799	1
646	Iter0647	18	3	4	4	8	0	6.0	0.06756621689155506	0.168514604174	1
647	Iter0648	7	4	7	1	3	0	0.25	0.33780529755762045	0.0731971221	1
648	Iter0649	10	3	2	1	6	0	1.6666666666666667	1.0	0.15043040266000002	1
649	Iter0650	12	5	1	1	6	0	2.4	1.0	0.210947296393587	1
650	Iter0651	13	3	1	2	6	0	8.666666666666666	0.15479876160990752	0.1725579197	1
651	Iter0652	12	3	4	2	7	1	2.0	0.5975232198142453	0.20681105457	1
652	Iter0653	14	4	4	0	5	0	0.6	0.5537935748462015	0.12127897315	1
653	Iter0654	10	5	1	1	4	0	2.0	1.0	0.055847545000000005	1
654	Iter0655	8	4	1	2	4	0	4.0	0.5252747252747227	0.108382261945	1
655	Iter0656	13	5	4	0	5	0	0.4666666666666667	0.535201640464795	0.0836982390027	1
656	Iter0657	11	10	2	2	5	0	1.1	1.0	0.10203602039904128	1
657	Iter0658	8	5	2	0	3	0	0.5	0.5238095238095224	0.03600666769579999	1
658	Iter0659	19	4	1	1	7	1	4.75	0.3666666666666676	0.10089221932329999	1
659	Iter0660	11	3	2	4	5	0	7.333333333333332	0.12192982456140397	0.10048434199999878	1
660	Iter0661	15	9	1	0	6	0	0.8	1.0	0.1259485662	1
661	Iter0662	13	4	2	1	7	1	1.625	1.0	0.11614136842999999	1
662	Iter0663	10	8	6	3	3	0	0.625	0.6924485125858182	0.09059057979799999	1
663	Iter0664	17	3	3	2	4	0	3.7777777777777786	0.2522303783173341	0.103301825253841	1
664	Iter0665	8	5	3	3	4	0	1.6	1.0	0.08213504099999999	1
665	Iter0666	15	2	0	3	6	0	21.33333333333333	0.008771929824561363	0.083644078523	1
666	Iter0667	13	8	2	2	4	0	1.625	1.0	0.075380358602	1
667	Iter0668	15	8	3	0	7	1	0.4444444444444444	0.5292307692307683	0.11931929400000002	1
668	Iter0669	11	8	3	2	9	0	0.9166666666666666	1.0	0.145092421035	1
669	Iter0670	7	6	1	2	4	0	2.333333333333333	1.0	0.0762225185	1
670	Iter0671	13	8	3	1	8	0	0.5416666666666666	1.0	0.21056656497981	1
671	Iter0672	13	4	4	1	8	0	0.8125	1.0	0.18081653903000006	1
672	Iter0673	8	8	1	0	5	1	0.5	1.0	0.1104512145697	1
673	Iter0674	14	3	3	4	11	0	6.222222222222222	0.1335552319534019	0.3120119205998942	1
674	Iter0675	8	5	8	2	4	1	0.4	0.4050343249427921	0.0499048864	1
675	Iter0676	10	3	2	2	4	0	3.333333333333333	0.5378151260504158	0.06250540413200001	1
676	Iter0677	14	4	0	2	4	0	9.0	0.07894736842105189	0.11054742635660002	1
677	Iter0678	15	7	4	2	4	0	1.0714285714285714	1.0	0.07123129128219999	1
678	Iter0679	18	8	4	3	7	0	1.6875	0.6609658880237242	0.16179237999999999	1
679	Iter0680	13	7	1	0	4	0	0.875	1.0	0.12288332788369999	1
680	Iter0681	10	3	4	3	5	0	2.5000000000000004	0.6126160990712077	0.065236472236	1
681	Iter0682	7	6	2	2	3	0	1.1666666666666667	1.0	0.068530999762423	1
682	Iter0683	11	4	2	1	6	0	1.375	1.0	0.06655636049	1
683	Iter0684	13	8	1	1	4	0	1.625	1.0	0.065248047372589	1
684	Iter0685	13	11	2	1	7	0	0.5909090909090909	1.0	0.15535295307225	1
685	Iter0686	12	5	2	0	6	0	0.7222222222222222	1.0	0.118868599723	1
686	Iter0687	13	4	2	0	8	0	0.9333333333333332	1.0	0.1325353126811	1
687	Iter0688	11	6	4	1	3	0	0.4583333333333333	1.0	0.02517854985	1
688	Iter0689	9	4	2	1	6	0	1.125	1.0	0.08036829	1
689	Iter0690	15	6	4	2	5	0	1.25	1.0	0.10099244673787999	1
690	Iter0691	10	1	2	0	4	0	1.8333333333333333	1.0	0.08250427121000001	1
691	Iter0692	6	11	3	3	2	0	0.5454545454545454	0.6430205949656749	0.047731699068166	1
692	Iter0693	11	7	3	2	4	1	1.0476190476190477	1.0	0.10362901507200001	1
693	Iter0694	10	4	2	4	3	0	5.0	0.16109391124871014	0.0580881379773	1
694	Iter0695	13	1	2	1	4	0	6.5	0.3308823529411765	0.087203269714	1
695	Iter0696	12	8	1	0	7	0	0.7222222222222222	1.0	0.1789209057	1
696	Iter0697	11	10	0	1	6	0	2.1818181818181817	1.0	0.1416230641	1
697	Iter0698	15	3	2	0	7	0	1.3333333333333333	1.0	0.12251222877000001	1
698	Iter0699	9	0	2	6	4	0	23.333333333333336	0.002262443438914018	0.0350460893720849	1
699	Iter0700	13	3	5	3	5	0	2.6	0.3617640940295413	0.08120425385	1
700	Iter0701	8	6	7	2	3	2	0.3809523809523809	0.3997846278099336	0.0432524272631	1
701	Iter0702	13	5	3	2	8	0	1.7333333333333334	0.6213854795090492	0.22937639378959002	1
702	Iter0703	9	5	0	2	4	0	5.000000000000001	0.1749999999999998	0.0725718799320666	1
703	Iter0704	17	3	4	1	7	0	1.4166666666666667	1.0	0.134772675552837	1
704	Iter0705	8	5	1	0	5	1	0.75	1.0	0.051529056000000004	1
705	Iter0706	8	4	6	1	3	1	0.3333333333333333	0.6026831785345713	0.0752103061	1
706	Iter0707	14	4	4	1	6	1	0.875	1.0	0.1009788741	1
707	Iter0708	7	8	2	1	4	0	0.4375	1.0	0.07491974383744	1
708	Iter0709	9	5	9	2	2	0	0.4	0.4065217391304383	0.06440345123999998	1
709	Iter0710	14	5	3	0	8	0	0.625	1.0	0.18383386494999998	1
710	Iter0711	14	4	1	0	6	0	1.5	1.0	0.1147853563	1
711	Iter0712	14	4	2	1	4	1	1.75	1.0	0.05600866079269999	1
712	Iter0713	10	4	0	1	3	0	4.4	0.3333333333333323	0.057588505	1
713	Iter0714	11	5	6	2	4	0	0.7333333333333334	1.0	0.036110632619151	1
714	Iter0715	11	7	4	1	8	0	0.3928571428571429	0.6213854795090463	0.15285787174999999	1
715	Iter0716	9	8	2	1	3	0	0.5625	1.0	0.045395129000000006	1
716	Iter0717	7	8	4	3	4	2	0.65625	1.0	0.13716091302	1
717	Iter0718	12	2	2	1	7	0	3.0	0.4647058823529435	0.14920346932	1
718	Iter0719	18	7	10	0	6	2	0.2159090909090909	0.0835256642853329	0.110023061186	1
719	Iter0720	7	7	4	1	4	0	0.25	0.3378052975576197	0.09050481	1
720	Iter0721	21	6	1	0	9	0	1.5714285714285714	1.0	0.24882831297000002	1
721	Iter0722	14	5	7	1	7	1	0.4	0.633363737711569	0.074735357544363	1
722	Iter0723	10	5	5	4	3	0	1.6	0.6784560506124686	0.06563618908999999	1
723	Iter0724	17	6	2	8	8	0	11.333333333333336	0.006967618341366921	0.10552387047339	1
724	Iter0725	13	6	5	4	7	1	1.7333333333333332	0.6774703557312203	0.09541404370999997	1
725	Iter0726	12	4	3	1	5	1	1.0	1.0	0.15503446220000003	1
726	Iter0727	13	6	5	0	8	1	0.3333333333333333	0.2800677583286288	0.17678630829999997	1
727	Iter0728	5	8	5	4	3	0	0.5	0.6656346749225981	0.04588121704321109	1
728	Iter0729	10	9	4	1	4	1	0.2777777777777778	0.3577075098814244	0.098404464908	1
729	Iter0730	13	2	4	2	2	1	3.25	0.5438596491228112	0.04535943982300001	1
730	Iter0731	10	11	5	1	6	0	0.18181818181818185	0.18190263842437915	0.13813008	1
731	Iter0732	11	8	2	0	4	0	0.4444444444444444	0.5047619047619039	0.044987703000000004	1
732	Iter0733	7	2	2	1	5	0	1.75	1.0	0.17511050000000003	1
733	Iter0734	5	5	5	3	4	1	0.6	0.6640614287673134	0.09856319999999999	1
734	Iter0735	8	5	1	1	3	0	1.6	1.0	0.09481606692600002	1
735	Iter0736	6	6	5	1	3	0	0.2	0.3156108597285071	0.0646113230849351	1
736	Iter0737	10	5	2	1	2	1	1.0	1.0	0.029607721065	1
737	Iter0738	7	4	7	0	4	0	0.2	0.11928104575163433	0.081651577	1
738	Iter0739	14	6	1	1	6	0	2.333333333333333	1.0	0.16940786605000002	1
739	Iter0740	13	5	3	1	5	0	0.8666666666666667	1.0	0.06702851636585001	1
740	Iter0741	9	4	1	5	4	0	11.25	0.057275541795665526	0.108524649	1
741	Iter0742	7	6	1	2	2	0	2.333333333333333	1.0	0.0359969104	1
742	Iter0743	8	2	2	2	4	0	4.0	0.5204795204795202	0.10513762276470001	1
743	Iter0744	13	9	2	1	5	0	0.7222222222222222	1.0	0.07536985035388755	1
744	Iter0745	10	5	6	1	5	0	0.3333333333333333	0.6158176189135942	0.070137064	1
745	Iter0746	10	8	7	1	8	0	0.17857142857142858	0.19015026163767634	0.167863397273	1
746	Iter0747	9	3	1	1	4	0	3.0	0.5054945054945044	0.1107527947	1
747	Iter0748	9	7	2	4	2	0	2.571428571428572	0.6351172047766489	0.057500933000000004	1
748	Iter0749	14	7	3	3	3	1	2.0	0.6381878990574705	0.12389369894169999	1
749	Iter0750	11	3	1	3	3	0	11.0	0.08333333333333336	0.041625270823300003	1
750	Iter0751	11	4	5	3	8	0	1.65	0.657019787319963	0.15402856	1
751	Iter0752	14	5	3	3	6	0	2.8	0.3441897233201593	0.16195401815660002	1
752	Iter0753	10	4	2	2	5	0	2.5	0.5686274509803924	0.0554178429744	1
753	Iter0754	11	6	5	1	2	2	0.36666666666666653	0.6213854795090509	0.01703500078461	1
754	Iter0755	6	6	10	3	1	2	0.3	0.2261946426167723	0.02758999154	1
755	Iter0756	12	4	2	1	4	0	1.5	1.0	0.0980113952158	1
756	Iter0757	13	4	2	2	5	0	3.25	0.5438596491228093	0.12279754385	1
757	Iter0758	9	6	2	1	5	0	0.75	1.0	0.119850229	1
758	Iter0759	13	5	3	3	5	0	2.6	0.3617640940295416	0.08051322804	1
759	Iter0760	11	4	3	1	3	1	0.9166666666666666	1.0	0.052249357984240005	1
760	Iter0761	11	6	4	2	7	1	0.9166666666666666	1.0	0.143545398	1
761	Iter0762	10	9	0	2	3	0	3.3000000000000003	0.4761904761904774	0.0759175959176	1
762	Iter0763	10	6	2	2	5	0	1.6666666666666667	1.0	0.12094267162	1
763	Iter0764	13	6	0	0	6	0	2.0	1.0	0.10006355990031629	1
764	Iter0765	9	11	2	1	5	0	0.4090909090909091	0.5900621118012406	0.16782263740000003	1
765	Iter0766	17	9	3	1	6	0	0.6296296296296297	1.0	0.1005903895	1
766	Iter0767	13	7	4	1	4	0	0.4642857142857143	1.0	0.08573698279500001	1
767	Iter0768	18	5	6	2	6	0	1.2	1.0	0.09056537348903	1
768	Iter0769	10	6	6	0	6	1	0.22448979591836732	0.13275166525940524	0.09815483800000001	1
769	Iter0770	8	7	2	2	4	0	1.1428571428571428	1.0	0.04320982791732701	1
770	Iter0771	9	7	2	2	5	0	1.2857142857142858	1.0	0.066259113	1
771	Iter0772	13	3	7	1	7	0	0.6190476190476191	1.0	0.125571304935	1
772	Iter0773	8	7	5	4	3	1	0.9142857142857144	1.0	0.09252973717	1
773	Iter0774	8	8	5	0	4	0	0.16666666666666666	0.11071797139908593	0.053590880800000004	1
774	Iter0775	17	6	2	0	8	0	0.8571428571428572	1.0	0.18644450242	1
775	Iter0776	10	9	3	1	5	0	0.3703703703703704	0.6036137775268167	0.0835874433	1
776	Iter0777	12	8	3	1	6	0	0.5	1.0	0.12129939624096053	1
777	Iter0778	11	4	2	4	4	0	5.5	0.14617425917735505	0.07648362690516289	1
778	Iter0779	8	9	1	2	5	0	1.7777777777777777	1.0	0.1455272023	1
779	Iter0780	19	10	4	1	8	0	0.475	1.0	0.15179908664388	1
780	Iter0781	17	3	7	1	8	0	0.8095238095238095	1.0	0.189767124	1
781	Iter0782	10	4	9	1	8	0	0.2777777777777778	0.3577075098814235	0.174933441339925	1
782	Iter0783	13	5	5	2	5	0	1.04	1.0	0.12497460121119999	1
783	Iter0784	17	4	3	0	9	0	0.9	1.0	0.19290302382000002	1
784	Iter0785	16	5	3	1	7	0	1.0666666666666669	1.0	0.076744873719	1
785	Iter0786	6	10	2	1	2	1	0.3	0.5459236326109398	0.05691990172	1
786	Iter0787	7	9	3	0	1	1	0.2	0.21052631578947467	0.028576112533000006	1
787	Iter0788	15	8	4	2	5	0	0.9375	1.0	0.09768741655680918	1
788	Iter0789	13	5	4	4	5	0	2.6	0.3821011025587706	0.1098654952	1
789	Iter0790	15	8	4	2	8	0	0.9375	1.0	0.137888196058	1
790	Iter0791	15	5	3	2	7	0	2.0	0.5968379446640315	0.096736959202692	1
791	Iter0792	13	11	3	0	6	0	0.2916666666666667	0.2478632478632511	0.07869537600000001	1
792	Iter0793	6	9	2	1	2	0	0.3333333333333333	0.5588235294117672	0.049866077183	1
793	Iter0794	11	7	0	1	4	0	3.0	0.4210526315789461	0.11894745124	1
794	Iter0795	10	7	4	0	6	0	0.275	0.2549707602339193	0.1142504163809	1
795	Iter0796	18	7	3	1	10	0	0.8571428571428572	1.0	0.21886717336689998	1
796	Iter0797	9	4	2	1	4	0	1.125	1.0	0.11677787804	1
797	Iter0798	23	5	5	2	6	1	1.84	0.6078262835117001	0.1388464709537	1
798	Iter0799	9	5	3	3	5	0	1.8	0.6424148606811155	0.0530602546	1
799	Iter0800	11	11	3	2	5	0	0.6666666666666666	1.0	0.098249235127	1
800	Iter0801	12	3	3	1	3	0	1.3333333333333333	1.0	0.0696876725	1
801	Iter0802	8	3	5	2	1	0	1.0666666666666669	1.0	0.0080250127403	1
802	Iter0803	8	4	2	2	4	0	2.0	0.604395604395601	0.07609477499999998	1
803	Iter0804	8	6	4	3	2	1	1.0	1.0	0.032080059749999994	1
804	Iter0805	10	3	3	0	5	0	0.6875	1.0	0.10328471537215297	1
805	Iter0806	11	9	1	1	3	0	1.2222222222222223	1.0	0.07817830017100899	1
806	Iter0807	11	5	7	5	5	0	1.5714285714285716	0.6979405034324901	0.093862844456	1
807	Iter0808	13	9	2	1	4	1	0.7222222222222222	1.0	0.0743246717	1
808	Iter0809	10	5	2	1	8	0	1.0	1.0	0.164344322	1
809	Iter0810	13	4	1	1	6	0	3.25	0.4678362573099442	0.060082458239600005	1
810	Iter0811	6	5	1	1	4	1	1.2	1.0	0.050344627549	1
811	Iter0812	12	4	3	2	5	0	2.0	0.5975232198142446	0.1560515769	1
812	Iter0813	13	7	2	1	4	0	0.9285714285714286	1.0	0.03612608929760001	1
813	Iter0814	17	5	2	1	7	0	1.7	1.0	0.06981211379809082	1
814	Iter0815	13	6	2	5	4	0	5.416666666666666	0.09456521739130523	0.08726641409000001	1
815	Iter0816	9	10	2	2	2	0	0.9	1.0	0.028272075099973662	1
816	Iter0817	8	6	4	2	5	1	0.6666666666666666	1.0	0.0718696794	1
817	Iter0818	16	3	1	1	7	0	5.333333333333333	0.3523809523809532	0.10507597417	1
818	Iter0819	13	3	4	0	6	0	0.7	1.0	0.18425431329999997	1
819	Iter0820	4	4	4	0	2	0	0.2	0.20808080808080853	0.0302053053	1
820	Iter0821	10	7	4	1	5	0	0.35714285714285715	0.6129718234981392	0.100247874703448	1
821	Iter0822	16	5	1	0	8	0	1.4166666666666667	1.0	0.11274968353717651	1
822	Iter0823	9	10	1	0	4	0	0.4545454545454545	1.0	0.14119420764	1
823	Iter0824	11	10	5	0	4	0	0.1818181818181818	0.12131346913955625	0.0817765439	1
824	Iter0825	15	9	0	4	7	0	8.0	0.034920634920634484	0.14363179060667	1
825	Iter0826	15	7	5	2	7	0	0.8571428571428571	1.0	0.1862087692753	1
826	Iter0827	11	5	8	3	2	0	0.8250000000000001	1.0	0.030149609209000006	1
827	Iter0828	13	4	2	1	5	0	1.625	1.0	0.09171646724279998	1
828	Iter0829	9	6	5	4	9	0	1.2	1.0	0.12998341000000002	1
829	Iter0830	10	8	5	3	3	0	0.75	1.0	0.05096102077352149	1
830	Iter0831	9	5	2	3	5	1	2.7	0.6026831785345723	0.078569936	1
831	Iter0832	13	8	4	1	4	0	0.40625	0.6278504104591093	0.0641985212	1
832	Iter0833	7	6	2	2	3	0	1.1666666666666667	1.0	0.0864379721	1
833	Iter0834	12	7	3	3	6	0	1.7142857142857142	0.653162055335973	0.152900465504787	1
834	Iter0835	7	3	1	0	3	0	1.0	1.0	0.0848402108270435	1
835	Iter0836	12	6	4	0	4	0	0.37142857142857133	0.5406698564593277	0.0563849423	1
836	Iter0837	15	3	1	4	5	0	20.0	0.01726648637403779	0.077956075303096	1
837	Iter0838	8	8	9	4	3	0	0.4444444444444444	0.4514983109948822	0.0896874241	1
838	Iter0839	8	6	3	1	3	0	0.4444444444444444	1.0	0.08785644919061573	1
839	Iter0840	13	4	2	4	2	0	6.5	0.1309895291588657	0.025985885898320002	1
840	Iter0841	11	2	4	1	4	0	1.375	1.0	0.130036353306	1
841	Iter0842	9	5	3	2	3	0	1.2	1.0	0.091465731962	1
842	Iter0843	14	9	7	4	4	0	0.8888888888888891	1.0	0.043468945499999995	1
843	Iter0844	11	10	1	0	6	0	0.5454545454545454	1.0	0.09193851328767999	1
844	Iter0845	11	7	3	4	4	0	2.095238095238096	0.6564073226544657	0.08947114837480002	1
845	Iter0846	5	7	3	1	3	0	0.2380952380952381	0.5692307692307679	0.03723039383	1
846	Iter0847	9	4	3	1	3	1	0.75	1.0	0.04332424530000001	1
847	Iter0848	16	8	1	2	4	1	4.0	0.5350427350427397	0.04524936055210001	1
848	Iter0849	5	4	4	0	2	0	0.24	0.22797202797202865	0.025815950000000004	1
849	Iter0850	13	9	4	4	4	0	1.4444444444444444	0.6976267421844687	0.051426660248508206	1
850	Iter0851	8	7	3	3	2	0	1.1428571428571428	1.0	0.0519681705	1
851	Iter0852	12	8	1	0	6	0	0.7222222222222222	1.0	0.08519042681799958	1
852	Iter0853	9	6	3	0	6	0	0.35714285714285715	0.5147058823529399	0.12109649558	1
853	Iter0854	11	7	4	2	4	0	0.7857142857142857	1.0	0.05538658342	1
854	Iter0855	16	4	4	2	7	0	2.0	0.5959518742127429	0.12484999840299998	1
855	Iter0856	8	8	5	1	3	0	0.2	0.33303847854931445	0.048440202700000004	1
856	Iter0857	12	8	3	2	6	0	1.0	1.0	0.11669974470000001	1
857	Iter0858	11	4	5	1	7	1	0.55	1.0	0.16657461942	1
858	Iter0859	8	5	3	2	2	2	1.0666666666666669	1.0	0.0234472475	1
859	Iter0860	9	9	2	0	3	0	0.3333333333333333	0.4789473684210522	0.07275882603503	1
860	Iter0861	17	12	4	4	8	0	1.4166666666666667	0.7048426725846172	0.15437879045	1
861	Iter0862	17	5	2	1	6	0	1.7	1.0	0.12604341357699997	1
862	Iter0863	9	7	5	1	6	0	0.2571428571428572	0.3511586452762931	0.12235502000000001	1
863	Iter0864	8	2	1	3	5	0	12.0	0.09490509490509444	0.10264959995537169	1
864	Iter0865	12	8	2	3	6	0	2.25	0.6231884057971053	0.15310114391	1
865	Iter0866	9	6	3	0	3	1	0.35714285714285715	0.5147058823529399	0.08602115089999998	1
866	Iter0867	12	9	10	2	7	4	0.26666666666666666	0.2492200549849128	0.15732083646379003	1
867	Iter0868	14	7	4	1	5	0	0.5	1.0	0.10657397282471519	1
868	Iter0869	12	10	4	0	4	0	0.2363636363636364	0.13578595317725894	0.0608502695	1
869	Iter0870	10	5	0	2	2	0	5.5	0.15441176470588236	0.04594607625	1
870	Iter0871	8	14	6	1	3	1	0.09523809523809523	0.035182408795602686	0.041336823099999996	1
871	Iter0872	16	8	12	3	5	0	0.5	0.4769722938930658	0.043267287235899995	1
872	Iter0873	10	7	2	0	4	0	0.4583333333333333	0.5087719298245621	0.1338241024977592	1
873	Iter0874	12	6	3	1	3	0	0.6666666666666666	1.0	0.1032752974601991	1
874	Iter0875	15	10	5	3	9	2	0.8999999999999999	1.0	0.125705391189	1
875	Iter0876	14	4	5	5	7	1	3.5	0.20962515745124335	0.141356808094	1
876	Iter0877	12	4	5	1	8	0	0.6	1.0	0.2745484758	1
877	Iter0878	14	7	3	2	9	0	1.3333333333333333	1.0	0.19115264824	1
878	Iter0879	11	5	5	3	7	0	1.32	1.0	0.10556517400000001	1
879	Iter0880	7	4	2	1	5	0	0.875	1.0	0.07943647	1
880	Iter0881	8	6	3	2	2	0	0.8888888888888888	1.0	0.0328291079	1
881	Iter0882	12	8	5	1	6	0	0.3	0.3797506840985131	0.17373379649	1
882	Iter0883	10	1	5	1	4	0	2.0	1.0	0.10878457910990001	1
883	Iter0884	9	8	1	0	7	0	0.5555555555555556	1.0	0.10003208999999999	1
884	Iter0885	13	8	1	1	4	0	1.625	1.0	0.05952289666800001	1
885	Iter0886	14	4	2	0	7	0	1.0	1.0	0.1594845681022	1
886	Iter0887	13	5	1	1	5	0	2.6	0.5210526315789469	0.121493297	1
887	Iter0888	15	6	4	6	8	0	3.75	0.12713419964955586	0.1715667113	1
888	Iter0889	9	8	2	2	4	0	1.125	1.0	0.06981586341	1
889	Iter0890	17	5	2	2	8	0	3.4	0.28702341137123866	0.12878000144150004	1
890	Iter0891	9	5	8	2	3	0	0.45	0.6529366895499655	0.0502431106	1
891	Iter0892	9	3	1	2	5	1	6.0	0.2417582417582408	0.1091111	1
892	Iter0893	9	9	2	0	3	0	0.3333333333333333	0.4789473684210522	0.0723958091	1
893	Iter0894	9	9	1	1	4	0	1.0	1.0	0.0873417876803	1
894	Iter0895	5	8	4	4	2	0	0.625	0.6730650154798745	0.02811078832101	1
895	Iter0896	8	6	3	1	2	0	0.4444444444444444	1.0	0.019104777102999997	1
896	Iter0897	15	5	4	3	5	0	2.25	0.6333637377115682	0.15077470419000003	1
897	Iter0898	18	9	1	1	9	0	2.0	1.0	0.193343651343098	1
898	Iter0899	9	3	6	4	4	0	2.0	0.6517027863777083	0.047409836999999996	1
899	Iter0900	13	6	6	0	7	0	0.2857142857142857	0.27776397515528106	0.11249289057807002	1
900	Iter0901	11	3	1	3	4	1	11.0	0.08333333333333336	0.04416788144	1
901	Iter0902	6	4	4	4	3	0	1.5	1.0	0.08261014700000001	1
902	Iter0903	14	4	1	1	4	0	3.5	0.4473684210526287	0.06870382240499999	1
903	Iter0904	11	7	4	3	6	1	1.1785714285714286	1.0	0.11606707630680001	1
904	Iter0905	13	3	4	1	6	1	1.0833333333333333	1.0	0.20010229630000004	1
905	Iter0906	7	9	1	1	2	0	0.7777777777777778	1.0	0.042649985890000006	1
906	Iter0907	17	6	0	0	7	0	2.571428571428572	1.0	0.23691874245300004	1
907	Iter0908	12	6	4	1	4	0	0.5	1.0	0.04103856108099999	1
908	Iter0909	12	7	6	1	7	0	0.2857142857142857	0.3747886895712975	0.16614263699999998	1
909	Iter0910	8	6	3	0	3	0	0.32142857142857145	0.5147058823529405	0.08859860255249999	1
910	Iter0911	11	6	7	5	5	0	1.3095238095238095	1.0	0.1092683273275301	1
911	Iter0912	17	9	4	2	6	0	0.9444444444444444	1.0	0.16425745647999998	1
912	Iter0913	12	3	3	0	6	0	0.8125	1.0	0.0993879978361	1
913	Iter0914	11	2	3	0	5	1	1.0	1.0	0.09133284069	1
914	Iter0915	10	8	5	2	5	0	0.5	0.6592469315581474	0.10903247110000001	1
915	Iter0916	12	7	5	1	4	0	0.3428571428571429	0.6237154150197661	0.1105218328058	1
916	Iter0917	10	7	2	3	6	0	2.1428571428571432	0.6240601503759357	0.12367647499899999	1
917	Iter0918	10	3	4	0	2	0	0.55	0.5411764705882334	0.03596850406646608	1
918	Iter0919	18	8	2	1	8	0	1.125	1.0	0.1305004477	1
919	Iter0920	8	12	3	1	6	0	0.2222222222222222	0.3002070393374745	0.14960569	1
920	Iter0921	14	4	4	2	2	0	1.75	0.6180570002080263	0.06663651306559999	1
921	Iter0922	7	5	4	4	4	1	1.4	1.0	0.068620411356	1
922	Iter0923	10	4	4	2	5	1	1.25	1.0	0.12484069481955301	1
923	Iter0924	5	8	3	0	4	0	0.16666666666666666	0.1999999999999998	0.07015339	1
924	Iter0925	13	7	4	3	5	0	1.392857142857143	1.0	0.0708762914448	1
925	Iter0926	12	5	6	3	6	1	1.2	1.0	0.11275484227000002	1
926	Iter0927	12	7	2	1	8	0	0.8571428571428571	1.0	0.118597809	1
927	Iter0928	9	6	1	1	4	1	1.5	1.0	0.05988203035185999	1
928	Iter0929	10	8	4	2	2	0	0.625	1.0	0.015913040624204	1
929	Iter0930	12	3	1	3	3	0	12.0	0.07094943240454102	0.13231683323249996	1
930	Iter0931	20	6	3	1	6	0	1.1111111111111112	1.0	0.15692734522726	1
931	Iter0932	11	5	4	2	4	0	1.1	1.0	0.09279670198	1
932	Iter0933	9	8	5	2	3	0	0.45	0.6529366895499655	0.060948028902000004	1
933	Iter0934	14	6	4	5	4	0	2.9166666666666665	0.2370627872876759	0.0458971251	1
934	Iter0935	11	8	2	2	3	0	1.375	1.0	0.08095167702	1
935	Iter0936	16	5	0	1	7	0	5.666666666666668	0.2727272727272725	0.134991836616	1
936	Iter0937	7	1	2	1	6	1	3.5	0.4909090909090903	0.10418133	1
937	Iter0938	9	6	2	1	4	0	0.75	1.0	0.128626355	1
938	Iter0939	10	5	2	2	4	0	2.0	0.6026831785345711	0.076057420554	1
939	Iter0940	6	5	2	1	4	0	0.6	1.0	0.0680361699279324	1
940	Iter0941	14	2	5	0	8	1	0.8333333333333334	1.0	0.18268738697	1
941	Iter0942	13	1	2	1	7	0	6.5	0.3308823529411765	0.13649930715999997	1
942	Iter0943	8	7	5	3	6	0	0.6857142857142856	1.0	0.1592532829	1
943	Iter0944	13	7	0	0	8	0	1.75	1.0	0.21549318506284998	1
944	Iter0945	12	5	2	3	5	0	3.6	0.3088782562466785	0.103854956288	1
945	Iter0946	12	10	3	0	6	0	0.2954545454545455	0.2500000000000015	0.103264613639	1
946	Iter0947	12	7	2	1	6	0	0.8571428571428571	1.0	0.13490792477967997	1
947	Iter0948	12	5	5	0	5	0	0.3611111111111111	0.2898913951545541	0.12864654121496	1
948	Iter0949	11	9	1	0	7	0	0.6	1.0	0.17765529840000002	1
949	Iter0950	14	8	6	2	6	0	0.5833333333333334	0.6821281666858948	0.1042214782385	1
950	Iter0951	19	3	5	1	12	0	1.2666666666666666	1.0	0.3073734155089	1
951	Iter0952	12	6	3	2	4	0	1.3333333333333333	1.0	0.064650223398	1
952	Iter0953	16	5	3	4	6	0	4.266666666666667	0.16524779568257772	0.13280102022231002	1
953	Iter0954	8	6	3	4	6	0	1.7777777777777777	0.6594427244582046	0.16833816000000001	1
954	Iter0955	16	7	3	4	7	0	3.0476190476190474	0.3717064544650792	0.17449657561350002	1
955	Iter0956	11	3	0	2	5	0	9.0	0.08333333333333323	0.107851582996	1
956	Iter0957	19	5	4	0	8	0	0.6666666666666667	1.0	0.22767514276	1
957	Iter0958	7	7	7	3	2	0	0.42857142857142855	0.4212208911024378	0.0367189295	1
958	Iter0959	13	5	0	5	5	0	14.000000000000002	0.007489078427293523	0.12479787824000001	1
959	Iter0960	10	3	3	3	5	0	3.333333333333333	0.3201017249004855	0.10096126108799999	1
960	Iter0961	15	8	5	1	6	0	0.375	0.6328154604016761	0.08715444152183802	1
961	Iter0962	18	4	3	1	7	0	1.5	1.0	0.19662977465014408	1
962	Iter0963	10	5	2	2	4	1	2.0	0.6026831785345711	0.06786674365	1
963	Iter0964	14	4	7	1	8	1	0.5	1.0	0.182549079181	1
964	Iter0965	16	5	2	0	9	0	0.9444444444444444	1.0	0.18948218789	1
965	Iter0966	9	6	6	2	4	0	0.5	0.6570197873199626	0.05507817315800001	1
966	Iter0967	11	3	3	1	4	0	1.2222222222222219	1.0	0.05548102299751753	1
967	Iter0968	15	7	4	1	7	0	0.5357142857142857	1.0	0.09600483022559998	1
968	Iter0969	6	8	1	2	1	0	1.5	1.0	0.009892020800000002	1
969	Iter0970	7	6	5	3	3	0	0.7000000000000001	1.0	0.04156827440954	1
970	Iter0971	12	7	0	1	6	0	3.25	0.4000000000000011	0.145951754626	1
971	Iter0972	15	8	3	1	6	0	0.625	1.0	0.0873466005902	1
972	Iter0973	7	4	3	1	3	0	0.5833333333333334	1.0	0.0309740759002297	1
973	Iter0974	15	3	3	2	7	0	3.333333333333333	0.2906772861006249	0.18585180210000002	1
974	Iter0975	14	7	4	2	6	0	1.0	1.0	0.0938898176	1
975	Iter0976	11	7	2	2	7	0	1.5714285714285714	1.0	0.13295673	1
976	Iter0977	8	6	5	0	5	0	0.2142857142857143	0.12796697626418954	0.14696007780999998	1
977	Iter0978	8	9	5	5	3	0	0.8888888888888888	1.0	0.0847126	1
978	Iter0979	20	6	0	3	13	0	12.0	0.022988505747126683	0.3527264394	1
979	Iter0980	15	4	1	1	9	0	3.75	0.4285714285714271	0.176943488334	1
980	Iter0981	8	7	5	4	3	0	0.9142857142857144	1.0	0.0306883979	1
981	Iter0982	6	6	3	1	3	0	0.3333333333333333	0.5846153846153823	0.04396041979600948	1
982	Iter0983	14	8	0	2	8	0	5.000000000000001	0.16304347826087076	0.21845073	1
983	Iter0984	19	4	4	1	7	0	1.1875	1.0	0.1337936201	1
984	Iter0985	4	2	3	6	1	0	4.0	0.31468531468531435	0.008519054000000002	1
985	Iter0986	16	5	3	1	9	0	1.0666666666666669	1.0	0.16936711104000002	1
986	Iter0987	10	9	0	0	5	0	1.1	1.0	0.07940163139	1
987	Iter0988	11	3	4	1	6	1	0.9166666666666666	1.0	0.12634796779678997	1
988	Iter0989	12	3	3	4	6	0	5.333333333333333	0.14466061544234934	0.1356979206	1
989	Iter0990	7	6	4	2	4	0	0.5833333333333334	1.0	0.09229907717	1
990	Iter0991	15	6	3	1	8	0	0.8333333333333334	1.0	0.2300663427	1
991	Iter0992	14	4	3	2	6	0	2.333333333333333	0.5756188891200296	0.096204674436	1
992	Iter0993	11	6	3	1	5	0	0.6111111111111109	1.0	0.11013688	1
993	Iter0994	14	10	5	1	5	0	0.28	0.3717064544650783	0.11919513959370201	1
994	Iter0995	6	7	8	1	1	1	0.10714285714285714	0.07430340557275518	0.01248620786	1
995	Iter0996	11	10	2	0	6	0	0.3636363636363636	0.4861660079051351	0.09904276772999998	1
996	Iter0997	7	5	1	1	2	0	1.4	1.0	0.02517974288699	1
997	Iter0998	10	4	1	1	3	0	2.5	1.0	0.12664694	1
998	Iter0999	13	2	9	3	6	0	2.1666666666666665	0.6280193236715058	0.06793934272999999	1
999	Iter1000	8	7	3	1	3	0	0.3809523809523809	0.602683178534573	0.0720043167	1
