	IterId	dN	dS	pN	pS	bdN	bpN	MkScore	FSPVal	SelCoef	PosSel
0	Iter0001	12	6	1	1	10	0	2.0	1.0	0.2470518076499989	1
1	Iter0002	2	1	0	0	1	0	1.5	1.0	0.015745837065	1
2	Iter0003	6	3	2	0	3	0	0.5833333333333334	1.0	0.079131041	1
3	Iter0004	15	4	3	1	10	0	1.25	1.0	0.21117786183	1
4	Iter0005	6	4	3	0	5	0	0.35	0.4965034965034971	0.11982466866798998	1
5	Iter0006	8	2	2	1	5	0	2.0	1.0	0.1152888052844	1
6	Iter0007	4	2	2	1	2	0	1.0	1.0	0.037397842155	1
7	Iter0008	12	2	4	1	6	0	1.5	1.0	0.12175869948	1
8	Iter0009	12	3	2	2	6	0	4.0	0.2721878224974212	0.21769399602712	1
9	Iter0010	14	2	3	0	5	0	1.25	1.0	0.07866967116	1
10	Iter0011	14	5	4	0	7	0	0.5	0.5392433653303204	0.18738756764	1
11	Iter0012	13	2	2	0	5	0	1.5555555555555556	1.0	0.096559248315	1
12	Iter0013	12	1	3	0	8	1	1.625	1.0	0.14002059695000002	1
13	Iter0014	16	6	0	2	10	0	7.2857142857142865	0.10144927536231893	0.30395432198323696	1
14	Iter0015	6	5	2	2	3	0	1.2	1.0	0.03456558143494	1
15	Iter0016	8	3	1	2	6	0	5.333333333333333	0.5054945054945037	0.145836555232	1
16	Iter0017	6	0	1	1	4	0	7.0	0.24999999999999994	0.07476156	1
17	Iter0018	11	0	1	0	8	0	6.0	1.0	0.21466132860320003	1
18	Iter0019	6	3	4	1	3	2	0.5	1.0	0.039858651701999995	1
19	Iter0020	6	2	3	1	6	1	1.0	1.0	0.1507148	1
20	Iter0021	8	1	3	0	4	1	1.125	1.0	0.08867761699999996	1
21	Iter0022	11	0	1	1	5	0	12.0	0.15384615384615366	0.10842114636300001	1
22	Iter0023	9	4	4	0	8	0	0.4	0.5193277310924337	0.12753057862	1
23	Iter0024	8	6	2	2	8	0	1.3333333333333333	1.0	0.11271169	1
24	Iter0025	15	2	1	1	7	0	7.5	0.298245614035087	0.1312698304809066	1
25	Iter0026	13	3	0	1	8	0	7.0	0.23529411764705904	0.1070559949365	1
26	Iter0027	11	2	1	0	6	1	2.0	1.0	0.15846744722	1
27	Iter0028	9	2	0	0	6	0	3.333333333333333	1.0	0.09957943794016998	1
28	Iter0029	9	0	4	0	3	1	2.0	1.0	0.05015610850559999	1
29	Iter0030	8	3	4	1	3	0	0.6666666666666666	1.0	0.034498986919999995	1
30	Iter0031	9	2	3	0	7	0	0.8333333333333334	1.0	0.13084274189999998	1
31	Iter0032	7	1	2	2	4	0	7.0	0.2363636363636368	0.05688328345780999	1
32	Iter0033	10	5	1	0	6	0	0.9166666666666666	1.0	0.12967029124	1
33	Iter0034	5	3	1	3	4	0	5.000000000000001	0.5454545454545472	0.07336779806093	1
34	Iter0035	7	4	1	1	5	1	1.75	1.0	0.1381089024	1
35	Iter0036	5	2	1	1	3	0	2.5	1.0	0.06594697299999999	1
36	Iter0037	9	0	1	0	6	0	5.0	1.0	0.12726321819	1
37	Iter0038	8	6	1	0	6	0	0.6428571428571429	1.0	0.080749154	1
38	Iter0039	5	3	2	1	3	0	0.8333333333333334	1.0	0.103132891743	1
39	Iter0040	9	3	3	1	5	0	1.0	1.0	0.12208822125268601	1
40	Iter0041	10	1	4	0	8	0	1.1	1.0	0.16204271860324002	1
41	Iter0042	11	3	3	0	7	0	0.75	1.0	0.2025159419	1
42	Iter0043	9	4	0	2	7	0	6.0	0.14285714285714254	0.14062052469	1
43	Iter0044	9	3	2	2	5	1	3.0	0.5467032967032941	0.08572736381000001	1
44	Iter0045	6	4	0	1	2	0	2.8	0.4545454545454545	0.0626288948108	1
45	Iter0046	7	4	6	2	3	2	0.5833333333333334	1.0	0.0561367854344826	1
46	Iter0047	8	5	4	3	6	0	1.2000000000000002	1.0	0.1385957962	1
47	Iter0048	5	5	4	2	5	0	0.5	0.6328671328671309	0.09034128999999999	1
48	Iter0049	8	1	1	1	6	0	8.0	0.3454545454545447	0.098058940376334	1
49	Iter0050	7	1	5	0	4	0	0.6666666666666666	1.0	0.07562104259000002	1
50	Iter0051	13	5	5	0	10	0	0.3888888888888889	0.5453059526286049	0.191050602	1
51	Iter0052	2	3	2	4	0	0	1.3333333333333333	1.0	-2.263630401795e-05	0
52	Iter0053	10	5	4	2	5	0	1.0	1.0	0.09987628809	1
53	Iter0054	11	2	3	0	7	0	1.0	1.0	0.100992615131992	1
54	Iter0055	9	5	1	1	7	1	1.8	1.0	0.12231504754239998	1
55	Iter0056	8	0	0	1	5	0	18.0	0.11111111111111124	0.1310377433487	1
56	Iter0057	12	2	4	2	6	0	3.0	0.5492260061919542	0.06967301034841274	1
57	Iter0058	3	1	1	1	3	0	3.0	1.0	0.049857330000000005	1
58	Iter0059	9	3	4	1	7	0	0.75	1.0	0.1431090366369	1
59	Iter0060	13	2	0	0	10	0	4.666666666666667	1.0	0.20392956473200002	1
60	Iter0061	3	5	2	1	1	0	0.3	0.5454545454545453	0.005528984016000001	1
61	Iter0062	7	1	1	0	4	0	2.0	1.0	0.08319267476377001	1
62	Iter0063	14	2	1	0	9	0	2.5	1.0	0.14849041022999315	1
63	Iter0064	5	2	0	0	4	0	2.0	1.0	0.052220171999999995	1
64	Iter0065	8	2	4	1	3	0	1.0	1.0	0.049510559197	1
65	Iter0066	10	4	1	3	6	0	7.5	0.2450980392156869	0.13016123532460414	1
66	Iter0067	11	2	1	1	7	0	5.5	0.3714285714285689	0.1173144612	1
67	Iter0068	9	4	1	0	4	0	1.0	1.0	0.079335469178	1
68	Iter0069	12	3	1	1	7	0	4.0	0.426470588235295	0.09845827316999999	1
69	Iter0070	8	2	0	0	5	0	3.0	1.0	0.12695682481999998	1
70	Iter0071	8	3	1	1	5	0	2.6666666666666665	1.0	0.11514756309999999	1
71	Iter0072	6	6	0	1	4	0	2.0	1.0	0.133604617	1
72	Iter0073	11	3	1	0	5	0	1.5	1.0	0.08676582298	1
73	Iter0074	9	1	5	1	5	0	1.8	1.0	0.09871933543086298	1
74	Iter0075	7	5	4	4	5	0	1.4	1.0	0.07235127085700001	1
75	Iter0076	9	3	3	0	6	0	0.625	1.0	0.1161309999891874	1
76	Iter0077	8	1	1	0	4	0	2.25	1.0	0.097360548669	1
77	Iter0078	6	3	3	3	3	0	2.0	0.6223776223776202	0.0182464069473565	1
78	Iter0079	10	5	2	0	7	0	0.6111111111111109	1.0	0.09138315171571	1
79	Iter0080	10	3	4	1	7	0	0.8333333333333334	1.0	0.11175878099999997	1
80	Iter0081	4	3	1	0	4	0	0.625	1.0	0.0900044	1
81	Iter0082	6	0	2	0	1	0	2.333333333333333	1.0	0.04012281972	1
82	Iter0083	6	2	3	2	3	0	2.0	1.0	0.0750634378035	1
83	Iter0084	6	5	1	0	2	0	0.5833333333333334	1.0	0.08150911484192169	1
84	Iter0085	9	1	6	0	3	0	0.7142857142857143	1.0	0.133517470026446	1
85	Iter0086	11	3	3	2	8	0	2.4444444444444438	0.5695734434124551	0.12044982867	1
86	Iter0087	9	3	1	1	5	0	3.0	0.5054945054945044	0.07717272946740598	1
87	Iter0088	7	0	0	1	4	0	16.0	0.12499999999999994	0.08860612659360001	1
88	Iter0089	8	1	3	1	5	0	2.6666666666666665	1.0	0.06991232684399998	1
89	Iter0090	6	3	1	1	4	0	2.0	1.0	0.06521492100000001	1
90	Iter0091	7	1	1	0	4	1	2.0	1.0	0.09548016588930001	1
91	Iter0092	4	3	4	1	2	0	0.3333333333333333	0.5757575757575769	0.05670306768	1
92	Iter0093	8	9	3	2	6	0	0.5925925925925926	1.0	0.112320198267	1
93	Iter0094	10	5	0	1	3	0	3.6666666666666665	0.3750000000000003	0.03588785536150001	1
94	Iter0095	9	2	1	1	6	0	4.5	0.42307692307692496	0.1440165851995922	1
95	Iter0096	12	4	3	1	7	0	1.0	1.0	0.16133527378	1
96	Iter0097	7	2	0	0	3	0	2.6666666666666665	1.0	0.02983625184	1
97	Iter0098	5	4	0	2	4	0	3.6	0.45454545454545403	0.09073492039570001	1
98	Iter0099	8	2	1	0	6	0	1.5	1.0	0.1449708311	1
99	Iter0100	6	3	2	0	3	1	0.5833333333333334	1.0	0.05372525137999988	1
100	Iter0101	10	1	2	0	7	0	1.8333333333333333	1.0	0.1825379092	1
101	Iter0102	8	1	3	1	4	0	2.6666666666666665	1.0	0.12976569516	1
102	Iter0103	5	2	6	0	4	0	0.2857142857142857	0.4615384615384629	0.086361073	1
103	Iter0104	10	5	1	0	5	0	0.9166666666666666	1.0	0.07534808856519999	1
104	Iter0105	8	2	2	2	6	0	4.0	0.5204795204795202	0.1305641822	1
105	Iter0106	3	6	1	0	2	0	0.2857142857142857	0.3999999999999998	0.021333409999999997	1
106	Iter0107	4	1	0	1	3	0	5.0	0.3333333333333331	0.08585902200000001	1
107	Iter0108	11	1	2	1	8	0	5.5	0.3714285714285677	0.10640934110051999	1
108	Iter0109	7	2	1	2	4	0	7.0	0.2363636363636364	0.053750730748000006	1
109	Iter0110	8	2	1	2	3	0	8.0	0.2027972027972029	0.029839431200000002	1
110	Iter0111	8	3	4	3	4	1	2.0	0.6266968325791855	0.0778671933807	1
111	Iter0112	11	3	2	1	6	0	1.8333333333333333	1.0	0.10892447551420001	1
112	Iter0113	8	2	0	0	4	0	3.0	1.0	0.07643890168323669	1
113	Iter0114	4	4	0	0	1	0	1.0	1.0	0.021368371399909405	1
114	Iter0115	7	4	2	0	4	0	0.5333333333333333	1.0	0.10268041560199999	1
115	Iter0116	6	5	1	1	4	0	1.2	1.0	0.068695727291835	1
116	Iter0117	10	3	1	0	6	0	1.375	1.0	0.1905453212	1
117	Iter0118	10	3	1	1	7	0	3.333333333333333	0.4761904761904744	0.28417226137797713	1
118	Iter0119	9	3	1	0	6	0	1.25	1.0	0.177774212097377	1
119	Iter0120	2	5	3	0	1	0	0.125	0.16666666666666674	0.01421596486	1
120	Iter0121	9	1	0	1	3	0	10.0	0.18181818181818185	0.057300302965515006	1
121	Iter0122	8	8	0	2	6	0	3.0	0.4771241830065378	0.16136912280000001	1
122	Iter0123	8	6	0	1	4	0	2.571428571428572	0.4666666666666649	0.07007467135785	1
123	Iter0124	5	1	4	1	2	1	1.25	1.0	0.07264708009647401	1
124	Iter0125	7	3	0	0	5	0	2.0	1.0	0.12911768910000002	1
125	Iter0126	7	3	0	3	4	0	8.0	0.06993006993007027	0.0484525625535	1
126	Iter0127	7	1	5	0	5	0	0.6666666666666666	1.0	0.09494557644694	1
127	Iter0128	6	4	1	0	5	0	0.7	1.0	0.08905595434	1
128	Iter0129	10	4	0	1	6	0	4.4	0.3333333333333323	0.184169989226276	1
129	Iter0130	14	2	1	2	11	0	14.0	0.09700722394220897	0.2133598826977827	1
130	Iter0131	4	4	2	4	2	0	2.0	0.6270396270396283	0.022242796560000003	1
131	Iter0132	4	1	1	3	3	1	12.0	0.20634920634920625	0.0694498889535	1
132	Iter0133	9	0	1	0	7	0	5.0	1.0	0.1257172436	1
133	Iter0134	5	2	2	2	4	0	2.5	0.5757575757575759	0.091615909	1
134	Iter0135	6	0	3	1	3	0	3.5	0.3999999999999996	0.028815623885563097	1
135	Iter0136	8	1	4	2	5	0	4.0	0.5252747252747227	0.081881152954216	1
136	Iter0137	7	5	1	1	5	0	1.4	1.0	0.1137332582	1
137	Iter0138	2	2	2	0	1	1	0.3333333333333333	0.4666666666666665	0.013165322	1
138	Iter0139	6	1	1	2	4	0	12.0	0.18333333333333315	0.081937264164	1
139	Iter0140	8	4	1	3	6	0	6.0	0.2615384615384607	0.15621093903000002	1
140	Iter0141	5	2	2	1	3	1	1.25	1.0	0.0528659865	1
141	Iter0142	5	4	2	1	4	0	0.625	1.0	0.0954847456	1
142	Iter0143	11	4	1	1	8	0	2.75	0.5147058823529409	0.13621057296	1
143	Iter0144	7	1	0	2	4	0	12.0	0.06666666666666664	0.0526712993	1
144	Iter0145	5	2	3	0	3	1	0.5	1.0	0.091608230747	1
145	Iter0146	8	3	6	3	3	0	1.3333333333333333	1.0	0.0868721553	1
146	Iter0147	10	4	1	0	4	0	1.1	1.0	0.121510844418	1
147	Iter0148	3	3	9	2	3	0	0.2222222222222222	0.28005817711700043	0.0851709	1
148	Iter0149	6	1	0	0	3	0	3.5	1.0	0.11283224999999922	1
149	Iter0150	10	2	2	0	3	0	1.2222222222222219	1.0	0.10806030984414029	1
150	Iter0151	7	1	0	6	4	0	28.0	0.0046620046620046655	0.08049654599999999	1
151	Iter0152	10	4	3	3	5	1	2.5	0.6126160990712081	0.088177843676837	1
152	Iter0153	7	4	0	0	5	0	1.6	1.0	0.14740306210000004	1
153	Iter0154	6	1	1	1	5	0	6.0	0.4166666666666671	0.0915980418	1
154	Iter0155	6	4	2	0	3	0	0.4666666666666666	0.5151515151515165	0.01914849061493426	1
155	Iter0156	15	2	1	1	10	0	7.5	0.298245614035087	0.17762214746760002	1
156	Iter0157	14	2	2	2	8	0	7.0	0.16202270381837114	0.13803972760810002	1
157	Iter0158	6	2	4	0	5	0	0.4666666666666667	0.5151515151515155	0.16477959500089	1
158	Iter0159	6	4	2	1	2	0	0.75	1.0	0.0277098524279483	1
159	Iter0160	11	3	4	0	7	0	0.6	1.0	0.18910752079999998	1
160	Iter0161	5	0	0	1	3	0	12.0	0.1666666666666666	0.08921127778999999	1
161	Iter0162	8	0	1	1	5	0	9.0	0.1999999999999998	0.10803223417499999	1
162	Iter0163	9	7	1	0	5	0	0.625	1.0	0.08796844	1
163	Iter0164	8	2	6	1	6	1	0.6666666666666666	1.0	0.1146913010381074	1
164	Iter0165	8	3	2	2	6	1	2.6666666666666665	0.5604395604395587	0.13610836755886	1
165	Iter0166	6	2	1	1	4	0	3.0	1.0	0.061142109749436	1
166	Iter0167	7	5	4	0	4	1	0.26666666666666666	0.2445054945054937	0.0648984540576	1
167	Iter0168	8	6	5	2	5	1	0.5333333333333333	0.6556587547299609	0.056830656907	1
168	Iter0169	11	1	5	4	8	0	8.8	0.11941618752764273	0.14481662569999998	1
169	Iter0170	7	3	0	0	4	0	2.0	1.0	0.0517694277273	1
170	Iter0171	15	2	1	0	7	0	2.6666666666666665	1.0	0.126358605376	1
171	Iter0172	10	7	3	1	8	0	0.4761904761904762	1.0	0.184723596834	1
172	Iter0173	2	6	1	0	2	0	0.21428571428571427	0.33333333333333365	0.035013380000000004	1
173	Iter0174	6	6	0	2	4	0	3.0	0.4725274725274709	0.130874182781	1
174	Iter0175	16	2	0	4	12	0	28.33333333333333	0.0020505809979494104	0.22597116050800004	1
175	Iter0176	7	1	4	0	5	1	0.8	1.0	0.11065592011000001	1
176	Iter0177	6	7	2	0	2	0	0.2916666666666667	0.4666666666666659	0.11346413778400001	1
177	Iter0178	1	5	0	1	0	0	0.6666666666666666	1.0	-1.58003e-05	0
178	Iter0179	7	1	2	0	5	0	1.3333333333333333	1.0	0.133939055	1
179	Iter0180	10	5	0	0	5	0	1.8333333333333333	1.0	0.1099284213	1
180	Iter0181	7	3	2	1	5	0	1.1666666666666667	1.0	0.07051031640000001	1
181	Iter0182	8	2	1	2	3	0	8.0	0.2027972027972029	0.044907604619999986	1
182	Iter0183	11	5	1	1	5	0	2.2	1.0	0.09057006321437021	1
183	Iter0184	13	3	0	1	4	0	7.0	0.23529411764705904	0.07751535561895898	1
184	Iter0185	9	4	0	0	5	0	2.0	1.0	0.09565556799994257	1
185	Iter0186	8	3	1	2	5	0	5.333333333333333	0.5054945054945037	0.1109850123319	1
186	Iter0187	11	5	0	1	8	0	4.0	0.3529411764705896	0.28588518620000003	1
187	Iter0188	9	3	1	0	6	0	1.25	1.0	0.116868978663347	1
188	Iter0189	7	6	2	0	6	0	0.3809523809523809	0.4857142857142842	0.08723982568949	1
189	Iter0190	4	3	6	2	3	2	0.4444444444444444	0.6083916083916068	0.055869751999999995	1
190	Iter0191	8	1	2	1	6	0	4.0	0.4545454545454555	0.072835305945	1
191	Iter0192	6	5	2	1	5	0	0.6	1.0	0.10174263885	1
192	Iter0193	7	3	1	0	2	0	1.0	1.0	0.036009582760000006	1
193	Iter0194	7	2	1	0	3	0	1.3333333333333333	1.0	0.1082532603	1
194	Iter0195	10	4	0	1	7	0	4.4	0.3333333333333323	0.13914305239699998	1
195	Iter0196	6	4	1	2	2	0	3.0	0.5594405594405605	0.027692266511499995	1
196	Iter0197	12	3	1	1	6	0	4.0	0.426470588235295	0.19310304817847299	1
197	Iter0198	6	2	3	0	2	0	0.5833333333333334	1.0	0.042873155705	1
198	Iter0199	10	2	3	2	4	0	3.333333333333333	0.5378151260504176	0.17244845727233	1
199	Iter0200	5	1	1	0	3	0	1.5	1.0	0.04482794997642921	1
200	Iter0201	7	2	0	0	3	0	2.6666666666666665	1.0	0.04755869535163	1
201	Iter0202	5	2	5	0	3	0	0.3333333333333333	0.46969696969697	0.06522436949759464	1
202	Iter0203	11	4	3	0	7	0	0.6	1.0	0.148422979649	1
203	Iter0204	9	1	2	1	7	0	4.5	0.42307692307692296	0.14444083139799999	1
204	Iter0205	6	5	1	0	4	1	0.5833333333333334	1.0	0.16002809	1
205	Iter0206	6	3	3	0	3	0	0.4375	0.5090909090909093	0.047562793753500004	1
206	Iter0207	5	4	0	2	3	0	3.6	0.45454545454545403	0.055962118964246105	1
207	Iter0208	11	3	2	0	6	0	1.0	1.0	0.08596306481563	1
208	Iter0209	7	2	2	0	5	0	0.8888888888888888	1.0	0.1554208823	1
209	Iter0210	14	1	3	0	9	0	1.875	1.0	0.15980099515760002	1
210	Iter0211	7	1	0	2	5	0	12.0	0.06666666666666664	0.09721450765100001	1
211	Iter0212	7	4	1	2	7	0	3.5	0.5384615384615372	0.15044156000000003	1
212	Iter0213	8	4	4	1	6	0	0.5	1.0	0.08631593739999999	1
213	Iter0214	9	7	1	2	4	0	2.571428571428572	0.5820433436532529	0.081875917634	1
214	Iter0215	7	4	0	1	5	0	3.2	0.4166666666666672	0.129623553453	1
215	Iter0216	6	4	1	2	6	0	3.0	0.5594405594405605	0.07756099	1
216	Iter0217	13	6	3	3	9	1	2.1666666666666665	0.6300395256917055	0.14768511805370002	1
217	Iter0218	3	4	0	1	3	0	1.6	1.0	0.0776762	1
218	Iter0219	4	4	4	2	4	0	0.5	0.6270396270396279	0.10694715	1
219	Iter0220	4	4	3	3	3	1	1.0	1.0	0.057890050600000006	1
220	Iter0221	15	1	4	2	10	0	7.5	0.1688311688311684	0.2066021216279289	1
221	Iter0222	9	2	1	1	6	0	4.5	0.42307692307692496	0.1083605716	1
222	Iter0223	8	1	1	2	4	0	16.0	0.12727272727272734	0.0849955755872	1
223	Iter0224	10	3	3	1	6	0	1.1111111111111112	1.0	0.11557534958	1
224	Iter0225	14	1	2	0	10	0	2.5	1.0	0.21581492628146998	1
225	Iter0226	13	3	2	0	5	0	1.1666666666666667	1.0	0.102287302173	1
226	Iter0227	9	3	5	2	4	0	1.2	1.0	0.0398188253459	1
227	Iter0228	5	4	4	0	3	0	0.24	0.22797202797202865	0.051622408277	1
228	Iter0229	9	2	1	1	7	0	4.5	0.42307692307692496	0.16730530675148003	1
229	Iter0230	13	1	1	1	10	0	13.0	0.24166666666666656	0.17848977318100004	1
230	Iter0231	8	2	2	0	5	0	1.0	1.0	0.0530213628511	1
231	Iter0232	8	1	0	0	2	0	4.5	1.0	0.0248807228293	1
232	Iter0233	5	3	0	0	2	0	1.5	1.0	0.060540619649813	1
233	Iter0234	14	6	2	1	8	0	1.1666666666666667	1.0	0.16721869620029997	1
234	Iter0235	9	4	3	2	4	0	1.5	1.0	0.0392056194	1
235	Iter0236	14	1	1	1	8	1	14.0	0.2279411764705885	0.17925584609665002	1
236	Iter0237	5	4	1	0	2	0	0.6	1.0	0.059581447700000005	1
237	Iter0238	7	3	2	1	5	0	1.1666666666666667	1.0	0.0964791936205	1
238	Iter0239	9	2	2	2	7	0	4.5	0.5164835164835158	0.17830863023185203	1
239	Iter0240	3	2	3	0	3	0	0.3333333333333333	0.4642857142857138	0.04257232	1
240	Iter0241	6	1	1	0	3	0	1.75	1.0	0.06260027560999999	1
241	Iter0242	3	4	2	0	2	0	0.26666666666666666	0.4444444444444445	0.082384854	1
242	Iter0243	8	0	4	1	3	0	3.6	0.3846153846153845	0.0405118865	1
243	Iter0244	8	1	4	4	7	1	8.0	0.1312217194570132	0.19370489999999999	1
244	Iter0245	11	4	3	0	6	1	0.6	1.0	0.08351487946646999	1
245	Iter0246	9	5	2	0	6	0	0.5555555555555556	1.0	0.13243311464086	1
246	Iter0247	8	6	0	1	3	0	2.571428571428572	0.4666666666666649	0.08918731320805699	1
247	Iter0248	3	4	3	0	3	0	0.2	0.20000000000000007	0.0765809	1
248	Iter0249	11	4	1	0	8	0	1.2	1.0	0.12979995830000002	1
249	Iter0250	11	1	1	0	8	0	3.0	1.0	0.16501422883300002	1
250	Iter0251	7	1	1	0	4	0	2.0	1.0	0.04661861480968	1
251	Iter0252	6	1	2	0	4	0	1.1666666666666667	1.0	0.14688701568999998	1
252	Iter0253	6	1	4	1	2	0	1.5	1.0	0.0520164648184	1
253	Iter0254	5	2	4	1	2	1	0.625	1.0	0.0096858811	1
254	Iter0255	9	5	1	1	4	0	1.8	1.0	0.046971114673999996	1
255	Iter0256	8	5	3	1	7	0	0.5333333333333333	1.0	0.14353636401800002	1
256	Iter0257	8	2	0	2	6	0	9.0	0.09090909090909123	0.09137732949999999	1
257	Iter0258	9	0	2	0	5	0	3.333333333333333	1.0	0.13338479582516002	1
258	Iter0259	9	6	4	2	6	0	0.75	1.0	0.15086276066162	1
259	Iter0260	8	3	3	2	4	0	1.7777777777777777	1.0	0.12073346071899999	1
260	Iter0261	6	3	0	0	5	0	1.75	1.0	0.07419641176099999	1
261	Iter0262	10	6	1	0	7	1	0.7857142857142857	1.0	0.145375211852712	1
262	Iter0263	9	2	2	2	4	1	4.5	0.5164835164835158	0.08004278663282001	1
263	Iter0264	6	2	0	1	5	0	4.666666666666667	0.33333333333333354	0.08581639999962011	1
264	Iter0265	9	1	4	1	3	0	2.25	1.0	0.04325771497261181	1
265	Iter0266	7	4	3	0	3	1	0.4	0.5054945054945053	0.07805268845	1
266	Iter0267	7	4	0	1	4	0	3.2	0.4166666666666672	0.11437321914589	1
267	Iter0268	4	2	2	0	1	0	0.5555555555555556	1.0	0.012292220019999998	1
268	Iter0269	7	3	1	4	4	0	9.333333333333334	0.11888111888111895	0.1149504099478803	1
269	Iter0270	10	1	2	1	5	0	5.0	0.3956043956043935	0.09608676033839998	1
270	Iter0271	10	0	1	0	5	0	5.5	1.0	0.070713697949	1
271	Iter0272	5	2	3	0	2	1	0.5	1.0	0.041563534	1
272	Iter0273	7	0	2	0	5	0	2.6666666666666665	1.0	0.1122459831532	1
273	Iter0274	11	2	1	0	7	0	2.0	1.0	0.1557790771921	1
274	Iter0275	4	2	1	0	3	0	0.8333333333333334	1.0	0.0872714138	1
275	Iter0276	3	0	1	1	1	0	4.0	0.4000000000000002	0.026666692171000005	1
276	Iter0277	10	1	2	2	5	0	10.0	0.15384615384615288	0.062928047073	1
277	Iter0278	3	1	2	1	2	1	1.5	1.0	0.0162424677	1
278	Iter0279	13	2	2	2	6	0	6.5	0.1782765737874103	0.13187629306650003	1
279	Iter0280	8	1	2	0	4	0	1.5	1.0	0.06586256392999999	1
280	Iter0281	6	2	0	0	4	0	2.333333333333333	1.0	0.032573624	1
281	Iter0282	5	1	0	0	5	0	3.0	1.0	0.14676525	1
282	Iter0283	8	4	2	1	5	0	1.0	1.0	0.13238586782048922	1
283	Iter0284	13	3	0	0	10	0	3.5	1.0	0.29340689181970003	1
284	Iter0285	10	3	3	4	6	1	4.4444444444444455	0.17358101135190893	0.086171633	1
285	Iter0286	7	2	0	0	3	0	2.6666666666666665	1.0	0.07597868753999999	1
286	Iter0287	13	4	1	0	10	0	1.4	1.0	0.2950844115229	1
287	Iter0288	8	5	2	0	5	0	0.5	0.5238095238095224	0.1344581242	1
288	Iter0289	10	4	3	0	5	0	0.55	0.5411764705882353	0.10843733429602068	1
289	Iter0290	9	3	1	0	7	0	1.25	1.0	0.1648792359428647	1
290	Iter0291	6	2	7	0	3	1	0.2916666666666667	0.4666666666666644	0.070430271551	1
291	Iter0292	8	1	3	2	5	1	5.333333333333333	0.5054945054945037	0.10715218970999998	1
292	Iter0293	18	2	0	0	9	0	6.333333333333332	1.0	0.16815470275843003	1
293	Iter0294	11	1	1	1	9	0	11.0	0.27472527472527325	0.141824059	1
294	Iter0295	6	3	0	0	2	0	1.75	1.0	0.05144357615	1
295	Iter0296	12	0	2	1	8	0	8.666666666666666	0.20000000000000012	0.1934436278589	1
296	Iter0297	8	5	6	2	4	0	0.5333333333333333	0.6556587547299639	0.169398348266	1
297	Iter0298	8	1	2	1	2	0	4.0	0.4545454545454555	0.057652375019540916	1
298	Iter0299	9	6	1	1	7	1	1.5	1.0	0.19372553510700002	1
299	Iter0300	8	1	0	1	6	0	9.0	0.1999999999999998	0.10099712	1
300	Iter0301	5	1	2	1	2	0	2.5	1.0	0.04029089644	1
301	Iter0302	8	4	1	0	5	0	0.9	1.0	0.09651265040000001	1
302	Iter0303	10	2	4	0	7	0	0.7333333333333333	1.0	0.110058776	1
303	Iter0304	17	4	0	0	9	0	3.6	1.0	0.1450732592033	1
304	Iter0305	8	4	0	1	3	0	3.6	0.3846153846153838	0.03449587155000001	1
305	Iter0306	6	3	2	0	3	0	0.5833333333333334	1.0	0.061116630889101034	1
306	Iter0307	6	1	3	1	4	0	2.0	1.0	0.07849302798	1
307	Iter0308	7	2	3	4	5	0	4.666666666666667	0.30244755244755106	0.06182708320704	1
308	Iter0309	8	5	2	1	4	0	0.8	1.0	0.1477022650472443	1
309	Iter0310	9	5	2	0	7	1	0.5555555555555556	1.0	0.17456713661151002	1
310	Iter0311	12	4	3	0	8	1	0.65	1.0	0.1565642365907	1
311	Iter0312	11	3	2	0	4	1	1.0	1.0	0.13032633863319998	1
312	Iter0313	11	4	2	2	9	0	2.75	0.5572755417956642	0.230386918	1
313	Iter0314	6	2	1	1	3	0	3.0	1.0	0.04985903088699993	1
314	Iter0315	6	0	5	0	1	0	1.1666666666666667	1.0	0.047085061515899994	1
315	Iter0316	5	4	4	2	3	0	0.625	1.0	0.11731261831999998	1
316	Iter0317	12	6	4	1	5	0	0.5	1.0	0.0585917242	1
317	Iter0318	12	1	5	5	8	0	12.0	0.05153199203542433	0.18208949684589998	1
318	Iter0319	4	2	2	0	3	0	0.5555555555555556	1.0	0.0291786237	1
319	Iter0320	6	4	0	0	3	0	1.4	1.0	0.09241663720400002	1
320	Iter0321	10	2	2	0	7	0	1.2222222222222219	1.0	0.14112620317033003	1
321	Iter0322	4	0	4	4	2	1	5.0	0.20808080808080853	0.005269683041	1
322	Iter0323	7	7	1	1	5	0	1.0	1.0	0.09713635773	1
323	Iter0324	12	4	1	1	5	1	3.0	0.4901960784313731	0.08189162245999997	1
324	Iter0325	11	4	1	2	5	0	5.5	0.24509803921568574	0.0937393843503	1
325	Iter0326	4	5	2	0	3	0	0.2777777777777778	0.4545454545454538	0.0420326689	1
326	Iter0327	6	3	3	0	4	2	0.4375	0.5090909090909093	0.06657560224	1
327	Iter0328	10	3	2	0	7	0	0.9166666666666666	1.0	0.15917405421499997	1
328	Iter0329	12	1	0	0	8	0	6.5	1.0	0.148897451221	1
329	Iter0330	8	2	1	0	4	0	1.5	1.0	0.11817892595200001	1
330	Iter0331	16	4	1	0	6	0	1.7	1.0	0.0887104984511546	1
331	Iter0332	7	1	1	0	3	0	2.0	1.0	0.09472624859519999	1
332	Iter0333	4	1	5	4	0	0	3.2	0.5804195804195778	-5.3265132700000015e-05	0
333	Iter0334	5	4	2	0	5	0	0.4	0.4909090909090901	0.07169514	1
334	Iter0335	8	4	2	1	4	0	1.0	1.0	0.0416657471241	1
335	Iter0336	5	1	3	1	2	0	1.6666666666666667	1.0	0.05913268196839999	1
336	Iter0337	8	4	2	0	5	0	0.6	1.0	0.11300236992628258	1
337	Iter0338	3	3	2	2	1	0	1.0	1.0	0.024378006350000002	1
338	Iter0339	12	2	1	1	9	0	6.0	0.3500000000000006	0.195593375793	1
339	Iter0340	5	2	1	2	2	0	5.0	0.5000000000000001	0.03849913379799788	1
340	Iter0341	13	1	0	1	8	0	14.0	0.13333333333333305	0.11257986028641997	1
341	Iter0342	8	3	2	0	3	1	0.75	1.0	0.028978376259999997	1
342	Iter0343	9	4	0	3	6	0	8.0	0.062499999999999875	0.0917016076	1
343	Iter0344	9	7	1	1	6	0	1.2857142857142858	1.0	0.155023219466342	1
344	Iter0345	10	5	2	1	7	1	1.0	1.0	0.1276885562	1
345	Iter0346	6	6	0	1	4	0	2.0	1.0	0.08489416933999999	1
346	Iter0347	11	2	3	1	8	0	1.8333333333333333	1.0	0.19471149244000002	1
347	Iter0348	7	3	2	0	5	0	0.6666666666666666	1.0	0.1309716423398	1
348	Iter0349	5	2	0	2	3	0	6.0	0.1666666666666669	0.07880982623686002	1
349	Iter0350	10	4	0	1	8	0	4.4	0.3333333333333323	0.15654971040000001	1
350	Iter0351	7	3	3	2	3	0	1.5555555555555556	1.0	0.0364598568592	1
351	Iter0352	7	3	1	1	2	0	2.333333333333333	1.0	0.04268892284815999	1
352	Iter0353	10	5	3	2	6	0	1.3333333333333333	1.0	0.16610338177	1
353	Iter0354	3	3	5	1	1	0	0.2	0.5454545454545476	0.022044419495210004	1
354	Iter0355	9	3	0	1	9	0	5.0	0.3076923076923073	0.17095435	1
355	Iter0356	5	3	0	1	3	0	3.0	0.4444444444444454	0.05689996175	1
356	Iter0357	4	6	0	0	4	0	0.7142857142857143	1.0	0.06747338	1
357	Iter0358	15	3	1	0	8	0	2.0	1.0	0.16880610446797045	1
358	Iter0359	11	3	0	0	8	0	3.0	1.0	0.18479248299999998	1
359	Iter0360	10	2	0	1	5	0	7.333333333333332	0.23076923076923075	0.067343293420305	1
360	Iter0361	10	4	3	0	6	2	0.55	0.5411764705882353	0.13977570067000003	1
361	Iter0362	9	2	1	0	6	0	1.6666666666666667	1.0	0.05718471701	1
362	Iter0363	12	2	2	1	6	0	3.0	0.4647058823529435	0.14996249531190003	1
363	Iter0364	10	3	1	0	6	1	1.375	1.0	0.13584984797740002	1
364	Iter0365	4	3	2	2	3	1	1.3333333333333333	1.0	0.06575304875	1
365	Iter0366	6	2	2	0	3	0	0.7777777777777778	1.0	0.041654662982813	1
366	Iter0367	12	3	0	0	9	0	3.25	1.0	0.19858250197367003	1
367	Iter0368	7	4	1	2	7	0	3.5	0.5384615384615372	0.09035365000000001	1
368	Iter0369	9	3	3	1	5	0	1.0	1.0	0.16284982280000002	1
369	Iter0370	7	1	0	0	1	0	4.0	1.0	0.024631981009999998	1
370	Iter0371	6	3	2	0	2	0	0.5833333333333334	1.0	0.0386062721937	1
371	Iter0372	13	1	3	0	7	0	1.75	1.0	0.22695320205299999	1
372	Iter0373	5	4	0	1	3	0	2.4	1.0	0.08466736350000001	1
373	Iter0374	9	4	0	2	4	0	6.0	0.14285714285714254	0.1689758961315	1
374	Iter0375	2	5	1	1	1	0	0.4	1.0	0.03719404885	1
375	Iter0376	8	3	2	1	2	0	1.3333333333333333	1.0	0.048850507082238204	1
376	Iter0377	10	2	3	1	5	0	1.6666666666666667	1.0	0.07386778278	1
377	Iter0378	6	2	7	1	3	2	0.42857142857142855	1.0	0.05949656097889999	1
378	Iter0379	8	2	1	0	6	0	1.5	1.0	0.13093627688	1
379	Iter0380	9	1	4	0	6	0	1.0	1.0	0.09967441284000002	1
380	Iter0381	10	2	1	0	8	0	1.8333333333333333	1.0	0.107995559	1
381	Iter0382	10	0	1	0	7	0	5.5	1.0	0.1354301754	1
382	Iter0383	11	3	1	0	8	0	1.5	1.0	0.09213870792931922	1
383	Iter0384	8	3	3	2	3	0	1.7777777777777777	1.0	0.02000048629	1
384	Iter0385	10	3	3	1	6	0	1.1111111111111112	1.0	0.219068480156501	1
385	Iter0386	3	0	1	1	3	0	4.0	0.4000000000000002	0.054534200000000005	1
386	Iter0387	5	2	1	1	3	0	2.5	1.0	0.06279481640000001	1
387	Iter0388	6	2	2	1	5	0	1.5	1.0	0.14135870832900002	1
388	Iter0389	7	1	2	0	6	0	1.3333333333333333	1.0	0.1019738024	1
389	Iter0390	7	1	7	1	3	3	1.0	1.0	0.05131350743000001	1
390	Iter0391	7	2	2	0	6	0	0.8888888888888888	1.0	0.11543475450000001	1
391	Iter0392	4	2	4	0	4	0	0.33333333333333337	0.4666666666666668	0.059736300000000006	1
392	Iter0393	14	6	3	2	11	0	1.5555555555555556	1.0	0.18165203237	1
393	Iter0394	4	1	1	0	3	0	1.25	1.0	0.0838857944	1
394	Iter0395	12	6	4	0	6	2	0.37142857142857133	0.5406698564593277	0.13477945805500002	1
395	Iter0396	10	3	2	0	6	0	0.9166666666666666	1.0	0.171149233	1
396	Iter0397	6	3	3	0	3	0	0.4375	0.5090909090909093	0.07000163537999222	1
397	Iter0398	5	1	0	0	3	0	3.0	1.0	0.061610242800000006	1
398	Iter0399	7	1	1	0	3	0	2.0	1.0	0.07056363654	1
399	Iter0400	6	4	2	1	5	1	0.75	1.0	0.10976770899999999	1
400	Iter0401	9	1	2	2	4	0	9.0	0.17582417582417564	0.05775473226240001	1
401	Iter0402	9	3	3	1	6	0	1.0	1.0	0.10156148980569998	1
402	Iter0403	6	2	1	3	4	0	9.0	0.2222222222222227	0.046510476999999995	1
403	Iter0404	9	4	1	2	5	0	4.5	0.5178571428571404	0.10597629690000002	1
404	Iter0405	8	2	4	0	4	0	0.6	1.0	0.065481582718	1
405	Iter0406	7	3	5	0	4	1	0.3333333333333333	0.5054945054945037	0.071997850778	1
406	Iter0407	9	2	4	1	7	0	1.125	1.0	0.094635509	1
407	Iter0408	4	1	3	0	3	0	0.625	1.0	0.05994752095999999	1
408	Iter0409	12	2	1	1	5	0	6.0	0.3500000000000006	0.11521629700000001	1
409	Iter0410	10	3	0	0	9	0	2.75	1.0	0.25251289	1
410	Iter0411	11	3	2	2	5	0	3.6666666666666665	0.5326797385620922	0.0984067011991596	1
411	Iter0412	8	1	3	3	5	0	8.0	0.2351648351648347	0.095967616506	1
412	Iter0413	8	4	1	2	6	0	4.0	0.5252747252747227	0.139468485	1
413	Iter0414	1	2	1	1	1	0	0.5	1.0	0.0140757	1
414	Iter0415	8	3	1	1	7	0	2.6666666666666665	1.0	0.13787622500000002	1
415	Iter0416	11	3	6	2	8	0	1.2222222222222219	1.0	0.14092825289000002	1
416	Iter0417	6	4	3	1	2	1	0.5	1.0	0.018144743835899996	1
417	Iter0418	5	3	0	1	3	0	3.0	0.4444444444444454	0.0522370359866598	1
418	Iter0419	8	4	1	0	4	0	0.9	1.0	0.069745251987	1
419	Iter0420	11	4	1	1	7	0	2.75	0.5147058823529409	0.12108867082394592	1
420	Iter0421	8	2	3	3	7	1	4.0	0.29945054945054866	0.142665948	1
421	Iter0422	7	4	2	1	4	0	0.875	1.0	0.02823417572481	1
422	Iter0423	4	1	4	1	2	0	1.0	1.0	0.039059932629999995	1
423	Iter0424	8	0	1	1	4	0	9.0	0.1999999999999998	0.0742315598	1
424	Iter0425	9	2	0	1	6	0	6.666666666666668	0.25000000000000083	0.09144971999705331	1
425	Iter0426	7	2	1	2	5	0	7.0	0.2363636363636364	0.08928667178263	1
426	Iter0427	6	2	1	2	6	0	6.0	0.4909090909090907	0.10722563	1
427	Iter0428	8	2	1	0	3	0	1.5	1.0	0.06418962179957	1
428	Iter0429	9	1	1	0	7	0	2.5	1.0	0.1160143937	1
429	Iter0430	4	3	2	2	3	0	1.3333333333333333	1.0	0.030578143244019994	1
430	Iter0431	7	3	1	1	2	0	2.333333333333333	1.0	0.0332521853499	1
431	Iter0432	8	2	3	0	5	0	0.75	1.0	0.149608107536	1
432	Iter0433	8	7	1	0	5	0	0.5625	1.0	0.0961485977278	1
433	Iter0434	9	0	0	1	5	0	20.0	0.0999999999999999	0.06279713651	1
434	Iter0435	7	6	4	0	3	0	0.22857142857142854	0.23739495798319205	0.04911754143974	1
435	Iter0436	9	2	1	0	5	0	1.6666666666666667	1.0	0.0870672475749852	1
436	Iter0437	13	1	2	0	8	0	2.333333333333333	1.0	0.14737039084524445	1
437	Iter0438	14	6	2	1	9	0	1.1666666666666667	1.0	0.1011942514498	1
438	Iter0439	9	4	2	0	4	0	0.6666666666666666	1.0	0.0522940682108016	1
439	Iter0440	3	3	1	0	1	0	0.5	1.0	0.00175233908457	1
440	Iter0441	8	2	2	0	6	0	1.0	1.0	0.16381669011000002	1
441	Iter0442	7	4	3	2	6	0	1.1666666666666667	1.0	0.10629601087	1
442	Iter0443	11	6	2	0	7	0	0.5714285714285714	1.0	0.1000663953408	1
443	Iter0444	5	1	3	2	3	1	3.333333333333333	0.5454545454545453	0.07169679597192768	1
444	Iter0445	13	2	2	2	6	0	6.5	0.1782765737874103	0.15057408489	1
445	Iter0446	5	0	7	1	1	2	1.5	1.0	0.013342729	1
446	Iter0447	14	7	3	0	7	0	0.46875	0.529644268774705	0.093796373202	1
447	Iter0448	8	3	1	0	4	0	1.125	1.0	0.08098089390600001	1
448	Iter0449	8	1	1	2	6	0	16.0	0.12727272727272734	0.13558494799999998	1
449	Iter0450	8	3	0	0	4	0	2.25	1.0	0.07893010947159998	1
450	Iter0451	12	2	1	1	7	0	6.0	0.3500000000000006	0.09412271450000001	1
451	Iter0452	6	5	5	2	2	0	0.48	0.6370663650075437	0.045471613295999996	1
452	Iter0453	5	2	0	2	3	0	6.0	0.1666666666666669	0.0717300061	1
453	Iter0454	8	1	1	0	4	0	2.25	1.0	0.063238210434193	1
454	Iter0455	9	3	0	1	7	0	5.0	0.3076923076923073	0.13139974987630001	1
455	Iter0456	5	1	7	0	4	1	0.375	0.4615384615384615	0.0572701803	1
456	Iter0457	6	2	0	1	4	0	4.666666666666667	0.33333333333333354	0.08845058900000001	1
457	Iter0458	5	2	4	1	2	1	0.625	1.0	0.06867057685458001	1
458	Iter0459	11	1	4	2	4	0	5.5	0.24509803921568654	0.11471351425815	1
459	Iter0460	7	2	0	1	4	0	5.333333333333333	0.2999999999999995	0.089594794825	1
460	Iter0461	5	1	0	2	3	0	9.0	0.10714285714285714	0.03705089184	1
461	Iter0462	7	6	1	0	4	0	0.5714285714285714	1.0	0.12715323804303	1
462	Iter0463	7	2	0	0	6	0	2.6666666666666665	1.0	0.17642562	1
463	Iter0464	9	5	1	0	6	0	0.8333333333333334	1.0	0.06821353322410001	1
464	Iter0465	11	0	5	1	7	1	4.0	0.3529411764705884	0.11061351373075537	1
465	Iter0466	5	3	1	1	2	0	1.6666666666666667	1.0	0.018869279376474996	1
466	Iter0467	11	1	3	1	8	0	3.6666666666666665	0.4499999999999981	0.19815070563899997	1
467	Iter0468	8	3	0	0	6	0	2.25	1.0	0.09042241966900999	1
468	Iter0469	3	2	2	1	2	0	0.75	1.0	0.037864941	1
469	Iter0470	10	1	0	0	5	0	5.5	1.0	0.059759857439999994	1
470	Iter0471	11	0	2	1	4	0	8.0	0.21428571428571366	0.09119044417200001	1
471	Iter0472	10	2	3	1	6	1	1.6666666666666667	1.0	0.12218984420281999	1
472	Iter0473	9	5	2	0	8	1	0.5555555555555556	1.0	0.18952359400000002	1
473	Iter0474	5	4	0	2	1	0	3.6	0.45454545454545403	0.00928190997	1
474	Iter0475	8	3	3	3	2	1	2.6666666666666665	0.6000323206205558	0.042227761180409995	1
475	Iter0476	8	4	1	0	6	0	0.9	1.0	0.0852854008	1
476	Iter0477	11	3	1	0	9	0	1.5	1.0	0.19812296480000005	1
477	Iter0478	10	2	1	3	6	0	15.0	0.06318681318681309	0.12663448443000003	1
478	Iter0479	7	2	5	2	3	0	1.4	1.0	0.04430292892919001	1
479	Iter0480	6	2	1	0	4	0	1.1666666666666667	1.0	0.050700949984933893	1
480	Iter0481	9	9	0	0	3	0	1.0	1.0	0.07895857145744001	1
481	Iter0482	7	1	2	0	6	0	1.3333333333333333	1.0	0.09407963999999999	1
482	Iter0483	4	3	2	0	3	0	0.4166666666666667	0.4999999999999999	0.0598774154	1
483	Iter0484	5	3	0	1	1	0	3.0	0.4444444444444454	0.05876773445809403	1
484	Iter0485	10	4	1	1	7	0	2.5	1.0	0.14791087784999998	1
485	Iter0486	6	1	1	2	2	0	12.0	0.18333333333333315	0.042960309999999995	1
486	Iter0487	11	4	4	0	6	1	0.48	0.5304437564499502	0.10618542956011	1
487	Iter0488	11	0	0	0	6	0	12.0	1.0	0.081818683289	1
488	Iter0489	8	5	1	1	6	0	1.6	1.0	0.13566362085	1
489	Iter0490	11	3	0	0	8	0	3.0	1.0	0.1522365794748272	1
490	Iter0491	17	2	1	0	8	0	3.0	1.0	0.17251355654478898	1
491	Iter0492	5	1	2	1	3	0	2.5	1.0	0.05340173298977189	1
492	Iter0493	8	2	2	1	4	1	2.0	1.0	0.07617484477099999	1
493	Iter0494	12	3	1	1	10	0	4.0	0.426470588235295	0.2535864751	1
494	Iter0495	6	2	1	0	5	0	1.1666666666666667	1.0	0.1186296135588	1
495	Iter0496	7	3	2	2	3	0	2.333333333333333	0.5804195804195791	0.09853960320973999	1
496	Iter0497	10	3	3	0	5	1	0.6875	1.0	0.0855015351	1
497	Iter0498	9	5	4	1	5	1	0.45	1.0	0.09502281043410203	1
498	Iter0499	7	3	1	1	3	0	2.333333333333333	1.0	0.050210673402	1
499	Iter0500	7	5	3	0	2	0	0.3333333333333333	0.5054945054945036	0.024739689612	1
500	Iter0501	8	2	0	1	5	0	6.0	0.2727272727272725	0.12816309409999999	1
501	Iter0502	4	3	2	0	4	0	0.4166666666666667	0.4999999999999999	0.09532102	1
502	Iter0503	8	0	5	1	5	0	3.0	0.4285714285714267	0.073989698498	1
503	Iter0504	7	2	3	0	3	1	0.6666666666666666	1.0	0.0639986635911113	1
504	Iter0505	7	7	2	1	3	0	0.5	1.0	0.09473693891254101	1
505	Iter0506	10	4	1	1	5	0	2.5	1.0	0.054132933220000005	1
506	Iter0507	11	8	1	1	5	0	1.375	1.0	0.17021898571099997	1
507	Iter0508	10	1	2	0	7	0	1.8333333333333333	1.0	0.1093968513658842	1
508	Iter0509	9	4	5	2	6	0	0.9	1.0	0.14067708712100002	1
509	Iter0510	6	6	1	0	3	0	0.5	1.0	0.071371612555	1
510	Iter0511	7	2	1	1	4	0	3.5	0.4909090909090902	0.11955598241000001	1
511	Iter0512	9	2	0	0	5	0	3.333333333333333	1.0	0.09135269103	1
512	Iter0513	8	2	2	3	2	0	6.0	0.25074925074925003	0.0503532182334	1
513	Iter0514	8	2	3	3	7	0	4.0	0.29945054945054866	0.1826038858	1
514	Iter0515	7	3	1	3	6	0	7.000000000000001	0.2447552447552444	0.1109671852488	1
515	Iter0516	4	3	5	4	4	0	1.0666666666666669	1.0	0.06860014	1
516	Iter0517	4	0	1	0	3	0	2.5	1.0	0.12633134869999998	1
517	Iter0518	6	5	3	3	3	0	1.2	1.0	0.048199467965000006	1
518	Iter0519	10	1	5	1	5	2	2.0	1.0	0.16404647498274	1
519	Iter0520	16	0	3	0	10	0	4.25	1.0	0.15562600250464478	1
520	Iter0521	10	2	1	0	6	0	1.8333333333333333	1.0	0.12136875726700001	1
521	Iter0522	16	5	2	2	11	0	3.2	0.5484584980237129	0.302053359064	1
522	Iter0523	8	1	0	3	6	0	18.0	0.0181818181818182	0.050338631128389995	1
523	Iter0524	13	2	0	0	6	0	4.666666666666667	1.0	0.10304768664000001	1
524	Iter0525	3	0	0	0	2	0	4.0	1.0	0.04945329738144	1
525	Iter0526	9	1	2	2	6	0	9.0	0.17582417582417564	0.0966667454	1
526	Iter0527	10	0	1	0	6	1	5.5	1.0	0.15189737416000001	1
527	Iter0528	9	2	6	0	4	0	0.4761904761904762	0.5147058823529425	0.055466234439999984	1
528	Iter0529	8	1	2	2	4	0	8.0	0.2027972027972029	0.08176121709999999	1
529	Iter0530	9	3	0	1	4	0	5.0	0.3076923076923073	0.09270061282215	1
530	Iter0531	10	2	2	0	8	0	1.2222222222222219	1.0	0.22608433866000002	1
531	Iter0532	10	3	5	1	6	0	0.6666666666666667	1.0	0.07591206202179801	1
532	Iter0533	8	1	0	1	3	0	9.0	0.1999999999999998	0.0856375085	1
533	Iter0534	13	1	5	0	10	2	1.1666666666666667	1.0	0.20371623169999997	1
534	Iter0535	9	4	2	0	4	0	0.6666666666666666	1.0	0.081024034649	1
535	Iter0536	9	4	1	1	4	0	2.25	1.0	0.11255980172205769	1
536	Iter0537	8	2	1	0	5	0	1.5	1.0	0.058298576639999995	1
537	Iter0538	9	0	4	2	4	2	6.0	0.14285714285714207	0.07776964725098	1
538	Iter0539	4	1	9	4	3	0	1.7777777777777777	1.0	0.051657515	1
539	Iter0540	10	0	2	0	6	0	3.6666666666666665	1.0	0.13573619999367192	1
540	Iter0541	13	1	1	2	9	0	26.0	0.06323529411764711	0.22852640745	1
541	Iter0542	6	4	6	1	3	1	0.25	0.3382352941176455	0.048283220220000006	1
542	Iter0543	4	4	7	1	4	1	0.14285714285714285	0.28205128205128155	0.1129261	1
543	Iter0544	5	3	1	0	2	0	0.75	1.0	0.040854569320142	1
544	Iter0545	5	4	3	1	2	1	0.4166666666666667	1.0	0.0632447457712	1
545	Iter0546	10	4	1	2	8	1	5.0	0.5147058823529405	0.217455347	1
546	Iter0547	12	5	0	1	6	0	4.333333333333333	0.3333333333333353	0.06325276262480001	1
547	Iter0548	4	4	4	2	3	0	0.5	0.6270396270396279	0.079300365	1
548	Iter0549	8	6	3	4	4	0	1.7777777777777777	0.6594427244582046	0.08711581524040002	1
549	Iter0550	8	3	2	0	7	0	0.75	1.0	0.13099711908	1
550	Iter0551	6	1	2	2	4	1	6.0	0.4909090909090907	0.060501718906600006	1
551	Iter0552	11	1	1	1	9	0	11.0	0.27472527472527325	0.17497864286499995	1
552	Iter0553	9	3	1	1	6	0	3.0	0.5054945054945044	0.11789121438696999	1
553	Iter0554	10	4	3	1	4	0	0.8333333333333334	1.0	0.07123289016964	1
554	Iter0555	10	1	2	2	8	0	10.0	0.15384615384615288	0.17168197410000002	1
555	Iter0556	12	0	0	1	9	0	26.0	0.07692307692307697	0.093997829399	1
556	Iter0557	6	6	4	1	3	0	0.25	0.3382352941176461	0.085849776113	1
557	Iter0558	10	1	3	2	7	0	6.666666666666668	0.2142857142857131	0.11219219797353559	1
558	Iter0559	11	4	1	1	6	0	2.75	0.5147058823529409	0.136542517373	1
559	Iter0560	6	3	0	2	4	0	5.25	0.1818181818181815	0.09415547869	1
560	Iter0561	8	4	2	0	3	0	0.6	1.0	0.04262800403	1
561	Iter0562	9	2	4	0	7	0	0.6666666666666667	1.0	0.19012552299682675	1
562	Iter0563	3	2	1	0	3	0	0.6666666666666666	1.0	0.03719894	1
563	Iter0564	5	1	1	0	2	0	1.5	1.0	0.0490538455	1
564	Iter0565	4	6	0	0	3	0	0.7142857142857143	1.0	0.077391328	1
565	Iter0566	8	4	2	0	4	0	0.6	1.0	0.07815998271	1
566	Iter0567	15	5	1	3	11	0	9.0	0.09090909090909101	0.23514704784390006	1
567	Iter0568	6	1	3	3	5	2	6.0	0.26573426573426634	0.11738728639999998	1
568	Iter0569	3	2	0	1	1	0	2.6666666666666665	1.0	0.018350466100000004	1
569	Iter0570	8	5	1	1	6	0	1.6	1.0	0.14098103488100003	1
570	Iter0571	15	2	1	1	9	0	7.5	0.298245614035087	0.260206205640378	1
571	Iter0572	4	3	1	0	4	0	0.625	1.0	0.09128223	1
572	Iter0573	12	2	2	0	6	1	1.4444444444444444	1.0	0.10473038935884102	1
573	Iter0574	8	1	2	0	5	1	1.5	1.0	0.06320827247797	1
574	Iter0575	5	1	1	2	3	0	10.0	0.2261904761904764	0.04438200750463	1
575	Iter0576	5	2	0	0	4	0	2.0	1.0	0.058014071	1
576	Iter0577	13	2	1	0	9	0	2.333333333333333	1.0	0.207872634753	1
577	Iter0578	3	6	2	1	2	0	0.25	0.5227272727272734	0.047201911343999994	1
578	Iter0579	8	4	1	1	6	0	2.0	1.0	0.1534733517304	1
579	Iter0580	7	3	3	3	6	0	2.333333333333333	0.6066433566433559	0.15250734742000002	1
580	Iter0581	10	2	4	0	7	2	0.7333333333333333	1.0	0.1663428220904	1
581	Iter0582	7	8	0	1	6	0	1.7777777777777777	1.0	0.09690239780000001	1
582	Iter0583	5	0	5	1	5	0	2.0	1.0	0.17040829999999996	1
583	Iter0584	11	4	2	4	7	0	5.5	0.14617425917735505	0.12340177	1
584	Iter0585	6	4	1	1	5	0	1.5	1.0	0.08800817619000001	1
585	Iter0586	12	1	1	0	5	0	3.25	1.0	0.08959871518600002	1
586	Iter0587	2	1	2	1	0	0	1.0	1.0	-6.1753659719e-06	0
587	Iter0588	8	3	2	0	5	0	0.75	1.0	0.061446371500000006	1
588	Iter0589	11	6	5	0	5	0	0.2857142857142857	0.2663476874003189	0.0943493691993	1
589	Iter0590	8	4	1	1	3	0	2.0	1.0	0.041766905489	1
590	Iter0591	8	3	2	2	4	0	2.6666666666666665	0.5604395604395587	0.0475624297	1
591	Iter0592	6	4	1	1	2	1	1.5	1.0	0.03840199815	1
592	Iter0593	7	4	1	1	5	0	1.75	1.0	0.131746793713	1
593	Iter0594	4	5	1	0	3	0	0.4166666666666667	1.0	0.075406920321	1
594	Iter0595	9	4	2	0	9	0	0.6666666666666666	1.0	0.084926677	1
595	Iter0596	7	2	0	2	4	0	8.0	0.10909090909090892	0.11514550066910002	1
596	Iter0597	5	4	0	0	4	0	1.2	1.0	0.0590961399924868	1
597	Iter0598	4	8	0	2	1	0	1.6666666666666667	1.0	0.029622299990364	1
598	Iter0599	14	3	3	1	8	0	1.5555555555555556	1.0	0.20323001499999999	1
599	Iter0600	8	2	2	1	5	0	2.0	1.0	0.11696765079999999	1
600	Iter0601	4	3	2	0	3	1	0.4166666666666667	0.4999999999999999	0.06869649500000001	1
601	Iter0602	9	1	1	0	5	0	2.5	1.0	0.142269384613	1
602	Iter0603	13	3	0	3	10	0	14.0	0.02063983488132097	0.174268684464	1
603	Iter0604	10	2	2	1	6	2	2.5	0.5164835164835135	0.11080687512500001	1
604	Iter0605	11	2	0	0	7	0	4.0	1.0	0.16048306653299999	1
605	Iter0606	9	0	1	7	5	0	40.0	0.0004113533525298221	0.13533772188999998	1
606	Iter0607	7	4	1	1	6	0	1.75	1.0	0.17273147430000002	1
607	Iter0608	9	1	0	1	7	0	10.0	0.18181818181818185	0.17874267959999998	1
608	Iter0609	4	2	3	2	4	0	1.3333333333333333	1.0	0.10005432	1
609	Iter0610	9	4	0	0	4	0	2.0	1.0	0.10609039306399999	1
610	Iter0611	9	1	2	1	6	0	4.5	0.42307692307692296	0.0885085489358	1
611	Iter0612	6	1	3	1	3	0	2.0	1.0	0.06635378465	1
612	Iter0613	5	2	3	0	4	0	0.5	1.0	0.0700585004	1
613	Iter0614	7	2	1	0	6	0	1.3333333333333333	1.0	0.13432282	1
614	Iter0615	15	1	1	1	11	0	15.0	0.2156862745098056	0.19216633603900002	1
615	Iter0616	6	6	2	4	4	0	2.0	0.6380090497737565	0.09117359410968001	1
616	Iter0617	6	7	1	1	1	0	0.8571428571428571	1.0	0.008605643082700001	1
617	Iter0618	9	4	4	3	6	0	1.6875	0.6513544891640859	0.09863056715997601	1
618	Iter0619	7	3	0	2	5	0	6.0	0.15151515151515202	0.0706499419448	1
619	Iter0620	14	1	1	2	8	0	28.0	0.056372549019607886	0.13498353312	1
620	Iter0621	14	4	2	1	6	0	1.75	1.0	0.11645702782799999	1
621	Iter0622	10	3	2	0	7	0	0.9166666666666666	1.0	0.14102920000000002	1
622	Iter0623	7	2	1	2	5	0	7.0	0.2363636363636364	0.069585828	1
623	Iter0624	6	2	2	1	4	0	1.5	1.0	0.088947212723	1
624	Iter0625	9	1	1	0	6	0	2.5	1.0	0.07553573899999999	1
625	Iter0626	6	1	0	1	5	0	7.0	0.24999999999999994	0.08940115853358001	1
626	Iter0627	7	7	1	1	5	0	1.0	1.0	0.11217774800000001	1
627	Iter0628	6	2	1	1	5	0	3.0	1.0	0.08699550637	1
628	Iter0629	17	5	2	0	10	0	1.0	1.0	0.248650028984	1
629	Iter0630	3	4	0	2	2	0	2.4000000000000004	0.5000000000000001	0.04705178199	1
630	Iter0631	5	4	2	1	3	0	0.625	1.0	0.060980877018	1
631	Iter0632	6	4	1	0	3	0	0.7	1.0	0.027146433900000006	1
632	Iter0633	7	3	1	1	4	0	2.333333333333333	1.0	0.09283280154	1
633	Iter0634	10	3	0	1	1	0	5.5	0.2857142857142852	0.00547961873327	1
634	Iter0635	10	1	1	1	6	0	10.0	0.2948717948717952	0.09027202999999998	1
635	Iter0636	11	4	0	1	9	0	4.8	0.3124999999999997	0.1923641135316	1
636	Iter0637	8	0	2	4	4	0	15.0	0.014985014985014969	0.1171167206	1
637	Iter0638	8	2	1	1	5	0	4.0	0.4545454545454548	0.13916059029	1
638	Iter0639	2	2	4	0	2	0	0.2	0.4285714285714282	0.03136418	1
639	Iter0640	13	5	1	3	7	0	7.800000000000002	0.11674641148325343	0.18578568621400002	1
640	Iter0641	9	2	5	4	5	0	3.6	0.3359133126934991	0.12643320150700002	1
641	Iter0642	17	2	3	0	11	1	1.5	1.0	0.1833963697039	1
642	Iter0643	6	4	0	2	5	0	4.2	0.4545454545454557	0.04462058941000001	1
643	Iter0644	10	2	1	1	7	0	5.0	0.3956043956043948	0.12748683289939	1
644	Iter0645	16	4	0	2	11	0	10.2	0.06493506493506464	0.16433429600204003	1
645	Iter0646	7	4	4	2	4	0	0.875	1.0	0.053827454350699994	1
646	Iter0647	12	4	3	0	7	1	0.65	1.0	0.1216976178	1
647	Iter0648	12	3	3	2	8	0	2.6666666666666665	0.5597910216718299	0.16964838753400002	1
648	Iter0649	17	3	1	1	5	1	5.666666666666668	0.33766233766233744	0.07866059054300002	1
649	Iter0650	5	1	4	2	2	1	2.5	1.0	0.032099192742	1
650	Iter0651	9	4	2	0	8	0	0.6666666666666666	1.0	0.17195821190000002	1
651	Iter0652	6	6	2	1	4	1	0.5	1.0	0.08524419	1
652	Iter0653	5	4	0	0	2	0	1.2	1.0	0.02164826219	1
653	Iter0654	8	1	0	1	4	0	9.0	0.1999999999999998	0.12387058124786601	1
654	Iter0655	6	2	1	0	3	0	1.1666666666666667	1.0	0.05713338174799998	1
655	Iter0656	9	2	0	0	4	0	3.333333333333333	1.0	0.046209334574453996	1
656	Iter0657	7	3	2	0	3	0	0.6666666666666666	1.0	0.041290594262062004	1
657	Iter0658	6	5	1	0	4	0	0.5833333333333334	1.0	0.11210520042699999	1
658	Iter0659	12	4	3	0	7	1	0.65	1.0	0.187977094674	1
659	Iter0660	6	0	1	0	4	0	3.5	1.0	0.06471696834000001	1
660	Iter0661	4	3	2	2	1	0	1.3333333333333333	1.0	0.01877800299998817	1
661	Iter0662	6	2	3	1	4	0	1.0	1.0	0.07258456818	1
662	Iter0663	5	5	1	3	4	0	3.0	0.5804195804195801	0.0404128626	1
663	Iter0664	12	1	0	0	7	0	6.5	1.0	0.13785054390169998	1
664	Iter0665	5	3	2	2	4	0	1.6666666666666667	1.0	0.07511588964635	1
665	Iter0666	10	2	1	0	8	0	1.8333333333333333	1.0	0.23279886574922287	1
666	Iter0667	10	3	2	1	7	1	1.6666666666666667	1.0	0.1570824047	1
667	Iter0668	7	3	0	0	4	0	2.0	1.0	0.051405236892603	1
668	Iter0669	9	2	1	0	8	0	1.6666666666666667	1.0	0.12964097300000002	1
669	Iter0670	7	5	1	0	5	0	0.6666666666666666	1.0	0.122934865571	1
670	Iter0671	13	3	1	3	10	0	13.0	0.06088751289989735	0.288269612159	1
671	Iter0672	9	2	3	1	5	1	1.5	1.0	0.09095466897121	1
672	Iter0673	6	4	2	0	1	0	0.4666666666666666	0.5151515151515165	0.025653746010000002	1
673	Iter0674	8	7	3	1	4	0	0.3809523809523809	0.602683178534573	0.091215950175	1
674	Iter0675	8	4	1	1	5	0	2.0	1.0	0.06654049779	1
675	Iter0676	10	5	0	0	7	0	1.8333333333333333	1.0	0.11261317099999998	1
676	Iter0677	9	1	2	1	7	0	4.5	0.42307692307692296	0.166466061	1
677	Iter0678	11	2	2	1	4	1	2.75	0.489285714285712	0.09503315410410001	1
678	Iter0679	10	4	2	1	6	0	1.25	1.0	0.09569187998029201	1
679	Iter0680	5	2	2	1	2	0	1.25	1.0	0.037960141265280904	1
680	Iter0681	8	4	3	2	5	0	1.3333333333333333	1.0	0.05620084702198981	1
681	Iter0682	5	0	0	1	4	0	12.0	0.1666666666666666	0.12767329139	1
682	Iter0683	11	3	1	1	6	0	3.6666666666666665	0.4499999999999997	0.11796406342	1
683	Iter0684	14	3	0	0	8	0	3.75	1.0	0.181786488675	1
684	Iter0685	6	5	1	0	6	0	0.5833333333333334	1.0	0.1279351	1
685	Iter0686	9	4	0	0	7	0	2.0	1.0	0.15076071103	1
686	Iter0687	8	1	0	0	4	0	4.5	1.0	0.0761524461087	1
687	Iter0688	7	2	3	0	6	0	0.6666666666666666	1.0	0.19137684600000002	1
688	Iter0689	8	2	3	0	7	0	0.75	1.0	0.11325168747	1
689	Iter0690	4	1	2	5	4	0	10.0	0.2424242424242426	0.03523219	1
690	Iter0691	6	3	0	0	2	0	1.75	1.0	0.017656040799999998	1
691	Iter0692	11	4	3	0	7	0	0.6	1.0	0.1728215706	1
692	Iter0693	12	1	1	1	8	1	12.0	0.2571428571428551	0.14674755527198166	1
693	Iter0694	15	2	2	2	10	1	7.5	0.1478696741854646	0.225744468	1
694	Iter0695	6	4	2	0	6	0	0.4666666666666666	0.5151515151515165	0.10022808	1
695	Iter0696	9	4	1	0	5	0	1.0	1.0	0.08906726193000002	1
696	Iter0697	14	3	0	0	6	0	3.75	1.0	0.1251780446253875	1
697	Iter0698	8	2	1	0	5	0	1.5	1.0	0.11300694385999999	1
698	Iter0699	15	6	1	0	10	0	1.1428571428571428	1.0	0.16131600916	1
699	Iter0700	10	3	1	0	6	0	1.375	1.0	0.10877601289354201	1
700	Iter0701	8	2	1	2	5	0	8.0	0.2027972027972029	0.07213618465999999	1
701	Iter0702	7	3	5	4	5	2	1.8666666666666667	0.6499166468206711	0.091897619	1
702	Iter0703	7	4	2	2	5	1	1.75	1.0	0.08984418876466997	1
703	Iter0704	4	3	5	1	3	1	0.26666666666666666	0.5594405594405606	0.055693523	1
704	Iter0705	9	4	0	0	7	0	2.0	1.0	0.118685215	1
705	Iter0706	6	3	0	0	4	0	1.75	1.0	0.057471751	1
706	Iter0707	4	7	1	0	2	0	0.3125	0.4166666666666676	0.037145815	1
707	Iter0708	6	4	2	0	3	0	0.4666666666666666	0.5151515151515165	0.043174769109000005	1
708	Iter0709	7	3	3	1	4	1	0.7777777777777778	1.0	0.05388749199502141	1
709	Iter0710	8	2	1	1	5	1	4.0	0.4545454545454548	0.10767436695619051	1
710	Iter0711	5	4	4	1	2	0	0.3125	0.5804195804195778	0.0361030350577	1
711	Iter0712	11	2	1	0	8	0	2.0	1.0	0.15837256773900002	1
712	Iter0713	8	1	2	0	5	2	1.5	1.0	0.064893620876561	1
713	Iter0714	11	0	3	0	4	0	3.0	1.0	0.07511606833290001	1
714	Iter0715	10	4	0	0	7	0	2.2	1.0	0.10149718796767002	1
715	Iter0716	6	2	3	1	5	0	1.0	1.0	0.11586891418999999	1
716	Iter0717	12	3	2	3	7	0	6.0	0.13132094943240485	0.17419409967767605	1
717	Iter0718	6	5	4	0	4	0	0.2333333333333333	0.23076923076923045	0.08187581593	1
718	Iter0719	5	5	2	1	4	0	0.5	1.0	0.07956054519999999	1
719	Iter0720	7	4	1	0	7	0	0.8	1.0	0.155639	1
720	Iter0721	9	3	1	1	6	0	3.0	0.5054945054945044	0.15674746942999998	1
721	Iter0722	17	1	3	0	8	0	2.25	1.0	0.17246368613199997	1
722	Iter0723	8	5	1	2	7	0	3.2	0.5499999999999977	0.18063355241	1
723	Iter0724	5	1	4	0	4	0	0.6	1.0	0.06246407400000001	1
724	Iter0725	7	3	2	2	5	0	2.333333333333333	0.5804195804195791	0.08687061699135001	1
725	Iter0726	5	2	2	2	2	0	2.5	0.5757575757575759	0.02773970611	1
726	Iter0727	8	4	4	1	6	0	0.5	1.0	0.12328309116460001	1
727	Iter0728	4	2	2	0	2	0	0.5555555555555556	1.0	0.030408286000000003	1
728	Iter0729	4	0	1	0	3	0	2.5	1.0	0.048286046199999995	1
729	Iter0730	5	3	0	1	2	0	3.0	0.4444444444444454	0.050048608931600895	1
730	Iter0731	11	0	4	0	8	1	2.4	1.0	0.1588919357913	1
731	Iter0732	12	0	0	1	6	0	26.0	0.07692307692307697	0.167328569158	1
732	Iter0733	3	4	2	1	1	0	0.375	1.0	0.06287427	1
733	Iter0734	6	5	2	0	3	2	0.3888888888888889	0.4871794871794877	0.03002166488	1
734	Iter0735	5	2	4	2	3	0	1.25	1.0	0.04355678273000001	1
735	Iter0736	16	3	2	0	8	0	1.4166666666666667	1.0	0.10902201883899999	1
736	Iter0737	2	6	4	5	2	0	0.4166666666666666	0.619909502262443	0.01458228	1
737	Iter0738	5	2	0	0	1	0	2.0	1.0	0.04928410482382001	1
738	Iter0739	3	4	3	0	2	0	0.2	0.20000000000000007	0.05430599999999999	1
739	Iter0740	13	4	2	2	8	2	3.25	0.5438596491228093	0.108148046855	1
740	Iter0741	7	2	3	3	5	0	3.5	0.3286713286713281	0.15833978451189998	1
741	Iter0742	3	2	1	0	3	0	0.6666666666666666	1.0	0.1004094	1
742	Iter0743	6	5	1	2	4	0	2.4	1.0	0.07323147670999999	1
743	Iter0744	7	2	2	3	4	0	5.25	0.26573426573426473	0.084879162971	1
744	Iter0745	12	3	0	0	8	0	3.25	1.0	0.19306381727	1
745	Iter0746	9	1	1	1	5	0	9.0	0.3181818181818192	0.106901783446	1
746	Iter0747	6	6	2	1	4	0	0.5	1.0	0.06902279800000001	1
747	Iter0748	12	3	0	1	8	0	6.5	0.24999999999999994	0.15459083312605	1
748	Iter0749	9	2	2	0	6	0	1.1111111111111112	1.0	0.08294993999999999	1
749	Iter0750	10	3	2	3	4	0	5.000000000000001	0.26820728291316515	0.06058879471	1
750	Iter0751	6	3	1	2	4	0	4.0	0.5227272727272733	0.089847319	1
751	Iter0752	8	4	1	1	7	0	2.0	1.0	0.1649531961385	1
752	Iter0753	17	2	2	2	10	1	8.5	0.1245623941276112	0.14982774544139602	1
753	Iter0754	7	4	0	0	5	0	1.6	1.0	0.10245337200000001	1
754	Iter0755	12	4	0	0	9	0	2.6	1.0	0.18664599223738146	1
755	Iter0756	5	0	2	3	3	0	8.0	0.16666666666666646	0.0474999089	1
756	Iter0757	7	5	3	4	4	0	1.8666666666666665	0.6499166468206714	0.11984545469998398	1
757	Iter0758	8	0	2	1	5	0	6.0	0.27272727272727304	0.0626141222363	1
758	Iter0759	9	5	0	1	6	0	3.333333333333333	0.3999999999999996	0.073963992749401	1
759	Iter0760	9	3	0	1	4	0	5.0	0.3076923076923073	0.05852525582009978	1
760	Iter0761	11	1	0	0	7	0	6.0	1.0	0.15294775518339418	1
761	Iter0762	5	6	1	1	4	0	0.8333333333333334	1.0	0.0917397007	1
762	Iter0763	11	3	0	1	7	0	6.0	0.2666666666666666	0.07875035385900002	1
763	Iter0764	7	3	1	1	4	0	2.333333333333333	1.0	0.0864359298522	1
764	Iter0765	7	1	5	0	4	0	0.6666666666666666	1.0	0.0721830354157518	1
765	Iter0766	8	2	0	2	6	0	9.0	0.09090909090909123	0.09206834111000002	1
766	Iter0767	8	1	0	1	6	0	9.0	0.1999999999999998	0.15660357533597621	1
767	Iter0768	7	4	1	5	3	0	8.75	0.13122171945701344	0.059967015287757997	1
768	Iter0769	7	4	4	2	6	1	0.875	1.0	0.09364310289	1
769	Iter0770	7	0	7	2	4	2	3.0	0.4749999999999991	0.0871806876466	1
770	Iter0771	8	6	0	0	4	0	1.2857142857142858	1.0	0.09758083329359099	1
771	Iter0772	11	5	3	2	6	0	1.4666666666666668	1.0	0.13406773897845997	1
772	Iter0773	10	3	1	1	7	0	3.333333333333333	0.4761904761904744	0.204780271586	1
773	Iter0774	12	3	0	2	8	0	9.75	0.07352941176470587	0.124414710902285	1
774	Iter0775	3	4	0	1	1	0	1.6	1.0	0.019298594401	1
775	Iter0776	10	4	4	0	6	0	0.4400000000000001	0.524183006535951	0.152242811747	1
776	Iter0777	11	4	1	0	6	0	1.2	1.0	0.1514450745116	1
777	Iter0778	12	3	1	2	5	0	8.0	0.17156862745098042	0.17031133922833	1
778	Iter0779	12	4	0	1	6	0	5.2	0.29411764705882354	0.0976255965873	1
779	Iter0780	7	7	3	0	4	0	0.25	0.2279411764705884	0.0627226137701	1
780	Iter0781	9	3	1	2	5	0	6.0	0.2417582417582408	0.13712748234	1
781	Iter0782	11	3	1	1	7	0	3.6666666666666665	0.4499999999999997	0.15524763293299998	1
782	Iter0783	3	3	0	0	2	0	1.0	1.0	0.024519766999999998	1
783	Iter0784	10	4	4	1	6	1	0.625	1.0	0.22142725285999998	1
784	Iter0785	9	4	3	0	6	0	0.5	0.5285714285714266	0.1307876531341	1
785	Iter0786	8	3	1	2	5	0	5.333333333333333	0.5054945054945037	0.10030979770000001	1
786	Iter0787	11	2	5	2	7	1	2.2	0.5867905056759564	0.16232579044	1
787	Iter0788	9	3	0	0	2	0	2.5	1.0	0.019106012249957022	1
788	Iter0789	15	4	1	0	9	0	1.6	1.0	0.20764154245299998	1
789	Iter0790	9	5	0	1	6	0	3.333333333333333	0.3999999999999996	0.08818054460342199	1
790	Iter0791	8	2	3	0	2	1	0.75	1.0	0.10507643685000001	1
791	Iter0792	11	5	2	1	5	0	1.1	1.0	0.09694893741529999	1
792	Iter0793	9	2	1	0	3	0	1.6666666666666667	1.0	0.0521155713	1
793	Iter0794	13	3	2	0	5	1	1.1666666666666667	1.0	0.10152095187723	1
794	Iter0795	9	4	1	0	4	1	1.0	1.0	0.07392914784339	1
795	Iter0796	9	5	0	1	4	0	3.333333333333333	0.3999999999999996	0.2217740308	1
796	Iter0797	7	3	3	4	5	0	3.111111111111111	0.3499588646647474	0.09728207554656	1
797	Iter0798	5	5	1	1	3	0	1.0	1.0	0.173026967197	1
798	Iter0799	14	3	2	5	8	0	11.666666666666664	0.02073365231259979	0.21483268320217003	1
799	Iter0800	10	5	3	0	7	0	0.4583333333333333	0.5220588235294115	0.20411553946900002	1
800	Iter0801	9	0	1	1	5	0	10.0	0.1818181818181815	0.12846217410516997	1
801	Iter0802	7	5	4	1	2	0	0.35	0.6000323206205536	0.02586037021863	1
802	Iter0803	9	3	0	2	4	0	7.5	0.10989010989010926	0.15264500156	1
803	Iter0804	5	6	0	1	4	0	1.7142857142857142	1.0	0.109986790565	1
804	Iter0805	12	4	2	1	6	0	1.5	1.0	0.10001384633972286	1
805	Iter0806	9	0	1	0	6	0	5.0	1.0	0.13276030837000002	1
806	Iter0807	8	4	0	0	7	0	1.8	1.0	0.13624233000000002	1
807	Iter0808	5	7	0	1	4	0	1.5	1.0	0.06921711400000001	1
808	Iter0809	4	3	3	0	3	0	0.3125	0.4749999999999999	0.020197626	1
809	Iter0810	6	4	0	2	2	0	4.2	0.4545454545454557	0.04816514371	1
810	Iter0811	2	8	1	1	0	0	0.25	0.45454545454545503	-6.293851579999999e-05	0
811	Iter0812	6	1	2	1	3	1	3.0	1.0	0.08325441155285	1
812	Iter0813	9	3	1	1	6	0	3.0	0.5054945054945044	0.1038287725494	1
813	Iter0814	4	7	0	0	3	0	0.625	1.0	0.077440931	1
814	Iter0815	3	8	3	4	2	0	0.5	0.6266968325791854	0.0443663461457	1
815	Iter0816	11	4	3	4	6	0	3.6666666666666665	0.3426212590299271	0.11772875274335001	1
816	Iter0817	6	3	3	1	4	0	0.6666666666666666	1.0	0.07109961999999906	1
817	Iter0818	5	6	2	1	1	0	0.4166666666666667	1.0	0.039252649582	1
818	Iter0819	7	2	2	3	5	0	5.25	0.26573426573426473	0.131933139579	1
819	Iter0820	12	3	1	0	8	0	1.625	1.0	0.09143930425999999	1
820	Iter0821	15	2	3	0	7	0	1.3333333333333333	1.0	0.08820225732781381	1
821	Iter0822	6	3	0	1	4	0	3.5	0.3999999999999996	0.14536721660000002	1
822	Iter0823	12	1	1	1	8	0	12.0	0.2571428571428551	0.1538158488	1
823	Iter0824	12	4	3	2	8	1	2.0	0.5975232198142446	0.19997129384400006	1
824	Iter0825	4	6	1	2	3	0	1.3333333333333333	1.0	0.09411873199999998	1
825	Iter0826	10	3	3	0	8	0	0.6875	1.0	0.15557277828600002	1
826	Iter0827	10	5	0	2	7	0	5.5	0.15441176470588236	0.1908603400615492	1
827	Iter0828	9	3	5	0	5	1	0.4166666666666667	0.5147058823529412	0.108631796228692	1
828	Iter0829	11	2	3	0	9	0	1.0	1.0	0.2253639865	1
829	Iter0830	8	4	2	0	6	0	0.6	1.0	0.155129709	1
830	Iter0831	13	1	0	2	8	0	21.0	0.02499999999999997	0.24194294344473996	1
831	Iter0832	8	5	0	1	5	0	3.0	0.42857142857142827	0.076936564256	1
832	Iter0833	9	3	1	0	6	0	1.25	1.0	0.09786344124810001	1
833	Iter0834	4	2	2	2	2	0	2.0	1.0	0.06788024860000001	1
834	Iter0835	3	2	0	1	3	0	2.6666666666666665	1.0	0.05969219	1
835	Iter0836	7	3	3	0	4	0	0.5	0.5279720279720299	0.062972147331	1
836	Iter0837	5	1	1	0	3	0	1.5	1.0	0.0339067337	1
837	Iter0838	6	3	3	3	5	0	2.0	0.6223776223776202	0.12188048960900001	1
838	Iter0839	11	3	2	0	7	0	1.0	1.0	0.23771987641500006	1
839	Iter0840	8	2	1	0	6	0	1.5	1.0	0.14394613999999997	1
840	Iter0841	5	2	2	3	2	0	3.75	0.5580808080808088	0.01862330898	1
841	Iter0842	8	2	1	1	5	0	4.0	0.4545454545454548	0.13065345280000001	1
842	Iter0843	6	3	1	2	5	1	4.0	0.5227272727272733	0.08960774999999999	1
843	Iter0844	9	7	0	1	7	0	2.5	0.470588235294119	0.1388670584	1
844	Iter0845	11	1	3	0	6	0	1.5	1.0	0.15547726820000002	1
845	Iter0846	13	1	4	1	8	0	3.25	0.4678362573099456	0.14535278507986182	1
846	Iter0847	11	0	2	1	8	1	8.0	0.21428571428571366	0.18247833101159996	1
847	Iter0848	5	4	2	0	2	0	0.4	0.4909090909090901	0.04289972240000001	1
848	Iter0849	5	1	4	1	5	0	1.25	1.0	0.09365330000000001	1
849	Iter0850	5	1	0	1	4	0	6.0	0.2857142857142857	0.06297782999257386	1
850	Iter0851	6	1	1	1	4	0	6.0	0.4166666666666671	0.1200964191	1
851	Iter0852	8	3	0	0	6	0	2.25	1.0	0.1399830272668	1
852	Iter0853	14	2	0	0	10	0	5.0	1.0	0.223661684712	1
853	Iter0854	4	1	0	0	4	0	2.5	1.0	0.05082028	1
854	Iter0855	10	5	3	0	6	0	0.4583333333333333	0.5220588235294115	0.16051521653	1
855	Iter0856	11	2	4	1	6	1	1.375	1.0	0.11555262821	1
856	Iter0857	9	7	1	0	7	1	0.625	1.0	0.15695049179999998	1
857	Iter0858	17	3	1	1	9	0	5.666666666666668	0.33766233766233744	0.1482565387798386	1
858	Iter0859	8	3	0	0	7	0	2.25	1.0	0.17805549999999998	1
859	Iter0860	9	3	1	0	3	0	1.25	1.0	0.10957022641968488	1
860	Iter0861	9	3	2	0	3	0	0.8333333333333334	1.0	0.06926576059914896	1
861	Iter0862	7	3	5	0	4	0	0.3333333333333333	0.5054945054945037	0.043215674274000006	1
862	Iter0863	9	4	0	0	4	0	2.0	1.0	0.07198707289477711	1
863	Iter0864	11	2	2	0	4	0	1.3333333333333333	1.0	0.0868227343856	1
864	Iter0865	8	3	1	0	4	1	1.125	1.0	0.04467743641554524	1
865	Iter0866	10	3	0	3	6	0	11.0	0.035714285714285574	0.1712237090211	1
866	Iter0867	9	3	0	1	7	0	5.0	0.3076923076923073	0.10006404099122752	1
867	Iter0868	4	0	2	1	3	0	3.333333333333333	0.42857142857142827	0.062213904	1
868	Iter0869	8	1	1	0	4	0	2.25	1.0	0.0565533151032	1
869	Iter0870	7	1	0	2	4	0	12.0	0.06666666666666664	0.05350336807656401	1
870	Iter0871	7	2	4	0	5	0	0.5333333333333333	1.0	0.099187929652851	1
871	Iter0872	9	2	5	0	7	1	0.5555555555555556	1.0	0.16024031710980002	1
872	Iter0873	9	3	0	1	6	0	5.0	0.3076923076923073	0.19242073715859	1
873	Iter0874	7	2	4	0	4	0	0.5333333333333333	1.0	0.0429446411	1
874	Iter0875	9	3	2	1	7	1	1.5	1.0	0.21239352793000002	1
875	Iter0876	5	6	2	1	3	0	0.4166666666666667	1.0	0.069845118158	1
876	Iter0877	4	2	1	3	3	0	6.0	0.5238095238095236	0.063827494353	1
877	Iter0878	6	1	1	1	4	0	6.0	0.4166666666666671	0.0740967	1
878	Iter0879	11	8	1	1	6	0	1.375	1.0	0.110265617263101	1
879	Iter0880	10	3	0	2	7	0	8.25	0.09523809523809497	0.1125770312	1
880	Iter0881	11	3	5	1	7	0	0.7333333333333333	1.0	0.097521240889	1
881	Iter0882	8	3	0	3	5	0	9.0	0.05494505494505482	0.085636825	1
882	Iter0883	12	1	5	0	4	0	1.0833333333333333	1.0	0.116724897293867	1
883	Iter0884	7	2	0	1	4	0	5.333333333333333	0.2999999999999995	0.139567464748782	1
884	Iter0885	7	2	0	1	6	0	5.333333333333333	0.2999999999999995	0.1429728234818	1
885	Iter0886	11	0	1	0	5	1	6.0	1.0	0.06841629016100001	1
886	Iter0887	2	6	2	0	1	0	0.14285714285714285	0.13333333333333333	0.0091066513	1
887	Iter0888	7	4	2	1	6	0	0.875	1.0	0.1412850599598427	1
888	Iter0889	7	5	2	1	4	0	0.7	1.0	0.054993545	1
889	Iter0890	9	3	3	0	7	0	0.625	1.0	0.1292363188	1
890	Iter0891	6	2	2	0	4	0	0.7777777777777778	1.0	0.12896668530000002	1
891	Iter0892	6	0	4	0	5	1	1.4	1.0	0.0944060071	1
892	Iter0893	12	4	1	1	3	1	3.0	0.4901960784313731	0.044353571228999994	1
893	Iter0894	9	2	1	0	5	0	1.6666666666666667	1.0	0.075133224	1
894	Iter0895	7	1	2	3	5	0	10.5	0.21678321678321727	0.11850183430000001	1
895	Iter0896	9	5	0	1	6	0	3.333333333333333	0.3999999999999996	0.11942050427400001	1
896	Iter0897	8	2	1	1	4	0	4.0	0.4545454545454548	0.05686544649999999	1
897	Iter0898	12	3	0	0	11	0	3.25	1.0	0.24010073640000004	1
898	Iter0899	9	2	2	0	7	0	1.1111111111111112	1.0	0.13237109391610602	1
899	Iter0900	10	2	0	1	7	0	7.333333333333332	0.23076923076923075	0.182017938347	1
900	Iter0901	8	2	1	0	6	0	1.5	1.0	0.10711098857	1
901	Iter0902	6	3	2	1	6	0	1.0	1.0	0.15002732	1
902	Iter0903	9	2	1	3	5	0	13.5	0.07692307692307708	0.1588317569	1
903	Iter0904	8	3	1	2	4	0	5.333333333333333	0.5054945054945037	0.10864098380961101	1
904	Iter0905	11	2	1	0	5	0	2.0	1.0	0.060626054146	1
905	Iter0906	15	0	1	1	10	0	16.0	0.11764705882352973	0.3154528536942	1
906	Iter0907	9	2	2	4	5	0	9.0	0.10940530058177136	0.077329275655	1
907	Iter0908	2	0	2	1	2	0	2.0	1.0	0.02806872	1
908	Iter0909	11	2	2	1	4	0	2.75	0.489285714285712	0.1338915439	1
909	Iter0910	6	4	1	0	5	0	0.7	1.0	0.08378940257699999	1
910	Iter0911	9	2	3	2	2	0	3.0	0.5467032967032961	0.041551355822849995	1
911	Iter0912	8	1	0	0	6	0	4.5	1.0	0.142020276	1
912	Iter0913	12	2	0	1	7	0	8.666666666666666	0.20000000000000012	0.11106351142263499	1
913	Iter0914	10	3	2	0	6	0	0.9166666666666666	1.0	0.121248069	1
914	Iter0915	17	3	1	0	11	0	2.25	1.0	0.220045214915	1
915	Iter0916	12	3	4	1	7	0	1.0	1.0	0.11054277000439999	1
916	Iter0917	16	1	1	1	7	0	16.0	0.2046783625730996	0.06311006043	1
917	Iter0918	8	5	0	4	2	0	7.5	0.08235294117647017	0.017253168199745723	1
918	Iter0919	9	5	0	3	5	0	6.666666666666668	0.08235294117647088	0.09638320073202	1
919	Iter0920	17	3	0	1	8	0	9.0	0.19047619047619127	0.11636335086770001	1
920	Iter0921	8	2	5	1	7	2	0.8	1.0	0.17578692	1
921	Iter0922	10	2	1	0	5	0	1.8333333333333333	1.0	0.0802777668445	1
922	Iter0923	16	4	0	0	9	0	3.4	1.0	0.15385237279	1
923	Iter0924	8	4	5	6	7	0	2.4	0.4136492125454284	0.1257588474	1
924	Iter0925	12	2	0	0	7	0	4.333333333333333	1.0	0.150163863716	1
925	Iter0926	11	3	1	2	5	1	7.333333333333332	0.19117647058823506	0.134462445585	1
926	Iter0927	9	2	0	0	7	0	3.333333333333333	1.0	0.13228427399999998	1
927	Iter0928	7	1	3	3	5	0	7.0	0.2447552447552448	0.1389027380375819	1
928	Iter0929	11	3	3	1	3	0	1.2222222222222219	1.0	0.04432225953148	1
929	Iter0930	3	4	3	1	1	0	0.25	0.5454545454545461	0.02289195843	1
930	Iter0931	10	3	0	0	7	0	2.75	1.0	0.16067661776	1
931	Iter0932	11	4	0	3	8	0	9.6	0.04289215686274527	0.10238906696	1
932	Iter0933	6	2	1	1	4	0	3.0	1.0	0.05086329214	1
933	Iter0934	4	2	0	3	3	0	6.666666666666668	0.16666666666666685	0.062872423	1
934	Iter0935	14	3	1	0	11	0	1.875	1.0	0.2685588945	1
935	Iter0936	10	5	1	1	6	0	2.0	1.0	0.07609806543000001	1
936	Iter0937	13	3	1	0	6	0	1.75	1.0	0.11762340410808879	1
937	Iter0938	7	3	1	0	2	0	1.0	1.0	0.04975233659996817	1
938	Iter0939	11	0	4	1	3	1	4.8	0.3124999999999997	0.067568074786	1
939	Iter0940	5	4	0	2	5	0	3.6	0.45454545454545403	0.05936858999999999	1
940	Iter0941	11	3	1	0	5	0	1.5	1.0	0.1090031562389	1
941	Iter0942	4	2	1	1	1	0	2.0	1.0	0.0046048874275	1
942	Iter0943	2	5	1	0	2	0	0.25	0.37499999999999983	0.0528252	1
943	Iter0944	12	3	0	1	10	0	6.5	0.24999999999999994	0.20251786495727062	1
944	Iter0945	6	7	1	2	5	0	1.7142857142857142	1.0	0.10577909099999999	1
945	Iter0946	6	2	2	0	4	0	0.7777777777777778	1.0	0.0924209807	1
946	Iter0947	11	2	3	2	6	0	3.6666666666666665	0.5326797385620919	0.12280654751600001	1
947	Iter0948	14	2	2	0	6	0	1.6666666666666667	1.0	0.067229580825	1
948	Iter0949	7	3	2	0	5	0	0.6666666666666666	1.0	0.11686384089648126	1
949	Iter0950	12	3	0	0	6	0	3.25	1.0	0.08883660494791683	1
950	Iter0951	8	2	1	1	5	1	4.0	0.4545454545454548	0.096811205203	1
951	Iter0952	13	1	1	1	6	0	13.0	0.24166666666666656	0.2057990229	1
952	Iter0953	8	3	2	1	6	0	1.3333333333333333	1.0	0.087794773	1
953	Iter0954	8	2	1	0	5	0	1.5	1.0	0.08639492017	1
954	Iter0955	9	4	3	0	7	0	0.5	0.5285714285714266	0.15440415894652001	1
955	Iter0956	6	3	1	1	4	0	2.0	1.0	0.020260243	1
956	Iter0957	6	2	3	0	4	0	0.5833333333333334	1.0	0.1028392893665	1
957	Iter0958	11	3	1	1	5	0	3.6666666666666665	0.4499999999999997	0.13602984594005763	1
958	Iter0959	11	3	2	1	7	0	1.8333333333333333	1.0	0.12665659901100002	1
959	Iter0960	6	5	0	0	2	0	1.1666666666666667	1.0	0.047803432300000004	1
960	Iter0961	8	0	2	3	6	0	12.0	0.03496503496503507	0.1279378395387956	1
961	Iter0962	10	2	0	0	8	0	3.6666666666666665	1.0	0.160911434558	1
962	Iter0963	9	2	5	0	4	0	0.5555555555555556	1.0	0.09464218545704685	1
963	Iter0964	11	3	2	1	5	1	1.8333333333333333	1.0	0.120910048961351	1
964	Iter0965	5	3	1	1	2	0	1.6666666666666667	1.0	0.038637670225253	1
965	Iter0966	13	6	2	1	6	0	1.0833333333333333	1.0	0.10756724753280002	1
966	Iter0967	8	3	0	1	4	0	4.5	0.3333333333333341	0.0572069429609472	1
967	Iter0968	7	5	4	0	7	0	0.26666666666666666	0.2445054945054937	0.13067936	1
968	Iter0969	10	3	2	2	9	0	3.333333333333333	0.5378151260504158	0.15865676820000002	1
969	Iter0970	8	1	2	2	5	0	8.0	0.2027972027972029	0.066230956	1
970	Iter0971	7	3	5	2	2	0	0.9333333333333332	1.0	0.041181308557	1
971	Iter0972	13	1	2	0	7	0	2.333333333333333	1.0	0.16395224062000002	1
972	Iter0973	5	8	3	1	2	0	0.20833333333333331	0.2941176470588229	0.03856147323727001	1
973	Iter0974	8	2	3	2	4	0	2.6666666666666665	0.5604395604395591	0.032703389709999996	1
974	Iter0975	7	3	4	1	4	1	0.5833333333333334	1.0	0.05681722727065001	1
975	Iter0976	11	3	2	1	6	0	1.8333333333333333	1.0	0.123963273523	1
976	Iter0977	8	3	1	1	5	0	2.6666666666666665	1.0	0.09608412117941739	1
977	Iter0978	8	1	1	2	4	0	16.0	0.12727272727272734	0.027644226555599997	1
978	Iter0979	6	2	2	3	4	0	4.5	0.2929292929292933	0.07630163469000001	1
979	Iter0980	13	3	1	0	9	0	1.75	1.0	0.1472281996	1
980	Iter0981	7	1	2	3	5	0	10.5	0.21678321678321727	0.13196188661	1
981	Iter0982	7	2	3	4	4	0	4.666666666666667	0.30244755244755106	0.032473609181	1
982	Iter0983	9	2	4	1	4	0	1.125	1.0	0.087907338825	1
983	Iter0984	8	1	0	1	4	0	9.0	0.1999999999999998	0.0768962352793933	1
984	Iter0985	9	6	0	0	7	0	1.4285714285714286	1.0	0.154017913434	1
985	Iter0986	7	3	1	0	4	0	1.0	1.0	0.10846412398	1
986	Iter0987	10	1	2	1	7	0	5.0	0.3956043956043935	0.1071445406	1
987	Iter0988	3	1	4	2	3	0	1.5	1.0	0.030884776	1
988	Iter0989	10	2	1	1	7	0	5.0	0.3956043956043948	0.18971298937087996	1
989	Iter0990	5	1	1	0	3	0	1.5	1.0	0.0621024508	1
990	Iter0991	10	2	5	1	6	0	1.0	1.0	0.0958286362990463	1
991	Iter0992	10	3	5	4	7	0	2.666666666666667	0.3761609907120728	0.13353150548999998	1
992	Iter0993	11	3	3	0	6	0	0.75	1.0	0.15534639370999995	1
993	Iter0994	8	5	1	0	5	0	0.75	1.0	0.08649820495499999	1
994	Iter0995	12	1	4	0	8	0	1.3	1.0	0.1284903987566	1
995	Iter0996	4	2	1	1	2	0	2.0	1.0	0.026096484179999997	1
996	Iter0997	10	4	2	1	5	0	1.25	1.0	0.14837672510299998	1
997	Iter0998	6	1	2	1	4	0	3.0	1.0	0.124189463	1
998	Iter0999	9	3	3	0	5	0	0.625	1.0	0.08496697752799999	1
999	Iter1000	5	2	3	2	4	0	1.6666666666666667	1.0	0.095303359	1
