	IterId	dN	dS	pN	pS	bdN	bpN	MkScore	FSPVal	SelCoef	PosSel
0	Iter0001	12	6	2	2	10	0	2.0	0.6019138755980866	0.2470518076499989	1
1	Iter0002	2	1	3	3	1	0	2.0	1.0	0.015745837065	1
2	Iter0003	6	3	4	1	3	0	0.5	1.0	0.079131041	1
3	Iter0004	15	4	7	1	10	0	0.5357142857142857	1.0	0.21117786183	1
4	Iter0005	6	4	6	1	5	0	0.25	0.3382352941176455	0.11982466866798998	1
5	Iter0006	8	2	5	4	5	0	3.2	0.3498452012383894	0.1152888052844	1
6	Iter0007	4	2	5	1	2	0	0.4	1.0	0.037397842155	1
7	Iter0008	12	2	5	1	6	0	1.2	1.0	0.12175869948	1
8	Iter0009	12	3	6	2	6	0	1.3333333333333333	1.0	0.21769399602712	1
9	Iter0010	14	1	4	1	5	0	3.5	0.4473684210526331	0.07866967116	1
10	Iter0011	14	5	6	0	7	0	0.35714285714285715	0.2887069452286851	0.18738756764	1
11	Iter0012	12	2	5	1	5	0	1.2	1.0	0.096559249394	1
12	Iter0013	12	1	6	0	8	1	0.9285714285714286	1.0	0.14002059695000002	1
13	Iter0014	16	5	4	4	10	0	3.2	0.20893259663874567	0.30395432198323696	1
14	Iter0015	6	5	4	2	3	0	0.6	1.0	0.03456558143494	1
15	Iter0016	8	3	2	2	6	0	2.6666666666666665	0.5604395604395587	0.145836555232	1
16	Iter0017	6	0	3	1	4	0	3.5	0.3999999999999996	0.07476156	1
17	Iter0018	11	0	7	1	8	0	3.0	0.4210526315789461	0.21466132860320003	1
18	Iter0019	5	3	8	1	3	2	0.20833333333333331	0.2941176470588229	0.039859610999999996	1
19	Iter0020	6	2	6	2	6	1	1.0	1.0	0.1507148	1
20	Iter0021	7	1	6	0	4	1	0.5714285714285714	1.0	0.08867761700000001	1
21	Iter0022	11	0	8	2	5	0	4.0	0.2142857142857145	0.10842114636300001	1
22	Iter0023	9	4	8	0	8	0	0.2222222222222222	0.1311612364243947	0.12753057862	1
23	Iter0024	8	6	6	2	8	0	0.4444444444444444	0.649398004815961	0.11271169	1
24	Iter0025	15	2	3	1	7	0	2.5	0.4887218045112764	0.1312698304809066	1
25	Iter0026	13	3	4	1	8	0	1.0833333333333333	1.0	0.1070559949365	1
26	Iter0027	11	2	3	2	6	1	3.6666666666666665	0.5326797385620919	0.15846744722	1
27	Iter0028	9	2	3	0	6	0	0.8333333333333334	1.0	0.09957943794016998	1
28	Iter0029	9	0	4	1	3	1	4.0	0.35714285714285554	0.05015610850559999	1
29	Iter0030	8	3	7	1	3	0	0.3809523809523809	0.6026831785345736	0.034498986919999995	1
30	Iter0031	9	2	5	1	7	0	0.9	1.0	0.13084274189999998	1
31	Iter0032	7	1	4	3	4	0	5.25	0.2820512820512816	0.05688328345780999	1
32	Iter0033	10	5	4	3	6	0	1.5	1.0	0.12967029124	1
33	Iter0034	5	3	1	4	4	0	6.666666666666668	0.2657342657342665	0.07336779806093	1
34	Iter0035	7	4	3	2	5	1	1.1666666666666667	1.0	0.1381089024	1
35	Iter0036	5	2	4	2	3	0	1.25	1.0	0.06594697299999999	1
36	Iter0037	9	0	8	1	6	0	2.2222222222222223	1.0	0.12726321819	1
37	Iter0038	6	6	9	1	5	1	0.1111111111111111	0.0743034055727551	0.071515595	1
38	Iter0039	5	3	7	2	3	0	0.4761904761904762	0.6199095022624421	0.103132891743	1
39	Iter0040	9	3	7	1	5	0	0.42857142857142855	0.6185758513931914	0.12208822125268601	1
40	Iter0041	10	1	6	0	8	0	0.7857142857142857	1.0	0.16204271860324002	1
41	Iter0042	11	3	7	2	7	0	1.0476190476190477	1.0	0.2025159419	1
42	Iter0043	9	4	5	5	7	0	2.25	0.4172836182527944	0.14062052469	1
43	Iter0044	9	3	3	3	5	1	3.0	0.3440530058177112	0.08572736381000001	1
44	Iter0045	6	4	5	1	2	0	0.3	0.5879120879120863	0.0626288948108	1
45	Iter0046	7	4	9	3	3	2	0.5833333333333334	0.6668461434917203	0.0561367854344826	1
46	Iter0047	8	5	6	7	6	0	1.866666666666667	0.6950975905236236	0.1385957962	1
47	Iter0048	5	5	8	4	5	0	0.5	0.665634674922599	0.09034128999999999	1
48	Iter0049	8	1	2	1	6	0	4.0	0.4545454545454555	0.098058940376334	1
49	Iter0050	7	1	6	1	4	0	1.1666666666666667	1.0	0.07562104259000002	1
50	Iter0051	13	5	8	0	10	0	0.2592592592592593	0.280510793554272	0.191050602	1
51	Iter0052	2	3	6	7	0	0	0.7777777777777778	1.0	-2.263630401795e-05	0
52	Iter0053	10	5	5	2	5	0	0.8	1.0	0.09987628809	1
53	Iter0054	11	2	4	0	7	0	0.8	1.0	0.100992615131992	1
54	Iter0055	9	5	1	3	7	1	5.4	0.2745098039215692	0.12231504754239998	1
55	Iter0056	8	0	3	3	5	0	9.0	0.05494505494505482	0.1310377433487	1
56	Iter0057	11	2	16	2	6	1	0.6875	1.0	0.07075266034841274	1
57	Iter0058	3	1	3	3	3	0	3.0	0.5714285714285717	0.049857330000000005	1
58	Iter0059	9	3	8	2	7	0	0.75	1.0	0.1431090366369	1
59	Iter0060	13	2	3	0	10	0	1.1666666666666667	1.0	0.20392956473200002	1
60	Iter0061	3	5	4	3	1	0	0.45	0.6192696192696191	0.005528984016000001	1
61	Iter0062	7	1	5	0	4	0	0.6666666666666666	1.0	0.08319267476377001	1
62	Iter0063	14	2	4	1	9	0	1.75	1.0	0.14849041022999315	1
63	Iter0064	5	2	2	0	4	0	0.6666666666666666	1.0	0.052220171999999995	1
64	Iter0065	8	2	6	1	3	0	0.6666666666666666	1.0	0.049510559197	1
65	Iter0066	10	4	4	3	6	0	1.875	0.6384416924664632	0.13016123532460414	1
66	Iter0067	11	2	5	2	7	0	2.2	0.5867905056759564	0.1173144612	1
67	Iter0068	9	4	2	1	4	0	1.125	1.0	0.079335469178	1
68	Iter0069	12	3	7	2	7	0	1.1428571428571428	1.0	0.09845827316999999	1
69	Iter0070	8	2	3	0	5	0	0.75	1.0	0.12695682481999998	1
70	Iter0071	8	3	1	1	5	0	2.6666666666666665	1.0	0.11514756309999999	1
71	Iter0072	6	6	2	4	4	0	2.0	0.6380090497737565	0.133604617	1
72	Iter0073	11	3	6	4	5	0	2.4444444444444438	0.39263920671243546	0.08676582298	1
73	Iter0074	9	1	8	1	5	0	1.125	1.0	0.09871933543086298	1
74	Iter0075	7	5	8	6	5	0	1.05	1.0	0.07235127085700001	1
75	Iter0076	9	3	6	1	6	1	0.5	1.0	0.1161309999891874	1
76	Iter0077	8	1	5	1	4	0	1.6	1.0	0.097360548669	1
77	Iter0078	6	3	4	3	3	0	1.5	1.0	0.0182464069473565	1
78	Iter0079	10	5	6	2	7	0	0.6666666666666666	1.0	0.09138315171571	1
79	Iter0080	10	3	6	1	7	0	0.5555555555555556	1.0	0.11175878099999997	1
80	Iter0081	4	3	5	0	4	0	0.20833333333333331	0.20454545454545486	0.0900044	1
81	Iter0082	6	0	5	1	1	0	2.333333333333333	1.0	0.04012281972	1
82	Iter0083	6	2	6	3	3	0	1.5	1.0	0.0750634378035	1
83	Iter0084	6	5	5	0	2	0	0.19444444444444445	0.11858974358974357	0.08150911484192169	1
84	Iter0085	9	1	8	1	3	0	1.125	1.0	0.133517470026446	1
85	Iter0086	11	2	6	4	8	0	3.6666666666666665	0.3412880026152322	0.12044982867	1
86	Iter0087	9	3	3	1	5	0	1.0	1.0	0.07717272946740598	1
87	Iter0088	7	0	5	4	4	0	6.666666666666668	0.08846153846153802	0.08860612659360001	1
88	Iter0089	8	1	7	4	5	0	4.571428571428571	0.31888544891640913	0.06991232684399998	1
89	Iter0090	6	3	7	2	4	0	0.5714285714285714	1.0	0.06521492100000001	1
90	Iter0091	7	1	4	2	4	1	3.5	0.538461538461539	0.09548016588930001	1
91	Iter0092	4	3	11	3	2	0	0.3636363636363637	0.35436016511868057	0.05670306768	1
92	Iter0093	8	9	7	2	6	1	0.25396825396825395	0.21670480549199214	0.112320198267	1
93	Iter0094	10	5	7	2	3	0	0.5714285714285714	0.6687122945704241	0.03588785536150001	1
94	Iter0095	9	2	4	2	6	0	2.25	0.5840336134453777	0.1440165851995922	1
95	Iter0096	12	4	7	3	7	0	1.2857142857142856	1.0	0.16133527378	1
96	Iter0097	7	2	6	1	3	0	0.5833333333333334	1.0	0.02983625184	1
97	Iter0098	5	4	0	3	4	0	4.8	0.20454545454545495	0.09073492039570001	1
98	Iter0099	8	2	6	2	6	0	1.3333333333333333	1.0	0.1449708311	1
99	Iter0100	6	3	5	1	3	1	0.4	0.6043956043956029	0.05372525137999988	1
100	Iter0101	10	1	5	3	7	0	6.0	0.2621259029927772	0.1825379092	1
101	Iter0102	8	1	5	2	4	0	3.2	0.5499999999999967	0.12976569516	1
102	Iter0103	5	2	6	1	4	0	0.4166666666666667	1.0	0.086361073	1
103	Iter0104	8	5	6	2	3	1	0.5333333333333333	0.6556587547299639	0.0700785385652	1
104	Iter0105	8	2	2	5	6	0	10.0	0.05841217605923488	0.1305641822	1
105	Iter0106	3	6	4	1	2	0	0.125	0.2657342657342652	0.021333409999999997	1
106	Iter0107	4	1	3	2	3	0	2.6666666666666665	1.0	0.08585902200000001	1
107	Iter0108	11	1	5	2	8	0	4.4	0.5232198142414874	0.10640934110051999	1
108	Iter0109	7	2	2	3	4	0	5.25	0.26573426573426473	0.053750730748000006	1
109	Iter0110	7	2	5	3	3	0	2.1	0.6199095022624409	0.0299080642	1
110	Iter0111	8	3	7	3	4	1	1.1428571428571428	1.0	0.0778671933807	1
111	Iter0112	11	3	4	4	6	0	3.6666666666666665	0.34262125902992835	0.10892447551420001	1
112	Iter0113	8	2	6	2	4	0	1.3333333333333333	1.0	0.07643890168323669	1
113	Iter0114	4	4	2	2	1	0	1.0	1.0	0.021368371399909405	1
114	Iter0115	7	4	3	2	4	0	1.1666666666666667	1.0	0.10268041560199999	1
115	Iter0116	6	5	6	3	4	0	0.6	0.669921409859489	0.068695727291835	1
116	Iter0117	10	2	6	2	6	0	1.6666666666666667	1.0	0.1905453212	1
117	Iter0118	10	3	5	3	7	0	2.0	0.6310629514963866	0.28417226137797713	1
118	Iter0119	9	3	4	1	6	0	0.75	1.0	0.177774212097377	1
119	Iter0120	2	5	3	1	1	0	0.13333333333333333	0.2424242424242426	0.01421596486	1
120	Iter0121	9	1	1	4	3	0	36.0	0.016983016983016942	0.057300302965515006	1
121	Iter0122	8	8	3	4	6	0	1.3333333333333333	1.0	0.16136912280000001	1
122	Iter0123	7	6	3	2	3	1	0.7777777777777778	1.0	0.040216471357849996	1
123	Iter0124	4	1	18	2	2	1	0.4444444444444444	0.5043478260869595	0.07264708159585401	1
124	Iter0125	6	3	3	0	4	1	0.4375	0.5090909090909093	0.0921998891	1
125	Iter0126	7	3	0	3	4	0	8.0	0.06993006993007027	0.0484525625535	1
126	Iter0127	7	1	6	2	5	0	2.333333333333333	1.0	0.09494557644694	1
127	Iter0128	6	4	2	0	5	0	0.4666666666666666	0.5151515151515165	0.08905595434	1
128	Iter0129	10	4	5	4	6	0	2.0	0.6570197873199619	0.184169989226276	1
129	Iter0130	14	2	1	3	11	0	21.0	0.031991744066047594	0.2133598826977827	1
130	Iter0131	4	4	3	5	2	0	1.6666666666666667	1.0	0.022242796560000003	1
131	Iter0132	4	1	6	6	3	1	4.0	0.3382352941176459	0.0694498889535	1
132	Iter0133	9	0	4	1	7	0	4.0	0.35714285714285554	0.1257172436	1
133	Iter0134	5	2	6	3	4	0	1.25	1.0	0.091615909	1
134	Iter0135	6	0	8	4	3	0	3.888888888888889	0.2450980392156867	0.028815623885563097	1
135	Iter0136	8	1	5	3	5	0	4.8	0.2941176470588221	0.081881152954216	1
136	Iter0137	6	5	6	2	4	2	0.4	0.6332460109549896	0.11006663820000001	1
137	Iter0138	2	2	6	3	1	2	0.5	1.0	0.013165322	1
138	Iter0139	6	1	5	3	4	0	3.6	0.5692307692307691	0.081937264164	1
139	Iter0140	8	4	3	6	6	0	4.0	0.19838056680161886	0.15621093903000002	1
140	Iter0141	5	2	4	2	3	1	1.25	1.0	0.0528659865	1
141	Iter0142	5	4	6	1	4	0	0.20833333333333331	0.3076923076923062	0.0954847456	1
142	Iter0143	11	4	5	3	8	0	1.65	0.657019787319963	0.13621057296	1
143	Iter0144	7	1	4	4	4	0	7.0	0.28205128205128155	0.0526712993	1
144	Iter0145	5	2	5	1	3	1	0.5	1.0	0.091608230747	1
145	Iter0146	8	3	8	3	3	0	1.0	1.0	0.0868721553	1
146	Iter0147	10	4	4	0	4	0	0.4400000000000001	0.524183006535951	0.121510844418	1
147	Iter0148	3	2	13	5	3	0	0.5769230769230769	0.621385479509046	0.0851709	1
148	Iter0149	4	1	6	3	2	1	2.0	1.0	0.05615024999999999	1
149	Iter0150	10	2	5	2	3	0	2.0	0.6026831785345728	0.10806030984414029	1
150	Iter0151	7	1	4	9	4	0	15.75	0.02373581011351914	0.08049654599999999	1
151	Iter0152	10	4	6	3	5	1	1.25	1.0	0.088177843676837	1
152	Iter0153	7	4	4	4	5	1	1.75	0.6576962768913246	0.14740306210000004	1
153	Iter0154	6	1	6	1	5	0	1.0	1.0	0.0915980418	1
154	Iter0155	6	4	5	1	3	0	0.3	0.5879120879120863	0.01914849061493426	1
155	Iter0156	15	2	5	2	10	0	3.0	0.5520421607378161	0.17762214746760002	1
156	Iter0157	13	2	9	2	7	1	1.4444444444444444	1.0	0.11569652760810002	1
157	Iter0158	5	2	7	1	5	0	0.35714285714285715	0.5692307692307675	0.16477960000000003	1
158	Iter0159	6	4	10	3	2	0	0.45	0.650020191142819	0.0277098524279483	1
159	Iter0160	11	3	6	1	7	0	0.6111111111111109	1.0	0.18910752079999998	1
160	Iter0161	5	0	5	2	3	0	3.0	0.46969696969697	0.08921127778999999	1
161	Iter0162	7	0	5	3	5	0	5.333333333333333	0.1999999999999993	0.108345087175	1
162	Iter0163	7	7	5	0	5	0	0.16666666666666666	0.10603715170278633	0.088254283	1
163	Iter0164	8	2	11	2	6	1	0.7272727272727273	1.0	0.1146913010381074	1
164	Iter0165	8	3	6	3	6	1	1.3333333333333333	1.0	0.13610836755886	1
165	Iter0166	6	2	3	4	4	0	4.0	0.3146853146853137	0.061142109749436	1
166	Iter0167	7	5	10	3	4	1	0.4199999999999999	0.4109839816933642	0.0648984540576	1
167	Iter0168	8	6	10	3	5	1	0.4	0.4197101449275391	0.056830656907	1
168	Iter0169	11	1	11	5	8	0	5.0	0.1964750225619787	0.14481662569999998	1
169	Iter0170	7	3	2	1	4	0	1.1666666666666667	1.0	0.0517694277273	1
170	Iter0171	12	1	11	3	6	1	3.272727272727273	0.5955555555555638	0.09139664237600001	1
171	Iter0172	10	7	6	2	8	0	0.4761904761904762	0.660761389640115	0.184723596834	1
172	Iter0173	1	6	6	1	1	1	0.027777777777777776	0.02913752913752912	0.0322983	1
173	Iter0174	6	5	3	7	4	0	2.8000000000000003	0.3869969040247677	0.130874182781	1
174	Iter0175	16	2	4	5	12	0	10.0	0.02345191040843211	0.22597116050800004	1
175	Iter0176	7	1	7	0	5	1	0.5	1.0	0.11065592011000001	1
176	Iter0177	6	7	3	2	2	0	0.5714285714285714	1.0	0.11346413778400001	1
177	Iter0178	1	5	1	2	0	0	0.4	1.0	-1.58003e-05	0
178	Iter0179	7	1	1	1	5	0	7.0	0.377777777777778	0.133939055	1
179	Iter0180	10	5	4	1	5	0	0.5	1.0	0.1099284213	1
180	Iter0181	7	3	7	1	5	0	0.33333333333333337	0.5882352941176492	0.07051031640000001	1
181	Iter0182	6	1	7	4	3	0	3.4285714285714284	0.5955882352941178	0.04493274399999999	1
182	Iter0183	10	5	4	2	4	1	1.0	1.0	0.0775958632143702	1
183	Iter0184	13	3	4	2	4	0	2.1666666666666665	0.5853269537480082	0.07751535561895898	1
184	Iter0185	9	4	6	2	5	0	0.75	1.0	0.09565556799994257	1
185	Iter0186	8	3	2	3	5	0	4.0	0.2994505494505492	0.1109850123319	1
186	Iter0187	11	5	2	2	8	0	2.2	0.5867905056759568	0.28588518620000003	1
187	Iter0188	9	3	5	4	6	0	2.4	0.3972136222910228	0.116868978663347	1
188	Iter0189	7	6	5	1	6	0	0.2333333333333333	0.33307533539731554	0.08723982568949	1
189	Iter0190	4	3	7	6	3	2	1.1428571428571428	1.0	0.055869751999999995	1
190	Iter0191	8	0	5	4	6	0	7.5	0.08235294117647017	0.072835305945	1
191	Iter0192	6	5	4	2	5	0	0.6	1.0	0.10174263885	1
192	Iter0193	7	3	5	3	2	1	1.4	1.0	0.036009582760000006	1
193	Iter0194	7	2	5	1	3	0	0.7	1.0	0.1082532603	1
194	Iter0195	10	4	1	2	7	0	5.0	0.5147058823529405	0.13914305239699998	1
195	Iter0196	5	4	7	3	2	0	0.5357142857142857	0.6499166468206706	0.027792268511499997	1
196	Iter0197	12	3	3	1	6	0	1.3333333333333333	1.0	0.19310304817847299	1
197	Iter0198	6	2	8	1	2	0	0.375	0.5764705882352942	0.042873155705	1
198	Iter0199	10	2	5	3	4	0	3.0	0.347265221878226	0.17244845727233	1
199	Iter0200	5	1	3	0	3	0	0.75	1.0	0.04482794997642921	1
200	Iter0201	5	2	4	2	2	1	1.25	1.0	0.04563481535163	1
201	Iter0202	5	2	8	1	3	0	0.3125	0.5499999999999967	0.06522436949759464	1
202	Iter0203	11	4	6	1	7	0	0.4583333333333333	1.0	0.148422979649	1
203	Iter0204	9	1	5	1	7	1	1.8	1.0	0.14444083139799999	1
204	Iter0205	6	5	3	1	4	1	0.4	0.6043956043956045	0.16002809	1
205	Iter0206	6	3	4	1	3	0	0.5	1.0	0.047562793753500004	1
206	Iter0207	5	4	6	2	3	0	0.4166666666666667	0.6199095022624428	0.055962118964246105	1
207	Iter0208	11	3	10	2	6	0	0.7333333333333333	1.0	0.08596306481563	1
208	Iter0209	7	2	3	1	5	0	1.1666666666666667	1.0	0.1554208823	1
209	Iter0210	14	1	5	1	9	0	2.8	0.5000000000000014	0.15980099515760002	1
210	Iter0211	7	1	4	2	5	0	3.5	0.538461538461539	0.09721450765100001	1
211	Iter0212	7	4	6	4	7	1	1.1666666666666667	1.0	0.15044156000000003	1
212	Iter0213	8	4	7	2	6	1	0.5714285714285714	0.6594427244582046	0.08631593739999999	1
213	Iter0214	9	7	6	4	4	0	0.8571428571428572	1.0	0.081875917634	1
214	Iter0215	7	4	3	4	5	0	2.333333333333333	0.6304675716440438	0.129623553453	1
215	Iter0216	6	4	2	2	6	0	1.5	1.0	0.07756099	1
216	Iter0217	13	6	5	4	9	1	1.7333333333333332	0.6774703557312203	0.14768511805370002	1
217	Iter0218	3	4	4	3	3	0	0.5625	1.0	0.0776762	1
218	Iter0219	4	4	7	2	4	0	0.2857142857142857	0.3348416289592767	0.10694715	1
219	Iter0220	4	4	4	4	3	1	1.0	1.0	0.057890050600000006	1
220	Iter0221	15	1	7	2	10	0	4.285714285714286	0.5304347826086995	0.2066021216279289	1
221	Iter0222	9	2	3	2	6	0	3.0	0.5467032967032961	0.1083605716	1
222	Iter0223	8	1	6	3	4	0	4.0	0.5764705882352948	0.0849955755872	1
223	Iter0224	10	3	5	3	6	0	2.0	0.6310629514963866	0.11557534958	1
224	Iter0225	13	1	4	2	9	1	6.5	0.2017543859649133	0.17928052628146995	1
225	Iter0226	13	3	5	1	5	0	0.8666666666666666	1.0	0.102287302173	1
226	Iter0227	9	3	7	2	4	0	0.8571428571428571	1.0	0.0398188253459	1
227	Iter0228	5	4	5	0	3	0	0.2	0.22077922077922	0.051622408277	1
228	Iter0229	9	2	5	1	7	0	0.9	1.0	0.16730530675148003	1
229	Iter0230	13	1	3	3	10	0	13.0	0.06088751289989735	0.17848977318100004	1
230	Iter0231	8	2	4	1	5	0	1.0	1.0	0.0530213628511	1
231	Iter0232	8	1	4	0	2	0	0.9	1.0	0.0248807228293	1
232	Iter0233	5	3	3	0	2	0	0.375	0.4909090909090914	0.060540619649813	1
233	Iter0234	14	6	3	3	8	0	2.333333333333333	0.6278504104591105	0.16721869620029997	1
234	Iter0235	9	4	7	3	4	0	0.9642857142857142	1.0	0.0392056194	1
235	Iter0236	13	1	2	1	7	2	6.5	0.3308823529411765	0.17128780609665	1
236	Iter0237	5	4	3	0	2	0	0.3	0.4909090909090916	0.059581447700000005	1
237	Iter0238	7	3	6	1	5	0	0.3888888888888889	0.6029411764705864	0.0964791936205	1
238	Iter0239	9	2	4	3	7	0	3.375	0.32598039215686275	0.17830863023185203	1
239	Iter0240	3	2	9	2	3	0	0.3333333333333333	0.5467032967032963	0.04257232	1
240	Iter0241	6	1	5	1	3	0	1.2	1.0	0.06260027560999999	1
241	Iter0242	3	3	8	2	2	0	0.25	0.2994505494505489	0.082384854	1
242	Iter0243	8	0	6	2	3	0	3.8571428571428568	0.4666666666666665	0.0405118865	1
243	Iter0244	8	1	9	6	7	1	5.333333333333333	0.1907114624505936	0.19370489999999999	1
244	Iter0245	11	4	6	1	6	1	0.4583333333333333	1.0	0.08351487946646999	1
245	Iter0246	9	5	6	1	6	0	0.3	0.6126160990712111	0.13243311464086	1
246	Iter0247	8	6	3	1	3	1	0.4444444444444444	1.0	0.08918731320805699	1
247	Iter0248	3	4	5	2	3	0	0.3	0.5920745920745918	0.0765809	1
248	Iter0249	11	4	3	1	8	0	0.9166666666666666	1.0	0.12979995830000002	1
249	Iter0250	11	1	3	2	8	0	7.333333333333332	0.19117647058823506	0.16501422883300002	1
250	Iter0251	7	1	5	1	4	0	1.4	1.0	0.04661861480968	1
251	Iter0252	6	1	3	1	4	0	2.0	1.0	0.14688701568999998	1
252	Iter0253	6	1	4	3	2	0	4.5	0.5594405594405601	0.0520164648184	1
253	Iter0254	5	0	10	4	2	1	2.727272727272727	0.5304437564499518	0.0096858811	1
254	Iter0255	9	5	3	3	4	0	1.8	0.6424148606811155	0.046971114673999996	1
255	Iter0256	8	5	7	2	7	0	0.4571428571428572	0.6478328173374585	0.14353636401800002	1
256	Iter0257	8	2	0	3	6	0	12.0	0.03496503496503495	0.09137732949999999	1
257	Iter0258	9	0	5	1	5	0	3.333333333333333	0.3999999999999996	0.13338479582516002	1
258	Iter0259	9	6	7	4	6	0	0.8571428571428571	1.0	0.15086276066162	1
259	Iter0260	7	3	6	3	4	0	1.1666666666666667	1.0	0.12073369399999999	1
260	Iter0261	6	3	1	3	5	0	6.0	0.26573426573426634	0.07419641176099999	1
261	Iter0262	10	6	2	2	7	1	1.6666666666666667	1.0	0.145375211852712	1
262	Iter0263	9	2	3	3	4	1	4.5	0.28005817711700043	0.08004278663282001	1
263	Iter0264	5	2	4	2	4	0	1.25	1.0	0.08581639999962011	1
264	Iter0265	7	0	8	5	3	0	5.333333333333333	0.1137125902992776	0.043273329773	1
265	Iter0266	6	4	7	3	3	1	0.6428571428571428	1.0	0.07838656945000001	1
266	Iter0267	7	4	5	5	4	0	1.75	0.6699214098594926	0.11437321914589	1
267	Iter0268	4	2	2	2	1	0	2.0	1.0	0.012292220019999998	1
268	Iter0269	7	3	4	5	4	0	2.9166666666666665	0.36984996427720973	0.1149504099478803	1
269	Iter0270	10	1	9	3	5	0	3.333333333333333	0.5900621118012409	0.09608676033839998	1
270	Iter0271	10	0	4	1	5	0	4.4	0.3333333333333329	0.070713697949	1
271	Iter0272	5	2	5	3	2	1	1.5	1.0	0.041563534	1
272	Iter0273	7	0	6	3	5	0	4.571428571428571	0.2124999999999989	0.1122459831532	1
273	Iter0274	11	2	8	0	7	0	0.4444444444444444	0.5047619047619056	0.1557790771921	1
274	Iter0275	4	2	5	2	3	0	0.8	1.0	0.0872714138	1
275	Iter0276	3	0	3	2	1	0	3.0	0.4642857142857138	0.026666692171000005	1
276	Iter0277	10	1	2	3	5	0	15.0	0.06318681318681288	0.062928047073	1
277	Iter0278	3	1	6	3	2	1	1.5	1.0	0.0162424677	1
278	Iter0279	13	2	5	6	6	0	7.8	0.038443935926773566	0.13187629306650003	1
279	Iter0280	8	1	6	2	4	0	2.6666666666666665	0.5764705882352942	0.06586256392999999	1
280	Iter0281	6	2	10	3	4	0	0.8999999999999999	1.0	0.032573624	1
281	Iter0282	5	1	4	1	5	0	1.25	1.0	0.14676525	1
282	Iter0283	8	4	2	2	5	0	2.0	0.604395604395601	0.13238586782048922	1
283	Iter0284	13	2	5	5	10	0	6.5	0.07523403370085359	0.29340689181970003	1
284	Iter0285	10	3	6	6	6	2	3.333333333333333	0.22619464261677324	0.086171633	1
285	Iter0286	7	2	1	4	3	0	14.0	0.0909090909090907	0.07597868753999999	1
286	Iter0287	13	4	4	0	10	0	0.5599999999999999	0.5455304928989186	0.2950844115229	1
287	Iter0288	8	5	4	0	5	0	0.3	0.2605042016806704	0.1344581242	1
288	Iter0289	10	4	3	1	5	0	0.8333333333333334	1.0	0.10843733429602068	1
289	Iter0290	9	3	5	0	7	0	0.4166666666666667	0.5147058823529412	0.1648792359428647	1
290	Iter0291	6	2	12	1	3	1	0.25	0.5308270676691711	0.070430271551	1
291	Iter0292	9	1	6	2	6	0	3.0	0.5588235294117672	0.13162178971	1
292	Iter0293	18	2	5	0	9	0	1.0555555555555556	1.0	0.16815470275843003	1
293	Iter0294	11	1	4	2	9	0	5.5	0.24509803921568654	0.141824059	1
294	Iter0295	6	3	6	2	2	0	0.6666666666666666	1.0	0.05144357615	1
295	Iter0296	12	0	3	3	8	0	13.0	0.024509803921568686	0.1934436278589	1
296	Iter0297	8	5	9	3	4	0	0.5333333333333333	0.6727688787185361	0.169398348266	1
297	Iter0298	8	1	3	2	2	0	5.333333333333333	0.5054945054945037	0.057652375019540916	1
298	Iter0299	9	6	5	1	7	1	0.3	0.6126160990712112	0.19372553510700002	1
299	Iter0300	8	1	3	2	6	0	5.333333333333333	0.5054945054945037	0.10099712	1
300	Iter0301	5	1	3	1	2	0	1.6666666666666667	1.0	0.04029089644	1
301	Iter0302	8	4	4	1	5	0	0.5	1.0	0.09651265040000001	1
302	Iter0303	10	2	7	1	7	0	0.7142857142857143	1.0	0.110058776	1
303	Iter0304	17	4	5	1	9	0	0.85	1.0	0.1450732592033	1
304	Iter0305	8	4	3	1	3	0	0.6666666666666666	1.0	0.03449587155000001	1
305	Iter0306	6	3	5	1	3	0	0.4	0.6043956043956029	0.061116630889101034	1
306	Iter0307	6	0	6	5	4	0	6.0	0.1022947640594698	0.07849302798	1
307	Iter0308	7	2	5	4	5	0	2.8	0.6199095022624448	0.06182708320704	1
308	Iter0309	8	5	5	3	4	0	0.96	1.0	0.1477022650472443	1
309	Iter0310	9	5	4	0	7	1	0.33333333333333337	0.2777777777777787	0.17456713661151002	1
310	Iter0311	12	4	9	0	8	1	0.26	0.26007905138340026	0.1565642365907	1
311	Iter0312	11	3	4	0	4	1	0.6	1.0	0.13032633863319998	1
312	Iter0313	11	3	5	4	9	1	2.933333333333333	0.3630367478799303	0.230386918	1
313	Iter0314	6	2	3	1	3	0	1.0	1.0	0.04985903088699993	1
314	Iter0315	6	0	9	1	1	0	1.4	1.0	0.047085061515899994	1
315	Iter0316	5	3	11	7	3	0	1.0606060606060608	1.0	0.11731261831999998	1
316	Iter0317	12	6	9	2	5	0	0.4444444444444444	0.6706262253488678	0.0585917242	1
317	Iter0318	12	1	7	5	8	0	8.571428571428571	0.07304347826086932	0.18208949684589998	1
318	Iter0319	4	2	5	0	3	0	0.2777777777777778	0.454545454545454	0.0291786237	1
319	Iter0320	6	4	3	2	3	0	1.0	1.0	0.09241663720400002	1
320	Iter0321	10	2	6	0	7	0	0.5238095238095238	0.5294117647058844	0.14112620317033003	1
321	Iter0322	4	0	9	4	2	1	2.5	0.5193277310924337	0.005269683041	1
322	Iter0323	7	7	5	2	5	0	0.4	0.6424148606811169	0.09713635773	1
323	Iter0324	12	4	3	3	5	1	3.0	0.3340838727835651	0.08189162245999997	1
324	Iter0325	11	4	1	4	5	0	11.0	0.10887512899896797	0.0937393843503	1
325	Iter0326	4	5	8	1	3	0	0.1	0.1312217194570135	0.0420326689	1
326	Iter0327	6	2	9	3	4	2	1.0	1.0	0.06657560224	1
327	Iter0328	10	3	3	0	7	0	0.6875	1.0	0.15917405421499997	1
328	Iter0329	12	1	3	1	8	0	4.0	0.4264705882352935	0.148897451221	1
329	Iter0330	8	2	4	0	4	1	0.6	1.0	0.11817892595200001	1
330	Iter0331	16	4	3	2	6	0	2.6666666666666665	0.562281197063804	0.0887104984511546	1
331	Iter0332	7	1	5	3	3	0	4.2	0.5692307692307681	0.09472624859519999	1
332	Iter0333	4	1	9	4	0	0	1.7777777777777777	1.0	-5.3265132700000015e-05	0
333	Iter0334	5	4	7	2	5	0	0.35714285714285715	0.6199095022624448	0.07169514	1
334	Iter0335	8	4	4	2	4	0	1.0	1.0	0.0416657471241	1
335	Iter0336	5	1	6	2	2	0	1.6666666666666667	1.0	0.05913268196839999	1
336	Iter0337	8	3	6	3	5	0	1.3333333333333333	1.0	0.11300236992628258	1
337	Iter0338	3	3	5	2	1	0	0.4	0.5920745920745938	0.024378006350000002	1
338	Iter0339	12	2	4	2	9	0	3.0	0.5492260061919542	0.195593375793	1
339	Iter0340	5	2	4	4	2	0	2.5	0.6083916083916074	0.03849913379799788	1
340	Iter0341	12	1	8	1	8	0	1.5	1.0	0.11258010870441998	1
341	Iter0342	8	3	6	1	3	1	0.4444444444444444	1.0	0.028978376259999997	1
342	Iter0343	9	4	2	3	6	0	3.375	0.3259803921568637	0.0917016076	1
343	Iter0344	9	7	1	3	6	0	3.8571428571428577	0.5820433436532529	0.155023219466342	1
344	Iter0345	10	5	5	2	7	1	0.8	1.0	0.1276885562	1
345	Iter0346	6	6	0	2	4	0	3.0	0.4725274725274709	0.08489416933999999	1
346	Iter0347	11	2	7	1	8	0	0.7857142857142857	1.0	0.19471149244000002	1
347	Iter0348	7	3	6	3	5	0	1.1666666666666667	1.0	0.1309716423398	1
348	Iter0349	5	2	2	2	3	0	2.5	0.5757575757575759	0.07880982623686002	1
349	Iter0350	10	4	1	2	8	0	5.0	0.5147058823529405	0.15654971040000001	1
350	Iter0351	7	3	8	3	3	0	0.8750000000000001	1.0	0.0364598568592	1
351	Iter0352	7	3	4	2	2	0	1.1666666666666667	1.0	0.04268892284815999	1
352	Iter0353	10	5	8	2	6	0	0.5	0.6592469315581482	0.16610338177	1
353	Iter0354	3	3	7	3	1	0	0.42857142857142855	0.6066433566433559	0.022044419495210004	1
354	Iter0355	9	3	4	2	9	0	1.5	1.0	0.17095435	1
355	Iter0356	5	3	3	1	3	0	0.5555555555555556	1.0	0.05689996175	1
356	Iter0357	4	6	3	2	4	0	0.4444444444444444	0.6083916083916072	0.06747338	1
357	Iter0358	15	3	1	1	8	0	5.0	0.3684210526315783	0.16880610446797045	1
358	Iter0359	8	3	8	2	5	3	0.6666666666666666	1.0	0.13813578299999998	1
359	Iter0360	10	2	2	2	5	0	5.0	0.2445054945054928	0.067343293420305	1
360	Iter0361	10	4	5	0	6	2	0.3666666666666667	0.5304437564499516	0.13977570067000003	1
361	Iter0362	9	2	4	3	6	0	3.375	0.32598039215686275	0.05718471701	1
362	Iter0363	12	2	3	2	6	0	4.0	0.272187822497422	0.14996249531190003	1
363	Iter0364	10	3	7	0	6	1	0.34375	0.5210526315789468	0.13584984797740002	1
364	Iter0365	4	3	4	2	3	2	0.6666666666666666	1.0	0.06575304875	1
365	Iter0366	6	2	3	2	3	0	2.0	1.0	0.041654662982813	1
366	Iter0367	12	3	0	3	9	0	13.0	0.024509803921568686	0.19858250197367003	1
367	Iter0368	7	4	6	2	7	0	0.5833333333333334	1.0	0.09035365000000001	1
368	Iter0369	9	3	7	1	5	0	0.42857142857142855	0.6185758513931914	0.16284982280000002	1
369	Iter0370	7	1	6	1	1	0	1.1666666666666667	1.0	0.024631981009999998	1
370	Iter0371	6	3	5	2	2	0	0.8	1.0	0.0386062721937	1
371	Iter0372	12	1	6	2	7	0	4.0	0.5308270676691711	0.227144300053	1
372	Iter0373	5	4	4	2	3	0	0.625	1.0	0.08466736350000001	1
373	Iter0374	9	4	4	2	4	0	1.125	1.0	0.1689758961315	1
374	Iter0375	2	5	3	3	1	0	0.4	0.5920745920745943	0.03719404885	1
375	Iter0376	8	3	3	1	2	0	0.8888888888888888	1.0	0.048850507082238204	1
376	Iter0377	10	2	8	2	5	0	1.25	1.0	0.07386778278	1
377	Iter0378	6	2	10	4	3	2	1.2	1.0	0.05949656097889999	1
378	Iter0379	8	2	6	2	6	0	1.3333333333333333	1.0	0.13093627688	1
379	Iter0380	9	1	6	2	6	0	3.0	0.5588235294117672	0.09967441284000002	1
380	Iter0381	10	2	4	1	8	0	1.25	1.0	0.107995559	1
381	Iter0382	10	0	1	2	7	0	16.5	0.03846153846153854	0.1354301754	1
382	Iter0383	11	3	3	0	8	0	0.75	1.0	0.09213870792931922	1
383	Iter0384	8	3	10	2	3	0	0.5333333333333333	0.6404053612291543	0.02000048629	1
384	Iter0385	10	3	7	1	6	1	0.4761904761904762	1.0	0.219068480156501	1
385	Iter0386	3	0	4	1	3	0	1.6	1.0	0.054534200000000005	1
386	Iter0387	5	2	2	3	3	0	3.75	0.5580808080808088	0.06279481640000001	1
387	Iter0388	6	2	5	2	5	0	1.2	1.0	0.14135870832900002	1
388	Iter0389	7	1	5	0	6	0	0.6666666666666666	1.0	0.1019738024	1
389	Iter0390	7	1	8	2	3	3	1.75	1.0	0.05131350743000001	1
390	Iter0391	7	2	4	0	6	0	0.5333333333333333	1.0	0.11543475450000001	1
391	Iter0392	4	2	7	0	4	0	0.20833333333333331	0.19230769230769254	0.059736300000000006	1
392	Iter0393	14	6	4	4	11	0	2.333333333333333	0.400425661295224	0.18165203237	1
393	Iter0394	4	1	3	1	3	0	1.3333333333333333	1.0	0.0838857944	1
394	Iter0395	12	6	4	0	6	2	0.37142857142857133	0.5406698564593277	0.13477945805500002	1
395	Iter0396	10	3	8	3	6	0	1.2500000000000002	1.0	0.171149233	1
396	Iter0397	6	3	5	0	3	0	0.2916666666666667	0.25824175824175777	0.07000163537999222	1
397	Iter0398	5	1	5	0	3	0	0.5	1.0	0.061610242800000006	1
398	Iter0399	6	1	2	2	3	0	6.0	0.4909090909090907	0.07094228554	1
399	Iter0400	6	4	8	4	5	1	0.75	1.0	0.10976770899999999	1
400	Iter0401	9	1	3	2	4	0	6.0	0.2417582417582405	0.05775473226240001	1
401	Iter0402	9	3	7	2	6	0	0.8571428571428571	1.0	0.10156148980569998	1
402	Iter0403	6	2	6	5	4	0	2.5	0.6332460109549893	0.046510476999999995	1
403	Iter0404	9	4	5	4	5	0	1.8	0.6619195046439599	0.10597629690000002	1
404	Iter0405	8	2	8	1	4	0	0.5	1.0	0.065481582718	1
405	Iter0406	7	3	6	0	4	1	0.2857142857142857	0.2499999999999992	0.071997850778	1
406	Iter0407	9	2	7	3	7	0	1.9285714285714284	0.6351172047766502	0.094635509	1
407	Iter0408	4	1	3	1	3	0	1.3333333333333333	1.0	0.05994752095999999	1
408	Iter0409	12	2	3	4	5	0	8.0	0.11958204334365385	0.11521629700000001	1
409	Iter0410	10	3	3	0	9	0	0.6875	1.0	0.25251289	1
410	Iter0411	11	3	3	3	5	0	3.6666666666666665	0.3027089783281745	0.0984067011991596	1
411	Iter0412	8	1	4	5	5	0	10.0	0.1312217194570135	0.095967616506	1
412	Iter0413	8	4	5	4	6	0	1.6	0.6730650154798735	0.139468485	1
413	Iter0414	1	2	6	3	1	0	0.25	0.5227272727272733	0.0140757	1
414	Iter0415	8	3	5	3	7	0	1.6	1.0	0.13787622500000002	1
415	Iter0416	11	3	10	2	8	0	0.7333333333333333	1.0	0.14092825289000002	1
416	Iter0417	6	4	6	3	2	1	0.75	1.0	0.018144743835899996	1
417	Iter0418	5	3	4	2	3	0	0.8333333333333334	1.0	0.0522370359866598	1
418	Iter0419	8	4	8	1	4	0	0.25	0.3383458646616536	0.069745251987	1
419	Iter0420	10	4	8	5	6	1	1.5625	0.6945842868039716	0.11211237082394591	1
420	Iter0421	8	2	5	3	7	1	2.4	0.6078431372549022	0.142665948	1
421	Iter0422	7	4	5	8	4	0	2.8	0.4136492125454293	0.02823417572481	1
422	Iter0423	4	1	6	1	2	0	0.6666666666666666	1.0	0.039059932629999995	1
423	Iter0424	8	0	2	0	4	0	3.0	1.0	0.0742315598	1
424	Iter0425	9	2	1	1	6	0	4.5	0.42307692307692496	0.09144971999705331	1
425	Iter0426	6	2	7	5	5	0	2.142857142857143	0.6424148606811138	0.08928667900000001	1
426	Iter0427	6	2	3	2	6	0	2.0	1.0	0.10722563	1
427	Iter0428	8	2	6	3	3	0	2.0	0.6284829721362238	0.06418962179957	1
428	Iter0429	8	1	8	1	6	1	1.0	1.0	0.1111371637	1
429	Iter0430	4	3	12	2	3	0	0.2222222222222222	0.2800137598899229	0.030578143244019994	1
430	Iter0431	7	3	5	1	2	0	0.4666666666666667	1.0	0.0332521853499	1
431	Iter0432	8	2	6	4	5	0	2.6666666666666665	0.6284829721362245	0.149608107536	1
432	Iter0433	8	6	7	3	5	0	0.5714285714285714	0.6784560506124687	0.0961485977278	1
433	Iter0434	9	0	3	2	5	0	7.5	0.10989010989010946	0.06279713651	1
434	Iter0435	7	6	5	1	3	0	0.2333333333333333	0.33307533539731554	0.04911754143974	1
435	Iter0436	9	2	6	2	5	0	1.5	1.0	0.0870672475749852	1
436	Iter0437	13	1	4	0	8	0	1.4	1.0	0.14737039084524445	1
437	Iter0438	14	6	3	2	9	0	1.5555555555555556	1.0	0.1011942514498	1
438	Iter0439	9	4	7	1	4	0	0.32142857142857145	0.6064671482628156	0.0522940682108016	1
439	Iter0440	3	3	4	2	1	0	0.5	1.0	0.00175233908457	1
440	Iter0441	8	2	4	2	6	0	2.0	0.6043956043956026	0.16381669011000002	1
441	Iter0442	7	4	11	3	6	0	0.4772727272727273	0.6564073226544651	0.10629601087	1
442	Iter0443	11	6	6	3	7	0	0.9166666666666666	1.0	0.1000663953408	1
443	Iter0444	5	2	6	3	3	2	1.25	1.0	0.07169679597192768	1
444	Iter0445	13	2	4	4	6	0	6.5	0.13098952915886575	0.15057408489	1
445	Iter0446	5	0	9	4	1	2	3.0	0.27777777777777785	0.013342729	1
446	Iter0447	14	7	3	1	7	0	0.6666666666666666	1.0	0.093796373202	1
447	Iter0448	7	3	5	4	4	0	1.8666666666666667	0.6499166468206711	0.08212013390600001	1
448	Iter0449	8	1	6	5	6	0	6.666666666666668	0.1571207430340557	0.13558494799999998	1
449	Iter0450	8	3	4	1	4	0	0.6666666666666666	1.0	0.07893010947159998	1
450	Iter0451	12	2	4	3	7	0	4.5	0.2800137598899229	0.09412271450000001	1
451	Iter0452	6	5	10	5	2	0	0.6	0.6890564005922775	0.045471613295999996	1
452	Iter0453	5	1	4	5	3	0	6.25	0.28671328671328616	0.0717300061	1
453	Iter0454	8	1	9	0	4	0	0.45	1.0	0.063238210434193	1
454	Iter0455	9	3	4	2	7	0	1.5	1.0	0.13139974987630001	1
455	Iter0456	5	1	10	1	4	1	0.5	1.0	0.0572701803	1
456	Iter0457	6	2	2	2	4	0	3.0	0.5474747474747486	0.08845058900000001	1
457	Iter0458	5	2	6	2	2	1	0.8333333333333334	1.0	0.06867057685458001	1
458	Iter0459	11	1	7	4	4	0	6.2857142857142865	0.15495259888852478	0.11471351425815	1
459	Iter0460	7	2	2	2	4	0	3.5	0.5300699300699305	0.089594794825	1
460	Iter0461	5	1	3	4	3	0	6.666666666666668	0.2657342657342661	0.03705089184	1
461	Iter0462	7	6	7	0	4	0	0.14285714285714285	0.051496388028895584	0.12715323804303	1
462	Iter0463	7	2	4	0	6	0	0.5333333333333333	1.0	0.17642562	1
463	Iter0464	9	5	4	0	6	1	0.33333333333333337	0.2777777777777787	0.06821353322410001	1
464	Iter0465	11	0	7	2	7	1	4.5	0.1894736842105263	0.11061351373075537	1
465	Iter0466	5	3	3	2	2	0	1.1111111111111112	1.0	0.018869279376474996	1
466	Iter0467	11	1	7	2	8	0	3.1428571428571432	0.5533834586466142	0.19815070563899997	1
467	Iter0468	8	3	5	0	6	0	0.375	0.5089285714285694	0.09042241966900999	1
468	Iter0469	3	2	7	2	2	0	0.42857142857142855	0.5804195804195791	0.037864941	1
469	Iter0470	10	0	6	3	5	0	6.2857142857142865	0.0866873065015484	0.059759857439999994	1
470	Iter0471	11	0	5	2	4	0	6.0	0.13725490196078502	0.09119044417200001	1
471	Iter0472	10	2	5	1	6	1	1.0	1.0	0.12218984420281999	1
472	Iter0473	9	5	3	0	8	1	0.4166666666666667	0.5147058823529412	0.18952359400000002	1
473	Iter0474	5	4	7	2	1	0	0.35714285714285715	0.6199095022624448	0.00928190997	1
474	Iter0475	8	3	4	4	2	1	2.6666666666666665	0.37651821862348206	0.042227761180409995	1
475	Iter0476	8	4	8	3	6	0	0.75	1.0	0.0852854008	1
476	Iter0477	10	3	6	3	8	2	1.6666666666666667	0.6550199026979191	0.17871756480000003	1
477	Iter0478	10	2	3	4	6	0	6.666666666666668	0.12874097007223875	0.12663448443000003	1
478	Iter0479	7	2	9	2	3	0	0.7777777777777778	1.0	0.04430292892919001	1
479	Iter0480	6	2	1	0	4	0	1.1666666666666667	1.0	0.050700949984933893	1
480	Iter0481	9	9	8	0	3	0	0.1111111111111111	0.02327055095933817	0.07895857145744001	1
481	Iter0482	7	1	7	1	6	0	1.0	1.0	0.09407963999999999	1
482	Iter0483	4	3	5	1	3	0	0.26666666666666666	0.5594405594405606	0.0598774154	1
483	Iter0484	5	3	2	2	1	0	1.6666666666666667	1.0	0.05876773445809403	1
484	Iter0485	10	4	3	2	7	0	1.6666666666666667	1.0	0.14791087784999998	1
485	Iter0486	6	1	2	3	2	0	9.0	0.22222222222222265	0.042960309999999995	1
486	Iter0487	11	4	5	3	6	1	1.65	0.657019787319963	0.10618542956011	1
487	Iter0488	11	0	4	1	6	0	4.8	0.3124999999999997	0.081818683289	1
488	Iter0489	8	5	4	3	6	0	1.2000000000000002	1.0	0.13566362085	1
489	Iter0490	11	3	2	1	8	0	1.8333333333333333	1.0	0.1522365794748272	1
490	Iter0491	17	2	2	2	8	0	8.5	0.1245623941276112	0.17251355654478898	1
491	Iter0492	5	1	4	3	3	0	3.75	0.5594405594405606	0.05340173298977189	1
492	Iter0493	8	2	5	5	4	2	4.0	0.3498452012383904	0.07617484477099999	1
493	Iter0494	12	3	1	1	10	0	4.0	0.426470588235295	0.2535864751	1
494	Iter0495	6	2	5	0	5	0	0.3888888888888889	0.4871794871794886	0.1186296135588	1
495	Iter0496	7	3	6	3	3	0	1.1666666666666667	1.0	0.09853960320973999	1
496	Iter0497	10	3	5	0	5	1	0.4583333333333333	0.5220588235294127	0.0855015351	1
497	Iter0498	9	5	6	1	5	1	0.3	0.6126160990712111	0.09502281043410203	1
498	Iter0499	7	3	3	1	3	0	0.7777777777777778	1.0	0.050210673402	1
499	Iter0500	7	5	6	1	2	0	0.2333333333333333	0.3330753353973148	0.024739689612	1
500	Iter0501	8	2	2	5	5	0	10.0	0.05841217605923488	0.12816309409999999	1
501	Iter0502	4	3	2	2	4	0	1.3333333333333333	1.0	0.09532102	1
502	Iter0503	8	0	9	1	5	0	1.8	1.0	0.073989698498	1
503	Iter0504	7	2	10	1	3	1	0.35	0.5657894736842117	0.0639986635911113	1
504	Iter0505	7	7	5	1	3	0	0.2	0.32456140350877233	0.09473693891254101	1
505	Iter0506	10	4	4	2	5	0	1.25	1.0	0.054132933220000005	1
506	Iter0507	10	8	3	3	4	1	1.25	1.0	0.15479638571100002	1
507	Iter0508	10	1	8	0	7	0	0.6111111111111112	1.0	0.1093968513658842	1
508	Iter0509	9	4	7	4	6	0	1.2857142857142858	1.0	0.14067708712100002	1
509	Iter0510	6	5	5	6	3	0	1.44	1.0	0.071371612555	1
510	Iter0511	7	2	6	1	4	0	0.5833333333333334	1.0	0.11955598241000001	1
511	Iter0512	8	2	5	0	4	1	0.5	0.5238095238095215	0.07592049103000001	1
512	Iter0513	8	2	3	4	2	0	5.333333333333333	0.161764705882353	0.0503532182334	1
513	Iter0514	8	2	6	4	7	0	2.6666666666666665	0.6284829721362245	0.1826038858	1
514	Iter0515	7	3	1	3	6	0	7.000000000000001	0.2447552447552444	0.1109671852488	1
515	Iter0516	4	3	8	6	4	0	1.0	1.0	0.06860014	1
516	Iter0517	3	0	4	1	2	1	1.6	1.0	0.09354874869999999	1
517	Iter0518	6	5	7	5	3	1	0.8571428571428572	1.0	0.048199467965000006	1
518	Iter0519	10	1	9	1	5	2	1.1111111111111112	1.0	0.16404647498274	1
519	Iter0520	16	0	6	0	10	0	2.4285714285714284	1.0	0.15562600250464478	1
520	Iter0521	10	2	6	1	6	1	0.8333333333333334	1.0	0.12136875726700001	1
521	Iter0522	16	5	6	3	11	0	1.6	0.6662345750201857	0.302053359064	1
522	Iter0523	6	1	2	3	4	2	9.0	0.22222222222222265	0.04054468112838999	1
523	Iter0524	13	2	2	0	6	0	1.5555555555555556	1.0	0.10304768664000001	1
524	Iter0525	3	0	4	1	2	0	1.6	1.0	0.04945329738144	1
525	Iter0526	9	1	5	4	6	0	7.2	0.1408668730650159	0.0966667454	1
526	Iter0527	10	0	3	1	6	1	5.5	0.2857142857142847	0.15189737416000001	1
527	Iter0528	9	2	9	1	4	0	0.5	1.0	0.055466234439999984	1
528	Iter0529	8	1	3	2	4	0	5.333333333333333	0.5054945054945037	0.08176121709999999	1
529	Iter0530	9	3	3	2	4	0	2.0	0.6000323206205526	0.09270061282215	1
530	Iter0531	10	2	6	3	8	0	2.5	0.6107916850950901	0.22608433866000002	1
531	Iter0532	10	3	6	3	6	0	1.6666666666666667	0.6550199026979191	0.07591206202179801	1
532	Iter0533	8	1	3	1	3	0	2.6666666666666665	1.0	0.0856375085	1
533	Iter0534	13	1	6	0	10	2	1.0	1.0	0.20371623169999997	1
534	Iter0535	9	4	4	0	4	0	0.4	0.5193277310924337	0.081024034649	1
535	Iter0536	9	4	3	1	4	0	0.75	1.0	0.11255980172205769	1
536	Iter0537	8	2	4	0	5	0	0.6	1.0	0.058298576639999995	1
537	Iter0538	9	0	8	4	4	2	5.5555555555555545	0.10375939849624116	0.07776964725098	1
538	Iter0539	4	1	10	5	3	0	2.0	1.0	0.051657515	1
539	Iter0540	10	0	4	0	6	0	2.2	1.0	0.13573619999367192	1
540	Iter0541	13	1	4	5	9	0	16.25	0.018306636155606404	0.22852640745	1
541	Iter0542	6	4	10	2	3	1	0.3	0.3476337903582473	0.048283220220000006	1
542	Iter0543	4	4	9	3	4	1	0.3333333333333333	0.3563467492260055	0.1129261	1
543	Iter0544	5	3	5	0	2	0	0.25	0.2307692307692313	0.040854569320142	1
544	Iter0545	5	4	6	3	2	1	0.625	1.0	0.0632447457712	1
545	Iter0546	10	4	3	3	8	1	2.5	0.6126160990712081	0.217455347	1
546	Iter0547	12	5	2	7	6	0	8.4	0.03752860411899316	0.06325276262480001	1
547	Iter0548	4	4	6	4	3	0	0.6666666666666666	1.0	0.079300365	1
548	Iter0549	8	6	4	4	4	0	1.3333333333333333	1.0	0.08711581524040002	1
549	Iter0550	8	3	5	2	7	0	1.0666666666666669	1.0	0.13099711908	1
550	Iter0551	6	1	7	4	4	1	3.4285714285714284	0.5955882352941178	0.060501718906600006	1
551	Iter0552	11	1	3	3	9	0	11.0	0.0833333333333336	0.17497864286499995	1
552	Iter0553	9	3	6	2	6	0	1.0	1.0	0.11789121438696999	1
553	Iter0554	10	4	4	1	4	0	0.625	1.0	0.07123289016964	1
554	Iter0555	10	1	4	5	8	0	12.5	0.049845201238390174	0.17168197410000002	1
555	Iter0556	12	0	6	1	9	0	3.7142857142857135	0.3684210526315791	0.093997829399	1
556	Iter0557	6	6	5	2	3	0	0.4	0.6332460109549873	0.085849776113	1
557	Iter0558	10	1	11	4	7	0	3.636363636363636	0.3561872909698985	0.11219219797353559	1
558	Iter0559	11	4	7	4	6	0	1.5714285714285714	0.6828375286041196	0.136542517373	1
559	Iter0560	5	3	7	3	4	0	0.7142857142857143	1.0	0.09418755549	1
560	Iter0561	8	4	3	2	3	0	1.3333333333333333	1.0	0.04262800403	1
561	Iter0562	9	2	7	0	7	0	0.4166666666666667	0.496732026143794	0.19012552299682675	1
562	Iter0563	2	2	2	2	2	1	1.0	1.0	0.03263862	1
563	Iter0564	5	1	6	0	2	0	0.42857142857142855	1.0	0.0490538455	1
564	Iter0565	3	6	4	2	3	0	0.25	0.3146853146853142	0.0775992	1
565	Iter0566	8	4	3	1	4	0	0.6666666666666666	1.0	0.07815998271	1
566	Iter0567	15	5	7	3	11	0	1.2857142857142856	1.0	0.23514704784390006	1
567	Iter0568	6	1	6	3	5	2	3.0	0.5846153846153819	0.11738728639999998	1
568	Iter0569	3	2	5	2	1	0	0.6	1.0	0.018350466100000004	1
569	Iter0570	8	5	5	1	6	0	0.32	0.6047103051747003	0.14098103488100003	1
570	Iter0571	15	2	3	6	9	0	15.0	0.007709910227072668	0.260206205640378	1
571	Iter0572	4	3	3	0	4	0	0.3125	0.4749999999999999	0.09128223	1
572	Iter0573	12	2	5	2	6	1	2.4	0.5742690058479596	0.10473038935884102	1
573	Iter0574	8	1	7	2	5	1	2.2857142857142856	1.0	0.06320827247797	1
574	Iter0575	5	1	3	1	3	0	1.6666666666666667	1.0	0.04438200750463	1
575	Iter0576	5	2	3	2	4	0	1.6666666666666667	1.0	0.058014071	1
576	Iter0577	13	2	5	0	9	1	0.7777777777777778	1.0	0.207872634753	1
577	Iter0578	2	5	4	3	2	0	0.30000000000000004	0.5920745920745918	0.0472023783	1
578	Iter0579	8	4	2	2	6	0	2.0	0.604395604395601	0.1534733517304	1
579	Iter0580	7	3	8	6	6	0	1.7500000000000002	0.6784560506124708	0.15250734742000002	1
580	Iter0581	10	2	8	2	7	2	1.25	1.0	0.1663428220904	1
581	Iter0582	7	8	5	2	6	0	0.35	0.3808049535603707	0.09690239780000001	1
582	Iter0583	5	0	6	3	5	0	3.4285714285714284	0.25824175824175777	0.17040829999999996	1
583	Iter0584	11	4	5	6	7	0	3.3	0.2279714631848177	0.12340177	1
584	Iter0585	6	4	2	4	5	0	3.0	0.6083916083916083	0.08800817619000001	1
585	Iter0586	12	1	4	1	5	0	3.0	0.4901960784313716	0.08959871518600002	1
586	Iter0587	2	1	8	2	0	0	0.5	1.0	-6.1753659719e-06	0
587	Iter0588	8	3	7	0	5	0	0.28125	0.2450980392156873	0.061446371500000006	1
588	Iter0589	11	5	10	3	5	0	0.66	0.6968182575379029	0.0943493691993	1
589	Iter0590	8	4	1	2	3	0	4.0	0.5252747252747227	0.041766905489	1
590	Iter0591	8	3	6	3	4	0	1.3333333333333333	1.0	0.0475624297	1
591	Iter0592	6	4	4	2	2	1	0.75	1.0	0.03840199815	1
592	Iter0593	7	4	10	5	5	0	0.875	1.0	0.131746793713	1
593	Iter0594	4	5	2	1	3	0	0.4	1.0	0.075406920321	1
594	Iter0595	9	4	5	2	9	0	0.9	1.0	0.084926677	1
595	Iter0596	7	2	2	2	4	0	3.5	0.5300699300699305	0.11514550066910002	1
596	Iter0597	5	3	3	1	4	0	0.5555555555555556	1.0	0.0590961399924868	1
597	Iter0598	4	6	5	4	1	0	0.5333333333333333	0.6562817986966591	0.029622299990364	1
598	Iter0599	14	3	7	2	8	0	1.3333333333333337	1.0	0.20323001499999999	1
599	Iter0600	8	2	5	1	5	0	0.8	1.0	0.11696765079999999	1
600	Iter0601	4	3	6	2	3	1	0.4444444444444444	0.6083916083916068	0.06869649500000001	1
601	Iter0602	9	1	2	2	5	0	9.0	0.17582417582417564	0.142269384613	1
602	Iter0603	13	3	4	5	10	0	5.416666666666666	0.08699812773039373	0.174268684464	1
603	Iter0604	10	2	7	3	6	2	2.142857142857143	0.6240601503759378	0.11080687512500001	1
604	Iter0605	11	1	4	1	7	0	2.75	0.5147058823529393	0.16048306653299999	1
605	Iter0606	9	0	2	7	5	0	26.66666666666667	0.002262443438914029	0.13533772188999998	1
606	Iter0607	7	4	7	2	6	0	0.5	0.6424148606811141	0.17273147430000002	1
607	Iter0608	9	1	4	7	7	0	15.75	0.023735810113519062	0.17874267959999998	1
608	Iter0609	4	2	5	5	4	0	2.0	0.6328671328671316	0.10005432	1
609	Iter0610	9	4	4	1	4	0	0.5625	1.0	0.10609039306399999	1
610	Iter0611	9	1	4	2	6	0	4.5	0.5178571428571411	0.0885085489358	1
611	Iter0612	6	1	3	3	3	0	6.0	0.26573426573426634	0.06635378465	1
612	Iter0613	5	2	7	0	4	0	0.25	0.461538461538459	0.0700585004	1
613	Iter0614	7	2	3	0	6	0	0.6666666666666666	1.0	0.13432282	1
614	Iter0615	15	1	3	4	11	0	20.0	0.017266486374037736	0.19216633603900002	1
615	Iter0616	6	6	5	5	4	0	1.0	1.0	0.09117359410968001	1
616	Iter0617	6	7	6	2	1	0	0.2857142857142857	0.3665634674922597	0.008605643082700001	1
617	Iter0618	9	4	8	5	6	0	1.40625	1.0	0.09863056715997601	1
618	Iter0619	7	3	5	4	5	0	1.8666666666666667	0.6499166468206711	0.0706499419448	1
619	Iter0620	14	1	4	2	8	1	7.0	0.1842105263157894	0.13498353312	1
620	Iter0621	14	4	3	3	6	0	3.5	0.30684418556272103	0.11645702782799999	1
621	Iter0622	10	3	4	2	7	0	1.6666666666666667	1.0	0.14102920000000002	1
622	Iter0623	7	2	8	4	5	0	1.75	0.6594427244582046	0.069585828	1
623	Iter0624	6	2	3	2	4	0	2.0	1.0	0.088947212723	1
624	Iter0625	9	1	7	0	6	0	0.625	1.0	0.07553573899999999	1
625	Iter0626	7	1	5	2	5	1	2.8	0.5692307692307675	0.08940115853358001	1
626	Iter0627	7	7	6	2	5	0	0.3333333333333333	0.3801857585139316	0.11217774800000001	1
627	Iter0628	6	2	6	6	5	0	3.0	0.3728506787330317	0.08699550637	1
628	Iter0629	17	4	8	2	10	0	1.0625	1.0	0.248650028984	1
629	Iter0630	3	4	3	4	2	0	1.0	1.0	0.04705178199	1
630	Iter0631	5	4	5	2	3	0	0.5	0.632867132867131	0.060980877018	1
631	Iter0632	6	4	6	1	3	0	0.25	0.3382352941176455	0.027146433900000006	1
632	Iter0633	7	3	6	5	4	0	1.9444444444444449	0.6594427244582034	0.09283280154	1
633	Iter0634	10	3	8	2	1	0	0.8333333333333334	1.0	0.00547961873327	1
634	Iter0635	10	1	4	2	6	0	5.0	0.514705882352942	0.09027202999999998	1
635	Iter0636	11	4	1	3	9	0	8.25	0.11738906088751296	0.1923641135316	1
636	Iter0637	8	0	2	6	4	0	21.0	0.006993006993006983	0.1171167206	1
637	Iter0638	8	2	3	0	5	0	0.75	1.0	0.13916059029	1
638	Iter0639	2	2	8	2	2	0	0.25	0.5204795204795203	0.03136418	1
639	Iter0640	13	5	1	4	7	0	10.4	0.056168088204701525	0.18578568621400002	1
640	Iter0641	9	2	6	6	5	0	4.5	0.1930273253466143	0.12643320150700002	1
641	Iter0642	16	2	7	2	11	1	2.2857142857142856	0.5815384615384667	0.18362150670389998	1
642	Iter0643	6	4	1	4	5	0	6.0	0.2820512820512819	0.04462058941000001	1
643	Iter0644	10	2	4	1	7	0	1.25	1.0	0.12748683289939	1
644	Iter0645	16	4	0	6	11	0	23.8	0.0009121313469139555	0.16433429600204003	1
645	Iter0646	7	4	6	2	4	0	0.5833333333333334	1.0	0.053827454350699994	1
646	Iter0647	12	4	6	1	7	1	0.5	1.0	0.1216976178	1
647	Iter0648	12	3	9	3	8	0	1.3333333333333333	1.0	0.16964838753400002	1
648	Iter0649	17	3	6	3	5	1	2.833333333333333	0.339067828723005	0.07866059054300002	1
649	Iter0650	5	1	6	2	2	1	1.6666666666666667	1.0	0.032099192742	1
650	Iter0651	9	4	6	1	8	0	0.375	0.6126160990712084	0.17195821190000002	1
651	Iter0652	6	6	3	2	4	1	0.6666666666666666	1.0	0.08524419	1
652	Iter0653	5	4	2	3	2	0	1.875	1.0	0.02164826219	1
653	Iter0654	8	1	6	4	4	1	5.333333333333333	0.30340557275541835	0.12387058124786601	1
654	Iter0655	6	2	3	0	3	0	0.5833333333333334	1.0	0.05713338174799998	1
655	Iter0656	9	2	3	2	4	0	3.0	0.5467032967032961	0.046209334574453996	1
656	Iter0657	7	3	7	4	3	0	1.3333333333333337	1.0	0.041290594262062004	1
657	Iter0658	6	5	6	2	4	0	0.4	0.6332460109549896	0.11210520042699999	1
658	Iter0659	12	4	6	1	7	1	0.5	1.0	0.187977094674	1
659	Iter0660	6	0	4	0	4	0	1.4	1.0	0.06471696834000001	1
660	Iter0661	4	3	3	3	1	0	1.3333333333333333	1.0	0.01877800299998817	1
661	Iter0662	6	2	10	3	4	0	0.8999999999999999	1.0	0.07258456818	1
662	Iter0663	4	5	3	6	3	0	1.6	1.0	0.0404128626	1
663	Iter0664	12	1	5	1	7	0	2.4	1.0	0.13785054390169998	1
664	Iter0665	5	3	4	2	4	0	0.8333333333333334	1.0	0.07511588964635	1
665	Iter0666	10	2	1	0	8	0	1.8333333333333333	1.0	0.23279886574922287	1
666	Iter0667	10	3	8	3	7	1	1.2500000000000002	1.0	0.1570824047	1
667	Iter0668	7	3	5	3	4	0	1.4	1.0	0.051405236892603	1
668	Iter0669	9	2	3	1	8	1	1.5	1.0	0.12964097300000002	1
669	Iter0670	7	5	4	3	5	0	1.05	1.0	0.122934865571	1
670	Iter0671	13	3	3	3	10	0	4.333333333333333	0.2828595553053761	0.288269612159	1
671	Iter0672	9	2	8	4	5	1	2.25	0.6404053612291566	0.09095466897121	1
672	Iter0673	6	2	5	3	1	0	1.7999999999999998	1.0	0.025653746010000002	1
673	Iter0674	8	7	7	4	4	0	0.6530612244897959	0.7007167855700661	0.091215950175	1
674	Iter0675	8	4	7	3	5	0	0.8571428571428571	1.0	0.06654049779	1
675	Iter0676	10	5	1	2	7	0	4.0	0.5281862745098056	0.11261317099999998	1
676	Iter0677	9	1	8	2	7	0	2.25	1.0	0.166466061	1
677	Iter0678	11	2	9	2	4	1	1.2222222222222223	1.0	0.09503315410410001	1
678	Iter0679	10	4	3	3	6	0	2.5	0.6126160990712081	0.09569187998029201	1
679	Iter0680	5	2	6	3	2	0	1.25	1.0	0.037960141265280904	1
680	Iter0681	8	4	5	3	5	0	1.2	1.0	0.05620084702198981	1
681	Iter0682	5	0	5	1	4	0	2.0	1.0	0.12767329139	1
682	Iter0683	11	3	2	1	6	0	1.8333333333333333	1.0	0.11796406342	1
683	Iter0684	13	3	4	0	7	2	0.7	1.0	0.15205728867499999	1
684	Iter0685	6	5	3	1	6	0	0.4	0.6043956043956045	0.1279351	1
685	Iter0686	9	4	2	2	7	0	2.25	0.5840336134453747	0.15076071103	1
686	Iter0687	8	1	1	0	4	0	2.25	1.0	0.0761524461087	1
687	Iter0688	7	2	8	1	6	0	0.4375	1.0	0.19137684600000002	1
688	Iter0689	8	2	7	3	7	0	1.7142857142857142	1.0	0.11325168747	1
689	Iter0690	4	1	3	8	4	0	10.666666666666666	0.10576923076923063	0.03523219	1
690	Iter0691	6	3	3	0	2	0	0.4375	0.5090909090909093	0.017656040799999998	1
691	Iter0692	11	4	6	3	7	0	1.375	1.0	0.1728215706	1
692	Iter0693	12	1	6	6	8	1	12.0	0.03020594965675053	0.14674755527198166	1
693	Iter0694	15	2	5	1	10	1	1.5	1.0	0.225744468	1
694	Iter0695	6	4	8	4	6	0	0.75	1.0	0.10022808	1
695	Iter0696	9	4	3	1	5	0	0.75	1.0	0.08906726193000002	1
696	Iter0697	14	3	1	3	6	0	14.000000000000002	0.05263157894736852	0.1251780446253875	1
697	Iter0698	8	2	5	0	5	0	0.5	0.5238095238095215	0.11300694385999999	1
698	Iter0699	15	6	1	1	10	0	2.5	0.5256916996047412	0.16131600916	1
699	Iter0700	10	3	3	3	6	0	3.333333333333333	0.3201017249004855	0.10877601289354201	1
700	Iter0701	8	2	7	4	5	0	2.2857142857142856	0.6351172047766496	0.07213618465999999	1
701	Iter0702	7	3	9	4	5	2	1.0370370370370372	1.0	0.091897619	1
702	Iter0703	6	4	7	5	4	2	1.0714285714285714	1.0	0.07507788876466999	1
703	Iter0704	4	3	7	2	3	1	0.3809523809523809	0.5961538461538444	0.055693523	1
704	Iter0705	9	4	5	0	7	0	0.3333333333333333	0.2777777777777785	0.118685215	1
705	Iter0706	6	3	1	3	4	0	6.0	0.26573426573426634	0.057471751	1
706	Iter0707	4	7	6	2	2	0	0.19047619047619047	0.16980233388902174	0.037145815	1
707	Iter0708	6	4	3	0	3	0	0.35	0.4965034965034971	0.043174769109000005	1
708	Iter0709	7	3	6	1	4	1	0.3888888888888889	0.6029411764705864	0.05388749199502141	1
709	Iter0710	8	2	6	4	5	1	2.6666666666666665	0.6284829721362245	0.10767436695619051	1
710	Iter0711	5	3	10	4	2	0	0.6666666666666667	1.0	0.0361030350577	1
711	Iter0712	11	2	7	0	8	0	0.5	0.5210526315789474	0.15837256773900002	1
712	Iter0713	9	1	6	1	5	2	1.5	1.0	0.064893620876561	1
713	Iter0714	8	0	10	1	3	1	1.6363636363636365	1.0	0.0388822427309	1
714	Iter0715	10	4	1	0	7	0	1.1	1.0	0.10149718796767002	1
715	Iter0716	6	2	4	1	5	0	0.75	1.0	0.11586891418999999	1
716	Iter0717	12	3	6	4	7	0	2.6666666666666665	0.3781256500936152	0.17419409967767605	1
717	Iter0718	6	5	11	2	4	0	0.21818181818181814	0.18192219679633845	0.08187581593	1
718	Iter0719	5	5	7	3	4	0	0.42857142857142855	0.6499166468206703	0.07956054519999999	1
719	Iter0720	7	4	6	3	7	0	0.875	1.0	0.155639	1
720	Iter0721	9	2	5	4	6	0	3.6	0.3359133126934991	0.15674746942999998	1
721	Iter0722	17	1	3	0	8	0	2.25	1.0	0.17246368613199997	1
722	Iter0723	8	5	3	4	7	0	2.1333333333333333	0.6424148606811149	0.18063355241	1
723	Iter0724	5	1	9	2	4	0	1.1111111111111112	1.0	0.06246407400000001	1
724	Iter0725	7	3	6	4	5	0	1.5555555555555556	1.0	0.08687061699135001	1
725	Iter0726	5	2	6	3	2	0	1.25	1.0	0.02773970611	1
726	Iter0727	8	4	9	5	6	0	1.1111111111111112	1.0	0.12328309116460001	1
727	Iter0728	4	2	10	2	2	0	0.4	0.5686274509803939	0.030408286000000003	1
728	Iter0729	4	0	7	1	3	0	1.25	1.0	0.048286046199999995	1
729	Iter0730	6	3	3	2	3	0	1.3333333333333333	1.0	0.050048608931600895	1
730	Iter0731	11	0	9	2	8	1	3.6	0.4761904761904777	0.1588919357913	1
731	Iter0732	12	0	2	1	6	0	8.666666666666666	0.20000000000000012	0.167328569158	1
732	Iter0733	3	4	4	3	1	0	0.5625	1.0	0.06287427	1
733	Iter0734	6	5	3	1	3	2	0.4	0.6043956043956045	0.03002166488	1
734	Iter0735	5	2	8	4	3	0	1.25	1.0	0.04355678273000001	1
735	Iter0736	16	3	2	2	8	0	5.333333333333333	0.19367588932806248	0.10902201883899999	1
736	Iter0737	2	6	7	6	2	0	0.2857142857142857	0.3665634674922595	0.01458228	1
737	Iter0738	5	2	7	1	1	0	0.35714285714285715	0.5692307692307675	0.04928410482382001	1
738	Iter0739	3	4	8	2	2	0	0.1875	0.161764705882353	0.05430599999999999	1
739	Iter0740	13	4	3	2	8	2	2.1666666666666665	0.5853269537480061	0.108148046855	1
740	Iter0741	7	2	7	3	5	1	1.5	1.0	0.15833978451189998	1
741	Iter0742	3	2	5	1	3	0	0.3	0.5454545454545455	0.1004094	1
742	Iter0743	6	5	6	2	4	0	0.4	0.6332460109549896	0.07323147670999999	1
743	Iter0744	6	1	7	4	3	1	3.4285714285714284	0.5955882352941178	0.058626762971	1
744	Iter0745	12	3	2	2	8	0	4.0	0.2721878224974212	0.19306381727	1
745	Iter0746	9	1	4	2	5	0	4.5	0.5178571428571411	0.106901783446	1
746	Iter0747	6	6	10	3	4	0	0.3	0.2261946426167723	0.06902279800000001	1
747	Iter0748	12	3	5	2	8	0	1.6	1.0	0.15459083312605	1
748	Iter0749	9	2	4	2	6	0	2.25	0.5840336134453777	0.08294993999999999	1
749	Iter0750	10	3	7	4	4	0	1.9047619047619049	0.6591342486651434	0.06058879471	1
750	Iter0751	6	3	6	3	4	0	1.0	1.0	0.089847319	1
751	Iter0752	8	4	2	3	7	0	3.0	0.5927601809954732	0.1649531961385	1
752	Iter0753	15	2	6	4	9	2	5.0	0.1534745447788935	0.134210029441396	1
753	Iter0754	7	4	6	2	5	0	0.5833333333333334	1.0	0.10245337200000001	1
754	Iter0755	12	4	7	1	9	0	0.42857142857142855	0.6310935441370263	0.18664599223738146	1
755	Iter0756	5	0	9	4	3	0	3.0	0.27777777777777785	0.0474999089	1
756	Iter0757	7	5	6	4	4	0	0.9333333333333332	1.0	0.11984545469998398	1
757	Iter0758	6	0	4	2	5	0	4.2	0.4545454545454549	0.062848687	1
758	Iter0759	9	5	3	1	6	0	0.6	1.0	0.073963992749401	1
759	Iter0760	9	3	5	1	4	0	0.6	1.0	0.05852525582009978	1
760	Iter0761	11	1	5	1	7	0	2.2	1.0	0.15294775518339418	1
761	Iter0762	5	6	4	4	4	0	0.8333333333333334	1.0	0.0917397007	1
762	Iter0763	11	3	3	3	7	0	3.6666666666666665	0.3027089783281745	0.07875035385900002	1
763	Iter0764	7	3	4	2	4	0	1.1666666666666667	1.0	0.0864359298522	1
764	Iter0765	7	1	9	0	4	0	0.4	0.4705882352941173	0.0721830354157518	1
765	Iter0766	8	2	5	4	6	0	3.2	0.3498452012383894	0.09206834111000002	1
766	Iter0767	8	1	5	3	6	0	4.8	0.2941176470588221	0.15660357533597621	1
767	Iter0768	7	4	1	5	3	0	8.75	0.13122171945701344	0.059967015287757997	1
768	Iter0769	7	4	6	3	6	1	0.875	1.0	0.09364310289	1
769	Iter0770	7	0	8	2	4	2	2.6666666666666665	0.4852941176470576	0.0871806876466	1
770	Iter0771	8	6	4	1	4	0	0.3333333333333333	0.6026831785345711	0.09758083329359099	1
771	Iter0772	11	5	6	2	6	0	0.7333333333333334	1.0	0.13406773897845997	1
772	Iter0773	10	3	2	4	7	0	6.666666666666668	0.12874097007223875	0.204780271586	1
773	Iter0774	12	4	1	4	8	1	12.0	0.047471620227038235	0.124414710902285	1
774	Iter0775	3	4	5	2	1	0	0.3	0.5920745920745918	0.019298594401	1
775	Iter0776	10	4	9	4	6	0	1.1111111111111112	1.0	0.152242811747	1
776	Iter0777	11	4	5	2	6	0	1.1	1.0	0.1514450745116	1
777	Iter0778	12	3	3	4	5	0	5.333333333333333	0.14466061544234934	0.17031133922833	1
778	Iter0779	12	5	4	1	6	0	0.6	1.0	0.0976255965873	1
779	Iter0780	7	7	8	2	4	0	0.25	0.20992058150491452	0.0627226137701	1
780	Iter0781	7	3	11	2	4	2	0.42424242424242425	0.6175220660346499	0.1116076548	1
781	Iter0782	10	3	8	1	7	1	0.4166666666666667	0.6161312371838676	0.15525868613299998	1
782	Iter0783	3	3	1	3	2	0	3.0	0.5714285714285721	0.024519766999999998	1
783	Iter0784	10	4	9	3	6	1	0.8333333333333334	1.0	0.22142725285999998	1
784	Iter0785	9	4	3	0	6	0	0.5	0.5285714285714266	0.1307876531341	1
785	Iter0786	8	3	3	4	5	0	3.555555555555556	0.33220211161387697	0.10030979770000001	1
786	Iter0787	11	2	7	3	7	1	2.357142857142857	0.6175220660346479	0.16232579044	1
787	Iter0788	9	3	4	1	2	0	0.75	1.0	0.019106012249957022	1
788	Iter0789	15	4	5	1	9	0	0.75	1.0	0.20764154245299998	1
789	Iter0790	8	5	5	1	6	1	0.32	0.6047103051747003	0.0881805451	1
790	Iter0791	7	2	5	1	2	1	0.7	1.0	0.10507769400000001	1
791	Iter0792	11	5	2	3	5	0	3.3000000000000003	0.3253722541648241	0.09694893741529999	1
792	Iter0793	8	1	6	3	3	0	4.0	0.5764705882352948	0.052115922213	1
793	Iter0794	13	3	3	0	5	1	0.875	1.0	0.10152095187723	1
794	Iter0795	9	4	3	1	4	1	0.75	1.0	0.07392914784339	1
795	Iter0796	9	5	5	3	4	0	1.08	1.0	0.2217740308	1
796	Iter0797	7	3	3	4	5	0	3.111111111111111	0.3499588646647474	0.09728207554656	1
797	Iter0798	5	5	3	2	3	0	0.6666666666666666	1.0	0.173026967197	1
798	Iter0799	14	3	5	5	8	0	4.666666666666667	0.10194024976633784	0.21483268320217003	1
799	Iter0800	10	5	6	3	7	0	1.0	1.0	0.20411553946900002	1
800	Iter0801	8	0	2	2	5	0	9.0	0.0909090909090909	0.128462176193	1
801	Iter0802	7	5	6	4	2	0	0.9333333333333332	1.0	0.02586037021863	1
802	Iter0803	9	3	5	3	4	0	1.7999999999999998	0.6424148606811155	0.15264500156	1
803	Iter0804	5	6	5	1	4	0	0.16666666666666669	0.30429864253393724	0.109986790565	1
804	Iter0805	12	4	7	1	6	0	0.42857142857142855	0.6310935441370263	0.10001384633972286	1
805	Iter0806	9	0	3	0	6	0	2.5	1.0	0.13276030837000002	1
806	Iter0807	8	4	3	1	7	0	0.6666666666666666	1.0	0.13624233000000002	1
807	Iter0808	5	7	2	1	4	0	0.35714285714285715	0.5692307692307671	0.06921711400000001	1
808	Iter0809	4	3	6	0	3	0	0.17857142857142858	0.1923076923076928	0.020197626	1
809	Iter0810	6	4	1	2	2	0	3.0	0.5594405594405605	0.04816514371	1
810	Iter0811	2	8	4	5	0	0	0.3125	0.34984520123838925	-6.293851579999999e-05	0
811	Iter0812	6	1	6	3	3	1	3.0	0.5846153846153819	0.08325441155285	1
812	Iter0813	9	3	4	4	6	0	3.0	0.3563467492260055	0.1038287725494	1
813	Iter0814	4	7	2	2	3	0	0.5714285714285714	1.0	0.077440931	1
814	Iter0815	3	8	5	4	2	0	0.3	0.3618480590616816	0.0443663461457	1
815	Iter0816	11	4	5	7	6	1	3.85	0.13024633194238927	0.11772875274335001	1
816	Iter0817	6	3	4	4	4	0	2.0	0.6371863430686958	0.07109961999999906	1
817	Iter0818	5	6	4	1	1	0	0.20833333333333331	0.3076923076923075	0.039252649582	1
818	Iter0819	7	2	9	5	5	0	1.9444444444444444	0.6570197873199646	0.131933139579	1
819	Iter0820	12	3	4	0	8	0	0.65	1.0	0.09143930425999999	1
820	Iter0821	15	2	4	0	7	0	1.0666666666666669	1.0	0.08820225732781381	1
821	Iter0822	6	3	4	1	4	0	0.5	1.0	0.14536721660000002	1
822	Iter0823	12	1	5	2	8	0	4.8	0.2701754385964913	0.1538158488	1
823	Iter0824	12	4	5	4	8	1	2.4	0.39421676721448173	0.19997129384400006	1
824	Iter0825	4	6	7	3	3	0	0.2857142857142857	0.3698499642772109	0.09411873199999998	1
825	Iter0826	10	3	7	1	8	0	0.4761904761904762	1.0	0.15557277828600002	1
826	Iter0827	10	5	5	5	7	0	2.0	0.44221967963387054	0.1908603400615492	1
827	Iter0828	8	3	11	1	5	1	0.2424242424242424	0.3167701863354033	0.108777707228692	1
828	Iter0829	10	2	4	0	9	0	0.7333333333333333	1.0	0.2253639865	1
829	Iter0830	8	4	4	0	6	0	0.36	0.5164835164835125	0.155129709	1
830	Iter0831	13	1	3	4	8	0	17.333333333333332	0.025111799105607242	0.24194294344473996	1
831	Iter0832	8	5	3	3	5	0	1.6	1.0	0.076936564256	1
832	Iter0833	9	3	3	2	6	0	2.0	0.6000323206205526	0.09786344124810001	1
833	Iter0834	4	2	6	4	2	0	1.3333333333333333	1.0	0.06788024860000001	1
834	Iter0835	3	2	4	3	3	0	1.125	1.0	0.05969219	1
835	Iter0836	7	3	8	1	4	0	0.2916666666666667	0.5820433436532519	0.062972147331	1
836	Iter0837	5	1	4	1	3	0	1.25	1.0	0.0339067337	1
837	Iter0838	6	3	6	5	5	0	1.6666666666666667	0.669921409859489	0.12188048960900001	1
838	Iter0839	11	3	6	1	7	0	0.6111111111111109	1.0	0.23771987641500006	1
839	Iter0840	8	2	3	1	6	0	1.3333333333333333	1.0	0.14394613999999997	1
840	Iter0841	5	2	7	5	2	0	1.7857142857142858	0.6561681352703003	0.01862330898	1
841	Iter0842	8	2	6	1	5	0	0.6666666666666666	1.0	0.13065345280000001	1
842	Iter0843	6	3	4	2	5	1	1.0	1.0	0.08960774999999999	1
843	Iter0844	9	7	5	4	7	1	1.0285714285714287	1.0	0.1388670584	1
844	Iter0845	11	1	6	2	6	0	3.6666666666666665	0.5368421052631589	0.15547726820000002	1
845	Iter0846	13	1	11	2	8	1	2.363636363636364	0.5955555555555611	0.14535278507986182	1
846	Iter0847	11	0	8	2	8	0	4.0	0.2142857142857145	0.18247833101159996	1
847	Iter0848	5	4	3	0	2	0	0.3	0.4909090909090916	0.04289972240000001	1
848	Iter0849	5	1	9	2	5	0	1.1111111111111112	1.0	0.09365330000000001	1
849	Iter0850	5	1	3	4	4	0	6.666666666666668	0.2657342657342661	0.06297782999257386	1
850	Iter0851	6	1	4	4	4	0	6.0	0.2820512820512815	0.1200964191	1
851	Iter0852	8	3	6	0	6	0	0.32142857142857145	0.514705882352942	0.1399830272668	1
852	Iter0853	14	2	2	1	10	0	3.5	0.4220846233230153	0.223661684712	1
853	Iter0854	4	1	1	1	4	0	4.0	1.0	0.05082028	1
854	Iter0855	10	5	6	2	6	0	0.6666666666666666	1.0	0.16051521653	1
855	Iter0856	11	2	7	3	6	1	2.357142857142857	0.6175220660346479	0.11555262821	1
856	Iter0857	8	7	6	1	6	2	0.19047619047619047	0.19321699971854756	0.11648889179999998	1
857	Iter0858	17	3	5	1	9	0	1.1333333333333333	1.0	0.1482565387798386	1
858	Iter0859	7	3	2	3	6	1	3.5000000000000004	0.3286713286713279	0.16015089999999998	1
859	Iter0860	9	3	4	2	3	0	1.5	1.0	0.10957022641968488	1
860	Iter0861	9	3	5	0	3	0	0.4166666666666667	0.5147058823529412	0.06926576059914896	1
861	Iter0862	7	3	10	2	4	0	0.4666666666666667	0.6240601503759377	0.043215674274000006	1
862	Iter0863	9	4	6	0	4	0	0.2857142857142857	0.2554179566563465	0.07198707289477711	1
863	Iter0864	11	2	2	0	4	0	1.3333333333333333	1.0	0.0868227343856	1
864	Iter0865	8	3	4	0	4	1	0.45	0.5164835164835135	0.04467743641554524	1
865	Iter0866	10	3	6	5	6	0	2.7777777777777786	0.3904518329070764	0.1712237090211	1
866	Iter0867	9	3	2	2	7	0	3.0	0.5467032967032941	0.10006404099122752	1
867	Iter0868	4	0	2	3	3	0	6.666666666666668	0.16666666666666666	0.062213904	1
868	Iter0869	8	1	5	1	4	1	1.6	1.0	0.0565533151032	1
869	Iter0870	7	1	5	4	4	0	5.6	0.2941176470588226	0.05350336807656401	1
870	Iter0871	7	2	5	2	5	0	1.4	1.0	0.099187929652851	1
871	Iter0872	9	2	8	2	7	1	1.125	1.0	0.16024031710980002	1
872	Iter0873	9	3	4	1	6	0	0.75	1.0	0.19242073715859	1
873	Iter0874	7	2	6	1	4	0	0.5833333333333334	1.0	0.0429446411	1
874	Iter0875	9	2	4	2	7	1	2.25	0.5840336134453777	0.21239352793000002	1
875	Iter0876	5	6	2	5	3	0	2.083333333333333	0.6370663650075439	0.069845118158	1
876	Iter0877	4	2	4	4	3	0	2.0	0.6270396270396283	0.063827494353	1
877	Iter0878	6	1	2	2	4	0	6.0	0.4909090909090907	0.0740967	1
878	Iter0879	11	8	6	2	6	0	0.4583333333333333	0.6655248133509075	0.110265617263101	1
879	Iter0880	10	2	4	5	7	0	6.25	0.15882352941176514	0.1125770312	1
880	Iter0881	11	3	7	1	7	0	0.5238095238095238	1.0	0.097521240889	1
881	Iter0882	8	3	2	3	5	0	4.0	0.2994505494505492	0.085636825	1
882	Iter0883	12	1	5	1	4	0	2.4	1.0	0.116724897293867	1
883	Iter0884	6	2	2	3	4	0	4.5	0.2929292929292933	0.13962211494878202	1
884	Iter0885	7	2	2	1	6	0	1.75	1.0	0.1429728234818	1
885	Iter0886	10	0	8	3	5	1	4.888888888888889	0.21428571428571425	0.06870963016100001	1
886	Iter0887	2	6	7	2	1	0	0.09523809523809523	0.05668449197860938	0.0091066513	1
887	Iter0888	7	4	7	1	6	0	0.25	0.33780529755762045	0.1412850599598427	1
888	Iter0889	7	5	6	2	4	0	0.4666666666666666	0.6424148606811138	0.054993545	1
889	Iter0890	9	4	8	1	7	1	0.28125	0.36021872863978005	0.1292363188	1
890	Iter0891	6	2	5	4	4	0	2.4	0.6199095022624448	0.12896668530000002	1
891	Iter0892	6	0	8	2	5	1	2.333333333333333	0.49999999999999895	0.0944060071	1
892	Iter0893	12	4	4	2	3	1	1.5	1.0	0.044353571228999994	1
893	Iter0894	9	2	4	3	5	0	3.375	0.32598039215686275	0.075133224	1
894	Iter0895	7	1	8	3	5	0	2.625	0.6026831785345736	0.11850183430000001	1
895	Iter0896	9	5	6	2	6	0	0.6	1.0	0.11942050427400001	1
896	Iter0897	8	2	2	1	4	0	2.0	1.0	0.05686544649999999	1
897	Iter0898	12	3	3	1	11	0	1.3333333333333333	1.0	0.24010073640000004	1
898	Iter0899	9	2	2	1	7	0	2.25	1.0	0.13237109391610602	1
899	Iter0900	10	2	2	2	7	0	5.0	0.2445054945054928	0.182017938347	1
900	Iter0901	8	2	5	2	6	0	1.6	1.0	0.10711098857	1
901	Iter0902	6	3	7	2	6	0	0.5714285714285714	1.0	0.15002732	1
902	Iter0903	9	2	4	4	5	1	4.5	0.3188854489164083	0.1588317569	1
903	Iter0904	8	3	7	3	4	0	1.1428571428571428	1.0	0.10864098380961101	1
904	Iter0905	11	2	3	0	5	0	1.0	1.0	0.060626054146	1
905	Iter0906	15	0	4	3	10	0	12.8	0.0227272727272726	0.3154528536942	1
906	Iter0907	9	2	7	4	5	0	2.571428571428572	0.6351172047766495	0.077329275655	1
907	Iter0908	2	0	4	1	2	0	1.2	1.0	0.02806872	1
908	Iter0909	11	2	4	4	4	0	5.5	0.14617425917735505	0.1338915439	1
909	Iter0910	6	4	3	2	5	0	1.0	1.0	0.08378940257699999	1
910	Iter0911	8	2	7	6	2	0	3.4285714285714284	0.378785839278502	0.041551355822849995	1
911	Iter0912	8	1	3	0	6	0	1.125	1.0	0.142020276	1
912	Iter0913	12	2	4	3	7	0	4.5	0.2800137598899229	0.11106351142263499	1
913	Iter0914	10	3	4	0	6	0	0.55	0.5411764705882334	0.121248069	1
914	Iter0915	17	3	4	1	11	0	1.4166666666666667	1.0	0.220045214915	1
915	Iter0916	12	3	7	1	7	0	0.5714285714285714	1.0	0.11054277000439999	1
916	Iter0917	16	1	4	1	7	0	4.0	0.4112554112554099	0.06311006043	1
917	Iter0918	8	5	6	6	2	0	1.6	0.6950975905236263	0.017253168199745723	1
918	Iter0919	9	5	0	4	5	0	8.333333333333334	0.08235294117647103	0.09638320073202	1
919	Iter0920	17	3	4	2	8	0	2.833333333333333	0.5580723624201882	0.11636335086770001	1
920	Iter0921	8	2	7	1	7	2	0.5714285714285714	1.0	0.17578692	1
921	Iter0922	10	2	9	0	5	0	0.36666666666666653	0.4857142857142874	0.0802777668445	1
922	Iter0923	16	4	2	0	9	0	1.1333333333333333	1.0	0.15385237279	1
923	Iter0924	8	4	5	8	7	0	3.2	0.2377439763090581	0.1257588474	1
924	Iter0925	12	2	3	1	7	0	2.0	1.0	0.150163863716	1
925	Iter0926	11	3	5	3	5	1	2.2	0.6243550051599605	0.134462445585	1
926	Iter0927	9	2	3	3	7	0	4.5	0.28005817711700043	0.13228427399999998	1
927	Iter0928	7	1	4	3	5	0	5.25	0.2820512820512816	0.1389027380375819	1
928	Iter0929	11	3	5	1	3	0	0.7333333333333333	1.0	0.04432225953148	1
929	Iter0930	3	4	7	1	1	0	0.10714285714285714	0.11888111888111852	0.02289195843	1
930	Iter0931	10	3	0	1	7	0	5.5	0.2857142857142852	0.16067661776	1
931	Iter0932	11	4	1	3	8	0	8.25	0.11738906088751296	0.10238906696	1
932	Iter0933	6	2	6	2	4	0	1.0	1.0	0.05086329214	1
933	Iter0934	4	2	1	4	3	0	8.0	0.2424242424242422	0.062872423	1
934	Iter0935	14	3	2	3	11	0	7.000000000000001	0.10047846889952143	0.2685588945	1
935	Iter0936	8	4	6	8	5	1	2.6666666666666665	0.26706151568178776	0.07336435543000001	1
936	Iter0937	13	3	6	1	6	0	0.7222222222222222	1.0	0.11762340410808879	1
937	Iter0938	7	3	5	4	2	0	1.8666666666666667	0.6499166468206711	0.04975233659996817	1
938	Iter0939	11	0	7	2	3	1	4.5	0.1894736842105263	0.067568074786	1
939	Iter0940	5	4	3	2	5	1	0.8333333333333334	1.0	0.05936858999999999	1
940	Iter0941	11	3	4	0	5	0	0.6	1.0	0.1090031562389	1
941	Iter0942	4	2	6	2	1	0	0.6666666666666666	1.0	0.0046048874275	1
942	Iter0943	2	5	6	2	2	0	0.13333333333333333	0.13193473193473193	0.0528252	1
943	Iter0944	12	3	3	1	10	0	1.3333333333333333	1.0	0.20251786495727062	1
944	Iter0945	6	7	2	3	5	0	1.2857142857142858	1.0	0.10577909099999999	1
945	Iter0946	6	2	3	1	4	0	1.0	1.0	0.0924209807	1
946	Iter0947	11	2	4	2	6	0	2.75	0.5572755417956656	0.12280654751600001	1
947	Iter0948	14	2	6	3	6	0	3.5	0.3122529644268781	0.067229580825	1
948	Iter0949	7	3	6	0	5	0	0.2857142857142857	0.2499999999999992	0.11686384089648126	1
949	Iter0950	12	3	1	1	6	0	4.0	0.426470588235295	0.08883660494791683	1
950	Iter0951	8	2	1	1	5	1	4.0	0.4545454545454548	0.096811205203	1
951	Iter0952	13	1	6	2	6	0	4.333333333333333	0.5272727272727273	0.2057990229	1
952	Iter0953	8	3	4	2	6	0	1.3333333333333333	1.0	0.087794773	1
953	Iter0954	8	2	4	0	5	0	0.6	1.0	0.08639492017	1
954	Iter0955	9	4	4	4	7	0	2.25	0.6458204334365301	0.15440415894652001	1
955	Iter0956	6	3	7	1	4	0	0.2857142857142857	0.5764705882352921	0.020260243	1
956	Iter0957	6	2	4	1	4	0	0.75	1.0	0.1028392893665	1
957	Iter0958	8	3	4	3	5	0	2.0	0.6266968325791855	0.13641845207505762	1
958	Iter0959	11	3	7	2	7	0	1.0476190476190477	1.0	0.12665659901100002	1
959	Iter0960	6	3	6	3	2	0	1.0	1.0	0.047803432300000004	1
960	Iter0961	8	0	4	3	6	0	7.2	0.07692307692307668	0.1279378395387956	1
961	Iter0962	10	1	4	3	8	0	7.5	0.24509803921568685	0.160911434558	1
962	Iter0963	9	2	7	1	4	0	0.6428571428571429	1.0	0.09464218545704685	1
963	Iter0964	9	3	6	0	4	3	0.35714285714285715	0.5147058823529426	0.09168195996135099	1
964	Iter0965	5	2	1	5	2	0	12.5	0.10256410256410303	0.038637670225253	1
965	Iter0966	13	6	4	1	6	0	0.5416666666666666	1.0	0.10756724753280002	1
966	Iter0967	8	3	5	2	4	1	1.0666666666666669	1.0	0.0572069429609472	1
967	Iter0968	7	5	6	1	7	0	0.2333333333333333	0.3330753353973148	0.13067936	1
968	Iter0969	10	3	3	4	9	0	4.4444444444444455	0.17358101135190893	0.15865676820000002	1
969	Iter0970	8	1	6	2	5	0	2.6666666666666665	0.5764705882352942	0.066230956	1
970	Iter0971	7	3	5	2	2	0	0.9333333333333332	1.0	0.041181308557	1
971	Iter0972	10	1	9	0	5	3	0.55	1.0	0.14149167762	1
972	Iter0973	5	8	4	2	2	0	0.3125	0.34984520123838925	0.03856147323727001	1
973	Iter0974	8	2	6	4	4	0	2.6666666666666665	0.6284829721362245	0.032703389709999996	1
974	Iter0975	7	3	10	2	4	1	0.4666666666666667	0.6240601503759377	0.05681722727065001	1
975	Iter0976	11	3	4	3	6	0	2.75	0.35436016511868057	0.123963273523	1
976	Iter0977	7	3	6	1	5	0	0.3888888888888889	0.6029411764705864	0.09608412122999999	1
977	Iter0978	8	1	4	5	4	0	10.0	0.1312217194570135	0.027644226555599997	1
978	Iter0979	6	2	3	4	4	0	4.0	0.3146853146853137	0.07630163469000001	1
979	Iter0980	12	3	3	0	8	1	0.8125	1.0	0.11603079959999998	1
980	Iter0981	7	1	7	3	5	0	3.0	0.5882352941176499	0.13196188661	1
981	Iter0982	7	2	6	7	4	0	4.083333333333334	0.20309597523219647	0.032473609181	1
982	Iter0983	9	2	9	3	4	0	1.5	1.0	0.087907338825	1
983	Iter0984	7	1	4	3	4	0	5.25	0.2820512820512816	0.07689623533	1
984	Iter0985	9	6	0	1	7	0	2.8571428571428568	0.4374999999999999	0.154017913434	1
985	Iter0986	7	3	4	5	4	0	2.9166666666666665	0.36984996427720973	0.10846412398	1
986	Iter0987	10	1	7	2	7	0	2.8571428571428568	0.5657894736842117	0.1071445406	1
987	Iter0988	3	1	6	6	3	0	3.0	0.5846153846153823	0.030884776	1
988	Iter0989	10	2	3	3	7	0	5.0	0.2682072829131648	0.18971298937087996	1
989	Iter0990	5	1	3	1	3	0	1.6666666666666667	1.0	0.0621024508	1
990	Iter0991	10	2	7	3	6	0	2.142857142857143	0.6240601503759378	0.0958286362990463	1
991	Iter0992	10	3	12	4	7	0	1.1111111111111112	1.0	0.13353150548999998	1
992	Iter0993	11	3	4	3	6	0	2.75	0.35436016511868057	0.15534639370999995	1
993	Iter0994	8	5	5	3	5	0	0.96	1.0	0.08649820495499999	1
994	Iter0995	12	1	8	1	8	0	1.5	1.0	0.1284903987566	1
995	Iter0996	4	2	4	3	2	0	1.5	1.0	0.026096484179999997	1
996	Iter0997	10	4	5	2	5	0	1.0	1.0	0.14837672510299998	1
997	Iter0998	6	1	7	0	4	0	0.4375	1.0	0.124189463	1
998	Iter0999	8	3	6	3	4	1	1.3333333333333333	1.0	0.08375111752799999	1
999	Iter1000	5	2	4	2	4	0	1.25	1.0	0.095303359	1
