	IterId	dN	dS	pN	pS	bdN	bpN	MkScore	FSPVal	SelCoef	PosSel
0	Iter0001	16	10	1	1	10	0	1.6	1.0	0.2470518076499989	1
1	Iter0002	15	3	0	0	1	0	4.0	1.0	0.015745837065	1
2	Iter0003	17	7	2	0	3	0	0.75	1.0	0.079131041	1
3	Iter0004	17	8	3	1	10	0	0.7083333333333334	1.0	0.21117786183	1
4	Iter0005	9	7	3	0	5	0	0.3125	0.2631578947368429	0.11982466866798998	1
5	Iter0006	15	3	2	1	5	0	2.5	0.48872180451128	0.1152888052844	1
6	Iter0007	17	6	2	1	2	0	1.4166666666666667	1.0	0.037397842155	1
7	Iter0008	22	5	4	1	6	0	1.1	1.0	0.12175869948	1
8	Iter0009	18	6	2	2	6	0	3.0	0.5545787545787504	0.21769399602712	1
9	Iter0010	23	5	3	0	5	0	1.0	1.0	0.07866967116	1
10	Iter0011	22	10	4	0	7	0	0.41818181818181815	0.5586113233171968	0.18738756764	1
11	Iter0012	25	3	2	0	5	0	2.1666666666666665	1.0	0.096559248315	1
12	Iter0013	21	4	3	0	8	1	1.1	1.0	0.14002059695000002	1
13	Iter0014	25	7	0	2	10	0	9.75	0.06417112299465219	0.30395432198323696	1
14	Iter0015	14	9	2	2	3	0	1.5555555555555556	1.0	0.03456558143494	1
15	Iter0016	13	5	1	2	6	0	5.2	0.2473684210526329	0.145836555232	1
16	Iter0017	13	1	1	1	4	0	13.0	0.24166666666666656	0.07476156	1
17	Iter0018	24	2	1	0	8	0	4.166666666666667	1.0	0.21466132860320003	1
18	Iter0019	16	5	4	1	3	2	0.8	1.0	0.039858651701999995	1
19	Iter0020	11	7	3	1	6	1	0.5238095238095238	1.0	0.1507148	1
20	Iter0021	19	3	3	0	4	1	1.25	1.0	0.08867761699999996	1
21	Iter0022	23	2	1	1	5	0	11.5	0.21367521367521397	0.10842114636300001	1
22	Iter0023	20	9	4	0	8	0	0.42	0.5548387096774061	0.12753057862	1
23	Iter0024	18	8	2	2	8	0	2.25	0.5840175150520021	0.11271169	1
24	Iter0025	24	4	1	1	7	0	6.0	0.31034482758620946	0.1312698304809066	1
25	Iter0026	24	4	0	1	8	0	10.0	0.1724137931034499	0.1070559949365	1
26	Iter0027	16	4	1	0	6	1	1.7	1.0	0.15846744722	1
27	Iter0028	20	7	0	0	6	0	2.625	1.0	0.09957943794016998	1
28	Iter0029	15	0	4	0	3	1	3.2	1.0	0.05015610850559999	1
29	Iter0030	15	6	4	1	3	0	0.625	1.0	0.034498986919999995	1
30	Iter0031	23	2	3	0	7	0	2.0	1.0	0.13084274189999998	1
31	Iter0032	13	3	2	2	4	0	4.333333333333333	0.2487100103199188	0.05688328345780999	1
32	Iter0033	16	10	1	0	6	0	0.7727272727272727	1.0	0.12967029124	1
33	Iter0034	13	5	1	3	4	0	7.800000000000002	0.11674641148325343	0.07336779806093	1
34	Iter0035	16	6	1	1	5	1	2.6666666666666665	0.507246376811596	0.1381089024	1
35	Iter0036	12	5	1	1	3	0	2.4	1.0	0.06594697299999999	1
36	Iter0037	17	4	1	0	6	0	1.8	1.0	0.12726321819	1
37	Iter0038	21	8	1	0	6	0	1.2222222222222223	1.0	0.080749154	1
38	Iter0039	11	7	2	1	3	0	0.7857142857142857	1.0	0.103132891743	1
39	Iter0040	17	9	3	1	5	0	0.6296296296296297	1.0	0.12208822125268601	1
40	Iter0041	16	1	4	0	8	0	1.7	1.0	0.16204271860324002	1
41	Iter0042	20	8	3	0	7	0	0.5833333333333334	0.5497219132369368	0.2025159419	1
42	Iter0043	19	8	0	2	7	0	6.666666666666668	0.11083743842364542	0.14062052469	1
43	Iter0044	14	5	2	2	5	1	2.8	0.5573122529644269	0.08572736381000001	1
44	Iter0045	16	6	0	1	2	0	4.857142857142857	0.3043478260869582	0.0626288948108	1
45	Iter0046	14	7	6	2	3	2	0.6666666666666666	1.0	0.0561367854344826	1
46	Iter0047	17	7	4	3	6	0	1.8214285714285716	0.651766920509968	0.1385957962	1
47	Iter0048	11	9	4	2	5	0	0.6111111111111112	1.0	0.09034128999999999	1
48	Iter0049	18	1	1	1	7	0	18.0	0.1857142857142869	0.098058940376334	1
49	Iter0050	21	4	5	0	4	0	0.7333333333333334	1.0	0.07562104259000002	1
50	Iter0051	21	10	5	0	10	0	0.3333333333333333	0.2930884475002116	0.191050602	1
51	Iter0052	9	7	2	4	0	0	2.571428571428572	0.6351172047766489	-2.263630401795e-05	0
52	Iter0053	16	10	4	2	5	0	0.8	1.0	0.09987628809	1
53	Iter0054	20	5	3	0	7	0	0.875	1.0	0.100992615131992	1
54	Iter0055	19	8	1	1	7	1	2.375	0.5320197044334997	0.12231504754239998	1
55	Iter0056	18	2	0	1	6	0	12.666666666666664	0.14285714285714254	0.1310377433487	1
56	Iter0057	19	2	4	2	6	0	4.75	0.20427350427350674	0.06967301034841274	1
57	Iter0058	12	5	1	1	3	0	2.4	1.0	0.049857330000000005	1
58	Iter0059	13	7	4	1	7	0	0.4642857142857143	1.0	0.1431090366369	1
59	Iter0060	22	4	0	0	11	0	4.6	1.0	0.20392956473200002	1
60	Iter0061	11	5	2	1	1	0	1.1	1.0	0.005528984016000001	1
61	Iter0062	16	3	1	0	4	0	2.125	1.0	0.08319267476377001	1
62	Iter0063	19	5	1	0	9	0	1.6666666666666667	1.0	0.14849041022999315	1
63	Iter0064	14	6	0	0	4	0	2.142857142857143	1.0	0.052220171999999995	1
64	Iter0065	16	6	4	1	3	0	0.6666666666666666	1.0	0.049510559197	1
65	Iter0066	15	7	1	3	6	0	6.428571428571429	0.2642140468227443	0.13016123532460414	1
66	Iter0067	18	6	1	1	7	0	3.0	0.4738461538461562	0.1173144612	1
67	Iter0068	16	9	1	0	4	0	0.85	1.0	0.079335469178	1
68	Iter0069	26	5	1	1	7	0	5.2	0.3352272727272657	0.09845827316999999	1
69	Iter0070	20	3	0	0	5	0	5.25	1.0	0.12695682481999998	1
70	Iter0071	20	8	1	1	5	0	2.5	0.5172413793103524	0.11514756309999999	1
71	Iter0072	12	9	0	1	4	0	2.6	0.4545454545454533	0.133604617	1
72	Iter0073	22	9	1	0	5	0	1.15	1.0	0.08676582298	1
73	Iter0074	22	5	5	1	5	0	0.8800000000000001	1.0	0.09871933543086298	1
74	Iter0075	20	10	4	4	5	0	2.0	0.4331756104451594	0.07235127085700001	1
75	Iter0076	16	4	3	0	6	0	0.85	1.0	0.1161309999891874	1
76	Iter0077	13	1	1	0	4	0	3.5	1.0	0.097360548669	1
77	Iter0078	11	4	3	3	3	0	2.75	0.3543601651186806	0.0182464069473565	1
78	Iter0079	21	8	2	0	7	0	0.8148148148148149	1.0	0.09138315171571	1
79	Iter0080	21	6	4	1	7	0	0.875	1.0	0.11175878099999997	1
80	Iter0081	14	5	1	0	4	0	1.25	1.0	0.0900044	1
81	Iter0082	15	2	2	0	1	0	1.7777777777777777	1.0	0.04012281972	1
82	Iter0083	16	3	3	2	3	0	3.555555555555556	0.2704686617730093	0.0750634378035	1
83	Iter0084	16	7	1	0	2	0	1.0625	1.0	0.08150911484192169	1
84	Iter0085	17	9	6	0	3	0	0.2571428571428572	0.14986559139785102	0.133517470026446	1
85	Iter0086	20	8	3	2	8	0	1.6666666666666667	0.6269002595476427	0.12044982867	1
86	Iter0087	18	4	1	1	5	0	4.5	0.3804347826086968	0.07717272946740598	1
87	Iter0088	20	2	0	1	4	0	14.0	0.13043478260869534	0.08860612659360001	1
88	Iter0089	19	3	3	1	5	0	2.1111111111111107	0.5107023411371274	0.06991232684399998	1
89	Iter0090	12	7	1	1	4	0	1.7142857142857142	1.0	0.06521492100000001	1
90	Iter0091	17	2	1	0	4	1	3.0	1.0	0.09548016588930001	1
91	Iter0092	13	5	4	1	2	0	0.65	1.0	0.05670306768	1
92	Iter0093	19	12	3	2	6	0	1.0555555555555556	1.0	0.112320198267	1
93	Iter0094	16	9	0	1	3	0	3.4	0.38461538461538175	0.03588785536150001	1
94	Iter0095	17	7	1	1	6	0	2.4285714285714284	0.5292307692307683	0.1440165851995922	1
95	Iter0096	18	7	3	1	7	0	0.8571428571428572	1.0	0.16133527378	1
96	Iter0097	21	4	0	0	3	0	4.4	1.0	0.02983625184	1
97	Iter0098	16	8	0	2	4	0	5.666666666666668	0.13846153846153794	0.09073492039570001	1
98	Iter0099	22	9	1	0	6	0	1.15	1.0	0.1449708311	1
99	Iter0100	12	4	2	0	3	1	0.8666666666666667	1.0	0.05372525137999988	1
100	Iter0101	11	1	2	0	7	0	2.0	1.0	0.1825379092	1
101	Iter0102	15	6	3	1	4	0	0.8333333333333334	1.0	0.12976569516	1
102	Iter0103	16	5	6	0	4	0	0.4047619047619048	0.5551839464883004	0.086361073	1
103	Iter0104	18	8	1	0	5	0	1.0555555555555556	1.0	0.07534808856519999	1
104	Iter0105	15	7	2	2	6	0	2.142857142857143	0.5906354515050194	0.1305641822	1
105	Iter0106	7	10	1	0	2	0	0.3636363636363637	0.44444444444444653	0.021333409999999997	1
106	Iter0107	11	5	0	1	3	0	4.0	0.3529411764705896	0.08585902200000001	1
107	Iter0108	16	3	2	1	8	0	2.6666666666666665	0.470129870129869	0.10640934110051999	1
108	Iter0109	17	4	1	2	4	0	8.5	0.14328063241106587	0.053750730748000006	1
109	Iter0110	13	6	1	2	3	0	4.333333333333333	0.5272727272727273	0.029839431200000002	1
110	Iter0111	22	6	4	3	4	1	2.75	0.33970751815743594	0.0778671933807	1
111	Iter0112	21	6	2	1	6	0	1.75	1.0	0.10892447551420001	1
112	Iter0113	16	8	0	0	4	0	1.8888888888888888	1.0	0.07643890168323669	1
113	Iter0114	14	9	0	0	1	0	1.5	1.0	0.021368371399909405	1
114	Iter0115	12	6	2	0	4	0	0.6190476190476191	1.0	0.10268041560199999	1
115	Iter0116	16	7	1	1	4	0	2.2857142857142856	1.0	0.068695727291835	1
116	Iter0117	16	6	1	0	6	0	1.2142857142857142	1.0	0.1905453212	1
117	Iter0118	22	4	1	1	7	0	5.5	0.33068783068782803	0.28417226137797713	1
118	Iter0119	17	4	1	0	6	0	1.8	1.0	0.177774212097377	1
119	Iter0120	10	6	3	0	1	0	0.3928571428571429	0.5170278637770895	0.01421596486	1
120	Iter0121	17	2	0	1	3	0	12.0	0.14999999999999974	0.057300302965515006	1
121	Iter0122	18	11	0	2	6	0	4.75	0.1677419354838691	0.16136912280000001	1
122	Iter0123	17	10	0	1	4	0	3.272727272727273	0.3928571428571386	0.07007467135785	1
123	Iter0124	8	7	4	1	2	1	0.2857142857142857	0.6026831785345723	0.07264708009647401	1
124	Iter0125	18	7	0	0	5	0	2.375	1.0	0.12911768910000002	1
125	Iter0126	19	6	0	3	4	0	11.428571428571427	0.025641025641025533	0.0484525625535	1
126	Iter0127	15	5	5	0	5	0	0.4444444444444444	0.5440429136081292	0.09494557644694	1
127	Iter0128	21	9	1	0	6	0	1.1	1.0	0.08905595434	1
128	Iter0129	18	7	0	1	6	0	4.75	0.3076923076923068	0.184169989226276	1
129	Iter0130	22	3	1	2	11	0	14.666666666666664	0.07326007326007253	0.2133598826977827	1
130	Iter0131	13	6	2	4	2	0	4.333333333333333	0.1752964426877487	0.022242796560000003	1
131	Iter0132	13	7	1	3	3	1	5.571428571428572	0.2720685111989469	0.0694498889535	1
132	Iter0133	18	7	1	0	7	0	1.1875	1.0	0.1257172436	1
133	Iter0134	18	9	2	2	4	0	2.0	0.6014619418401379	0.091615909	1
134	Iter0135	15	6	3	1	3	0	0.8333333333333334	1.0	0.028815623885563097	1
135	Iter0136	19	2	4	2	5	0	4.75	0.20427350427350674	0.081881152954216	1
136	Iter0137	18	8	1	1	6	0	2.25	1.0	0.1137332582	1
137	Iter0138	8	5	2	0	1	1	0.5	0.5238095238095224	0.013165322	1
138	Iter0139	12	3	1	2	4	0	8.0	0.17156862745098042	0.081937264164	1
139	Iter0140	13	6	1	3	6	0	6.5	0.2600790513833998	0.15621093903000002	1
140	Iter0141	11	6	2	1	3	1	0.9166666666666666	1.0	0.0528659865	1
141	Iter0142	18	4	2	1	4	0	2.25	0.5043478260869565	0.0954847456	1
142	Iter0143	23	6	1	1	8	0	3.8333333333333335	0.4064516129032184	0.13621057296	1
143	Iter0144	13	5	0	2	4	0	7.000000000000001	0.11052631578947332	0.0526712993	1
144	Iter0145	10	6	3	0	3	1	0.3928571428571429	0.5170278637770895	0.091608230747	1
145	Iter0146	16	8	6	3	3	0	1.0	1.0	0.0868721553	1
146	Iter0147	22	6	1	0	4	0	1.6428571428571428	1.0	0.121510844418	1
147	Iter0148	9	7	9	2	3	0	0.2857142857142857	0.2311212814645346	0.0851709	1
148	Iter0149	13	6	0	0	3	0	2.0	1.0	0.11283224999999922	1
149	Iter0150	15	4	2	0	3	0	1.0666666666666669	1.0	0.10806030984414029	1
150	Iter0151	14	2	0	6	4	0	35.0	0.0003752697251149277	0.08049654599999999	1
151	Iter0152	16	8	3	3	5	1	2.0	0.6409751168371913	0.088177843676837	1
152	Iter0153	16	8	0	0	5	0	1.8888888888888888	1.0	0.14740306210000004	1
153	Iter0154	18	2	1	1	5	0	9.0	0.2597402597402592	0.0915980418	1
154	Iter0155	17	5	2	0	3	0	1.0	1.0	0.01914849061493426	1
155	Iter0156	20	8	1	1	10	0	2.5	0.5172413793103524	0.17762214746760002	1
156	Iter0157	21	8	2	2	8	0	2.625	0.5672043010752585	0.13803972760810002	1
157	Iter0158	15	4	4	0	5	0	0.64	1.0	0.16477959500089	1
158	Iter0159	20	7	2	1	2	0	1.4285714285714286	1.0	0.0277098524279483	1
159	Iter0160	15	4	4	0	7	0	0.64	1.0	0.18910752079999998	1
160	Iter0161	17	1	0	1	3	0	18.0	0.10526315789473688	0.08921127778999999	1
161	Iter0162	15	5	1	1	5	0	3.0	0.4805194805194781	0.10803223417499999	1
162	Iter0163	14	11	1	0	5	0	0.625	1.0	0.08796844	1
163	Iter0164	17	4	6	1	6	1	0.7083333333333334	1.0	0.1146913010381074	1
164	Iter0165	15	6	2	2	6	1	2.5	0.5699604743083022	0.13610836755886	1
165	Iter0166	12	9	1	1	4	0	1.3333333333333333	1.0	0.061142109749436	1
166	Iter0167	15	7	4	0	4	1	0.4	0.5462876254180611	0.0648984540576	1
167	Iter0168	15	9	5	2	5	1	0.6666666666666667	1.0	0.056830656907	1
168	Iter0169	19	5	5	4	8	0	3.04	0.21215110806879264	0.14481662569999998	1
169	Iter0170	10	6	0	0	4	0	1.5714285714285714	1.0	0.0517694277273	1
170	Iter0171	25	5	1	0	7	0	2.1666666666666665	1.0	0.126358605376	1
171	Iter0172	18	11	3	1	8	0	0.5454545454545455	1.0	0.184723596834	1
172	Iter0173	10	8	1	0	2	0	0.6111111111111112	1.0	0.035013380000000004	1
173	Iter0174	12	11	0	2	4	0	3.25	0.4800000000000001	0.130874182781	1
174	Iter0175	24	10	0	4	12	0	11.363636363636365	0.013560929350402914	0.22597116050800004	1
175	Iter0176	12	3	4	0	6	1	0.65	1.0	0.11065592011000001	1
176	Iter0177	12	10	2	0	2	0	0.393939393939394	0.4927536231884106	0.11346413778400001	1
177	Iter0178	3	11	0	1	0	0	0.6666666666666666	1.0	-1.58003e-05	0
178	Iter0179	17	3	2	0	5	0	1.5	1.0	0.133939055	1
179	Iter0180	21	10	0	0	5	0	2.0	1.0	0.1099284213	1
180	Iter0181	15	6	2	1	5	0	1.25	1.0	0.07051031640000001	1
181	Iter0182	21	6	1	2	3	0	7.0	0.16551724137931034	0.044907604619999986	1
182	Iter0183	15	7	1	1	5	0	2.142857142857143	1.0	0.09057006321437021	1
183	Iter0184	19	7	0	1	4	0	5.0	0.29629629629629795	0.07751535561895898	1
184	Iter0185	16	11	0	0	5	0	1.4166666666666667	1.0	0.09565556799994257	1
185	Iter0186	19	4	1	2	5	0	9.5	0.12307692307692268	0.1109850123319	1
186	Iter0187	15	7	0	1	8	0	4.0	0.34782608695652245	0.28588518620000003	1
187	Iter0188	14	8	1	0	6	0	0.8333333333333334	1.0	0.116868978663347	1
188	Iter0189	12	8	2	0	6	0	0.4814814814814815	0.5151515151515167	0.08723982568949	1
189	Iter0190	15	8	6	2	3	2	0.625	1.0	0.055869751999999995	1
190	Iter0191	22	6	2	1	6	0	1.8333333333333333	0.5497219132369353	0.072835305945	1
191	Iter0192	10	7	2	1	5	0	0.7142857142857143	1.0	0.10174263885	1
192	Iter0193	14	5	1	0	2	0	1.25	1.0	0.036009582760000006	1
193	Iter0194	16	3	1	0	3	0	2.125	1.0	0.1082532603	1
194	Iter0195	22	7	0	1	7	0	5.75	0.2666666666666657	0.13914305239699998	1
195	Iter0196	16	7	1	2	2	0	4.571428571428571	0.2676923076923091	0.027692266511499995	1
196	Iter0197	23	6	1	1	6	0	3.8333333333333335	0.4064516129032184	0.19310304817847299	1
197	Iter0198	12	3	3	0	2	0	0.8125	1.0	0.042873155705	1
198	Iter0199	17	4	3	2	4	0	2.833333333333333	0.5580723624201848	0.17244845727233	1
199	Iter0200	16	5	1	0	3	0	1.4166666666666667	1.0	0.04482794997642921	1
200	Iter0201	15	5	0	0	3	0	2.6666666666666665	1.0	0.04755869535163	1
201	Iter0202	18	3	5	0	3	0	0.7916666666666666	1.0	0.06522436949759464	1
202	Iter0203	22	9	3	0	7	0	0.575	0.5487967914438519	0.148422979649	1
203	Iter0204	15	5	2	1	8	0	1.5	1.0	0.14444083139799999	1
204	Iter0205	17	12	1	0	4	1	0.6923076923076923	1.0	0.16002809	1
205	Iter0206	15	6	3	0	3	0	0.5714285714285714	0.5464426877470315	0.047562793753500004	1
206	Iter0207	15	9	0	2	3	0	4.800000000000002	0.16923076923076855	0.055962118964246105	1
207	Iter0208	17	4	2	0	6	0	1.2	1.0	0.08596306481563	1
208	Iter0209	14	3	2	0	5	0	1.25	1.0	0.1554208823	1
209	Iter0210	24	4	3	0	9	0	1.25	1.0	0.15980099515760002	1
210	Iter0211	13	2	0	2	5	0	14.000000000000002	0.044117647058823616	0.09721450765100001	1
211	Iter0212	15	8	1	2	7	0	3.75	0.5384615384615425	0.15044156000000003	1
212	Iter0213	19	8	4	1	6	0	0.59375	1.0	0.08631593739999999	1
213	Iter0214	19	9	1	2	4	0	4.222222222222221	0.2814238042269222	0.081875917634	1
214	Iter0215	12	9	0	1	5	0	2.6	0.4545454545454533	0.129623553453	1
215	Iter0216	19	9	1	2	6	0	4.222222222222221	0.2814238042269222	0.07756099	1
216	Iter0217	27	10	3	3	9	1	2.7	0.34549362629487607	0.14768511805370002	1
217	Iter0218	15	7	0	1	3	0	4.0	0.34782608695652245	0.0776762	1
218	Iter0219	16	9	4	2	4	0	0.8888888888888888	1.0	0.10694715	1
219	Iter0220	12	5	3	3	3	1	2.4	0.6213854795090508	0.057890050600000006	1
220	Iter0221	19	6	4	2	10	0	1.5833333333333333	0.6343895876710133	0.2066021216279289	1
221	Iter0222	18	5	1	1	6	0	3.6	0.4300000000000032	0.1083605716	1
222	Iter0223	18	5	1	2	4	0	7.2	0.16692307692307765	0.0849955755872	1
223	Iter0224	20	11	3	1	6	0	0.6060606060606061	1.0	0.11557534958	1
224	Iter0225	15	4	2	0	10	0	1.0666666666666669	1.0	0.21581492628146998	1
225	Iter0226	23	8	2	0	5	0	0.8888888888888888	1.0	0.102287302173	1
226	Iter0227	18	6	5	2	4	0	1.2	1.0	0.0398188253459	1
227	Iter0228	12	8	4	0	3	0	0.2888888888888889	0.2621870882740463	0.051622408277	1
228	Iter0229	18	7	1	1	7	0	2.571428571428572	0.5128205128205165	0.16730530675148003	1
229	Iter0230	19	5	1	1	10	0	3.8	0.4153846153846155	0.17848977318100004	1
230	Iter0231	17	5	2	0	5	0	1.0	1.0	0.0530213628511	1
231	Iter0232	18	3	0	0	2	0	4.75	1.0	0.0248807228293	1
232	Iter0233	17	4	0	0	2	0	3.6	1.0	0.060540619649813	1
233	Iter0234	23	6	2	1	8	0	1.9166666666666667	0.5362903225806417	0.16721869620029997	1
234	Iter0235	17	6	3	2	4	0	1.8888888888888893	0.6056166056166021	0.0392056194	1
235	Iter0236	24	4	1	1	8	1	6.0	0.31034482758620946	0.17925584609665002	1
236	Iter0237	9	5	1	0	2	0	0.8333333333333334	1.0	0.059581447700000005	1
237	Iter0238	14	5	2	1	5	0	1.4	1.0	0.0964791936205	1
238	Iter0239	18	5	2	2	7	0	3.6	0.26923076923077266	0.17830863023185203	1
239	Iter0240	10	7	3	0	3	0	0.34375	0.5210526315789488	0.04257232	1
240	Iter0241	17	4	1	0	3	0	1.8	1.0	0.06260027560999999	1
241	Iter0242	9	10	2	0	2	0	0.30303030303030304	0.4761904761904765	0.082384854	1
242	Iter0243	19	3	4	1	3	0	1.5833333333333333	1.0	0.0405118865	1
243	Iter0244	20	5	4	4	7	1	4.0	0.16950457773594318	0.19370489999999999	1
244	Iter0245	22	6	3	0	6	1	0.8214285714285714	1.0	0.08351487946646999	1
245	Iter0246	16	10	2	0	6	0	0.5151515151515151	0.523809523809518	0.13243311464086	1
246	Iter0247	16	8	0	1	3	0	3.7777777777777777	0.3600000000000027	0.08918731320805699	1
247	Iter0248	11	6	3	0	3	0	0.42857142857142855	0.5210526315789487	0.0765809	1
248	Iter0249	19	7	1	0	8	0	1.25	1.0	0.12979995830000002	1
249	Iter0250	18	5	1	0	8	0	1.5833333333333333	1.0	0.16501422883300002	1
250	Iter0251	13	7	1	0	4	0	0.875	1.0	0.04661861480968	1
251	Iter0252	17	8	2	0	4	0	0.6666666666666666	1.0	0.14688701568999998	1
252	Iter0253	10	5	4	1	2	0	0.5	1.0	0.0520164648184	1
253	Iter0254	17	4	4	1	2	1	1.0625	1.0	0.0096858811	1
254	Iter0255	16	8	1	1	4	0	2.0	1.0	0.046971114673999996	1
255	Iter0256	15	7	3	1	7	0	0.7142857142857143	1.0	0.14353636401800002	1
256	Iter0257	18	3	0	2	6	0	14.25	0.03952569169960457	0.09137732949999999	1
257	Iter0258	12	4	2	0	5	0	0.8666666666666667	1.0	0.13338479582516002	1
258	Iter0259	16	8	4	2	6	0	1.0	1.0	0.15086276066162	1
259	Iter0260	16	7	3	2	4	0	1.5238095238095235	1.0	0.12073346071899999	1
260	Iter0261	14	5	0	0	5	0	2.5	1.0	0.07419641176099999	1
261	Iter0262	16	7	1	0	7	1	1.0625	1.0	0.145375211852712	1
262	Iter0263	23	3	2	2	4	1	7.666666666666668	0.11877394636015245	0.08004278663282001	1
263	Iter0264	15	2	0	1	5	0	10.666666666666666	0.16666666666666674	0.08581639999962011	1
264	Iter0265	18	5	4	1	3	0	0.9	1.0	0.04325771497261181	1
265	Iter0266	17	9	3	0	3	1	0.45	0.5320197044335009	0.07805268845	1
266	Iter0267	15	5	0	1	5	0	5.333333333333333	0.2857142857142847	0.11437321914589	1
267	Iter0268	14	7	2	0	1	0	0.625	1.0	0.012292220019999998	1
268	Iter0269	13	6	1	4	4	0	8.666666666666666	0.1222002635046117	0.1149504099478803	1
269	Iter0270	15	3	2	1	5	0	2.5	0.48872180451128	0.09608676033839998	1
270	Iter0271	15	2	1	0	5	0	2.6666666666666665	1.0	0.070713697949	1
271	Iter0272	11	4	3	0	2	1	0.6	1.0	0.041563534	1
272	Iter0273	14	3	2	0	5	0	1.25	1.0	0.1122459831532	1
273	Iter0274	24	4	1	0	7	0	2.5	1.0	0.1557790771921	1
274	Iter0275	10	4	1	0	3	0	1.1	1.0	0.0872714138	1
275	Iter0276	13	2	1	1	1	0	6.5	0.3308823529411776	0.026666692171000005	1
276	Iter0277	17	3	2	2	5	0	5.666666666666668	0.17927724449463558	0.062928047073	1
277	Iter0278	14	2	2	1	2	1	3.5	0.4220846233230153	0.0162424677	1
278	Iter0279	21	8	2	2	6	0	2.625	0.5672043010752585	0.13187629306650003	1
279	Iter0280	17	2	2	0	4	0	2.0	1.0	0.06586256392999999	1
280	Iter0281	17	5	0	0	4	0	3.0	1.0	0.032573624	1
281	Iter0282	9	3	0	0	5	0	2.5	1.0	0.14676525	1
282	Iter0283	18	7	2	1	5	0	1.2857142857142858	1.0	0.13238586782048922	1
283	Iter0284	23	5	0	0	10	0	4.0	1.0	0.29340689181970003	1
284	Iter0285	20	6	3	4	6	1	4.4444444444444455	0.16052558398220107	0.086171633	1
285	Iter0286	14	5	0	0	3	0	2.5	1.0	0.07597868753999999	1
286	Iter0287	24	5	1	0	10	0	2.083333333333333	1.0	0.2950844115229	1
287	Iter0288	21	6	2	0	5	0	1.0476190476190477	1.0	0.1344581242	1
288	Iter0289	23	6	3	0	5	0	0.8571428571428571	1.0	0.10843733429602068	1
289	Iter0290	20	6	1	0	7	0	1.5	1.0	0.1648792359428647	1
290	Iter0291	13	6	7	0	4	1	0.25	0.1456065673456986	0.070430271551	1
291	Iter0292	18	1	3	2	5	1	12.0	0.09881422924901173	0.10715218970999998	1
292	Iter0293	31	4	0	0	9	0	6.4	1.0	0.16815470275843003	1
293	Iter0294	19	2	1	1	9	0	9.5	0.2490118577075087	0.141824059	1
294	Iter0295	18	13	0	0	2	0	1.3571428571428572	1.0	0.05144357615	1
295	Iter0296	20	2	2	1	8	0	5.0	0.3304347826086971	0.1934436278589	1
296	Iter0297	21	8	6	2	4	0	0.875	1.0	0.169398348266	1
297	Iter0298	22	5	2	1	2	0	2.2	0.5014778325123108	0.057652375019540916	1
298	Iter0299	17	9	1	1	7	1	1.8888888888888888	1.0	0.19372553510700002	1
299	Iter0300	20	3	0	1	7	0	10.5	0.16666666666666793	0.10099712	1
300	Iter0301	15	4	2	1	2	0	1.875	1.0	0.04029089644	1
301	Iter0302	11	8	1	0	5	0	0.6666666666666666	1.0	0.09651265040000001	1
302	Iter0303	16	6	4	0	7	0	0.4857142857142857	0.5424749163879591	0.110058776	1
303	Iter0304	25	10	0	0	9	0	2.363636363636364	1.0	0.1450732592033	1
304	Iter0305	12	11	0	1	3	0	2.1666666666666665	1.0	0.03449587155000001	1
305	Iter0306	22	8	2	0	3	0	0.8518518518518517	1.0	0.061116630889101034	1
306	Iter0307	17	4	3	1	5	0	1.4166666666666667	1.0	0.07849302798	1
307	Iter0308	19	3	3	4	5	0	8.444444444444445	0.037741385717398455	0.06182708320704	1
308	Iter0309	15	7	2	1	4	0	1.0714285714285714	1.0	0.1477022650472443	1
309	Iter0310	16	13	2	0	7	1	0.4047619047619047	0.4967741935483836	0.17456713661151002	1
310	Iter0311	22	8	3	0	8	1	0.6388888888888888	0.5601173020527688	0.1565642365907	1
311	Iter0312	17	8	2	0	4	1	0.6666666666666666	1.0	0.13032633863319998	1
312	Iter0313	17	6	2	2	9	0	2.833333333333333	0.5582905982906032	0.230386918	1
313	Iter0314	15	5	1	1	3	0	3.0	0.4805194805194781	0.04985903088699993	1
314	Iter0315	22	1	5	0	2	0	1.9166666666666667	1.0	0.047085061515899994	1
315	Iter0316	18	7	4	2	3	0	1.2857142857142858	1.0	0.11731261831999998	1
316	Iter0317	21	12	4	1	5	0	0.4375	0.6425881874798299	0.0585917242	1
317	Iter0318	22	2	5	5	8	0	11.0	0.013887980108617505	0.18208949684589998	1
318	Iter0319	14	5	2	0	3	0	0.8333333333333334	1.0	0.0291786237	1
319	Iter0320	15	6	0	0	3	0	2.2857142857142856	1.0	0.09241663720400002	1
320	Iter0321	18	4	2	0	7	0	1.2666666666666666	1.0	0.14112620317033003	1
321	Iter0322	13	3	4	4	2	1	4.333333333333333	0.16704805491990973	0.005269683041	1
322	Iter0323	19	12	1	1	5	0	1.5833333333333333	1.0	0.09713635773	1
323	Iter0324	24	6	1	1	5	1	4.0	0.3951612903225799	0.08189162245999997	1
324	Iter0325	19	7	1	2	5	0	5.428571428571429	0.22003284072249726	0.0937393843503	1
325	Iter0326	14	9	2	0	3	0	0.5	0.5200000000000022	0.0420326689	1
326	Iter0327	17	6	3	0	5	2	0.6428571428571429	1.0	0.06657560224	1
327	Iter0328	24	8	2	0	7	0	0.925925925925926	1.0	0.15917405421499997	1
328	Iter0329	24	3	0	0	8	0	6.25	1.0	0.148897451221	1
329	Iter0330	15	8	1	0	4	0	0.8888888888888888	1.0	0.11817892595200001	1
330	Iter0331	29	10	1	0	6	0	1.3636363636363635	1.0	0.0887104984511546	1
331	Iter0332	14	2	1	0	3	0	2.5	1.0	0.09472624859519999	1
332	Iter0333	9	1	5	4	0	0	7.2	0.1408668730650159	-5.3265132700000015e-05	0
333	Iter0334	12	7	2	0	5	0	0.5416666666666666	0.5333333333333343	0.07169514	1
334	Iter0335	15	12	2	1	4	0	0.625	1.0	0.0416657471241	1
335	Iter0336	16	4	3	1	2	0	1.3333333333333333	1.0	0.05913268196839999	1
336	Iter0337	22	8	2	0	5	0	0.8518518518518517	1.0	0.11300236992628258	1
337	Iter0338	14	10	2	2	1	0	1.4	1.0	0.024378006350000002	1
338	Iter0339	25	6	1	1	9	0	4.166666666666667	0.38446969696968747	0.195593375793	1
339	Iter0340	11	6	1	2	2	0	3.6666666666666665	0.5368421052631573	0.03849913379799788	1
340	Iter0341	19	7	0	1	8	0	5.0	0.29629629629629795	0.11257986028641997	1
341	Iter0342	17	4	2	0	3	1	1.2	1.0	0.028978376259999997	1
342	Iter0343	13	8	0	3	6	0	6.222222222222222	0.08152173913043523	0.0917016076	1
343	Iter0344	20	7	1	1	6	0	2.8571428571428568	0.4827586206896556	0.155023219466342	1
344	Iter0345	18	8	2	1	7	1	1.125	1.0	0.1276885562	1
345	Iter0346	15	7	0	1	4	0	4.0	0.34782608695652245	0.08489416933999999	1
346	Iter0347	18	3	3	1	8	0	2.0	0.5268774703557355	0.19471149244000002	1
347	Iter0348	21	4	2	0	5	0	1.4666666666666668	1.0	0.1309716423398	1
348	Iter0349	16	3	0	2	3	0	12.75	0.04761904761904781	0.07880982623686002	1
349	Iter0350	18	9	0	1	8	0	3.8	0.3571428571428517	0.15654971040000001	1
350	Iter0351	16	6	3	2	3	0	1.7777777777777777	0.6159048680787876	0.0364598568592	1
351	Iter0352	15	5	1	1	2	0	3.0	0.4805194805194781	0.04268892284815999	1
352	Iter0353	17	8	3	2	6	0	1.4166666666666667	1.0	0.16610338177	1
353	Iter0354	13	11	5	1	1	0	0.2363636363636364	0.3575344196033875	0.022044419495210004	1
354	Iter0355	20	7	0	1	9	0	5.25	0.28571428571428165	0.17095435	1
355	Iter0356	16	10	0	1	3	0	3.0909090909090913	0.4074074074074096	0.05689996175	1
356	Iter0357	8	7	0	0	4	0	1.125	1.0	0.06747338	1
357	Iter0358	31	4	1	0	8	0	3.2	1.0	0.16880610446797045	1
358	Iter0359	20	5	0	0	8	0	3.5	1.0	0.18479248299999998	1
359	Iter0360	20	3	0	1	5	0	10.5	0.16666666666666793	0.067343293420305	1
360	Iter0361	19	6	3	0	6	2	0.7142857142857143	1.0	0.13977570067000003	1
361	Iter0362	19	7	1	0	6	0	1.25	1.0	0.05718471701	1
362	Iter0363	17	5	2	1	6	0	1.7	1.0	0.14996249531190003	1
363	Iter0364	17	9	1	0	6	1	0.9	1.0	0.13584984797740002	1
364	Iter0365	17	8	2	2	3	1	2.125	0.5920171782240768	0.06575304875	1
365	Iter0366	15	6	2	0	3	0	0.7619047619047619	1.0	0.041654662982813	1
366	Iter0367	21	7	0	0	9	0	2.75	1.0	0.19858250197367003	1
367	Iter0368	15	7	1	2	7	0	4.285714285714286	0.5304347826086996	0.09035365000000001	1
368	Iter0369	20	4	3	1	5	0	1.6666666666666667	1.0	0.16284982280000002	1
369	Iter0370	14	4	0	0	1	0	3.0	1.0	0.024631981009999998	1
370	Iter0371	13	7	2	0	2	0	0.5833333333333334	1.0	0.0386062721937	1
371	Iter0372	20	5	3	0	7	0	0.875	1.0	0.22695320205299999	1
372	Iter0373	8	4	0	1	3	0	3.6	0.3846153846153838	0.08466736350000001	1
373	Iter0374	19	9	0	2	4	0	6.0	0.12643678160919675	0.1689758961315	1
374	Iter0375	9	9	1	1	1	0	1.0	1.0	0.03719404885	1
375	Iter0376	17	9	2	1	2	0	0.9444444444444444	1.0	0.048850507082238204	1
376	Iter0377	14	5	3	1	5	0	0.9333333333333332	1.0	0.07386778278	1
377	Iter0378	10	4	7	1	3	2	0.35714285714285715	0.6129718234981392	0.05949656097889999	1
378	Iter0379	18	2	1	0	6	0	3.1666666666666665	1.0	0.13093627688	1
379	Iter0380	18	3	4	0	6	0	0.95	1.0	0.09967441284000002	1
380	Iter0381	15	2	1	0	8	0	2.6666666666666665	1.0	0.107995559	1
381	Iter0382	15	6	1	0	7	0	1.1428571428571428	1.0	0.1354301754	1
382	Iter0383	19	5	1	0	8	0	1.6666666666666667	1.0	0.09213870792931922	1
383	Iter0384	13	6	3	2	3	0	1.4444444444444444	1.0	0.02000048629	1
384	Iter0385	19	9	3	1	6	0	0.7037037037037037	1.0	0.219068480156501	1
385	Iter0386	9	1	1	1	3	0	9.0	0.3181818181818192	0.054534200000000005	1
386	Iter0387	11	6	1	1	3	0	1.8333333333333333	1.0	0.06279481640000001	1
387	Iter0388	14	6	2	1	5	0	1.1666666666666667	1.0	0.14135870832900002	1
388	Iter0389	17	4	2	0	6	0	1.2	1.0	0.1019738024	1
389	Iter0390	17	3	7	1	3	3	0.8095238095238095	1.0	0.05131350743000001	1
390	Iter0391	17	4	2	0	6	0	1.2	1.0	0.11543475450000001	1
391	Iter0392	14	5	4	0	4	0	0.5	0.5392433653303204	0.059736300000000006	1
392	Iter0393	21	10	3	2	11	0	1.4	1.0	0.18165203237	1
393	Iter0394	12	2	1	0	3	0	2.1666666666666665	1.0	0.0838857944	1
394	Iter0395	22	6	4	0	7	2	0.6571428571428571	0.5661846496106868	0.13477945805500002	1
395	Iter0396	16	6	2	0	6	0	0.8095238095238094	1.0	0.171149233	1
396	Iter0397	11	4	3	0	3	0	0.6	1.0	0.07000163537999222	1
397	Iter0398	16	7	0	0	3	0	2.125	1.0	0.061610242800000006	1
398	Iter0399	13	5	1	0	3	0	1.1666666666666667	1.0	0.07056363654	1
399	Iter0400	18	8	2	1	5	1	1.125	1.0	0.10976770899999999	1
400	Iter0401	14	4	2	2	4	0	3.5	0.2918660287081307	0.05775473226240001	1
401	Iter0402	15	4	3	1	6	0	1.25	1.0	0.10156148980569998	1
402	Iter0403	14	7	1	3	4	0	6.0	0.2667984189723326	0.046510476999999995	1
403	Iter0404	19	6	1	2	5	0	6.333333333333332	0.18803418803418626	0.10597629690000002	1
404	Iter0405	19	5	4	0	4	0	0.6666666666666667	1.0	0.065481582718	1
405	Iter0406	21	4	5	0	4	1	0.7333333333333334	1.0	0.071997850778	1
406	Iter0407	22	8	4	1	7	0	0.6875	1.0	0.094635509	1
407	Iter0408	9	2	3	0	3	0	0.8333333333333334	1.0	0.05994752095999999	1
408	Iter0409	21	4	1	1	5	0	5.25	0.3418803418803442	0.11521629700000001	1
409	Iter0410	18	4	0	0	9	0	3.8	1.0	0.25251289	1
410	Iter0411	21	5	2	2	5	0	4.2	0.22452107279693706	0.0984067011991596	1
411	Iter0412	17	3	3	3	5	0	5.666666666666668	0.11193589019675944	0.095967616506	1
412	Iter0413	18	7	1	2	6	0	5.142857142857143	0.23443223443223285	0.139468485	1
413	Iter0414	7	5	1	1	1	0	1.4	1.0	0.0140757	1
414	Iter0415	14	7	1	1	7	0	2.0	1.0	0.13787622500000002	1
415	Iter0416	15	6	6	2	8	0	0.8333333333333334	1.0	0.14092825289000002	1
416	Iter0417	15	6	3	1	2	1	0.8333333333333334	1.0	0.018144743835899996	1
417	Iter0418	14	5	0	1	3	0	5.0	0.29999999999999893	0.0522370359866598	1
418	Iter0419	19	6	1	0	4	0	1.4285714285714286	1.0	0.069745251987	1
419	Iter0420	21	8	1	1	7	0	2.625	0.5032258064516139	0.12108867082394592	1
420	Iter0421	22	3	3	3	7	1	7.333333333333332	0.06879302874853448	0.142665948	1
421	Iter0422	18	8	2	1	4	0	1.125	1.0	0.02823417572481	1
422	Iter0423	8	7	4	1	2	0	0.2857142857142857	0.6026831785345723	0.039059932629999995	1
423	Iter0424	11	5	1	1	4	0	2.2	1.0	0.0742315598	1
424	Iter0425	14	3	0	1	6	0	7.5	0.2222222222222229	0.09144971999705331	1
425	Iter0426	18	5	1	2	5	0	7.2	0.16692307692307765	0.08928667178263	1
426	Iter0427	17	3	1	2	6	0	11.333333333333336	0.10728402032749762	0.10722563	1
427	Iter0428	18	9	1	0	3	0	0.95	1.0	0.06418962179957	1
428	Iter0429	14	5	1	0	7	0	1.25	1.0	0.1160143937	1
429	Iter0430	17	6	2	2	3	0	2.833333333333333	0.5582905982906032	0.030578143244019994	1
430	Iter0431	13	4	1	1	2	0	3.25	0.4678362573099442	0.0332521853499	1
431	Iter0432	16	2	3	0	5	0	1.4166666666666667	1.0	0.149608107536	1
432	Iter0433	17	9	1	0	5	0	0.9	1.0	0.0961485977278	1
433	Iter0434	13	3	0	1	5	0	7.0	0.23529411764705904	0.06279713651	1
434	Iter0435	19	8	4	0	3	0	0.4444444444444445	0.5497219132369291	0.04911754143974	1
435	Iter0436	18	6	1	0	5	0	1.3571428571428572	1.0	0.0870672475749852	1
436	Iter0437	26	3	2	0	8	0	2.25	1.0	0.14737039084524445	1
437	Iter0438	20	7	2	1	9	0	1.4285714285714286	1.0	0.1011942514498	1
438	Iter0439	19	8	2	0	4	0	0.7407407407407408	1.0	0.0522940682108016	1
439	Iter0440	10	7	1	0	1	0	0.6875	1.0	0.00175233908457	1
440	Iter0441	20	3	2	0	6	0	1.75	1.0	0.16381669011000002	1
441	Iter0442	17	5	3	2	6	0	2.2666666666666666	0.5798959494611711	0.10629601087	1
442	Iter0443	17	11	2	0	7	0	0.5	0.5195402298850628	0.1000663953408	1
443	Iter0444	12	6	3	2	3	1	1.3333333333333333	1.0	0.07169679597192768	1
444	Iter0445	22	4	2	2	6	0	5.5	0.1691297208538582	0.15057408489	1
445	Iter0446	17	1	7	1	1	2	2.4285714285714284	0.5292307692307683	0.013342729	1
446	Iter0447	19	11	3	0	7	0	0.4166666666666667	0.5342741935483775	0.093796373202	1
447	Iter0448	17	5	1	0	4	0	1.5	1.0	0.08098089390600001	1
448	Iter0449	17	8	1	2	6	0	4.25	0.2838827838827805	0.13558494799999998	1
449	Iter0450	17	8	0	0	5	0	2.0	1.0	0.07893010947159998	1
450	Iter0451	21	6	1	1	7	0	3.5	0.43103448275862394	0.09412271450000001	1
451	Iter0452	16	5	5	2	2	0	1.28	1.0	0.045471613295999996	1
452	Iter0453	12	7	0	2	3	0	4.875	0.17142857142857115	0.0717300061	1
453	Iter0454	13	6	1	0	4	0	1.0	1.0	0.063238210434193	1
454	Iter0455	18	5	0	1	7	0	6.333333333333332	0.25000000000000083	0.13139974987630001	1
455	Iter0456	14	1	7	0	4	1	0.9375	1.0	0.0572701803	1
456	Iter0457	15	3	0	1	4	0	8.0	0.21052631578947412	0.08845058900000001	1
457	Iter0458	9	3	4	1	2	1	0.75	1.0	0.06867057685458001	1
458	Iter0459	23	5	4	2	5	0	2.3	0.5798138751910953	0.11471351425815	1
459	Iter0460	16	4	0	1	4	0	6.8	0.23809523809523636	0.089594794825	1
460	Iter0461	12	3	0	2	3	0	9.75	0.07352941176470587	0.03705089184	1
461	Iter0462	18	10	1	0	5	0	0.8636363636363636	1.0	0.12715323804303	1
462	Iter0463	15	6	0	0	7	0	2.2857142857142856	1.0	0.17642562	1
463	Iter0464	20	8	1	0	6	0	1.1666666666666667	1.0	0.06821353322410001	1
464	Iter0465	16	6	5	1	7	1	0.5333333333333333	1.0	0.11061351373075537	1
465	Iter0466	15	5	1	1	2	0	3.0	0.4805194805194781	0.018869279376474996	1
466	Iter0467	24	7	3	1	8	0	1.1428571428571428	1.0	0.19815070563899997	1
467	Iter0468	12	5	0	0	6	0	2.1666666666666665	1.0	0.09042241966900999	1
468	Iter0469	11	4	2	1	2	0	1.375	1.0	0.037864941	1
469	Iter0470	16	4	0	0	5	0	3.4	1.0	0.059759857439999994	1
470	Iter0471	27	2	2	1	4	0	6.75	0.2633064516129015	0.09119044417200001	1
471	Iter0472	19	6	3	1	6	1	1.0555555555555556	1.0	0.12218984420281999	1
472	Iter0473	19	9	2	0	8	1	0.6666666666666666	1.0	0.18952359400000002	1
473	Iter0474	15	7	0	2	1	0	6.0	0.13043478260869582	0.00928190997	1
474	Iter0475	17	8	3	3	2	1	2.125	0.6380797548761971	0.042227761180409995	1
475	Iter0476	19	7	1	0	6	0	1.25	1.0	0.0852854008	1
476	Iter0477	18	4	1	0	9	0	1.9	1.0	0.19812296480000005	1
477	Iter0478	20	2	1	3	6	0	30.0	0.014381270903010097	0.12663448443000003	1
478	Iter0479	16	5	5	2	3	0	1.28	1.0	0.04430292892919001	1
479	Iter0480	16	8	1	0	4	0	0.9444444444444444	1.0	0.050700949984933893	1
480	Iter0481	15	11	0	0	3	0	1.3333333333333333	1.0	0.07895857145744001	1
481	Iter0482	16	4	2	0	6	0	1.1333333333333333	1.0	0.09407963999999999	1
482	Iter0483	14	4	2	0	3	0	1.0	1.0	0.0598774154	1
483	Iter0484	17	6	0	1	2	0	5.142857142857143	0.29166666666666835	0.05876773445809403	1
484	Iter0485	19	7	1	1	7	0	2.7142857142857144	0.4973544973544944	0.14791087784999998	1
485	Iter0486	12	7	1	2	2	0	3.4285714285714284	0.5441558441558434	0.042960309999999995	1
486	Iter0487	23	7	4	0	6	1	0.6	0.5585000862515099	0.10618542956011	1
487	Iter0488	16	3	0	0	6	0	4.25	1.0	0.081818683289	1
488	Iter0489	14	10	1	1	6	0	1.4	1.0	0.13566362085	1
489	Iter0490	22	7	0	0	8	0	2.875	1.0	0.1522365794748272	1
490	Iter0491	20	3	1	0	8	0	2.625	1.0	0.17251355654478898	1
491	Iter0492	17	2	2	1	3	0	4.25	0.3707792207792177	0.05340173298977189	1
492	Iter0493	19	6	2	1	4	1	1.5833333333333333	1.0	0.07617484477099999	1
493	Iter0494	21	8	1	1	10	0	2.625	0.5032258064516139	0.2535864751	1
494	Iter0495	18	6	1	0	5	0	1.3571428571428572	1.0	0.1186296135588	1
495	Iter0496	9	4	2	2	3	0	2.25	0.5840336134453747	0.09853960320973999	1
496	Iter0497	18	7	3	0	5	1	0.59375	0.5512820512820473	0.0855015351	1
497	Iter0498	14	7	4	1	5	1	0.5	1.0	0.09502281043410203	1
498	Iter0499	13	4	1	1	3	0	3.25	0.4678362573099442	0.050210673402	1
499	Iter0500	16	8	3	0	2	0	0.4722222222222222	0.5323076923076941	0.024739689612	1
500	Iter0501	13	4	0	1	5	0	5.6	0.27777777777777835	0.12816309409999999	1
501	Iter0502	12	5	2	0	4	0	0.7222222222222222	1.0	0.09532102	1
502	Iter0503	18	2	5	1	5	0	1.8	1.0	0.073989698498	1
503	Iter0504	17	5	3	0	3	1	0.75	1.0	0.0639986635911113	1
504	Iter0505	11	10	2	1	3	0	0.55	1.0	0.09473693891254101	1
505	Iter0506	17	6	1	1	5	0	2.833333333333333	0.4900000000000031	0.054132933220000005	1
506	Iter0507	22	11	1	1	5	0	2.0	1.0	0.17021898571099997	1
507	Iter0508	12	2	2	0	7	0	1.4444444444444444	1.0	0.1093968513658842	1
508	Iter0509	19	8	5	2	6	0	0.95	1.0	0.14067708712100002	1
509	Iter0510	14	8	1	0	3	0	0.8333333333333334	1.0	0.071371612555	1
510	Iter0511	20	6	1	1	4	0	3.333333333333333	0.4444444444444433	0.11955598241000001	1
511	Iter0512	18	3	0	0	5	0	4.75	1.0	0.09135269103	1
512	Iter0513	23	7	2	3	2	0	4.928571428571429	0.12784321939919646	0.0503532182334	1
513	Iter0514	15	4	3	3	7	0	3.75	0.2984980237154157	0.1826038858	1
514	Iter0515	17	7	1	3	6	0	7.2857142857142865	0.11575091575091505	0.1109671852488	1
515	Iter0516	9	8	5	4	4	0	0.9	1.0	0.06860014	1
516	Iter0517	13	2	1	0	3	0	2.333333333333333	1.0	0.12633134869999998	1
517	Iter0518	14	9	3	3	3	0	1.5555555555555556	0.6693191865605741	0.048199467965000006	1
518	Iter0519	17	3	5	1	5	2	1.1333333333333333	1.0	0.16404647498274	1
519	Iter0520	21	3	3	0	10	0	1.375	1.0	0.15562600250464478	1
520	Iter0521	26	4	1	0	6	0	2.7	1.0	0.12136875726700001	1
521	Iter0522	22	10	2	2	11	0	2.2	0.5876750700280033	0.302053359064	1
522	Iter0523	18	2	0	3	6	0	25.33333333333333	0.005646527385657785	0.050338631128389995	1
523	Iter0524	27	8	0	0	6	0	3.111111111111111	1.0	0.10304768664000001	1
524	Iter0525	13	1	0	0	2	0	7.0	1.0	0.04945329738144	1
525	Iter0526	22	5	2	2	6	0	4.4	0.2120133481646244	0.0966667454	1
526	Iter0527	23	4	1	0	6	1	2.4	1.0	0.15189737416000001	1
527	Iter0528	12	3	6	0	4	0	0.4642857142857143	0.5263157894736853	0.055466234439999984	1
528	Iter0529	18	5	2	2	4	0	3.6	0.26923076923077266	0.08176121709999999	1
529	Iter0530	17	8	0	1	4	0	4.0	0.3461538461538465	0.09270061282215	1
530	Iter0531	18	4	2	0	8	0	1.2666666666666666	1.0	0.22608433866000002	1
531	Iter0532	21	8	5	1	6	0	0.525	1.0	0.07591206202179801	1
532	Iter0533	17	3	0	1	3	0	9.0	0.19047619047619127	0.0856375085	1
533	Iter0534	23	5	5	0	10	2	0.6666666666666666	0.5686495095560737	0.20371623169999997	1
534	Iter0535	16	9	2	0	4	0	0.5666666666666667	0.5384615384615384	0.081024034649	1
535	Iter0536	18	8	1	1	4	0	2.25	1.0	0.11255980172205769	1
536	Iter0537	15	5	1	0	5	0	1.3333333333333333	1.0	0.058298576639999995	1
537	Iter0538	18	3	4	2	4	2	3.0	0.3031215161649976	0.07776964725098	1
538	Iter0539	10	7	9	4	3	0	0.6349206349206349	0.7084257871064534	0.051657515	1
539	Iter0540	20	2	2	0	6	0	2.333333333333333	1.0	0.13573619999367192	1
540	Iter0541	21	6	1	2	9	0	7.0	0.16551724137931034	0.22852640745	1
541	Iter0542	16	8	6	1	3	1	0.3333333333333333	0.6394763412338549	0.048283220220000006	1
542	Iter0543	8	10	7	1	4	1	0.1142857142857143	0.08375286041189972	0.1129261	1
543	Iter0544	14	5	1	0	2	0	1.25	1.0	0.040854569320142	1
544	Iter0545	9	7	3	1	2	1	0.4285714285714286	0.6185758513931885	0.0632447457712	1
545	Iter0546	16	6	1	2	8	1	5.333333333333333	0.2313043478260884	0.217455347	1
546	Iter0547	20	14	0	1	6	0	2.8	0.42857142857142977	0.06325276262480001	1
547	Iter0548	10	6	4	2	3	0	0.8333333333333334	1.0	0.079300365	1
548	Iter0549	15	6	3	4	4	0	3.333333333333333	0.207459207459206	0.08711581524040002	1
549	Iter0550	19	5	2	0	7	0	1.1111111111111112	1.0	0.13099711908	1
550	Iter0551	10	2	2	2	4	1	5.0	0.2445054945054928	0.060501718906600006	1
551	Iter0552	15	2	1	1	9	0	7.5	0.298245614035087	0.17497864286499995	1
552	Iter0553	18	5	1	1	6	0	3.6	0.4300000000000032	0.11789121438696999	1
553	Iter0554	16	8	3	1	4	0	0.6666666666666666	1.0	0.07123289016964	1
554	Iter0555	17	4	2	2	8	0	4.25	0.2339920948616593	0.17168197410000002	1
555	Iter0556	17	4	0	1	9	0	7.2	0.22727272727272546	0.093997829399	1
556	Iter0557	15	10	4	1	3	0	0.375	0.6260157467054055	0.085849776113	1
557	Iter0558	18	3	3	2	7	0	4.0	0.23572514442079595	0.11219219797353559	1
558	Iter0559	19	9	1	1	6	0	2.1111111111111107	1.0	0.136542517373	1
559	Iter0560	15	6	0	2	4	0	6.857142857142858	0.11067193675889332	0.09415547869	1
560	Iter0561	15	9	2	0	3	0	0.5333333333333333	0.5292307692307677	0.04262800403	1
561	Iter0562	22	4	4	0	8	0	0.92	1.0	0.19012552299682675	1
562	Iter0563	8	7	1	0	3	0	0.5625	1.0	0.03719894	1
563	Iter0564	15	3	1	0	2	0	2.0	1.0	0.0490538455	1
564	Iter0565	12	7	0	0	3	0	1.625	1.0	0.077391328	1
565	Iter0566	18	6	2	0	4	0	0.9047619047619048	1.0	0.07815998271	1
566	Iter0567	27	7	1	3	11	0	11.571428571428573	0.04836415362731212	0.23514704784390006	1
567	Iter0568	17	6	3	3	5	2	2.833333333333333	0.3390678287230056	0.11738728639999998	1
568	Iter0569	21	5	0	1	1	0	7.333333333333332	0.22222222222222368	0.018350466100000004	1
569	Iter0570	16	9	1	1	6	0	1.7777777777777777	1.0	0.14098103488100003	1
570	Iter0571	23	5	1	1	9	0	4.6	0.3655172413793135	0.260206205640378	1
571	Iter0572	15	6	1	0	4	0	1.1428571428571428	1.0	0.09128223	1
572	Iter0573	17	4	2	0	6	1	1.2	1.0	0.10473038935884102	1
573	Iter0574	13	3	2	0	5	1	1.1666666666666667	1.0	0.06320827247797	1
574	Iter0575	15	2	1	2	3	0	15.0	0.08771929824561445	0.04438200750463	1
575	Iter0576	11	3	0	0	4	0	3.0	1.0	0.058014071	1
576	Iter0577	24	6	1	0	9	0	1.7857142857142858	1.0	0.207872634753	1
577	Iter0578	15	7	2	1	2	0	1.0714285714285714	1.0	0.047201911343999994	1
578	Iter0579	19	7	1	1	6	0	2.7142857142857144	0.4973544973544944	0.1534733517304	1
579	Iter0580	19	5	3	3	6	0	3.8	0.3002534630120862	0.15250734742000002	1
580	Iter0581	17	4	4	0	7	2	0.72	1.0	0.1663428220904	1
581	Iter0582	13	12	0	1	6	0	2.1538461538461537	1.0	0.09690239780000001	1
582	Iter0583	13	5	5	1	5	0	0.52	1.0	0.17040829999999996	1
583	Iter0584	15	4	2	4	7	0	7.5	0.05928853754940685	0.12340177	1
584	Iter0585	17	5	1	1	5	0	3.4	0.4456521739130444	0.08800817619000001	1
585	Iter0586	22	5	1	0	5	0	1.9166666666666667	1.0	0.08959871518600002	1
586	Iter0587	13	5	2	1	0	0	1.3	1.0	-6.1753659719e-06	0
587	Iter0588	18	4	2	0	5	0	1.2666666666666666	1.0	0.061446371500000006	1
588	Iter0589	21	9	5	0	5	0	0.3666666666666667	0.2972042189309777	0.0943493691993	1
589	Iter0590	15	8	1	1	3	0	1.875	1.0	0.041766905489	1
590	Iter0591	16	7	2	2	4	0	2.2857142857142856	0.5815384615384662	0.0475624297	1
591	Iter0592	15	5	1	1	2	1	3.0	0.4805194805194781	0.03840199815	1
592	Iter0593	15	7	1	1	5	0	2.142857142857143	1.0	0.131746793713	1
593	Iter0594	9	7	1	0	3	0	0.625	1.0	0.075406920321	1
594	Iter0595	26	8	2	0	9	0	1.0	1.0	0.084926677	1
595	Iter0596	17	4	0	2	5	0	10.8	0.05928853754940661	0.11514550066910002	1
596	Iter0597	17	10	0	0	4	0	1.6363636363636365	1.0	0.0590961399924868	1
597	Iter0598	17	9	0	2	1	0	5.4	0.1455026455026446	0.029622299990364	1
598	Iter0599	23	10	3	1	8	0	0.7666666666666666	1.0	0.20323001499999999	1
599	Iter0600	13	7	2	1	5	0	0.9285714285714286	1.0	0.11696765079999999	1
600	Iter0601	15	6	2	0	3	1	0.7619047619047619	1.0	0.06869649500000001	1
601	Iter0602	19	3	1	0	5	0	2.5	1.0	0.142269384613	1
602	Iter0603	27	6	0	3	10	0	16.0	0.011764705882353043	0.174268684464	1
603	Iter0604	14	7	2	1	6	2	1.0	1.0	0.11080687512500001	1
604	Iter0605	22	6	0	0	7	0	3.2857142857142856	1.0	0.16048306653299999	1
605	Iter0606	17	2	1	7	5	0	59.5	0.0002959359481098621	0.13533772188999998	1
606	Iter0607	18	8	1	1	6	0	2.25	1.0	0.17273147430000002	1
607	Iter0608	14	3	0	1	7	0	7.5	0.2222222222222229	0.17874267959999998	1
608	Iter0609	11	6	3	2	4	0	1.2222222222222219	1.0	0.10005432	1
609	Iter0610	16	7	0	0	4	0	2.125	1.0	0.10609039306399999	1
610	Iter0611	18	6	2	1	6	0	1.5	1.0	0.0885085489358	1
611	Iter0612	13	4	3	1	3	0	1.0833333333333333	1.0	0.06635378465	1
612	Iter0613	14	2	3	0	4	0	1.25	1.0	0.0700585004	1
613	Iter0614	20	6	1	0	6	0	1.5	1.0	0.13432282	1
614	Iter0615	24	3	1	1	11	0	8.0	0.2610837438423657	0.19216633603900002	1
615	Iter0616	19	8	2	4	4	0	4.75	0.1586990595611253	0.09117359410968001	1
616	Iter0617	18	9	1	1	1	0	2.0	1.0	0.008605643082700001	1
617	Iter0618	19	6	4	3	6	0	2.375	0.3701789381363956	0.09863056715997601	1
618	Iter0619	16	8	0	2	5	0	5.666666666666668	0.13846153846153794	0.0706499419448	1
619	Iter0620	23	1	1	2	8	0	46.0	0.02495726495726497	0.13498353312	1
620	Iter0621	21	7	2	1	6	0	1.5	1.0	0.11645702782799999	1
621	Iter0622	22	4	2	0	7	0	1.5333333333333332	1.0	0.14102920000000002	1
622	Iter0623	17	4	1	2	5	0	8.5	0.14328063241106587	0.069585828	1
623	Iter0624	13	4	2	1	4	0	1.625	1.0	0.088947212723	1
624	Iter0625	18	2	1	0	6	0	3.1666666666666665	1.0	0.07553573899999999	1
625	Iter0626	17	4	0	1	5	0	7.2	0.22727272727272546	0.08940115853358001	1
626	Iter0627	13	10	1	1	5	0	1.3	1.0	0.11217774800000001	1
627	Iter0628	14	5	1	1	5	0	2.8	0.4999999999999992	0.08699550637	1
628	Iter0629	25	6	2	0	10	0	1.238095238095238	1.0	0.248650028984	1
629	Iter0630	13	8	0	2	2	0	4.666666666666667	0.17786561264822004	0.04705178199	1
630	Iter0631	15	5	2	1	3	0	1.5	1.0	0.060980877018	1
631	Iter0632	20	8	1	0	3	0	1.1666666666666667	1.0	0.027146433900000006	1
632	Iter0633	15	5	1	1	4	0	3.0	0.4805194805194781	0.09283280154	1
633	Iter0634	16	3	0	1	1	0	8.5	0.20000000000000012	0.00547961873327	1
634	Iter0635	16	7	1	1	7	0	2.2857142857142856	1.0	0.09027202999999998	1
635	Iter0636	21	6	0	1	9	0	6.2857142857142865	0.2499999999999973	0.1923641135316	1
636	Iter0637	18	3	2	4	4	0	12.0	0.023907976081889347	0.1171167206	1
637	Iter0638	14	6	1	1	5	0	2.333333333333333	1.0	0.13916059029	1
638	Iter0639	16	5	4	0	2	0	0.5666666666666667	0.5494071146245043	0.03136418	1
639	Iter0640	24	8	1	3	7	0	9.0	0.07563025210083958	0.18578568621400002	1
640	Iter0641	21	3	5	4	5	0	5.6	0.06831664812754823	0.12643320150700002	1
641	Iter0642	27	8	3	0	11	1	0.7777777777777778	1.0	0.1833963697039	1
642	Iter0643	15	6	0	2	5	0	6.857142857142858	0.11067193675889332	0.04462058941000001	1
643	Iter0644	16	5	1	1	7	0	3.2	0.4624505928853722	0.12748683289939	1
644	Iter0645	29	10	0	2	11	0	8.181818181818182	0.08048780487804827	0.16433429600204003	1
645	Iter0646	16	6	4	2	4	0	1.3333333333333333	1.0	0.053827454350699994	1
646	Iter0647	19	9	3	0	7	1	0.5	0.5374860956618525	0.1216976178	1
647	Iter0648	19	6	3	2	8	0	2.1111111111111107	0.5893506238333855	0.16964838753400002	1
648	Iter0649	25	4	1	1	5	1	6.25	0.30107526881720065	0.07866059054300002	1
649	Iter0650	12	3	4	2	2	1	2.0	0.5975232198142453	0.032099192742	1
650	Iter0651	13	6	2	0	8	0	0.6666666666666666	1.0	0.17195821190000002	1
651	Iter0652	14	8	2	1	4	1	0.875	1.0	0.08524419	1
652	Iter0653	14	10	0	0	2	0	1.3636363636363635	1.0	0.02164826219	1
653	Iter0654	21	6	0	1	4	0	6.2857142857142865	0.2499999999999973	0.12387058124786601	1
654	Iter0655	12	6	1	0	3	0	0.9285714285714286	1.0	0.05713338174799998	1
655	Iter0656	17	7	0	0	4	0	2.25	1.0	0.046209334574453996	1
656	Iter0657	15	11	2	0	3	0	0.4444444444444444	0.5052910052910009	0.041290594262062004	1
657	Iter0658	9	7	1	0	4	0	0.625	1.0	0.11210520042699999	1
658	Iter0659	20	4	3	0	7	1	1.05	1.0	0.187977094674	1
659	Iter0660	16	4	1	0	4	0	1.7	1.0	0.06471696834000001	1
660	Iter0661	15	8	2	2	1	0	1.875	0.6125356125356185	0.01877800299998817	1
661	Iter0662	10	6	3	1	4	0	0.5555555555555556	1.0	0.07258456818	1
662	Iter0663	13	8	1	3	4	0	4.875	0.28782608695652345	0.0404128626	1
663	Iter0664	21	4	0	0	7	0	4.4	1.0	0.13785054390169998	1
664	Iter0665	10	6	2	2	4	0	1.6666666666666667	1.0	0.07511588964635	1
665	Iter0666	19	3	1	0	8	0	2.5	1.0	0.23279886574922287	1
666	Iter0667	14	8	2	1	7	1	0.875	1.0	0.1570824047	1
667	Iter0668	18	7	0	0	4	0	2.375	1.0	0.051405236892603	1
668	Iter0669	21	7	1	0	8	0	1.375	1.0	0.12964097300000002	1
669	Iter0670	19	6	1	0	5	0	1.4285714285714286	1.0	0.122934865571	1
670	Iter0671	18	8	1	3	10	0	6.75	0.12643678160919616	0.288269612159	1
671	Iter0672	18	4	3	1	5	1	1.5	1.0	0.09095466897121	1
672	Iter0673	15	10	2	0	1	0	0.4848484848484849	0.515669515669517	0.025653746010000002	1
673	Iter0674	22	12	3	1	4	0	0.6111111111111109	1.0	0.091215950175	1
674	Iter0675	23	8	1	1	5	0	2.875	0.4772727272727141	0.06654049779	1
675	Iter0676	17	7	0	0	7	0	2.25	1.0	0.11261317099999998	1
676	Iter0677	17	3	2	1	7	0	2.833333333333333	0.4528514963297557	0.166466061	1
677	Iter0678	18	2	2	1	4	1	4.5	0.35629587803500595	0.09503315410410001	1
678	Iter0679	19	4	2	1	6	0	2.375	0.48846153846153706	0.09569187998029201	1
679	Iter0680	18	5	2	1	2	0	1.8	1.0	0.037960141265280904	1
680	Iter0681	19	8	3	2	5	0	1.5833333333333333	0.6367491657397161	0.05620084702198981	1
681	Iter0682	12	3	0	1	4	0	6.5	0.24999999999999994	0.12767329139	1
682	Iter0683	18	7	1	1	6	0	2.571428571428572	0.5128205128205165	0.11796406342	1
683	Iter0684	16	7	0	0	8	0	2.125	1.0	0.181786488675	1
684	Iter0685	9	9	1	0	6	0	0.5	1.0	0.1279351	1
685	Iter0686	19	6	0	0	7	0	2.8571428571428568	1.0	0.15076071103	1
686	Iter0687	13	2	0	0	4	0	4.666666666666667	1.0	0.0761524461087	1
687	Iter0688	13	6	3	0	6	0	0.5	0.5324675324675334	0.19137684600000002	1
688	Iter0689	17	6	3	0	7	0	0.6428571428571429	1.0	0.11325168747	1
689	Iter0690	21	3	2	5	4	0	17.5	0.005635891731553607	0.03523219	1
690	Iter0691	14	5	0	0	2	0	2.5	1.0	0.017656040799999998	1
691	Iter0692	16	11	3	0	7	0	0.3541666666666667	0.2793103448275863	0.1728215706	1
692	Iter0693	17	2	1	1	8	1	8.5	0.27142857142857085	0.14674755527198166	1
693	Iter0694	30	3	2	2	11	1	10.0	0.08002119766825999	0.225744468	1
694	Iter0695	16	7	2	0	6	0	0.7083333333333334	1.0	0.10022808	1
695	Iter0696	17	7	1	0	5	0	1.125	1.0	0.08906726193000002	1
696	Iter0697	25	5	0	0	6	0	4.333333333333333	1.0	0.1251780446253875	1
697	Iter0698	18	5	1	0	5	0	1.5833333333333333	1.0	0.11300694385999999	1
698	Iter0699	25	11	1	0	10	0	1.0833333333333333	1.0	0.16131600916	1
699	Iter0700	12	5	1	0	6	0	1.0833333333333333	1.0	0.10877601289354201	1
700	Iter0701	20	4	1	2	5	0	10.0	0.11452991452991453	0.07213618465999999	1
701	Iter0702	13	5	5	4	5	2	2.08	0.42284168920324905	0.091897619	1
702	Iter0703	19	6	2	2	5	1	3.1666666666666665	0.3000294724432674	0.08984418876466997	1
703	Iter0704	12	6	5	1	3	1	0.4	0.6286665279800315	0.055693523	1
704	Iter0705	16	8	0	0	7	0	1.8888888888888888	1.0	0.118685215	1
705	Iter0706	15	10	0	0	4	0	1.4545454545454546	1.0	0.057471751	1
706	Iter0707	12	9	1	0	2	0	0.65	1.0	0.037145815	1
707	Iter0708	12	7	2	0	3	0	0.5416666666666666	0.5333333333333343	0.043174769109000005	1
708	Iter0709	21	7	3	1	4	1	1.0	1.0	0.05388749199502141	1
709	Iter0710	17	4	1	1	5	1	4.25	0.395256916996044	0.10767436695619051	1
710	Iter0711	11	8	4	1	2	0	0.34375	0.6146245059288584	0.0361030350577	1
711	Iter0712	22	3	1	0	8	0	2.875	1.0	0.15837256773900002	1
712	Iter0713	15	3	2	0	5	2	1.3333333333333333	1.0	0.064893620876561	1
713	Iter0714	17	2	3	0	4	0	1.5	1.0	0.07511606833290001	1
714	Iter0715	18	6	0	0	7	0	2.7142857142857144	1.0	0.10149718796767002	1
715	Iter0716	11	6	3	1	5	0	0.6111111111111109	1.0	0.11586891418999999	1
716	Iter0717	20	4	2	3	7	0	7.5	0.07474211612142694	0.17419409967767605	1
717	Iter0718	17	6	4	0	4	0	0.5142857142857143	0.5452991452991492	0.08187581593	1
718	Iter0719	15	9	2	1	4	0	0.8333333333333334	1.0	0.07956054519999999	1
719	Iter0720	17	7	1	0	7	0	1.125	1.0	0.155639	1
720	Iter0721	18	5	1	1	6	0	3.6	0.4300000000000032	0.15674746942999998	1
721	Iter0722	32	4	3	0	8	0	1.65	1.0	0.17246368613199997	1
722	Iter0723	16	9	1	2	7	0	3.555555555555556	0.5433455433455403	0.18063355241	1
723	Iter0724	12	7	4	0	4	0	0.325	0.272727272727272	0.06246407400000001	1
724	Iter0725	14	4	2	2	5	0	3.5	0.2918660287081307	0.08687061699135001	1
725	Iter0726	13	5	2	2	2	0	2.6	0.5645933014354049	0.02773970611	1
726	Iter0727	17	8	4	1	6	0	0.53125	1.0	0.12328309116460001	1
727	Iter0728	16	4	2	0	2	0	1.1333333333333333	1.0	0.030408286000000003	1
728	Iter0729	17	0	1	0	3	0	9.0	1.0	0.048286046199999995	1
729	Iter0730	15	3	0	1	3	0	8.0	0.21052631578947412	0.050048608931600895	1
730	Iter0731	18	5	4	0	8	1	0.6333333333333333	0.5612535612535696	0.1588919357913	1
731	Iter0732	19	8	0	1	6	0	4.4444444444444455	0.3214285714285681	0.167328569158	1
732	Iter0733	11	10	2	1	2	0	0.55	1.0	0.06287427	1
733	Iter0734	13	7	2	0	3	2	0.5833333333333334	1.0	0.03002166488	1
734	Iter0735	15	5	4	2	4	0	1.5	1.0	0.04355678273000001	1
735	Iter0736	22	6	2	0	8	0	1.0952380952380951	1.0	0.10902201883899999	1
736	Iter0737	17	8	4	5	2	0	2.65625	0.2538047325310973	0.01458228	1
737	Iter0738	12	5	0	0	1	0	2.1666666666666665	1.0	0.04928410482382001	1
738	Iter0739	14	10	3	0	2	0	0.3409090909090909	0.2735042735042762	0.05430599999999999	1
739	Iter0740	21	7	2	2	8	2	3.0	0.5567575083426122	0.108148046855	1
740	Iter0741	10	7	3	3	5	0	1.4285714285714286	1.0	0.15833978451189998	1
741	Iter0742	8	7	1	0	3	0	0.5625	1.0	0.1004094	1
742	Iter0743	13	8	1	2	4	0	3.25	0.550395256916998	0.07323147670999999	1
743	Iter0744	20	5	2	3	4	0	6.0	0.10197465369879216	0.084879162971	1
744	Iter0745	24	6	0	0	8	0	3.571428571428572	1.0	0.19306381727	1
745	Iter0746	16	4	1	1	5	0	4.0	0.4112554112554073	0.106901783446	1
746	Iter0747	11	7	2	1	4	0	0.7857142857142857	1.0	0.06902279800000001	1
747	Iter0748	17	7	0	1	8	0	4.5	0.32	0.15459083312605	1
748	Iter0749	23	6	2	0	6	0	1.1428571428571428	1.0	0.08294993999999999	1
749	Iter0750	14	8	2	3	4	0	2.625	0.3704942400594626	0.06058879471	1
750	Iter0751	20	5	1	2	4	0	8.0	0.14529914529914406	0.089847319	1
751	Iter0752	19	7	1	1	7	0	2.7142857142857144	0.4973544973544944	0.1649531961385	1
752	Iter0753	29	6	2	2	10	1	4.833333333333333	0.18025312762154946	0.14982774544139602	1
753	Iter0754	17	5	0	0	5	0	3.0	1.0	0.10245337200000001	1
754	Iter0755	23	8	0	0	9	0	2.6666666666666665	1.0	0.18664599223738146	1
755	Iter0756	12	1	2	3	3	0	18.0	0.044117647058823525	0.0474999089	1
756	Iter0757	12	9	3	4	4	0	1.7777777777777777	0.6702898550724632	0.11984545469998398	1
757	Iter0758	15	4	2	1	5	0	1.875	1.0	0.0626141222363	1
758	Iter0759	16	9	0	1	6	0	3.4	0.38461538461538175	0.073963992749401	1
759	Iter0760	17	6	0	1	4	0	5.142857142857143	0.29166666666666835	0.05852525582009978	1
760	Iter0761	21	3	0	0	7	0	5.5	1.0	0.15294775518339418	1
761	Iter0762	16	10	1	1	4	0	1.6	1.0	0.0917397007	1
762	Iter0763	17	11	0	1	7	0	3.0	0.4137931034482821	0.07875035385900002	1
763	Iter0764	17	8	1	1	4	0	2.125	1.0	0.0864359298522	1
764	Iter0765	27	4	5	0	4	0	0.9333333333333332	1.0	0.0721830354157518	1
765	Iter0766	18	3	0	2	6	0	14.25	0.03952569169960457	0.09206834111000002	1
766	Iter0767	20	3	0	1	6	0	10.5	0.16666666666666793	0.15660357533597621	1
767	Iter0768	20	6	1	5	3	0	16.666666666666668	0.01121616611049332	0.059967015287757997	1
768	Iter0769	13	7	4	2	6	1	0.9285714285714286	1.0	0.09364310289	1
769	Iter0770	17	1	7	2	4	2	4.857142857142857	0.2502564102564109	0.0871806876466	1
770	Iter0771	16	10	0	0	4	0	1.5454545454545454	1.0	0.09758083329359099	1
771	Iter0772	20	10	3	2	6	0	1.3333333333333333	1.0	0.13406773897845997	1
772	Iter0773	25	8	1	1	7	0	3.125	0.4537815126050506	0.204780271586	1
773	Iter0774	21	4	0	2	8	0	13.2	0.04273504273504277	0.124414710902285	1
774	Iter0775	14	9	0	1	1	0	3.0	0.4166666666666688	0.019298594401	1
775	Iter0776	16	7	4	0	6	0	0.425	0.54529914529915	0.152242811747	1
776	Iter0777	15	5	1	0	6	0	1.3333333333333333	1.0	0.1514450745116	1
777	Iter0778	21	6	1	2	5	0	7.0	0.16551724137931034	0.17031133922833	1
778	Iter0779	24	7	0	1	6	0	6.25	0.25000000000000083	0.0976255965873	1
779	Iter0780	19	9	3	0	4	0	0.5	0.5374860956618525	0.0627226137701	1
780	Iter0781	20	8	1	2	5	0	5.0	0.23692992213570946	0.13712748234	1
781	Iter0782	18	4	1	1	7	0	4.5	0.3804347826086968	0.15524763293299998	1
782	Iter0783	16	5	0	0	2	0	2.833333333333333	1.0	0.024519766999999998	1
783	Iter0784	14	5	4	1	7	1	0.7	1.0	0.22142725285999998	1
784	Iter0785	16	12	3	0	6	0	0.3269230769230769	0.26451612903226035	0.1307876531341	1
785	Iter0786	15	7	1	2	5	0	4.285714285714286	0.5304347826086996	0.10030979770000001	1
786	Iter0787	17	4	5	2	7	1	1.7	0.6219063545150461	0.16232579044	1
787	Iter0788	18	4	0	0	2	0	3.8	1.0	0.019106012249957022	1
788	Iter0789	20	6	1	0	9	0	1.5	1.0	0.20764154245299998	1
789	Iter0790	21	7	0	1	6	0	5.5	0.27586206896552057	0.08818054460342199	1
790	Iter0791	17	3	3	0	2	1	1.125	1.0	0.10507643685000001	1
791	Iter0792	18	6	2	1	5	0	1.5	1.0	0.09694893741529999	1
792	Iter0793	16	3	1	0	3	0	2.125	1.0	0.0521155713	1
793	Iter0794	18	7	2	0	5	1	0.7916666666666666	1.0	0.10152095187723	1
794	Iter0795	15	9	1	0	4	1	0.8	1.0	0.07392914784339	1
795	Iter0796	18	13	0	1	4	0	2.7142857142857144	0.4375000000000069	0.2217740308	1
796	Iter0797	16	5	3	4	5	0	4.266666666666667	0.16524779568257772	0.09728207554656	1
797	Iter0798	20	7	1	1	3	0	2.8571428571428568	0.4827586206896556	0.173026967197	1
798	Iter0799	23	11	2	5	8	0	5.227272727272727	0.08908216995508343	0.21483268320217003	1
799	Iter0800	11	11	3	0	7	0	0.25	0.2300000000000013	0.20411553946900002	1
800	Iter0801	14	2	1	1	5	0	7.0	0.31372549019607954	0.12846217410516997	1
801	Iter0802	19	6	4	1	2	0	0.7916666666666666	1.0	0.02586037021863	1
802	Iter0803	19	6	0	2	4	0	8.571428571428571	0.07977207977208026	0.15264500156	1
803	Iter0804	12	7	0	1	4	0	3.25	0.4000000000000011	0.109986790565	1
804	Iter0805	24	7	2	1	6	0	1.7142857142857142	1.0	0.10001384633972286	1
805	Iter0806	15	1	1	0	6	0	4.0	1.0	0.13276030837000002	1
806	Iter0807	18	7	0	0	7	0	2.375	1.0	0.13624233000000002	1
807	Iter0808	17	11	0	1	4	0	3.0	0.4137931034482821	0.06921711400000001	1
808	Iter0809	14	6	3	0	3	0	0.5357142857142857	0.5392433653303181	0.020197626	1
809	Iter0810	10	8	0	2	2	0	3.666666666666667	0.4736842105263162	0.04816514371	1
810	Iter0811	10	8	1	1	0	0	1.25	1.0	-6.293851579999999e-05	0
811	Iter0812	12	5	2	1	4	1	1.2	1.0	0.08325441155285	1
812	Iter0813	19	9	1	1	6	0	2.1111111111111107	1.0	0.1038287725494	1
813	Iter0814	15	9	0	0	3	0	1.6	1.0	0.077440931	1
814	Iter0815	8	10	3	4	2	0	1.0666666666666669	1.0	0.0443663461457	1
815	Iter0816	19	9	3	4	6	0	2.814814814814815	0.3834293005300067	0.11772875274335001	1
816	Iter0817	14	8	3	1	4	0	0.5833333333333334	1.0	0.07109961999999906	1
817	Iter0818	14	10	2	1	1	0	0.7	1.0	0.039252649582	1
818	Iter0819	14	3	2	3	5	0	7.000000000000001	0.10047846889952143	0.131933139579	1
819	Iter0820	26	10	1	0	8	0	1.2272727272727273	1.0	0.09143930425999999	1
820	Iter0821	20	5	3	0	7	0	0.875	1.0	0.08820225732781381	1
821	Iter0822	15	8	0	1	4	0	3.555555555555556	0.37500000000000105	0.14536721660000002	1
822	Iter0823	21	6	1	1	8	0	3.5	0.43103448275862394	0.1538158488	1
823	Iter0824	21	6	3	2	8	1	2.333333333333333	0.5778642936596228	0.19997129384400006	1
824	Iter0825	11	8	1	2	3	0	2.75	0.5714285714285681	0.09411873199999998	1
825	Iter0826	16	6	3	0	8	0	0.6071428571428571	0.5539130434782638	0.15557277828600002	1
826	Iter0827	20	8	0	2	7	0	7.000000000000001	0.10344827586207013	0.1908603400615492	1
827	Iter0828	18	9	5	0	5	1	0.31666666666666665	0.2876459955506139	0.108631796228692	1
828	Iter0829	16	7	3	0	9	0	0.53125	0.5396153846153847	0.2253639865	1
829	Iter0830	20	6	2	0	6	0	1.0	1.0	0.155129709	1
830	Iter0831	24	4	0	2	8	0	15.0	0.034482758620689884	0.24194294344473996	1
831	Iter0832	14	8	0	1	5	0	3.333333333333333	0.3913043478260865	0.076936564256	1
832	Iter0833	19	6	1	0	6	0	1.4285714285714286	1.0	0.09786344124810001	1
833	Iter0834	9	4	2	2	2	0	2.25	0.5840336134453747	0.06788024860000001	1
834	Iter0835	7	4	0	1	3	0	3.2	0.4166666666666672	0.05969219	1
835	Iter0836	14	6	3	0	4	0	0.5357142857142857	0.5392433653303181	0.062972147331	1
836	Iter0837	12	4	1	0	3	0	1.3	1.0	0.0339067337	1
837	Iter0838	12	4	3	3	5	0	3.0	0.3340838727835651	0.12188048960900001	1
838	Iter0839	20	7	2	0	7	0	0.875	1.0	0.23771987641500006	1
839	Iter0840	16	9	1	0	6	0	0.85	1.0	0.14394613999999997	1
840	Iter0841	10	2	2	3	2	0	7.5	0.11651583710407172	0.01862330898	1
841	Iter0842	16	6	1	1	5	0	2.6666666666666665	0.507246376811596	0.13065345280000001	1
842	Iter0843	13	5	1	2	5	1	5.2	0.2473684210526329	0.08960774999999999	1
843	Iter0844	13	10	0	1	7	0	2.5454545454545454	0.4583333333333376	0.1388670584	1
844	Iter0845	21	5	3	0	6	0	0.9166666666666666	1.0	0.15547726820000002	1
845	Iter0846	23	6	4	1	8	0	0.9583333333333334	1.0	0.14535278507986182	1
846	Iter0847	17	2	2	1	8	1	4.25	0.3707792207792177	0.18247833101159996	1
847	Iter0848	23	9	2	0	2	0	0.7999999999999999	1.0	0.04289972240000001	1
848	Iter0849	17	4	4	1	5	0	1.0625	1.0	0.09365330000000001	1
849	Iter0850	14	8	0	1	4	0	3.333333333333333	0.3913043478260865	0.06297782999257386	1
850	Iter0851	16	8	1	1	4	0	2.0	1.0	0.1200964191	1
851	Iter0852	16	4	0	0	6	0	3.4	1.0	0.1399830272668	1
852	Iter0853	24	5	0	0	10	0	4.166666666666667	1.0	0.223661684712	1
853	Iter0854	13	3	0	0	4	0	3.5	1.0	0.05082028	1
854	Iter0855	21	8	3	0	6	0	0.6111111111111112	0.5548387096774183	0.16051521653	1
855	Iter0856	19	5	4	1	6	1	0.95	1.0	0.11555262821	1
856	Iter0857	22	10	1	0	7	1	1.0454545454545454	1.0	0.15695049179999998	1
857	Iter0858	21	5	1	1	9	0	4.2	0.3888888888888883	0.1482565387798386	1
858	Iter0859	17	7	0	0	7	0	2.25	1.0	0.17805549999999998	1
859	Iter0860	22	6	1	0	3	0	1.6428571428571428	1.0	0.10957022641968488	1
860	Iter0861	14	6	2	0	3	0	0.7142857142857143	1.0	0.06926576059914896	1
861	Iter0862	17	6	5	0	4	0	0.4285714285714286	0.5534188034188018	0.043215674274000006	1
862	Iter0863	19	7	0	0	4	0	2.5	1.0	0.07198707289477711	1
863	Iter0864	16	6	2	0	4	0	0.8095238095238094	1.0	0.0868227343856	1
864	Iter0865	18	5	1	0	4	1	1.5833333333333333	1.0	0.04467743641554524	1
865	Iter0866	18	4	0	3	6	0	15.2	0.015217391304347863	0.1712237090211	1
866	Iter0867	14	5	0	1	7	0	5.0	0.29999999999999893	0.10006404099122752	1
867	Iter0868	14	3	2	1	3	0	2.333333333333333	0.5087719298245635	0.062213904	1
868	Iter0869	15	5	1	0	4	0	1.3333333333333333	1.0	0.0565533151032	1
869	Iter0870	16	2	0	2	4	0	17.000000000000004	0.03157894736842118	0.05350336807656401	1
870	Iter0871	14	5	4	0	5	0	0.5	0.5392433653303204	0.099187929652851	1
871	Iter0872	18	5	5	0	7	1	0.5277777777777778	0.5495014245014249	0.16024031710980002	1
872	Iter0873	15	7	0	1	6	0	4.0	0.34782608695652245	0.19242073715859	1
873	Iter0874	11	4	4	0	4	0	0.48	0.5304437564499502	0.0429446411	1
874	Iter0875	14	4	2	1	7	1	1.75	1.0	0.21239352793000002	1
875	Iter0876	19	9	2	1	3	0	1.0555555555555556	1.0	0.069845118158	1
876	Iter0877	12	2	1	3	3	0	18.0	0.044117647058823664	0.063827494353	1
877	Iter0878	10	5	1	1	4	0	2.0	1.0	0.0740967	1
878	Iter0879	17	11	1	1	6	0	1.5454545454545454	1.0	0.110265617263101	1
879	Iter0880	22	6	0	2	7	0	9.857142857142858	0.06436781609195479	0.1125770312	1
880	Iter0881	14	5	5	1	7	0	0.5599999999999999	1.0	0.097521240889	1
881	Iter0882	18	4	0	3	5	0	15.2	0.015217391304347863	0.085636825	1
882	Iter0883	17	2	5	0	4	0	1.0	1.0	0.116724897293867	1
883	Iter0884	14	7	0	1	5	0	3.75	0.36363636363636304	0.139567464748782	1
884	Iter0885	17	5	0	1	6	0	6.0	0.2608695652173912	0.1429728234818	1
885	Iter0886	21	3	1	0	5	1	2.75	1.0	0.06841629016100001	1
886	Iter0887	2	14	2	0	1	0	0.06666666666666668	0.03921568627450988	0.0091066513	1
887	Iter0888	14	5	2	1	6	0	1.4	1.0	0.1412850599598427	1
888	Iter0889	20	6	2	1	4	0	1.6666666666666667	1.0	0.054993545	1
889	Iter0890	14	7	3	0	7	0	0.46875	0.529644268774705	0.1292363188	1
890	Iter0891	16	4	2	0	4	0	1.1333333333333333	1.0	0.12896668530000002	1
891	Iter0892	14	0	4	0	5	1	3.0	1.0	0.0944060071	1
892	Iter0893	15	5	1	1	3	1	3.0	0.4805194805194781	0.044353571228999994	1
893	Iter0894	18	4	1	0	5	0	1.9	1.0	0.075133224	1
894	Iter0895	14	2	2	3	5	0	10.5	0.06295149638802924	0.11850183430000001	1
895	Iter0896	18	9	0	1	6	0	3.8	0.3571428571428517	0.11942050427400001	1
896	Iter0897	14	3	1	1	4	0	4.666666666666667	0.385964912280702	0.05686544649999999	1
897	Iter0898	23	3	0	0	11	0	6.0	1.0	0.24010073640000004	1
898	Iter0899	22	3	2	0	7	0	1.9166666666666667	1.0	0.13237109391610602	1
899	Iter0900	15	5	0	1	7	0	5.333333333333333	0.2857142857142847	0.182017938347	1
900	Iter0901	16	6	1	0	6	0	1.2142857142857142	1.0	0.10711098857	1
901	Iter0902	12	5	2	1	6	0	1.2	1.0	0.15002732	1
902	Iter0903	20	5	1	3	5	0	12.0	0.05246094901267364	0.1588317569	1
903	Iter0904	14	6	1	2	4	0	4.666666666666667	0.2687747035573117	0.10864098380961101	1
904	Iter0905	22	3	1	0	5	0	2.875	1.0	0.060626054146	1
905	Iter0906	19	5	1	1	10	0	3.8	0.4153846153846155	0.3154528536942	1
906	Iter0907	19	7	2	4	5	0	5.428571428571429	0.1475713756025227	0.077329275655	1
907	Iter0908	12	1	2	1	2	0	6.0	0.3499999999999994	0.02806872	1
908	Iter0909	20	4	2	1	4	0	2.5	0.4735042735042756	0.1338915439	1
909	Iter0910	16	6	1	0	5	0	1.2142857142857142	1.0	0.08378940257699999	1
910	Iter0911	26	2	3	2	3	0	8.666666666666666	0.09934017595307833	0.041551355822849995	1
911	Iter0912	17	3	0	0	6	0	4.5	1.0	0.142020276	1
912	Iter0913	19	3	0	1	7	0	10.0	0.17391304347826153	0.11106351142263499	1
913	Iter0914	21	8	2	0	6	0	0.8148148148148149	1.0	0.121248069	1
914	Iter0915	22	6	1	0	11	0	1.6428571428571428	1.0	0.220045214915	1
915	Iter0916	20	6	4	1	7	0	0.8333333333333334	1.0	0.11054277000439999	1
916	Iter0917	21	3	1	1	7	0	7.0	0.2892307692307718	0.06311006043	1
917	Iter0918	20	8	0	4	2	0	11.666666666666664	0.013765294771968988	0.017253168199745723	1
918	Iter0919	16	8	0	3	5	0	7.5555555555555545	0.05641025641025672	0.09638320073202	1
919	Iter0920	21	7	0	1	8	0	5.5	0.27586206896552057	0.11636335086770001	1
920	Iter0921	18	4	5	1	7	2	0.9	1.0	0.17578692	1
921	Iter0922	23	6	1	0	5	0	1.7142857142857142	1.0	0.0802777668445	1
922	Iter0923	31	6	0	0	9	0	4.571428571428571	1.0	0.15385237279	1
923	Iter0924	19	8	5	6	7	0	2.85	0.2656807334063105	0.1257588474	1
924	Iter0925	22	5	0	0	7	0	3.8333333333333335	1.0	0.150163863716	1
925	Iter0926	22	5	1	2	5	1	8.8	0.12758620689655134	0.134462445585	1
926	Iter0927	18	9	0	0	7	0	1.9	1.0	0.13228427399999998	1
927	Iter0928	11	3	3	3	5	0	3.6666666666666665	0.3027089783281745	0.1389027380375819	1
928	Iter0929	20	5	3	1	3	0	1.3333333333333333	1.0	0.04432225953148	1
929	Iter0930	10	10	3	1	1	0	0.3333333333333333	0.5962732919254657	0.02289195843	1
930	Iter0931	15	8	0	0	7	0	1.7777777777777777	1.0	0.16067661776	1
931	Iter0932	15	9	0	3	8	0	6.4	0.07521367521367528	0.10238906696	1
932	Iter0933	22	4	1	1	4	0	5.5	0.33068783068782803	0.05086329214	1
933	Iter0934	11	5	0	3	3	0	8.0	0.057791537667698976	0.062872423	1
934	Iter0935	24	5	1	0	11	0	2.083333333333333	1.0	0.2685588945	1
935	Iter0936	18	7	1	1	6	0	2.571428571428572	0.5128205128205165	0.07609806543000001	1
936	Iter0937	20	6	1	0	6	0	1.5	1.0	0.11762340410808879	1
937	Iter0938	12	7	1	0	2	0	0.8125	1.0	0.04975233659996817	1
938	Iter0939	19	3	4	1	3	1	1.5833333333333333	1.0	0.067568074786	1
939	Iter0940	16	6	0	2	5	0	7.2857142857142865	0.10144927536231893	0.05936858999999999	1
940	Iter0941	23	8	1	0	5	0	1.3333333333333333	1.0	0.1090031562389	1
941	Iter0942	10	7	1	1	1	0	1.4285714285714286	1.0	0.0046048874275	1
942	Iter0943	8	9	1	0	2	0	0.45	1.0	0.0528252	1
943	Iter0944	19	4	0	1	10	0	8.0	0.20833333333333326	0.20251786495727062	1
944	Iter0945	17	9	1	2	5	0	3.7777777777777777	0.5394088669950752	0.10577909099999999	1
945	Iter0946	11	4	2	0	4	0	0.7999999999999999	1.0	0.0924209807	1
946	Iter0947	17	7	3	2	6	0	1.6190476190476188	0.6328154604016731	0.12280654751600001	1
947	Iter0948	24	2	2	0	6	0	2.7777777777777786	1.0	0.067229580825	1
948	Iter0949	13	6	2	0	5	0	0.6666666666666666	1.0	0.11686384089648126	1
949	Iter0950	19	5	0	0	6	0	3.333333333333333	1.0	0.08883660494791683	1
950	Iter0951	14	4	1	1	5	1	3.5	0.4473684210526287	0.096811205203	1
951	Iter0952	23	2	1	1	6	0	11.5	0.21367521367521397	0.2057990229	1
952	Iter0953	17	8	2	1	6	0	1.0625	1.0	0.087794773	1
953	Iter0954	23	3	1	0	5	0	3.0	1.0	0.08639492017	1
954	Iter0955	20	4	3	0	7	0	1.05	1.0	0.15440415894652001	1
955	Iter0956	21	4	1	1	4	0	5.25	0.3418803418803442	0.020260243	1
956	Iter0957	16	4	3	0	4	0	0.85	1.0	0.1028392893665	1
957	Iter0958	23	7	1	1	5	0	3.2857142857142856	0.4435483870967705	0.13602984594005763	1
958	Iter0959	26	5	2	1	7	0	2.6	0.4525401069518773	0.12665659901100002	1
959	Iter0960	11	9	0	0	2	0	1.2	1.0	0.047803432300000004	1
960	Iter0961	15	3	2	3	6	0	7.5	0.08859104282445197	0.1279378395387956	1
961	Iter0962	18	4	0	0	8	0	3.8	1.0	0.160911434558	1
962	Iter0963	21	4	5	0	4	0	0.7333333333333334	1.0	0.09464218545704685	1
963	Iter0964	20	10	2	1	5	1	1.0	1.0	0.120910048961351	1
964	Iter0965	10	4	1	1	2	0	2.5	1.0	0.038637670225253	1
965	Iter0966	23	13	2	1	6	0	0.8846153846153846	1.0	0.10756724753280002	1
966	Iter0967	18	4	0	1	4	0	7.6	0.2173913043478252	0.0572069429609472	1
967	Iter0968	18	9	4	0	7	0	0.38	0.29521690767519504	0.13067936	1
968	Iter0969	16	3	2	2	9	0	5.333333333333333	0.19367588932806248	0.15865676820000002	1
969	Iter0970	16	5	2	2	5	0	3.2	0.5484584980237129	0.066230956	1
970	Iter0971	16	6	5	2	2	0	1.0666666666666669	1.0	0.041181308557	1
971	Iter0972	23	3	2	0	7	0	2.0	1.0	0.16395224062000002	1
972	Iter0973	17	11	3	1	2	0	0.5151515151515151	1.0	0.03856147323727001	1
973	Iter0974	15	4	3	2	4	0	2.5	0.5680406549971759	0.032703389709999996	1
974	Iter0975	16	8	4	1	4	1	0.5	1.0	0.05681722727065001	1
975	Iter0976	21	6	2	1	6	0	1.75	1.0	0.123963273523	1
976	Iter0977	18	7	1	1	5	0	2.571428571428572	0.5128205128205165	0.09608412117941739	1
977	Iter0978	21	7	1	2	4	0	6.0	0.19488320355951255	0.027644226555599997	1
978	Iter0979	22	3	2	3	4	0	11.0	0.041303524062144624	0.07630163469000001	1
979	Iter0980	18	5	1	0	9	0	1.5833333333333333	1.0	0.1472281996	1
980	Iter0981	14	5	2	3	5	0	4.2	0.2885375494071153	0.13196188661	1
981	Iter0982	15	7	3	4	4	0	2.8571428571428568	0.3745819397993354	0.032473609181	1
982	Iter0983	20	4	4	1	4	0	1.25	1.0	0.087907338825	1
983	Iter0984	16	1	0	1	4	0	17.0	0.11111111111111203	0.0768962352793933	1
984	Iter0985	19	7	0	0	7	0	2.5	1.0	0.154017913434	1
985	Iter0986	18	4	1	0	4	0	1.9	1.0	0.10846412398	1
986	Iter0987	21	3	2	1	7	0	3.5	0.39452991452991903	0.1071445406	1
987	Iter0988	14	7	4	2	3	0	1.0	1.0	0.030884776	1
988	Iter0989	11	9	1	1	7	0	1.2222222222222223	1.0	0.18971298937087996	1
989	Iter0990	15	5	1	0	3	0	1.3333333333333333	1.0	0.0621024508	1
990	Iter0991	21	6	5	1	6	0	0.7	1.0	0.0958286362990463	1
991	Iter0992	25	4	5	4	7	0	5.0	0.07132797387965621	0.13353150548999998	1
992	Iter0993	17	4	3	0	6	0	0.9	1.0	0.15534639370999995	1
993	Iter0994	16	8	1	0	5	0	0.9444444444444444	1.0	0.08649820495499999	1
994	Iter0995	20	2	4	0	8	0	1.4	1.0	0.1284903987566	1
995	Iter0996	20	4	1	1	2	0	5.0	0.3538461538461529	0.026096484179999997	1
996	Iter0997	17	7	2	1	5	0	1.2142857142857142	1.0	0.14837672510299998	1
997	Iter0998	8	4	2	1	4	0	1.0	1.0	0.124189463	1
998	Iter0999	15	4	3	0	5	0	0.8	1.0	0.08496697752799999	1
999	Iter1000	9	3	3	2	4	0	2.0	0.6000323206205526	0.095303359	1
