	IterId	dN	dS	pN	pS	bdN	bpN	MkScore	FSPVal	SelCoef	PosSel
0	Iter0001	0	3	7	2	0	0	0.09375	0.045454545454545435	0.0	0
1	Iter0002	1	4	3	3	0	0	0.25	0.5454545454545456	-1.4553899999999996e-06	0
2	Iter0003	3	1	8	5	0	0	1.875	1.0	-0.0009191837000000001	0
3	Iter0004	1	2	3	5	0	0	0.8333333333333334	1.0	-3.68492e-05	0
4	Iter0005	3	1	3	2	0	0	2.0	1.0	-0.001110481	0
5	Iter0006	5	2	6	1	0	0	0.4166666666666667	1.0	-0.0004965626962435	0
6	Iter0007	3	2	11	5	0	0	0.6818181818181818	1.0	-3.1276341e-06	0
7	Iter0008	2	2	4	5	0	0	1.25	1.0	-5.8195617e-06	0
8	Iter0009	3	4	5	1	0	0	0.15	0.26573426573426623	-0.0007164587924000001	0
9	Iter0010	2	3	5	4	0	0	0.5333333333333333	1.0	-0.00034893222000000003	0
10	Iter0011	3	3	7	4	0	0	0.5714285714285714	0.6436651583710405	-8.026041999999998e-05	0
11	Iter0012	3	1	6	1	0	0	0.5	1.0	-1.17131957e-05	0
12	Iter0013	1	4	5	2	0	0	0.1	0.2424242424242426	-3.4158099999999994e-06	0
13	Iter0014	4	3	4	2	0	0	0.6666666666666666	1.0	-0.00037019216	0
14	Iter0015	2	4	4	4	0	0	0.5	0.6270396270396283	-0.000275101000542446	0
15	Iter0016	3	3	5	0	0	0	0.16666666666666666	0.1818181818181816	-6.37043678149e-05	0
16	Iter0017	1	1	8	2	0	0	0.25	0.4545454545454548	-4.6577099999999985e-06	0
17	Iter0018	3	5	6	5	0	0	0.5	0.6499166468206725	-1.407017e-05	0
18	Iter0019	4	6	5	1	0	0	0.13333333333333333	0.14510489510489474	-0.000196827654	0
19	Iter0020	4	6	5	3	0	0	0.4	0.6371863430686966	-5.77807893e-05	0
20	Iter0021	3	3	6	5	0	0	0.8333333333333334	1.0	-0.00032544572	0
21	Iter0022	2	2	4	6	0	0	1.5	1.0	-7.26864e-05	0
22	Iter0023	1	3	3	2	0	0	0.2222222222222222	0.5238095238095237	-9.188789999999997e-06	0
23	Iter0024	4	7	0	3	0	0	2.5	0.5054945054945049	-0.0003654964	0
24	Iter0025	0	4	8	1	0	0	0.04444444444444445	0.0069930069930069965	0.0	0
25	Iter0026	8	2	4	5	0	0	5.0	0.16980233388902097	-0.0019059490863000002	0
26	Iter0027	3	3	3	5	0	0	1.6666666666666667	1.0	-1.3474331000000002e-07	0
27	Iter0028	1	2	12	4	0	0	0.16666666666666666	0.22187822497420054	-1.6513400000000004e-06	0
28	Iter0029	1	3	8	2	0	0	0.08333333333333333	0.09490509490509473	-0.000127174	0
29	Iter0030	3	0	4	2	0	0	2.4	0.5000000000000007	-0.000525101398	0
30	Iter0031	4	7	5	7	0	0	0.7999999999999999	1.0	-0.00023733577	0
31	Iter0032	4	4	8	0	0	0	0.1111111111111111	0.07692307692307683	-1.077076756e-06	0
32	Iter0033	3	0	2	2	0	0	4.0	0.42857142857142816	-0.0010810275	0
33	Iter0034	1	0	4	1	0	0	0.8	1.0	-9.86699e-07	0
34	Iter0035	4	1	6	4	0	0	2.6666666666666665	0.6003996003995999	-0.0004782112349999999	0
35	Iter0036	1	3	3	4	0	0	0.4444444444444444	1.0	-1.19102e-06	0
36	Iter0037	2	3	6	2	0	0	0.2222222222222222	0.2929292929292933	-0.000926077	0
37	Iter0038	3	2	7	7	0	0	1.5	1.0	-5.03573e-05	0
38	Iter0039	4	3	9	0	0	0	0.125	0.062499999999999764	-0.00035032243741999993	0
39	Iter0040	1	3	8	3	0	0	0.125	0.23516483516483486	-1.92314e-15	0
40	Iter0041	1	1	7	1	0	0	0.14285714285714285	0.377777777777778	-0.000137876	0
41	Iter0042	4	3	5	1	0	0	0.26666666666666666	0.5594405594405606	-0.0007642696	0
42	Iter0043	2	0	8	4	0	0	1.6666666666666663	1.0	-1.0331e-06	0
43	Iter0044	4	1	6	0	0	0	0.35714285714285715	0.4545454545454541	-1.0615567609770001e-05	0
44	Iter0045	4	4	8	2	0	0	0.25	0.3212669683257927	-0.00060769733	0
45	Iter0046	2	2	7	1	0	0	0.14285714285714285	0.2363636363636368	-0.0003443429	0
46	Iter0047	3	1	10	8	0	0	2.4	0.6161312371838691	-7.70145e-07	0
47	Iter0048	5	4	4	4	0	0	1.25	1.0	-0.00046097134000000007	0
48	Iter0049	1	1	6	0	0	0	0.14285714285714285	0.24999999999999994	-0.000920659	0
49	Iter0050	1	2	5	1	0	0	0.1	0.22619047619047605	-6.06485e-08	0
50	Iter0051	0	2	5	1	0	0	0.1111111111111111	0.10714285714285714	0.0	0
51	Iter0052	2	2	1	1	0	0	1.0	1.0	-0.000663082	0
52	Iter0053	1	3	5	0	0	0	0.08333333333333333	0.04761904761904764	0.0	0
53	Iter0054	3	4	7	2	0	0	0.21428571428571427	0.30244755244755184	-2.3475477212929002e-05	0
54	Iter0055	1	2	8	0	0	0	0.07407407407407407	0.05454545454545436	-0.00012639700000000002	0
55	Iter0056	4	1	9	2	0	0	0.8888888888888888	1.0	-0.00028879217603	0
56	Iter0057	3	0	7	4	0	0	2.5	0.5054945054945058	-3.03037e-05	0
57	Iter0058	3	4	10	0	0	0	0.07272727272727274	0.01470588235294108	-0.00050001186	0
58	Iter0059	3	2	3	2	0	0	1.0	1.0	-4.1797121499999995e-05	0
59	Iter0060	3	1	5	1	0	0	0.6	1.0	-0.00095392655	0
60	Iter0061	3	0	5	0	0	0	0.6666666666666666	1.0	-0.000709432	0
61	Iter0062	2	3	4	3	0	0	0.5	1.0	-0.0006713977241	0
62	Iter0063	2	0	6	1	0	0	0.8571428571428571	1.0	-0.00018517740000000002	0
63	Iter0064	4	4	8	4	0	0	0.5	0.6479161705167888	-7.239072224000001e-05	0
64	Iter0065	2	1	6	2	0	0	0.6666666666666666	1.0	-0.00046169099999999997	0
65	Iter0066	2	7	4	2	0	0	0.14285714285714285	0.13566433566433522	-1.12014e-08	0
66	Iter0067	3	3	7	3	0	0	0.42857142857142855	0.6066433566433559	-6.50420244466e-05	0
67	Iter0068	3	3	5	4	0	0	0.8	1.0	-0.0011795785241189	0
68	Iter0069	0	0	6	3	0	0	0.5714285714285714	1.0	0.0	0
69	Iter0070	5	1	5	4	0	0	4.0	0.5804195804195798	-0.000487709466	0
70	Iter0071	4	1	4	3	0	0	3.0	0.5757575757575769	-0.0003368383877	0
71	Iter0072	5	5	4	4	0	0	1.0	1.0	-1.3721687000000002e-05	0
72	Iter0073	4	3	2	4	0	0	2.6666666666666665	0.5920745920745949	-0.0007315781606799999	0
73	Iter0074	4	3	4	1	0	0	0.3333333333333333	0.5757575757575769	-0.00047283320000000005	0
74	Iter0075	3	3	7	4	0	0	0.5714285714285714	0.6436651583710405	-0.0006980940078999999	0
75	Iter0076	1	2	4	3	0	0	0.375	1.0	-0.0005614130000000001	0
76	Iter0077	2	4	5	2	0	0	0.2	0.28613053613053674	-0.00010344600000000001	0
77	Iter0078	2	1	11	0	0	0	0.125	0.21428571428571366	-3.21513626e-05	0
78	Iter0079	3	2	4	2	0	0	0.75	1.0	-5.483966885e-07	0
79	Iter0080	2	5	5	2	0	0	0.16	0.28613053613053563	-4.9295347000000004e-05	0
80	Iter0081	4	1	4	3	0	0	3.0	0.5757575757575769	-2.71670182646e-05	0
81	Iter0082	2	2	2	4	0	0	2.0	1.0	-1.6182883669000002e-05	0
82	Iter0083	3	5	5	5	0	0	0.6	0.6640614287673139	-0.0008034148	0
83	Iter0084	2	3	2	0	0	0	0.25	0.428571428571428	-9.28991e-05	0
84	Iter0085	1	1	7	2	0	0	0.2857142857142857	0.4909090909090902	-1.50669e-08	0
85	Iter0086	0	2	3	2	0	0	0.25	0.42857142857142816	0.0	0
86	Iter0087	5	4	7	4	0	0	0.7142857142857143	1.0	-0.0009847942	0
87	Iter0088	1	0	8	0	0	0	0.2222222222222222	1.0	-1.81572e-09	0
88	Iter0089	10	4	3	1	0	0	0.8333333333333334	1.0	-0.0025861162443	0
89	Iter0090	3	4	3	2	0	0	0.5	1.0	-0.000113157932	0
90	Iter0091	4	4	7	1	0	0	0.14285714285714285	0.28205128205128155	-0.00076826122037	0
91	Iter0092	4	3	5	5	0	0	1.3333333333333333	1.0	-0.0003528222600000001	0
92	Iter0093	3	2	8	3	0	0	0.5625	1.0	-0.000237719383	0
93	Iter0094	2	3	4	3	0	0	0.5	1.0	-8.36442e-05	0
94	Iter0095	6	2	5	4	0	0	2.4	0.6199095022624448	-0.0008452872000000001	0
95	Iter0096	0	2	4	7	0	0	0.5333333333333333	1.0	0.0	0
96	Iter0097	4	2	5	3	0	0	1.2	1.0	-0.0003469184468	0
97	Iter0098	2	3	6	1	0	0	0.1111111111111111	0.22222222222222265	-3.444367e-05	0
98	Iter0099	3	3	6	4	0	0	0.6666666666666666	1.0	-2.5963014139999997e-07	0
99	Iter0100	2	3	5	3	0	0	0.4	0.5920745920745939	-0.000115387	0
100	Iter0101	1	4	7	2	0	0	0.07142857142857142	0.0909090909090907	-3.0403300000000003e-07	0
101	Iter0102	0	1	6	2	0	0	0.21428571428571427	0.33333333333333354	0.0	0
102	Iter0103	5	1	6	2	0	0	1.6666666666666667	1.0	-0.00033563212999999996	0
103	Iter0104	1	0	12	0	0	0	0.15384615384615385	1.0	-0.00016523900000000002	0
104	Iter0105	3	4	5	0	0	0	0.13333333333333333	0.08080808080808102	-0.0016364310999999999	0
105	Iter0106	4	4	5	4	0	0	0.8	1.0	-0.00046674478399999996	0
106	Iter0107	1	2	4	3	0	0	0.375	1.0	0.0	0
107	Iter0108	1	4	6	3	0	0	0.125	0.2657342657342652	-8.07116e-08	0
108	Iter0109	4	4	6	1	0	0	0.16666666666666666	0.28205128205128144	-0.0005391176021183001	0
109	Iter0110	2	1	5	2	0	0	0.8	1.0	-0.0005149185	0
110	Iter0111	5	4	6	0	0	0	0.17142857142857146	0.10329670329670336	-4.905637200000001e-05	0
111	Iter0112	2	5	3	1	0	0	0.13333333333333333	0.2424242424242426	-0.00049649152	0
112	Iter0113	4	1	3	0	0	0	0.625	1.0	-5.390132068000001e-06	0
113	Iter0114	4	4	4	2	0	0	0.5	0.6270396270396279	-0.0013106253825100002	0
114	Iter0115	3	5	8	1	0	0	0.075	0.049773755656108594	-0.0007829583000000002	0
115	Iter0116	3	2	6	2	0	0	0.5	1.0	-0.000931044629	0
116	Iter0117	3	4	9	1	0	0	0.08333333333333333	0.10067873303167392	-6.527825510000001e-05	0
117	Iter0118	3	3	4	3	0	0	0.75	1.0	-8.358718000000001e-05	0
118	Iter0119	2	3	4	3	0	0	0.5	1.0	-1.2544409999999997e-05	0
119	Iter0120	2	3	3	4	0	0	0.8888888888888888	1.0	-0.0005585351999999999	0
120	Iter0121	4	1	4	0	0	0	0.5	1.0	-0.0005749333100000001	0
121	Iter0122	2	3	8	3	0	0	0.25	0.2994505494505492	-0.0005048426759	0
122	Iter0123	1	4	5	2	0	0	0.1	0.2424242424242426	-3.8482863e-05	0
123	Iter0124	1	5	8	1	0	0	0.025	0.010989010989010922	-1.8445e-05	0
124	Iter0125	0	2	6	6	0	0	0.3333333333333333	0.4725274725274709	0.0	0
125	Iter0126	2	2	7	6	0	0	0.8571428571428571	1.0	-0.0002715669	0
126	Iter0127	3	2	12	6	0	0	0.75	1.0	-0.000783744	0
127	Iter0128	1	3	6	2	0	0	0.1111111111111111	0.2222222222222228	-0.0006383869999999999	0
128	Iter0129	1	5	9	0	0	0	0.03333333333333333	0.0019980019980019984	-1.89236e-06	0
129	Iter0130	1	1	6	5	0	0	0.8333333333333334	1.0	-0.000934627	0
130	Iter0131	0	1	2	4	0	0	0.8333333333333334	1.0	0.0	0
131	Iter0132	3	7	8	5	0	0	0.26785714285714285	0.2137568986404628	-1.95454e-05	0
132	Iter0133	2	2	2	2	0	0	1.0	1.0	-0.00036369910099999996	0
133	Iter0134	1	2	9	1	0	0	0.05555555555555555	0.10839160839160847	-2.78937e-06	0
134	Iter0135	2	2	6	3	0	0	0.5	1.0	-0.00098392935	0
135	Iter0136	5	2	7	6	0	0	2.142857142857143	0.6424148606811114	-0.0009681820600000001	0
136	Iter0137	2	5	2	1	0	0	0.2	0.5000000000000003	-1.6898599999999998e-05	0
137	Iter0138	2	2	10	2	0	0	0.2	0.2445054945054928	-6.668180000000001e-05	0
138	Iter0139	1	2	5	5	0	0	0.5	1.0	-3.68638e-07	0
139	Iter0140	1	0	2	1	0	0	1.3333333333333333	1.0	-4.78809e-05	0
140	Iter0141	2	7	5	0	0	0	0.0625	0.02097902097902093	-5.3559962000000015e-06	0
141	Iter0142	1	1	4	2	0	0	0.5	1.0	0.0	0
142	Iter0143	3	2	8	1	0	0	0.1875	0.5054945054945037	-7.13555e-05	0
143	Iter0144	3	4	7	1	0	0	0.10714285714285714	0.11888111888111852	-0.0012268350198829	0
144	Iter0145	2	3	3	2	0	0	0.4444444444444444	1.0	-0.00048516039999999997	0
145	Iter0146	2	1	8	1	0	0	0.25	0.454545454545454	-0.0002948272	0
146	Iter0147	4	3	4	1	0	0	0.3333333333333333	0.5757575757575769	-0.0019928959136654	0
147	Iter0148	5	2	7	6	0	0	2.142857142857143	0.6424148606811114	-0.0009016146019999999	0
148	Iter0149	2	1	5	3	0	0	1.2	1.0	-0.000133316424	0
149	Iter0150	2	5	6	2	0	0	0.13333333333333333	0.13193473193473193	-0.0004062663	0
150	Iter0151	4	2	7	3	0	0	0.8571428571428571	1.0	-0.0007277456141499999	0
151	Iter0152	6	3	8	5	0	0	1.25	1.0	-0.00030131314808	0
152	Iter0153	4	1	4	2	0	0	2.0	1.0	-0.00098196138	0
153	Iter0154	3	4	4	5	0	0	0.9375	1.0	-1.0971870000000001e-07	0
154	Iter0155	1	1	7	3	0	0	0.42857142857142855	1.0	0.0	0
155	Iter0156	5	1	7	2	0	0	1.4285714285714286	1.0	-0.00014335238843828001	0
156	Iter0157	5	3	4	2	0	0	0.8333333333333334	1.0	-0.00016263083694	0
157	Iter0158	0	3	7	5	0	0	0.1875	0.19999999999999934	0.0	0
158	Iter0159	3	1	7	2	0	0	0.8571428571428571	1.0	-0.0004071072231	0
159	Iter0160	2	1	4	1	0	0	0.5	1.0	-0.0002383998336	0
160	Iter0161	3	1	3	2	0	0	2.0	1.0	-3.6795157288540004e-05	0
161	Iter0162	2	2	1	1	0	0	1.0	1.0	-0.000822272	0
162	Iter0163	6	2	8	1	0	0	0.375	0.5764705882352942	-0.00038291660005039866	0
163	Iter0164	3	3	10	1	0	0	0.1	0.09873949579831903	-0.000131954949	0
164	Iter0165	3	2	6	2	0	0	0.5	1.0	-0.00040179695	0
165	Iter0166	1	4	6	1	0	0	0.04166666666666666	0.07196969696969706	-1.7869100000000004e-09	0
166	Iter0167	3	2	6	0	0	0	0.19047619047619047	0.1818181818181815	-2.503886898e-06	0
167	Iter0168	0	3	3	0	0	0	0.0625	0.09999999999999992	0.0	0
168	Iter0169	1	4	4	2	0	0	0.125	0.2424242424242421	-4.14403e-05	0
169	Iter0170	1	3	6	6	0	0	0.3333333333333333	0.5846153846153823	0.0	0
170	Iter0171	1	3	5	4	0	0	0.26666666666666666	0.5594405594405606	-8.09502e-07	0
171	Iter0172	4	3	5	3	0	0	0.7999999999999999	1.0	-0.00011344484088	0
172	Iter0173	2	1	5	2	0	0	0.8	1.0	-5.655558600000001e-05	0
173	Iter0174	0	3	10	3	0	0	0.09090909090909093	0.035714285714285574	0.0	0
174	Iter0175	7	5	3	2	0	0	0.9333333333333332	1.0	-0.0010092236700000002	0
175	Iter0176	4	6	7	0	0	0	0.08928571428571429	0.034502262443438965	-0.00012447040000001074	0
176	Iter0177	2	4	11	5	0	0	0.2272727272727273	0.1777974347633786	-1.26962e-05	0
177	Iter0178	5	0	4	1	0	0	2.4	1.0	-9.362773932e-05	0
178	Iter0179	3	2	7	2	0	0	0.42857142857142855	0.5804195804195791	-5.1478533430000005e-05	0
179	Iter0180	3	2	6	3	0	0	0.75	1.0	-0.00011467700526481781	0
180	Iter0181	2	3	2	3	0	0	1.0	1.0	-0.00168442350427	0
181	Iter0182	1	4	10	5	0	0	0.125	0.1273219814241492	0.0	0
182	Iter0183	2	2	3	6	0	0	2.0	1.0	-4.1121637000000004e-05	0
183	Iter0184	4	4	3	1	0	0	0.3333333333333333	0.5757575757575777	-0.0004916451300000001	0
184	Iter0185	4	2	6	4	0	0	1.3333333333333333	1.0	-0.000266062729	0
185	Iter0186	4	2	6	4	0	0	1.3333333333333333	1.0	-0.002628628559	0
186	Iter0187	3	5	6	5	0	0	0.5	0.6499166468206725	-0.00017300290000000002	0
187	Iter0188	3	3	3	4	0	0	1.3333333333333333	1.0	-0.000270521874034	0
188	Iter0189	4	2	4	2	0	0	1.0	1.0	-4.7600407400000005e-05	0
189	Iter0190	2	6	6	4	0	0	0.2222222222222222	0.18798848210612995	-0.0008342087	0
190	Iter0191	4	4	4	3	0	0	0.75	1.0	-0.000237849180616	0
191	Iter0192	0	7	5	1	0	0	0.04166666666666666	0.004662004662004671	0.0	0
192	Iter0193	4	2	6	4	0	0	1.3333333333333333	1.0	-0.0002412367473	0
193	Iter0194	3	4	5	1	0	0	0.15	0.26573426573426623	-0.000826728114	0
194	Iter0195	1	6	3	2	0	0	0.1111111111111111	0.2222222222222227	-5.966990000000002e-06	0
195	Iter0196	3	1	5	0	0	0	0.3333333333333333	0.444444444444445	-0.001273085765	0
196	Iter0197	0	5	4	3	0	0	0.13333333333333333	0.08080808080808105	0.0	0
197	Iter0198	3	2	4	1	0	0	0.375	1.0	-0.00090973964144	0
198	Iter0199	2	0	11	2	0	0	0.75	1.0	-5.0893e-05	0
199	Iter0200	2	5	3	6	0	0	0.8	1.0	-5.694747888400002e-06	0
200	Iter0201	2	2	2	5	0	0	2.5	0.5757575757575755	-1.087082e-08	0
201	Iter0202	3	5	3	2	0	0	0.4	0.5920745920745942	-0.00028586879308879006	0
202	Iter0203	2	1	4	2	0	0	1.0	1.0	-0.00018710772999999998	0
203	Iter0204	1	2	3	4	0	0	0.6666666666666666	1.0	-1.76051e-07	0
204	Iter0205	3	2	6	4	0	0	1.0	1.0	-0.00020307174	0
205	Iter0206	4	4	6	1	0	0	0.16666666666666666	0.28205128205128144	-0.0011967180389	0
206	Iter0207	1	2	8	3	0	0	0.1875	0.5054945054945046	-1.0763699999999997e-05	0
207	Iter0208	4	3	5	3	0	0	0.7999999999999999	1.0	-0.000904857928	0
208	Iter0209	3	1	6	3	0	0	1.5	1.0	-0.0001473293	0
209	Iter0210	3	5	4	1	0	0	0.15	0.2657342657342665	-0.00027824025450000003	0
210	Iter0211	4	1	4	2	0	0	2.0	1.0	-0.000624589507547	0
211	Iter0212	3	2	8	3	0	0	0.5625	1.0	-3.0526953310000004e-05	0
212	Iter0213	3	1	4	4	0	0	3.0	0.5757575757575777	-0.00072544135	0
213	Iter0214	3	3	6	3	0	0	0.5	0.6223776223776206	-0.0002219370100251077	0
214	Iter0215	2	3	4	7	0	0	1.1666666666666667	1.0	-0.00072508634	0
215	Iter0216	3	3	6	2	0	0	0.3333333333333333	0.5804195804195795	-0.0002941583298	0
216	Iter0217	1	0	3	3	0	0	2.0	1.0	-1.95598e-07	0
217	Iter0218	2	1	4	4	0	0	2.0	1.0	-4.42735e-06	0
218	Iter0219	3	3	3	0	0	0	0.25	0.4642857142857149	-1.9893777999999995e-06	0
219	Iter0220	3	4	4	6	0	0	1.125	1.0	-7.55652e-06	0
220	Iter0221	2	4	4	2	0	0	0.25	0.5670995670995689	-4.07329000381052e-06	0
221	Iter0222	2	3	6	2	0	0	0.2222222222222222	0.2929292929292933	-2.0361e-11	0
222	Iter0223	2	1	6	5	0	0	1.6666666666666667	1.0	-0.00045292199999999997	0
223	Iter0224	3	1	9	4	0	0	1.3333333333333333	1.0	-7.762004e-05	0
224	Iter0225	3	5	8	5	0	0	0.375	0.3869969040247677	-0.000398434211	0
225	Iter0226	0	2	3	4	0	0	0.4166666666666666	0.5000000000000009	0.0	0
226	Iter0227	2	4	3	3	0	0	0.5	1.0	-0.00017489186726	0
227	Iter0228	2	3	4	0	0	0	0.15	0.16666666666666666	-0.00041543418	0
228	Iter0229	3	4	2	2	0	0	0.75	1.0	-5.179732e-06	0
229	Iter0230	3	4	6	3	0	0	0.375	0.6145104895104878	-0.000606956098	0
230	Iter0231	1	2	6	0	0	0	0.09523809523809523	0.08333333333333337	-9.32274e-08	0
231	Iter0232	4	2	6	1	0	0	0.3333333333333333	0.5594405594405605	-5.8882700000000005e-06	0
232	Iter0233	3	3	3	1	0	0	0.3333333333333333	0.5714285714285717	-0.00035568089999999996	0
233	Iter0234	3	6	5	2	0	0	0.2	0.3146853146853139	-0.0001070550000687913	0
234	Iter0235	5	3	4	5	0	0	2.083333333333333	0.6371863430686964	-0.0002770169531	0
235	Iter0236	1	5	3	1	0	0	0.06666666666666668	0.19047619047619066	0.0	0
236	Iter0237	2	6	8	2	0	0	0.08333333333333333	0.05361305361305385	-9.471107999999999e-08	0
237	Iter0238	0	5	4	1	0	0	0.06666666666666668	0.047619047619047616	0.0	0
238	Iter0239	7	3	5	3	0	0	1.4	1.0	-0.000955254751	0
239	Iter0240	2	2	3	2	0	0	0.6666666666666666	1.0	-6.489178000000001e-06	0
240	Iter0241	3	3	6	2	0	0	0.3333333333333333	0.5804195804195795	-0.0005278930000050225	0
241	Iter0242	1	5	2	2	0	0	0.2	0.5000000000000003	-1.84457e-05	0
242	Iter0243	3	2	2	3	0	0	2.25	1.0	-0.00046982493999999996	0
243	Iter0244	2	4	6	4	0	0	0.3333333333333333	0.6083916083916083	-0.00034448569100000006	0
244	Iter0245	5	4	5	4	0	0	1.0	1.0	-0.00112707309056836	0
245	Iter0246	2	3	6	0	0	0	0.10714285714285714	0.060606060606060524	-9.1445e-07	0
246	Iter0247	3	2	11	1	0	0	0.13636363636363635	0.19117647058823506	-7.814925e-05	0
247	Iter0248	6	2	9	4	0	0	1.3333333333333333	1.0	-0.000618130772516	0
248	Iter0249	4	4	9	5	0	0	0.5555555555555556	0.661919504643963	-0.0003177251865	0
249	Iter0250	0	1	7	1	0	0	0.125	0.2222222222222225	0.0	0
250	Iter0251	1	2	1	2	0	0	1.0	1.0	-0.000157817	0
251	Iter0252	7	0	4	0	0	0	1.6	1.0	-0.0005714588885000001	0
252	Iter0253	2	1	7	7	0	0	2.0	1.0	-0.0002555789	0
253	Iter0254	0	1	3	1	0	0	0.25	0.4000000000000002	0.0	0
254	Iter0255	2	2	10	7	0	0	0.7	1.0	-0.0007483791000000001	0
255	Iter0256	0	6	5	1	0	0	0.047619047619047616	0.015151515151515197	0.0	0
256	Iter0257	1	5	4	2	0	0	0.1	0.24242424242424304	-3.18341e-05	0
257	Iter0258	1	4	7	4	0	0	0.14285714285714285	0.28205128205128155	-3.49e-07	0
258	Iter0259	2	6	4	0	0	0	0.08571428571428573	0.060606060606060635	-8.956019548999999e-05	0
259	Iter0260	3	5	1	4	0	0	2.4	1.0	-4.158426000000001e-05	0
260	Iter0261	3	3	4	0	0	0	0.2	0.20000000000000007	-0.000885407765	0
261	Iter0262	4	4	5	1	0	0	0.2	0.30069930069930034	-0.00102583176	0
262	Iter0263	1	3	7	2	0	0	0.09523809523809523	0.2167832167832169	-1.33281e-07	0
263	Iter0264	3	2	5	1	0	0	0.3	0.5454545454545455	-5.89181e-05	0
264	Iter0265	2	3	7	4	0	0	0.3809523809523809	0.5961538461538449	-3.046073e-06	0
265	Iter0266	3	2	4	1	0	0	0.375	1.0	-1.746661e-08	0
266	Iter0267	3	2	6	1	0	0	0.25	0.5227272727272729	-7.3703585900000005e-06	0
267	Iter0268	3	0	5	0	0	0	0.6666666666666666	1.0	-0.00085346757	0
268	Iter0269	0	3	2	1	0	0	0.16666666666666666	0.3999999999999997	0.0	0
269	Iter0270	3	2	10	2	0	0	0.3	0.5378151260504176	-3.4162630999999995e-05	0
270	Iter0271	5	3	2	2	0	0	1.6666666666666667	1.0	-0.000168895642	0
271	Iter0272	1	3	1	3	0	0	1.0	1.0	-0.000347476	0
272	Iter0273	5	1	4	2	0	0	2.5	1.0	-0.001098322556	0
273	Iter0274	1	4	7	2	0	0	0.07142857142857142	0.0909090909090907	-0.00033146900000000003	0
274	Iter0275	3	3	5	3	0	0	0.6	1.0	-0.000744165588	0
275	Iter0276	2	4	10	1	0	0	0.05	0.027634130575306986	-0.0002763908	0
276	Iter0277	1	3	5	3	0	0	0.2	0.5454545454545471	-2.81031e-07	0
277	Iter0278	3	3	7	6	0	0	0.8571428571428571	1.0	-0.0006092524595500001	0
278	Iter0279	1	3	5	2	0	0	0.13333333333333333	0.242424242424242	-4.31547e-09	0
279	Iter0280	3	0	1	1	0	0	4.0	0.4000000000000002	-7.212325999999999e-05	0
280	Iter0281	1	5	8	3	0	0	0.07500000000000001	0.049773755656108525	-5.4525e-08	0
281	Iter0282	3	3	2	5	0	0	2.5	0.5920745920745943	-8.806686699999998e-07	0
282	Iter0283	3	3	4	1	0	0	0.25	0.5454545454545454	-0.00055164149	0
283	Iter0284	1	1	6	2	0	0	0.3333333333333333	1.0	0.0	0
284	Iter0285	3	1	6	1	0	0	0.5	1.0	-0.000314435005697468	0
285	Iter0286	0	2	9	3	0	0	0.13333333333333333	0.10989010989010926	0.0	0
286	Iter0287	2	2	3	2	0	0	0.6666666666666666	1.0	-0.00043047858768	0
287	Iter0288	7	5	6	2	0	0	0.4666666666666666	0.6424148606811138	-0.00019804724	0
288	Iter0289	5	3	8	5	0	0	1.0416666666666667	1.0	-0.000425306759217964	0
289	Iter0290	2	2	8	3	0	0	0.375	0.5604395604395587	-3.6088227e-05	0
290	Iter0291	1	0	6	1	0	0	0.5714285714285714	1.0	-9.08175e-12	0
291	Iter0292	2	5	11	4	0	0	0.14545454545454548	0.0743034055727552	-0.000200488960898	0
292	Iter0293	5	6	8	3	0	0	0.3125000000000001	0.3869969040247673	-0.000922686744	0
293	Iter0294	0	1	8	3	0	0	0.2222222222222222	0.3333333333333341	0.0	0
294	Iter0295	2	4	7	2	0	0	0.14285714285714285	0.13566433566433514	-0.00017840389043000002	0
295	Iter0296	1	3	5	1	0	0	0.06666666666666668	0.19047619047619052	0.0	0
296	Iter0297	3	3	6	2	0	0	0.3333333333333333	0.5804195804195795	-3.1778347400000005e-06	0
297	Iter0298	6	4	6	3	0	0	0.75	1.0	-0.00043305267726	0
298	Iter0299	4	2	5	2	0	0	0.8	1.0	-0.0001021851	0
299	Iter0300	5	4	3	2	0	0	0.8333333333333334	1.0	-0.000923299172	0
300	Iter0301	3	2	3	5	0	0	2.5	0.5920745920745939	-0.0012094859	0
301	Iter0302	7	6	11	4	0	0	0.42424242424242425	0.4327993897787921	-0.00341288034	0
302	Iter0303	5	2	2	3	0	0	3.75	0.5580808080808088	-2.542066e-05	0
303	Iter0304	2	2	3	2	0	0	0.6666666666666666	1.0	-9.65101e-05	0
304	Iter0305	3	1	5	2	0	0	1.2	1.0	-0.001205594	0
305	Iter0306	4	4	4	0	0	0	0.2	0.20808080808080853	-0.0001095560249	0
306	Iter0307	3	3	6	3	0	0	0.5	0.6223776223776206	-4.7374299721299995e-05	0
307	Iter0308	2	5	6	5	0	0	0.33333333333333337	0.3665158371040742	-4.08482e-05	0
308	Iter0309	5	1	1	0	0	0	1.5	1.0	-0.00032053936	0
309	Iter0310	2	4	3	3	0	0	0.5	1.0	-0.000176078917	0
310	Iter0311	2	0	0	0	0	0	3.0	1.0	-3.216141e-07	0
311	Iter0312	0	2	4	3	0	0	0.26666666666666666	0.4444444444444452	0.0	0
312	Iter0313	3	1	6	5	0	0	2.5	0.6043956043956045	-9.37752268e-05	0
313	Iter0314	5	0	2	2	0	0	6.0	0.16666666666666674	-0.00101740787	0
314	Iter0315	1	3	7	3	0	0	0.14285714285714285	0.24475524475524504	-1.47859e-07	0
315	Iter0316	3	5	5	1	0	0	0.12	0.13752913752913742	-7.528185000000001e-06	0
316	Iter0317	2	6	7	2	0	0	0.09523809523809523	0.05668449197860938	-3.17360545e-05	0
317	Iter0318	0	4	9	9	0	0	0.2	0.11496924128502972	0.0	0
318	Iter0319	1	3	7	4	0	0	0.19047619047619047	0.2820512820512819	-0.00074526	0
319	Iter0320	6	0	3	1	0	0	3.5	0.3999999999999996	-0.00010615111036347999	0
320	Iter0321	5	2	4	1	0	0	0.625	1.0	-0.00023228316547	0
321	Iter0322	7	1	4	1	0	0	1.75	1.0	-0.0004253328425	0
322	Iter0323	2	3	3	2	0	0	0.4444444444444444	1.0	-0.000595022	0
323	Iter0324	1	1	3	7	0	0	2.333333333333333	1.0	-1.06668e-06	0
324	Iter0325	4	3	5	2	0	0	0.5333333333333333	1.0	-3.601442e-05	0
325	Iter0326	1	1	6	2	0	0	0.3333333333333333	1.0	-7.00734e-05	0
326	Iter0327	3	0	7	3	0	0	2.0	0.5279720279720299	-0.0001699876	0
327	Iter0328	2	3	9	2	0	0	0.14814814814814814	0.2445054945054945	-2.92363e-05	0
328	Iter0329	1	3	8	3	0	0	0.125	0.23516483516483486	-2.14696e-12	0
329	Iter0330	2	1	7	2	0	0	0.5714285714285714	1.0	-0.0001504123	0
330	Iter0331	4	2	4	3	0	0	1.5	1.0	-6.2252595e-05	0
331	Iter0332	5	2	3	5	0	0	4.166666666666667	0.3146853146853151	-0.0005814872810000001	0
332	Iter0333	2	2	5	3	0	0	0.6	1.0	-0.0002117840000828511	0
333	Iter0334	2	2	6	4	0	0	0.6666666666666666	1.0	-5.460100000523395e-06	0
334	Iter0335	3	3	4	2	0	0	0.5	1.0	-0.00111902773	0
335	Iter0336	2	2	6	1	0	0	0.16666666666666666	0.4909090909090907	-0.00012701486296	0
336	Iter0337	9	2	8	0	0	0	0.3703703703703704	0.4853801169590671	-0.0016681416000151582	0
337	Iter0338	1	3	10	4	0	0	0.13333333333333333	0.2450980392156869	-1.1952e-05	0
338	Iter0339	4	1	4	1	0	0	1.0	1.0	-0.00047854374280300005	0
339	Iter0340	1	1	6	4	0	0	0.6666666666666666	1.0	-7.8786e-06	0
340	Iter0341	4	2	3	1	0	0	0.6666666666666666	1.0	-1.8722508868000002e-05	0
341	Iter0342	0	5	7	2	0	0	0.0625	0.02097902097902093	0.0	0
342	Iter0343	5	2	6	1	0	0	0.4166666666666667	1.0	-0.00014476194000000002	0
343	Iter0344	2	5	9	3	0	0	0.13333333333333333	0.0739461776613479	-2.7795182230000003e-07	0
344	Iter0345	2	3	7	1	0	0	0.09523809523809523	0.21678321678321727	-0.0004167811	0
345	Iter0346	3	3	3	5	0	0	1.6666666666666667	1.0	-0.00022211510620000002	0
346	Iter0347	1	3	7	4	0	0	0.19047619047619047	0.2820512820512819	-4.79932e-07	0
347	Iter0348	3	1	7	4	0	0	1.7142857142857142	1.0	-8.362576e-05	0
348	Iter0349	1	3	6	4	0	0	0.2222222222222222	0.5594405594405611	-7.05202e-07	0
349	Iter0350	1	2	7	6	0	0	0.42857142857142855	1.0	-3.0661200000000007e-06	0
350	Iter0351	1	4	4	7	0	0	0.4375	1.0	-1.56629e-05	0
351	Iter0352	0	2	5	1	0	0	0.1111111111111111	0.10714285714285714	0.0	0
352	Iter0353	2	5	8	0	0	0	0.05555555555555555	0.0069930069930069965	-0.000193990803	0
353	Iter0354	4	0	8	4	0	0	2.7777777777777777	0.5164835164835125	-4.147338000000129e-05	0
354	Iter0355	0	3	6	2	0	0	0.10714285714285714	0.060606060606060635	0.0	0
355	Iter0356	5	1	5	9	0	0	9.0	0.1408668730650156	-0.000171748868	0
356	Iter0357	3	4	9	2	0	0	0.16666666666666666	0.14140271493212675	-1.909686e-05	0
357	Iter0358	0	2	3	4	0	0	0.4166666666666666	0.5000000000000009	0.0	0
358	Iter0359	4	1	7	2	0	0	1.1428571428571428	1.0	-0.00019764581	0
359	Iter0360	4	7	11	1	0	0	0.051948051948051945	0.00942253331538562	-1.410445904e-05	0
360	Iter0361	4	7	8	3	0	0	0.21428571428571427	0.19838056680161886	-0.0005749299	0
361	Iter0362	3	2	9	1	0	0	0.16666666666666666	0.2417582417582405	-1.096649e-05	0
362	Iter0363	1	1	1	4	0	0	4.0	1.0	-3.82976e-05	0
363	Iter0364	1	0	2	2	0	0	2.0	1.0	-7.96771e-05	0
364	Iter0365	3	5	4	3	0	0	0.45	0.6192696192696191	-0.00020135557899999998	0
365	Iter0366	2	3	5	5	0	0	0.6666666666666666	1.0	-0.0002995930188	0
366	Iter0367	2	3	5	2	0	0	0.26666666666666666	0.5580808080808088	-0.000723835	0
367	Iter0368	1	1	4	3	0	0	0.75	1.0	-3.3513600000000004e-05	0
368	Iter0369	5	4	3	3	0	0	1.25	1.0	-0.0001554015158104	0
369	Iter0370	2	1	7	2	0	0	0.5714285714285714	1.0	-0.0008739109000000001	0
370	Iter0371	3	7	5	3	0	0	0.2571428571428571	0.3415604003839314	-0.0016101050000000001	0
371	Iter0372	2	2	9	2	0	0	0.2222222222222222	0.5164835164835159	-0.00071530483	0
372	Iter0373	2	2	6	3	0	0	0.5	1.0	-0.000152312286354	0
373	Iter0374	2	9	3	3	0	0	0.2222222222222222	0.2800581771170007	-4.7280907817290004e-05	0
374	Iter0375	1	6	7	2	0	0	0.047619047619047616	0.0405594405594404	-3.14071e-05	0
375	Iter0376	3	6	4	4	0	0	0.5	0.6371863430686965	-0.0015204154999999997	0
376	Iter0377	4	2	2	0	0	0	0.5555555555555556	1.0	-0.00044667510399999997	0
377	Iter0378	5	3	9	5	0	0	0.925925925925926	1.0	-0.00012021880065499999	0
378	Iter0379	1	2	5	3	0	0	0.3	0.5454545454545457	-9.73168e-06	0
379	Iter0380	1	0	8	2	0	0	0.6666666666666666	1.0	-0.0001510957703	0
380	Iter0381	3	4	8	0	0	0	0.08888888888888889	0.025641025641025626	-0.00010521661030000001	0
381	Iter0382	1	3	6	3	0	0	0.16666666666666666	0.26573426573426634	-4.95401e-08	0
382	Iter0383	2	2	2	2	0	0	1.0	1.0	-5.9244471999999995e-05	0
383	Iter0384	1	2	2	2	0	0	0.5	1.0	-1.06831e-06	0
384	Iter0385	0	1	5	1	0	0	0.16666666666666666	0.2857142857142857	0.0	0
385	Iter0386	1	6	9	2	0	0	0.037037037037037035	0.012820512820512895	-0.00014460799999999998	0
386	Iter0387	4	2	2	2	0	0	2.0	1.0	-0.0006384756	0
387	Iter0388	1	4	2	2	0	0	0.25	0.5238095238095243	-0.000806392	0
388	Iter0389	5	6	7	5	0	0	0.5952380952380953	0.6842726529090739	-0.00042814458099999994	0
389	Iter0390	4	5	1	2	0	0	1.6	1.0	-0.00020159314899999997	0
390	Iter0391	2	2	7	3	0	0	0.42857142857142855	0.5804195804195794	-0.0006325251	0
391	Iter0392	3	3	6	4	0	0	0.6666666666666666	1.0	-1.0462603556000001e-06	0
392	Iter0393	1	4	2	1	0	0	0.125	0.4642857142857136	-1.02792e-11	0
393	Iter0394	2	3	8	4	0	0	0.3333333333333333	0.5927601809954731	-7.031390000000001e-06	0
394	Iter0395	3	1	4	4	0	0	3.0	0.5757575757575777	-9.759231e-05	0
395	Iter0396	2	2	3	2	0	0	0.6666666666666666	1.0	-0.00021809651	0
396	Iter0397	3	5	4	2	0	0	0.3	0.5920745920745929	-7.7243201e-05	0
397	Iter0398	3	4	3	5	0	0	1.25	1.0	-8.010864888000001e-05	0
398	Iter0399	2	6	7	1	0	0	0.047619047619047616	0.04055944055944047	-8.533530437852e-06	0
399	Iter0400	3	3	4	3	0	0	0.75	1.0	-0.0005024049453000001	0
400	Iter0401	2	1	8	6	0	0	1.5	1.0	-7.33490091e-05	0
401	Iter0402	2	0	5	5	0	0	3.0	0.4696969696969707	-0.0001238147049	0
402	Iter0403	2	2	8	2	0	0	0.25	0.5204795204795203	-0.0002089185	0
403	Iter0404	4	4	5	3	0	0	0.6	1.0	-0.00031969637	0
404	Iter0405	4	3	3	1	0	0	0.4444444444444444	1.0	-0.00010822091769	0
405	Iter0406	5	7	9	4	0	0	0.31746031746031744	0.23774397630905994	-0.0009513718325	0
406	Iter0407	2	1	9	5	0	0	1.1111111111111112	1.0	-3.422960808309e-05	0
407	Iter0408	1	2	5	1	0	0	0.1	0.22619047619047605	0.0	0
408	Iter0409	6	0	7	0	0	0	0.875	1.0	-0.0012436992269000001	0
409	Iter0410	4	3	2	4	0	0	2.6666666666666665	0.5920745920745949	-0.0010421298	0
410	Iter0411	2	2	3	2	0	0	0.6666666666666666	1.0	-1.635724e-05	0
411	Iter0412	2	5	4	3	0	0	0.30000000000000004	0.5920745920745918	-1.0633220999999996e-05	0
412	Iter0413	2	2	3	3	0	0	1.0	1.0	-0.0007375884115999999	0
413	Iter0414	3	1	3	2	0	0	2.0	1.0	-0.00017024058	0
414	Iter0415	3	0	5	4	0	0	3.333333333333333	0.4909090909090912	-0.00115703632	0
415	Iter0416	3	3	6	1	0	0	0.16666666666666666	0.26573426573426634	-7.0320778e-05	0
416	Iter0417	2	2	11	4	0	0	0.3636363636363637	0.5572755417956642	-7.021276670000001e-06	0
417	Iter0418	5	2	4	2	0	0	1.25	1.0	-0.00016794546084278499	0
418	Iter0419	0	3	4	1	0	0	0.1	0.14285714285714265	0.0	0
419	Iter0420	0	2	5	1	0	0	0.1111111111111111	0.10714285714285714	0.0	0
420	Iter0421	1	0	7	3	0	0	1.0	1.0	-2.31197e-06	0
421	Iter0422	1	0	7	6	0	0	1.75	1.0	-5.34329e-05	0
422	Iter0423	2	4	6	5	0	0	0.4166666666666667	0.6199095022624437	-2.168421e-05	0
423	Iter0424	2	4	7	3	0	0	0.21428571428571427	0.3024475524475516	-2.944687643e-06	0
424	Iter0425	2	3	6	4	0	0	0.4444444444444444	0.6083916083916079	-1.00216e-07	0
425	Iter0426	4	1	4	0	0	0	0.5	1.0	-0.000549842495694	0
426	Iter0427	1	4	3	3	0	0	0.25	0.5454545454545456	-0.00017407799999999998	0
427	Iter0428	1	4	7	1	0	0	0.03571428571428571	0.031857031857031835	-1.27192e-05	0
428	Iter0429	1	2	5	2	0	0	0.2	0.4999999999999996	-0.00034150900000000004	0
429	Iter0430	3	3	7	5	0	0	0.7142857142857143	1.0	-2.5320601e-05	0
430	Iter0431	1	3	8	3	0	0	0.125	0.23516483516483486	-2.36278e-07	0
431	Iter0432	5	2	6	5	0	0	2.083333333333333	0.637066365007544	-0.0004951003499	0
432	Iter0433	3	6	3	2	0	0	0.3333333333333333	0.5804195804195786	-0.0003596607	0
433	Iter0434	5	5	5	1	0	0	0.2	0.3069430569430568	-0.0001650627819	0
434	Iter0435	1	4	3	2	0	0	0.16666666666666666	0.5238095238095238	-1.39522e-05	0
435	Iter0436	3	1	9	3	0	0	1.0	1.0	-1.890854e-05	0
436	Iter0437	3	2	1	2	0	0	3.0	1.0	-0.000114503826	0
437	Iter0438	2	4	5	3	0	0	0.3	0.592074592074592	-0.000674472934	0
438	Iter0439	2	2	4	1	0	0	0.25	0.5238095238095241	-9.630959100000001e-06	0
439	Iter0440	3	3	8	4	0	0	0.5	0.6266968325791864	-0.0003363395	0
440	Iter0441	8	1	6	3	0	0	4.0	0.5764705882352948	-0.0006876418167313001	0
441	Iter0442	4	4	4	1	0	0	0.25	0.5648795648795664	-0.00048815930000000005	0
442	Iter0443	4	4	6	6	0	0	1.0	1.0	-0.00023855783533	0
443	Iter0444	3	6	3	1	0	0	0.16666666666666666	0.26573426573426634	-0.00056719323	0
444	Iter0445	1	1	4	0	0	0	0.2	0.3333333333333332	-2.60118e-14	0
445	Iter0446	2	4	5	3	0	0	0.3	0.592074592074592	-7.6087646418e-05	0
446	Iter0447	2	1	8	2	0	0	0.5	1.0	-3.6848600000000003e-07	0
447	Iter0448	2	5	2	4	0	0	0.8	1.0	-0.00026515362	0
448	Iter0449	5	1	6	4	0	0	3.333333333333333	0.5879120879120866	-7.214015599999998e-05	0
449	Iter0450	1	3	4	0	0	0	0.1	0.14285714285714268	-2.47355e-05	0
450	Iter0451	3	4	8	4	0	0	0.375	0.3765182186234807	-4.91465e-05	0
451	Iter0452	5	4	6	8	0	0	1.6666666666666667	0.6801722977520513	-0.000582603	0
452	Iter0453	2	3	7	3	0	0	0.2857142857142857	0.32867132867132803	-3.0161312480000007e-05	0
453	Iter0454	3	3	3	1	0	0	0.3333333333333333	0.5714285714285717	-0.00048754229240000014	0
454	Iter0455	2	3	8	0	0	0	0.08333333333333333	0.03496503496503507	-0.0006583470000000001	0
455	Iter0456	2	5	3	1	0	0	0.13333333333333333	0.2424242424242426	-4.1091619999999996e-07	0
456	Iter0457	3	1	2	3	0	0	4.5	0.5238095238095235	-0.0007963653700000001	0
457	Iter0458	2	4	6	6	0	0	0.5	0.6380090497737565	-0.00012040300999999999	0
458	Iter0459	2	0	4	3	0	0	2.4	0.5000000000000007	-1.02522e-06	0
459	Iter0460	1	2	4	3	0	0	0.375	1.0	-3.0592e-05	0
460	Iter0461	4	2	3	3	0	0	2.0	1.0	-0.001788175	0
461	Iter0462	0	1	5	6	0	0	0.5833333333333334	1.0	0.0	0
462	Iter0463	0	2	7	5	0	0	0.25	0.4615384615384607	0.0	0
463	Iter0464	3	1	3	2	0	0	2.0	1.0	-1.385785449e-06	0
464	Iter0465	4	0	3	2	0	0	3.75	0.4444444444444449	-0.000304070889	0
465	Iter0466	5	2	2	2	0	0	2.5	0.5757575757575759	-3.1837062831e-05	0
466	Iter0467	3	2	8	5	0	0	0.9375	1.0	-5.5954563949999994e-05	0
467	Iter0468	4	6	7	3	0	0	0.2857142857142857	0.3698499642772109	-1.6960499748109997e-05	0
468	Iter0469	4	2	5	2	0	0	0.8	1.0	-0.00031420383390000004	0
469	Iter0470	1	4	7	2	0	0	0.07142857142857142	0.0909090909090907	-8.07905e-07	0
470	Iter0471	4	4	5	2	0	0	0.4	0.6083916083916073	-0.0015008309999999998	0
471	Iter0472	4	1	8	1	0	0	0.5	1.0	-0.00025348931000000003	0
472	Iter0473	3	3	10	1	0	0	0.1	0.09873949579831903	-0.00010161739582999999	0
473	Iter0474	4	4	6	1	0	0	0.16666666666666666	0.28205128205128144	-0.00035862261985	0
474	Iter0475	1	4	7	2	0	0	0.07142857142857142	0.0909090909090907	-8.51966e-06	0
475	Iter0476	1	2	7	2	0	0	0.14285714285714285	0.2363636363636364	-0.000485497	0
476	Iter0477	0	2	5	0	0	0	0.05555555555555555	0.0476190476190476	0.0	0
477	Iter0478	5	3	6	3	0	0	0.8333333333333334	1.0	-0.00021530891	0
478	Iter0479	2	4	8	5	0	0	0.3125	0.3498452012383894	-1.88645e-09	0
479	Iter0480	7	4	3	0	0	0	0.4	0.5054945054945053	-0.000595246467	0
480	Iter0481	1	5	11	1	0	0	0.018181818181818184	0.003932342167636281	-0.000587071	0
481	Iter0482	5	1	4	2	0	0	2.5	1.0	-0.00069752874	0
482	Iter0483	3	2	6	4	0	0	1.0	1.0	-6.19917728e-05	0
483	Iter0484	4	6	3	2	0	0	0.4444444444444444	0.6083916083916072	-0.00105803372	0
484	Iter0485	3	5	2	0	0	0	0.2222222222222222	0.4444444444444446	-0.00025222499999999996	0
485	Iter0486	3	4	4	2	0	0	0.375	0.5920745920745949	-0.0003572877	0
486	Iter0487	1	1	6	6	0	0	1.0	1.0	-7.36748e-07	0
487	Iter0488	3	5	6	3	0	0	0.3	0.3469354175236529	-1.16231379e-06	0
488	Iter0489	1	3	6	3	0	0	0.16666666666666666	0.26573426573426634	-1.20053e-08	0
489	Iter0490	4	1	5	4	0	0	3.2	0.5804195804195778	-3.09647523e-05	0
490	Iter0491	0	0	7	2	0	0	0.375	1.0	0.0	0
491	Iter0492	1	2	8	1	0	0	0.0625	0.1272727272727269	-0.00018862900000000005	0
492	Iter0493	4	4	2	1	0	0	0.5	1.0	-0.000663900665135759	0
493	Iter0494	2	5	4	3	0	0	0.30000000000000004	0.5920745920745918	-1.75773000699104e-06	0
494	Iter0495	4	4	6	3	0	0	0.5	0.6371863430686968	-0.00048233271999999997	0
495	Iter0496	2	3	7	1	0	0	0.09523809523809523	0.21678321678321727	-6.644707e-05	0
496	Iter0497	1	0	2	2	0	0	2.0	1.0	-2.03524e-09	0
497	Iter0498	6	3	5	2	0	0	0.8	1.0	-0.0011469457000000001	0
498	Iter0499	3	2	5	4	0	0	1.2	1.0	-0.00030195052	0
499	Iter0500	3	3	1	1	0	0	1.0	1.0	-0.00068538848	0
500	Iter0501	2	4	1	1	0	0	0.5	1.0	-6.61443756257e-06	0
501	Iter0502	3	1	6	1	0	0	0.5	1.0	-0.0007736800000000001	0
502	Iter0503	6	2	2	1	0	0	1.5	1.0	-0.0010844582750000002	0
503	Iter0504	1	2	9	1	0	0	0.05555555555555555	0.10839160839160847	-0.000471773	0
504	Iter0505	1	2	7	5	0	0	0.35714285714285715	0.5692307692307683	-1.31896e-05	0
505	Iter0506	3	3	4	4	0	0	1.0	1.0	-0.0009091810599999998	0
506	Iter0507	3	2	8	5	0	0	0.9375	1.0	-0.000862887106	0
507	Iter0508	1	9	6	0	0	0	0.028571428571428574	0.0008741258741258726	-2.14294e-05	0
508	Iter0509	0	2	10	2	0	0	0.09090909090909093	0.06593406593406569	0.0	0
509	Iter0510	4	2	8	2	0	0	0.5	0.6043956043956026	-4.9626288722700005e-06	0
510	Iter0511	2	2	5	3	0	0	0.6	1.0	-0.000189946	0
511	Iter0512	3	3	2	1	0	0	0.5	1.0	-0.00113691559879	0
512	Iter0513	0	3	5	3	0	0	0.16666666666666666	0.18181818181818174	0.0	0
513	Iter0514	2	6	2	2	0	0	0.3333333333333333	0.5474747474747487	-5.0831499999999996e-05	0
514	Iter0515	5	6	4	2	0	0	0.4166666666666667	0.6199095022624437	-0.00037909464892999997	0
515	Iter0516	5	3	4	3	0	0	1.2500000000000002	1.0	-0.00025362946999999997	0
516	Iter0517	3	2	4	0	0	0	0.26666666666666666	0.4444444444444446	-0.0003141922	0
517	Iter0518	4	5	2	2	0	0	0.8	1.0	-0.0003208217	0
518	Iter0519	0	3	6	4	0	0	0.17857142857142858	0.19230769230769307	0.0	0
519	Iter0520	4	2	8	3	0	0	0.75	1.0	-0.0005913872100000001	0
520	Iter0521	3	5	7	5	0	0	0.4285714285714286	0.6499166468206725	-2.019595662e-05	0
521	Iter0522	3	2	5	1	0	0	0.3	0.5454545454545455	-0.000316314847	0
522	Iter0523	4	3	1	2	0	0	2.6666666666666665	1.0	-0.00042555109999999996	0
523	Iter0524	1	1	1	1	0	0	1.0	1.0	-5.529079999999999e-07	0
524	Iter0525	4	3	8	4	0	0	0.6666666666666666	1.0	-0.0003214658	0
525	Iter0526	2	4	4	3	0	0	0.375	0.592074592074594	-0.00010785700000000001	0
526	Iter0527	4	3	8	3	0	0	0.5	0.6266968325791855	-2.8298709000000002e-05	0
527	Iter0528	6	2	5	7	0	0	4.2	0.19680876399142705	-0.00042465376526	0
528	Iter0529	5	5	3	6	0	0	2.0	0.6499166468206713	-0.0005578874	0
529	Iter0530	4	3	3	1	0	0	0.4444444444444444	1.0	-0.0001725356	0
530	Iter0531	2	2	5	6	0	0	1.2	1.0	-2.8390445999999998e-05	0
531	Iter0532	1	3	6	1	0	0	0.05555555555555555	0.08787878787878785	-0.000143787	0
532	Iter0533	5	5	9	3	0	0	0.3333333333333333	0.3777089783281732	-0.001369960151	0
533	Iter0534	3	2	4	1	0	0	0.375	1.0	-1.78241745e-05	0
534	Iter0535	7	2	5	3	0	0	2.1	0.6199095022624409	-0.0003838167314476	0
535	Iter0536	6	2	7	0	0	0	0.2916666666666667	0.4666666666666644	-0.0017617310131988002	0
536	Iter0537	5	2	4	2	0	0	1.25	1.0	-0.00067739459186	0
537	Iter0538	2	2	2	1	0	0	0.5	1.0	-7.408522e-09	0
538	Iter0539	2	6	5	1	0	0	0.06666666666666668	0.10256410256410263	-0.00137216123	0
539	Iter0540	2	2	11	2	0	0	0.18181818181818185	0.2189075630252089	-7.5343475e-05	0
540	Iter0541	4	0	9	2	0	0	1.5	1.0	-0.00034704399	0
541	Iter0542	4	5	5	2	0	0	0.32	0.3575174825174812	-0.00015673254000000001	0
542	Iter0543	9	1	6	4	0	0	6.0	0.3034055727554188	-0.0010640407422386	0
543	Iter0544	2	4	3	3	0	0	0.5	1.0	-3.416385931e-05	0
544	Iter0545	1	4	3	1	0	0	0.08333333333333333	0.20634920634920634	-7.46206e-06	0
545	Iter0546	1	1	4	1	0	0	0.25	1.0	-4.25172e-07	0
546	Iter0547	1	1	3	4	0	0	1.3333333333333333	1.0	-4.10618e-07	0
547	Iter0548	3	2	5	5	0	0	1.5	1.0	-0.0007042610000000001	0
548	Iter0549	3	3	2	1	0	0	0.5	1.0	-6.63572e-05	0
549	Iter0550	3	3	4	3	0	0	0.75	1.0	-1.2803043420000001e-05	0
550	Iter0551	0	6	1	8	0	0	0.6428571428571429	1.0	0.0	0
551	Iter0552	3	2	7	4	0	0	0.8571428571428571	1.0	-0.00018708871352000002	0
552	Iter0553	3	3	7	3	0	0	0.42857142857142855	0.6066433566433559	-0.0007768467272000001	0
553	Iter0554	3	6	5	1	0	0	0.1	0.1188811188811186	-5.098989000011709e-06	0
554	Iter0555	3	3	6	3	0	0	0.5	0.6223776223776206	-0.00045742265	0
555	Iter0556	2	0	4	1	0	0	1.2	1.0	-0.001033162205	0
556	Iter0557	4	3	5	2	0	0	0.5333333333333333	1.0	-6.954906984299999e-05	0
557	Iter0558	3	2	3	4	0	0	2.0	1.0	-0.00013608495000000002	0
558	Iter0559	0	5	0	1	0	0	0.3333333333333333	1.0	0.0	0
559	Iter0560	0	1	4	0	0	0	0.1	0.20000000000000007	0.0	0
560	Iter0561	3	6	4	2	0	0	0.25	0.3146853146853142	-0.0012652896000000002	0
561	Iter0562	3	2	8	1	0	0	0.1875	0.5054945054945037	-0.0006280638	0
562	Iter0563	1	2	7	2	0	0	0.14285714285714285	0.2363636363636364	-5.44811e-05	0
563	Iter0564	3	2	5	1	0	0	0.3	0.5454545454545455	-7.31554440050808e-05	0
564	Iter0565	3	1	7	4	0	0	1.7142857142857142	1.0	-2.1356507e-05	0
565	Iter0566	4	4	8	6	0	0	0.75	1.0	-0.001714403629	0
566	Iter0567	1	2	4	2	0	0	0.25	0.5238095238095238	-1.77305e-06	0
567	Iter0568	3	3	1	5	0	0	5.0	0.5454545454545479	-8.9354687e-05	0
568	Iter0569	3	5	2	1	0	0	0.3	0.5454545454545453	-0.0011428798861	0
569	Iter0570	3	5	7	5	0	0	0.4285714285714286	0.6499166468206725	-0.0007890130000000001	0
570	Iter0571	3	1	6	4	0	0	2.0	1.0	-3.853407239999999e-06	0
571	Iter0572	2	1	8	3	0	0	0.75	1.0	-0.0002356920110404	0
572	Iter0573	2	1	2	2	0	0	2.0	1.0	-4.7816100000000005e-05	0
573	Iter0574	7	1	4	2	0	0	3.5	0.538461538461539	-0.00097348479	0
574	Iter0575	3	3	1	1	0	0	1.0	1.0	-0.00010663908000000001	0
575	Iter0576	3	5	6	3	0	0	0.3	0.3469354175236529	-1.0265467914e-05	0
576	Iter0577	2	0	6	6	0	0	3.0	0.4725274725274709	-0.000454192	0
577	Iter0578	2	7	5	2	0	0	0.11428571428571427	0.12622377622377584	-0.0001778691	0
578	Iter0579	6	3	7	2	0	0	0.5714285714285714	1.0	-0.00092689795	0
579	Iter0580	6	3	6	4	0	0	1.3333333333333333	1.0	-0.00035561238149999994	0
580	Iter0581	2	1	7	1	0	0	0.2857142857142857	0.4909090909090901	-0.0008043010000000001	0
581	Iter0582	2	5	6	1	0	0	0.06666666666666668	0.10256410256410242	-0.00012909222000000002	0
582	Iter0583	3	1	3	5	0	0	5.0	0.5454545454545471	-0.00052435855	0
583	Iter0584	2	2	8	3	0	0	0.375	0.5604395604395587	-0.00042205	0
584	Iter0585	3	4	6	0	0	0	0.1142857142857143	0.06993006993007007	-5.950439490000001e-07	0
585	Iter0586	4	1	3	1	0	0	1.3333333333333333	1.0	-9.246409e-05	0
586	Iter0587	3	2	5	1	0	0	0.3	0.5454545454545455	-0.00108942915	0
587	Iter0588	2	3	11	2	0	0	0.1212121212121212	0.0987394957983191	-1.1147459999999999e-07	0
588	Iter0589	1	4	7	6	0	0	0.21428571428571427	0.3137254901960787	-5.105429999999999e-07	0
589	Iter0590	5	3	4	6	0	0	2.5000000000000004	0.6371863430686967	-0.00052700621043	0
590	Iter0591	4	4	6	3	0	0	0.5	0.6371863430686968	-0.0002347520734	0
591	Iter0592	1	3	8	0	0	0	0.05555555555555555	0.0181818181818182	-0.000447922	0
592	Iter0593	2	1	3	0	0	0	0.375	1.0	-1.69049167e-05	0
593	Iter0594	2	2	4	2	0	0	0.5	1.0	-2.869025e-05	0
594	Iter0595	5	2	5	3	0	0	1.5	1.0	-4.924678599999999e-05	0
595	Iter0596	5	1	9	4	0	0	2.2222222222222223	1.0	-0.000701800132537524	0
596	Iter0597	2	1	2	1	0	0	1.0	1.0	-2.68251e-11	0
597	Iter0598	1	3	5	3	0	0	0.2	0.5454545454545471	-1.6268299999999998e-05	0
598	Iter0599	3	3	2	1	0	0	0.5	1.0	-0.00013909909999999998	0
599	Iter0600	2	4	3	6	0	0	1.0	1.0	-5.5303489999999996e-05	0
600	Iter0601	1	3	7	1	0	0	0.047619047619047616	0.0666666666666667	-2.68373e-06	0
601	Iter0602	3	2	5	3	0	0	0.8999999999999999	1.0	-0.0003821547	0
602	Iter0603	1	3	2	3	0	0	0.5	1.0	-4.22344e-06	0
603	Iter0604	3	1	6	1	0	0	0.5	1.0	-0.0002093225	0
604	Iter0605	1	1	1	5	0	0	5.0	0.4642857142857139	-0.000111018	0
605	Iter0606	0	3	7	6	0	0	0.21875	0.21249999999999933	0.0	0
606	Iter0607	4	2	6	1	0	0	0.3333333333333333	0.5594405594405605	-3.8749539999999995e-05	0
607	Iter0608	2	2	2	1	0	0	0.5	1.0	-0.000437073	0
608	Iter0609	0	2	7	5	0	0	0.25	0.4615384615384607	0.0	0
609	Iter0610	2	3	7	4	0	0	0.3809523809523809	0.5961538461538449	-6.48110941e-05	0
610	Iter0611	2	5	5	2	0	0	0.16	0.28613053613053563	-0.00015761220000000002	0
611	Iter0612	5	3	4	3	0	0	1.2500000000000002	1.0	-2.6920283000000004e-06	0
612	Iter0613	2	3	3	1	0	0	0.2222222222222222	0.5238095238095235	-0.00012458900003141832	0
613	Iter0614	3	2	6	3	0	0	0.75	1.0	-9.1598672e-05	0
614	Iter0615	3	2	7	5	0	0	1.0714285714285714	1.0	-3.9684400330376e-07	0
615	Iter0616	3	4	9	5	0	0	0.4166666666666666	0.3972136222910229	-0.00036539934	0
616	Iter0617	3	0	10	3	0	0	1.4545454545454546	1.0	-3.5612811300000004e-05	0
617	Iter0618	5	2	4	3	0	0	1.875	1.0	-0.000502220048753	0
618	Iter0619	0	2	3	0	0	0	0.08333333333333333	0.10000000000000002	0.0	0
619	Iter0620	2	3	6	3	0	0	0.3333333333333333	0.5804195804195786	-0.00043217909999999996	0
620	Iter0621	0	4	4	5	0	0	0.24	0.2279720279720281	0.0	0
621	Iter0622	4	3	6	2	0	0	0.4444444444444444	0.6083916083916068	-0.00101416128674403	0
622	Iter0623	4	6	5	0	0	0	0.11904761904761905	0.04395604395604387	-5.959940900000001e-05	0
623	Iter0624	2	2	6	5	0	0	0.8333333333333334	1.0	-4.8631690000000005e-06	0
624	Iter0625	2	6	5	3	0	0	0.2	0.3146853146853145	-0.000221538	0
625	Iter0626	1	2	3	2	0	0	0.3333333333333333	1.0	-1.66383e-05	0
626	Iter0627	4	1	3	2	0	0	2.6666666666666665	1.0	-0.0011992599	0
627	Iter0628	4	1	8	2	0	0	1.0	1.0	-1.1481651000000002e-05	0
628	Iter0629	4	3	4	2	0	0	0.6666666666666666	1.0	-0.00010708448100000001	0
629	Iter0630	3	3	2	2	0	0	1.0	1.0	-8.773151e-05	0
630	Iter0631	2	1	3	3	0	0	2.0	1.0	-8.228558057000001e-07	0
631	Iter0632	2	3	4	5	0	0	0.8333333333333333	1.0	-1.71688e-16	0
632	Iter0633	2	2	4	5	0	0	1.25	1.0	-0.00029006889999999997	0
633	Iter0634	3	0	5	8	0	0	6.0	0.19999999999999946	-0.000933206	0
634	Iter0635	2	4	5	3	0	0	0.3	0.592074592074592	-8.660969999999999e-05	0
635	Iter0636	1	1	6	1	0	0	0.16666666666666666	0.4166666666666671	-0.000510074	0
636	Iter0637	4	1	8	2	0	0	1.0	1.0	-0.000300765998	0
637	Iter0638	1	2	6	2	0	0	0.16666666666666666	0.4909090909090907	-3.2028e-07	0
638	Iter0639	5	1	4	2	0	0	2.5	1.0	-3.9064395857999996e-05	0
639	Iter0640	5	5	8	5	0	0	0.625	0.6850181720285324	-0.0006525466936139999	0
640	Iter0641	2	2	5	4	0	0	0.8	1.0	-1.5094279999999998e-09	0
641	Iter0642	4	5	9	5	0	0	0.4444444444444445	0.41728361825279137	-0.000712048848074	0
642	Iter0643	6	3	7	1	0	0	0.2857142857142857	0.5764705882352921	-1.2588134025000002e-05	0
643	Iter0644	1	2	4	3	0	0	0.375	1.0	-5.4747e-06	0
644	Iter0645	3	3	8	2	0	0	0.25	0.2994505494505489	-0.00042494156690499996	0
645	Iter0646	0	3	6	6	0	0	0.25	0.22857142857142754	0.0	0
646	Iter0647	4	2	7	2	0	0	0.5714285714285714	1.0	-0.0009844414079999998	0
647	Iter0648	0	2	8	3	0	0	0.14814814814814814	0.12820512820512825	0.0	0
648	Iter0649	3	1	3	3	0	0	3.0	0.5714285714285717	-8.1480625e-05	0
649	Iter0650	2	1	3	3	0	0	2.0	1.0	-8.36504e-06	0
650	Iter0651	4	1	2	2	0	0	4.0	0.5238095238095241	-1.86043e-05	0
651	Iter0652	1	2	3	6	0	0	1.0	1.0	-3.7308e-11	0
652	Iter0653	2	2	14	6	0	0	0.42857142857142855	0.5783926218708864	-0.00013052103	0
653	Iter0654	3	5	4	6	0	0	0.9	1.0	-0.00013073396539999997	0
654	Iter0655	5	2	2	3	0	0	3.75	0.5580808080808088	-0.0004000823577	0
655	Iter0656	1	1	13	3	0	0	0.2307692307692308	0.405228758169937	-2.15772e-05	0
656	Iter0657	3	3	4	4	0	0	1.0	1.0	-5.598950202237e-05	0
657	Iter0658	2	2	7	0	0	0	0.125	0.10909090909090892	-4.0800659e-05	0
658	Iter0659	3	3	4	0	0	0	0.2	0.20000000000000007	-8.249257599999998e-06	0
659	Iter0660	5	1	3	2	0	0	3.333333333333333	0.5454545454545453	-0.000581185258	0
660	Iter0661	5	2	6	2	0	0	0.8333333333333334	1.0	-0.0001692777800508318	0
661	Iter0662	5	1	2	2	0	0	5.0	0.5000000000000001	-0.00022035765000000002	0
662	Iter0663	0	1	8	6	0	0	0.3888888888888888	0.4666666666666649	-0.00025508400000000004	0
663	Iter0664	3	1	2	5	0	0	7.5	0.2424242424242422	-0.0001401868165	0
664	Iter0665	2	1	7	4	0	0	1.1428571428571428	1.0	-1.07699391413e-05	0
665	Iter0666	3	3	4	2	0	0	0.5	1.0	-0.000370635	0
666	Iter0667	4	4	3	4	0	0	1.3333333333333333	1.0	-0.000135250412	0
667	Iter0668	1	1	6	4	0	0	0.6666666666666666	1.0	-0.00066137	0
668	Iter0669	1	3	2	2	0	0	0.3333333333333333	1.0	-0.000142447	0
669	Iter0670	5	3	10	4	0	0	0.6666666666666667	1.0	-1.99113e-05	0
670	Iter0671	1	1	7	5	0	0	0.7142857142857143	1.0	-8.137199999999999e-05	0
671	Iter0672	5	3	5	1	0	0	0.33333333333333337	0.5804195804195811	-0.000204921768	0
672	Iter0673	2	4	4	2	0	0	0.25	0.5670995670995689	-9.52113555333e-05	0
673	Iter0674	2	1	4	3	0	0	1.5	1.0	-0.0005658662	0
674	Iter0675	3	2	5	2	0	0	0.6	1.0	-0.0002019732237	0
675	Iter0676	5	3	4	2	0	0	0.8333333333333334	1.0	-8.549188959030001e-05	0
676	Iter0677	2	2	4	1	0	0	0.25	0.5238095238095241	-0.000942462	0
677	Iter0678	3	5	4	2	0	0	0.3	0.5920745920745929	-5.43542522e-05	0
678	Iter0679	3	2	7	1	0	0	0.21428571428571427	0.5104895104895115	-4.0491028e-05	0
679	Iter0680	2	2	4	0	0	0	0.2	0.4285714285714282	-8.8369755e-06	0
680	Iter0681	3	1	7	2	0	0	0.8571428571428571	1.0	-2.6708157e-05	0
681	Iter0682	1	1	10	1	0	0	0.1	0.2948717948717952	-3.51562e-08	0
682	Iter0683	3	2	6	2	0	0	0.5	1.0	-0.000102899569	0
683	Iter0684	4	5	4	2	0	0	0.4	0.6083916083916074	-0.000691164775	0
684	Iter0685	4	3	2	1	0	0	0.6666666666666666	1.0	-0.00096211797	0
685	Iter0686	2	1	6	4	0	0	1.3333333333333333	1.0	-3.4706228e-05	0
686	Iter0687	2	6	6	2	0	0	0.1111111111111111	0.13193473193473182	-2.0040693e-06	0
687	Iter0688	2	4	9	1	0	0	0.05555555555555555	0.035714285714285664	-7.959199999999998e-06	0
688	Iter0689	1	4	6	2	0	0	0.08333333333333333	0.10256410256410267	-1.37559e-07	0
689	Iter0690	2	3	4	1	0	0	0.16666666666666666	0.5238095238095237	-4.415169e-05	0
690	Iter0691	2	1	6	1	0	0	0.3333333333333333	1.0	-0.0001214097	0
691	Iter0692	4	3	2	0	0	0	0.4166666666666667	0.4999999999999999	-7.0391991e-05	0
692	Iter0693	1	2	11	2	0	0	0.09090909090909093	0.13571428571428515	-2.07034e-05	0
693	Iter0694	2	1	3	4	0	0	2.6666666666666665	1.0	-3.63172e-05	0
694	Iter0695	1	3	2	3	0	0	0.5	1.0	-1.82459e-05	0
695	Iter0696	2	2	9	1	0	0	0.1111111111111111	0.17582417582417564	-0.00036121289000000005	0
696	Iter0697	4	3	8	1	0	0	0.16666666666666666	0.2615384615384597	-0.0006787642	0
697	Iter0698	5	5	6	6	0	0	1.0	1.0	-0.00012851739297700004	0
698	Iter0699	3	6	7	4	0	0	0.2857142857142857	0.3698499642772088	-0.0003556493237	0
699	Iter0700	2	3	4	3	0	0	0.5	1.0	-0.00052087851	0
700	Iter0701	3	3	4	0	0	0	0.2	0.20000000000000007	-0.0009191812999999999	0
701	Iter0702	1	3	6	4	0	0	0.2222222222222222	0.5594405594405611	-1.17836e-06	0
702	Iter0703	3	0	6	2	0	0	1.7142857142857142	1.0	-3.403980000066011e-05	0
703	Iter0704	6	1	2	3	0	0	9.0	0.22222222222222265	-0.000540594909	0
704	Iter0705	3	2	9	2	0	0	0.3333333333333333	0.5467032967032963	-9.64864073e-05	0
705	Iter0706	2	4	3	1	0	0	0.16666666666666666	0.5238095238095236	-1.051453e-06	0
706	Iter0707	3	3	2	1	0	0	0.5	1.0	-0.00012833177237000002	0
707	Iter0708	3	4	4	3	0	0	0.5625	1.0	-1.95632e-10	0
708	Iter0709	2	7	10	0	0	0	0.03409090909090909	0.000714455822814954	-0.000304488	0
709	Iter0710	2	3	4	3	0	0	0.5	1.0	-1.484312e-05	0
710	Iter0711	3	2	4	2	0	0	0.75	1.0	-0.00032635347000000006	0
711	Iter0712	4	2	5	3	0	0	1.2	1.0	-0.000125741533	0
712	Iter0713	0	2	8	1	0	0	0.07407407407407407	0.05454545454545445	0.0	0
713	Iter0714	1	6	6	2	0	0	0.05555555555555555	0.040559440559440524	-0.000322595	0
714	Iter0715	6	0	6	4	0	0	5.0	0.23351648351648255	-0.0009849030051403002	0
715	Iter0716	4	2	4	1	0	0	0.5	1.0	-0.000118810925	0
716	Iter0717	2	3	4	1	0	0	0.16666666666666666	0.5238095238095237	-6.68823e-05	0
717	Iter0718	0	4	5	4	0	0	0.16666666666666669	0.10489510489510503	0.0	0
718	Iter0719	6	1	8	2	0	0	1.5	1.0	-0.000239467616	0
719	Iter0720	3	2	5	5	0	0	1.5	1.0	-1.385481707e-06	0
720	Iter0721	2	2	5	2	0	0	0.4	0.5757575757575751	-1.25824e-06	0
721	Iter0722	4	3	4	5	0	0	1.6666666666666663	1.0	-0.0005255072	0
722	Iter0723	1	3	3	1	0	0	0.1111111111111111	0.4857142857142854	-1.91299e-10	0
723	Iter0724	3	0	2	1	0	0	2.6666666666666665	1.0	-5.947594200000001e-06	0
724	Iter0725	4	1	6	4	0	0	2.6666666666666665	0.6003996003995999	-0.0004961605	0
725	Iter0726	4	6	2	3	0	0	1.0	1.0	-0.00024024408542599999	0
726	Iter0727	3	2	4	0	0	0	0.26666666666666666	0.4444444444444446	-0.00064000732705	0
727	Iter0728	7	3	3	4	0	0	3.111111111111111	0.3499588646647474	-0.00027130582599999996	0
728	Iter0729	3	2	4	4	0	0	1.5	1.0	-0.0009597514864	0
729	Iter0730	5	0	5	0	0	0	1.0	1.0	-0.000560813004	0
730	Iter0731	3	4	8	3	0	0	0.28125	0.33220211161387736	-0.000122723069	0
731	Iter0732	1	3	2	2	0	0	0.3333333333333333	1.0	-0.000332322	0
732	Iter0733	1	2	3	2	0	0	0.3333333333333333	1.0	0.0	0
733	Iter0734	1	1	6	0	0	0	0.14285714285714285	0.24999999999999994	-2.39373e-07	0
734	Iter0735	1	6	5	0	0	0	0.047619047619047616	0.015151515151515155	-9.08126e-06	0
735	Iter0736	5	2	7	4	0	0	1.4285714285714286	1.0	-0.000170063496772	0
736	Iter0737	5	2	6	0	0	0	0.2857142857142857	0.4615384615384629	-0.00014414942310775	0
737	Iter0738	0	2	5	1	0	0	0.1111111111111111	0.10714285714285714	0.0	0
738	Iter0739	4	2	3	0	0	0	0.4166666666666667	0.5000000000000007	-2.85947261e-08	0
739	Iter0740	4	1	10	5	0	0	2.0	1.0	-0.0006214079743	0
740	Iter0741	0	0	4	4	0	0	1.0	1.0	0.0	0
741	Iter0742	2	3	3	1	0	0	0.2222222222222222	0.5238095238095235	-4.389993e-05	0
742	Iter0743	0	0	7	5	0	0	0.75	1.0	0.0	0
743	Iter0744	3	3	6	4	0	0	0.6666666666666666	1.0	-0.00039779340000000005	0
744	Iter0745	4	3	4	1	0	0	0.3333333333333333	0.5757575757575769	-0.00086107642378	0
745	Iter0746	2	2	8	0	0	0	0.1111111111111111	0.0909090909090909	-9.320020702000001e-07	0
746	Iter0747	0	2	9	3	0	0	0.13333333333333333	0.10989010989010926	0.0	0
747	Iter0748	1	3	7	3	0	0	0.14285714285714285	0.24475524475524504	-2.4802e-09	0
748	Iter0749	1	0	3	3	0	0	2.0	1.0	-4.68454e-08	0
749	Iter0750	3	0	1	2	0	0	6.0	0.3999999999999997	-7.444301669999999e-05	0
750	Iter0751	1	1	7	2	0	0	0.2857142857142857	0.4909090909090902	-9.6476e-05	0
751	Iter0752	2	5	5	2	0	0	0.16	0.28613053613053563	-0.00044066	0
752	Iter0753	3	5	4	0	0	0	0.13333333333333333	0.08080808080808087	-5.37346005e-05	0
753	Iter0754	3	1	2	0	0	0	0.6666666666666666	1.0	-4.818747300000001e-06	0
754	Iter0755	1	4	2	2	0	0	0.25	0.5238095238095243	-2.08734e-05	0
755	Iter0756	1	1	4	1	0	0	0.25	1.0	-0.000432258	0
756	Iter0757	4	4	11	3	0	0	0.2727272727272728	0.3426212590299293	-3.2743741123599996e-06	0
757	Iter0758	1	3	7	5	0	0	0.2380952380952381	0.5692307692307679	-0.000236248	0
758	Iter0759	1	1	5	2	0	0	0.4	1.0	-3.39161e-06	0
759	Iter0760	1	6	6	0	0	0	0.040816326530612235	0.0046620046620046655	-5.219579999999999e-07	0
760	Iter0761	5	2	5	2	0	0	1.0	1.0	-0.0001295628744088	0
761	Iter0762	2	2	2	1	0	0	0.5	1.0	-0.0022202619999999998	0
762	Iter0763	3	2	3	2	0	0	1.0	1.0	-7.583983821999999e-05	0
763	Iter0764	2	2	3	4	0	0	1.3333333333333333	1.0	-0.0001036203	0
764	Iter0765	6	1	5	3	0	0	3.6	0.5692307692307691	-1.9109930000000004e-05	0
765	Iter0766	3	2	6	1	0	0	0.25	0.5227272727272729	-2.1178167e-05	0
766	Iter0767	4	2	9	4	0	0	0.8888888888888888	1.0	-0.00054083526	0
767	Iter0768	7	0	2	1	0	0	5.333333333333333	0.2999999999999995	-0.000126524333	0
768	Iter0769	3	6	3	0	0	0	0.14285714285714285	0.18181818181818213	-1.1656638615999998e-05	0
769	Iter0770	7	3	2	1	0	0	1.1666666666666667	1.0	-0.0005337286054852091	0
770	Iter0771	2	1	5	5	0	0	2.0	1.0	0.0	0
771	Iter0772	4	4	4	1	0	0	0.25	0.5648795648795664	-0.00014301312100000003	0
772	Iter0773	1	0	4	1	0	0	0.8	1.0	-7.93958e-05	0
773	Iter0774	1	1	6	3	0	0	0.5	1.0	-0.000125469	0
774	Iter0775	4	5	6	5	0	0	0.6666666666666667	1.0	-7.26238e-05	0
775	Iter0776	3	5	7	2	0	0	0.17142857142857146	0.15343480049362426	-8.477023100000003e-06	0
776	Iter0777	3	3	6	2	0	0	0.3333333333333333	0.5804195804195795	-0.0008823751149999999	0
777	Iter0778	3	4	10	2	0	0	0.15	0.12874097007223875	-0.0007739408	0
778	Iter0779	7	1	2	1	0	0	3.5	0.4909090909090903	-0.0005753918392	0
779	Iter0780	3	2	2	4	0	0	3.0	0.5670995670995664	-6.734819803209999e-06	0
780	Iter0781	2	2	3	6	0	0	2.0	1.0	-6.23407e-05	0
781	Iter0782	5	2	5	3	0	0	1.5	1.0	-6.95751369637e-05	0
782	Iter0783	3	6	2	4	0	0	1.0	1.0	-0.0006760185	0
783	Iter0784	4	5	1	1	0	0	0.8	1.0	-0.00016286038810000002	0
784	Iter0785	2	5	7	3	0	0	0.17142857142857146	0.1534348004936239	-0.000800707	0
785	Iter0786	4	2	3	1	0	0	0.6666666666666666	1.0	-0.000339862293	0
786	Iter0787	4	2	10	3	0	0	0.6	1.0	-0.00023606486	0
787	Iter0788	5	4	3	0	0	0	0.3	0.4909090909090916	-0.0016402990200186627	0
788	Iter0789	1	4	5	2	0	0	0.1	0.2424242424242426	-2.47547e-15	0
789	Iter0790	2	4	5	4	0	0	0.4	0.6083916083916076	-0.000330344083	0
790	Iter0791	1	5	5	3	0	0	0.12	0.1375291375291378	-4.69686e-07	0
791	Iter0792	1	3	2	1	0	0	0.16666666666666666	0.4857142857142854	-0.000355126	0
792	Iter0793	1	3	4	0	0	0	0.1	0.14285714285714268	-5.92129e-05	0
793	Iter0794	1	3	4	1	0	0	0.08333333333333333	0.20634920634920625	-0.0001048122	0
794	Iter0795	2	2	2	2	0	0	1.0	1.0	-0.00010591579999999999	0
795	Iter0796	1	3	4	1	0	0	0.08333333333333333	0.20634920634920625	-2.53921e-07	0
796	Iter0797	4	5	5	0	0	0	0.1388888888888889	0.08591408591408553	-0.0007161344509999999	0
797	Iter0798	2	4	8	0	0	0	0.06666666666666668	0.014985014985014969	-8.59361e-05	0
798	Iter0799	0	2	9	2	0	0	0.1	0.0769230769230771	0.0	0
799	Iter0800	0	3	2	4	0	0	0.4166666666666667	0.5000000000000006	0.0	0
800	Iter0801	7	3	3	2	0	0	1.5555555555555556	1.0	-0.00046478469747000004	0
801	Iter0802	3	2	3	1	0	0	0.5	1.0	-0.00016804755	0
802	Iter0803	2	4	2	4	0	0	1.0	1.0	-0.00026177614019999996	0
803	Iter0804	2	2	8	11	0	0	1.375	1.0	-5.51143974e-05	0
804	Iter0805	6	4	3	3	0	0	1.5	1.0	-0.001820022812	0
805	Iter0806	3	3	2	1	0	0	0.5	1.0	-9.22013e-05	0
806	Iter0807	4	3	6	1	0	0	0.2222222222222222	0.5594405594405601	-0.00035188952	0
807	Iter0808	3	2	7	4	0	0	0.8571428571428571	1.0	-7.64896e-07	0
808	Iter0809	4	1	8	1	0	0	0.5	1.0	-0.000136758407	0
809	Iter0810	5	1	4	5	0	0	6.25	0.28671328671328616	-0.00010734104272477	0
810	Iter0811	4	1	6	5	0	0	3.333333333333333	0.5879120879120874	-0.000635732221	0
811	Iter0812	4	2	3	5	0	0	3.333333333333333	0.592074592074592	-0.000490637150286211	0
812	Iter0813	3	2	8	2	0	0	0.375	0.5604395604395591	-6.510312275760001e-05	0
813	Iter0814	2	3	4	3	0	0	0.5	1.0	-0.00020689864182200002	0
814	Iter0815	2	1	4	2	0	0	1.0	1.0	-1.676419e-07	0
815	Iter0816	4	1	3	1	0	0	1.3333333333333333	1.0	-1.54102845267e-05	0
816	Iter0817	1	2	7	3	0	0	0.21428571428571427	0.5104895104895115	-7.161860000000002e-07	0
817	Iter0818	2	1	5	5	0	0	2.0	1.0	-0.0008321935	0
818	Iter0819	4	1	7	2	0	0	1.1428571428571428	1.0	-0.0002792079	0
819	Iter0820	1	6	6	1	0	0	0.027777777777777776	0.02913752913752912	0.0	0
820	Iter0821	3	2	2	4	0	0	3.0	0.5670995670995664	-0.00119974309	0
821	Iter0822	2	2	5	2	0	0	0.4	0.5757575757575751	-0.00016461860000000002	0
822	Iter0823	2	0	4	2	0	0	1.7999999999999998	1.0	-4.43296e-10	0
823	Iter0824	4	3	6	4	0	0	0.8888888888888888	1.0	-0.00014685241799999998	0
824	Iter0825	2	3	7	3	0	0	0.2857142857142857	0.32867132867132803	-0.0001274002	0
825	Iter0826	2	2	3	3	0	0	1.0	1.0	-1.1301080000000002e-06	0
826	Iter0827	3	2	9	2	0	0	0.3333333333333333	0.5467032967032963	-9.824634000000002e-05	0
827	Iter0828	3	7	6	1	0	0	0.07142857142857142	0.04977375565610845	-0.00056578759	0
828	Iter0829	5	6	4	5	0	0	1.0416666666666667	1.0	-0.00044222827000000003	0
829	Iter0830	2	2	7	0	0	0	0.125	0.10909090909090892	-0.00026579038	0
830	Iter0831	3	0	5	5	0	0	4.0	0.2307692307692313	-0.00026648997000000004	0
831	Iter0832	1	6	10	1	0	0	0.016666666666666666	0.002450980392156877	-0.00017106	0
832	Iter0833	3	1	5	4	0	0	2.4	1.0	-0.0005803159300000001	0
833	Iter0834	3	1	7	2	0	0	0.8571428571428571	1.0	-0.00042091903999999996	0
834	Iter0835	3	2	10	3	0	0	0.45	0.5827497665732946	-0.00021956621659999999	0
835	Iter0836	5	4	5	4	0	0	1.0	1.0	-9.477481300000002e-06	0
836	Iter0837	1	3	7	4	0	0	0.19047619047619047	0.2820512820512819	-1.54593e-07	0
837	Iter0838	2	2	5	2	0	0	0.4	0.5757575757575751	-9.5681148e-06	0
838	Iter0839	4	3	3	2	0	0	0.8888888888888888	1.0	-5.165804000000001e-06	0
839	Iter0840	2	3	11	4	0	0	0.2424242424242424	0.2897961816305479	-0.000277802	0
840	Iter0841	5	1	5	5	0	0	5.0	0.3069430569430568	-0.00011634487683	0
841	Iter0842	2	2	6	2	0	0	0.3333333333333333	0.5474747474747486	-0.000294223	0
842	Iter0843	1	1	8	5	0	0	0.625	1.0	-1.21423e-06	0
843	Iter0844	2	4	5	3	0	0	0.3	0.592074592074592	-0.00011659609999999999	0
844	Iter0845	7	2	7	2	0	0	1.0	1.0	-0.000311835010627	0
845	Iter0846	8	5	5	2	0	0	0.64	1.0	-0.00067581394203	0
846	Iter0847	2	2	1	7	0	0	7.0	0.2363636363636369	-0.00029739983	0
847	Iter0848	4	0	4	4	0	0	5.0	0.20808080808080853	-0.0002290983096	0
848	Iter0849	1	3	6	1	0	0	0.05555555555555555	0.08787878787878785	-1.66426e-07	0
849	Iter0850	2	1	5	5	0	0	2.0	1.0	-3.963723e-08	0
850	Iter0851	1	3	3	3	0	0	0.3333333333333333	0.5714285714285721	-1.18905e-06	0
851	Iter0852	3	2	7	3	0	0	0.6428571428571428	1.0	-0.0002443778	0
852	Iter0853	4	1	8	0	0	0	0.2777777777777778	0.3846153846153845	-7.7155e-06	0
853	Iter0854	2	4	6	0	0	0	0.08571428571428573	0.06060606060606074	-0.00039141198	0
854	Iter0855	3	0	10	4	0	0	1.818181818181818	0.5411764705882353	-3.4467579e-05	0
855	Iter0856	4	3	4	2	0	0	0.6666666666666666	1.0	-3.3772069384e-05	0
856	Iter0857	4	9	3	2	0	0	0.2962962962962963	0.3259803921568637	-0.00104154409	0
857	Iter0858	1	1	11	4	0	0	0.3636363636363637	0.5147058823529393	-8.66535e-06	0
858	Iter0859	4	4	9	5	0	0	0.5555555555555556	0.661919504643963	-9.203415018399998e-05	0
859	Iter0860	1	2	5	4	0	0	0.4	1.0	-5.29326e-07	0
860	Iter0861	2	1	12	1	0	0	0.16666666666666666	0.3499999999999994	-4.184868499999998e-05	0
861	Iter0862	0	3	10	2	0	0	0.06818181818181819	0.02197802197802187	0.0	0
862	Iter0863	3	8	4	5	0	0	0.46875	0.6424148606811146	-0.00033515585	0
863	Iter0864	3	1	2	3	0	0	4.5	0.5238095238095235	-0.00045131140000000006	0
864	Iter0865	0	3	3	2	0	0	0.1875	0.19642857142857115	0.0	0
865	Iter0866	2	1	9	2	0	0	0.4444444444444444	1.0	0.0	0
866	Iter0867	4	3	4	3	0	0	1.0	1.0	-0.0006746742000000001	0
867	Iter0868	1	1	8	2	0	0	0.25	0.4545454545454548	0.0	0
868	Iter0869	3	2	5	3	0	0	0.8999999999999999	1.0	-9.735353299999999e-05	0
869	Iter0870	3	3	5	0	0	0	0.16666666666666666	0.1818181818181816	-0.00092785461	0
870	Iter0871	1	3	10	0	0	0	0.045454545454545456	0.010989010989010973	-1.39624e-06	0
871	Iter0872	4	1	6	0	0	0	0.35714285714285715	0.4545454545454541	-0.00024678516769999995	0
872	Iter0873	1	1	4	1	0	0	0.25	1.0	-7.00035e-07	0
873	Iter0874	3	5	3	5	0	0	1.0	1.0	-0.00075438	0
874	Iter0875	3	2	7	3	0	0	0.6428571428571428	1.0	-0.00025796105100000003	0
875	Iter0876	1	2	7	2	0	0	0.14285714285714285	0.2363636363636364	-1.92057e-08	0
876	Iter0877	3	2	6	0	0	0	0.19047619047619047	0.1818181818181815	-3.4420943e-05	0
877	Iter0878	1	3	6	3	0	0	0.16666666666666666	0.26573426573426634	-2.91267e-07	0
878	Iter0879	1	3	8	1	0	0	0.04166666666666666	0.05174825174825176	-2.8841800000000003e-09	0
879	Iter0880	3	3	5	1	0	0	0.2	0.5454545454545476	-0.000327980424693	0
880	Iter0881	3	2	7	4	0	0	0.8571428571428571	1.0	-0.0005079796660000001	0
881	Iter0882	2	2	5	4	0	0	0.8	1.0	-5.663412e-05	0
882	Iter0883	1	1	6	2	0	0	0.3333333333333333	1.0	-4.56091e-06	0
883	Iter0884	3	2	7	1	0	0	0.21428571428571427	0.5104895104895115	-0.0009183050729999999	0
884	Iter0885	2	3	5	0	0	0	0.125	0.16666666666666646	-4.5959149e-05	0
885	Iter0886	4	0	9	8	0	0	4.5	0.13116123642439426	-0.00030948069	0
886	Iter0887	4	4	5	1	0	0	0.2	0.30069930069930034	-0.0006029305099999999	0
887	Iter0888	1	3	5	1	0	0	0.06666666666666668	0.19047619047619052	-2.22902e-09	0
888	Iter0889	2	3	5	0	0	0	0.125	0.16666666666666646	-0.000156916	0
889	Iter0890	2	2	6	6	0	0	1.0	1.0	-0.000380564	0
890	Iter0891	3	3	5	1	0	0	0.2	0.5454545454545476	-0.0005729845	0
891	Iter0892	4	1	8	3	0	0	1.5	1.0	-0.00021077994180742	0
892	Iter0893	4	1	8	5	0	0	2.5	0.6148459383753485	-0.0005510696791	0
893	Iter0894	3	2	1	3	0	0	4.5	0.5238095238095237	-1.0792195298999999e-05	0
894	Iter0895	3	2	8	2	0	0	0.375	0.5604395604395591	-6.9897900000000005e-06	0
895	Iter0896	1	3	6	2	0	0	0.1111111111111111	0.2222222222222228	-1.87693e-06	0
896	Iter0897	4	3	3	4	0	0	1.7777777777777777	1.0	-0.0008110287243000001	0
897	Iter0898	1	1	6	3	0	0	0.5	1.0	-1.29095e-06	0
898	Iter0899	2	1	4	1	0	0	0.5	1.0	-8.310340000000001e-08	0
899	Iter0900	3	5	5	3	0	0	0.36	0.6192696192696197	-5.165692e-05	0
900	Iter0901	4	2	3	3	0	0	2.0	1.0	-0.0002961287725	0
901	Iter0902	1	2	4	3	0	0	0.375	1.0	-2.31754e-05	0
902	Iter0903	0	1	6	3	0	0	0.2857142857142857	0.3999999999999996	0.0	0
903	Iter0904	1	2	6	4	0	0	0.3333333333333333	0.5594405594405605	-0.000159589	0
904	Iter0905	1	4	7	3	0	0	0.10714285714285714	0.11888111888111895	-2.16498e-05	0
905	Iter0906	3	1	6	4	0	0	2.0	1.0	-6.196716e-05	0
906	Iter0907	1	2	1	2	0	0	1.0	1.0	-1.12059e-05	0
907	Iter0908	6	2	2	0	0	0	0.7777777777777778	1.0	-0.00030725080249999995	0
908	Iter0909	1	3	7	5	0	0	0.2380952380952381	0.5692307692307679	-5.93974e-05	0
909	Iter0910	4	3	2	0	0	0	0.4166666666666667	0.4999999999999999	-0.001561822035295	0
910	Iter0911	4	6	3	1	0	0	0.2222222222222222	0.5594405594405594	-6.0053467307000004e-05	0
911	Iter0912	1	2	7	3	0	0	0.21428571428571427	0.5104895104895115	-0.000595946	0
912	Iter0913	1	3	6	1	0	0	0.05555555555555555	0.08787878787878785	-8.62383e-06	0
913	Iter0914	0	5	9	6	0	0	0.11666666666666665	0.03792569659442724	0.0	0
914	Iter0915	1	3	3	3	0	0	0.3333333333333333	0.5714285714285721	-1.21365e-05	0
915	Iter0916	2	5	8	1	0	0	0.05	0.034965034965034794	-5.0295918e-05	0
916	Iter0917	1	1	7	2	0	0	0.2857142857142857	0.4909090909090902	-3.26525e-07	0
917	Iter0918	2	7	6	0	0	0	0.05357142857142857	0.006993006993006977	-2.010363e-06	0
918	Iter0919	2	3	6	6	0	0	0.6666666666666666	1.0	-0.0004211210000383343	0
919	Iter0920	6	2	5	3	0	0	1.7999999999999998	1.0	-2.9408055453e-05	0
920	Iter0921	4	5	4	4	0	0	0.8	1.0	-0.00036229890000000003	0
921	Iter0922	3	3	7	4	0	0	0.5714285714285714	0.6436651583710405	-2.338463e-06	0
922	Iter0923	3	0	5	5	0	0	4.0	0.2307692307692313	-3.890898e-05	0
923	Iter0924	3	2	4	3	0	0	1.125	1.0	-0.00013497914753106	0
924	Iter0925	0	1	7	2	0	0	0.1875	0.2999999999999995	0.0	0
925	Iter0926	0	3	6	4	0	0	0.17857142857142858	0.19230769230769307	0.0	0
926	Iter0927	1	0	4	1	0	0	0.8	1.0	-2.28625e-06	0
927	Iter0928	2	3	5	4	0	0	0.5333333333333333	1.0	-0.00038816269999999997	0
928	Iter0929	4	5	2	3	0	0	1.2000000000000002	1.0	-0.0015631154999999999	0
929	Iter0930	2	2	8	1	0	0	0.125	0.2027972027972029	-0.0003747744700000001	0
930	Iter0931	2	2	3	3	0	0	1.0	1.0	-4.436267e-06	0
931	Iter0932	3	3	5	9	0	0	1.7999999999999998	0.6424148606811156	-2.7099218499999997e-05	0
932	Iter0933	2	3	6	1	0	0	0.1111111111111111	0.22222222222222265	-0.000143788	0
933	Iter0934	2	3	1	3	0	0	2.0	1.0	-2.0886309e-05	0
934	Iter0935	5	1	4	6	0	0	7.5	0.14510489510489474	-0.0003998925622	0
935	Iter0936	2	3	3	3	0	0	0.6666666666666666	1.0	-6.6354138e-09	0
936	Iter0937	4	3	6	2	0	0	0.4444444444444444	0.6083916083916068	-0.000140319600341102	0
937	Iter0938	3	3	7	2	0	0	0.2857142857142857	0.3286713286713281	-0.0005767249	0
938	Iter0939	2	1	4	4	0	0	2.0	1.0	-3.36137931e-05	0
939	Iter0940	2	1	4	4	0	0	2.0	1.0	-0.00039643855999999997	0
940	Iter0941	1	2	4	4	0	0	0.5	1.0	-1.8302e-07	0
941	Iter0942	2	1	5	2	0	0	0.8	1.0	-0.00015872838000000002	0
942	Iter0943	3	2	5	0	0	0	0.2222222222222222	0.4444444444444442	-1.8049878999999999e-07	0
943	Iter0944	1	1	6	3	0	0	0.5	1.0	-1.4014e-08	0
944	Iter0945	2	3	3	2	0	0	0.4444444444444444	1.0	-0.000188206431	0
945	Iter0946	2	5	7	3	0	0	0.17142857142857146	0.1534348004936239	-8.90899e-05	0
946	Iter0947	3	2	8	4	0	0	0.75	1.0	-2.5768189999999998e-05	0
947	Iter0948	2	1	3	5	0	0	3.333333333333333	0.5454545454545451	-2.8885740000000003e-05	0
948	Iter0949	4	3	6	3	0	0	0.6666666666666666	1.0	-0.0008131600000035289	0
949	Iter0950	1	5	5	2	0	0	0.08	0.1025641025641027	-1.94822e-10	0
950	Iter0951	3	2	4	5	0	0	1.875	1.0	-0.00028163555890000003	0
951	Iter0952	2	1	5	4	0	0	1.6	1.0	-6.15843e-07	0
952	Iter0953	3	1	4	1	0	0	0.75	1.0	-0.0001573014	0
953	Iter0954	3	4	3	1	0	0	0.25	0.5454545454545461	-1.850153e-05	0
954	Iter0955	1	2	8	4	0	0	0.25	0.5252747252747239	-0.000305117	0
955	Iter0956	2	4	1	0	0	0	0.3	0.4285714285714287	-0.00019461750000000002	0
956	Iter0957	3	2	8	2	0	0	0.375	0.5604395604395591	-6.675924e-05	0
957	Iter0958	2	3	6	2	0	0	0.2222222222222222	0.2929292929292933	-5.640190000000001e-08	0
958	Iter0959	5	3	4	2	0	0	0.8333333333333334	1.0	-0.00049738710272854	0
959	Iter0960	2	3	5	2	0	0	0.26666666666666666	0.5580808080808088	-0.0003828846	0
960	Iter0961	3	1	7	3	0	0	1.2857142857142856	1.0	-5.0025771e-05	0
961	Iter0962	3	4	10	3	0	0	0.225	0.1735810113519089	-1.62522376e-05	0
962	Iter0963	3	5	4	4	0	0	0.6	1.0	-2.95428867e-05	0
963	Iter0964	3	4	8	2	0	0	0.1875	0.161764705882353	-2.8963769400000004e-05	0
964	Iter0965	2	4	0	1	0	0	1.2	1.0	-0.000221868	0
965	Iter0966	3	4	3	1	0	0	0.25	0.5454545454545461	-0.00063858723	0
966	Iter0967	4	6	7	4	0	0	0.3809523809523809	0.39485591807573217	-3.216848600005845e-05	0
967	Iter0968	4	3	3	1	0	0	0.4444444444444444	1.0	-0.000573239628096	0
968	Iter0969	2	5	0	4	0	0	2.5	0.4909090909090907	-5.616613e-05	0
969	Iter0970	1	2	4	2	0	0	0.25	0.5238095238095238	-0.000934033	0
970	Iter0971	2	2	3	5	0	0	1.6666666666666667	1.0	-1.30144e-05	0
971	Iter0972	4	7	4	5	0	0	0.7142857142857142	1.0	-0.00017304928208000003	0
972	Iter0973	4	1	8	1	0	0	0.5	1.0	-1.7089058315416e-05	0
973	Iter0974	3	4	5	2	0	0	0.3	0.5920745920745918	-1.1939665860000003e-06	0
974	Iter0975	2	5	9	1	0	0	0.04444444444444445	0.034502262443438965	-0.0002269096	0
975	Iter0976	1	1	5	5	0	0	1.0	1.0	-0.000292308	0
976	Iter0977	1	4	3	0	0	0	0.1	0.14285714285714265	-5.09103e-05	0
977	Iter0978	3	2	9	1	0	0	0.16666666666666666	0.2417582417582405	-9.3635684e-11	0
978	Iter0979	2	5	9	4	0	0	0.17777777777777778	0.15967492260061872	-0.000307254	0
979	Iter0980	2	2	5	0	0	0	0.16666666666666666	0.16666666666666705	-0.0012344460000000002	0
980	Iter0981	2	4	5	3	0	0	0.3	0.592074592074592	-1.4051715030000001e-07	0
981	Iter0982	3	2	4	1	0	0	0.375	1.0	-5.7885765e-07	0
982	Iter0983	3	1	7	1	0	0	0.42857142857142855	1.0	-2.14305248e-05	0
983	Iter0984	0	2	7	3	0	0	0.16666666666666666	0.15151515151515202	0.0	0
984	Iter0985	3	3	4	1	0	0	0.25	0.5454545454545454	-0.0011891974	0
985	Iter0986	3	1	1	0	0	0	1.0	1.0	-8.4783014e-05	0
986	Iter0987	5	2	5	4	0	0	2.0	0.6328671328671318	-2.5352300161684e-05	0
987	Iter0988	3	2	7	1	0	0	0.21428571428571427	0.5104895104895115	-9.1532931e-05	0
988	Iter0989	0	4	6	5	0	0	0.17142857142857146	0.10329670329670304	0.0	0
989	Iter0990	3	2	5	1	0	0	0.3	0.5454545454545455	-7.5774579e-05	0
990	Iter0991	2	2	7	6	0	0	0.8571428571428571	1.0	-1.167931e-06	0
991	Iter0992	1	1	7	3	0	0	0.42857142857142855	1.0	-2.60516e-11	0
992	Iter0993	3	2	2	1	0	0	0.75	1.0	-0.00012032890000000001	0
993	Iter0994	4	6	4	4	0	0	0.6666666666666666	1.0	-0.00024749922104224384	0
994	Iter0995	4	2	9	3	0	0	0.6666666666666666	1.0	-0.00019810088	0
995	Iter0996	4	5	8	0	0	0	0.0925925925925926	0.029411764705882214	-0.000233272825962	0
996	Iter0997	7	5	8	1	0	0	0.175	0.17779743476337898	-0.00038783521851500004	0
997	Iter0998	2	3	12	1	0	0	0.05555555555555555	0.04411764705882367	-3.0589109999999996e-07	0
998	Iter0999	2	2	7	4	0	0	0.5714285714285714	1.0	-5.45897e-05	0
999	Iter1000	1	2	3	1	0	0	0.16666666666666666	0.4857142857142852	-1.047e-05	0
