	IterId	dN	dS	pN	pS	bdN	bpN	MkScore	FSPVal	SelCoef	PosSel
0	Iter0001	0	2	1	2	0	0	0.5	1.0	0.0	0
1	Iter0002	0	1	2	2	0	0	0.5	1.0	-1.4553899999999996e-06	0
2	Iter0003	1	1	5	3	0	0	0.6	1.0	-0.0009191837000000001	0
3	Iter0004	1	1	2	4	0	0	2.0	1.0	-3.68492e-05	0
4	Iter0005	0	1	2	2	0	0	0.5	1.0	-0.001110481	0
5	Iter0006	1	1	2	1	0	0	0.5	1.0	-0.0004965626962435	0
6	Iter0007	3	1	7	5	0	0	2.142857142857143	1.0	-3.1276341e-06	0
7	Iter0008	0	1	2	4	0	0	0.8333333333333334	1.0	-5.8195617e-06	0
8	Iter0009	3	1	4	1	0	0	0.75	1.0	-0.0007164587924000001	0
9	Iter0010	3	1	5	3	0	0	1.7999999999999998	1.0	-0.00034893222000000003	0
10	Iter0011	3	0	4	2	0	0	2.4	0.5000000000000007	-8.026041999999998e-05	0
11	Iter0012	2	4	4	0	0	0	0.12	0.07619047619047617	-1.17131957e-05	0
12	Iter0013	3	1	3	2	0	0	2.0	1.0	-3.4158099999999994e-06	0
13	Iter0014	2	2	2	2	0	0	1.0	1.0	-0.00037019216	0
14	Iter0015	1	1	2	3	0	0	1.5	1.0	-0.000275101000542446	0
15	Iter0016	1	0	2	0	0	0	0.6666666666666666	1.0	-6.37043678149e-05	0
16	Iter0017	1	1	7	1	0	0	0.14285714285714285	0.377777777777778	-4.6577099999999985e-06	0
17	Iter0018	2	2	4	3	0	0	0.75	1.0	-1.407017e-05	0
18	Iter0019	1	2	2	1	0	0	0.25	1.0	-0.000196827654	0
19	Iter0020	2	2	2	1	0	0	0.5	1.0	-5.77807893e-05	0
20	Iter0021	2	1	6	4	0	0	1.3333333333333333	1.0	-0.00032544572	0
21	Iter0022	3	1	3	4	0	0	4.0	0.5454545454545452	-7.26864e-05	0
22	Iter0023	1	4	1	0	0	0	0.2	0.3333333333333331	-9.188789999999997e-06	0
23	Iter0024	1	4	0	1	0	0	0.8	1.0	-0.0003654964	0
24	Iter0025	1	0	5	1	0	0	0.6666666666666666	1.0	0.0	0
25	Iter0026	1	1	4	4	0	0	1.0	1.0	-0.0019059490863000002	0
26	Iter0027	1	1	2	2	0	0	1.0	1.0	-1.3474331000000002e-07	0
27	Iter0028	0	0	9	2	0	0	0.3	1.0	-1.6513400000000004e-06	0
28	Iter0029	1	2	4	0	0	0	0.13333333333333333	0.1428571428571427	-0.000127174	0
29	Iter0030	2	0	1	2	0	0	4.5	0.4000000000000001	-0.000525101398	0
30	Iter0031	2	4	2	6	0	0	1.5	1.0	-0.00023733577	0
31	Iter0032	0	1	7	0	0	0	0.0625	0.12499999999999994	-1.077076756e-06	0
32	Iter0033	0	0	0	2	0	0	3.0	1.0	-0.0010810275	0
33	Iter0034	2	0	1	1	0	0	3.0	1.0	-9.86699e-07	0
34	Iter0035	0	0	2	5	0	0	2.0	1.0	-0.0004782112349999999	0
35	Iter0036	1	3	1	4	0	0	1.3333333333333333	1.0	-1.19102e-06	0
36	Iter0037	4	2	4	1	0	0	0.5	1.0	-0.000926077	0
37	Iter0038	1	0	4	6	0	0	2.8	0.4545454545454545	-5.03573e-05	0
38	Iter0039	2	1	7	0	0	0	0.1875	0.2999999999999995	-0.00035032243741999993	0
39	Iter0040	1	1	6	2	0	0	0.3333333333333333	1.0	-1.92314e-15	0
40	Iter0041	2	1	4	1	0	0	0.5	1.0	-0.000137876	0
41	Iter0042	4	2	5	2	0	0	0.8	1.0	-0.0007642696	0
42	Iter0043	0	1	7	4	0	0	0.3125	0.4166666666666672	-1.0331e-06	0
43	Iter0044	2	0	3	0	0	0	0.75	1.0	-1.0615567609770001e-05	0
44	Iter0045	2	2	4	1	0	0	0.25	0.5238095238095241	-0.00060769733	0
45	Iter0046	0	2	4	1	0	0	0.13333333333333333	0.14285714285714265	-0.0003443429	0
46	Iter0047	1	0	9	6	0	0	1.4	1.0	-7.70145e-07	0
47	Iter0048	4	3	2	3	0	0	2.0	1.0	-0.00046097134000000007	0
48	Iter0049	2	1	6	0	0	0	0.21428571428571427	0.33333333333333354	-0.000920659	0
49	Iter0050	1	2	3	0	0	0	0.16666666666666666	0.3999999999999997	-6.06485e-08	0
50	Iter0051	1	1	3	1	0	0	0.3333333333333333	1.0	0.0	0
51	Iter0052	2	2	1	1	0	0	1.0	1.0	-0.000663082	0
52	Iter0053	1	2	4	0	0	0	0.13333333333333333	0.1428571428571427	0.0	0
53	Iter0054	3	3	4	1	0	0	0.25	0.5454545454545454	-2.3475477212929002e-05	0
54	Iter0055	3	2	4	0	0	0	0.26666666666666666	0.4444444444444446	-0.00012639700000000002	0
55	Iter0056	4	1	4	1	0	0	1.0	1.0	-0.00028879217603	0
56	Iter0057	0	0	7	4	0	0	0.625	1.0	-3.03037e-05	0
57	Iter0058	0	0	7	1	0	0	0.25	1.0	-0.00050001186	0
58	Iter0059	0	0	4	2	0	0	0.6	1.0	-4.1797121499999995e-05	0
59	Iter0060	1	1	4	1	0	0	0.25	1.0	-0.00095392655	0
60	Iter0061	3	0	3	0	0	0	1.0	1.0	-0.000709432	0
61	Iter0062	0	2	3	2	0	0	0.25	0.42857142857142816	-0.0006713977241	0
62	Iter0063	1	0	5	1	0	0	0.6666666666666666	1.0	-0.00018517740000000002	0
63	Iter0064	7	2	4	1	0	0	0.875	1.0	-7.239072224000001e-05	0
64	Iter0065	0	1	5	2	0	0	0.25	0.375	-0.00046169099999999997	0
65	Iter0066	3	4	1	2	0	0	1.5	1.0	-1.12014e-08	0
66	Iter0067	4	3	6	3	0	0	0.6666666666666666	1.0	-6.50420244466e-05	0
67	Iter0068	2	2	4	4	0	0	1.0	1.0	-0.0011795785241189	0
68	Iter0069	1	0	3	2	0	0	1.5	1.0	0.0	0
69	Iter0070	2	1	5	3	0	0	1.2	1.0	-0.000487709466	0
70	Iter0071	2	2	2	2	0	0	1.0	1.0	-0.0003368383877	0
71	Iter0072	7	4	3	5	0	0	2.916666666666667	0.3698499642772106	-1.3721687000000002e-05	0
72	Iter0073	2	2	2	4	0	0	2.0	1.0	-0.0007315781606799999	0
73	Iter0074	2	2	2	1	0	0	0.5	1.0	-0.00047283320000000005	0
74	Iter0075	1	1	5	3	0	0	0.6	1.0	-0.0006980940078999999	0
75	Iter0076	0	0	1	2	0	0	1.5	1.0	-0.0005614130000000001	0
76	Iter0077	1	2	5	2	0	0	0.2	0.4999999999999996	-0.00010344600000000001	0
77	Iter0078	4	1	6	0	0	0	0.35714285714285715	0.4545454545454541	-3.21513626e-05	0
78	Iter0079	0	1	3	2	0	0	0.375	1.0	-5.483966885e-07	0
79	Iter0080	3	0	2	1	0	0	2.6666666666666665	1.0	-4.9295347000000004e-05	0
80	Iter0081	3	0	1	1	0	0	4.0	0.4000000000000002	-2.71670182646e-05	0
81	Iter0082	0	1	3	3	0	0	0.5	1.0	-1.6182883669000002e-05	0
82	Iter0083	4	1	4	6	0	0	6.0	0.2820512820512825	-0.0008034148	0
83	Iter0084	1	1	2	0	0	0	0.3333333333333333	1.0	-9.28991e-05	0
84	Iter0085	0	1	4	2	0	0	0.3	0.4285714285714285	-1.50669e-08	0
85	Iter0086	1	1	0	1	0	0	2.0	1.0	0.0	0
86	Iter0087	2	0	6	2	0	0	1.2857142857142856	1.0	-0.0009847942	0
87	Iter0088	0	1	6	1	0	0	0.14285714285714285	0.24999999999999994	-1.81572e-09	0
88	Iter0089	3	3	4	0	0	0	0.2	0.20000000000000007	-0.0025861162443	0
89	Iter0090	3	2	3	2	0	0	1.0	1.0	-0.000113157932	0
90	Iter0091	0	0	5	1	0	0	0.3333333333333333	1.0	-0.00076826122037	0
91	Iter0092	2	2	3	5	0	0	1.6666666666666667	1.0	-0.0003528222600000001	0
92	Iter0093	2	1	6	2	0	0	0.6666666666666666	1.0	-0.000237719383	0
93	Iter0094	1	0	4	1	0	0	0.8	1.0	-8.36442e-05	0
94	Iter0095	4	2	3	3	0	0	2.0	1.0	-0.0008452872000000001	0
95	Iter0096	2	0	3	2	0	0	2.25	1.0	0.0	0
96	Iter0097	2	1	3	3	0	0	2.0	1.0	-0.0003469184468	0
97	Iter0098	2	2	3	0	0	0	0.25	0.42857142857142816	-3.444367e-05	0
98	Iter0099	0	1	5	4	0	0	0.4166666666666667	1.0	-2.5963014139999997e-07	0
99	Iter0100	3	2	2	3	0	0	2.25	1.0	-0.000115387	0
100	Iter0101	1	2	5	1	0	0	0.1	0.22619047619047605	-3.0403300000000003e-07	0
101	Iter0102	2	2	4	2	0	0	0.5	1.0	0.0	0
102	Iter0103	2	1	5	1	0	0	0.4	1.0	-0.00033563212999999996	0
103	Iter0104	0	1	9	0	0	0	0.05	0.0999999999999999	-0.00016523900000000002	0
104	Iter0105	1	2	4	0	0	0	0.13333333333333333	0.1428571428571427	-0.0016364310999999999	0
105	Iter0106	3	1	3	1	0	0	1.0	1.0	-0.00046674478399999996	0
106	Iter0107	0	2	2	3	0	0	0.4444444444444444	1.0	0.0	0
107	Iter0108	0	1	2	2	0	0	0.5	1.0	-8.07116e-08	0
108	Iter0109	0	1	3	1	0	0	0.25	0.4000000000000002	-0.0005391176021183001	0
109	Iter0110	1	2	2	3	0	0	0.75	1.0	-0.0005149185	0
110	Iter0111	2	2	5	0	0	0	0.16666666666666666	0.16666666666666705	-4.905637200000001e-05	0
111	Iter0112	0	0	3	1	0	0	0.5	1.0	-0.00049649152	0
112	Iter0113	0	0	3	0	0	0	0.25	1.0	-5.390132068000001e-06	0
113	Iter0114	3	0	3	1	0	0	2.0	1.0	-0.0013106253825100002	0
114	Iter0115	0	0	5	1	0	0	0.3333333333333333	1.0	-0.0007829583000000002	0
115	Iter0116	1	1	4	2	0	0	0.5	1.0	-0.000931044629	0
116	Iter0117	1	3	4	0	0	0	0.1	0.14285714285714268	-0.0001370937551	0
117	Iter0118	1	1	3	2	0	0	0.6666666666666666	1.0	-8.358718000000001e-05	0
118	Iter0119	2	2	3	1	0	0	0.3333333333333333	1.0	-1.2544409999999997e-05	0
119	Iter0120	4	5	3	3	0	0	0.8	1.0	-0.0005585351999999999	0
120	Iter0121	2	0	3	0	0	0	0.75	1.0	-0.0005749333100000001	0
121	Iter0122	0	2	2	2	0	0	0.3333333333333333	0.4666666666666664	-0.0005048426759	0
122	Iter0123	1	4	3	1	0	0	0.08333333333333333	0.20634920634920634	-3.8482863e-05	0
123	Iter0124	0	3	6	0	0	0	0.03571428571428571	0.011904761904761908	-1.8445e-05	0
124	Iter0125	0	0	1	3	0	0	2.0	1.0	0.0	0
125	Iter0126	0	2	4	4	0	0	0.3333333333333333	0.46666666666666706	-0.0002715669	0
126	Iter0127	1	0	9	5	0	0	1.2	1.0	-0.000783744	0
127	Iter0128	1	3	6	2	0	0	0.1111111111111111	0.2222222222222228	-0.0006383869999999999	0
128	Iter0129	1	1	7	0	0	0	0.125	0.2222222222222225	-1.89236e-06	0
129	Iter0130	0	2	4	2	0	0	0.2	0.4285714285714285	-0.000934627	0
130	Iter0131	0	1	2	3	0	0	0.6666666666666666	1.0	0.0	0
131	Iter0132	3	4	7	3	0	0	0.3214285714285714	0.34995886466474685	-1.95454e-05	0
132	Iter0133	4	2	2	1	0	0	1.0	1.0	-0.00036369910099999996	0
133	Iter0134	3	2	6	1	0	0	0.25	0.5227272727272729	-2.78937e-06	0
134	Iter0135	3	1	4	2	0	0	1.5	1.0	-0.00155145235	0
135	Iter0136	2	1	3	5	0	0	3.333333333333333	0.5454545454545451	-0.0009681820600000001	0
136	Iter0137	5	1	2	1	0	0	2.5	1.0	-1.6898599999999998e-05	0
137	Iter0138	2	1	7	0	0	0	0.1875	0.2999999999999995	-6.668180000000001e-05	0
138	Iter0139	1	1	4	4	0	0	1.0	1.0	-3.68638e-07	0
139	Iter0140	0	0	1	1	0	0	1.0	1.0	-4.78809e-05	0
140	Iter0141	2	3	5	0	0	0	0.125	0.16666666666666646	-5.3559962000000015e-06	0
141	Iter0142	1	1	2	1	0	0	0.5	1.0	0.0	0
142	Iter0143	3	1	5	0	0	0	0.3333333333333333	0.444444444444445	-7.13555e-05	0
143	Iter0144	3	0	1	1	0	0	4.0	0.4000000000000002	-0.0012268350198829	0
144	Iter0145	0	0	2	0	0	0	0.3333333333333333	1.0	-0.00048516039999999997	0
145	Iter0146	3	0	5	1	0	0	1.3333333333333333	1.0	-0.0002948272	0
146	Iter0147	1	1	4	1	0	0	0.25	1.0	-0.0019928959136654	0
147	Iter0148	2	1	6	5	0	0	1.6666666666666667	1.0	-0.0009016146019999999	0
148	Iter0149	2	3	3	3	0	0	0.6666666666666666	1.0	-0.000133316424	0
149	Iter0150	1	4	3	0	0	0	0.1	0.14285714285714265	-0.0004062663	0
150	Iter0151	4	2	3	2	0	0	1.3333333333333333	1.0	-0.0007277456141499999	0
151	Iter0152	3	3	4	4	0	0	1.0	1.0	-0.00030131314808	0
152	Iter0153	0	0	2	1	0	0	0.6666666666666666	1.0	-0.00098196138	0
153	Iter0154	4	3	5	4	0	0	1.0666666666666669	1.0	-1.0971870000000001e-07	0
154	Iter0155	1	1	5	2	0	0	0.4	1.0	0.0	0
155	Iter0156	2	2	3	0	0	0	0.25	0.42857142857142816	-0.00014335238843828001	0
156	Iter0157	1	2	2	2	0	0	0.5	1.0	-0.00016263083694	0
157	Iter0158	1	4	7	4	0	0	0.14285714285714285	0.28205128205128155	0.0	0
158	Iter0159	1	0	5	2	0	0	1.0	1.0	-0.0004071072231	0
159	Iter0160	0	0	2	1	0	0	0.6666666666666666	1.0	-0.0002383998336	0
160	Iter0161	3	0	1	2	0	0	6.0	0.3999999999999997	-3.6795157288540004e-05	0
161	Iter0162	1	1	1	0	0	0	0.5	1.0	-0.000822272	0
162	Iter0163	6	1	5	1	0	0	1.2	1.0	-0.00038291660005039866	0
163	Iter0164	1	2	7	1	0	0	0.07142857142857142	0.15151515151515138	-0.000131954949	0
164	Iter0165	1	2	4	2	0	0	0.25	0.5238095238095238	-0.00040179695	0
165	Iter0166	1	1	2	0	0	0	0.3333333333333333	1.0	-1.7869100000000004e-09	0
166	Iter0167	1	2	1	0	0	0	0.3333333333333333	1.0	-2.503886898e-06	0
167	Iter0168	0	2	1	0	0	0	0.16666666666666666	0.33333333333333337	0.0	0
168	Iter0169	2	0	1	3	0	0	6.0	0.4	-4.14403e-05	0
169	Iter0170	0	3	4	4	0	0	0.25	0.23636363636363655	0.0	0
170	Iter0171	3	3	3	3	0	0	1.0	1.0	-8.09502e-07	0
171	Iter0172	3	2	3	2	0	0	1.0	1.0	-0.00011344484088	0
172	Iter0173	1	1	5	2	0	0	0.4	1.0	-5.655558600000001e-05	0
173	Iter0174	1	2	3	2	0	0	0.3333333333333333	1.0	0.0	0
174	Iter0175	0	1	2	1	0	0	0.3333333333333333	1.0	-0.0010092236700000002	0
175	Iter0176	1	3	6	1	0	0	0.05555555555555555	0.08787878787878785	-0.00012447040000001074	0
176	Iter0177	0	0	9	1	0	0	0.2	1.0	-1.26962e-05	0
177	Iter0178	3	0	3	0	0	0	1.0	1.0	-9.362773932e-05	0
178	Iter0179	4	1	4	1	0	0	1.0	1.0	-5.1478533430000005e-05	0
179	Iter0180	2	2	5	2	0	0	0.4	0.5757575757575751	-0.00011467700526481781	0
180	Iter0181	2	1	0	3	0	0	6.0	0.3999999999999997	-0.00168442350427	0
181	Iter0182	0	0	5	3	0	0	0.6666666666666666	1.0	0.0	0
182	Iter0183	0	1	2	4	0	0	0.8333333333333334	1.0	-4.1121637000000004e-05	0
183	Iter0184	2	4	1	0	0	0	0.3	0.4285714285714287	-0.0004916451300000001	0
184	Iter0185	5	1	3	3	0	0	5.0	0.5454545454545476	-0.000266062729	0
185	Iter0186	1	0	3	4	0	0	2.5	1.0	-0.002628628559	0
186	Iter0187	0	1	2	4	0	0	0.8333333333333334	1.0	-0.00017300290000000002	0
187	Iter0188	2	1	2	4	0	0	4.0	0.5238095238095242	-0.000270521874034	0
188	Iter0189	0	0	5	3	0	0	0.6666666666666666	1.0	-4.7600407400000005e-05	0
189	Iter0190	2	3	3	3	0	0	0.6666666666666666	1.0	-0.0008342087	0
190	Iter0191	1	2	2	2	0	0	0.5	1.0	-0.000237849180616	0
191	Iter0192	0	4	3	1	0	0	0.1	0.14285714285714274	0.0	0
192	Iter0193	2	0	2	3	0	0	4.0	0.428571428571428	-0.0002412367473	0
193	Iter0194	2	1	3	1	0	0	0.6666666666666666	1.0	-0.000826728114	0
194	Iter0195	0	2	2	1	0	0	0.2222222222222222	0.4000000000000001	-5.966990000000002e-06	0
195	Iter0196	1	0	2	1	0	0	1.3333333333333333	1.0	-0.001273085765	0
196	Iter0197	1	0	4	3	0	0	1.6	1.0	0.0	0
197	Iter0198	3	0	1	1	0	0	4.0	0.4000000000000002	-0.00090973964144	0
198	Iter0199	1	1	8	1	0	0	0.125	0.3454545454545447	-5.0893e-05	0
199	Iter0200	0	0	3	4	0	0	1.25	1.0	-5.694747888400002e-06	0
200	Iter0201	3	2	1	5	0	0	7.5	0.2424242424242425	-1.087082e-08	0
201	Iter0202	1	2	1	0	0	0	0.3333333333333333	1.0	-0.00028586879308879006	0
202	Iter0203	3	1	2	1	0	0	1.5	1.0	-0.00018710772999999998	0
203	Iter0204	1	1	2	2	0	0	1.0	1.0	-1.76051e-07	0
204	Iter0205	1	5	3	3	0	0	0.2	0.5454545454545479	-0.00020307174	0
205	Iter0206	0	2	4	0	0	0	0.06666666666666668	0.06666666666666668	-0.0011967180389	0
206	Iter0207	0	2	2	3	0	0	0.4444444444444444	1.0	-1.0763699999999997e-05	0
207	Iter0208	1	3	4	2	0	0	0.16666666666666666	0.5238095238095236	-0.000904857928	0
208	Iter0209	0	0	4	1	0	0	0.4	1.0	-0.0001473293	0
209	Iter0210	5	4	3	2	0	0	0.8333333333333334	1.0	-0.00027824025450000003	0
210	Iter0211	2	0	4	2	0	0	1.7999999999999998	1.0	-0.000624589507547	0
211	Iter0212	0	2	3	3	0	0	0.3333333333333333	0.4642857142857145	-3.0526953310000004e-05	0
212	Iter0213	2	1	3	2	0	0	1.3333333333333333	1.0	-0.00072544135	0
213	Iter0214	3	1	4	2	0	0	1.5	1.0	-0.0002219370100251077	0
214	Iter0215	5	3	1	5	0	0	8.333333333333334	0.1375291375291378	-0.00072508634	0
215	Iter0216	1	0	3	3	0	0	2.0	1.0	-0.0002941583298	0
216	Iter0217	1	0	2	2	0	0	2.0	1.0	-1.95598e-07	0
217	Iter0218	2	1	1	3	0	0	6.0	0.4857142857142854	-4.42735e-06	0
218	Iter0219	1	6	2	0	0	0	0.09523809523809523	0.0833333333333334	-1.9893777999999995e-06	0
219	Iter0220	0	0	3	4	0	0	1.25	1.0	-7.55652e-06	0
220	Iter0221	2	1	2	2	0	0	2.0	1.0	-4.07329000381052e-06	0
221	Iter0222	1	2	4	1	0	0	0.125	0.4642857142857137	-2.0361e-11	0
222	Iter0223	3	0	3	2	0	0	3.0	0.4642857142857138	-0.00045292199999999997	0
223	Iter0224	0	3	7	3	0	0	0.125	0.06993006993007027	-7.762004e-05	0
224	Iter0225	0	1	5	1	0	0	0.16666666666666666	0.2857142857142857	-0.000398434211	0
225	Iter0226	0	1	3	3	0	0	0.5	1.0	0.0	0
226	Iter0227	1	5	3	1	0	0	0.06666666666666668	0.19047619047619066	-0.00017489186726	0
227	Iter0228	1	2	2	0	0	0	0.2222222222222222	0.4000000000000001	-0.00041543418	0
228	Iter0229	3	2	0	1	0	0	2.6666666666666665	1.0	-5.179732e-06	0
229	Iter0230	0	0	4	4	0	0	1.0	1.0	-0.000606956098	0
230	Iter0231	2	0	5	0	0	0	0.5	1.0	-9.32274e-08	0
231	Iter0232	1	0	4	0	0	0	0.4	1.0	-5.8882700000000005e-06	0
232	Iter0233	1	2	2	1	0	0	0.25	1.0	-0.00035568089999999996	0
233	Iter0234	1	4	2	1	0	0	0.125	0.4642857142857136	-0.0001070550000687913	0
234	Iter0235	0	0	3	4	0	0	1.25	1.0	-0.0002770169531	0
235	Iter0236	0	2	3	1	0	0	0.16666666666666666	0.4	0.0	0
236	Iter0237	0	1	8	1	0	0	0.1111111111111111	0.1999999999999998	-9.471107999999999e-08	0
237	Iter0238	0	2	5	0	0	0	0.05555555555555555	0.0476190476190476	0.0	0
238	Iter0239	0	0	3	1	0	0	0.5	1.0	-0.000955254751	0
239	Iter0240	1	2	4	2	0	0	0.25	0.5238095238095238	-6.489178000000001e-06	0
240	Iter0241	6	2	3	1	0	0	1.0	1.0	-0.0005278930000050225	0
241	Iter0242	0	4	1	1	0	0	0.2	0.3333333333333332	-1.84457e-05	0
242	Iter0243	0	1	2	2	0	0	0.5	1.0	-0.00046982493999999996	0
243	Iter0244	1	1	5	1	0	0	0.2	0.464285714285714	-0.00034448569100000006	0
244	Iter0245	1	3	3	4	0	0	0.4444444444444444	1.0	-0.00112707309056836	0
245	Iter0246	3	0	5	0	0	0	0.6666666666666666	1.0	-9.1445e-07	0
246	Iter0247	0	0	7	2	0	0	0.375	1.0	-7.814925e-05	0
247	Iter0248	0	0	6	1	0	0	0.2857142857142857	1.0	-0.000618130772516	0
248	Iter0249	3	2	4	2	0	0	0.75	1.0	-0.0003177251865	0
249	Iter0250	0	0	3	1	0	0	0.5	1.0	0.0	0
250	Iter0251	1	0	1	0	0	0	1.0	1.0	-0.000157817	0
251	Iter0252	0	0	4	0	0	0	0.2	1.0	-0.0005714588885000001	0
252	Iter0253	3	1	4	7	0	0	5.25	0.2820512820512819	-0.0002555789	0
253	Iter0254	0	0	2	1	0	0	0.6666666666666666	1.0	0.0	0
254	Iter0255	4	3	8	6	0	0	1.0	1.0	-0.0007483791000000001	0
255	Iter0256	1	3	3	1	0	0	0.1111111111111111	0.4857142857142854	0.0	0
256	Iter0257	0	1	2	1	0	0	0.3333333333333333	1.0	-3.18341e-05	0
257	Iter0258	1	2	6	3	0	0	0.25	0.5227272727272733	-3.49e-07	0
258	Iter0259	3	3	2	0	0	0	0.3333333333333333	0.4642857142857143	-8.956019548999999e-05	0
259	Iter0260	1	0	1	4	0	0	5.0	0.3333333333333331	-4.158426000000001e-05	0
260	Iter0261	1	1	4	1	0	0	0.25	1.0	-0.000885407765	0
261	Iter0262	2	0	5	0	0	0	0.5	1.0	-0.00102583176	0
262	Iter0263	0	1	5	2	0	0	0.25	0.375	-1.33281e-07	0
263	Iter0264	0	0	4	0	0	0	0.2	1.0	-5.89181e-05	0
264	Iter0265	0	2	6	3	0	0	0.19047619047619047	0.1818181818181815	-3.046073e-06	0
265	Iter0266	2	0	1	1	0	0	3.0	1.0	-1.746661e-08	0
266	Iter0267	3	1	5	0	0	0	0.3333333333333333	0.444444444444445	-7.3703585900000005e-06	0
267	Iter0268	0	0	4	0	0	0	0.2	1.0	-0.00085346757	0
268	Iter0269	1	2	1	1	0	0	0.5	1.0	0.0	0
269	Iter0270	2	2	6	1	0	0	0.16666666666666666	0.4909090909090907	-3.4162630999999995e-05	0
270	Iter0271	1	1	1	2	0	0	2.0	1.0	-0.000168895642	0
271	Iter0272	0	3	1	2	0	0	0.375	1.0	-0.000347476	0
272	Iter0273	1	0	1	2	0	0	3.0	1.0	-0.001098322556	0
273	Iter0274	3	2	6	2	0	0	0.5	1.0	-0.00033146900000000003	0
274	Iter0275	1	1	4	2	0	0	0.5	1.0	-0.000744165588	0
275	Iter0276	2	2	10	1	0	0	0.1	0.15384615384615288	-0.0002763908	0
276	Iter0277	1	1	3	3	0	0	1.0	1.0	-2.81031e-07	0
277	Iter0278	0	0	6	5	0	0	0.8571428571428571	1.0	-0.0006092524595500001	0
278	Iter0279	0	1	2	2	0	0	0.5	1.0	-4.31547e-09	0
279	Iter0280	3	1	1	1	0	0	3.0	1.0	-7.212325999999999e-05	0
280	Iter0281	0	0	5	2	0	0	0.5	1.0	-5.4525e-08	0
281	Iter0282	2	1	3	4	0	0	2.6666666666666665	1.0	-8.806686699999998e-07	0
282	Iter0283	0	1	3	0	0	0	0.125	0.24999999999999994	-0.00055164149	0
283	Iter0284	0	0	4	1	0	0	0.4	1.0	0.0	0
284	Iter0285	4	0	6	1	0	0	1.4285714285714286	1.0	-0.000314435005697468	0
285	Iter0286	0	2	6	2	0	0	0.14285714285714285	0.13333333333333328	0.0	0
286	Iter0287	3	0	1	3	0	0	8.0	0.14285714285714274	-0.00043047858768	0
287	Iter0288	4	4	2	1	0	0	0.5	1.0	-0.00019804724	0
288	Iter0289	3	2	7	4	0	0	0.8571428571428571	1.0	-0.000425306759217964	0
289	Iter0290	1	3	6	1	0	0	0.05555555555555555	0.08787878787878785	-3.6088227e-05	0
290	Iter0291	0	0	3	0	0	0	0.25	1.0	-9.08175e-12	0
291	Iter0292	0	3	8	3	0	0	0.1111111111111111	0.05494505494505482	-0.000200488960898	0
292	Iter0293	4	4	8	3	0	0	0.375	0.3765182186234817	-0.000922686744	0
293	Iter0294	2	2	5	2	0	0	0.4	0.5757575757575751	0.0	0
294	Iter0295	0	4	6	1	0	0	0.05714285714285715	0.015151515151515155	-0.00017840389043000002	0
295	Iter0296	2	1	4	1	0	0	0.5	1.0	0.0	0
296	Iter0297	4	3	7	1	0	0	0.19047619047619047	0.2820512820512816	-3.1778347400000005e-06	0
297	Iter0298	0	1	5	1	0	0	0.16666666666666666	0.2857142857142857	-0.00043305267726	0
298	Iter0299	0	0	2	2	0	0	1.0	1.0	-0.0001021851	0
299	Iter0300	2	4	2	2	0	0	0.5	1.0	-0.000923299172	0
300	Iter0301	0	0	3	4	0	0	1.25	1.0	-0.0012094859	0
301	Iter0302	5	4	7	3	0	0	0.5357142857142857	0.6499166468206706	-0.00341288034	0
302	Iter0303	4	1	1	2	0	0	8.0	0.4642857142857137	-2.542066e-05	0
303	Iter0304	0	1	1	2	0	0	0.75	1.0	-9.65101e-05	0
304	Iter0305	4	2	2	1	0	0	1.0	1.0	-0.001205594	0
305	Iter0306	0	1	3	0	0	0	0.125	0.24999999999999994	-0.0001095560249	0
306	Iter0307	4	1	4	4	0	0	4.0	0.5648795648795653	-4.7374299721299995e-05	0
307	Iter0308	1	0	5	2	0	0	1.0	1.0	-4.08482e-05	0
308	Iter0309	2	1	1	0	0	0	0.75	1.0	-0.00032053936	0
309	Iter0310	1	2	3	2	0	0	0.3333333333333333	1.0	-0.000176078917	0
310	Iter0311	0	1	0	0	0	0	0.5	1.0	-3.216141e-07	0
311	Iter0312	0	1	2	3	0	0	0.6666666666666666	1.0	0.0	0
312	Iter0313	2	1	5	2	0	0	0.8	1.0	-9.37752268e-05	0
313	Iter0314	3	1	1	2	0	0	6.0	0.4857142857142852	-0.00101740787	0
314	Iter0315	0	0	2	1	0	0	0.6666666666666666	1.0	-3.1800689999999996e-06	0
315	Iter0316	2	2	1	0	0	0	0.5	1.0	-7.528185000000001e-06	0
316	Iter0317	1	3	4	2	0	0	0.16666666666666666	0.5238095238095236	-3.17360545e-05	0
317	Iter0318	1	0	6	6	0	0	2.0	1.0	0.0	0
318	Iter0319	2	1	4	2	0	0	1.0	1.0	-0.00074526	0
319	Iter0320	4	3	4	1	0	0	0.3333333333333333	0.5757575757575769	-0.00010615111036347999	0
320	Iter0321	3	0	3	0	0	0	1.0	1.0	-0.00023228316547	0
321	Iter0322	2	0	2	0	0	0	1.0	1.0	-0.0004253328425	0
322	Iter0323	0	0	1	2	0	0	1.5	1.0	-0.000595022	0
323	Iter0324	2	2	2	1	0	0	0.5	1.0	-1.06668e-06	0
324	Iter0325	2	1	5	1	0	0	0.4	1.0	-3.601442e-05	0
325	Iter0326	0	1	4	2	0	0	0.3	0.4285714285714285	-7.00734e-05	0
326	Iter0327	1	0	3	2	0	0	1.5	1.0	-0.0001699876	0
327	Iter0328	0	0	9	1	0	0	0.2	1.0	-2.92363e-05	0
328	Iter0329	1	3	1	1	0	0	0.3333333333333333	1.0	-2.14696e-12	0
329	Iter0330	1	2	3	2	0	0	0.3333333333333333	1.0	-0.0001504123	0
330	Iter0331	1	0	1	1	0	0	2.0	1.0	-8.0740695e-05	0
331	Iter0332	1	0	3	4	0	0	2.5	1.0	-0.0005814872810000001	0
332	Iter0333	1	0	5	1	0	0	0.6666666666666666	1.0	-0.0002117840000828511	0
333	Iter0334	2	2	3	3	0	0	1.0	1.0	-5.460100000523395e-06	0
334	Iter0335	3	1	5	1	0	0	0.6	1.0	-0.00111902773	0
335	Iter0336	0	2	4	1	0	0	0.13333333333333333	0.14285714285714265	-0.00012701486296	0
336	Iter0337	0	0	5	0	0	0	0.16666666666666666	1.0	-0.0016681416000151582	0
337	Iter0338	1	1	9	2	0	0	0.2222222222222222	0.42307692307692496	-1.1952e-05	0
338	Iter0339	2	1	1	0	0	0	0.75	1.0	-0.00047854374280300005	0
339	Iter0340	2	1	3	3	0	0	2.0	1.0	-7.8786e-06	0
340	Iter0341	0	1	1	1	0	0	0.5	1.0	-1.8722508868000002e-05	0
341	Iter0342	2	4	7	1	0	0	0.07142857142857142	0.09090909090909076	0.0	0
342	Iter0343	1	1	4	1	0	0	0.25	1.0	-0.00014476194000000002	0
343	Iter0344	0	0	7	1	0	0	0.25	1.0	-2.7795182230000003e-07	0
344	Iter0345	2	2	4	1	0	0	0.25	0.5238095238095241	-0.0004167811	0
345	Iter0346	0	0	2	4	0	0	1.6666666666666667	1.0	-0.00022211510620000002	0
346	Iter0347	0	0	3	3	0	0	1.0	1.0	-4.79932e-07	0
347	Iter0348	3	1	4	2	0	0	1.5	1.0	-8.362576e-05	0
348	Iter0349	1	3	6	4	0	0	0.2222222222222222	0.5594405594405611	-7.05202e-07	0
349	Iter0350	0	2	6	3	0	0	0.19047619047619047	0.1818181818181815	-3.0661200000000007e-06	0
350	Iter0351	0	0	2	4	0	0	1.6666666666666667	1.0	-1.56629e-05	0
351	Iter0352	1	1	5	1	0	0	0.2	0.464285714285714	0.0	0
352	Iter0353	1	2	4	0	0	0	0.13333333333333333	0.1428571428571427	-0.000193990803	0
353	Iter0354	1	1	7	3	0	0	0.42857142857142855	1.0	-4.147338000000129e-05	0
354	Iter0355	1	2	1	0	0	0	0.3333333333333333	1.0	0.0	0
355	Iter0356	3	2	4	2	0	0	0.75	1.0	-0.000171748868	0
356	Iter0357	2	2	8	1	0	0	0.125	0.2027972027972029	-1.909686e-05	0
357	Iter0358	1	1	0	1	0	0	2.0	1.0	0.0	0
358	Iter0359	1	1	2	1	0	0	0.5	1.0	-0.00019764581	0
359	Iter0360	1	2	9	1	0	0	0.05555555555555555	0.10839160839160847	-1.410445904e-05	0
360	Iter0361	3	5	6	2	0	0	0.2	0.3146853146853145	-0.0005749299	0
361	Iter0362	2	0	6	0	0	0	0.42857142857142855	1.0	-1.096649e-05	0
362	Iter0363	0	2	2	3	0	0	0.4444444444444444	1.0	-3.82976e-05	0
363	Iter0364	0	0	3	0	0	0	0.25	1.0	-7.96771e-05	0
364	Iter0365	1	1	2	1	0	0	0.5	1.0	-0.00020135557899999998	0
365	Iter0366	2	4	3	3	0	0	0.5	1.0	-0.0002995930188	0
366	Iter0367	3	1	4	2	0	0	1.5	1.0	-0.000723835	0
367	Iter0368	0	4	3	3	0	0	0.2	0.20000000000000012	-3.3513600000000004e-05	0
368	Iter0369	4	2	2	2	0	0	2.0	1.0	-0.0001554015158104	0
369	Iter0370	1	0	3	0	0	0	0.5	1.0	-0.0008739109000000001	0
370	Iter0371	2	4	3	3	0	0	0.5	1.0	-0.0016101050000000001	0
371	Iter0372	1	0	5	2	0	0	1.0	1.0	-0.00071530483	0
372	Iter0373	0	0	5	2	0	0	0.5	1.0	-0.000152312286354	0
373	Iter0374	2	6	3	2	0	0	0.2222222222222222	0.2929292929292936	-4.7280907817290004e-05	0
374	Iter0375	0	2	3	2	0	0	0.25	0.42857142857142816	-3.14071e-05	0
375	Iter0376	0	5	4	4	0	0	0.16666666666666666	0.10489510489510534	-0.0015204154999999997	0
376	Iter0377	1	1	2	0	0	0	0.3333333333333333	1.0	-0.00044667510399999997	0
377	Iter0378	1	4	5	3	0	0	0.15	0.26573426573426623	-0.00012021880065499999	0
378	Iter0379	2	0	7	2	0	0	1.125	1.0	-9.73168e-06	0
379	Iter0380	1	0	4	1	0	0	0.8	1.0	-0.0001510957703	0
380	Iter0381	4	2	4	0	0	0	0.33333333333333337	0.4666666666666668	-0.00010521661030000001	0
381	Iter0382	0	2	1	1	0	0	0.3333333333333333	1.0	-4.95401e-08	0
382	Iter0383	1	3	2	1	0	0	0.16666666666666666	0.4857142857142854	-5.9244471999999995e-05	0
383	Iter0384	0	1	1	1	0	0	0.5	1.0	-1.06831e-06	0
384	Iter0385	0	1	3	1	0	0	0.25	0.4000000000000002	0.0	0
385	Iter0386	0	1	4	2	0	0	0.3	0.4285714285714285	-0.00014460799999999998	0
386	Iter0387	2	1	2	2	0	0	2.0	1.0	-0.0006384756	0
387	Iter0388	1	1	2	2	0	0	1.0	1.0	-0.000806392	0
388	Iter0389	3	4	3	4	0	0	1.0	1.0	-0.00042814458099999994	0
389	Iter0390	3	3	3	3	0	0	1.0	1.0	-0.00020159314899999997	0
390	Iter0391	0	0	3	2	0	0	0.75	1.0	-0.0006325251	0
391	Iter0392	3	1	4	2	0	0	1.5	1.0	-1.0462603556000001e-06	0
392	Iter0393	0	0	2	1	0	0	0.6666666666666666	1.0	-1.02792e-11	0
393	Iter0394	2	1	3	2	0	0	1.3333333333333333	1.0	-7.031390000000001e-06	0
394	Iter0395	3	0	2	3	0	0	5.333333333333333	0.19642857142857106	-9.759231e-05	0
395	Iter0396	2	3	4	1	0	0	0.16666666666666666	0.5238095238095237	-0.00021809651	0
396	Iter0397	5	1	1	1	0	0	5.0	0.464285714285714	-7.7243201e-05	0
397	Iter0398	3	1	2	2	0	0	3.0	1.0	-8.010864888000001e-05	0
398	Iter0399	0	1	4	1	0	0	0.2	0.3333333333333331	-8.533530437852e-06	0
399	Iter0400	3	1	3	1	0	0	1.0	1.0	-0.0005024049453000001	0
400	Iter0401	2	2	6	6	0	0	1.0	1.0	-7.33490091e-05	0
401	Iter0402	2	1	4	3	0	0	1.5	1.0	-0.0001238147049	0
402	Iter0403	1	1	6	1	0	0	0.16666666666666666	0.4166666666666671	-0.0002089185	0
403	Iter0404	2	2	4	2	0	0	0.5	1.0	-0.00031969637	0
404	Iter0405	2	1	2	1	0	0	1.0	1.0	-0.00010822091769	0
405	Iter0406	1	2	5	1	0	0	0.1	0.22619047619047605	-0.0009513718325	0
406	Iter0407	2	1	5	2	0	0	0.8	1.0	-6.521691808309e-05	0
407	Iter0408	0	1	4	1	0	0	0.2	0.3333333333333331	0.0	0
408	Iter0409	2	2	5	0	0	0	0.16666666666666666	0.16666666666666705	-0.0012436992269000001	0
409	Iter0410	1	1	1	4	0	0	4.0	1.0	-0.0010421298	0
410	Iter0411	2	2	1	1	0	0	1.0	1.0	-1.635724e-05	0
411	Iter0412	2	2	3	3	0	0	1.0	1.0	-1.0633220999999996e-05	0
412	Iter0413	2	2	1	2	0	0	2.0	1.0	-0.0007375884115999999	0
413	Iter0414	0	2	2	2	0	0	0.3333333333333333	0.4666666666666664	-0.00017024058	0
414	Iter0415	0	1	3	3	0	0	0.5	1.0	-0.00115703632	0
415	Iter0416	1	0	4	0	0	0	0.4	1.0	-7.0320778e-05	0
416	Iter0417	2	0	6	4	0	0	2.142857142857143	0.5151515151515165	-7.021276670000001e-06	0
417	Iter0418	3	1	1	0	0	0	1.0	1.0	-0.00016794546084278499	0
418	Iter0419	0	2	3	1	0	0	0.16666666666666666	0.4	0.0	0
419	Iter0420	1	0	5	0	0	0	0.3333333333333333	1.0	0.0	0
420	Iter0421	2	2	4	1	0	0	0.25	0.5238095238095241	-2.31197e-06	0
421	Iter0422	1	0	3	3	0	0	2.0	1.0	-5.34329e-05	0
422	Iter0423	2	2	4	3	0	0	0.75	1.0	-2.168421e-05	0
423	Iter0424	2	1	3	3	0	0	2.0	1.0	-2.944687643e-06	0
424	Iter0425	2	2	6	3	0	0	0.5	1.0	-1.00216e-07	0
425	Iter0426	4	0	4	0	0	0	1.0	1.0	-0.000549842495694	0
426	Iter0427	4	2	2	1	0	0	1.0	1.0	-0.00017407799999999998	0
427	Iter0428	0	1	5	0	0	0	0.08333333333333333	0.1666666666666666	-1.27192e-05	0
428	Iter0429	0	2	4	2	0	0	0.2	0.4285714285714285	-0.00034150900000000004	0
429	Iter0430	0	0	5	3	0	0	0.6666666666666666	1.0	-2.5320601e-05	0
430	Iter0431	1	1	3	3	0	0	1.0	1.0	-2.36278e-07	0
431	Iter0432	0	0	4	4	0	0	1.0	1.0	-0.0004951003499	0
432	Iter0433	3	2	4	1	0	0	0.375	1.0	-0.0003596607	0
433	Iter0434	1	4	6	1	0	0	0.04166666666666666	0.07196969696969706	-0.0001650627819	0
434	Iter0435	1	1	1	0	0	0	0.5	1.0	-1.39522e-05	0
435	Iter0436	3	2	3	1	0	0	0.5	1.0	-0.00047618554	0
436	Iter0437	2	3	1	2	0	0	1.3333333333333333	1.0	-0.000114503826	0
437	Iter0438	2	2	3	2	0	0	0.6666666666666666	1.0	-0.000674472934	0
438	Iter0439	1	3	2	1	0	0	0.16666666666666666	0.4857142857142854	-9.630959100000001e-06	0
439	Iter0440	0	1	4	3	0	0	0.4	1.0	-0.0003363395	0
440	Iter0441	4	1	2	2	0	0	4.0	0.5238095238095241	-0.0006876418167313001	0
441	Iter0442	0	0	2	2	0	0	1.0	1.0	-0.00048815930000000005	0
442	Iter0443	0	0	3	3	0	0	1.0	1.0	-0.00023855783533	0
443	Iter0444	3	4	0	1	0	0	1.6	1.0	-0.00056719323	0
444	Iter0445	0	0	2	1	0	0	0.6666666666666666	1.0	-2.60118e-14	0
445	Iter0446	1	4	5	3	0	0	0.15	0.26573426573426623	-7.6087646418e-05	0
446	Iter0447	1	1	5	1	0	0	0.2	0.464285714285714	-3.6848600000000003e-07	0
447	Iter0448	2	1	0	0	0	0	1.5	1.0	-0.00026515362	0
448	Iter0449	0	0	5	3	0	0	0.6666666666666666	1.0	-7.214015599999998e-05	0
449	Iter0450	0	2	3	0	0	0	0.08333333333333333	0.10000000000000002	-2.47355e-05	0
450	Iter0451	1	3	5	4	0	0	0.26666666666666666	0.5594405594405606	-4.91465e-05	0
451	Iter0452	5	3	3	7	0	0	3.888888888888889	0.3415604003839314	-0.000582603	0
452	Iter0453	1	2	6	3	0	0	0.25	0.5227272727272733	-3.0161312480000007e-05	0
453	Iter0454	2	1	3	0	0	0	0.375	1.0	-0.00048754229240000014	0
454	Iter0455	2	2	6	0	0	0	0.14285714285714285	0.13333333333333328	-0.0006583470000000001	0
455	Iter0456	0	1	3	1	0	0	0.25	0.4000000000000002	-4.1091619999999996e-07	0
456	Iter0457	1	2	2	3	0	0	0.75	1.0	-0.0007963653700000001	0
457	Iter0458	3	2	4	5	0	0	1.875	1.0	-0.00012040300999999999	0
458	Iter0459	1	0	3	3	0	0	2.0	1.0	-1.02522e-06	0
459	Iter0460	2	2	3	1	0	0	0.3333333333333333	1.0	-3.0592e-05	0
460	Iter0461	5	1	0	4	0	0	15.0	0.0476190476190476	-0.001788175	0
461	Iter0462	0	1	5	5	0	0	0.5	1.0	0.0	0
462	Iter0463	0	0	4	4	0	0	1.0	1.0	0.0	0
463	Iter0464	1	1	1	1	0	0	1.0	1.0	-1.385785449e-06	0
464	Iter0465	2	2	1	0	0	0	0.5	1.0	-0.000304070889	0
465	Iter0466	2	0	0	0	0	0	3.0	1.0	-3.1837062831e-05	0
466	Iter0467	4	1	7	3	0	0	1.7142857142857142	1.0	-9.993876394999998e-05	0
467	Iter0468	1	2	6	2	0	0	0.16666666666666666	0.4909090909090907	-1.6960499748109997e-05	0
468	Iter0469	0	1	3	2	0	0	0.375	1.0	-0.00031420383390000004	0
469	Iter0470	2	3	6	1	0	0	0.1111111111111111	0.22222222222222265	-8.07905e-07	0
470	Iter0471	0	1	4	1	0	0	0.2	0.3333333333333331	-0.0015008309999999998	0
471	Iter0472	3	1	5	0	0	0	0.3333333333333333	0.444444444444445	-0.00025348931000000003	0
472	Iter0473	2	3	8	1	0	0	0.08333333333333333	0.09490509490509444	-0.00010161739582999999	0
473	Iter0474	1	0	2	1	0	0	1.3333333333333333	1.0	-0.00035862261985	0
474	Iter0475	2	2	5	2	0	0	0.4	0.5757575757575751	-8.51966e-06	0
475	Iter0476	1	1	3	0	0	0	0.25	0.4000000000000002	-0.000485497	0
476	Iter0477	2	2	3	0	0	0	0.25	0.42857142857142816	0.0	0
477	Iter0478	0	1	3	0	0	0	0.125	0.24999999999999994	-0.00021530891	0
478	Iter0479	2	1	5	5	0	0	2.0	1.0	-1.88645e-09	0
479	Iter0480	3	4	1	0	0	0	0.4	1.0	-0.000595246467	0
480	Iter0481	1	3	4	1	0	0	0.08333333333333333	0.20634920634920625	-0.000587071	0
481	Iter0482	3	1	1	1	0	0	3.0	1.0	-0.00069752874	0
482	Iter0483	1	0	2	3	0	0	2.6666666666666665	1.0	-6.19917728e-05	0
483	Iter0484	2	3	1	2	0	0	1.3333333333333333	1.0	-0.00105803372	0
484	Iter0485	0	6	3	0	0	0	0.03571428571428571	0.011904761904761908	-0.00025222499999999996	0
485	Iter0486	1	0	2	2	0	0	2.0	1.0	-0.0003572877	0
486	Iter0487	0	0	4	6	0	0	1.4	1.0	-7.36748e-07	0
487	Iter0488	5	3	3	2	0	0	1.1111111111111112	1.0	-1.16231379e-06	0
488	Iter0489	2	2	4	2	0	0	0.5	1.0	-1.20053e-08	0
489	Iter0490	2	2	4	4	0	0	1.0	1.0	-3.09647523e-05	0
490	Iter0491	0	0	6	1	0	0	0.2857142857142857	1.0	0.0	0
491	Iter0492	1	1	9	1	0	0	0.1111111111111111	0.3181818181818192	-0.00018862900000000005	0
492	Iter0493	1	3	2	1	0	0	0.16666666666666666	0.4857142857142854	-0.000663900665135759	0
493	Iter0494	3	3	2	3	0	0	1.5	1.0	-1.75773000699104e-06	0
494	Iter0495	0	2	1	1	0	0	0.3333333333333333	1.0	-0.00048233271999999997	0
495	Iter0496	2	3	2	0	0	0	0.25	0.428571428571428	-6.644707e-05	0
496	Iter0497	1	1	2	2	0	0	1.0	1.0	-2.03524e-09	0
497	Iter0498	1	1	1	1	0	0	1.0	1.0	-0.0011469457000000001	0
498	Iter0499	2	1	5	3	0	0	1.2	1.0	-0.00030195052	0
499	Iter0500	0	5	0	1	0	0	0.3333333333333333	1.0	-0.00068538848	0
500	Iter0501	0	2	0	1	0	0	0.6666666666666666	1.0	-6.61443756257e-06	0
501	Iter0502	4	1	3	1	0	0	1.3333333333333333	1.0	-0.0007736800000000001	0
502	Iter0503	3	0	2	1	0	0	2.6666666666666665	1.0	-0.0010844582750000002	0
503	Iter0504	0	0	6	2	0	0	0.42857142857142855	1.0	-0.000471773	0
504	Iter0505	1	1	3	4	0	0	1.3333333333333333	1.0	-1.31896e-05	0
505	Iter0506	0	0	2	3	0	0	1.3333333333333333	1.0	-0.0009091810599999998	0
506	Iter0507	1	3	4	5	0	0	0.4166666666666666	1.0	-0.000862887106	0
507	Iter0508	0	0	3	0	0	0	0.25	1.0	-2.14294e-05	0
508	Iter0509	0	0	6	2	0	0	0.42857142857142855	1.0	0.0	0
509	Iter0510	4	1	3	2	0	0	2.6666666666666665	1.0	-4.9626288722700005e-06	0
510	Iter0511	1	1	5	3	0	0	0.6	1.0	-0.000189946	0
511	Iter0512	0	0	1	1	0	0	1.0	1.0	-0.00113691559879	0
512	Iter0513	0	2	5	3	0	0	0.2222222222222222	0.4444444444444446	0.0	0
513	Iter0514	1	3	1	1	0	0	0.3333333333333333	1.0	-5.0831499999999996e-05	0
514	Iter0515	7	2	3	2	0	0	2.333333333333333	0.5804195804195791	-0.00037909464892999997	0
515	Iter0516	3	0	3	0	0	0	1.0	1.0	-0.00025362946999999997	0
516	Iter0517	2	1	3	0	0	0	0.375	1.0	-0.0003141922	0
517	Iter0518	1	2	1	1	0	0	0.5	1.0	-0.0003208217	0
518	Iter0519	1	3	2	3	0	0	0.5	1.0	0.0	0
519	Iter0520	3	1	5	2	0	0	1.2	1.0	-0.0005913872100000001	0
520	Iter0521	1	1	5	6	0	0	1.2	1.0	-2.019595662e-05	0
521	Iter0522	2	0	5	0	0	0	0.5	1.0	-0.000316314847	0
522	Iter0523	3	2	1	0	0	0	0.6666666666666666	1.0	-0.00042555109999999996	0
523	Iter0524	3	0	1	1	0	0	4.0	0.4000000000000002	-5.529079999999999e-07	0
524	Iter0525	0	1	8	3	0	0	0.2222222222222222	0.3333333333333341	-0.0003214658	0
525	Iter0526	0	0	3	2	0	0	0.75	1.0	-0.00010785700000000001	0
526	Iter0527	1	2	5	3	0	0	0.3	0.5454545454545457	-2.8298709000000002e-05	0
527	Iter0528	2	1	4	4	0	0	2.0	1.0	-0.00042465376526	0
528	Iter0529	3	3	2	6	0	0	3.0	0.5804195804195801	-0.0005578874	0
529	Iter0530	4	1	2	1	0	0	2.0	1.0	-0.0001725356	0
530	Iter0531	0	1	3	5	0	0	0.75	1.0	-2.8390445999999998e-05	0
531	Iter0532	2	0	4	2	0	0	1.7999999999999998	1.0	-0.000143787	0
532	Iter0533	2	1	5	3	0	0	1.2	1.0	-0.001369960151	0
533	Iter0534	3	1	3	1	0	0	1.0	1.0	-1.78241745e-05	0
534	Iter0535	3	0	4	2	0	0	2.4	0.5000000000000007	-0.0003838167314476	0
535	Iter0536	2	2	4	0	0	0	0.2	0.4285714285714282	-0.0017617310131988002	0
536	Iter0537	4	0	1	2	0	0	7.5	0.1428571428571427	-0.00067739459186	0
537	Iter0538	0	0	2	1	0	0	0.6666666666666666	1.0	-7.408522e-09	0
538	Iter0539	0	0	4	1	0	0	0.4	1.0	-0.00137216123	0
539	Iter0540	3	1	10	2	0	0	0.6	1.0	-7.5343475e-05	0
540	Iter0541	0	1	6	2	0	0	0.21428571428571427	0.33333333333333354	-0.00034704399	0
541	Iter0542	5	4	3	1	0	0	0.4166666666666667	1.0	-0.00015673254000000001	0
542	Iter0543	1	0	4	3	0	0	1.6	1.0	-0.0010640407422386	0
543	Iter0544	1	1	2	3	0	0	1.5	1.0	-3.416385931e-05	0
544	Iter0545	2	6	2	1	0	0	0.16666666666666666	0.490909090909091	-7.46206e-06	0
545	Iter0546	0	0	3	1	0	0	0.5	1.0	-4.25172e-07	0
546	Iter0547	1	2	1	2	0	0	1.0	1.0	-4.10618e-07	0
547	Iter0548	0	0	3	3	0	0	1.0	1.0	-0.0007042610000000001	0
548	Iter0549	2	3	1	0	0	0	0.375	1.0	-6.63572e-05	0
549	Iter0550	0	1	3	2	0	0	0.375	1.0	-1.2803043420000001e-05	0
550	Iter0551	0	2	1	5	0	0	1.0	1.0	0.0	0
551	Iter0552	1	5	6	0	0	0	0.047619047619047616	0.015151515151515185	-0.00018708871352000002	0
552	Iter0553	3	0	5	2	0	0	2.0	1.0	-0.0007768467272000001	0
553	Iter0554	4	4	2	0	0	0	0.3333333333333333	0.4666666666666668	-5.098989000011709e-06	0
554	Iter0555	1	1	4	2	0	0	0.5	1.0	-0.00045742265	0
555	Iter0556	0	0	0	0	0	0	1.0	1.0	-0.001033162205	0
556	Iter0557	0	0	5	2	0	0	0.5	1.0	-6.954906984299999e-05	0
557	Iter0558	1	1	3	3	0	0	1.0	1.0	-0.00013608495000000002	0
558	Iter0559	1	4	1	0	0	0	0.2	0.3333333333333331	0.0	0
559	Iter0560	0	1	3	0	0	0	0.125	0.24999999999999994	0.0	0
560	Iter0561	3	0	2	1	0	0	2.6666666666666665	1.0	-0.0012652896000000002	0
561	Iter0562	1	1	6	1	0	0	0.16666666666666666	0.4166666666666671	-0.0006280638	0
562	Iter0563	0	2	3	1	0	0	0.16666666666666666	0.4	-5.44811e-05	0
563	Iter0564	0	0	1	0	0	0	0.5	1.0	-7.445893400508081e-05	0
564	Iter0565	4	1	5	1	0	0	0.8	1.0	-2.1356507e-05	0
565	Iter0566	6	2	2	4	0	0	6.0	0.2773892773892775	-0.001714403629	0
566	Iter0567	4	2	4	1	0	0	0.5	1.0	-1.77305e-06	0
567	Iter0568	2	2	2	1	0	0	0.5	1.0	-8.9354687e-05	0
568	Iter0569	0	1	3	1	0	0	0.25	0.4000000000000002	-0.0011428798861	0
569	Iter0570	4	0	4	3	0	0	4.0	0.2363636363636365	-0.0007890130000000001	0
570	Iter0571	2	2	6	3	0	0	0.5	1.0	-3.853407239999999e-06	0
571	Iter0572	5	1	1	2	0	0	10.0	0.2261904761904764	-0.0002356920110404	0
572	Iter0573	1	0	2	3	0	0	2.6666666666666665	1.0	-4.7816100000000005e-05	0
573	Iter0574	1	2	2	2	0	0	0.5	1.0	-0.00097348479	0
574	Iter0575	1	2	0	0	0	0	0.6666666666666666	1.0	-0.00010663908000000001	0
575	Iter0576	3	3	2	4	0	0	2.0	1.0	-1.0265467914e-05	0
576	Iter0577	0	1	4	4	0	0	0.5	1.0	-0.000454192	0
577	Iter0578	0	1	5	0	0	0	0.08333333333333333	0.1666666666666666	-0.0001778691	0
578	Iter0579	0	1	5	1	0	0	0.16666666666666666	0.2857142857142857	-0.00092689795	0
579	Iter0580	2	1	2	2	0	0	2.0	1.0	-0.00035561238149999994	0
580	Iter0581	2	1	5	0	0	0	0.25	0.3749999999999997	-0.0008043010000000001	0
581	Iter0582	4	1	3	0	0	0	0.625	1.0	-0.00012909222000000002	0
582	Iter0583	5	4	1	4	0	0	5.0	0.3006993006992999	-0.00052435855	0
583	Iter0584	1	0	7	3	0	0	1.0	1.0	-0.00042205	0
584	Iter0585	0	1	5	0	0	0	0.08333333333333333	0.1666666666666666	-5.950439490000001e-07	0
585	Iter0586	0	0	3	0	0	0	0.25	1.0	-9.246409e-05	0
586	Iter0587	4	0	4	0	0	0	1.0	1.0	-0.00108942915	0
587	Iter0588	1	0	3	1	0	0	1.0	1.0	-1.1147459999999999e-07	0
588	Iter0589	1	2	6	6	0	0	0.5	1.0	-5.105429999999999e-07	0
589	Iter0590	2	0	3	5	0	0	4.5	0.4444444444444446	-0.00052700621043	0
590	Iter0591	1	1	5	0	0	0	0.16666666666666666	0.2857142857142857	-0.0002347520734	0
591	Iter0592	2	1	10	0	0	0	0.13636363636363635	0.23076923076923114	-0.000447922	0
592	Iter0593	3	1	3	0	0	0	0.5	1.0	-1.69049167e-05	0
593	Iter0594	1	3	2	1	0	0	0.16666666666666666	0.4857142857142854	-2.869025e-05	0
594	Iter0595	2	1	3	2	0	0	1.3333333333333333	1.0	-4.924678599999999e-05	0
595	Iter0596	0	1	8	4	0	0	0.2777777777777778	0.3846153846153838	-0.000701800132537524	0
596	Iter0597	2	0	1	0	0	0	1.5	1.0	-2.68251e-11	0
597	Iter0598	4	4	4	3	0	0	0.75	1.0	-1.6268299999999998e-05	0
598	Iter0599	3	3	1	1	0	0	1.0	1.0	-0.00013909909999999998	0
599	Iter0600	1	2	3	5	0	0	0.8333333333333334	1.0	-5.5303489999999996e-05	0
600	Iter0601	0	1	3	0	0	0	0.125	0.24999999999999994	-2.68373e-06	0
601	Iter0602	0	1	3	1	0	0	0.25	0.4000000000000002	-0.0003821547	0
602	Iter0603	0	0	1	2	0	0	1.5	1.0	-4.22344e-06	0
603	Iter0604	4	3	2	0	0	0	0.4166666666666667	0.4999999999999999	-0.0002093225	0
604	Iter0605	0	0	1	3	0	0	2.0	1.0	-0.000111018	0
605	Iter0606	0	1	3	3	0	0	0.5	1.0	0.0	0
606	Iter0607	4	1	4	1	0	0	1.0	1.0	-3.8749539999999995e-05	0
607	Iter0608	2	0	1	0	0	0	1.5	1.0	-0.000437073	0
608	Iter0609	3	1	6	3	0	0	1.5	1.0	0.0	0
609	Iter0610	1	0	6	2	0	0	0.8571428571428571	1.0	-6.48110941e-05	0
610	Iter0611	0	1	2	0	0	0	0.16666666666666666	0.33333333333333337	-0.00015761220000000002	0
611	Iter0612	0	0	1	2	0	0	1.5	1.0	-2.6920283000000004e-06	0
612	Iter0613	0	0	1	1	0	0	1.0	1.0	-0.00012458900003141832	0
613	Iter0614	1	3	2	2	0	0	0.3333333333333333	1.0	-9.1598672e-05	0
614	Iter0615	1	2	5	3	0	0	0.3	0.5454545454545457	-3.9684400330376e-07	0
615	Iter0616	0	2	5	5	0	0	0.3333333333333333	0.4696969696969709	-0.00036539934	0
616	Iter0617	4	1	8	0	0	0	0.2777777777777778	0.3846153846153845	-3.5612811300000004e-05	0
617	Iter0618	0	0	4	1	0	0	0.4	1.0	-0.000502220048753	0
618	Iter0619	1	1	0	0	0	0	1.0	1.0	0.0	0
619	Iter0620	1	0	3	2	0	0	1.5	1.0	-0.00043217909999999996	0
620	Iter0621	0	1	3	3	0	0	0.5	1.0	0.0	0
621	Iter0622	1	1	5	1	0	0	0.2	0.464285714285714	-0.00101416128674403	0
622	Iter0623	0	2	3	0	0	0	0.08333333333333333	0.10000000000000002	-5.959940900000001e-05	0
623	Iter0624	2	3	5	5	0	0	0.6666666666666666	1.0	-4.8631690000000005e-06	0
624	Iter0625	0	1	1	4	0	0	1.25	1.0	-0.000221538	0
625	Iter0626	1	2	3	1	0	0	0.16666666666666666	0.4857142857142852	-1.66383e-05	0
626	Iter0627	2	2	2	1	0	0	0.5	1.0	-0.0011992599	0
627	Iter0628	2	0	6	1	0	0	0.8571428571428571	1.0	-1.1481651000000002e-05	0
628	Iter0629	2	3	3	2	0	0	0.4444444444444444	1.0	-0.00010708448100000001	0
629	Iter0630	0	0	1	1	0	0	1.0	1.0	-8.773151e-05	0
630	Iter0631	0	1	2	2	0	0	0.5	1.0	-8.228558057000001e-07	0
631	Iter0632	3	1	1	5	0	0	15.0	0.19047619047619066	-1.71688e-16	0
632	Iter0633	1	1	3	3	0	0	1.0	1.0	-0.00029006889999999997	0
633	Iter0634	0	0	2	6	0	0	2.333333333333333	1.0	-0.000933206	0
634	Iter0635	1	2	3	3	0	0	0.5	1.0	-8.660969999999999e-05	0
635	Iter0636	2	0	5	1	0	0	1.0	1.0	-0.000510074	0
636	Iter0637	4	1	1	2	0	0	8.0	0.4642857142857137	-0.000300765998	0
637	Iter0638	2	2	4	2	0	0	0.5	1.0	-3.2028e-07	0
638	Iter0639	1	1	2	2	0	0	1.0	1.0	-3.9064395857999996e-05	0
639	Iter0640	3	2	5	2	0	0	0.6	1.0	-0.0006525466936139999	0
640	Iter0641	4	2	5	3	0	0	1.2	1.0	-1.5094279999999998e-09	0
641	Iter0642	3	4	4	4	0	0	0.75	1.0	-0.000712048848074	0
642	Iter0643	3	0	4	0	0	0	0.8	1.0	-5.8651134025000006e-05	0
643	Iter0644	0	0	4	2	0	0	0.6	1.0	-5.4747e-06	0
644	Iter0645	2	2	8	2	0	0	0.25	0.5204795204795203	-0.00042494156690499996	0
645	Iter0646	1	2	5	6	0	0	0.6	1.0	0.0	0
646	Iter0647	2	3	5	1	0	0	0.13333333333333333	0.2424242424242424	-0.0009844414079999998	0
647	Iter0648	2	5	7	2	0	0	0.1142857142857143	0.1262237762237761	0.0	0
648	Iter0649	0	0	1	3	0	0	2.0	1.0	-8.1480625e-05	0
649	Iter0650	0	0	2	2	0	0	1.0	1.0	-8.36504e-06	0
650	Iter0651	1	0	1	1	0	0	2.0	1.0	-1.86043e-05	0
651	Iter0652	1	2	1	7	0	0	3.5	0.49090909090909	-3.7308e-11	0
652	Iter0653	0	1	10	5	0	0	0.2727272727272728	0.3750000000000003	-0.00013052103	0
653	Iter0654	0	4	2	6	0	0	0.4666666666666667	0.515151515151517	-0.00013073396539999997	0
654	Iter0655	2	2	2	3	0	0	1.5	1.0	-0.0004000823577	0
655	Iter0656	2	1	10	3	0	0	0.6	1.0	-2.15772e-05	0
656	Iter0657	0	3	5	4	0	0	0.20833333333333331	0.2045454545454547	-5.598950202237e-05	0
657	Iter0658	2	0	4	0	0	0	0.6	1.0	-4.0800659e-05	0
658	Iter0659	1	0	3	0	0	0	0.5	1.0	-8.249257599999998e-06	0
659	Iter0660	0	0	0	1	0	0	2.0	1.0	-0.000581185258	0
660	Iter0661	3	2	4	1	0	0	0.375	1.0	-0.0001692777800508318	0
661	Iter0662	0	2	3	1	0	0	0.16666666666666666	0.4	-0.00022035765000000002	0
662	Iter0663	2	0	7	4	0	0	1.875	1.0	-0.00025508400000000004	0
663	Iter0664	3	1	2	4	0	0	6.0	0.5238095238095236	-0.0001401868165	0
664	Iter0665	0	1	5	3	0	0	0.3333333333333333	0.4444444444444454	-1.07699391413e-05	0
665	Iter0666	0	2	4	2	0	0	0.2	0.4285714285714285	-0.000370635	0
666	Iter0667	2	0	1	3	0	0	6.0	0.4	-0.000135250412	0
667	Iter0668	0	0	4	3	0	0	0.8	1.0	-0.00066137	0
668	Iter0669	0	2	2	1	0	0	0.2222222222222222	0.4000000000000001	-0.000142447	0
669	Iter0670	1	2	7	2	0	0	0.14285714285714285	0.2363636363636364	-1.99113e-05	0
670	Iter0671	1	1	7	2	0	0	0.2857142857142857	0.4909090909090902	-8.137199999999999e-05	0
671	Iter0672	5	2	4	1	0	0	0.625	1.0	-0.000204921768	0
672	Iter0673	3	1	3	1	0	0	1.0	1.0	-9.52113555333e-05	0
673	Iter0674	1	0	4	2	0	0	1.2	1.0	-0.0005658662	0
674	Iter0675	0	3	4	1	0	0	0.1	0.14285714285714265	-0.0002019732237	0
675	Iter0676	0	1	3	2	0	0	0.375	1.0	-8.549188959030001e-05	0
676	Iter0677	0	1	4	0	0	0	0.1	0.20000000000000007	-0.000942462	0
677	Iter0678	1	2	4	1	0	0	0.125	0.4642857142857137	-5.43542522e-05	0
678	Iter0679	3	1	4	0	0	0	0.4	1.0	-4.0491028e-05	0
679	Iter0680	0	0	3	0	0	0	0.25	1.0	-8.8369755e-06	0
680	Iter0681	0	0	4	2	0	0	0.6	1.0	-2.6708157e-05	0
681	Iter0682	1	1	7	1	0	0	0.14285714285714285	0.377777777777778	-3.51562e-08	0
682	Iter0683	3	3	5	2	0	0	0.4	0.5920745920745938	-0.000102899569	0
683	Iter0684	2	3	2	1	0	0	0.3333333333333333	1.0	-0.000691164775	0
684	Iter0685	1	3	1	1	0	0	0.3333333333333333	1.0	-0.00096211797	0
685	Iter0686	1	3	3	3	0	0	0.3333333333333333	0.5714285714285721	-3.4706228e-05	0
686	Iter0687	2	2	2	1	0	0	0.5	1.0	-2.0040693e-06	0
687	Iter0688	1	0	4	1	0	0	0.8	1.0	-7.959199999999998e-06	0
688	Iter0689	2	1	3	2	0	0	1.3333333333333333	1.0	-1.37559e-07	0
689	Iter0690	0	0	3	0	0	0	0.25	1.0	-4.415169e-05	0
690	Iter0691	0	1	2	1	0	0	0.3333333333333333	1.0	-0.00012186904	0
691	Iter0692	0	0	0	0	0	0	1.0	1.0	-7.0391991e-05	0
692	Iter0693	1	1	9	2	0	0	0.2222222222222222	0.42307692307692496	-2.07034e-05	0
693	Iter0694	1	0	0	2	0	0	6.0	0.33333333333333337	-3.63172e-05	0
694	Iter0695	1	1	1	3	0	0	3.0	1.0	-1.82459e-05	0
695	Iter0696	2	2	6	0	0	0	0.14285714285714285	0.13333333333333328	-0.00036121289000000005	0
696	Iter0697	3	2	4	0	0	0	0.26666666666666666	0.4444444444444446	-0.0006787642	0
697	Iter0698	3	4	6	3	0	0	0.375	0.6145104895104878	-0.00012851739297700004	0
698	Iter0699	2	2	4	4	0	0	1.0	1.0	-0.0003556493237	0
699	Iter0700	0	1	4	3	0	0	0.4	1.0	-0.00052087851	0
700	Iter0701	6	3	3	0	0	0	0.4375	0.5090909090909093	-0.0009191812999999999	0
701	Iter0702	0	1	3	2	0	0	0.375	1.0	-1.17836e-06	0
702	Iter0703	1	0	3	3	0	0	2.0	1.0	-3.403980000066011e-05	0
703	Iter0704	4	0	2	2	0	0	5.0	0.4285714285714282	-0.000540594909	0
704	Iter0705	3	2	4	1	0	0	0.375	1.0	-9.64864073e-05	0
705	Iter0706	2	5	2	1	0	0	0.2	0.5000000000000003	-1.051453e-06	0
706	Iter0707	3	4	2	1	0	0	0.375	1.0	-0.00012833177237000002	0
707	Iter0708	0	1	4	3	0	0	0.4	1.0	-1.95632e-10	0
708	Iter0709	2	3	7	0	0	0	0.09375	0.045454545454545525	-0.000304488	0
709	Iter0710	4	4	3	3	0	0	1.0	1.0	-1.484312e-05	0
710	Iter0711	4	1	1	3	0	0	12.0	0.20634920634920625	-0.00032635347000000006	0
711	Iter0712	1	4	2	2	0	0	0.25	0.5238095238095243	-0.000125741533	0
712	Iter0713	1	1	7	1	0	0	0.14285714285714285	0.377777777777778	0.0	0
713	Iter0714	3	5	3	1	0	0	0.2	0.5454545454545472	-0.000322595	0
714	Iter0715	1	0	5	3	0	0	1.3333333333333333	1.0	-0.0009849030051403002	0
715	Iter0716	3	0	0	0	0	0	4.0	1.0	-0.000118810925	0
716	Iter0717	0	0	3	2	0	0	0.75	1.0	-6.68823e-05	0
717	Iter0718	0	1	2	2	0	0	0.5	1.0	0.0	0
718	Iter0719	2	0	8	2	0	0	1.0	1.0	-0.000239467616	0
719	Iter0720	0	0	6	4	0	0	0.7142857142857143	1.0	-1.385481707e-06	0
720	Iter0721	1	3	3	2	0	0	0.2222222222222222	0.5238095238095237	-1.25824e-06	0
721	Iter0722	2	3	0	6	0	0	5.25	0.1818181818181815	-0.0005255072	0
722	Iter0723	1	1	3	1	0	0	0.3333333333333333	1.0	-1.91299e-10	0
723	Iter0724	0	0	2	1	0	0	0.6666666666666666	1.0	-5.947594200000001e-06	0
724	Iter0725	2	1	3	0	0	0	0.375	1.0	-0.0004961605	0
725	Iter0726	1	3	1	3	0	0	1.0	1.0	-0.00024024408542599999	0
726	Iter0727	4	2	5	0	0	0	0.2777777777777778	0.454545454545454	-0.00064000732705	0
727	Iter0728	2	0	2	2	0	0	3.0	0.4666666666666665	-0.00027130582599999996	0
728	Iter0729	2	1	3	4	0	0	2.6666666666666665	1.0	-0.0009597514864	0
729	Iter0730	1	1	2	0	0	0	0.3333333333333333	1.0	-0.000560813004	0
730	Iter0731	1	0	5	3	0	0	1.3333333333333333	1.0	-0.000122723069	0
731	Iter0732	2	1	3	1	0	0	0.6666666666666666	1.0	-0.000332322	0
732	Iter0733	2	2	4	0	0	0	0.2	0.4285714285714282	0.0	0
733	Iter0734	0	0	4	0	0	0	0.2	1.0	-2.39373e-07	0
734	Iter0735	0	3	2	0	0	0	0.08333333333333333	0.10000000000000002	-9.08126e-06	0
735	Iter0736	4	2	5	2	0	0	0.8	1.0	-0.000170063496772	0
736	Iter0737	0	1	2	0	0	0	0.16666666666666666	0.33333333333333337	-0.00014414942310775	0
737	Iter0738	0	3	5	0	0	0	0.04166666666666666	0.01785714285714284	0.0	0
738	Iter0739	3	1	1	0	0	0	1.0	1.0	-2.85947261e-08	0
739	Iter0740	4	1	7	5	0	0	2.8571428571428568	0.6000323206205533	-0.0006214079743	0
740	Iter0741	2	0	3	4	0	0	3.75	0.444444444444445	0.0	0
741	Iter0742	1	1	1	0	0	0	0.5	1.0	-4.389993e-05	0
742	Iter0743	0	1	6	3	0	0	0.2857142857142857	0.3999999999999996	0.0	0
743	Iter0744	0	0	8	4	0	0	0.5555555555555556	1.0	-0.00039779340000000005	0
744	Iter0745	0	0	2	0	0	0	0.3333333333333333	1.0	-0.00086107642378	0
745	Iter0746	0	0	4	0	0	0	0.2	1.0	-9.320020702000001e-07	0
746	Iter0747	3	1	4	3	0	0	2.25	1.0	0.0	0
747	Iter0748	0	2	3	2	0	0	0.25	0.42857142857142816	-2.4802e-09	0
748	Iter0749	0	0	3	0	0	0	0.25	1.0	-4.68454e-08	0
749	Iter0750	0	1	1	3	0	0	1.0	1.0	-7.444301669999999e-05	0
750	Iter0751	0	2	4	0	0	0	0.06666666666666668	0.06666666666666668	-9.6476e-05	0
751	Iter0752	2	4	3	2	0	0	0.3333333333333333	0.5670995670995667	-0.00044066	0
752	Iter0753	1	3	2	0	0	0	0.16666666666666666	0.4	-5.37346005e-05	0
753	Iter0754	3	0	1	0	0	0	2.0	1.0	-4.818747300000001e-06	0
754	Iter0755	0	3	1	1	0	0	0.25	0.4000000000000002	-2.08734e-05	0
755	Iter0756	0	1	0	1	0	0	1.0	1.0	-0.000432258	0
756	Iter0757	1	2	7	3	0	0	0.21428571428571427	0.5104895104895115	-3.2743741123599996e-06	0
757	Iter0758	1	3	5	2	0	0	0.13333333333333333	0.242424242424242	-0.000236248	0
758	Iter0759	2	0	5	1	0	0	1.0	1.0	-3.39161e-06	0
759	Iter0760	0	1	2	0	0	0	0.16666666666666666	0.33333333333333337	-5.219579999999999e-07	0
760	Iter0761	3	1	4	1	0	0	0.75	1.0	-0.0001295628744088	0
761	Iter0762	0	0	0	1	0	0	2.0	1.0	-0.0022202619999999998	0
762	Iter0763	2	1	2	2	0	0	2.0	1.0	-7.583983821999999e-05	0
763	Iter0764	0	0	1	3	0	0	2.0	1.0	-0.0001036203	0
764	Iter0765	3	2	5	3	0	0	0.8999999999999999	1.0	-1.9109930000000004e-05	0
765	Iter0766	1	0	3	2	0	0	1.5	1.0	-2.1178167e-05	0
766	Iter0767	0	0	3	2	0	0	0.75	1.0	-0.00054083526	0
767	Iter0768	4	1	0	0	0	0	2.5	1.0	-0.000126524333	0
768	Iter0769	0	1	1	0	0	0	0.25	1.0	-1.1656638615999998e-05	0
769	Iter0770	3	2	1	1	0	0	1.5	1.0	-0.0005337286054852091	0
770	Iter0771	3	0	4	4	0	0	4.0	0.2363636363636365	0.0	0
771	Iter0772	3	3	1	1	0	0	1.0	1.0	-0.00014301312100000003	0
772	Iter0773	4	1	2	1	0	0	2.0	1.0	-7.93958e-05	0
773	Iter0774	2	2	4	2	0	0	0.5	1.0	-0.000125469	0
774	Iter0775	0	3	5	4	0	0	0.20833333333333331	0.2045454545454547	-7.26238e-05	0
775	Iter0776	2	5	5	1	0	0	0.08	0.10256410256410303	-8.477023100000003e-06	0
776	Iter0777	2	2	4	1	0	0	0.25	0.5238095238095241	-0.0008823751149999999	0
777	Iter0778	2	0	8	0	0	0	0.3333333333333333	1.0	-0.0007739408	0
778	Iter0779	2	0	0	1	0	0	6.0	0.33333333333333337	-0.0005753918392	0
779	Iter0780	1	0	1	4	0	0	5.0	0.3333333333333331	-6.734819803209999e-06	0
780	Iter0781	2	0	1	4	0	0	7.5	0.1428571428571427	-6.23407e-05	0
781	Iter0782	4	2	1	3	0	0	6.0	0.5238095238095236	-6.95751369637e-05	0
782	Iter0783	1	3	1	4	0	0	1.3333333333333333	1.0	-0.0006760185	0
783	Iter0784	2	0	0	1	0	0	6.0	0.33333333333333337	-0.00016286038810000002	0
784	Iter0785	2	3	7	3	0	0	0.2857142857142857	0.32867132867132803	-0.000800707	0
785	Iter0786	2	1	2	1	0	0	1.0	1.0	-0.000339862293	0
786	Iter0787	1	0	8	1	0	0	0.4444444444444444	1.0	-0.00023606486	0
787	Iter0788	1	0	2	0	0	0	0.6666666666666666	1.0	-0.0016402990200186627	0
788	Iter0789	3	3	2	1	0	0	0.5	1.0	-2.47547e-15	0
789	Iter0790	3	3	4	3	0	0	0.75	1.0	-0.000330344083	0
790	Iter0791	0	2	3	3	0	0	0.3333333333333333	0.4642857142857145	-4.69686e-07	0
791	Iter0792	0	1	1	1	0	0	0.5	1.0	-0.000355126	0
792	Iter0793	1	2	2	0	0	0	0.2222222222222222	0.4000000000000001	-5.92129e-05	0
793	Iter0794	0	0	1	1	0	0	1.0	1.0	-0.0001048122	0
794	Iter0795	0	1	2	2	0	0	0.5	1.0	-0.00010591579999999999	0
795	Iter0796	2	2	4	0	0	0	0.2	0.4285714285714282	-2.53921e-07	0
796	Iter0797	3	4	2	0	0	0	0.26666666666666666	0.4444444444444445	-0.0007161344509999999	0
797	Iter0798	2	3	3	0	0	0	0.1875	0.19642857142857106	-8.59361e-05	0
798	Iter0799	0	1	7	2	0	0	0.1875	0.2999999999999995	0.0	0
799	Iter0800	2	0	1	3	0	0	6.0	0.4	0.0	0
800	Iter0801	1	1	1	1	0	0	1.0	1.0	-0.00046478469747000004	0
801	Iter0802	2	2	1	0	0	0	0.5	1.0	-0.00016804755	0
802	Iter0803	2	0	2	2	0	0	3.0	0.4666666666666665	-0.00026177614019999996	0
803	Iter0804	0	4	7	9	0	0	0.25	0.24871001031991816	-5.51143974e-05	0
804	Iter0805	5	4	3	2	0	0	0.8333333333333334	1.0	-0.001820022812	0
805	Iter0806	2	2	2	1	0	0	0.5	1.0	-9.22013e-05	0
806	Iter0807	4	2	4	1	0	0	0.5	1.0	-0.00035188952	0
807	Iter0808	1	0	3	2	0	0	1.5	1.0	-7.64896e-07	0
808	Iter0809	0	0	5	0	0	0	0.16666666666666666	1.0	-0.000136758407	0
809	Iter0810	0	0	4	4	0	0	1.0	1.0	-0.00010734104272477	0
810	Iter0811	2	2	3	2	0	0	0.6666666666666666	1.0	-0.000635732221	0
811	Iter0812	1	1	1	3	0	0	3.0	1.0	-0.000490637150286211	0
812	Iter0813	1	0	6	1	0	0	0.5714285714285714	1.0	-6.510312275760001e-05	0
813	Iter0814	0	0	4	2	0	0	0.6	1.0	-0.00020689864182200002	0
814	Iter0815	0	2	3	2	0	0	0.25	0.42857142857142816	-1.676419e-07	0
815	Iter0816	0	1	3	0	0	0	0.125	0.24999999999999994	-1.54102845267e-05	0
816	Iter0817	1	1	2	2	0	0	1.0	1.0	-7.161860000000002e-07	0
817	Iter0818	1	2	4	5	0	0	0.625	1.0	-0.0008321935	0
818	Iter0819	1	0	4	2	0	0	1.2	1.0	-0.0002792079	0
819	Iter0820	0	0	4	1	0	0	0.4	1.0	0.0	0
820	Iter0821	4	2	3	2	0	0	1.3333333333333333	1.0	-0.00119974309	0
821	Iter0822	3	1	3	2	0	0	2.0	1.0	-0.00016461860000000002	0
822	Iter0823	0	0	3	0	0	0	0.25	1.0	-4.43296e-10	0
823	Iter0824	3	1	3	3	0	0	3.0	0.5714285714285717	-0.00014685241799999998	0
824	Iter0825	1	1	4	3	0	0	0.75	1.0	-0.0001274002	0
825	Iter0826	0	0	2	3	0	0	1.3333333333333333	1.0	-1.1301080000000002e-06	0
826	Iter0827	1	1	6	1	0	0	0.16666666666666666	0.4166666666666671	-9.824634000000002e-05	0
827	Iter0828	3	2	5	0	0	0	0.2222222222222222	0.4444444444444442	-0.00056578759	0
828	Iter0829	1	3	3	1	0	0	0.1111111111111111	0.4857142857142854	-0.00044222827000000003	0
829	Iter0830	3	3	2	0	0	0	0.3333333333333333	0.4642857142857143	-0.00026579038	0
830	Iter0831	0	1	5	3	0	0	0.3333333333333333	0.4444444444444454	-0.00026648997000000004	0
831	Iter0832	0	1	6	1	0	0	0.14285714285714285	0.24999999999999994	-0.00017106	0
832	Iter0833	0	2	2	2	0	0	0.3333333333333333	0.4666666666666664	-0.0005803159300000001	0
833	Iter0834	0	0	6	1	0	0	0.2857142857142857	1.0	-0.00042091903999999996	0
834	Iter0835	1	1	9	2	0	0	0.2222222222222222	0.42307692307692496	-0.00021956621659999999	0
835	Iter0836	0	2	3	1	0	0	0.16666666666666666	0.4	-9.477481300000002e-06	0
836	Iter0837	1	2	4	3	0	0	0.375	1.0	-1.54593e-07	0
837	Iter0838	0	1	3	2	0	0	0.375	1.0	-9.5681148e-06	0
838	Iter0839	5	0	2	0	0	0	2.0	1.0	-5.165804000000001e-06	0
839	Iter0840	2	5	8	4	0	0	0.2	0.1698023338890211	-0.000277802	0
840	Iter0841	1	2	1	4	0	0	2.0	1.0	-0.00011634487683	0
841	Iter0842	2	0	1	1	0	0	3.0	1.0	-0.000294223	0
842	Iter0843	0	1	6	5	0	0	0.42857142857142855	1.0	-6.79898e-06	0
843	Iter0844	2	1	2	1	0	0	1.0	1.0	-0.00011659609999999999	0
844	Iter0845	1	0	4	1	0	0	0.8	1.0	-0.000311835010627	0
845	Iter0846	3	2	0	2	0	0	4.0	0.42857142857142816	-0.00067581394203	0
846	Iter0847	2	1	0	6	0	0	10.5	0.08333333333333337	-0.00029739983	0
847	Iter0848	4	1	1	2	0	0	8.0	0.4642857142857137	-0.0002290983096	0
848	Iter0849	1	2	4	1	0	0	0.125	0.4642857142857137	-1.66426e-07	0
849	Iter0850	2	0	3	5	0	0	4.5	0.4444444444444446	-3.963723e-08	0
850	Iter0851	0	4	1	2	0	0	0.30000000000000004	0.42857142857142827	-1.18905e-06	0
851	Iter0852	1	0	5	3	0	0	1.3333333333333333	1.0	-0.0002443778	0
852	Iter0853	2	1	6	0	0	0	0.21428571428571427	0.33333333333333354	-7.7155e-06	0
853	Iter0854	1	1	3	0	0	0	0.25	0.4000000000000002	-0.00039141198	0
854	Iter0855	1	1	6	4	0	0	0.6666666666666666	1.0	-3.4467579e-05	0
855	Iter0856	8	4	2	1	0	0	1.0	1.0	-3.3772069384e-05	0
856	Iter0857	0	0	3	1	0	0	0.5	1.0	-0.00104154409	0
857	Iter0858	0	0	8	4	0	0	0.5555555555555556	1.0	-8.66535e-06	0
858	Iter0859	2	0	8	3	0	0	1.3333333333333333	1.0	-9.203415018399998e-05	0
859	Iter0860	0	0	4	6	0	0	1.4	1.0	-5.29326e-07	0
860	Iter0861	1	0	10	1	0	0	0.3636363636363637	1.0	-4.184868499999998e-05	0
861	Iter0862	0	1	9	2	0	0	0.15	0.25000000000000083	0.0	0
862	Iter0863	1	5	3	4	0	0	0.26666666666666666	0.5594405594405608	-0.00033515585	0
863	Iter0864	4	0	2	2	0	0	5.0	0.4285714285714282	-0.00045131140000000006	0
864	Iter0865	1	1	1	2	0	0	2.0	1.0	0.0	0
865	Iter0866	0	1	2	2	0	0	0.5	1.0	0.0	0
866	Iter0867	3	1	2	3	0	0	4.5	0.5238095238095235	-0.0006746742000000001	0
867	Iter0868	0	1	7	2	0	0	0.1875	0.2999999999999995	0.0	0
868	Iter0869	0	0	3	3	0	0	1.0	1.0	-9.735353299999999e-05	0
869	Iter0870	1	2	4	0	0	0	0.13333333333333333	0.1428571428571427	-0.00092785461	0
870	Iter0871	0	0	7	0	0	0	0.125	1.0	-1.39624e-06	0
871	Iter0872	1	1	3	0	0	0	0.25	0.4000000000000002	-0.00024678516769999995	0
872	Iter0873	1	1	2	0	0	0	0.3333333333333333	1.0	-7.00035e-07	0
873	Iter0874	2	1	2	3	0	0	3.0	1.0	-0.00075438	0
874	Iter0875	1	0	0	1	0	0	4.0	1.0	-0.00025796105100000003	0
875	Iter0876	1	0	3	1	0	0	1.0	1.0	-1.92057e-08	0
876	Iter0877	1	1	3	0	0	0	0.25	0.4000000000000002	-3.4420943e-05	0
877	Iter0878	0	1	2	2	0	0	0.5	1.0	-2.91267e-07	0
878	Iter0879	0	2	5	1	0	0	0.1111111111111111	0.10714285714285714	-2.8841800000000003e-09	0
879	Iter0880	1	0	1	1	0	0	2.0	1.0	-0.000327980424693	0
880	Iter0881	0	0	5	3	0	0	0.6666666666666666	1.0	-0.0005079796660000001	0
881	Iter0882	2	0	1	3	0	0	6.0	0.4	-5.663412e-05	0
882	Iter0883	2	2	3	2	0	0	0.6666666666666666	1.0	-4.56091e-06	0
883	Iter0884	1	2	5	2	0	0	0.2	0.4999999999999996	-0.0009183050729999999	0
884	Iter0885	1	2	2	0	0	0	0.2222222222222222	0.4000000000000001	-4.5959149e-05	0
885	Iter0886	1	1	6	6	0	0	1.0	1.0	-0.00030948069	0
886	Iter0887	3	1	4	2	0	0	1.5	1.0	-0.0006029305099999999	0
887	Iter0888	3	3	2	1	0	0	0.5	1.0	-2.22902e-09	0
888	Iter0889	0	2	3	0	0	0	0.08333333333333333	0.10000000000000002	-0.000156916	0
889	Iter0890	5	3	3	1	0	0	0.5555555555555556	1.0	-0.000380564	0
890	Iter0891	2	2	5	0	0	0	0.16666666666666666	0.16666666666666705	-0.0005729845	0
891	Iter0892	0	0	8	1	0	0	0.2222222222222222	1.0	-0.00021077994180742	0
892	Iter0893	0	1	5	5	0	0	0.5	1.0	-0.0005510696791	0
893	Iter0894	1	0	0	2	0	0	6.0	0.33333333333333337	-1.0792195298999999e-05	0
894	Iter0895	1	1	4	2	0	0	0.5	1.0	-6.9897900000000005e-06	0
895	Iter0896	3	0	2	1	0	0	2.6666666666666665	1.0	-1.87693e-06	0
896	Iter0897	1	2	2	4	0	0	1.0	1.0	-0.0008110287243000001	0
897	Iter0898	2	1	2	2	0	0	2.0	1.0	-1.29095e-06	0
898	Iter0899	0	0	5	1	0	0	0.3333333333333333	1.0	-8.310340000000001e-08	0
899	Iter0900	3	4	4	3	0	0	0.5625	1.0	-5.165692e-05	0
900	Iter0901	2	3	1	2	0	0	1.3333333333333333	1.0	-0.0002961287725	0
901	Iter0902	0	0	2	2	0	0	1.0	1.0	-2.31754e-05	0
902	Iter0903	3	1	4	1	0	0	0.75	1.0	0.0	0
903	Iter0904	0	0	3	2	0	0	0.75	1.0	-0.000159589	0
904	Iter0905	1	1	6	2	0	0	0.3333333333333333	1.0	-2.16498e-05	0
905	Iter0906	1	0	4	4	0	0	2.0	1.0	-6.196716e-05	0
906	Iter0907	0	1	1	0	0	0	0.25	1.0	-1.12059e-05	0
907	Iter0908	2	0	2	0	0	0	1.0	1.0	-0.00030725080249999995	0
908	Iter0909	0	0	6	5	0	0	0.8571428571428571	1.0	-5.93974e-05	0
909	Iter0910	2	2	1	0	0	0	0.5	1.0	-0.001561822035295	0
910	Iter0911	3	1	2	1	0	0	1.5	1.0	-6.0053467307000004e-05	0
911	Iter0912	1	1	5	2	0	0	0.4	1.0	-0.000595946	0
912	Iter0913	0	2	5	1	0	0	0.1111111111111111	0.10714285714285714	-8.62383e-06	0
913	Iter0914	1	4	6	5	0	0	0.20833333333333331	0.3076923076923075	0.0	0
914	Iter0915	0	0	3	1	0	0	0.5	1.0	-1.21365e-05	0
915	Iter0916	2	4	8	1	0	0	0.0625	0.08891108891108859	-5.0295918e-05	0
916	Iter0917	1	1	7	2	0	0	0.2857142857142857	0.4909090909090902	-3.26525e-07	0
917	Iter0918	3	4	3	0	0	0	0.2	0.20000000000000007	-2.010363e-06	0
918	Iter0919	2	2	4	3	0	0	0.75	1.0	-0.0004211210000383343	0
919	Iter0920	0	0	4	3	0	0	0.8	1.0	-2.9408055453e-05	0
920	Iter0921	2	3	4	2	0	0	0.3333333333333333	0.5670995670995663	-0.00036229890000000003	0
921	Iter0922	1	1	7	3	0	0	0.42857142857142855	1.0	-2.338463e-06	0
922	Iter0923	2	1	3	4	0	0	2.6666666666666665	1.0	-3.890898e-05	0
923	Iter0924	1	0	2	2	0	0	2.0	1.0	-0.00013497914753106	0
924	Iter0925	1	1	5	2	0	0	0.4	1.0	0.0	0
925	Iter0926	0	0	1	1	0	0	1.0	1.0	0.0	0
926	Iter0927	3	0	3	1	0	0	2.0	1.0	-2.28625e-06	0
927	Iter0928	2	2	2	2	0	0	1.0	1.0	-0.0004026083	0
928	Iter0929	2	1	2	2	0	0	2.0	1.0	-0.0015631154999999999	0
929	Iter0930	2	0	1	1	0	0	3.0	1.0	-0.0003747744700000001	0
930	Iter0931	1	0	1	1	0	0	2.0	1.0	-4.436267e-06	0
931	Iter0932	2	1	2	6	0	0	6.0	0.490909090909091	-2.7099218499999997e-05	0
932	Iter0933	1	2	5	1	0	0	0.1	0.22619047619047605	-0.000143788	0
933	Iter0934	1	4	1	3	0	0	0.75	1.0	-2.0886309e-05	0
934	Iter0935	0	1	2	5	0	0	1.0	1.0	-0.0003998925622	0
935	Iter0936	1	2	1	2	0	0	1.0	1.0	-6.6354138e-09	0
936	Iter0937	2	2	3	1	0	0	0.3333333333333333	1.0	-0.000140319600341102	0
937	Iter0938	1	0	2	2	0	0	2.0	1.0	-0.0005767249	0
938	Iter0939	3	0	3	1	0	0	2.0	1.0	-3.36137931e-05	0
939	Iter0940	1	2	1	2	0	0	1.0	1.0	-0.00039643855999999997	0
940	Iter0941	0	2	2	1	0	0	0.2222222222222222	0.4000000000000001	-1.8302e-07	0
941	Iter0942	1	0	6	1	0	0	0.5714285714285714	1.0	-0.00015872838000000002	0
942	Iter0943	2	2	4	0	0	0	0.2	0.4285714285714282	-1.8049878999999999e-07	0
943	Iter0944	2	0	3	1	0	0	1.5	1.0	-1.4014e-08	0
944	Iter0945	0	1	1	1	0	0	0.5	1.0	-0.000188206431	0
945	Iter0946	0	0	4	3	0	0	0.8	1.0	-8.90899e-05	0
946	Iter0947	1	1	3	2	0	0	0.6666666666666666	1.0	-2.5768189999999998e-05	0
947	Iter0948	0	3	3	4	0	0	0.3125	0.4750000000000001	-2.8885740000000003e-05	0
948	Iter0949	5	1	2	2	0	0	5.0	0.5000000000000001	-0.0008131600000035289	0
949	Iter0950	2	4	4	2	0	0	0.25	0.5670995670995689	-1.94822e-10	0
950	Iter0951	1	1	5	5	0	0	1.0	1.0	-0.00028163555890000003	0
951	Iter0952	0	1	5	3	0	0	0.3333333333333333	0.4444444444444454	-6.15843e-07	0
952	Iter0953	1	0	5	0	0	0	0.3333333333333333	1.0	-0.0001573014	0
953	Iter0954	1	1	0	0	0	0	1.0	1.0	-1.850153e-05	0
954	Iter0955	2	1	3	2	0	0	1.3333333333333333	1.0	-0.000305117	0
955	Iter0956	1	1	1	0	0	0	0.5	1.0	-0.00019461750000000002	0
956	Iter0957	2	0	4	1	0	0	1.2	1.0	-6.675924e-05	0
957	Iter0958	0	0	3	2	0	0	0.75	1.0	-5.640190000000001e-08	0
958	Iter0959	0	1	3	1	0	0	0.25	0.4000000000000002	-0.00049738710272854	0
959	Iter0960	0	1	2	2	0	0	0.5	1.0	-0.0003828846	0
960	Iter0961	2	1	4	2	0	0	1.0	1.0	-5.0025771e-05	0
961	Iter0962	2	3	6	1	0	0	0.1111111111111111	0.22222222222222265	-1.62522376e-05	0
962	Iter0963	3	3	4	4	0	0	1.0	1.0	-2.95428867e-05	0
963	Iter0964	1	1	2	2	0	0	1.0	1.0	-2.8963769400000004e-05	0
964	Iter0965	3	3	0	2	0	0	3.0	0.4642857142857145	-0.000221868	0
965	Iter0966	1	1	2	2	0	0	1.0	1.0	-0.00063858723	0
966	Iter0967	2	5	8	3	0	0	0.15000000000000002	0.14479638009049833	-3.216848600005845e-05	0
967	Iter0968	0	1	0	1	0	0	1.0	1.0	-0.000573239628096	0
968	Iter0969	1	2	0	3	0	0	2.6666666666666665	1.0	-5.616613e-05	0
969	Iter0970	2	1	2	0	0	0	0.5	1.0	-0.000934033	0
970	Iter0971	1	1	2	4	0	0	2.0	1.0	-1.30144e-05	0
971	Iter0972	0	3	2	5	0	0	0.5	1.0	-0.00017304928208000003	0
972	Iter0973	2	1	6	0	0	0	0.21428571428571427	0.33333333333333354	-1.7089058315416e-05	0
973	Iter0974	0	3	2	2	0	0	0.25	0.42857142857142816	-1.1939665860000003e-06	0
974	Iter0975	0	3	6	0	0	0	0.03571428571428571	0.011904761904761908	-0.0002269096	0
975	Iter0976	2	1	1	3	0	0	6.0	0.4857142857142854	-0.000292308	0
976	Iter0977	1	0	3	1	0	0	1.0	1.0	-5.09103e-05	0
977	Iter0978	1	0	3	1	0	0	1.0	1.0	-9.3635684e-11	0
978	Iter0979	1	2	4	3	0	0	0.375	1.0	-0.000307254	0
979	Iter0980	1	0	1	0	0	0	1.0	1.0	-0.0012344460000000002	0
980	Iter0981	0	1	1	3	0	0	1.0	1.0	-1.4051715030000001e-07	0
981	Iter0982	0	1	1	1	0	0	0.5	1.0	-5.7885765e-07	0
982	Iter0983	0	0	3	0	0	0	0.25	1.0	-2.14305248e-05	0
983	Iter0984	1	2	5	0	0	0	0.1111111111111111	0.10714285714285704	0.0	0
984	Iter0985	0	1	3	1	0	0	0.25	0.4000000000000002	-0.0011891974	0
985	Iter0986	1	0	1	0	0	0	1.0	1.0	-8.4783014e-05	0
986	Iter0987	1	1	3	2	0	0	0.6666666666666666	1.0	-2.5352300161684e-05	0
987	Iter0988	2	4	6	1	0	0	0.08333333333333333	0.10256410256410263	-9.1532931e-05	0
988	Iter0989	1	2	3	5	0	0	0.8333333333333334	1.0	0.0	0
989	Iter0990	1	0	0	1	0	0	4.0	1.0	-7.5774579e-05	0
990	Iter0991	1	2	5	6	0	0	0.6	1.0	-1.167931e-06	0
991	Iter0992	0	0	8	2	0	0	0.3333333333333333	1.0	-2.60516e-11	0
992	Iter0993	5	1	1	1	0	0	5.0	0.464285714285714	-0.00012032890000000001	0
993	Iter0994	1	2	4	4	0	0	0.5	1.0	-0.00024749922104224384	0
994	Iter0995	3	3	6	2	0	0	0.3333333333333333	0.5804195804195795	-0.00019810088	0
995	Iter0996	4	5	8	0	0	0	0.0925925925925926	0.029411764705882214	-0.000233272825962	0
996	Iter0997	7	5	5	1	0	0	0.28	0.6000323206205556	-0.00038783521851500004	0
997	Iter0998	2	1	8	0	0	0	0.16666666666666666	0.27272727272727204	-5.521479110000001e-05	0
998	Iter0999	0	0	2	3	0	0	1.3333333333333333	1.0	-5.45897e-05	0
999	Iter1000	1	1	2	1	0	0	0.5	1.0	-1.047e-05	0
