	IterId	dN	dS	pN	pS	bdN	bpN	MkScore	FSPVal	SelCoef	PosSel
0	Iter0001	5	6	4	2	0	0	0.4166666666666667	0.6199095022624437	0.0	0
1	Iter0002	8	5	7	3	0	0	0.6857142857142857	1.0	-1.4553899999999996e-06	0
2	Iter0003	7	4	9	6	0	0	1.1666666666666667	1.0	-0.0009191837000000001	0
3	Iter0004	2	3	8	6	0	0	0.5	0.6284829721362263	-3.68492e-05	0
4	Iter0005	6	5	5	4	0	0	0.96	1.0	-0.001110481	0
5	Iter0006	9	3	7	1	0	0	0.42857142857142855	0.6185758513931914	-0.0004965626962435	0
6	Iter0007	7	3	14	5	0	0	0.8333333333333335	1.0	-3.1276341e-06	0
7	Iter0008	4	4	8	5	0	0	0.625	0.6730650154798771	-5.8195617e-06	0
8	Iter0009	4	7	9	1	0	0	0.06349206349206349	0.023735810113519062	-0.0007164587924000001	0
9	Iter0010	5	4	8	4	0	0	0.625	0.6730650154798735	-0.00034893222000000003	0
10	Iter0011	7	3	7	5	0	0	1.666666666666667	0.6749226006191945	-8.026041999999998e-05	0
11	Iter0012	8	6	6	1	0	0	0.2222222222222222	0.33714310285517896	-1.17131957e-05	0
12	Iter0013	9	5	7	2	0	0	0.5142857142857143	0.6570197873199637	-3.4158099999999994e-06	0
13	Iter0014	6	5	8	3	0	0	0.45	0.6594427244582055	-0.00037019216	0
14	Iter0015	5	7	5	5	0	0	0.7142857142857143	1.0	-0.000275101000542446	0
15	Iter0016	5	5	6	0	0	0	0.14285714285714285	0.09340659340659302	-6.37043678149e-05	0
16	Iter0017	6	9	11	2	0	0	0.1212121212121212	0.02376048817696421	-4.6577099999999985e-06	0
17	Iter0018	6	7	6	6	0	0	0.8571428571428571	1.0	-1.407017e-05	0
18	Iter0019	7	7	9	2	0	0	0.2222222222222222	0.20771570870911465	-0.000196827654	0
19	Iter0020	7	11	7	3	0	0	0.2727272727272727	0.2364607170099153	-5.77807893e-05	0
20	Iter0021	4	7	7	6	0	0	0.4897959183673469	0.4441883160586887	-0.00032544572	0
21	Iter0022	11	4	11	7	0	0	1.75	0.7119528945204747	-7.26864e-05	0
22	Iter0023	3	6	6	2	0	0	0.16666666666666666	0.1534348004936238	-9.188789999999997e-06	0
23	Iter0024	8	11	1	4	0	0	2.9090909090909087	0.6146245059288573	-0.0003654964	0
24	Iter0025	4	7	11	2	0	0	0.10389610389610388	0.032743303270965245	0.0	0
25	Iter0026	12	3	6	5	0	0	3.333333333333333	0.21830663615560733	-0.0019059490863000002	0
26	Iter0027	9	4	6	5	0	0	1.875	0.6751749899044311	-1.3474331000000002e-07	0
27	Iter0028	7	6	13	6	0	0	0.5384615384615385	0.4734532503333634	-1.6513400000000004e-06	0
28	Iter0029	7	5	9	2	0	0	0.3111111111111111	0.3707093821510303	-0.000127174	0
29	Iter0030	7	3	7	5	0	0	1.666666666666667	0.6749226006191945	-0.000525101398	0
30	Iter0031	8	7	9	8	0	0	1.0158730158730158	1.0	-0.00023733577	0
31	Iter0032	4	8	9	0	0	0	0.05555555555555556	0.004599734630694357	-1.077076756e-06	0
32	Iter0033	6	3	3	3	0	0	2.0	0.6223776223776202	-0.0010810275	0
33	Iter0034	6	2	3	1	0	0	1.0	1.0	-9.86699e-07	0
34	Iter0035	5	1	9	6	0	0	3.333333333333333	0.6126160990712093	-0.0004782112349999999	0
35	Iter0036	6	7	5	4	0	0	0.6857142857142857	1.0	-1.19102e-06	0
36	Iter0037	8	8	8	3	0	0	0.375	0.4266792300444271	-0.000926077	0
37	Iter0038	6	3	8	6	0	0	1.5	1.0	-5.03573e-05	0
38	Iter0039	8	6	13	0	0	0	0.09183673469387756	0.01594202898550725	-0.00035032243741999993	0
39	Iter0040	4	7	10	4	0	0	0.22857142857142854	0.1159947503028678	-1.92314e-15	0
40	Iter0041	2	3	8	2	0	0	0.16666666666666666	0.25074925074925003	-0.000137876	0
41	Iter0042	8	3	8	2	0	0	0.6666666666666666	1.0	-0.0007642696	0
42	Iter0043	6	3	10	4	0	0	0.8	1.0	-1.0331e-06	0
43	Iter0044	6	3	7	1	0	0	0.2857142857142857	0.5764705882352921	-1.0615567609770001e-05	0
44	Iter0045	10	6	10	3	0	0	0.5	0.4542728635682203	-0.00060769733	0
45	Iter0046	8	5	9	1	0	0	0.17777777777777778	0.17902463669054014	-0.0003443429	0
46	Iter0047	4	7	14	8	0	0	0.32653061224489793	0.16305194177104934	-7.70145e-07	0
47	Iter0048	8	5	7	5	0	0	1.1428571428571432	1.0	-0.00046097134000000007	0
48	Iter0049	4	4	9	0	0	0	0.1	0.029411764705882217	-0.000920659	0
49	Iter0050	3	5	8	2	0	0	0.15	0.14479638009049808	-6.06485e-08	0
50	Iter0051	2	5	11	1	0	0	0.03636363636363637	0.00954592363261091	0.0	0
51	Iter0052	2	5	4	1	0	0	0.1	0.242424242424243	0.0	0
52	Iter0053	4	9	6	1	0	0	0.07407407407407407	0.05727554179566554	0.0	0
53	Iter0054	5	7	8	3	0	0	0.2678571428571429	0.213756898640462	-2.3475477212929002e-05	0
54	Iter0055	4	8	12	1	0	0	0.04166666666666666	0.0036074841836047883	-0.00012639700000000002	0
55	Iter0056	9	4	9	3	0	0	0.75	1.0	-0.00028879217603	0
56	Iter0057	7	6	9	5	0	0	0.6481481481481481	0.7035671018979761	-3.03037e-05	0
57	Iter0058	6	10	15	1	0	0	0.04	0.0020538118037755552	-0.00050001186	0
58	Iter0059	6	6	7	2	0	0	0.2857142857142857	0.36656346749225854	-4.1797121499999995e-05	0
59	Iter0060	7	5	5	2	0	0	0.5599999999999999	0.6561681352703008	-0.00095392655	0
60	Iter0061	8	1	6	0	0	0	0.6428571428571429	1.0	-0.000709432	0
61	Iter0062	5	9	10	3	0	0	0.16666666666666666	0.05423789653161089	-0.0006713977241	0
62	Iter0063	8	5	8	1	0	0	0.2	0.33303847854931323	-0.00018517740000000002	0
63	Iter0064	12	4	10	3	0	0	0.8999999999999999	1.0	-7.239072224000001e-05	0
64	Iter0065	6	8	10	3	0	0	0.225	0.12011187388761888	-0.00046169099999999997	0
65	Iter0066	5	9	5	4	0	0	0.4444444444444445	0.417283618252792	-1.12014e-08	0
66	Iter0067	5	3	10	3	0	0	0.5	0.6310629514963879	-6.50420244466e-05	0
67	Iter0068	7	4	9	7	0	0	1.3611111111111107	1.0	-0.0011795785241189	0
68	Iter0069	5	2	9	4	0	0	1.1111111111111112	1.0	0.0	0
69	Iter0070	6	4	6	6	0	0	1.5	0.6913550845439353	-0.000487709466	0
70	Iter0071	8	7	7	4	0	0	0.6530612244897959	0.7007167855700661	-0.0003368383877	0
71	Iter0072	11	10	5	5	0	0	1.1	1.0	-1.3721687000000002e-05	0
72	Iter0073	7	6	6	4	0	0	0.7777777777777778	1.0	-0.0007315781606799999	0
73	Iter0074	9	6	5	2	0	0	0.6	1.0	-0.00047283320000000005	0
74	Iter0075	5	6	10	6	0	0	0.5	0.4516534302508243	-0.0006980940078999999	0
75	Iter0076	3	3	4	4	0	0	1.0	1.0	-0.0005614130000000001	0
76	Iter0077	6	4	6	4	0	0	1.0	1.0	-0.00010344600000000001	0
77	Iter0078	4	1	12	1	0	0	0.3333333333333333	0.490196078431372	-3.21513626e-05	0
78	Iter0079	5	4	6	3	0	0	0.625	1.0	-5.483966885e-07	0
79	Iter0080	8	8	9	2	0	0	0.2222222222222222	0.12412916348843292	-4.9295347000000004e-05	0
80	Iter0081	8	3	5	3	0	0	1.6	1.0	-2.71670182646e-05	0
81	Iter0082	8	4	5	4	0	0	1.6	0.6730650154798735	-1.6182883669000002e-05	0
82	Iter0083	9	8	8	6	0	0	0.84375	1.0	-0.0008034148	0
83	Iter0084	7	6	4	2	0	0	0.5833333333333334	1.0	-9.28991e-05	0
84	Iter0085	5	3	7	2	0	0	0.4761904761904762	0.6199095022624421	-1.50669e-08	0
85	Iter0086	6	6	5	2	0	0	0.4	0.6332460109549873	0.0	0
86	Iter0087	8	6	7	4	0	0	0.7619047619047619	1.0	-0.0009847942	0
87	Iter0088	4	1	10	4	0	0	1.6	1.0	-1.81572e-09	0
88	Iter0089	14	9	5	1	0	0	0.3111111111111111	0.6328154604016748	-0.0025861162443	0
89	Iter0090	10	6	3	2	0	0	1.1111111111111112	1.0	-0.000113157932	0
90	Iter0091	7	8	11	3	0	0	0.23863636363636365	0.12813593203398466	-0.00076826122037	0
91	Iter0092	7	7	7	5	0	0	0.7142857142857143	0.7126881141472621	-0.0003528222600000001	0
92	Iter0093	7	5	12	3	0	0	0.35	0.3980676328502445	-0.000237719383	0
93	Iter0094	7	8	8	4	0	0	0.4375	0.4407950823349977	-8.36442e-05	0
94	Iter0095	11	5	5	4	0	0	1.7600000000000002	0.670738995827171	-0.0008452872000000001	0
95	Iter0096	7	5	7	7	0	0	1.4	0.7126881141472616	0.0	0
96	Iter0097	8	5	7	4	0	0	0.9142857142857144	1.0	-0.0003469184468	0
97	Iter0098	6	6	6	2	0	0	0.3333333333333333	0.37285067873303024	-3.444367e-05	0
98	Iter0099	5	6	9	6	0	0	0.5555555555555556	0.6921658365863537	-2.5963014139999997e-07	0
99	Iter0100	8	7	9	5	0	0	0.6349206349206349	0.7103816512796319	-0.000115387	0
100	Iter0101	4	6	8	2	0	0	0.16666666666666666	0.16980233388902116	-3.0403300000000003e-07	0
101	Iter0102	3	5	8	2	0	0	0.15	0.14479638009049808	0.0	0
102	Iter0103	7	4	10	4	0	0	0.7	1.0	-0.00033563212999999996	0
103	Iter0104	2	3	13	1	0	0	0.05128205128205128	0.03740970072239457	-0.00016523900000000002	0
104	Iter0105	6	5	7	1	0	0	0.17142857142857146	0.17698658410732676	-0.0016364310999999999	0
105	Iter0106	6	5	6	4	0	0	0.7999999999999999	1.0	-0.00046674478399999996	0
106	Iter0107	4	6	3	3	0	0	0.6666666666666666	1.0	0.0	0
107	Iter0108	3	11	11	4	0	0	0.09917355371900824	0.009220570313398705	-8.07116e-08	0
108	Iter0109	7	8	7	1	0	0	0.125	0.08575729022626312	-0.0005391176021183001	0
109	Iter0110	4	4	6	5	0	0	0.8333333333333334	1.0	-0.0005149185	0
110	Iter0111	9	7	7	1	0	0	0.1836734693877551	0.18931949730173012	-4.905637200000001e-05	0
111	Iter0112	5	9	6	2	0	0	0.1851851851851852	0.18266253869969068	-0.00049649152	0
112	Iter0113	14	2	6	1	0	0	1.1666666666666667	1.0	-5.390132068000001e-06	0
113	Iter0114	7	4	7	2	0	0	0.5	0.6424148606811141	-0.0013106253825100002	0
114	Iter0115	5	8	9	1	0	0	0.06944444444444445	0.02880603042132184	-0.0007829583000000002	0
115	Iter0116	6	3	9	3	0	0	0.6666666666666666	1.0	-0.000931044629	0
116	Iter0117	7	8	11	1	0	0	0.07954545454545454	0.019175027870680213	-6.527825510000001e-05	0
117	Iter0118	7	6	4	3	0	0	0.8750000000000001	1.0	-8.358718000000001e-05	0
118	Iter0119	6	4	6	7	0	0	1.75	0.6801722977520508	-1.2544409999999997e-05	0
119	Iter0120	11	4	7	5	0	0	1.9642857142857144	0.4479023646071735	-0.0005585351999999999	0
120	Iter0121	8	5	7	1	0	0	0.2285714285714286	0.3359133126934977	-0.0005749333100000001	0
121	Iter0122	8	8	11	2	0	0	0.18181818181818185	0.11421432141072388	-0.0005048426759	0
122	Iter0123	3	8	5	4	0	0	0.3	0.3618480590616816	-3.8482863e-05	0
123	Iter0124	2	6	9	1	0	0	0.037037037037037035	0.012820512820512872	-1.8445e-05	0
124	Iter0125	2	3	7	5	0	0	0.4761904761904762	0.6199095022624417	0.0	0
125	Iter0126	4	5	9	6	0	0	0.5333333333333333	0.6751749899044291	-0.0002715669	0
126	Iter0127	8	4	14	8	0	0	1.1428571428571428	1.0	-0.000783744	0
127	Iter0128	6	10	7	2	0	0	0.17142857142857146	0.0968421052631582	-0.0006383869999999999	0
128	Iter0129	4	10	11	0	0	0	0.03787878787878788	0.0005451608561044586	-1.89236e-06	0
129	Iter0130	5	10	6	5	0	0	0.4166666666666667	0.42586485395073614	-0.000934627	0
130	Iter0131	8	6	2	5	0	0	3.333333333333333	0.36145510835913386	0.0	0
131	Iter0132	10	10	10	5	0	0	0.5	0.491599246459732	-1.95454e-05	0
132	Iter0133	9	6	3	2	0	0	1.0	1.0	-0.00036369910099999996	0
133	Iter0134	6	3	17	1	0	0	0.1176470588235294	0.09333333333333407	-2.78937e-06	0
134	Iter0135	11	5	10	4	0	0	0.8800000000000001	1.0	-0.00098392935	0
135	Iter0136	7	4	10	7	0	0	1.225	1.0	-0.0009681820600000001	0
136	Iter0137	10	8	3	4	0	0	1.6666666666666667	0.6727688787185362	-1.6898599999999998e-05	0
137	Iter0138	5	3	11	3	0	0	0.4545454545454546	0.6243550051599605	-6.668180000000001e-05	0
138	Iter0139	3	8	8	5	0	0	0.234375	0.1228006076572504	-3.68638e-07	0
139	Iter0140	5	6	5	1	0	0	0.16666666666666669	0.30429864253393724	-4.78809e-05	0
140	Iter0141	5	8	6	1	0	0	0.10416666666666667	0.07027863777089786	-5.3559962000000015e-06	0
141	Iter0142	5	6	4	2	0	0	0.4166666666666667	0.6199095022624437	0.0	0
142	Iter0143	5	4	9	3	0	0	0.4166666666666667	0.3972136222910224	-7.13555e-05	0
143	Iter0144	9	6	11	3	0	0	0.4090909090909091	0.4269865067466328	-0.0012268350198829	0
144	Iter0145	7	5	6	2	0	0	0.4666666666666666	0.6424148606811138	-0.00048516039999999997	0
145	Iter0146	6	6	9	1	0	0	0.1111111111111111	0.0743034055727551	-0.0002948272	0
146	Iter0147	7	5	11	1	0	0	0.12727272727272726	0.15495259888852492	-0.0019928959136654	0
147	Iter0148	10	5	10	7	0	0	1.4	0.7256694233528521	-0.0009016146019999999	0
148	Iter0149	5	5	8	4	0	0	0.5	0.665634674922599	-0.000133316424	0
149	Iter0150	2	8	5	1	0	0	0.05	0.03496503496503492	-0.0004062663	0
150	Iter0151	8	7	11	2	0	0	0.20779220779220775	0.11449275362318855	-0.0007277456141499999	0
151	Iter0152	7	5	9	6	0	0	0.9333333333333332	1.0	-0.00030131314808	0
152	Iter0153	7	4	6	2	0	0	0.5833333333333334	1.0	-0.00098196138	0
153	Iter0154	7	6	7	5	0	0	0.8333333333333335	1.0	-1.0971870000000001e-07	0
154	Iter0155	10	6	8	3	0	0	0.6250000000000001	0.6924485125858217	0.0	0
155	Iter0156	9	6	6	2	0	0	0.5	0.6570197873199626	-0.00014335238843828001	0
156	Iter0157	9	8	7	4	0	0	0.6428571428571429	0.7046529366895522	-0.00016263083694	0
157	Iter0158	3	7	9	5	0	0	0.2380952380952381	0.21375689864046335	0.0	0
158	Iter0159	8	3	9	3	0	0	0.8888888888888888	1.0	-0.0004071072231	0
159	Iter0160	4	6	5	2	0	0	0.26666666666666666	0.3348416289592753	-0.0002383998336	0
160	Iter0161	5	4	5	2	0	0	0.5	0.632867132867131	-3.6795157288540004e-05	0
161	Iter0162	7	4	2	2	0	0	1.75	1.0	-0.000822272	0
162	Iter0163	12	2	9	2	0	0	1.3333333333333333	1.0	-0.00038291660005039866	0
163	Iter0164	7	6	9	1	0	0	0.12962962962962965	0.08862076138964002	-0.000131954949	0
164	Iter0165	5	8	7	2	0	0	0.17857142857142858	0.09907120743033958	-0.00040179695	0
165	Iter0166	5	8	6	1	0	0	0.10416666666666667	0.07027863777089786	-1.7869100000000004e-09	0
166	Iter0167	7	6	6	1	0	0	0.19444444444444445	0.3285345717234254	-2.503886898e-06	0
167	Iter0168	2	5	3	1	0	0	0.13333333333333333	0.2424242424242426	0.0	0
168	Iter0169	9	7	8	4	0	0	0.6428571428571429	0.7046529366895484	-4.14403e-05	0
169	Iter0170	1	9	8	6	0	0	0.08333333333333333	0.033339859763335616	0.0	0
170	Iter0171	5	6	11	6	0	0	0.4545454545454546	0.4409502015909347	-8.09502e-07	0
171	Iter0172	9	6	7	4	0	0	0.8571428571428571	1.0	-0.00011344484088	0
172	Iter0173	8	6	6	2	0	0	0.4444444444444444	0.649398004815961	-5.655558600000001e-05	0
173	Iter0174	2	7	12	4	0	0	0.09523809523809523	0.016836720958406333	0.0	0
174	Iter0175	9	9	6	2	0	0	0.3333333333333333	0.3945080091533208	-0.0010092236700000002	0
175	Iter0176	11	7	8	0	0	0	0.16666666666666666	0.06218303435694737	-0.00012447040000001074	0
176	Iter0177	3	8	15	5	0	0	0.125	0.02085086489013549	-1.26962e-05	0
177	Iter0178	10	1	5	1	0	0	2.0	1.0	-9.362773932e-05	0
178	Iter0179	6	9	8	4	0	0	0.3333333333333333	0.2518598285996341	-5.1478533430000005e-05	0
179	Iter0180	7	4	9	3	0	0	0.5833333333333334	0.6668461434917203	-0.00011467700526481781	0
180	Iter0181	7	7	4	4	0	0	1.0	1.0	-0.00168442350427	0
181	Iter0182	6	6	10	6	0	0	0.6	0.7021710285945046	0.0	0
182	Iter0183	5	11	3	6	0	0	0.9090909090909092	1.0	-4.1121637000000004e-05	0
183	Iter0184	6	5	4	1	0	0	0.3	0.5879120879120874	-0.0004916451300000001	0
184	Iter0185	11	3	8	3	0	0	1.375	1.0	-0.000266062729	0
185	Iter0186	5	4	10	5	0	0	0.625	0.6784560506124686	-0.002628628559	0
186	Iter0187	8	6	8	5	0	0	0.8333333333333333	1.0	-0.00017300290000000002	0
187	Iter0188	7	6	5	5	0	0	1.1666666666666667	1.0	-0.000270521874034	0
188	Iter0189	7	6	7	3	0	0	0.5	0.6692690806299653	-4.7600407400000005e-05	0
189	Iter0190	4	10	7	4	0	0	0.2285714285714286	0.11599475030286782	-0.0008342087	0
190	Iter0191	6	4	9	5	0	0	0.8333333333333333	1.0	-0.000237849180616	0
191	Iter0192	3	10	8	1	0	0	0.0375	0.007518796992481178	0.0	0
192	Iter0193	6	5	7	4	0	0	0.6857142857142857	1.0	-0.0002412367473	0
193	Iter0194	3	6	7	2	0	0	0.14285714285714285	0.15343480049362446	-0.000826728114	0
194	Iter0195	4	11	5	3	0	0	0.21818181818181814	0.1792973482299096	-5.966990000000002e-06	0
195	Iter0196	10	5	6	1	0	0	0.3333333333333333	0.6158176189135942	-0.001273085765	0
196	Iter0197	4	8	4	3	0	0	0.375	0.3765182186234813	0.0	0
197	Iter0198	8	8	5	1	0	0	0.2	0.33303847854931445	-0.00090973964144	0
198	Iter0199	4	3	14	3	0	0	0.2857142857142857	0.3068441855627194	-5.0893e-05	0
199	Iter0200	7	7	5	6	0	0	1.2	1.0	-5.694747888400002e-06	0
200	Iter0201	9	7	3	5	0	0	2.1428571428571432	0.6668461434917226	-1.087082e-08	0
201	Iter0202	5	9	5	3	0	0	0.3333333333333333	0.3777089783281729	-0.00028586879308879006	0
202	Iter0203	7	2	5	2	0	0	1.4	1.0	-0.00018710772999999998	0
203	Iter0204	3	6	5	5	0	0	0.5	0.6499166468206733	-1.76051e-07	0
204	Iter0205	6	8	7	6	0	0	0.6428571428571428	0.7063902723560866	-0.00020307174	0
205	Iter0206	6	6	8	1	0	0	0.125	0.15882352941176514	-0.0011967180389	0
206	Iter0207	2	7	10	3	0	0	0.0857142857142857	0.027421494913754733	-1.0763699999999997e-05	0
207	Iter0208	6	9	6	5	0	0	0.5555555555555556	0.6921658365863522	-0.000904857928	0
208	Iter0209	5	6	8	3	0	0	0.3125000000000001	0.3869969040247673	-0.0001473293	0
209	Iter0210	9	7	9	5	0	0	0.7142857142857143	0.7219663852284419	-0.00027824025450000003	0
210	Iter0211	10	5	8	3	0	0	0.75	1.0	-0.000624589507547	0
211	Iter0212	5	4	7	3	0	0	0.5357142857142857	0.6499166468206706	-3.0526953310000004e-05	0
212	Iter0213	5	3	7	4	0	0	0.9523809523809524	1.0	-0.00072544135	0
213	Iter0214	10	5	8	5	0	0	1.25	1.0	-0.0002219370100251077	0
214	Iter0215	9	8	6	6	0	0	1.125	1.0	-0.00072508634	0
215	Iter0216	11	8	8	4	0	0	0.6875	0.7172112561230906	-0.0002941583298	0
216	Iter0217	2	0	6	5	0	0	2.5714285714285707	0.4871794871794877	-1.95598e-07	0
217	Iter0218	6	4	6	4	0	0	1.0	1.0	-4.42735e-06	0
218	Iter0219	8	7	3	2	0	0	0.7619047619047619	1.0	-1.9893777999999995e-06	0
219	Iter0220	6	7	8	5	0	0	0.5357142857142857	0.6950975905236236	-7.55652e-06	0
220	Iter0221	6	6	6	5	0	0	0.8333333333333334	1.0	-4.07329000381052e-06	0
221	Iter0222	13	7	8	2	0	0	0.4642857142857143	0.6749038068378453	-2.0361e-11	0
222	Iter0223	7	6	10	6	0	0	0.7000000000000001	0.7162922298249481	-0.00045292199999999997	0
223	Iter0224	6	7	9	3	0	0	0.2857142857142857	0.2261946426167724	-7.762004e-05	0
224	Iter0225	9	9	7	4	0	0	0.5714285714285714	0.7021068413161887	-0.000398434211	0
225	Iter0226	5	7	3	6	0	0	1.4285714285714286	1.0	0.0	0
226	Iter0227	6	11	6	3	0	0	0.2727272727272727	0.21766590389016066	-0.00017489186726	0
227	Iter0228	4	4	6	0	0	0	0.14285714285714285	0.08491508491508501	-0.00041543418	0
228	Iter0229	9	8	3	3	0	0	1.125	1.0	-5.179732e-06	0
229	Iter0230	5	6	7	4	0	0	0.4761904761904762	0.6699214098594872	-0.000606956098	0
230	Iter0231	5	5	8	0	0	0	0.1111111111111111	0.03594771241830061	-9.32274e-08	0
231	Iter0232	5	4	11	3	0	0	0.3409090909090909	0.3630367478799311	-5.8882700000000005e-06	0
232	Iter0233	9	7	4	1	0	0	0.32142857142857145	0.6064671482628156	-0.00035568089999999996	0
233	Iter0234	9	9	7	2	0	0	0.2857142857142857	0.2311212814645328	-0.0001070550000687913	0
234	Iter0235	7	8	4	8	0	0	1.75	0.6959662583568953	-0.0002770169531	0
235	Iter0236	5	9	4	1	0	0	0.1388888888888889	0.1408668730650156	0.0	0
236	Iter0237	3	11	13	3	0	0	0.06293706293706294	0.0026719698286392373	-9.471107999999999e-08	0
237	Iter0238	5	10	8	1	0	0	0.0625	0.013056939022748728	0.0	0
238	Iter0239	12	4	6	2	0	0	1.0	1.0	-0.000955254751	0
239	Iter0240	5	4	6	2	0	0	0.4166666666666667	0.6199095022624428	-6.489178000000001e-06	0
240	Iter0241	8	3	10	2	0	0	0.5333333333333333	0.6404053612291543	-0.0005278930000050225	0
241	Iter0242	4	11	4	2	0	0	0.18181818181818185	0.1461742591773553	-1.84457e-05	0
242	Iter0243	3	4	7	4	0	0	0.42857142857142855	0.6304675716440441	-0.00046982493999999996	0
243	Iter0244	6	6	9	4	0	0	0.4444444444444444	0.42830798223179417	-0.00034448569100000006	0
244	Iter0245	8	5	5	4	0	0	1.28	1.0	-0.00112707309056836	0
245	Iter0246	7	5	7	0	0	0	0.16666666666666666	0.10603715170278656	-9.1445e-07	0
246	Iter0247	10	5	12	3	0	0	0.5	0.6816591704148057	-7.814925e-05	0
247	Iter0248	9	2	8	3	0	0	1.6875	1.0	-0.000618130772516	0
248	Iter0249	10	8	13	6	0	0	0.576923076923077	0.5076782010041396	-0.0003177251865	0
249	Iter0250	4	4	8	1	0	0	0.125	0.1312217194570132	0.0	0
250	Iter0251	3	5	3	5	0	0	1.0	1.0	-0.000157817	0
251	Iter0252	11	2	8	0	0	0	0.4444444444444444	0.5047619047619056	-0.0005714588885000001	0
252	Iter0253	8	4	9	8	0	0	1.7777777777777777	0.7031980250476361	-0.0002555789	0
253	Iter0254	2	3	5	3	0	0	0.4	0.5920745920745939	0.0	0
254	Iter0255	11	5	12	7	0	0	1.2833333333333334	1.0	-0.0007483791000000001	0
255	Iter0256	3	10	7	3	0	0	0.12857142857142856	0.03968040305366987	0.0	0
256	Iter0257	9	13	6	3	0	0	0.3461538461538461	0.25241250342570976	-3.18341e-05	0
257	Iter0258	6	8	10	5	0	0	0.375	0.2723034767446026	-3.49e-07	0
258	Iter0259	10	10	10	0	0	0	0.09090909090909093	0.01099373723061885	-8.956019548999999e-05	0
259	Iter0260	5	10	5	5	0	0	0.5	0.4422196796338703	-4.158426000000001e-05	0
260	Iter0261	6	5	8	3	0	0	0.45	0.6594427244582055	-0.000885407765	0
261	Iter0262	7	7	10	1	0	0	0.1	0.04210526315789485	-0.00102583176	0
262	Iter0263	5	9	9	2	0	0	0.1234567901234568	0.04188652577735929	-1.33281e-07	0
263	Iter0264	5	3	6	1	0	0	0.2777777777777778	0.5692307692307679	-5.89181e-05	0
264	Iter0265	4	4	12	5	0	0	0.4166666666666667	0.3942167672144812	-3.046073e-06	0
265	Iter0266	9	4	8	2	0	0	0.5625	0.6600196142530221	-1.746661e-08	0
266	Iter0267	7	3	7	1	0	0	0.33333333333333337	0.5882352941176492	-7.3703585900000005e-06	0
267	Iter0268	11	4	7	0	0	0	0.3	0.26315789473684204	-0.00085346757	0
268	Iter0269	2	5	6	1	0	0	0.06666666666666668	0.10256410256410242	0.0	0
269	Iter0270	5	7	14	3	0	0	0.15306122448979592	0.045973716438484274	-3.4162630999999995e-05	0
270	Iter0271	12	7	3	2	0	0	1.1428571428571428	1.0	-0.000168895642	0
271	Iter0272	2	6	4	4	0	0	0.3333333333333333	0.6083916083916083	-0.000347476	0
272	Iter0273	8	5	5	2	0	0	0.64	1.0	-0.001098322556	0
273	Iter0274	4	7	9	3	0	0	0.19047619047619047	0.09953271926619534	-0.00033146900000000003	0
274	Iter0275	4	6	6	3	0	0	0.3333333333333333	0.3698499642772095	-0.000744165588	0
275	Iter0276	5	12	12	1	0	0	0.034722222222222224	0.0007820150075338295	-0.0002763908	0
276	Iter0277	7	6	5	4	0	0	0.9333333333333332	1.0	-2.81031e-07	0
277	Iter0278	7	9	7	6	0	0	0.6666666666666666	0.7152491865522437	-0.0006092524595500001	0
278	Iter0279	4	4	8	3	0	0	0.375	0.3765182186234817	-4.31547e-09	0
279	Iter0280	4	4	2	2	0	0	1.0	1.0	-7.212325999999999e-05	0
280	Iter0281	3	10	9	4	0	0	0.13333333333333333	0.04717997038632392	-5.4525e-08	0
281	Iter0282	5	3	5	6	0	0	2.0	0.6499166468206706	-8.806686699999998e-07	0
282	Iter0283	3	5	7	5	0	0	0.4285714285714286	0.6499166468206725	-0.00055164149	0
283	Iter0284	4	3	8	2	0	0	0.3333333333333333	0.5927601809954732	0.0	0
284	Iter0285	8	5	11	1	0	0	0.14545454545454548	0.1602484472049686	-0.000314435005697468	0
285	Iter0286	3	4	12	3	0	0	0.1875	0.14466061544234926	0.0	0
286	Iter0287	11	5	6	2	0	0	0.7333333333333334	1.0	-0.00043047858768	0
287	Iter0288	11	8	7	3	0	0	0.5892857142857143	0.6941529235382389	-0.00019804724	0
288	Iter0289	6	6	9	5	0	0	0.5555555555555556	0.692165836586352	-0.000425306759217964	0
289	Iter0290	2	5	9	4	0	0	0.17777777777777778	0.15967492260061872	-3.6088227e-05	0
290	Iter0291	4	1	10	3	0	0	1.2	1.0	-9.08175e-12	0
291	Iter0292	6	6	11	5	0	0	0.4545454545454545	0.4409502015909341	-0.000200488960898	0
292	Iter0293	8	10	9	3	0	0	0.26666666666666666	0.14135413496259475	-0.000922686744	0
293	Iter0294	6	3	12	3	0	0	0.5	0.6349074266694399	0.0	0
294	Iter0295	6	7	10	2	0	0	0.17142857142857146	0.09684210526315808	-0.00017840389043000002	0
295	Iter0296	8	5	8	4	0	0	0.8	1.0	0.0	0
296	Iter0297	9	8	8	3	0	0	0.421875	0.4348770476916937	-3.1778347400000005e-06	0
297	Iter0298	14	7	10	5	0	0	1.0	1.0	-0.00043305267726	0
298	Iter0299	10	7	7	3	0	0	0.6122448979591837	0.6919307491389959	-0.0001021851	0
299	Iter0300	10	7	8	2	0	0	0.35714285714285715	0.40586644476805106	-0.000923299172	0
300	Iter0301	5	4	5	6	0	0	1.5	1.0	-0.0012094859	0
301	Iter0302	14	10	13	5	0	0	0.5384615384615384	0.5168038882599839	-0.00341288034	0
302	Iter0303	10	3	2	5	0	0	8.333333333333334	0.062332301341588875	-2.542066e-05	0
303	Iter0304	9	3	5	2	0	0	1.2	1.0	-9.65101e-05	0
304	Iter0305	8	3	6	2	0	0	0.8888888888888888	1.0	-0.001205594	0
305	Iter0306	6	7	7	1	0	0	0.12244897959183673	0.08503611971104214	-0.0001095560249	0
306	Iter0307	10	5	8	5	0	0	1.25	1.0	-4.7374299721299995e-05	0
307	Iter0308	4	6	7	6	0	0	0.5714285714285714	0.6801722977520508	-4.08482e-05	0
308	Iter0309	9	7	2	1	0	0	0.6428571428571429	1.0	-0.00032053936	0
309	Iter0310	10	5	7	4	0	0	1.1428571428571428	1.0	-0.000176078917	0
310	Iter0311	4	2	1	0	0	0	0.8333333333333334	1.0	-3.216141e-07	0
311	Iter0312	5	8	7	3	0	0	0.26785714285714285	0.21375689864046188	0.0	0
312	Iter0313	10	3	6	5	0	0	2.7777777777777786	0.3904518329070764	-9.37752268e-05	0
313	Iter0314	9	3	4	3	0	0	2.25	0.6168730650154765	-0.00101740787	0
314	Iter0315	3	7	9	3	0	0	0.14285714285714285	0.08355730956350094	-1.47859e-07	0
315	Iter0316	10	11	8	3	0	0	0.3409090909090909	0.2656381486676042	-7.528185000000001e-06	0
316	Iter0317	4	10	9	2	0	0	0.08888888888888889	0.015419302732534737	-3.17360545e-05	0
317	Iter0318	4	8	8	9	0	0	0.5625	0.7031980250476341	0.0	0
318	Iter0319	4	10	11	4	0	0	0.14545454545454548	0.026837729226202586	-0.00074526	0
319	Iter0320	8	4	4	1	0	0	0.5	1.0	-0.00010615111036347999	0
320	Iter0321	10	5	6	1	0	0	0.3333333333333333	0.6158176189135942	-0.00023228316547	0
321	Iter0322	12	6	5	2	0	0	0.8	1.0	-0.0004253328425	0
322	Iter0323	8	5	3	2	0	0	1.0666666666666669	1.0	-0.000595022	0
323	Iter0324	4	2	5	7	0	0	2.8	0.6199095022624432	-1.06668e-06	0
324	Iter0325	8	7	10	3	0	0	0.3428571428571428	0.2543096872616309	-3.601442e-05	0
325	Iter0326	4	1	9	4	0	0	1.7777777777777777	1.0	-7.00734e-05	0
326	Iter0327	9	2	10	4	0	0	1.8	0.6608695652173936	-0.0001699876	0
327	Iter0328	4	4	12	4	0	0	0.3333333333333333	0.3625418269381144	-2.92363e-05	0
328	Iter0329	6	6	8	3	0	0	0.375	0.4003230582850995	-2.14696e-12	0
329	Iter0330	8	5	7	2	0	0	0.4571428571428572	0.6478328173374585	-0.0001504123	0
330	Iter0331	9	3	5	5	0	0	3.0	0.3777089783281723	-6.2252595e-05	0
331	Iter0332	8	5	4	5	0	0	2.0	0.6656346749225968	-0.0005814872810000001	0
332	Iter0333	9	4	7	3	0	0	0.9642857142857142	1.0	-0.0002117840000828511	0
333	Iter0334	6	6	7	8	0	0	1.1428571428571428	1.0	-5.460100000523395e-06	0
334	Iter0335	12	5	7	2	0	0	0.6857142857142857	1.0	-0.00111902773	0
335	Iter0336	2	7	7	2	0	0	0.08163265306122447	0.056684491978609614	-0.00012701486296	0
336	Iter0337	14	5	12	1	0	0	0.2333333333333333	0.3605527305471715	-0.0016681416000151582	0
337	Iter0338	5	5	11	4	0	0	0.3636363636363637	0.39733476914793786	-1.1952e-05	0
338	Iter0339	6	4	6	1	0	0	0.25	0.3382352941176455	-0.00047854374280300005	0
339	Iter0340	6	4	7	5	0	0	1.0714285714285714	1.0	-7.8786e-06	0
340	Iter0341	7	4	5	3	0	0	1.05	1.0	-1.8722508868000002e-05	0
341	Iter0342	4	8	12	3	0	0	0.125	0.021991893630068527	0.0	0
342	Iter0343	10	6	7	1	0	0	0.2380952380952381	0.35214848715993063	-0.00014476194000000002	0
343	Iter0344	5	11	8	3	0	0	0.17045454545454547	0.054237896531610916	-2.7795182230000003e-07	0
344	Iter0345	10	6	7	2	0	0	0.4761904761904762	0.6607613896401121	-0.0004167811	0
345	Iter0346	7	5	3	8	0	0	3.733333333333333	0.2137568986404621	-0.00022211510620000002	0
346	Iter0347	1	6	10	4	0	0	0.06666666666666668	0.023735810113519062	-4.79932e-07	0
347	Iter0348	7	3	8	6	0	0	1.7500000000000002	0.6784560506124708	-8.362576e-05	0
348	Iter0349	6	7	9	6	0	0	0.5714285714285714	0.7050795146433849	-7.05202e-07	0
349	Iter0350	5	7	8	7	0	0	0.625	0.7035671018979739	-3.0661200000000007e-06	0
350	Iter0351	5	6	7	8	0	0	0.9523809523809524	1.0	-1.56629e-05	0
351	Iter0352	7	6	10	1	0	0	0.11666666666666667	0.07780320366132723	0.0	0
352	Iter0353	8	7	10	3	0	0	0.3428571428571428	0.2543096872616309	-0.000193990803	0
353	Iter0354	6	6	11	3	0	0	0.2727272727272728	0.21766590389016066	-4.147338000000129e-05	0
354	Iter0355	7	5	7	4	0	0	0.7999999999999999	1.0	0.0	0
355	Iter0356	10	4	7	13	0	0	4.642857142857143	0.07986436889082474	-0.000171748868	0
356	Iter0357	6	4	14	3	0	0	0.3214285714285714	0.3648187561231071	-1.909686e-05	0
357	Iter0358	2	4	2	6	0	0	1.5	1.0	0.0	0
358	Iter0359	5	4	9	4	0	0	0.5555555555555556	0.6619195046439584	-0.00019764581	0
359	Iter0360	9	12	15	2	0	0	0.1	0.006345722808459227	-1.410445904e-05	0
360	Iter0361	9	16	10	4	0	0	0.225	0.048372065057271485	-0.0005749299	0
361	Iter0362	6	4	11	1	0	0	0.13636363636363635	0.13533834586466106	-1.096649e-05	0
362	Iter0363	5	6	3	4	0	0	1.1111111111111112	1.0	-3.82976e-05	0
363	Iter0364	4	1	3	3	0	0	4.0	0.5454545454545454	-7.96771e-05	0
364	Iter0365	5	7	8	6	0	0	0.5357142857142858	0.6950975905236227	-0.00020135557899999998	0
365	Iter0366	8	8	3	5	0	0	1.6666666666666667	0.6791851752142516	-0.0002995930188	0
366	Iter0367	7	3	8	2	0	0	0.5833333333333334	1.0	-0.000723835	0
367	Iter0368	2	7	8	4	0	0	0.14285714285714285	0.08049535603715177	-3.3513600000000004e-05	0
368	Iter0369	8	7	4	3	0	0	0.8571428571428571	1.0	-0.0001554015158104	0
369	Iter0370	9	1	8	5	0	0	5.625	0.17902463669054014	-0.0008739109000000001	0
370	Iter0371	5	11	6	3	0	0	0.2272727272727273	0.11532103917081778	-0.0016101050000000001	0
371	Iter0372	4	6	14	3	0	0	0.14285714285714285	0.03930272625924814	-0.00071530483	0
372	Iter0373	7	8	6	4	0	0	0.5833333333333334	0.6881679903082514	-0.000152312286354	0
373	Iter0374	5	14	6	3	0	0	0.17857142857142858	0.09463290332855506	-4.7280907817290004e-05	0
374	Iter0375	4	8	10	3	0	0	0.15	0.04717997038632395	-3.14071e-05	0
375	Iter0376	9	9	8	4	0	0	0.5	0.4650818951426569	-0.0015204154999999997	0
376	Iter0377	9	5	8	0	0	0	0.1851851851851852	0.11536416799574715	-0.00044667510399999997	0
377	Iter0378	8	6	11	5	0	0	0.606060606060606	0.7065200732966916	-0.00012021880065499999	0
378	Iter0379	6	6	8	5	0	0	0.625	0.6950975905236244	-9.73168e-06	0
379	Iter0380	5	2	12	2	0	0	0.4166666666666667	0.5742690058479574	-0.0001510957703	0
380	Iter0381	10	5	9	1	0	0	0.2222222222222222	0.3448616600790536	-0.00010521661030000001	0
381	Iter0382	3	6	6	5	0	0	0.4166666666666667	0.4058585377470822	-4.95401e-08	0
382	Iter0383	8	4	3	3	0	0	2.0	0.6266968325791863	-5.9244471999999995e-05	0
383	Iter0384	5	7	3	2	0	0	0.4761904761904762	0.6199095022624422	-1.06831e-06	0
384	Iter0385	2	5	6	3	0	0	0.2	0.3146853146853139	0.0	0
385	Iter0386	6	12	10	2	0	0	0.1	0.010610484231568558	-0.00014460799999999998	0
386	Iter0387	5	4	3	4	0	0	1.6666666666666667	1.0	-0.0006384756	0
387	Iter0388	3	6	7	2	0	0	0.14285714285714285	0.15343480049362446	-0.000806392	0
388	Iter0389	10	9	11	5	0	0	0.5050505050505051	0.4906379068530357	-0.00042814458099999994	0
389	Iter0390	8	7	3	4	0	0	1.5238095238095235	1.0	-0.00020159314899999997	0
390	Iter0391	7	4	9	4	0	0	0.7777777777777778	1.0	-0.0006325251	0
391	Iter0392	11	6	6	4	0	0	1.2222222222222219	1.0	-1.0462603556000001e-06	0
392	Iter0393	4	7	4	3	0	0	0.42857142857142855	0.6304675716440449	-1.02792e-11	0
393	Iter0394	6	5	9	5	0	0	0.6666666666666666	0.6968299905774696	-7.031390000000001e-06	0
394	Iter0395	6	3	7	7	0	0	2.0	0.6692690806299604	-9.759231e-05	0
395	Iter0396	10	6	7	2	0	0	0.4761904761904762	0.6607613896401121	-0.00021809651	0
396	Iter0397	6	8	5	2	0	0	0.3	0.36145510835913375	-7.7243201e-05	0
397	Iter0398	10	9	4	6	0	0	1.6666666666666667	0.6998500749625272	-8.010864888000001e-05	0
398	Iter0399	7	10	11	1	0	0	0.06363636363636363	0.008000800062663908	-8.533530437852e-06	0
399	Iter0400	10	6	7	5	0	0	1.190476190476191	1.0	-0.0005024049453000001	0
400	Iter0401	6	4	11	6	0	0	0.8181818181818182	1.0	-7.33490091e-05	0
401	Iter0402	3	3	6	7	0	0	1.1666666666666667	1.0	-0.0001238147049	0
402	Iter0403	5	7	10	2	0	0	0.14285714285714285	0.08937945887737253	-0.0002089185	0
403	Iter0404	8	6	7	5	0	0	0.9523809523809524	1.0	-0.00031969637	0
404	Iter0405	5	11	5	1	0	0	0.09090909090909093	0.05572755417956662	-6.535091769e-05	0
405	Iter0406	10	10	9	4	0	0	0.4444444444444444	0.3095420031919492	-0.0009513718325	0
406	Iter0407	6	4	11	5	0	0	0.6818181818181818	0.6924485125858171	-3.422960808309e-05	0
407	Iter0408	2	5	7	1	0	0	0.05714285714285715	0.04055944055944045	0.0	0
408	Iter0409	8	5	7	2	0	0	0.4571428571428572	0.6478328173374585	-0.0012436992269000001	0
409	Iter0410	6	3	3	5	0	0	3.333333333333333	0.34693541752365226	-0.0010421298	0
410	Iter0411	5	5	3	2	0	0	0.6666666666666666	1.0	-1.635724e-05	0
411	Iter0412	4	5	5	3	0	0	0.48	0.6371863430686948	-1.0633220999999996e-05	0
412	Iter0413	5	7	5	4	0	0	0.5714285714285714	0.6699214098594893	-0.0007375884115999999	0
413	Iter0414	4	5	7	3	0	0	0.3428571428571429	0.3698499642772078	-0.00017024058	0
414	Iter0415	8	2	7	5	0	0	2.8571428571428568	0.3808049535603714	-0.00115703632	0
415	Iter0416	8	5	6	3	0	0	0.8	1.0	-7.0320778e-05	0
416	Iter0417	2	2	11	4	0	0	0.3636363636363637	0.5572755417956642	-7.021276670000001e-06	0
417	Iter0418	7	3	6	3	0	0	1.1666666666666667	1.0	-0.00016794546084278499	0
418	Iter0419	1	5	4	2	0	0	0.1	0.24242424242424304	0.0	0
419	Iter0420	2	5	5	2	0	0	0.16	0.28613053613053563	0.0	0
420	Iter0421	5	6	11	4	0	0	0.30303030303030304	0.2279714631848177	-2.31197e-06	0
421	Iter0422	3	0	5	7	0	0	5.333333333333333	0.19999999999999934	-5.34329e-05	0
422	Iter0423	5	11	7	5	0	0	0.3246753246753247	0.24953303976052585	-2.168421e-05	0
423	Iter0424	8	10	8	3	0	0	0.30000000000000004	0.24903412955176876	-2.944687643e-06	0
424	Iter0425	6	7	9	4	0	0	0.3809523809523809	0.4283079822317955	-1.00216e-07	0
425	Iter0426	9	3	6	0	0	0	0.35714285714285715	0.5147058823529426	-0.000549842495694	0
426	Iter0427	7	6	4	4	0	0	1.1666666666666667	1.0	-0.00017407799999999998	0
427	Iter0428	6	7	7	2	0	0	0.24489795918367346	0.20309597523219752	-1.27192e-05	0
428	Iter0429	8	7	8	2	0	0	0.2857142857142857	0.2289626647413719	-0.00034150900000000004	0
429	Iter0430	7	4	7	6	0	0	1.5	0.6968299905774671	-2.5320601e-05	0
430	Iter0431	2	4	7	3	0	0	0.21428571428571427	0.3024475524475516	-2.36278e-07	0
431	Iter0432	10	4	8	9	0	0	2.8125	0.2749422232856413	-0.0004951003499	0
432	Iter0433	6	6	5	4	0	0	0.8	1.0	-0.0003596607	0
433	Iter0434	12	9	7	1	0	0	0.19047619047619047	0.20080519180969145	-0.0001650627819	0
434	Iter0435	3	8	7	3	0	0	0.1607142857142857	0.08610893750212661	-1.39522e-05	0
435	Iter0436	10	4	11	3	0	0	0.6818181818181819	1.0	-1.890854e-05	0
436	Iter0437	8	3	3	2	0	0	1.7777777777777777	1.0	-0.000114503826	0
437	Iter0438	4	6	5	4	0	0	0.5333333333333333	0.6562817986966591	-0.000674472934	0
438	Iter0439	5	8	9	2	0	0	0.1388888888888889	0.04717997038632398	-9.630959100000001e-06	0
439	Iter0440	5	4	10	3	0	0	0.375	0.3761609907120728	-0.0003363395	0
440	Iter0441	14	5	9	3	0	0	0.9333333333333332	1.0	-0.0006876418167313001	0
441	Iter0442	7	5	9	2	0	0	0.3111111111111111	0.3707093821510303	-0.00048815930000000005	0
442	Iter0443	7	6	11	7	0	0	0.7424242424242424	0.7269541508653845	-0.00023855783533	0
443	Iter0444	5	10	4	1	0	0	0.125	0.12732198142414833	-0.00056719323	0
444	Iter0445	7	4	7	2	0	0	0.5	0.6424148606811141	-2.60118e-14	0
445	Iter0446	3	7	10	4	0	0	0.17142857142857146	0.0953021941041865	-7.6087646418e-05	0
446	Iter0447	2	6	9	6	0	0	0.2222222222222222	0.19302732534661485	-3.6848600000000003e-07	0
447	Iter0448	5	5	5	6	0	0	1.2	1.0	-0.00026515362	0
448	Iter0449	11	4	6	4	0	0	1.8333333333333333	0.6668192219679667	-7.214015599999998e-05	0
449	Iter0450	5	6	4	1	0	0	0.20833333333333331	0.3076923076923075	-2.47355e-05	0
450	Iter0451	4	8	9	4	0	0	0.2222222222222222	0.11523854393015745	-4.91465e-05	0
451	Iter0452	7	9	9	8	0	0	0.6913580246913579	0.7318573310967598	-0.000582603	0
452	Iter0453	7	8	9	3	0	0	0.2916666666666667	0.2388298111006443	-3.0161312480000007e-05	0
453	Iter0454	10	6	6	2	0	0	0.5555555555555556	0.6674131270981487	-0.00048754229240000014	0
454	Iter0455	7	5	9	1	0	0	0.15555555555555556	0.16187527642635974	-0.0006583470000000001	0
455	Iter0456	6	6	4	4	0	0	1.0	1.0	-4.1091619999999996e-07	0
456	Iter0457	6	5	4	3	0	0	0.9	1.0	-0.000794058	0
457	Iter0458	9	7	7	6	0	0	1.1020408163265307	1.0	-0.00012040300999999999	0
458	Iter0459	7	1	6	5	0	0	5.833333333333334	0.17698658410732676	-1.02522e-06	0
459	Iter0460	6	4	7	5	0	0	1.0714285714285714	1.0	-3.0592e-05	0
460	Iter0461	10	7	5	4	0	0	1.1428571428571428	1.0	-0.001788175	0
461	Iter0462	1	4	5	6	0	0	0.3	0.5879120879120873	0.0	0
462	Iter0463	8	4	9	7	0	0	1.5555555555555554	0.7046529366895491	0.0	0
463	Iter0464	9	2	5	3	0	0	2.7	0.6026831785345741	-1.385785449e-06	0
464	Iter0465	8	4	2	2	0	0	2.0	0.604395604395601	-0.000304070889	0
465	Iter0466	7	4	7	2	0	0	0.5	0.6424148606811141	-2.4032622831e-05	0
466	Iter0467	6	6	9	6	0	0	0.6666666666666666	0.7068246062727207	-5.5954563949999994e-05	0
467	Iter0468	8	7	9	4	0	0	0.5079365079365079	0.4600686498855827	-1.6960499748109997e-05	0
468	Iter0469	7	4	7	3	0	0	0.75	1.0	-0.00031420383390000004	0
469	Iter0470	4	7	8	2	0	0	0.14285714285714285	0.08049535603715191	-8.07905e-07	0
470	Iter0471	5	10	7	2	0	0	0.14285714285714285	0.08937945887737257	-0.0015008309999999998	0
471	Iter0472	7	4	10	0	0	0	0.14545454545454548	0.09022556390977532	-0.00025348931000000003	0
472	Iter0473	6	5	12	1	0	0	0.1	0.060804184373978075	-0.00010161739582999999	0
473	Iter0474	7	5	8	2	0	0	0.35	0.3808049535603714	-0.00035862261985	0
474	Iter0475	3	5	7	2	0	0	0.17142857142857146	0.15343480049362426	-8.51966e-06	0
475	Iter0476	2	7	8	2	0	0	0.07142857142857142	0.02301413756522113	-0.000485497	0
476	Iter0477	2	6	10	1	0	0	0.03333333333333333	0.006271334444709049	0.0	0
477	Iter0478	9	8	7	4	0	0	0.6428571428571429	0.7046529366895522	-0.00021530891	0
478	Iter0479	6	6	10	5	0	0	0.5	0.4516534302508235	-1.88645e-09	0
479	Iter0480	13	8	5	0	0	0	0.25925925925925924	0.2805107935542719	-0.000595246467	0
480	Iter0481	5	7	13	2	0	0	0.10989010989010987	0.036918382913806634	-0.000587071	0
481	Iter0482	8	5	6	2	0	0	0.5333333333333333	0.6556587547299639	-0.00069752874	0
482	Iter0483	7	6	6	5	0	0	0.9722222222222224	1.0	-6.19917728e-05	0
483	Iter0484	9	10	5	2	0	0	0.36	0.3913043478260896	-0.00105803372	0
484	Iter0485	8	8	4	0	0	0	0.2	0.11661506707946333	-0.00025222499999999996	0
485	Iter0486	6	7	5	6	0	0	1.0285714285714285	1.0	-0.0003572877	0
486	Iter0487	5	3	8	9	0	0	1.875	0.6727688787185361	-7.36748e-07	0
487	Iter0488	8	9	8	5	0	0	0.5555555555555555	0.4836518582813897	-1.16231379e-06	0
488	Iter0489	8	6	8	3	0	0	0.5	0.6766186566159713	-1.20053e-08	0
489	Iter0490	5	3	8	4	0	0	0.8333333333333334	1.0	-3.09647523e-05	0
490	Iter0491	3	4	9	3	0	0	0.25	0.3260895451297916	0.0	0
491	Iter0492	6	3	12	2	0	0	0.3333333333333333	0.3428333680049924	-0.00018862900000000005	0
492	Iter0493	9	7	4	2	0	0	0.6428571428571429	1.0	-0.000663900665135759	0
493	Iter0494	10	9	6	4	0	0	0.7407407407407408	1.0	-1.75773000699104e-06	0
494	Iter0495	11	8	7	6	0	0	1.1785714285714286	1.0	-0.00048233271999999997	0
495	Iter0496	5	7	8	4	0	0	0.35714285714285715	0.4136492125454279	-6.644707e-05	0
496	Iter0497	3	3	3	6	0	0	2.0	0.6223776223776207	-2.03524e-09	0
497	Iter0498	10	3	5	7	0	0	4.666666666666667	0.11070130569390248	-0.0011469457000000001	0
498	Iter0499	6	3	8	3	0	0	0.75	1.0	-0.00030195052	0
499	Iter0500	4	9	3	1	0	0	0.14814814814814814	0.2499999999999995	-0.00068538848	0
500	Iter0501	3	6	2	2	0	0	0.5	1.0	-6.61443756257e-06	0
501	Iter0502	8	3	9	1	0	0	0.2962962962962963	0.5864661654135377	-0.0007736800000000001	0
502	Iter0503	11	4	7	1	0	0	0.3928571428571429	0.6213854795090467	-0.0010844582750000002	0
503	Iter0504	5	3	10	2	0	0	0.33333333333333337	0.3472652218782256	-0.000471773	0
504	Iter0505	3	8	10	8	0	0	0.3	0.24903412955176785	-1.31896e-05	0
505	Iter0506	8	7	9	4	0	0	0.5079365079365079	0.4600686498855827	-0.0009091810599999998	0
506	Iter0507	8	7	11	6	0	0	0.6233766233766234	0.7197909109961221	-0.000862887106	0
507	Iter0508	9	14	8	0	0	0	0.07407407407407407	0.003462283195319953	-2.14294e-05	0
508	Iter0509	4	6	12	3	0	0	0.16666666666666666	0.0872208421542125	0.0	0
509	Iter0510	12	8	9	2	0	0	0.3333333333333333	0.261717032302708	-4.9626288722700005e-06	0
510	Iter0511	6	2	7	6	0	0	2.5714285714285707	0.39986240110079024	-0.000189946	0
511	Iter0512	7	5	3	2	0	0	0.9333333333333332	1.0	-0.00113691559879	0
512	Iter0513	4	10	6	3	0	0	0.2	0.1023017902813294	0.0	0
513	Iter0514	4	11	2	3	0	0	0.5454545454545455	0.6126160990712086	-5.0831499999999996e-05	0
514	Iter0515	10	11	5	2	0	0	0.3636363636363637	0.395531400966184	-0.00037909464892999997	0
515	Iter0516	12	6	6	3	0	0	1.0	1.0	-0.00025362946999999997	0
516	Iter0517	7	3	8	0	0	0	0.2222222222222222	0.2156862745098044	-0.0003141922	0
517	Iter0518	9	8	7	3	0	0	0.4821428571428571	0.4475464022374834	-0.0003208217	0
518	Iter0519	2	6	9	4	0	0	0.14814814814814814	0.08049535603715191	0.0	0
519	Iter0520	5	8	9	3	0	0	0.20833333333333331	0.11070130569390252	-0.0005913872100000001	0
520	Iter0521	7	8	6	6	0	0	0.875	1.0	-2.019595662e-05	0
521	Iter0522	6	8	6	1	0	0	0.125	0.1588235294117652	-0.000316314847	0
522	Iter0523	6	5	4	4	0	0	1.2	1.0	-0.00042555109999999996	0
523	Iter0524	5	6	5	2	0	0	0.33333333333333337	0.36651583710407337	-5.529079999999999e-07	0
524	Iter0525	8	7	14	5	0	0	0.4081632653061225	0.2882695748899792	-0.0003214658	0
525	Iter0526	7	7	11	3	0	0	0.2727272727272728	0.23646071700991506	-0.00010785700000000001	0
526	Iter0527	5	4	9	3	0	0	0.4166666666666667	0.3972136222910224	-2.8298709000000002e-05	0
527	Iter0528	12	7	6	7	0	0	2.0	0.472697441601786	-0.00042465376526	0
528	Iter0529	8	5	4	6	0	0	2.4000000000000004	0.4136492125454283	-0.0005578874	0
529	Iter0530	5	5	6	1	0	0	0.16666666666666666	0.30429864253393674	-0.0001725356	0
530	Iter0531	4	3	9	10	0	0	1.4814814814814814	1.0	-2.8390445999999998e-05	0
531	Iter0532	5	5	7	2	0	0	0.2857142857142857	0.3498452012383896	-0.000143787	0
532	Iter0533	8	9	9	3	0	0	0.2962962962962963	0.2509685007120531	-0.001369960151	0
533	Iter0534	3	3	11	1	0	0	0.09090909090909093	0.08333333333333333	-1.78241745e-05	0
534	Iter0535	11	5	11	4	0	0	0.8	1.0	-0.0003838167314476	0
535	Iter0536	8	5	10	0	0	0	0.13636363636363635	0.04573687182382798	-0.0017617310131988002	0
536	Iter0537	9	6	6	2	0	0	0.5	0.6570197873199626	-0.00067739459186	0
537	Iter0538	12	5	5	1	0	0	0.48	1.0	-7.408522e-09	0
538	Iter0539	4	8	6	3	0	0	0.25	0.19838056680161925	-0.00137216123	0
539	Iter0540	7	5	14	2	0	0	0.2	0.10308435525826792	-7.5343475e-05	0
540	Iter0541	7	4	10	2	0	0	0.35	0.370709382151028	-0.00034704399	0
541	Iter0542	7	11	6	2	0	0	0.21212121212121213	0.20155606407322527	-0.00015673254000000001	0
542	Iter0543	10	2	8	5	0	0	3.125	0.3782608695652168	-0.0010640407422386	0
543	Iter0544	7	10	6	3	0	0	0.35	0.4109839816933635	-3.416385931e-05	0
544	Iter0545	5	10	4	1	0	0	0.125	0.12732198142414833	-7.46206e-06	0
545	Iter0546	7	5	6	1	0	0	0.2333333333333333	0.3330753353973148	-4.25172e-07	0
546	Iter0547	4	5	4	4	0	0	0.8	1.0	-4.10618e-07	0
547	Iter0548	12	5	11	6	0	0	1.3090909090909093	1.0	-0.0007042610000000001	0
548	Iter0549	8	5	6	1	0	0	0.26666666666666666	0.3543601651186789	-6.63572e-05	0
549	Iter0550	4	6	5	5	0	0	0.6666666666666666	1.0	-1.2803043420000001e-05	0
550	Iter0551	1	8	3	10	0	0	0.4166666666666667	0.6161312371838659	0.0	0
551	Iter0552	7	9	10	4	0	0	0.3111111111111111	0.15897840553407666	-0.00018708871352000002	0
552	Iter0553	7	7	16	3	0	0	0.1875	0.056868743047830274	-0.0007768467272000001	0
553	Iter0554	7	10	8	0	0	0	0.08080808080808081	0.007655502392344542	-5.098989000011709e-06	0
554	Iter0555	6	9	6	2	0	0	0.2222222222222222	0.19302732534661424	-0.00045742265	0
555	Iter0556	8	2	7	1	0	0	0.5714285714285714	1.0	-0.001033162205	0
556	Iter0557	8	6	8	4	0	0	0.6666666666666666	0.7014941445685826	-6.954906984299999e-05	0
557	Iter0558	7	4	4	5	0	0	2.1875	0.6534174803524648	-0.00013608495000000002	0
558	Iter0559	7	7	2	1	0	0	0.5	1.0	0.0	0
559	Iter0560	4	6	6	1	0	0	0.1111111111111111	0.13399835458658976	0.0	0
560	Iter0561	4	8	6	2	0	0	0.16666666666666666	0.16980233388902088	-0.0012652896000000002	0
561	Iter0562	7	3	9	1	0	0	0.2592592592592593	0.582043343653256	-0.0006280638	0
562	Iter0563	4	3	8	2	0	0	0.3333333333333333	0.5927601809954732	-5.44811e-05	0
563	Iter0564	6	5	8	1	0	0	0.15	0.1571207430340557	-7.31554440050808e-05	0
564	Iter0565	8	2	12	5	0	0	1.6666666666666667	0.6783892436066425	-2.1356507e-05	0
565	Iter0566	13	8	8	5	0	0	1.015625	1.0	-0.001714403629	0
566	Iter0567	4	6	6	3	0	0	0.3333333333333333	0.3698499642772095	-1.77305e-06	0
567	Iter0568	10	9	3	6	0	0	2.2222222222222223	0.4347826086956498	-8.9354687e-05	0
568	Iter0569	6	12	6	2	0	0	0.16666666666666666	0.0895194508009156	-0.0011428798861	0
569	Iter0570	5	9	9	5	0	0	0.308641975308642	0.2568003769013332	-0.0007890130000000001	0
570	Iter0571	6	5	9	4	0	0	0.5333333333333333	0.6751749899044311	-3.853407239999999e-06	0
571	Iter0572	6	5	8	6	0	0	0.9	1.0	-0.0002356920110404	0
572	Iter0573	6	5	4	3	0	0	0.9	1.0	-4.7816100000000005e-05	0
573	Iter0574	13	8	4	5	0	0	2.03125	0.4433583208395806	-0.00097348479	0
574	Iter0575	6	3	1	1	0	0	2.0	1.0	-0.00010663908000000001	0
575	Iter0576	8	8	8	4	0	0	0.5	0.4589440352800147	-1.0265467914e-05	0
576	Iter0577	4	4	8	7	0	0	0.875	1.0	-0.000454192	0
577	Iter0578	7	10	6	5	0	0	0.5833333333333334	0.7000381388253252	-0.0001778691	0
578	Iter0579	8	5	11	3	0	0	0.4363636363636364	0.4197101449275399	-0.00092689795	0
579	Iter0580	11	6	6	8	0	0	2.4444444444444438	0.28948151466617544	-0.00035561238149999994	0
580	Iter0581	9	3	10	2	0	0	0.6	1.0	-0.0008043010000000001	0
581	Iter0582	10	11	6	2	0	0	0.30303030303030304	0.2378477427952705	-0.00012909222000000002	0
582	Iter0583	10	5	8	5	0	0	1.25	1.0	-0.00052435855	0
583	Iter0584	8	6	12	3	0	0	0.3333333333333333	0.245077461269368	-0.00042205	0
584	Iter0585	5	6	6	1	0	0	0.1388888888888889	0.15073529411764736	-5.950439490000001e-07	0
585	Iter0586	4	6	5	2	0	0	0.26666666666666666	0.3348416289592753	-9.246409e-05	0
586	Iter0587	6	2	7	1	0	0	0.42857142857142855	1.0	-0.00108942915	0
587	Iter0588	4	5	15	2	0	0	0.10666666666666667	0.028276071754332683	-1.1147459999999999e-07	0
588	Iter0589	7	9	10	6	0	0	0.4666666666666667	0.4794877603643103	-5.105429999999999e-07	0
589	Iter0590	9	7	5	7	0	0	1.8	0.7035671018979679	-0.00052700621043	0
590	Iter0591	8	5	10	4	0	0	0.64	0.6945842868039729	-0.0002347520734	0
591	Iter0592	6	5	14	1	0	0	0.08571428571428573	0.05384615384615391	-0.000447922	0
592	Iter0593	6	3	10	0	0	0	0.1590909090909091	0.0866873065015484	-1.69049167e-05	0
593	Iter0594	5	9	8	2	0	0	0.1388888888888889	0.04717997038632398	-2.869025e-05	0
594	Iter0595	7	3	6	4	0	0	1.5555555555555556	1.0	-4.924678599999999e-05	0
595	Iter0596	6	4	10	9	0	0	1.35	1.0	-0.000701800132537524	0
596	Iter0597	10	5	6	1	0	0	0.3333333333333333	0.6158176189135942	-2.68251e-11	0
597	Iter0598	8	7	6	3	0	0	0.5714285714285714	0.6784560506124666	-1.6268299999999998e-05	0
598	Iter0599	10	6	3	1	0	0	0.5555555555555556	1.0	-0.00013909909999999998	0
599	Iter0600	5	9	6	7	0	0	0.6481481481481483	0.7035671018979742	-5.5303489999999996e-05	0
600	Iter0601	6	5	9	1	0	0	0.13333333333333333	0.14860681114551128	-2.68373e-06	0
601	Iter0602	7	3	6	4	0	0	1.5555555555555556	1.0	-0.0003821547	0
602	Iter0603	4	11	3	5	0	0	0.6060606060606061	0.6570197873199641	-4.22344e-06	0
603	Iter0604	7	5	8	1	0	0	0.175	0.17779743476337898	-0.0002093225	0
604	Iter0605	4	4	4	4	0	0	1.0	1.0	-0.000111018	0
605	Iter0606	5	4	9	8	0	0	1.1111111111111112	1.0	0.0	0
606	Iter0607	9	7	7	2	0	0	0.3673469387755102	0.4013436287766654	-3.8749539999999995e-05	0
607	Iter0608	5	3	5	3	0	0	1.0	1.0	-0.000437073	0
608	Iter0609	5	7	11	5	0	0	0.3246753246753247	0.2495330397605267	0.0	0
609	Iter0610	3	5	9	4	0	0	0.26666666666666666	0.20309597523219766	-6.48110941e-05	0
610	Iter0611	3	8	7	3	0	0	0.1607142857142857	0.08610893750212661	-0.00015761220000000002	0
611	Iter0612	11	8	6	3	0	0	0.6875	1.0	-2.6920283000000004e-06	0
612	Iter0613	2	6	4	3	0	0	0.25	0.3146853146853137	-0.00012458900003141832	0
613	Iter0614	4	6	7	3	0	0	0.2857142857142857	0.3698499642772109	-9.1598672e-05	0
614	Iter0615	5	9	9	7	0	0	0.4320987654320987	0.2988802193330623	-3.9684400330376e-07	0
615	Iter0616	3	9	9	7	0	0	0.25925925925925924	0.13581652340570044	-0.00036539934	0
616	Iter0617	9	5	13	3	0	0	0.4153846153846154	0.4170825698262037	-3.5612811300000004e-05	0
617	Iter0618	6	7	7	3	0	0	0.36734693877551017	0.401534526854218	-0.000502220048753	0
618	Iter0619	3	5	5	0	0	0	0.1111111111111111	0.07536907536907554	0.0	0
619	Iter0620	3	4	9	3	0	0	0.25	0.3260895451297916	-0.00043217909999999996	0
620	Iter0621	3	8	5	6	0	0	0.45	0.6594427244582051	0.0	0
621	Iter0622	9	5	8	3	0	0	0.675	1.0	-0.00101416128674403	0
622	Iter0623	9	9	6	1	0	0	0.16666666666666666	0.179353026835865	-5.959940900000001e-05	0
623	Iter0624	6	7	5	6	0	0	1.0285714285714285	1.0	-4.8631690000000005e-06	0
624	Iter0625	7	7	8	4	0	0	0.5	0.4527392650424026	-0.000221538	0
625	Iter0626	9	6	4	4	0	0	1.5	0.6850181720285342	-1.66383e-05	0
626	Iter0627	6	5	6	3	0	0	0.6	0.669921409859489	-0.0011992599	0
627	Iter0628	4	6	10	3	0	0	0.2	0.10230179028132992	-1.1481651000000002e-05	0
628	Iter0629	9	5	8	2	0	0	0.45	0.6529366895499655	-0.00010708448100000001	0
629	Iter0630	7	4	2	1	0	0	0.875	1.0	-8.773151e-05	0
630	Iter0631	5	5	7	4	0	0	0.5714285714285714	0.6699214098594904	-8.228558057000001e-07	0
631	Iter0632	3	6	4	6	0	0	0.75	1.0	-1.71688e-16	0
632	Iter0633	5	4	4	5	0	0	1.5625	1.0	-0.00029006889999999997	0
633	Iter0634	6	1	4	7	0	0	10.5	0.0656108597285072	-0.000933206	0
634	Iter0635	8	6	8	4	0	0	0.6666666666666666	0.7014941445685826	-8.660969999999999e-05	0
635	Iter0636	7	6	9	3	0	0	0.3888888888888889	0.4109839816933656	-0.000510074	0
636	Iter0637	7	7	9	5	0	0	0.5555555555555556	0.7035671018979681	-0.000300765998	0
637	Iter0638	4	6	6	3	0	0	0.3333333333333333	0.3698499642772095	-3.2028e-07	0
638	Iter0639	9	5	6	3	0	0	0.9	1.0	-3.9064395857999996e-05	0
639	Iter0640	9	7	10	6	0	0	0.7714285714285715	1.0	-0.0006525466936139999	0
640	Iter0641	8	9	7	4	0	0	0.5079365079365079	0.4600686498855841	-1.5094279999999998e-09	0
641	Iter0642	7	8	9	5	0	0	0.4861111111111111	0.4621373523764517	-0.000712048848074	0
642	Iter0643	12	5	7	1	0	0	0.3428571428571429	0.6237154150197665	-1.2588134025000002e-05	0
643	Iter0644	4	4	12	5	0	0	0.4166666666666667	0.3942167672144812	-5.4747e-06	0
644	Iter0645	4	6	9	4	0	0	0.2962962962962963	0.22154491087052566	-0.00042494156690499996	0
645	Iter0646	2	5	8	6	0	0	0.30000000000000004	0.3614551083591335	0.0	0
646	Iter0647	4	7	7	3	0	0	0.24489795918367346	0.19838056680161986	-0.0009844414079999998	0
647	Iter0648	5	10	9	4	0	0	0.2222222222222222	0.12834612105711812	0.0	0
648	Iter0649	5	3	4	5	0	0	2.083333333333333	0.6371863430686964	-8.1480625e-05	0
649	Iter0650	6	6	5	3	0	0	0.6	0.6699214098594914	-8.36504e-06	0
650	Iter0651	7	6	4	2	0	0	0.5833333333333334	1.0	-1.86043e-05	0
651	Iter0652	4	5	5	8	0	0	1.28	1.0	-3.7308e-11	0
652	Iter0653	6	5	17	7	0	0	0.4941176470588236	0.4506050679020742	-0.00013052103	0
653	Iter0654	6	11	3	7	0	0	1.2727272727272727	1.0	-0.00013073396539999997	0
654	Iter0655	6	3	6	3	0	0	1.0	1.0	-0.0004000823577	0
655	Iter0656	11	10	15	3	0	0	0.22000000000000006	0.050792171481826826	-2.15772e-05	0
656	Iter0657	5	7	8	4	0	0	0.35714285714285715	0.4136492125454279	-5.598950202237e-05	0
657	Iter0658	7	4	13	1	0	0	0.1346153846153846	0.13333333333333372	-4.0800659e-05	0
658	Iter0659	9	4	6	1	0	0	0.375	0.6126160990712084	-8.249257599999998e-06	0
659	Iter0660	8	3	5	3	0	0	1.6	1.0	-0.000581185258	0
660	Iter0661	9	4	7	4	0	0	1.2857142857142858	1.0	-0.0001692777800508318	0
661	Iter0662	5	3	5	3	0	0	1.0	1.0	-0.00022035765000000002	0
662	Iter0663	7	4	11	6	0	0	0.9545454545454546	1.0	-0.00025508400000000004	0
663	Iter0664	5	2	4	5	0	0	3.125	0.3575174825174823	-0.0001401868165	0
664	Iter0665	4	2	9	4	0	0	0.8888888888888888	1.0	-1.07699391413e-05	0
665	Iter0666	5	3	8	2	0	0	0.4166666666666667	0.6078431372549032	-0.000370635	0
666	Iter0667	8	9	7	4	0	0	0.5079365079365079	0.4600686498855841	-0.000135250412	0
667	Iter0668	3	3	10	5	0	0	0.5	0.6310629514963866	-0.00066137	0
668	Iter0669	3	10	5	2	0	0	0.12	0.062332301341588986	-0.000142447	0
669	Iter0670	6	5	11	5	0	0	0.5454545454545454	0.6867531146707415	-1.99113e-05	0
670	Iter0671	7	2	6	6	0	0	3.5	0.36656346749225854	-8.137199999999999e-05	0
671	Iter0672	9	5	8	1	0	0	0.225	0.3401289785729137	-0.000204921768	0
672	Iter0673	4	5	5	2	0	0	0.32	0.3575174825174812	-9.52113555333e-05	0
673	Iter0674	6	2	6	6	0	0	3.0	0.3728506787330317	-0.0005658662	0
674	Iter0675	6	7	8	4	0	0	0.42857142857142855	0.4283079822317952	-0.0002019732237	0
675	Iter0676	10	6	10	4	0	0	0.6666666666666667	0.7089455272363878	-8.549188959030001e-05	0
676	Iter0677	5	3	6	3	0	0	0.8333333333333334	1.0	-0.000942462	0
677	Iter0678	7	5	6	2	0	0	0.4666666666666666	0.6424148606811138	-5.43542522e-05	0
678	Iter0679	6	5	7	2	0	0	0.3428571428571429	0.3742260061919506	-4.0491028e-05	0
679	Iter0680	6	4	6	0	0	0	0.2	0.23351648351648266	-8.8369755e-06	0
680	Iter0681	5	5	10	3	0	0	0.3	0.22129492529277056	-2.6708157e-05	0
681	Iter0682	2	4	11	4	0	0	0.18181818181818185	0.14617425917735505	-3.51562e-08	0
682	Iter0683	9	5	8	3	0	0	0.675	1.0	-0.000102899569	0
683	Iter0684	8	9	4	5	0	0	1.111111111111111	1.0	-0.000691164775	0
684	Iter0685	7	5	4	1	0	0	0.35	0.6000323206205536	-0.00096211797	0
685	Iter0686	6	3	9	5	0	0	1.1111111111111112	1.0	-3.4706228e-05	0
686	Iter0687	6	9	8	2	0	0	0.16666666666666666	0.099151972001616	-2.0040693e-06	0
687	Iter0688	5	6	11	4	0	0	0.30303030303030304	0.2279714631848177	-7.959199999999998e-06	0
688	Iter0689	5	7	10	3	0	0	0.21428571428571427	0.1107013056939024	-1.37559e-07	0
689	Iter0690	9	6	4	2	0	0	0.75	1.0	-4.415169e-05	0
690	Iter0691	6	6	11	1	0	0	0.09090909090909093	0.06864988558352371	-0.0001214097	0
691	Iter0692	9	3	5	0	0	0	0.4166666666666667	0.5147058823529412	-7.0391991e-05	0
692	Iter0693	5	6	12	2	0	0	0.1388888888888889	0.08097635392829941	-2.07034e-05	0
693	Iter0694	6	5	5	4	0	0	0.96	1.0	-3.63172e-05	0
694	Iter0695	2	4	4	3	0	0	0.375	0.592074592074594	-1.82459e-05	0
695	Iter0696	5	6	9	1	0	0	0.0925925925925926	0.06346749226006211	-0.00036121289000000005	0
696	Iter0697	6	9	12	1	0	0	0.05555555555555555	0.006025934401220425	-0.0006787642	0
697	Iter0698	10	8	10	9	0	0	1.125	1.0	-0.00012851739297700004	0
698	Iter0699	12	8	9	4	0	0	0.6666666666666666	0.7188180103496591	-0.0003556493237	0
699	Iter0700	5	9	4	5	0	0	0.6944444444444444	1.0	-0.00052087851	0
700	Iter0701	9	9	7	1	0	0	0.14285714285714285	0.09885263477940852	-0.0009191812999999999	0
701	Iter0702	6	3	7	3	0	0	0.8571428571428571	1.0	-1.17836e-06	0
702	Iter0703	6	1	8	3	0	0	2.25	1.0	-3.403980000066011e-05	0
703	Iter0704	10	2	6	7	0	0	5.833333333333334	0.09684210526315803	-0.000540594909	0
704	Iter0705	9	2	12	2	0	0	0.75	1.0	-9.64864073e-05	0
705	Iter0706	10	8	3	1	0	0	0.4166666666666667	0.6161312371838655	-1.051453e-06	0
706	Iter0707	9	13	3	2	0	0	0.4615384615384615	0.6280193236715079	-0.00012833177237000002	0
707	Iter0708	5	7	4	4	0	0	0.7142857142857143	1.0	-1.95632e-10	0
708	Iter0709	4	8	12	0	0	0	0.042735042735042736	0.0013460761879122338	-0.000304488	0
709	Iter0710	8	7	8	5	0	0	0.7142857142857142	0.7176829541885379	-1.484312e-05	0
710	Iter0711	14	3	5	3	0	0	2.8000000000000003	0.3441897233201596	-0.00032635347000000006	0
711	Iter0712	5	5	8	4	0	0	0.5	0.665634674922599	-0.000125741533	0
712	Iter0713	5	5	10	2	0	0	0.2	0.17182662538699675	0.0	0
713	Iter0714	5	9	6	3	0	0	0.2777777777777778	0.21375689864046266	-0.000322595	0
714	Iter0715	10	0	7	5	0	0	8.25	0.03964456596035521	-0.0009849030051403002	0
715	Iter0716	11	3	5	3	0	0	2.2	0.6243550051599605	-0.000118810925	0
716	Iter0717	7	8	8	3	0	0	0.328125	0.2462949252927729	-6.68823e-05	0
717	Iter0718	1	4	9	3	0	0	0.08333333333333333	0.10067873303167392	0.0	0
718	Iter0719	8	6	10	3	0	0	0.4	0.4197101449275391	-0.000239467616	0
719	Iter0720	5	4	7	5	0	0	0.8928571428571429	1.0	-1.385481707e-06	0
720	Iter0721	4	5	7	2	0	0	0.2285714285714286	0.3348416289592771	-1.25824e-06	0
721	Iter0722	10	4	4	6	0	0	3.75	0.211233005788128	-0.0005255072	0
722	Iter0723	5	3	3	1	0	0	0.5555555555555556	1.0	-1.91299e-10	0
723	Iter0724	8	1	2	2	0	0	8.0	0.2027972027972029	-5.947594200000001e-06	0
724	Iter0725	8	4	9	4	0	0	0.8888888888888888	1.0	-0.0004961605	0
725	Iter0726	10	9	2	4	0	0	2.2222222222222223	0.64472049689441	-0.00024024408542599999	0
726	Iter0727	11	6	8	1	0	0	0.22916666666666666	0.3574217087260585	-0.00064000732705	0
727	Iter0728	11	4	7	4	0	0	1.5714285714285714	0.6828375286041196	-0.00027130582599999996	0
728	Iter0729	6	4	8	4	0	0	0.75	1.0	-0.0009597514864	0
729	Iter0730	10	4	6	1	0	0	0.4166666666666667	0.6243550051599609	-0.000560813004	0
730	Iter0731	5	6	11	4	0	0	0.30303030303030304	0.2279714631848177	-0.000122723069	0
731	Iter0732	7	8	6	3	0	0	0.4375	0.4225333153856515	-0.000332322	0
732	Iter0733	2	5	8	2	0	0	0.1	0.05841217605923505	0.0	0
733	Iter0734	6	3	11	1	0	0	0.18181818181818185	0.27218045112782063	-2.39373e-07	0
734	Iter0735	5	8	7	1	0	0	0.08928571428571429	0.06687306501547957	-9.08126e-06	0
735	Iter0736	10	5	9	5	0	0	1.1111111111111112	1.0	-0.000170063496772	0
736	Iter0737	7	3	8	0	0	0	0.2222222222222222	0.2156862745098044	-0.00014414942310775	0
737	Iter0738	3	9	8	2	0	0	0.08333333333333333	0.029973122852379738	0.0	0
738	Iter0739	8	5	5	1	0	0	0.32	0.6047103051747003	-2.85947261e-08	0
739	Iter0740	8	2	11	5	0	0	1.818181818181818	0.667984189723324	-0.0006214079743	0
740	Iter0741	8	0	6	5	0	0	7.7142857142857135	0.04454764361885119	0.0	0
741	Iter0742	4	7	5	2	0	0	0.22857142857142854	0.3348416289592765	-4.389993e-05	0
742	Iter0743	2	1	9	5	0	0	1.1111111111111112	1.0	0.0	0
743	Iter0744	7	9	8	4	0	0	0.3888888888888889	0.27605843252632817	-0.00039779340000000005	0
744	Iter0745	8	6	7	0	0	0	0.16071428571428573	0.06088751289989695	-0.00086107642378	0
745	Iter0746	5	4	11	0	0	0	0.1	0.026006191950464524	-9.320020702000001e-07	0
746	Iter0747	4	6	10	4	0	0	0.26666666666666666	0.21123300578812848	0.0	0
747	Iter0748	7	6	9	3	0	0	0.3888888888888889	0.4109839816933656	-2.4802e-09	0
748	Iter0749	6	0	4	2	0	0	4.2	0.4545454545454549	-4.68454e-08	0
749	Iter0750	7	5	2	3	0	0	2.1	0.6199095022624421	-7.444301669999999e-05	0
750	Iter0751	5	5	8	2	0	0	0.25	0.3498452012383904	-9.6476e-05	0
751	Iter0752	5	7	6	3	0	0	0.35714285714285715	0.3869969040247671	-0.00044066	0
752	Iter0753	6	7	6	1	0	0	0.14285714285714285	0.15768833849329114	-5.37346005e-05	0
753	Iter0754	3	4	7	2	0	0	0.21428571428571427	0.30244755244755184	-4.818713000000001e-06	0
754	Iter0755	7	8	3	4	0	0	1.1666666666666667	1.0	-2.08734e-05	0
755	Iter0756	5	3	6	1	0	0	0.2777777777777778	0.5692307692307679	-0.000432258	0
756	Iter0757	7	5	15	7	0	0	0.6533333333333333	0.7113431497650803	-3.2743741123599996e-06	0
757	Iter0758	4	6	8	5	0	0	0.4166666666666666	0.4136492125454292	-0.000236248	0
758	Iter0759	5	1	6	3	0	0	2.5	0.6043956043956027	-3.39161e-06	0
759	Iter0760	4	13	6	0	0	0	0.051020408163265314	0.0020802995631370906	-5.219579999999999e-07	0
760	Iter0761	9	10	6	4	0	0	0.6	0.6998500749625292	-0.0001295628744088	0
761	Iter0762	5	3	5	1	0	0	0.33333333333333337	0.5804195804195811	-0.0022202619999999998	0
762	Iter0763	5	5	4	2	0	0	0.5	0.6328671328671309	-7.583983821999999e-05	0
763	Iter0764	9	3	6	4	0	0	2.0	0.6517027863777083	-0.0001036203	0
764	Iter0765	9	2	6	5	0	0	3.75	0.3614551083591352	-1.9109930000000004e-05	0
765	Iter0766	4	3	9	3	0	0	0.4444444444444444	0.6168730650154763	-2.1178167e-05	0
766	Iter0767	8	6	9	4	0	0	0.5925925925925926	0.6945842868039719	-0.00054083526	0
767	Iter0768	12	2	2	2	0	0	6.0	0.19705882352941306	-0.000126524333	0
768	Iter0769	8	7	6	0	0	0	0.16071428571428573	0.060887512899896974	-1.1656638615999998e-05	0
769	Iter0770	9	4	4	1	0	0	0.5625	1.0	-0.0005337286054852091	0
770	Iter0771	9	3	6	7	0	0	3.5	0.22619464261677225	0.0	0
771	Iter0772	10	7	8	1	0	0	0.17857142857142858	0.1901502616376755	-0.00014301312100000003	0
772	Iter0773	9	4	5	2	0	0	0.9	1.0	-7.93958e-05	0
773	Iter0774	7	4	9	3	0	0	0.5833333333333334	0.6668461434917203	-0.000125469	0
774	Iter0775	5	10	10	6	0	0	0.3	0.15561347792431146	-7.26238e-05	0
775	Iter0776	4	7	8	4	0	0	0.2857142857142857	0.22034675514282293	-8.477023100000003e-06	0
776	Iter0777	4	3	6	4	0	0	0.8888888888888888	1.0	-0.0008823751149999999	0
777	Iter0778	5	6	12	3	0	0	0.20833333333333331	0.1034324942791772	-0.0007739408	0
778	Iter0779	11	5	5	1	0	0	0.4400000000000001	0.6341120180129485	-0.0005753918392	0
779	Iter0780	6	4	3	4	0	0	2.0	0.6371863430686954	-6.734819803209999e-06	0
780	Iter0781	11	3	5	8	0	0	5.866666666666666	0.05423789653161111	-6.23407e-05	0
781	Iter0782	6	4	8	4	0	0	0.75	1.0	-6.95751369637e-05	0
782	Iter0783	6	10	5	4	0	0	0.48	0.4340826490779405	-0.0006760185	0
783	Iter0784	7	8	0	1	0	0	1.7777777777777777	1.0	-0.00016286038810000002	0
784	Iter0785	9	7	9	4	0	0	0.5714285714285715	0.702106841316191	-0.000800707	0
785	Iter0786	10	5	6	1	0	0	0.3333333333333333	0.6158176189135942	-0.000339862293	0
786	Iter0787	6	4	12	4	0	0	0.5	0.6644892864572518	-0.00023606486	0
787	Iter0788	9	5	4	3	0	0	1.35	1.0	-0.0016402990200186627	0
788	Iter0789	6	5	5	3	0	0	0.72	1.0	-2.47547e-15	0
789	Iter0790	7	7	5	4	0	0	0.8	1.0	-0.000330344083	0
790	Iter0791	4	6	5	3	0	0	0.4	0.6371863430686966	-4.69686e-07	0
791	Iter0792	5	8	5	1	0	0	0.125	0.14086687306501516	-0.000355126	0
792	Iter0793	6	6	4	0	0	0	0.2	0.23351648351648305	-5.92129e-05	0
793	Iter0794	5	6	5	1	0	0	0.16666666666666669	0.30429864253393724	-0.0001048122	0
794	Iter0795	4	5	6	2	0	0	0.26666666666666666	0.3348416289592753	-0.00010591579999999999	0
795	Iter0796	5	5	8	1	0	0	0.125	0.14086687306501475	-2.53921e-07	0
796	Iter0797	7	11	8	2	0	0	0.1590909090909091	0.054571210635283564	-0.0007161344509999999	0
797	Iter0798	7	5	8	1	0	0	0.175	0.17779743476337898	-8.59361e-05	0
798	Iter0799	7	7	10	2	0	0	0.2	0.11002288329519493	0.0	0
799	Iter0800	7	3	3	4	0	0	3.111111111111111	0.3499588646647474	0.0	0
800	Iter0801	10	3	3	4	0	0	4.4444444444444455	0.17358101135190893	-0.00046478469747000004	0
801	Iter0802	6	5	9	2	0	0	0.26666666666666666	0.3614551083591352	-0.00016804755	0
802	Iter0803	7	5	4	4	0	0	1.4	1.0	-0.00026177614019999996	0
803	Iter0804	5	5	12	12	0	0	1.0	1.0	-5.51143974e-05	0
804	Iter0805	10	7	4	4	0	0	1.4285714285714286	1.0	-0.001820022812	0
805	Iter0806	7	4	5	3	0	0	1.05	1.0	-9.22013e-05	0
806	Iter0807	12	5	7	2	0	0	0.6857142857142857	1.0	-0.00035188952	0
807	Iter0808	6	5	11	5	0	0	0.5454545454545454	0.6867531146707415	-7.64896e-07	0
808	Iter0809	9	5	9	2	0	0	0.4	0.4065217391304383	-0.000136758407	0
809	Iter0810	10	7	5	5	0	0	1.4285714285714286	0.7063310450038225	-0.00010734104272477	0
810	Iter0811	7	4	9	6	0	0	1.1666666666666667	1.0	-0.000635732221	0
811	Iter0812	5	2	5	5	0	0	2.5	0.6220691073632256	-0.000490637150286211	0
812	Iter0813	6	4	12	5	0	0	0.625	0.6831287705429651	-6.510312275760001e-05	0
813	Iter0814	8	5	9	4	0	0	0.7111111111111111	1.0	-0.00020689864182200002	0
814	Iter0815	7	5	6	2	0	0	0.4666666666666666	0.6424148606811138	-1.676419e-07	0
815	Iter0816	5	7	6	1	0	0	0.11904761904761905	0.14729697547034978	-1.54102845267e-05	0
816	Iter0817	5	6	7	3	0	0	0.35714285714285715	0.3869969040247684	-7.161860000000002e-07	0
817	Iter0818	6	3	7	6	0	0	1.7142857142857142	0.673993808049531	-0.0008321935	0
818	Iter0819	4	6	11	3	0	0	0.18181818181818185	0.0918023960156152	-0.0002792079	0
819	Iter0820	4	12	9	2	0	0	0.07407407407407407	0.006329549363605172	0.0	0
820	Iter0821	10	3	3	5	0	0	5.555555555555557	0.16374269005847888	-0.00119974309	0
821	Iter0822	6	6	6	3	0	0	0.5	0.6604905929983331	-0.00016461860000000002	0
822	Iter0823	3	5	4	2	0	0	0.3	0.5920745920745929	-4.43296e-10	0
823	Iter0824	6	4	8	4	0	0	0.75	1.0	-0.00014685241799999998	0
824	Iter0825	4	5	8	4	0	0	0.4	0.3964277208859251	-0.0001274002	0
825	Iter0826	6	6	4	3	0	0	0.75	1.0	-1.1301080000000002e-06	0
826	Iter0827	6	3	15	2	0	0	0.26666666666666666	0.3022195196108226	-9.824634000000002e-05	0
827	Iter0828	6	9	8	1	0	0	0.08333333333333333	0.033339859763335436	-0.00056578759	0
828	Iter0829	8	10	5	7	0	0	1.12	1.0	-0.00044222827000000003	0
829	Iter0830	6	4	8	0	0	0	0.15555555555555556	0.09150326797385648	-0.00026579038	0
830	Iter0831	4	4	6	5	0	0	0.8333333333333334	1.0	-0.00026648997000000004	0
831	Iter0832	3	9	12	2	0	0	0.05555555555555555	0.004314174182258736	-0.00017106	0
832	Iter0833	7	4	10	5	0	0	0.875	1.0	-0.0005803159300000001	0
833	Iter0834	5	3	8	2	0	0	0.4166666666666667	0.6078431372549032	-0.00042091903999999996	0
834	Iter0835	7	10	15	5	0	0	0.2333333333333333	0.049751235977479324	-0.00021956621659999999	0
835	Iter0836	9	9	5	4	0	0	0.8	1.0	-9.477481300000002e-06	0
836	Iter0837	3	4	6	4	0	0	0.5	0.6371863430686964	-1.54593e-07	0
837	Iter0838	5	6	8	5	0	0	0.5208333333333334	0.6823933234621076	-9.5681148e-06	0
838	Iter0839	13	10	4	4	0	0	1.3	1.0	-5.165804000000001e-06	0
839	Iter0840	8	8	12	5	0	0	0.4166666666666667	0.29600361109767465	-0.000277802	0
840	Iter0841	11	6	4	5	0	0	2.2916666666666665	0.4185354691075539	-0.00011634487683	0
841	Iter0842	7	4	8	3	0	0	0.65625	1.0	-0.000294223	0
842	Iter0843	2	2	11	5	0	0	0.4545454545454545	0.5867905056759568	-1.21423e-06	0
843	Iter0844	3	7	5	5	0	0	0.42857142857142855	0.6499166468206714	-0.00011659609999999999	0
844	Iter0845	9	3	11	2	0	0	0.5454545454545454	0.6447204968944095	-0.000311835010627	0
845	Iter0846	12	6	8	3	0	0	0.75	1.0	-0.00067581394203	0
846	Iter0847	6	5	4	7	0	0	2.1	0.6699214098594883	-0.00029739983	0
847	Iter0848	10	7	6	4	0	0	0.9523809523809524	1.0	-0.0002290983096	0
848	Iter0849	6	6	11	1	0	0	0.09090909090909093	0.06864988558352371	-1.66426e-07	0
849	Iter0850	6	3	10	6	0	0	1.2	1.0	-3.963723e-08	0
850	Iter0851	4	9	7	4	0	0	0.25396825396825395	0.2173264042459088	-1.18905e-06	0
851	Iter0852	5	5	7	3	0	0	0.42857142857142855	0.6499166468206703	-0.0002443778	0
852	Iter0853	12	8	10	0	0	0	0.1313131313131313	0.028757416163713363	-7.7155e-06	0
853	Iter0854	9	6	5	1	0	0	0.3	0.6126160990712112	-0.00039141198	0
854	Iter0855	5	4	12	4	0	0	0.4166666666666667	0.3942167672144817	-3.4467579e-05	0
855	Iter0856	13	6	5	4	0	0	1.7333333333333332	0.6774703557312203	-3.3772069384e-05	0
856	Iter0857	6	10	7	2	0	0	0.17142857142857146	0.0968421052631582	-0.00104154409	0
857	Iter0858	5	3	11	6	0	0	0.9090909090909092	1.0	-8.66535e-06	0
858	Iter0859	7	4	10	5	0	0	0.875	1.0	-9.203415018399998e-05	0
859	Iter0860	6	4	11	7	0	0	0.9545454545454546	1.0	-5.29326e-07	0
860	Iter0861	6	1	13	1	0	0	0.4615384615384616	1.0	-4.184868499999998e-05	0
861	Iter0862	5	5	13	2	0	0	0.15384615384615385	0.07523403370085284	0.0	0
862	Iter0863	6	12	5	5	0	0	0.5	0.4442628309905181	-0.00033515585	0
863	Iter0864	9	3	5	3	0	0	1.7999999999999998	0.6424148606811155	-0.00045131140000000006	0
864	Iter0865	1	5	3	3	0	0	0.2	0.5454545454545479	0.0	0
865	Iter0866	7	7	11	2	0	0	0.18181818181818185	0.10318840579710224	0.0	0
866	Iter0867	10	7	4	3	0	0	1.0714285714285716	1.0	-0.0006746742000000001	0
867	Iter0868	8	12	11	4	0	0	0.2424242424242424	0.08655672163918178	0.0	0
868	Iter0869	6	4	7	4	0	0	0.8571428571428571	1.0	-9.735353299999999e-05	0
869	Iter0870	9	7	6	0	0	0	0.17857142857142858	0.12064921662444936	-0.00092785461	0
870	Iter0871	2	6	12	1	0	0	0.027777777777777776	0.003199174406604749	-1.39624e-06	0
871	Iter0872	7	4	6	2	0	0	0.5833333333333334	1.0	-0.00024678516769999995	0
872	Iter0873	5	4	9	3	0	0	0.4166666666666667	0.3972136222910224	-7.00035e-07	0
873	Iter0874	6	9	6	5	0	0	0.5555555555555556	0.6921658365863522	-0.00075438	0
874	Iter0875	5	2	7	4	0	0	1.4285714285714286	1.0	-0.00025796105100000003	0
875	Iter0876	3	6	7	3	0	0	0.21428571428571427	0.1788954079975755	-1.92057e-08	0
876	Iter0877	6	3	9	0	0	0	0.175	0.20588235294117666	-3.4420943e-05	0
877	Iter0878	6	7	6	4	0	0	0.5714285714285714	0.6801722977520499	-2.91267e-07	0
878	Iter0879	1	5	9	3	0	0	0.06666666666666668	0.042986425339366564	-2.8841800000000003e-09	0
879	Iter0880	10	10	6	1	0	0	0.16666666666666666	0.18320327015979448	-0.000327980424693	0
880	Iter0881	7	4	7	5	0	0	1.25	1.0	-0.0005079796660000001	0
881	Iter0882	6	3	7	5	0	0	1.4285714285714286	1.0	-5.663412e-05	0
882	Iter0883	4	4	9	1	0	0	0.1111111111111111	0.11764705882352955	-4.56091e-06	0
883	Iter0884	5	4	8	2	0	0	0.3125	0.3498452012383897	-0.0009183050729999999	0
884	Iter0885	3	4	8	1	0	0	0.09375	0.10576923076923016	-4.5959149e-05	0
885	Iter0886	7	4	9	9	0	0	1.75	0.7021068413161886	-0.00030948069	0
886	Iter0887	11	4	7	3	0	0	1.1785714285714286	1.0	-0.0006029305099999999	0
887	Iter0888	10	4	6	3	0	0	1.25	1.0	-2.22902e-09	0
888	Iter0889	3	6	10	1	0	0	0.05	0.016640866873064954	-0.000156916	0
889	Iter0890	6	3	5	6	0	0	2.4	0.40585853774708297	-0.000380564	0
890	Iter0891	5	11	7	1	0	0	0.06493506493506493	0.02719073899582724	-0.0005729845	0
891	Iter0892	7	3	9	5	0	0	1.2962962962962965	1.0	-0.00021077994180742	0
892	Iter0893	7	2	14	5	0	0	1.25	1.0	-0.0005510696791	0
893	Iter0894	8	7	5	2	0	0	0.4571428571428571	0.6478328173374619	-1.0792195298999999e-05	0
894	Iter0895	6	6	9	3	0	0	0.3333333333333333	0.4003230582851002	-6.9897900000000005e-06	0
895	Iter0896	6	6	7	3	0	0	0.42857142857142855	0.4148606811145487	-1.87693e-06	0
896	Iter0897	6	4	4	5	0	0	1.875	0.6562817986966594	-0.0008110287243000001	0
897	Iter0898	5	2	10	5	0	0	1.25	1.0	-1.29095e-06	0
898	Iter0899	4	4	7	1	0	0	0.14285714285714285	0.28205128205128155	-8.310340000000001e-08	0
899	Iter0900	5	7	10	4	0	0	0.2857142857142857	0.23285771974693856	-5.165692e-05	0
900	Iter0901	9	7	6	4	0	0	0.8571428571428572	1.0	-0.0002961287725	0
901	Iter0902	4	6	4	4	0	0	0.6666666666666666	1.0	-2.31754e-05	0
902	Iter0903	9	4	9	4	0	0	1.0	1.0	0.0	0
903	Iter0904	7	5	11	5	0	0	0.6363636363636362	0.6979405034324897	-0.000159589	0
904	Iter0905	3	7	9	4	0	0	0.19047619047619047	0.09953271926619604	-2.16498e-05	0
905	Iter0906	4	1	8	4	0	0	2.0	1.0	-6.196716e-05	0
906	Iter0907	6	6	2	3	0	0	1.5	1.0	-1.12059e-05	0
907	Iter0908	12	3	4	3	0	0	3.0	0.3340838727835631	-0.00030725080249999995	0
908	Iter0909	4	5	9	5	0	0	0.4444444444444445	0.41728361825279137	-5.93974e-05	0
909	Iter0910	5	4	6	0	0	0	0.17142857142857146	0.10329670329670336	-0.001561822035295	0
910	Iter0911	9	7	6	1	0	0	0.2142857142857143	0.34521959397447466	-6.0053467307000004e-05	0
911	Iter0912	5	5	8	4	0	0	0.5	0.665634674922599	-0.000595946	0
912	Iter0913	3	5	6	2	0	0	0.2	0.3146853146853145	-8.62383e-06	0
913	Iter0914	4	14	10	6	0	0	0.1714285714285714	0.03487611033193142	0.0	0
914	Iter0915	6	5	4	3	0	0	0.9	1.0	-1.21365e-05	0
915	Iter0916	5	5	11	1	0	0	0.09090909090909093	0.055727554179566215	-5.0295918e-05	0
916	Iter0917	5	6	10	2	0	0	0.16666666666666669	0.08937945887737207	-3.26525e-07	0
917	Iter0918	7	12	9	1	0	0	0.06481481481481483	0.00841008067394887	-2.010363e-06	0
918	Iter0919	8	5	6	8	0	0	2.1333333333333333	0.4494817606676586	-0.0004211210000383343	0
919	Iter0920	12	5	6	4	0	0	1.6	0.6831287705429663	-2.9408055453e-05	0
920	Iter0921	6	9	7	7	0	0	0.6666666666666666	0.7152491865522447	-0.00036229890000000003	0
921	Iter0922	7	7	12	4	0	0	0.3333333333333333	0.2567716141929065	-2.338463e-06	0
922	Iter0923	5	4	8	6	0	0	0.9375	1.0	-3.890898e-05	0
923	Iter0924	10	7	9	6	0	0	0.9523809523809524	1.0	-0.00013497914753106	0
924	Iter0925	5	5	10	2	0	0	0.2	0.17182662538699675	0.0	0
925	Iter0926	3	5	11	4	0	0	0.21818181818181814	0.1792973482299105	0.0	0
926	Iter0927	6	0	7	1	0	0	1.75	1.0	-2.28625e-06	0
927	Iter0928	5	5	10	5	0	0	0.5	0.4422196796338702	-0.00038816269999999997	0
928	Iter0929	9	10	7	4	0	0	0.5142857142857143	0.4664001332667063	-0.0015631154999999999	0
929	Iter0930	6	4	11	2	0	0	0.2727272727272727	0.3412880026152322	-0.0003747744700000001	0
930	Iter0931	6	6	4	3	0	0	0.75	1.0	-4.436267e-06	0
931	Iter0932	8	4	9	8	0	0	1.7777777777777777	0.7031980250476361	-2.7099218499999997e-05	0
932	Iter0933	5	7	6	3	0	0	0.35714285714285715	0.3869969040247671	-0.000143788	0
933	Iter0934	9	6	4	3	0	0	1.125	1.0	-2.0886309e-05	0
934	Iter0935	11	2	5	6	0	0	6.6	0.08246960111275621	-0.0003998925622	0
935	Iter0936	4	6	5	4	0	0	0.5333333333333333	0.6562817986966591	-6.6354138e-09	0
936	Iter0937	13	7	9	2	0	0	0.4126984126984127	0.42898426717162863	-0.000140319600341102	0
937	Iter0938	6	9	11	3	0	0	0.18181818181818185	0.06043294142402578	-0.0005767249	0
938	Iter0939	5	1	4	5	0	0	6.25	0.28671328671328616	-3.36137931e-05	0
939	Iter0940	7	4	5	5	0	0	1.75	0.6699214098594926	-0.00039643855999999997	0
940	Iter0941	4	5	7	5	0	0	0.5714285714285715	0.6699214098594881	-1.8302e-07	0
941	Iter0942	9	4	11	4	0	0	0.8181818181818182	1.0	-0.00015872838000000002	0
942	Iter0943	7	5	5	0	0	0	0.2222222222222222	0.2445054945054932	-1.8049878999999999e-07	0
943	Iter0944	7	2	7	2	0	0	1.0	1.0	-1.4014e-08	0
944	Iter0945	3	7	8	3	0	0	0.16071428571428573	0.08610893750212645	-0.000188206431	0
945	Iter0946	4	6	7	4	0	0	0.3809523809523809	0.39485591807573217	-8.90899e-05	0
946	Iter0947	5	8	9	4	0	0	0.2777777777777778	0.2377439763090589	-2.5768189999999998e-05	0
947	Iter0948	6	6	3	6	0	0	2.0	0.6604905929983313	-2.8885740000000003e-05	0
948	Iter0949	8	6	7	4	0	0	0.7619047619047619	1.0	-0.0008131600000035289	0
949	Iter0950	6	9	7	2	0	0	0.19047619047619047	0.10492663884775866	-1.94822e-10	0
950	Iter0951	6	4	6	5	0	0	1.25	1.0	-0.00028163555890000003	0
951	Iter0952	6	4	6	5	0	0	1.25	1.0	-6.15843e-07	0
952	Iter0953	9	2	8	2	0	0	1.125	1.0	-0.0001573014	0
953	Iter0954	8	5	4	3	0	0	1.2000000000000002	1.0	-1.850153e-05	0
954	Iter0955	5	5	7	4	0	0	0.5714285714285714	0.6699214098594904	-0.000305117	0
955	Iter0956	7	7	1	2	0	0	2.0	1.0	-0.00019461750000000002	0
956	Iter0957	6	4	12	2	0	0	0.25	0.19206365716663254	-6.675924e-05	0
957	Iter0958	4	6	9	2	0	0	0.14814814814814814	0.08049535603715162	-5.640190000000001e-08	0
958	Iter0959	9	6	8	2	0	0	0.375	0.4017890576243008	-0.00049738710272854	0
959	Iter0960	5	4	6	4	0	0	0.8333333333333334	1.0	-0.0003828846	0
960	Iter0961	8	3	11	4	0	0	0.9696969696969696	1.0	-5.0025771e-05	0
961	Iter0962	7	7	10	2	0	0	0.2	0.11002288329519493	-1.62522376e-05	0
962	Iter0963	8	8	5	6	0	0	1.2	1.0	-2.95428867e-05	0
963	Iter0964	4	6	7	4	0	0	0.3809523809523809	0.39485591807573217	-2.8963769400000004e-05	0
964	Iter0965	10	8	2	1	0	0	0.625	1.0	-0.000221868	0
965	Iter0966	6	8	6	3	0	0	0.375	0.4003230582850986	-0.00063858723	0
966	Iter0967	7	11	9	5	0	0	0.35353535353535354	0.2851631909003106	-3.216848600005845e-05	0
967	Iter0968	6	5	4	1	0	0	0.3	0.5879120879120874	-0.000573239628096	0
968	Iter0969	6	7	6	4	0	0	0.5714285714285714	0.6801722977520499	-5.616613e-05	0
969	Iter0970	7	6	4	3	0	0	0.8750000000000001	1.0	-0.000934033	0
970	Iter0971	4	9	5	5	0	0	0.4444444444444444	0.4172836182527929	-1.30144e-05	0
971	Iter0972	7	9	9	5	0	0	0.4320987654320987	0.2988802193330618	-0.00017304928208000003	0
972	Iter0973	8	5	9	3	0	0	0.5333333333333333	0.6727688787185361	-1.7089058315416e-05	0
973	Iter0974	3	7	7	4	0	0	0.24489795918367346	0.19838056680161945	-1.1939665860000003e-06	0
974	Iter0975	4	9	12	1	0	0	0.037037037037037035	0.0036074841836047883	-0.0002269096	0
975	Iter0976	5	4	7	4	0	0	0.7142857142857143	1.0	-0.000292308	0
976	Iter0977	5	6	3	2	0	0	0.5555555555555556	1.0	-5.09103e-05	0
977	Iter0978	5	2	9	1	0	0	0.2777777777777778	0.5367647058823537	-9.3635684e-11	0
978	Iter0979	2	8	12	4	0	0	0.08333333333333333	0.013783820164221387	-0.000307254	0
979	Iter0980	10	6	8	3	0	0	0.6250000000000001	0.6924485125858217	-0.0012344460000000002	0
980	Iter0981	5	8	9	3	0	0	0.20833333333333331	0.11070130569390252	-1.4051715030000001e-07	0
981	Iter0982	6	3	6	1	0	0	0.3333333333333333	0.5846153846153825	-5.7885765e-07	0
982	Iter0983	14	3	6	2	0	0	1.5555555555555556	1.0	-2.14305248e-05	0
983	Iter0984	3	5	9	3	0	0	0.2	0.16746844486782547	0.0	0
984	Iter0985	11	7	5	1	0	0	0.3142857142857143	0.6213854795090505	-0.0011891974	0
985	Iter0986	6	2	2	0	0	0	0.7777777777777778	1.0	-8.4783014e-05	0
986	Iter0987	14	3	6	4	0	0	3.111111111111111	0.3648187561231073	-2.5352300161684e-05	0
987	Iter0988	9	9	10	1	0	0	0.1	0.04363971860223762	-9.1532931e-05	0
988	Iter0989	1	6	11	7	0	0	0.10606060606060606	0.07304347826086947	0.0	0
989	Iter0990	9	3	5	1	0	0	0.6	1.0	-7.5774579e-05	0
990	Iter0991	6	5	11	6	0	0	0.6545454545454545	0.701136900221571	-1.167931e-06	0
991	Iter0992	5	4	13	4	0	0	0.38461538461538464	0.3821011025587671	-2.60516e-11	0
992	Iter0993	7	3	4	1	0	0	0.5833333333333334	1.0	-0.00012032890000000001	0
993	Iter0994	10	9	6	7	0	0	1.2962962962962965	1.0	-0.00024749922104224384	0
994	Iter0995	9	6	9	5	0	0	0.8333333333333333	1.0	-0.00019810088	0
995	Iter0996	8	10	14	3	0	0	0.17142857142857146	0.035415011388315286	-0.000233272825962	0
996	Iter0997	10	10	9	1	0	0	0.1111111111111111	0.0485131060843208	-0.00038783521851500004	0
997	Iter0998	3	6	13	1	0	0	0.038461538461538464	0.004943770726514028	-3.0589109999999996e-07	0
998	Iter0999	4	5	10	4	0	0	0.32	0.3826356171759322	-5.45897e-05	0
999	Iter1000	6	3	3	1	0	0	0.6666666666666666	1.0	-1.047e-05	0
