	IterId	dN	dS	pN	pS	bdN	bpN	MkScore	FSPVal	SelCoef	PosSel
0	Iter0001	4	6	0	1	0	0	1.4285714285714286	1.0	0.0	0
1	Iter0002	9	5	2	2	0	0	1.8	1.0	-1.4553899999999996e-06	0
2	Iter0003	6	5	3	3	0	0	1.2	1.0	-0.0009191837000000001	0
3	Iter0004	3	4	1	3	0	0	2.25	1.0	-3.685286502e-05	0
4	Iter0005	5	6	0	2	0	0	2.571428571428572	0.4871794871794881	-0.001110481	0
5	Iter0006	9	4	2	0	0	0	0.6666666666666666	1.0	-0.0004965626962435	0
6	Iter0007	7	3	8	5	0	0	1.4583333333333333	1.0	-3.1276341e-06	0
7	Iter0008	4	2	2	3	0	0	3.0	0.5670995670995665	-5.8195617e-06	0
8	Iter0009	4	7	1	0	0	0	0.3125	0.4166666666666676	-0.0007164587924000001	0
9	Iter0010	5	4	2	3	0	0	1.875	1.0	-0.00034893222000000003	0
10	Iter0011	7	3	1	0	0	0	1.0	1.0	-8.026041999999998e-05	0
11	Iter0012	6	6	3	0	0	0	0.25	0.22857142857142754	-1.17131957e-05	0
12	Iter0013	9	5	2	1	0	0	0.9	1.0	-3.4158099999999994e-06	0
13	Iter0014	6	5	1	0	0	0	0.5833333333333334	1.0	-0.00037019216	0
14	Iter0015	6	7	2	1	0	0	0.42857142857142855	1.0	-0.000275101000542446	0
15	Iter0016	6	5	2	0	0	0	0.3888888888888889	0.4871794871794877	-6.37043678149e-05	0
16	Iter0017	5	7	2	0	0	0	0.25	0.4615384615384607	-4.6577099999999985e-06	0
17	Iter0018	6	7	2	1	0	0	0.42857142857142855	1.0	-1.407017e-05	0
18	Iter0019	10	6	1	1	0	0	1.6666666666666667	1.0	-0.000196827654	0
19	Iter0020	6	11	1	0	0	0	0.2916666666666667	0.3888888888888907	-5.77807893e-05	0
20	Iter0021	4	6	3	3	0	0	0.6666666666666666	1.0	-0.00032544572	0
21	Iter0022	11	4	3	3	0	0	2.75	0.3543601651186806	-7.26864e-05	0
22	Iter0023	2	9	0	0	0	0	0.3	1.0	-9.188789999999997e-06	0
23	Iter0024	8	12	0	1	0	0	1.3846153846153846	1.0	-0.0003654964	0
24	Iter0025	3	7	3	0	0	0	0.125	0.06993006993007027	0.0	0
25	Iter0026	12	3	1	3	0	0	12.0	0.07094943240454102	-0.0019059490863000002	0
26	Iter0027	9	4	2	2	0	0	2.25	0.5840336134453747	-1.3474331000000002e-07	0
27	Iter0028	6	6	7	2	0	0	0.2857142857142857	0.36656346749225854	-1.6513400000000004e-06	0
28	Iter0029	6	5	2	0	0	0	0.3888888888888889	0.4871794871794877	-0.000127174	0
29	Iter0030	6	3	2	1	0	0	1.0	1.0	-0.000525101398	0
30	Iter0031	8	8	2	4	0	0	2.0	0.6461742591773542	-0.00023733577	0
31	Iter0032	4	8	3	0	0	0	0.1388888888888889	0.07692307692307655	-1.077076756e-06	0
32	Iter0033	6	3	0	2	0	0	5.25	0.1818181818181815	-0.0010810275	0
33	Iter0034	7	3	0	1	0	0	4.0	0.3636363636363637	-9.86699e-07	0
34	Iter0035	6	1	1	2	0	0	12.0	0.18333333333333315	-0.0004782112349999999	0
35	Iter0036	4	7	1	3	0	0	1.7142857142857142	1.0	-1.19102e-06	0
36	Iter0037	9	7	1	0	0	0	0.625	1.0	-0.000926077	0
37	Iter0038	6	3	2	4	0	0	4.0	0.31468531468531424	-5.03573e-05	0
38	Iter0039	8	6	4	0	0	0	0.2571428571428572	0.2450980392156861	-0.00035032243741999993	0
39	Iter0040	4	7	3	2	0	0	0.3809523809523809	0.5961538461538446	-1.92314e-15	0
40	Iter0041	2	3	3	1	0	0	0.2222222222222222	0.5238095238095235	-0.000137876	0
41	Iter0042	8	3	4	1	0	0	0.6666666666666666	1.0	-0.0007642696	0
42	Iter0043	6	3	2	3	0	0	3.0	0.5804195804195786	-1.0331e-06	0
43	Iter0044	6	3	2	0	0	0	0.5833333333333334	1.0	-1.0615567609770001e-05	0
44	Iter0045	10	7	4	1	0	0	0.35714285714285715	0.6129718234981392	-0.00060769733	0
45	Iter0046	8	5	1	0	0	0	0.75	1.0	-0.0003443429	0
46	Iter0047	4	7	7	6	0	0	0.4897959183673469	0.4441883160586887	-7.70145e-07	0
47	Iter0048	8	5	2	3	0	0	2.4000000000000004	0.6078431372549022	-0.00046097134000000007	0
48	Iter0049	4	4	6	0	0	0	0.14285714285714285	0.08491508491508501	-0.000920659	0
49	Iter0050	3	5	2	1	0	0	0.3	0.5454545454545453	-6.06485e-08	0
50	Iter0051	2	5	3	1	0	0	0.13333333333333333	0.2424242424242426	0.0	0
51	Iter0052	5	5	0	1	0	0	2.0	1.0	-0.0006631013647999999	0
52	Iter0053	4	9	1	0	0	0	0.25	0.3571428571428565	0.0	0
53	Iter0054	7	7	2	1	0	0	0.5	1.0	-2.3475477212929002e-05	0
54	Iter0055	4	7	5	0	0	0	0.10416666666666667	0.0336538461538461	-0.00012639700000000002	0
55	Iter0056	9	4	2	0	0	0	0.6666666666666666	1.0	-0.00028879217603	0
56	Iter0057	7	6	4	4	0	0	1.1666666666666667	1.0	-3.03037e-05	0
57	Iter0058	6	11	3	0	0	0	0.14583333333333334	0.073684210526316	-0.00050001186	0
58	Iter0059	4	5	1	2	0	0	1.6	1.0	-4.1797121499999995e-05	0
59	Iter0060	7	4	0	0	0	0	1.6	1.0	-0.000953953441	0
60	Iter0061	8	1	2	0	0	0	1.5	1.0	-0.000709432	0
61	Iter0062	7	10	0	0	0	0	0.7272727272727273	1.0	-0.000671397873013	0
62	Iter0063	8	5	3	1	0	0	0.5333333333333333	1.0	-0.00018517740000000002	0
63	Iter0064	12	4	1	1	0	0	3.0	0.4901960784313731	-7.239072224000001e-05	0
64	Iter0065	7	9	4	2	0	0	0.3888888888888889	0.6351172047766489	-0.00046169099999999997	0
65	Iter0066	4	8	2	1	0	0	0.25	0.5252747252747227	-1.12014e-08	0
66	Iter0067	5	3	4	2	0	0	0.8333333333333334	1.0	-6.50420244466e-05	0
67	Iter0068	6	4	3	3	0	0	1.5	1.0	-0.0011795785241189	0
68	Iter0069	5	2	1	1	0	0	2.5	1.0	0.0	0
69	Iter0070	6	4	2	3	0	0	2.25	0.6083916083916072	-0.000487709466	0
70	Iter0071	8	6	1	3	0	0	4.0	0.5764705882352943	-0.0003368383877	0
71	Iter0072	11	11	0	1	0	0	2.0	1.0	-1.3721687000000002e-05	0
72	Iter0073	7	6	0	3	0	0	4.571428571428571	0.21249999999999933	-0.0007315781606799999	0
73	Iter0074	8	6	1	0	0	0	0.6428571428571429	1.0	-0.00047283320000000005	0
74	Iter0075	5	6	3	2	0	0	0.5555555555555556	1.0	-0.0006980940078999999	0
75	Iter0076	3	3	0	2	0	0	3.0	0.4642857142857145	-0.0005614130000000001	0
76	Iter0077	6	5	1	1	0	0	1.2	1.0	-0.00010344600000000001	0
77	Iter0078	5	1	2	0	0	0	1.0	1.0	-0.0009999963626	0
78	Iter0079	4	4	1	1	0	0	1.0	1.0	-5.483966885e-07	0
79	Iter0080	9	8	0	1	0	0	2.2222222222222223	1.0	-4.9295347000000004e-05	0
80	Iter0081	8	3	0	0	0	0	2.25	1.0	-2.71670182646e-05	0
81	Iter0082	8	4	1	1	0	0	2.0	1.0	-1.6182883669000002e-05	0
82	Iter0083	9	8	3	4	0	0	1.5	1.0	-0.0008034148	0
83	Iter0084	7	6	2	0	0	0	0.3809523809523809	0.4857142857142842	-9.28991e-05	0
84	Iter0085	5	3	2	2	0	0	1.6666666666666667	1.0	-1.50669e-08	0
85	Iter0086	6	6	0	1	0	0	2.0	1.0	0.0	0
86	Iter0087	8	6	5	2	0	0	0.5333333333333333	0.6556587547299609	-0.0009847942	0
87	Iter0088	5	1	3	0	0	0	0.75	1.0	-1.81572e-09	0
88	Iter0089	14	10	2	0	0	0	0.4545454545454545	0.5076923076923088	-0.0026534538442999998	0
89	Iter0090	10	6	3	1	0	0	0.5555555555555556	1.0	-0.000113157932	0
90	Iter0091	7	8	1	0	0	0	0.4444444444444444	1.0	-0.00076826122037	0
91	Iter0092	7	6	2	4	0	0	2.333333333333333	0.6284829721362208	-0.0003528222600000001	0
92	Iter0093	7	6	2	2	0	0	1.1666666666666667	1.0	-0.000237719383	0
93	Iter0094	7	11	3	1	0	0	0.21212121212121213	0.2932330827067661	-8.36442e-05	0
94	Iter0095	10	5	0	2	0	0	5.5	0.15441176470588236	-0.0008452872000000001	0
95	Iter0096	7	5	2	3	0	0	2.1	0.6199095022624421	0.0	0
96	Iter0097	9	5	3	3	0	0	1.8	0.6424148606811155	-0.0003469184468	0
97	Iter0098	7	7	2	0	0	0	0.3333333333333333	0.4749999999999993	-3.444367e-05	0
98	Iter0099	5	6	2	3	0	0	1.2500000000000002	1.0	-2.5963014139999997e-07	0
99	Iter0100	8	7	1	1	0	0	1.1428571428571428	1.0	-0.000115387	0
100	Iter0101	7	6	4	0	0	0	0.22857142857142854	0.23739495798319205	-3.0403300000000003e-07	0
101	Iter0102	3	6	2	2	0	0	0.5	1.0	0.0	0
102	Iter0103	7	4	1	2	0	0	3.5	0.5384615384615372	-0.00033563212999999996	0
103	Iter0104	3	2	3	0	0	0	0.3333333333333333	0.4642857142857138	-0.00016523900000000002	0
104	Iter0105	7	5	1	0	0	0	0.6666666666666666	1.0	-0.0017103177	0
105	Iter0106	6	6	4	1	0	0	0.25	0.3382352941176461	-0.00046674478399999996	0
106	Iter0107	4	6	2	0	0	0	0.2380952380952381	0.4545454545454557	0.0	0
107	Iter0108	3	10	1	1	0	0	0.3	0.4761904761904744	-8.07116e-08	0
108	Iter0109	8	8	3	1	0	0	0.3333333333333333	0.5913312693498459	-0.0005391176021183001	0
109	Iter0110	3	6	1	1	0	0	0.5	1.0	-0.0005149185	0
110	Iter0111	10	7	2	0	0	0	0.4583333333333333	0.5087719298245621	-4.905637200000001e-05	0
111	Iter0112	5	8	1	0	0	0	0.3333333333333333	0.4285714285714267	-0.00049649152	0
112	Iter0113	14	2	0	0	0	0	5.0	1.0	-5.390132068000001e-06	0
113	Iter0114	7	4	3	0	0	0	0.4	0.5054945054945053	-0.0013106253825100002	0
114	Iter0115	5	8	4	0	0	0	0.13333333333333333	0.08235294117647013	-0.0007829583000000002	0
115	Iter0116	6	3	4	2	0	0	1.0	1.0	-0.000931044629	0
116	Iter0117	6	8	3	0	0	0	0.19444444444444445	0.20588235294117668	-6.527825510000001e-05	0
117	Iter0118	7	5	2	0	0	0	0.4444444444444444	0.5054945054945031	-8.358718000000001e-05	0
118	Iter0119	7	4	3	1	0	0	0.5833333333333334	1.0	-1.2544409999999997e-05	0
119	Iter0120	10	6	0	0	0	0	1.5714285714285714	1.0	-0.0005585351999999999	0
120	Iter0121	8	5	2	0	0	0	0.5	0.5238095238095224	-0.0005749333100000001	0
121	Iter0122	7	7	2	2	0	0	1.0	1.0	-0.0005048426759	0
122	Iter0123	3	8	3	2	0	0	0.25	0.2994505494505498	-3.8482863e-05	0
123	Iter0124	2	7	3	0	0	0	0.09375	0.04545454545454549	-1.8445e-05	0
124	Iter0125	2	3	0	2	0	0	2.25	1.0	0.0	0
125	Iter0126	4	5	4	3	0	0	0.6000000000000001	1.0	-0.0002715669	0
126	Iter0127	8	4	5	3	0	0	1.2	1.0	-0.000783744	0
127	Iter0128	6	10	4	1	0	0	0.15	0.14860681114551086	-0.0006383869999999999	0
128	Iter0129	5	10	5	0	0	0	0.0909090909090909	0.03250773993808062	-1.89236e-06	0
129	Iter0130	5	9	2	2	0	0	0.5555555555555556	1.0	-0.000934627	0
130	Iter0131	8	6	1	2	0	0	2.6666666666666665	0.5764705882352932	0.0	0
131	Iter0132	10	10	4	4	0	0	1.0	1.0	-1.95454e-05	0
132	Iter0133	9	6	2	1	0	0	0.75	1.0	-0.00036369910099999996	0
133	Iter0134	7	3	1	0	0	0	1.0	1.0	-2.78937e-06	0
134	Iter0135	11	5	3	1	0	0	0.7333333333333334	1.0	-0.00155145235	0
135	Iter0136	6	3	1	3	0	0	6.0	0.26573426573426634	-0.0009681820600000001	0
136	Iter0137	8	8	2	0	0	0	0.3333333333333333	0.4771241830065369	-1.6898599999999998e-05	0
137	Iter0138	4	5	2	0	0	0	0.2777777777777778	0.4545454545454538	-6.668180000000001e-05	0
138	Iter0139	6	8	2	3	0	0	1.125	1.0	-3.68638e-07	0
139	Iter0140	6	4	0	0	0	0	1.4	1.0	-4.78809e-05	0
140	Iter0141	4	8	1	0	0	0	0.2777777777777778	0.38461538461538414	-5.3559962000000015e-06	0
141	Iter0142	5	6	2	1	0	0	0.4166666666666667	1.0	0.0	0
142	Iter0143	5	4	1	0	0	0	0.6	1.0	-7.13555e-05	0
143	Iter0144	9	6	1	1	0	0	1.5	1.0	-0.0012268350198829	0
144	Iter0145	8	5	0	0	0	0	1.5	1.0	-0.00048516039999999997	0
145	Iter0146	5	5	2	0	0	0	0.3333333333333333	0.4696969696969707	-0.0002948272	0
146	Iter0147	8	5	2	1	0	0	0.8	1.0	-0.0019928959136654	0
147	Iter0148	10	4	3	4	0	0	3.333333333333333	0.34575163398692754	-0.0009016146019999999	0
148	Iter0149	5	5	2	2	0	0	1.0	1.0	-0.000133316424	0
149	Iter0150	2	9	2	0	0	0	0.1	0.07692307692307712	-0.0004062663	0
150	Iter0151	9	8	2	0	0	0	0.3703703703703704	0.4853801169590648	-0.0007277456141499999	0
151	Iter0152	7	5	3	1	0	0	0.4666666666666666	1.0	-0.00030131314808	0
152	Iter0153	9	4	0	0	0	0	2.0	1.0	-0.00098196138	0
153	Iter0154	9	7	1	1	0	0	1.2857142857142858	1.0	-1.0971870000000001e-07	0
154	Iter0155	11	6	2	2	0	0	1.8333333333333333	0.6177109440267335	-5.01047e-08	0
155	Iter0156	9	6	1	0	0	0	0.7142857142857143	1.0	-0.00014335238843828001	0
156	Iter0157	9	7	2	0	0	0	0.4166666666666667	0.496732026143794	-0.00016263083694	0
157	Iter0158	2	6	5	4	0	0	0.26666666666666666	0.33484162895927594	0.0	0
158	Iter0159	8	3	5	1	0	0	0.5333333333333333	1.0	-0.0004071072231	0
159	Iter0160	5	7	0	1	0	0	1.5	1.0	-0.0002383998336	0
160	Iter0161	4	4	1	2	0	0	2.0	1.0	-3.6795157288540004e-05	0
161	Iter0162	7	4	2	1	0	0	0.875	1.0	-0.000822272	0
162	Iter0163	11	2	3	1	0	0	1.8333333333333333	1.0	-0.00038291660005039866	0
163	Iter0164	7	6	4	1	0	0	0.2916666666666667	0.5955882352941189	-0.000131954949	0
164	Iter0165	5	9	4	2	0	0	0.2777777777777778	0.3359133126934998	-0.00040179695	0
165	Iter0166	5	8	2	0	0	0	0.2222222222222222	0.1999999999999991	-1.7869100000000004e-09	0
166	Iter0167	7	6	1	1	0	0	1.1666666666666667	1.0	-2.503886898e-06	0
167	Iter0168	2	6	1	1	0	0	0.3333333333333333	1.0	0.0	0
168	Iter0169	9	7	1	1	0	0	1.2857142857142858	1.0	-4.14403e-05	0
169	Iter0170	1	6	4	4	0	0	0.16666666666666666	0.2820512820512817	0.0	0
170	Iter0171	5	6	2	3	0	0	1.2500000000000002	1.0	-8.09502e-07	0
171	Iter0172	9	6	2	2	0	0	1.5	1.0	-0.00011344484088	0
172	Iter0173	8	6	2	1	0	0	0.6666666666666666	1.0	-5.655558600000001e-05	0
173	Iter0174	2	7	4	1	0	0	0.07142857142857142	0.0909090909090907	0.0	0
174	Iter0175	9	9	2	1	0	0	0.5	1.0	-0.0010092236700000002	0
175	Iter0176	11	7	3	0	0	0	0.375	0.5210526315789489	-0.00012447040000001074	0
176	Iter0177	3	8	3	0	0	0	0.1111111111111111	0.05494505494505482	-1.26962e-05	0
177	Iter0178	13	1	1	0	0	0	3.5	1.0	-9.362773932e-05	0
178	Iter0179	6	9	3	1	0	0	0.2222222222222222	0.3034055727554183	-5.1478533430000005e-05	0
179	Iter0180	7	4	2	1	0	0	0.875	1.0	-0.00011467700526481781	0
180	Iter0181	7	7	0	1	0	0	2.0	1.0	-0.00168442350427	0
181	Iter0182	5	7	4	2	0	0	0.35714285714285715	0.6199095022624423	0.0	0
182	Iter0183	4	10	1	1	0	0	0.4	1.0	-4.1121637000000004e-05	0
183	Iter0184	7	5	1	0	0	0	0.6666666666666666	1.0	-0.0004916451300000001	0
184	Iter0185	11	3	2	2	0	0	3.6666666666666665	0.5326797385620922	-0.000266062729	0
185	Iter0186	5	4	1	4	0	0	5.0	0.3006993006992999	-0.002628628559	0
186	Iter0187	8	6	1	3	0	0	4.0	0.5764705882352943	-0.00017300290000000002	0
187	Iter0188	7	6	1	1	0	0	1.1666666666666667	1.0	-0.000270521874034	0
188	Iter0189	6	7	4	2	0	0	0.42857142857142855	0.6284829721362215	-4.7600407400000005e-05	0
189	Iter0190	4	10	3	2	0	0	0.26666666666666666	0.3046955624355003	-0.0008342087	0
190	Iter0191	7	5	1	2	0	0	2.8	0.5692307692307671	-0.000237849180616	0
191	Iter0192	3	10	2	1	0	0	0.15	0.21428571428571325	0.0	0
192	Iter0193	6	5	3	2	0	0	0.7999999999999999	1.0	-0.0002412367473	0
193	Iter0194	3	6	3	0	0	0	0.14285714285714285	0.18181818181818213	-0.000826728114	0
194	Iter0195	3	11	2	2	0	0	0.2727272727272727	0.5326797385620927	-5.966990000000002e-06	0
195	Iter0196	8	7	0	0	0	0	1.125	1.0	-0.001273085765	0
196	Iter0197	4	8	3	1	0	0	0.16666666666666666	0.2615384615384607	0.0	0
197	Iter0198	8	8	2	0	0	0	0.3333333333333333	0.4771241830065369	-0.00090973964144	0
198	Iter0199	4	3	7	1	0	0	0.19047619047619047	0.2820512820512816	-5.0893e-05	0
199	Iter0200	7	8	1	3	0	0	2.625	0.6026831785345723	-5.694747888400002e-06	0
200	Iter0201	9	8	1	1	0	0	1.125	1.0	-1.087082e-08	0
201	Iter0202	6	9	0	0	0	0	0.7	1.0	-0.00028586879308879006	0
202	Iter0203	7	2	2	0	0	0	0.8888888888888888	1.0	-0.00018710772999999998	0
203	Iter0204	2	6	2	2	0	0	0.3333333333333333	0.5474747474747487	-1.76051e-07	0
204	Iter0205	5	9	1	2	0	0	1.1111111111111112	1.0	-0.00020307174	0
205	Iter0206	6	6	2	0	0	0	0.3333333333333333	0.4725274725274709	-0.0011967180389	0
206	Iter0207	2	7	1	2	0	0	0.5714285714285714	1.0	-1.0763699999999997e-05	0
207	Iter0208	6	10	3	3	0	0	0.6	0.6550199026979192	-0.000904857928	0
208	Iter0209	5	6	3	3	0	0	0.8333333333333334	1.0	-0.0001473293	0
209	Iter0210	9	6	4	1	0	0	0.375	0.6126160990712072	-0.00027824025450000003	0
210	Iter0211	10	4	1	0	0	0	1.1	1.0	-0.000624589507547	0
211	Iter0212	5	4	2	2	0	0	1.25	1.0	-3.0526953310000004e-05	0
212	Iter0213	6	3	2	1	0	0	1.0	1.0	-0.00072544135	0
213	Iter0214	10	6	3	1	0	0	0.5555555555555556	1.0	-0.0002219370100251077	0
214	Iter0215	9	8	1	4	0	0	4.5	0.3233082706766912	-0.00072508634	0
215	Iter0216	11	8	2	2	0	0	1.375	1.0	-0.0002941583298	0
216	Iter0217	2	0	2	0	0	0	1.0	1.0	-1.95598e-07	0
217	Iter0218	6	4	1	1	0	0	1.5	1.0	-4.42735e-06	0
218	Iter0219	8	7	2	0	0	0	0.375	0.4852941176470584	-1.9893777999999995e-06	0
219	Iter0220	6	7	1	3	0	0	2.571428571428572	0.6029411764705872	-7.55652e-06	0
220	Iter0221	5	6	1	0	0	0	0.42857142857142855	1.0	-4.07329000381052e-06	0
221	Iter0222	13	8	1	1	0	0	1.625	1.0	-2.0361e-11	0
222	Iter0223	7	6	1	1	0	0	1.1666666666666667	1.0	-0.00045292199999999997	0
223	Iter0224	5	7	4	3	0	0	0.5357142857142858	0.6499166468206719	-7.762004e-05	0
224	Iter0225	9	9	5	1	0	0	0.2	0.3408050759309347	-0.000398434211	0
225	Iter0226	4	7	2	4	0	0	1.1428571428571428	1.0	0.0	0
226	Iter0227	6	10	0	1	0	0	1.2727272727272727	1.0	-0.00017489186726	0
227	Iter0228	4	4	1	0	0	0	0.5	1.0	-0.00041543418	0
228	Iter0229	8	8	2	1	0	0	0.5	1.0	-5.179732e-06	0
229	Iter0230	6	6	4	2	0	0	0.5	0.6380090497737558	-0.000606956098	0
230	Iter0231	5	5	3	0	0	0	0.25	0.23076923076923125	-9.32274e-08	0
231	Iter0232	7	4	3	0	0	0	0.4	0.5054945054945053	-5.8882700000000005e-06	0
232	Iter0233	8	7	0	0	0	0	1.125	1.0	-0.00035568089999999996	0
233	Iter0234	9	9	2	1	0	0	0.5	1.0	-0.0001070550000687913	0
234	Iter0235	8	7	3	4	0	0	1.5238095238095235	1.0	-0.0002770169531	0
235	Iter0236	6	8	1	1	0	0	0.75	1.0	0.0	0
236	Iter0237	3	10	3	0	0	0	0.09090909090909093	0.035714285714285636	-9.471107999999999e-08	0
237	Iter0238	5	10	2	0	0	0	0.1818181818181818	0.15441176470588236	0.0	0
238	Iter0239	11	5	3	0	0	0	0.5	0.53044375644995	-0.000955254751	0
239	Iter0240	6	5	2	1	0	0	0.6	1.0	-6.489178000000001e-06	0
240	Iter0241	8	3	2	0	0	0	0.75	1.0	-0.0005278930000050225	0
241	Iter0242	4	8	0	1	0	0	1.1111111111111112	1.0	-1.84457e-05	0
242	Iter0243	3	4	1	3	0	0	2.25	1.0	-0.00046982493999999996	0
243	Iter0244	6	6	1	0	0	0	0.5	1.0	-0.00034448569100000006	0
244	Iter0245	8	6	2	3	0	0	2.0	0.6284829721362228	-0.00112707309056836	0
245	Iter0246	7	5	4	0	0	0	0.26666666666666666	0.2445054945054937	-9.1445e-07	0
246	Iter0247	7	4	5	1	0	0	0.35	0.6000323206205543	-7.814925e-05	0
247	Iter0248	9	2	3	1	0	0	1.5	1.0	-0.000618130772516	0
248	Iter0249	10	8	0	4	0	0	6.1111111111111125	0.09637730690362233	-0.0003177251865	0
249	Iter0250	4	4	3	1	0	0	0.3333333333333333	0.5757575757575777	0.0	0
250	Iter0251	3	5	0	0	0	0	0.6666666666666666	1.0	-0.000157817	0
251	Iter0252	11	2	2	0	0	0	1.3333333333333333	1.0	-0.0005714588885000001	0
252	Iter0253	9	4	4	7	0	0	3.9375	0.2173264042459088	-0.0002555789	0
253	Iter0254	2	3	0	0	0	0	0.75	1.0	0.0	0
254	Iter0255	11	5	3	4	0	0	2.9333333333333336	0.3630367478799316	-0.0007518971000000001	0
255	Iter0256	3	11	2	1	0	0	0.13636363636363635	0.19117647058823514	0.0	0
256	Iter0257	7	11	0	1	0	0	1.3333333333333333	1.0	-3.18341e-05	0
257	Iter0258	6	8	6	2	0	0	0.25	0.20433436532507632	-3.49e-07	0
258	Iter0259	12	10	3	0	0	0	0.2954545454545455	0.2500000000000015	-8.956019548999999e-05	0
259	Iter0260	5	9	0	3	0	0	2.4	0.5147058823529416	-4.158426000000001e-05	0
260	Iter0261	6	5	2	0	0	0	0.3888888888888889	0.4871794871794877	-0.000885407765	0
261	Iter0262	7	7	1	0	0	0	0.5	1.0	-0.00102583176	0
262	Iter0263	5	9	6	1	0	0	0.0925925925925926	0.06346749226006189	-1.33281e-07	0
263	Iter0264	5	3	1	0	0	0	0.75	1.0	-5.89181e-05	0
264	Iter0265	4	4	4	2	0	0	0.5	0.6270396270396279	-3.046073e-06	0
265	Iter0266	10	4	1	0	0	0	1.1	1.0	-1.746661e-08	0
266	Iter0267	7	3	3	0	0	0	0.5	0.5279720279720299	-7.3703585900000005e-06	0
267	Iter0268	10	4	4	0	0	0	0.4400000000000001	0.524183006535951	-0.00085346757	0
268	Iter0269	2	6	0	1	0	0	0.8571428571428571	1.0	0.0	0
269	Iter0270	5	6	3	1	0	0	0.2777777777777778	0.5692307692307697	-3.4162630999999995e-05	0
270	Iter0271	12	7	1	1	0	0	1.7142857142857142	1.0	-0.000168895642	0
271	Iter0272	2	6	0	2	0	0	1.2857142857142858	1.0	-0.000347476	0
272	Iter0273	7	5	1	2	0	0	2.8	0.5692307692307671	-0.001098322556	0
273	Iter0274	4	7	5	1	0	0	0.11428571428571427	0.13122171945701336	-0.00033146900000000003	0
274	Iter0275	4	6	1	2	0	0	1.3333333333333333	1.0	-0.000744165588	0
275	Iter0276	5	12	9	0	0	0	0.04615384615384616	0.0007111424045062477	-0.0002763908	0
276	Iter0277	7	6	0	2	0	0	3.4285714285714284	0.4666666666666652	-2.81031e-07	0
277	Iter0278	7	9	4	4	0	0	0.7777777777777778	1.0	-0.0006092524595500001	0
278	Iter0279	4	3	1	1	0	0	1.3333333333333333	1.0	-4.31547e-09	0
279	Iter0280	4	4	0	1	0	0	2.0	1.0	-7.212325999999999e-05	0
280	Iter0281	4	10	3	1	0	0	0.13333333333333333	0.2450980392156869	-5.4525e-08	0
281	Iter0282	5	3	1	2	0	0	3.333333333333333	0.5454545454545457	-8.806686699999998e-07	0
282	Iter0283	4	5	0	0	0	0	0.8333333333333334	1.0	-0.00055164149	0
283	Iter0284	6	4	1	1	0	0	1.5	1.0	-1.11548903e-05	0
284	Iter0285	8	5	2	1	0	0	0.8	1.0	-0.000314435005697468	0
285	Iter0286	2	4	7	2	0	0	0.14285714285714285	0.13566433566433514	0.0	0
286	Iter0287	11	5	1	2	0	0	4.4	0.5232198142414874	-0.00043047858768	0
287	Iter0288	10	8	1	1	0	0	1.25	1.0	-0.00019804724	0
288	Iter0289	6	6	3	4	0	0	1.3333333333333333	1.0	-0.000425306759217964	0
289	Iter0290	3	5	4	3	0	0	0.45	0.6192696192696191	-3.6088227e-05	0
290	Iter0291	3	2	1	0	0	0	0.6666666666666666	1.0	-9.08175e-12	0
291	Iter0292	6	6	4	3	0	0	0.75	1.0	-0.000200488960898	0
292	Iter0293	7	11	5	2	0	0	0.2545454545454545	0.201556064073226	-0.000922686744	0
293	Iter0294	6	3	4	2	0	0	1.0	1.0	0.0	0
294	Iter0295	6	7	5	1	0	0	0.17142857142857146	0.1769865841073273	-0.00017840389043000002	0
295	Iter0296	8	6	2	2	0	0	1.3333333333333333	1.0	0.0	0
296	Iter0297	9	8	2	1	0	0	0.5625	1.0	-3.1778347400000005e-06	0
297	Iter0298	15	7	2	1	0	0	1.0714285714285714	1.0	-0.00043305267726	0
298	Iter0299	10	7	2	2	0	0	1.4285714285714286	1.0	-0.0001021851	0
299	Iter0300	10	7	1	1	0	0	1.4285714285714286	1.0	-0.000923299172	0
300	Iter0301	5	4	3	2	0	0	0.8333333333333334	1.0	-0.0012094859	0
301	Iter0302	14	10	5	1	0	0	0.28	0.3717064544650783	-0.00341288034	0
302	Iter0303	13	3	0	1	0	0	7.0	0.23529411764705904	-0.00041276866	0
303	Iter0304	9	3	0	0	0	0	2.5	1.0	-9.65101e-05	0
304	Iter0305	9	5	2	0	0	0	0.5555555555555556	1.0	-0.001205594	0
305	Iter0306	6	7	0	0	0	0	0.875	1.0	-0.0001095560249	0
306	Iter0307	9	5	3	3	0	0	1.8	0.6424148606811155	-4.7374299721299995e-05	0
307	Iter0308	4	6	3	1	0	0	0.2222222222222222	0.5594405594405594	-4.08482e-05	0
308	Iter0309	9	8	0	0	0	0	1.1111111111111112	1.0	-0.00032053936	0
309	Iter0310	10	5	1	1	0	0	2.0	1.0	-0.000176078917	0
310	Iter0311	4	2	0	0	0	0	1.6666666666666667	1.0	-3.216141e-07	0
311	Iter0312	4	7	0	3	0	0	2.5	0.5054945054945049	0.0	0
312	Iter0313	10	4	0	0	0	0	2.2	1.0	-9.37752268e-05	0
313	Iter0314	9	3	1	1	0	0	3.0	0.5054945054945044	-0.00101740787	0
314	Iter0315	4	9	2	1	0	0	0.2222222222222222	0.5178571428571412	-3.1800689999999996e-06	0
315	Iter0316	11	11	0	0	0	0	1.0	1.0	-7.528185000000001e-06	0
316	Iter0317	4	10	2	2	0	0	0.4	0.5686274509803932	-3.17360545e-05	0
317	Iter0318	4	7	0	2	0	0	1.875	1.0	-1.22827e-05	0
318	Iter0319	3	9	2	2	0	0	0.3333333333333333	0.5467032967032944	-0.00074526	0
319	Iter0320	8	4	2	1	0	0	1.0	1.0	-0.00010615111036347999	0
320	Iter0321	10	5	2	0	0	0	0.6111111111111109	1.0	-0.00023228316547	0
321	Iter0322	12	7	0	0	0	0	1.625	1.0	-0.0004253328425	0
322	Iter0323	8	5	2	1	0	0	0.8	1.0	-0.000595022	0
323	Iter0324	4	3	1	0	0	0	0.625	1.0	-1.06668e-06	0
324	Iter0325	7	7	2	1	0	0	0.5	1.0	-3.601442e-05	0
325	Iter0326	4	1	3	1	0	0	1.3333333333333333	1.0	-7.00734e-05	0
326	Iter0327	9	2	0	3	0	0	13.333333333333336	0.02747252747252741	-0.0001699876	0
327	Iter0328	4	4	7	2	0	0	0.2857142857142857	0.3348416289592767	-2.92363e-05	0
328	Iter0329	6	8	1	0	0	0	0.3888888888888889	0.4666666666666665	-2.14696e-12	0
329	Iter0330	8	5	2	1	0	0	0.8	1.0	-0.0001504123	0
330	Iter0331	8	3	3	2	0	0	1.7777777777777777	1.0	-6.2252595e-05	0
331	Iter0332	8	5	3	3	0	0	1.6	1.0	-0.0005814872810000001	0
332	Iter0333	9	4	4	2	0	0	1.125	1.0	-0.0002117840000828511	0
333	Iter0334	6	6	1	1	0	0	1.0	1.0	-5.460100000523395e-06	0
334	Iter0335	11	4	2	0	0	0	0.7999999999999999	1.0	-0.00111902773	0
335	Iter0336	4	6	1	1	0	0	0.6666666666666666	1.0	-0.00012701486296	0
336	Iter0337	14	5	1	0	0	0	1.25	1.0	-0.0016681416000151582	0
337	Iter0338	6	5	3	2	0	0	0.7999999999999999	1.0	-2.081066e-05	0
338	Iter0339	8	3	0	0	0	0	2.25	1.0	-0.00047854374280300005	0
339	Iter0340	6	3	3	3	0	0	2.0	0.6223776223776202	-7.8786e-06	0
340	Iter0341	11	4	1	1	0	0	2.75	0.5147058823529409	-1.8722508868000002e-05	0
341	Iter0342	5	7	4	0	0	0	0.15	0.08846153846153812	0.0	0
342	Iter0343	11	5	2	1	0	0	1.1	1.0	-0.00014476194000000002	0
343	Iter0344	4	11	4	1	0	0	0.09090909090909093	0.10887512899896816	-2.7795182230000003e-07	0
344	Iter0345	9	6	3	1	0	0	0.5	1.0	-0.0004167811	0
345	Iter0346	7	5	1	4	0	0	5.6	0.2941176470588227	-0.00022211510620000002	0
346	Iter0347	2	7	2	3	0	0	0.42857142857142855	0.5804195804195793	-4.79932e-07	0
347	Iter0348	7	4	4	2	0	0	0.875	1.0	-8.362576e-05	0
348	Iter0349	6	7	3	3	0	0	0.8571428571428571	1.0	-7.05202e-07	0
349	Iter0350	4	7	3	3	0	0	0.5714285714285714	0.6436651583710422	-3.0661200000000007e-06	0
350	Iter0351	5	6	2	3	0	0	1.2500000000000002	1.0	-1.56629e-05	0
351	Iter0352	7	4	2	1	0	0	0.875	1.0	0.0	0
352	Iter0353	8	7	2	1	0	0	0.5714285714285714	1.0	-0.000193990803	0
353	Iter0354	7	6	6	2	0	0	0.3888888888888889	0.39986240110079024	-4.147338000000129e-05	0
354	Iter0355	7	6	0	0	0	0	1.1428571428571428	1.0	0.0	0
355	Iter0356	9	4	2	2	0	0	2.25	0.5840336134453747	-0.000171748868	0
356	Iter0357	6	5	5	1	0	0	0.24	0.3333872010342601	-1.909686e-05	0
357	Iter0358	2	4	0	1	0	0	1.2	1.0	0.0	0
358	Iter0359	5	4	2	0	0	0	0.4	0.4909090909090901	-0.00019764581	0
359	Iter0360	9	12	7	0	0	0	0.09615384615384616	0.010330732069862536	-1.410445904e-05	0
360	Iter0361	9	16	3	0	0	0	0.14705882352941174	0.06715506715506674	-0.0005749299	0
361	Iter0362	5	4	5	0	0	0	0.2	0.22077922077922	-1.096649e-05	0
362	Iter0363	5	7	0	2	0	0	2.25	0.5054945054945036	-3.82976e-05	0
363	Iter0364	4	1	1	0	0	0	1.25	1.0	-7.96771e-05	0
364	Iter0365	4	7	1	0	0	0	0.3125	0.4166666666666676	-0.00020135557899999998	0
365	Iter0366	7	8	3	3	0	0	0.875	1.0	-0.0002995930188	0
366	Iter0367	7	3	3	1	0	0	0.7777777777777778	1.0	-0.000723835	0
367	Iter0368	3	6	2	1	0	0	0.25	0.5227272727272734	-3.3513600000000004e-05	0
368	Iter0369	8	8	1	1	0	0	1.0	1.0	-0.0001554015158104	0
369	Iter0370	9	1	2	0	0	0	1.6666666666666667	1.0	-0.0008739109000000001	0
370	Iter0371	5	11	2	2	0	0	0.4545454545454545	0.5867905056759568	-0.0016101050000000001	0
371	Iter0372	4	7	4	1	0	0	0.14285714285714285	0.2820512820512817	-0.00071530483	0
372	Iter0373	7	8	3	1	0	0	0.2916666666666667	0.582043343653251	-0.000152312286354	0
373	Iter0374	5	14	2	1	0	0	0.17857142857142858	0.2272727272727273	-4.7280907817290004e-05	0
374	Iter0375	4	8	3	2	0	0	0.3333333333333333	0.5927601809954732	-3.14071e-05	0
375	Iter0376	9	9	2	1	0	0	0.5	1.0	-0.0015204154999999997	0
376	Iter0377	9	5	1	0	0	0	0.8333333333333334	1.0	-0.00044667510399999997	0
377	Iter0378	8	6	3	3	0	0	1.3333333333333333	1.0	-0.00012021880065499999	0
378	Iter0379	6	6	3	0	0	0	0.25	0.22857142857142754	-9.73168e-06	0
379	Iter0380	7	2	1	0	0	0	1.3333333333333333	1.0	-0.0001510957703	0
380	Iter0381	9	5	4	0	0	0	0.33333333333333337	0.2777777777777787	-0.00010521661030000001	0
381	Iter0382	2	6	1	0	0	0	0.21428571428571427	0.33333333333333365	-4.95401e-08	0
382	Iter0383	7	4	1	1	0	0	1.75	1.0	-5.9244471999999995e-05	0
383	Iter0384	4	8	1	1	0	0	0.5	1.0	-1.06831e-06	0
384	Iter0385	2	6	3	0	0	0	0.10714285714285714	0.06060606060606059	0.0	0
385	Iter0386	5	11	2	1	0	0	0.2272727272727273	0.5232198142414874	-0.00014460799999999998	0
386	Iter0387	7	4	0	2	0	0	4.800000000000002	0.1923076923076929	-0.0006384756	0
387	Iter0388	3	7	0	0	0	0	0.5	1.0	-0.000806392	0
388	Iter0389	11	10	1	1	0	0	1.1	1.0	-0.000428361737	0
389	Iter0390	9	8	1	1	0	0	1.125	1.0	-0.00020159314899999997	0
390	Iter0391	8	2	3	1	0	0	1.3333333333333333	1.0	-0.0006325251	0
391	Iter0392	11	6	2	1	0	0	0.9166666666666666	1.0	-1.0462603556000001e-06	0
392	Iter0393	5	8	2	1	0	0	0.3125	0.5499999999999977	-1.02792e-11	0
393	Iter0394	6	5	3	2	0	0	0.7999999999999999	1.0	-7.031390000000001e-06	0
394	Iter0395	6	3	1	1	0	0	2.0	1.0	-9.759231e-05	0
395	Iter0396	10	6	2	1	0	0	0.8333333333333334	1.0	-0.00021809651	0
396	Iter0397	6	8	0	0	0	0	0.7777777777777778	1.0	-7.7243201e-05	0
397	Iter0398	10	9	0	2	0	0	3.3000000000000003	0.4761904761904774	-8.010864888000001e-05	0
398	Iter0399	6	10	2	1	0	0	0.3	0.5459236326109398	-8.533530437852e-06	0
399	Iter0400	9	7	0	1	0	0	2.5	0.470588235294119	-0.0005024049453000001	0
400	Iter0401	6	5	4	5	0	0	1.4999999999999998	1.0	-7.33490091e-05	0
401	Iter0402	3	4	3	2	0	0	0.5	1.0	-0.0001238147049	0
402	Iter0403	5	7	4	1	0	0	0.17857142857142858	0.29411764705882265	-0.0002089185	0
403	Iter0404	9	7	2	1	0	0	0.6428571428571429	1.0	-0.00031969637	0
404	Iter0405	6	10	1	0	0	0	0.3181818181818182	0.4117647058823533	-0.00010822091769	0
405	Iter0406	11	10	1	1	0	0	1.1	1.0	-0.0010496954325000002	0
406	Iter0407	6	6	7	3	0	0	0.42857142857142855	0.4148606811145487	-3.422960808309e-05	0
407	Iter0408	4	4	4	1	0	0	0.25	0.5648795648795664	0.0	0
408	Iter0409	8	4	4	0	0	0	0.36	0.5164835164835125	-0.0012436992269000001	0
409	Iter0410	5	3	0	4	0	0	7.5	0.08080808080808108	-0.0010421298	0
410	Iter0411	5	4	1	0	0	0	0.6	1.0	-1.635724e-05	0
411	Iter0412	3	5	1	2	0	0	1.2	1.0	-1.0633220999999996e-05	0
412	Iter0413	5	7	2	1	0	0	0.35714285714285715	0.5692307692307671	-0.0007375884115999999	0
413	Iter0414	4	5	1	2	0	0	1.6	1.0	-0.00017024058	0
414	Iter0415	8	2	3	1	0	0	1.3333333333333333	1.0	-0.00115703632	0
415	Iter0416	9	5	2	0	0	0	0.5555555555555556	1.0	-7.0320778e-05	0
416	Iter0417	2	2	6	2	0	0	0.3333333333333333	0.5474747474747486	-7.021276670000001e-06	0
417	Iter0418	6	3	1	0	0	0	0.875	1.0	-0.00016794546084278499	0
418	Iter0419	1	5	1	1	0	0	0.2	0.4642857142857139	0.0	0
419	Iter0420	2	5	2	0	0	0	0.16666666666666666	0.16666666666666696	0.0	0
420	Iter0421	5	6	3	0	0	0	0.21428571428571427	0.2087912087912085	-2.31197e-06	0
421	Iter0422	3	0	0	1	0	0	8.0	0.24999999999999994	-5.34329e-05	0
422	Iter0423	5	11	2	3	0	0	0.6818181818181819	1.0	-2.168421e-05	0
423	Iter0424	8	10	2	2	0	0	0.8	1.0	-2.944687643e-06	0
424	Iter0425	6	7	2	1	0	0	0.42857142857142855	1.0	-1.00216e-07	0
425	Iter0426	9	3	1	0	0	0	1.25	1.0	-0.000549842495694	0
426	Iter0427	6	6	1	1	0	0	1.0	1.0	-0.00017407799999999998	0
427	Iter0428	6	7	4	0	0	0	0.175	0.10294117647058773	-1.27192e-05	0
428	Iter0429	10	6	3	0	0	0	0.3928571428571429	0.5170278637770895	-0.00040028570000000003	0
429	Iter0430	7	4	4	2	0	0	0.875	1.0	-2.5320601e-05	0
430	Iter0431	2	4	1	2	0	0	1.0	1.0	-2.36278e-07	0
431	Iter0432	11	2	4	4	0	0	5.5	0.14617425917735505	-0.0004951003499	0
432	Iter0433	7	6	2	1	0	0	0.5833333333333334	1.0	-0.0003596607	0
433	Iter0434	12	9	5	1	0	0	0.26666666666666666	0.3625215364345839	-0.0001650627819	0
434	Iter0435	3	8	1	0	0	0	0.2222222222222222	0.33333333333333426	-1.39522e-05	0
435	Iter0436	11	5	1	1	0	0	2.2	1.0	-0.00047618554	0
436	Iter0437	8	3	0	1	0	0	4.5	0.3333333333333341	-0.000114503826	0
437	Iter0438	5	6	2	3	0	0	1.2500000000000002	1.0	-0.000674472934	0
438	Iter0439	5	8	0	1	0	0	1.3333333333333333	1.0	-9.630959100000001e-06	0
439	Iter0440	6	5	1	0	0	0	0.5833333333333334	1.0	-0.00035614420000000004	0
440	Iter0441	14	5	2	2	0	0	2.8	0.5573122529644269	-0.0006876418167313001	0
441	Iter0442	7	5	1	0	0	0	0.6666666666666666	1.0	-0.00048815930000000005	0
442	Iter0443	7	6	2	3	0	0	1.7500000000000002	1.0	-0.00023855783533	0
443	Iter0444	5	10	0	1	0	0	1.0909090909090908	1.0	-0.00056719323	0
444	Iter0445	7	4	1	0	0	0	0.8	1.0	-2.60118e-14	0
445	Iter0446	4	7	3	3	0	0	0.5714285714285714	0.6436651583710422	-7.6087646418e-05	0
446	Iter0447	4	6	3	1	0	0	0.2222222222222222	0.5594405594405594	-3.6848600000000003e-07	0
447	Iter0448	5	5	1	4	0	0	4.0	0.5804195804195791	-0.00026515362	0
448	Iter0449	10	4	1	2	0	0	5.0	0.5147058823529405	-7.214015599999998e-05	0
449	Iter0450	5	6	2	0	0	0	0.2857142857142857	0.4615384615384627	-2.47355e-05	0
450	Iter0451	4	8	3	1	0	0	0.16666666666666666	0.2615384615384607	-4.91465e-05	0
451	Iter0452	7	9	3	7	0	0	1.8148148148148149	0.6834028806030477	-0.000582603	0
452	Iter0453	8	8	7	2	0	0	0.2857142857142857	0.22896266474137106	-3.0161312480000007e-05	0
453	Iter0454	10	6	2	0	0	0	0.5238095238095238	0.5294117647058828	-0.00048754229240000014	0
454	Iter0455	7	5	4	0	0	0	0.26666666666666666	0.2445054945054937	-0.0006583470000000001	0
455	Iter0456	6	7	1	1	0	0	0.8571428571428571	1.0	-2.9293562000000002e-06	0
456	Iter0457	7	5	2	1	0	0	0.7	1.0	-0.0007963653700000001	0
457	Iter0458	9	7	1	2	0	0	2.571428571428572	0.5820433436532529	-0.00012040300999999999	0
458	Iter0459	7	1	1	2	0	0	14.0	0.15151515151515138	-1.02522e-06	0
459	Iter0460	6	4	2	1	0	0	0.75	1.0	-3.0592e-05	0
460	Iter0461	11	7	0	3	0	0	6.0	0.09022556390977424	-0.001788175	0
461	Iter0462	1	4	4	5	0	0	0.3125	0.5804195804195783	0.0	0
462	Iter0463	8	4	5	4	0	0	1.6	0.6730650154798735	0.0	0
463	Iter0464	9	2	0	0	0	0	3.333333333333333	1.0	-1.385785449e-06	0
464	Iter0465	8	4	0	0	0	0	1.8	1.0	-0.000304070889	0
465	Iter0466	7	4	1	0	0	0	0.8	1.0	-2.4032622831e-05	0
466	Iter0467	7	7	5	3	0	0	0.6	0.6749226006191936	-9.993876394999998e-05	0
467	Iter0468	8	7	3	2	0	0	0.7619047619047619	1.0	-1.6960499748109997e-05	0
468	Iter0469	7	4	3	2	0	0	1.1666666666666667	1.0	-0.00031420383390000004	0
469	Iter0470	5	8	5	1	0	0	0.125	0.14086687306501516	-8.07905e-07	0
470	Iter0471	6	9	3	0	0	0	0.175	0.20588235294117666	-0.0015008309999999998	0
471	Iter0472	7	4	4	0	0	0	0.32	0.5164835164835158	-0.00025348931000000003	0
472	Iter0473	5	4	9	1	0	0	0.1388888888888889	0.1408668730650159	-0.00010161739582999999	0
473	Iter0474	7	5	1	1	0	0	1.4	1.0	-0.00035862261985	0
474	Iter0475	3	5	3	2	0	0	0.4	0.5920745920745942	-8.51966e-06	0
475	Iter0476	1	8	2	1	0	0	0.0625	0.1272727272727274	-0.000485497	0
476	Iter0477	3	6	0	0	0	0	0.5714285714285714	1.0	0.0	0
477	Iter0478	9	8	2	0	0	0	0.3703703703703704	0.4853801169590648	-0.00021530891	0
478	Iter0479	5	6	5	3	0	0	0.5	0.6499166468206747	-1.88645e-09	0
479	Iter0480	12	7	0	0	0	0	1.625	1.0	-0.000595246467	0
480	Iter0481	5	7	2	1	0	0	0.35714285714285715	0.5692307692307671	-0.000587071	0
481	Iter0482	8	5	1	1	0	0	1.6	1.0	-0.00069752874	0
482	Iter0483	6	6	2	2	0	0	1.0	1.0	-6.19917728e-05	0
483	Iter0484	11	10	1	2	0	0	2.2	1.0	-0.00105803372	0
484	Iter0485	8	8	1	0	0	0	0.5	1.0	-0.00025222499999999996	0
485	Iter0486	7	7	0	1	0	0	2.0	1.0	-0.0003572877	0
486	Iter0487	5	3	3	4	0	0	2.2222222222222223	0.6192696192696191	-7.36748e-07	0
487	Iter0488	8	9	2	1	0	0	0.4444444444444444	1.0	-1.16231379e-06	0
488	Iter0489	9	5	2	2	0	0	1.8	1.0	-1.20053e-08	0
489	Iter0490	6	3	1	2	0	0	4.0	0.5227272727272733	-0.0001465817523	0
490	Iter0491	3	4	4	1	0	0	0.1875	0.2929292929292933	0.0	0
491	Iter0492	7	3	4	0	0	0	0.4	0.5054945054945056	-0.00018862900000000005	0
492	Iter0493	9	7	2	1	0	0	0.6428571428571429	1.0	-0.000663900665135759	0
493	Iter0494	10	9	1	1	0	0	1.1111111111111112	1.0	-1.75773000699104e-06	0
494	Iter0495	11	7	2	1	0	0	0.7857142857142857	1.0	-0.00048233271999999997	0
495	Iter0496	6	7	2	1	0	0	0.42857142857142855	1.0	-6.644707e-05	0
496	Iter0497	4	3	2	1	0	0	0.6666666666666666	1.0	-2.03524e-09	0
497	Iter0498	12	4	1	1	0	0	3.0	0.4901960784313731	-0.0011469457000000001	0
498	Iter0499	6	4	5	0	0	0	0.2333333333333333	0.23076923076923034	-0.00030195052	0
499	Iter0500	5	8	0	0	0	0	0.6666666666666666	1.0	-0.00068538848	0
500	Iter0501	6	6	1	1	0	0	1.0	1.0	-6.61443756257e-06	0
501	Iter0502	9	3	1	1	0	0	3.0	0.5054945054945044	-0.0007736800000000001	0
502	Iter0503	11	4	1	1	0	0	2.75	0.5147058823529409	-0.0010844582750000002	0
503	Iter0504	5	3	3	0	0	0	0.375	0.4909090909090914	-0.000471773	0
504	Iter0505	3	8	1	2	0	0	0.75	1.0	-1.31896e-05	0
505	Iter0506	8	8	2	1	0	0	0.5	1.0	-0.0009091810599999998	0
506	Iter0507	8	7	5	4	0	0	0.9142857142857144	1.0	-0.000862887106	0
507	Iter0508	9	14	3	0	0	0	0.16666666666666666	0.08461538461538502	-2.14294e-05	0
508	Iter0509	6	6	6	2	0	0	0.3333333333333333	0.37285067873303024	0.0	0
509	Iter0510	12	8	2	1	0	0	0.75	1.0	-4.9626288722700005e-06	0
510	Iter0511	5	2	2	1	0	0	1.25	1.0	-0.000189946	0
511	Iter0512	6	5	0	1	0	0	2.333333333333333	1.0	-0.00113691559879	0
512	Iter0513	4	10	2	2	0	0	0.4	0.5686274509803932	0.0	0
513	Iter0514	4	11	1	0	0	0	0.20833333333333331	0.31249999999999994	-5.0831499999999996e-05	0
514	Iter0515	10	11	2	2	0	0	0.9090909090909092	1.0	-0.00037909464892999997	0
515	Iter0516	12	6	2	0	0	0	0.6190476190476191	1.0	-0.00025362946999999997	0
516	Iter0517	8	3	2	0	0	0	0.75	1.0	-0.0003141922	0
517	Iter0518	9	8	1	0	0	0	0.5555555555555556	1.0	-0.0003208217	0
518	Iter0519	1	6	1	1	0	0	0.16666666666666666	0.4166666666666671	0.0	0
519	Iter0520	5	7	3	2	0	0	0.4761904761904762	0.6199095022624422	-0.0005913872100000001	0
520	Iter0521	7	8	3	5	0	0	1.4583333333333337	1.0	-2.019595662e-05	0
521	Iter0522	5	8	3	0	0	0	0.16666666666666666	0.1999999999999998	-0.000316314847	0
522	Iter0523	6	5	0	0	0	0	1.1666666666666667	1.0	-0.00042555109999999996	0
523	Iter0524	5	6	0	1	0	0	1.7142857142857142	1.0	-5.529079999999999e-07	0
524	Iter0525	8	7	5	3	0	0	0.6857142857142856	1.0	-0.0003214658	0
525	Iter0526	6	8	0	2	0	0	2.333333333333333	0.4999999999999994	-0.00010785700000000001	0
526	Iter0527	5	4	3	3	0	0	1.25	1.0	-2.8298709000000002e-05	0
527	Iter0528	12	7	3	4	0	0	2.2857142857142856	0.4065217391304377	-0.00042465376526	0
528	Iter0529	9	6	1	2	0	0	3.0	0.5588235294117663	-0.0005578874	0
529	Iter0530	5	6	1	1	0	0	0.8333333333333334	1.0	-0.0001725356	0
530	Iter0531	4	3	2	5	0	0	3.333333333333333	0.5920745920745918	-2.8390445999999998e-05	0
531	Iter0532	5	4	3	0	0	0	0.3	0.4909090909090916	-0.000143787	0
532	Iter0533	7	9	1	2	0	0	1.5555555555555556	1.0	-0.001369960151	0
533	Iter0534	3	3	3	1	0	0	0.3333333333333333	0.5714285714285717	-1.78241745e-05	0
534	Iter0535	11	5	2	1	0	0	1.1	1.0	-0.0003838167314476	0
535	Iter0536	8	5	3	0	0	0	0.375	0.5089285714285694	-0.0017617310131988002	0
536	Iter0537	9	6	1	1	0	0	1.5	1.0	-0.00067739459186	0
537	Iter0538	11	6	2	1	0	0	0.9166666666666666	1.0	-7.408522e-09	0
538	Iter0539	6	8	1	1	0	0	0.75	1.0	-0.00137216123	0
539	Iter0540	8	6	5	2	0	0	0.5333333333333333	0.6556587547299609	-7.5343475e-05	0
540	Iter0541	7	4	5	2	0	0	0.7	1.0	-0.00034704399	0
541	Iter0542	8	11	1	0	0	0	0.375	0.45000000000000057	-0.00015673254000000001	0
542	Iter0543	10	3	1	2	0	0	6.666666666666668	0.2142857142857131	-0.0010640407422386	0
543	Iter0544	7	10	0	3	0	0	2.9090909090909087	0.5210526315789488	-3.416385931e-05	0
544	Iter0545	4	10	1	0	0	0	0.2272727272727273	0.33333333333333265	-7.46206e-06	0
545	Iter0546	6	5	0	1	0	0	2.333333333333333	1.0	-4.25172e-07	0
546	Iter0547	4	5	0	1	0	0	1.6666666666666667	1.0	-4.10618e-07	0
547	Iter0548	12	4	0	2	0	0	7.800000000000002	0.09803921568627508	-0.0007042610000000001	0
548	Iter0549	8	6	0	0	0	0	1.2857142857142858	1.0	-6.63572e-05	0
549	Iter0550	4	6	0	2	0	0	2.1428571428571432	0.5151515151515167	-1.2803043420000001e-05	0
550	Iter0551	2	8	1	5	0	0	1.25	1.0	0.0	0
551	Iter0552	7	8	2	1	0	0	0.4375	1.0	-0.00018708871352000002	0
552	Iter0553	7	7	3	0	0	0	0.25	0.2279411764705884	-0.0007768467272000001	0
553	Iter0554	7	10	1	0	0	0	0.3636363636363637	0.44444444444444653	-5.098989000011709e-06	0
554	Iter0555	7	9	2	1	0	0	0.3888888888888889	0.582043343653252	-0.00045742265	0
555	Iter0556	8	2	0	0	0	0	3.0	1.0	-0.001033162205	0
556	Iter0557	7	6	1	1	0	0	1.1666666666666667	1.0	-6.954906984299999e-05	0
557	Iter0558	6	5	2	0	0	0	0.3888888888888889	0.4871794871794877	-0.00013608495000000002	0
558	Iter0559	8	7	0	0	0	0	1.125	1.0	0.0	0
559	Iter0560	3	5	3	0	0	0	0.16666666666666666	0.1818181818181817	0.0	0
560	Iter0561	6	8	1	1	0	0	0.75	1.0	-0.0012652896000000002	0
561	Iter0562	7	3	1	1	0	0	2.333333333333333	1.0	-0.0006280638	0
562	Iter0563	3	4	2	1	0	0	0.375	1.0	-5.44811e-05	0
563	Iter0564	7	6	0	0	0	0	1.1428571428571428	1.0	-7.445893400508081e-05	0
564	Iter0565	7	2	5	1	0	0	0.7	1.0	-2.1356507e-05	0
565	Iter0566	12	8	0	1	0	0	2.888888888888889	0.42857142857142827	-0.0017144384742	0
566	Iter0567	8	6	3	1	0	0	0.4444444444444444	1.0	-1.77305e-06	0
567	Iter0568	10	9	2	2	0	0	1.1111111111111112	1.0	-8.9354687e-05	0
568	Iter0569	6	11	2	1	0	0	0.2727272727272727	0.5368421052631582	-0.0011428798861	0
569	Iter0570	5	9	2	1	0	0	0.2777777777777778	0.5367647058823537	-0.0007890130000000001	0
570	Iter0571	6	5	4	1	0	0	0.3	0.5879120879120874	-3.853407239999999e-06	0
571	Iter0572	6	4	3	1	0	0	0.5	1.0	-0.0002356920110404	0
572	Iter0573	8	4	1	1	0	0	2.0	1.0	-4.7816100000000005e-05	0
573	Iter0574	13	8	2	1	0	0	0.8125	1.0	-0.00097348479	0
574	Iter0575	4	3	0	0	0	0	1.25	1.0	-0.00010663908000000001	0
575	Iter0576	8	8	2	1	0	0	0.5	1.0	-1.0265467914e-05	0
576	Iter0577	4	4	2	3	0	0	1.5	1.0	-0.000454192	0
577	Iter0578	7	10	2	3	0	0	1.05	1.0	-0.0001778691	0
578	Iter0579	8	5	2	1	0	0	0.8	1.0	-0.00092689795	0
579	Iter0580	10	6	1	3	0	0	5.000000000000001	0.28482972136222984	-0.00035561238149999994	0
580	Iter0581	9	5	5	0	0	0	0.2777777777777778	0.2565359477124198	-0.0008043010000000001	0
581	Iter0582	9	12	2	0	0	0	0.25641025641025644	0.21739130434782591	-0.00012909222000000002	0
582	Iter0583	10	5	1	3	0	0	6.0	0.2621259029927765	-0.00052435855	0
583	Iter0584	8	6	2	1	0	0	0.6666666666666666	1.0	-0.00042205	0
584	Iter0585	7	7	1	0	0	0	0.5	1.0	-5.950439490000001e-07	0
585	Iter0586	4	5	3	0	0	0	0.20833333333333331	0.2045454545454545	-9.246409e-05	0
586	Iter0587	6	2	3	0	0	0	0.5833333333333334	1.0	-0.00108942915	0
587	Iter0588	4	5	2	0	0	0	0.2777777777777778	0.4545454545454538	-1.1147459999999999e-07	0
588	Iter0589	7	9	2	3	0	0	1.1666666666666667	1.0	-5.105429999999999e-07	0
589	Iter0590	9	8	2	2	0	0	1.125	1.0	-0.00052700621043	0
590	Iter0591	8	6	3	0	0	0	0.32142857142857145	0.5147058823529405	-0.0002347520734	0
591	Iter0592	4	5	5	0	0	0	0.1388888888888889	0.08591408591408553	-0.000447922	0
592	Iter0593	7	3	1	0	0	0	1.0	1.0	-1.69049167e-05	0
593	Iter0594	5	9	0	1	0	0	1.2	1.0	-2.869025e-05	0
594	Iter0595	7	3	2	0	0	0	0.6666666666666666	1.0	-4.924678599999999e-05	0
595	Iter0596	7	4	5	4	0	0	1.4	1.0	-0.000701800132537524	0
596	Iter0597	10	5	2	0	0	0	0.6111111111111109	1.0	-2.68251e-11	0
597	Iter0598	8	7	2	0	0	0	0.375	0.4852941176470584	-1.6268299999999998e-05	0
598	Iter0599	10	6	0	1	0	0	3.1428571428571432	0.4117647058823533	-0.00013909909999999998	0
599	Iter0600	5	9	1	4	0	0	2.2222222222222223	1.0	-5.5303489999999996e-05	0
600	Iter0601	6	5	1	0	0	0	0.5833333333333334	1.0	-2.68373e-06	0
601	Iter0602	6	3	2	1	0	0	1.0	1.0	-0.0003821547	0
602	Iter0603	3	10	1	1	0	0	0.3	0.4761904761904744	-4.22344e-06	0
603	Iter0604	7	4	2	0	0	0	0.5333333333333333	1.0	-0.0002093225	0
604	Iter0605	3	4	1	2	0	0	1.5	1.0	-0.000111018	0
605	Iter0606	5	4	2	3	0	0	1.875	1.0	0.0	0
606	Iter0607	9	7	4	1	0	0	0.32142857142857145	0.6064671482628156	-3.8749539999999995e-05	0
607	Iter0608	4	3	1	0	0	0	0.625	1.0	-0.000437073	0
608	Iter0609	5	7	6	2	0	0	0.2380952380952381	0.19680876399142705	0.0	0
609	Iter0610	3	5	4	1	0	0	0.15	0.2657342657342665	-6.48110941e-05	0
610	Iter0611	4	8	0	0	0	0	0.5555555555555556	1.0	-0.00015761220000000002	0
611	Iter0612	11	6	2	1	0	0	0.9166666666666666	1.0	-2.6920283000000004e-06	0
612	Iter0613	2	5	1	0	0	0	0.25	0.37499999999999983	-0.00012458900003141832	0
613	Iter0614	6	6	1	1	0	0	1.0	1.0	-9.1598672e-05	0
614	Iter0615	5	10	3	3	0	0	0.5	0.6310629514963877	-3.9684400330376e-07	0
615	Iter0616	3	9	4	4	0	0	0.3333333333333333	0.35634674922600523	-0.00036539934	0
616	Iter0617	8	4	5	0	0	0	0.3	0.2605042016806711	-3.5612811300000004e-05	0
617	Iter0618	7	7	3	0	0	0	0.25	0.2279411764705884	-0.000502220048753	0
618	Iter0619	2	5	1	0	0	0	0.25	0.37499999999999983	0.0	0
619	Iter0620	3	4	2	1	0	0	0.375	1.0	-0.00043217909999999996	0
620	Iter0621	3	7	1	1	0	0	0.42857142857142855	1.0	0.0	0
621	Iter0622	9	5	3	1	0	0	0.6	1.0	-0.00101416128674403	0
622	Iter0623	8	9	3	0	0	0	0.225	0.21842105263157985	-5.959940900000001e-05	0
623	Iter0624	6	7	2	3	0	0	1.2857142857142858	1.0	-4.8631690000000005e-06	0
624	Iter0625	6	7	0	2	0	0	2.625	0.4857142857142842	-0.000221538	0
625	Iter0626	8	5	1	0	0	0	0.75	1.0	-1.66383e-05	0
626	Iter0627	6	4	1	1	0	0	1.5	1.0	-0.0011992599	0
627	Iter0628	4	5	2	1	0	0	0.4	1.0	-1.1481651000000002e-05	0
628	Iter0629	8	5	1	1	0	0	1.6	1.0	-0.00010708448100000001	0
629	Iter0630	7	4	1	0	0	0	0.8	1.0	-8.773151e-05	0
630	Iter0631	5	4	2	0	0	0	0.4	0.4909090909090901	-8.228558057000001e-07	0
631	Iter0632	3	6	0	2	0	0	1.7142857142857142	1.0	-1.71688e-16	0
632	Iter0633	4	4	3	1	0	0	0.3333333333333333	0.5757575757575777	-0.00029006889999999997	0
633	Iter0634	6	1	1	4	0	0	24.0	0.07196969696969706	-0.000933206	0
634	Iter0635	9	6	1	2	0	0	3.0	0.5588235294117663	-8.660969999999999e-05	0
635	Iter0636	8	6	4	1	0	0	0.3333333333333333	0.6026831785345711	-0.000510074	0
636	Iter0637	7	7	1	1	0	0	1.0	1.0	-0.000300765998	0
637	Iter0638	4	6	3	1	0	0	0.2222222222222222	0.5594405594405594	-3.2028e-07	0
638	Iter0639	9	4	2	1	0	0	1.125	1.0	-3.9064395857999996e-05	0
639	Iter0640	9	8	2	3	0	0	1.6875	1.0	-0.0006525466936139999	0
640	Iter0641	7	9	2	1	0	0	0.3888888888888889	0.582043343653252	-1.5094279999999998e-09	0
641	Iter0642	8	8	4	4	0	0	1.0	1.0	-0.000712048848074	0
642	Iter0643	12	6	1	0	0	0	0.9285714285714286	1.0	-5.8651134025000006e-05	0
643	Iter0644	2	5	2	1	0	0	0.2	0.5000000000000003	-5.4747e-06	0
644	Iter0645	4	6	5	2	0	0	0.26666666666666666	0.3348416289592753	-0.00042494156690499996	0
645	Iter0646	2	5	1	5	0	0	2.0	1.0	0.0	0
646	Iter0647	5	7	4	2	0	0	0.35714285714285715	0.6199095022624423	-0.0009844414079999998	0
647	Iter0648	5	10	4	2	0	0	0.25	0.3310482087571877	0.0	0
648	Iter0649	5	3	2	2	0	0	1.6666666666666667	1.0	-8.1480625e-05	0
649	Iter0650	6	6	1	2	0	0	2.0	1.0	-8.36504e-06	0
650	Iter0651	7	4	0	0	0	0	1.6	1.0	-1.86043e-05	0
651	Iter0652	5	5	1	3	0	0	3.0	0.5804195804195801	-3.7308e-11	0
652	Iter0653	6	5	9	4	0	0	0.5333333333333333	0.6751749899044311	-0.00013052103	0
653	Iter0654	6	11	1	3	0	0	1.6363636363636362	1.0	-0.00013073396539999997	0
654	Iter0655	6	3	2	3	0	0	3.0	0.5804195804195786	-0.0004000823577	0
655	Iter0656	11	10	6	1	0	0	0.18333333333333332	0.19137866963953906	-2.15772e-05	0
656	Iter0657	5	7	1	2	0	0	1.4285714285714286	1.0	-5.598950202237e-05	0
657	Iter0658	8	5	4	0	0	0	0.3	0.2605042016806704	-4.0800659e-05	0
658	Iter0659	9	4	1	0	0	0	1.0	1.0	-8.249257599999998e-06	0
659	Iter0660	9	2	0	1	0	0	6.666666666666668	0.25000000000000083	-0.000581185258	0
660	Iter0661	8	4	1	2	0	0	4.0	0.5252747252747227	-0.0001692777800508318	0
661	Iter0662	5	4	2	1	0	0	0.625	1.0	-0.00022035765000000002	0
662	Iter0663	6	4	5	4	0	0	1.2	1.0	-0.00025508400000000004	0
663	Iter0664	5	2	0	3	0	0	8.0	0.16666666666666674	-0.0001401868165	0
664	Iter0665	5	2	4	3	0	0	1.875	1.0	-1.07699391413e-05	0
665	Iter0666	6	4	1	0	0	0	0.7	1.0	-0.00037063869433000003	0
666	Iter0667	9	7	0	3	0	0	5.0	0.21052631578947428	-0.000135250412	0
667	Iter0668	2	2	3	1	0	0	0.3333333333333333	1.0	-0.00066137	0
668	Iter0669	3	9	0	0	0	0	0.4	1.0	-0.000142447	0
669	Iter0670	7	5	3	2	0	0	0.9333333333333332	1.0	-1.99113e-05	0
670	Iter0671	6	2	4	2	0	0	1.5	1.0	-8.137199999999999e-05	0
671	Iter0672	9	5	1	1	0	0	1.8	1.0	-0.000204921768	0
672	Iter0673	4	6	1	2	0	0	1.3333333333333333	1.0	-9.52113555333e-05	0
673	Iter0674	7	3	3	2	0	0	1.5555555555555556	1.0	-0.0005658662	0
674	Iter0675	7	7	1	1	0	0	1.0	1.0	-0.00024067782369999999	0
675	Iter0676	10	6	3	1	0	0	0.5555555555555556	1.0	-8.549188959030001e-05	0
676	Iter0677	5	3	2	0	0	0	0.5	1.0	-0.000942462	0
677	Iter0678	7	5	1	1	0	0	1.4	1.0	-5.43542522e-05	0
678	Iter0679	6	5	3	0	0	0	0.2916666666666667	0.2582417582417573	-4.0491028e-05	0
679	Iter0680	6	4	1	0	0	0	0.7	1.0	-8.8369755e-06	0
680	Iter0681	5	5	2	1	0	0	0.5	1.0	-2.6708157e-05	0
681	Iter0682	2	4	5	1	0	0	0.1	0.24242424242424304	-3.51562e-08	0
682	Iter0683	9	5	4	1	0	0	0.45	1.0	-0.000102899569	0
683	Iter0684	8	9	1	1	0	0	0.8888888888888888	1.0	-0.000691164775	0
684	Iter0685	6	5	0	0	0	0	1.1666666666666667	1.0	-0.00096211797	0
685	Iter0686	7	3	3	3	0	0	2.333333333333333	0.6066433566433559	-3.4706228e-05	0
686	Iter0687	6	9	2	1	0	0	0.3333333333333333	0.5588235294117672	-2.0040693e-06	0
687	Iter0688	5	6	3	2	0	0	0.5555555555555556	1.0	-7.959199999999998e-06	0
688	Iter0689	5	8	3	1	0	0	0.20833333333333331	0.2941176470588229	-1.37559e-07	0
689	Iter0690	9	7	2	0	0	0	0.4166666666666667	0.496732026143794	-4.415169e-05	0
690	Iter0691	7	6	1	0	0	0	0.5714285714285714	1.0	-0.00012186904	0
691	Iter0692	7	3	0	0	0	0	2.0	1.0	-7.0391991e-05	0
692	Iter0693	5	6	4	2	0	0	0.4166666666666667	0.6199095022624437	-2.07034e-05	0
693	Iter0694	7	4	0	1	0	0	3.2	0.4166666666666672	-3.63172e-05	0
694	Iter0695	2	4	0	2	0	0	1.8	1.0	-1.82459e-05	0
695	Iter0696	5	6	5	0	0	0	0.14285714285714285	0.0934065934065932	-0.00036121289000000005	0
696	Iter0697	6	9	2	0	0	0	0.2333333333333333	0.20588235294117666	-0.0006787642	0
697	Iter0698	10	8	1	3	0	0	3.75	0.5864661654135315	-0.00012851739297700004	0
698	Iter0699	12	8	3	2	0	0	1.0	1.0	-0.0003556493237	0
699	Iter0700	6	9	4	3	0	0	0.5	0.6517027863777072	-0.00052087851	0
700	Iter0701	9	7	1	0	0	0	0.625	1.0	-0.0009191812999999999	0
701	Iter0702	6	3	1	2	0	0	4.0	0.5227272727272733	-1.17836e-06	0
702	Iter0703	6	1	3	2	0	0	4.0	0.5227272727272729	-3.403980000066011e-05	0
703	Iter0704	10	3	0	0	0	0	2.75	1.0	-0.000540594909	0
704	Iter0705	9	2	4	1	0	0	1.125	1.0	-9.64864073e-05	0
705	Iter0706	10	9	0	0	0	0	1.1	1.0	-1.051453e-06	0
706	Iter0707	9	14	1	1	0	0	0.6428571428571429	1.0	-0.00012833177237000002	0
707	Iter0708	5	8	2	3	0	0	0.9375	1.0	-1.95632e-10	0
708	Iter0709	4	8	7	0	0	0	0.06944444444444445	0.012820512820512784	-0.000304488	0
709	Iter0710	9	8	2	2	0	0	1.125	1.0	-1.484312e-05	0
710	Iter0711	13	3	1	2	0	0	8.666666666666666	0.15479876160990752	-0.00032635347000000006	0
711	Iter0712	5	6	2	3	0	0	1.2500000000000002	1.0	-0.000125741533	0
712	Iter0713	6	4	5	1	0	0	0.3	0.5879120879120863	0.0	0
713	Iter0714	5	9	2	0	0	0	0.2	0.1749999999999998	-0.000322595	0
714	Iter0715	11	1	3	2	0	0	7.333333333333332	0.19117647058823506	-0.0009849030051403002	0
715	Iter0716	8	4	0	0	0	0	1.8	1.0	-0.000118810925	0
716	Iter0717	7	8	2	0	0	0	0.2962962962962963	0.4705882352941165	-6.68823e-05	0
717	Iter0718	2	4	1	2	0	0	1.0	1.0	0.0	0
718	Iter0719	9	5	3	1	0	0	0.6	1.0	-0.000274127016	0
719	Iter0720	5	4	2	3	0	0	1.875	1.0	-1.385481707e-06	0
720	Iter0721	3	5	1	1	0	0	0.6	1.0	-1.25824e-06	0
721	Iter0722	10	4	1	5	0	0	12.5	0.04984520123839037	-0.0005255072	0
722	Iter0723	5	4	1	1	0	0	1.25	1.0	-1.91299e-10	0
723	Iter0724	6	1	1	0	0	0	1.75	1.0	-5.947594200000001e-06	0
724	Iter0725	7	4	3	0	0	0	0.4	0.5054945054945053	-0.0004961605	0
725	Iter0726	10	9	0	1	0	0	2.2	1.0	-0.00024024408542599999	0
726	Iter0727	10	6	3	0	0	0	0.3928571428571429	0.5170278637770895	-0.00064000732705	0
727	Iter0728	11	4	0	1	0	0	4.8	0.3124999999999997	-0.00027130582599999996	0
728	Iter0729	5	4	2	3	0	0	1.875	1.0	-0.0009597514864	0
729	Iter0730	10	4	0	0	0	0	2.2	1.0	-0.000560813004	0
730	Iter0731	5	6	3	2	0	0	0.5555555555555556	1.0	-0.000122723069	0
731	Iter0732	7	8	1	1	0	0	0.875	1.0	-0.000332322	0
732	Iter0733	3	5	3	0	0	0	0.16666666666666666	0.1818181818181817	0.0	0
733	Iter0734	6	4	3	0	0	0	0.35	0.4965034965034971	-2.39373e-07	0
734	Iter0735	5	8	0	0	0	0	0.6666666666666666	1.0	-9.08126e-06	0
735	Iter0736	10	5	6	1	0	0	0.3333333333333333	0.6158176189135942	-0.000170063496772	0
736	Iter0737	8	5	1	0	0	0	0.75	1.0	-0.00014414942310775	0
737	Iter0738	3	9	2	0	0	0	0.13333333333333333	0.10989010989010936	0.0	0
738	Iter0739	9	5	1	0	0	0	0.8333333333333334	1.0	-2.85947261e-08	0
739	Iter0740	8	3	2	3	0	0	4.0	0.2994505494505492	-0.0006214079743	0
740	Iter0741	7	0	1	2	0	0	12.0	0.06666666666666664	0.0	0
741	Iter0742	4	7	1	0	0	0	0.3125	0.4166666666666676	-4.389993e-05	0
742	Iter0743	1	1	3	2	0	0	0.6666666666666666	1.0	0.0	0
743	Iter0744	7	9	5	2	0	0	0.3111111111111111	0.3707093821510306	-0.00039779340000000005	0
744	Iter0745	8	6	1	0	0	0	0.6428571428571429	1.0	-0.00086107642378	0
745	Iter0746	5	4	4	0	0	0	0.24	0.22797202797202865	-9.320020702000001e-07	0
746	Iter0747	5	5	5	3	0	0	0.6	0.6640614287673134	0.0	0
747	Iter0748	8	6	3	3	0	0	1.3333333333333333	1.0	-2.4802e-09	0
748	Iter0749	7	0	2	1	0	0	5.333333333333333	0.2999999999999995	-4.68454e-08	0
749	Iter0750	7	5	1	1	0	0	1.4	1.0	-7.444301669999999e-05	0
750	Iter0751	4	6	1	0	0	0	0.35714285714285715	0.4545454545454545	-9.6476e-05	0
751	Iter0752	5	7	1	1	0	0	0.7142857142857143	1.0	-0.00044066	0
752	Iter0753	7	7	3	0	0	0	0.25	0.2279411764705884	-5.37346005e-05	0
753	Iter0754	5	3	0	0	0	0	1.5	1.0	-4.818747300000001e-06	0
754	Iter0755	6	8	1	0	0	0	0.3888888888888889	0.4666666666666665	-2.08734e-05	0
755	Iter0756	4	3	0	0	0	0	1.25	1.0	-0.000432258	0
756	Iter0757	8	6	2	1	0	0	0.6666666666666666	1.0	-5.854057411236e-05	0
757	Iter0758	4	6	5	1	0	0	0.13333333333333333	0.14510489510489474	-0.000236248	0
758	Iter0759	6	1	4	2	0	0	3.0	0.5594405594405601	-3.39161e-06	0
759	Iter0760	4	12	1	0	0	0	0.19230769230769232	0.2941176470588238	-5.219579999999999e-07	0
760	Iter0761	9	10	3	0	0	0	0.2272727272727273	0.22077922077921994	-0.0001295628744088	0
761	Iter0762	6	3	2	1	0	0	1.0	1.0	-0.0022202619999999998	0
762	Iter0763	5	5	0	1	0	0	2.0	1.0	-7.583983821999999e-05	0
763	Iter0764	9	3	1	3	0	0	9.0	0.11813186813186785	-0.0001036203	0
764	Iter0765	9	2	3	2	0	0	3.0	0.5467032967032961	-1.9109930000000004e-05	0
765	Iter0766	3	3	3	1	0	0	0.3333333333333333	0.5714285714285717	-2.1178167e-05	0
766	Iter0767	10	6	3	0	0	0	0.3928571428571429	0.5170278637770895	-0.0005473332300000001	0
767	Iter0768	11	2	0	0	0	0	4.0	1.0	-0.000126524333	0
768	Iter0769	10	7	0	0	0	0	1.375	1.0	-1.1656638615999998e-05	0
769	Iter0770	9	5	1	0	0	0	0.8333333333333334	1.0	-0.0005337286054852091	0
770	Iter0771	9	3	2	0	0	0	0.8333333333333334	1.0	0.0	0
771	Iter0772	9	8	1	0	0	0	0.5555555555555556	1.0	-0.00014301312100000003	0
772	Iter0773	9	3	4	1	0	0	0.75	1.0	-7.93958e-05	0
773	Iter0774	7	5	4	2	0	0	0.7	1.0	-0.000125469	0
774	Iter0775	5	10	4	4	0	0	0.5	0.6570197873199609	-7.26238e-05	0
775	Iter0776	5	7	3	1	0	0	0.2380952380952381	0.5692307692307679	-1.2031923100000004e-05	0
776	Iter0777	4	4	1	2	0	0	2.0	1.0	-0.0008823751149999999	0
777	Iter0778	5	6	6	2	0	0	0.2777777777777778	0.3520679526871482	-0.0007739408	0
778	Iter0779	11	3	2	1	0	0	1.8333333333333333	1.0	-0.0005753918392	0
779	Iter0780	6	4	1	1	0	0	1.5	1.0	-6.734819803209999e-06	0
780	Iter0781	12	3	1	4	0	0	16.0	0.03070175438596508	-6.23407e-05	0
781	Iter0782	6	4	1	2	0	0	3.0	0.5594405594405605	-6.95751369637e-05	0
782	Iter0783	5	10	0	2	0	0	1.6363636363636362	1.0	-0.0006760185	0
783	Iter0784	7	8	0	0	0	0	0.8888888888888888	1.0	-0.00016286038810000002	0
784	Iter0785	8	6	7	3	0	0	0.5714285714285714	0.6784560506124687	-0.000800707	0
785	Iter0786	10	4	0	0	0	0	2.2	1.0	-0.000339862293	0
786	Iter0787	6	4	6	3	0	0	0.75	1.0	-0.00023606486	0
787	Iter0788	7	5	2	0	0	0	0.4444444444444444	0.5054945054945031	-0.0016402990200186627	0
788	Iter0789	6	6	1	1	0	0	1.0	1.0	-2.47547e-15	0
789	Iter0790	6	7	3	2	0	0	0.5714285714285714	1.0	-0.000330344083	0
790	Iter0791	4	7	1	2	0	0	1.1428571428571428	1.0	-4.69686e-07	0
791	Iter0792	5	8	1	1	0	0	0.625	1.0	-0.000355126	0
792	Iter0793	6	4	0	0	0	0	1.4	1.0	-5.92129e-05	0
793	Iter0794	6	5	1	0	0	0	0.5833333333333334	1.0	-0.0001048122	0
794	Iter0795	4	5	1	1	0	0	0.8	1.0	-0.00010591579999999999	0
795	Iter0796	5	5	0	1	0	0	2.0	1.0	-2.53921e-07	0
796	Iter0797	7	11	2	0	0	0	0.2222222222222222	0.189473684210526	-0.0007161344509999999	0
797	Iter0798	7	5	1	0	0	0	0.6666666666666666	1.0	-8.59361e-05	0
798	Iter0799	7	5	4	1	0	0	0.35	0.6000323206205536	0.0	0
799	Iter0800	7	3	1	3	0	0	7.000000000000001	0.2447552447552444	0.0	0
800	Iter0801	9	3	0	0	0	0	2.5	1.0	-0.00046478469747000004	0
801	Iter0802	7	6	0	0	0	0	1.1428571428571428	1.0	-0.00016804755	0
802	Iter0803	6	5	2	3	0	0	1.8	1.0	-0.00026177614019999996	0
803	Iter0804	5	5	7	7	0	0	1.0	1.0	-5.51143974e-05	0
804	Iter0805	8	7	1	2	0	0	2.2857142857142856	1.0	-0.001820022812	0
805	Iter0806	7	4	1	2	0	0	3.5	0.5384615384615372	-9.22013e-05	0
806	Iter0807	11	5	2	1	0	0	1.1	1.0	-0.00035188952	0
807	Iter0808	7	6	0	1	0	0	2.2857142857142856	1.0	-7.64896e-07	0
808	Iter0809	6	5	3	0	0	0	0.2916666666666667	0.2582417582417573	-0.000136758407	0
809	Iter0810	11	8	1	1	0	0	1.375	1.0	-0.00010756724772477	0
810	Iter0811	8	4	2	1	0	0	1.0	1.0	-0.000635732221	0
811	Iter0812	5	2	1	1	0	0	2.5	1.0	-0.000490637150286211	0
812	Iter0813	6	4	2	1	0	0	0.75	1.0	-6.510312275760001e-05	0
813	Iter0814	9	5	2	2	0	0	1.8	1.0	-0.00020689864182200002	0
814	Iter0815	6	5	0	2	0	0	3.5000000000000004	0.4615384615384627	-1.676419e-07	0
815	Iter0816	4	8	2	0	0	0	0.1851851851851852	0.16483516483516408	-1.54102845267e-05	0
816	Iter0817	6	6	3	1	0	0	0.3333333333333333	0.5846153846153823	-7.161860000000002e-07	0
817	Iter0818	5	3	4	5	0	0	2.083333333333333	0.6371863430686964	-0.0008321935	0
818	Iter0819	4	3	1	3	0	0	4.0	0.5454545454545457	-0.0002792079	0
819	Iter0820	4	12	3	0	0	0	0.09615384615384616	0.036119711042311764	0.0	0
820	Iter0821	10	3	0	1	0	0	5.5	0.2857142857142852	-0.00119974309	0
821	Iter0822	6	6	3	1	0	0	0.3333333333333333	0.5846153846153823	-0.00016461860000000002	0
822	Iter0823	3	5	1	0	0	0	0.3333333333333333	0.4444444444444449	-4.43296e-10	0
823	Iter0824	6	4	1	0	0	0	0.7	1.0	-0.00014685241799999998	0
824	Iter0825	4	5	3	1	0	0	0.26666666666666666	0.5594405594405606	-0.0001274002	0
825	Iter0826	4	6	0	3	0	0	2.8571428571428568	0.4965034965034973	-1.1301080000000002e-06	0
826	Iter0827	7	3	5	2	0	0	0.9333333333333332	1.0	-9.824634000000002e-05	0
827	Iter0828	6	9	3	0	0	0	0.175	0.20588235294117666	-0.00056578759	0
828	Iter0829	8	10	1	2	0	0	1.6	1.0	-0.00044222827000000003	0
829	Iter0830	5	4	2	0	0	0	0.4	0.4909090909090901	-0.00026579038	0
830	Iter0831	5	6	0	0	0	0	0.8571428571428571	1.0	-0.00039878597000000005	0
831	Iter0832	3	9	5	0	0	0	0.06666666666666668	0.009049773755656104	-0.00017106	0
832	Iter0833	7	4	1	2	0	0	3.5	0.5384615384615372	-0.0005803159300000001	0
833	Iter0834	5	3	3	1	0	0	0.5555555555555556	1.0	-0.00042091903999999996	0
834	Iter0835	6	10	3	2	0	0	0.4	0.6107916850950892	-0.00021956621659999999	0
835	Iter0836	9	10	4	0	0	0	0.18181818181818185	0.10446075663466907	-9.477481300000002e-06	0
836	Iter0837	5	5	3	3	0	0	1.0	1.0	-1.54593e-07	0
837	Iter0838	5	7	2	0	0	0	0.25	0.4615384615384607	-9.5681148e-06	0
838	Iter0839	13	8	2	1	0	0	0.8125	1.0	-5.165804000000001e-06	0
839	Iter0840	8	8	2	1	0	0	0.5	1.0	-0.000277802	0
840	Iter0841	10	7	0	2	0	0	4.125	0.2105263157894745	-0.00011634487683	0
841	Iter0842	6	4	2	0	0	0	0.4666666666666666	0.5151515151515165	-0.000294223	0
842	Iter0843	4	2	5	4	0	0	1.6	1.0	-6.79898e-06	0
843	Iter0844	5	7	0	1	0	0	1.5	1.0	-0.00011659609999999999	0
844	Iter0845	9	3	3	1	0	0	1.0	1.0	-0.000311835010627	0
845	Iter0846	12	6	1	1	0	0	2.0	1.0	-0.00067581394203	0
846	Iter0847	6	6	0	3	0	0	4.0	0.22857142857142754	-0.00029739983	0
847	Iter0848	9	4	1	1	0	0	2.25	1.0	-0.0002290983096	0
848	Iter0849	6	6	3	1	0	0	0.3333333333333333	0.5846153846153823	-1.66426e-07	0
849	Iter0850	6	3	3	0	0	0	0.4375	0.5090909090909093	-3.963723e-08	0
850	Iter0851	3	8	1	3	0	0	1.125	1.0	-1.18905e-06	0
851	Iter0852	5	5	2	1	0	0	0.5	1.0	-0.0002443778	0
852	Iter0853	12	8	4	0	0	0	0.2888888888888889	0.2621870882740463	-7.7155e-06	0
853	Iter0854	9	7	2	0	0	0	0.4166666666666667	0.496732026143794	-0.00039141198	0
854	Iter0855	5	4	4	3	0	0	0.9375	1.0	-3.4467579e-05	0
855	Iter0856	13	6	0	1	0	0	4.0	0.3500000000000021	-3.3772069384e-05	0
856	Iter0857	7	10	2	0	0	0	0.24242424242424246	0.21052631578947412	-0.00104154409	0
857	Iter0858	6	4	7	3	0	0	0.6428571428571428	1.0	-8.66535e-06	0
858	Iter0859	7	4	7	2	0	0	0.5	0.6424148606811141	-9.203415018399998e-05	0
859	Iter0860	5	6	2	1	0	0	0.4166666666666667	1.0	-5.29326e-07	0
860	Iter0861	7	1	7	0	0	0	0.5	1.0	-4.184868499999998e-05	0
861	Iter0862	5	5	7	1	0	0	0.14285714285714285	0.15158371040723964	0.0	0
862	Iter0863	7	12	2	4	0	0	1.1666666666666667	1.0	-0.00033515585	0
863	Iter0864	9	3	0	2	0	0	7.5	0.10989010989010926	-0.00045131140000000006	0
864	Iter0865	1	5	2	2	0	0	0.2	0.5000000000000003	0.0	0
865	Iter0866	7	7	3	1	0	0	0.3333333333333333	0.5882352941176482	0.0	0
866	Iter0867	10	7	0	0	0	0	1.375	1.0	-0.0006746742000000001	0
867	Iter0868	8	12	1	1	0	0	0.6666666666666666	1.0	0.0	0
868	Iter0869	6	5	1	1	0	0	1.2	1.0	-9.735353299999999e-05	0
869	Iter0870	9	7	3	0	0	0	0.3125	0.2631578947368429	-0.00092785461	0
870	Iter0871	2	6	2	0	0	0	0.14285714285714285	0.13333333333333333	-1.39624e-06	0
871	Iter0872	10	5	3	0	0	0	0.4583333333333333	0.5220588235294115	-0.00024678516769999995	0
872	Iter0873	4	4	1	0	0	0	0.5	1.0	-7.00035e-07	0
873	Iter0874	7	9	2	3	0	0	1.1666666666666667	1.0	-0.00075438	0
874	Iter0875	6	3	2	1	0	0	1.0	1.0	-0.00025796105100000003	0
875	Iter0876	3	5	2	0	0	0	0.2222222222222222	0.4444444444444446	-1.92057e-08	0
876	Iter0877	6	3	1	0	0	0	0.875	1.0	-3.4420943e-05	0
877	Iter0878	6	7	1	1	0	0	0.8571428571428571	1.0	-2.91267e-07	0
878	Iter0879	1	5	4	1	0	0	0.05	0.08008658008658008	-2.8841800000000003e-09	0
879	Iter0880	10	9	3	0	0	0	0.275	0.24025974025973984	-0.000327980424693	0
880	Iter0881	7	4	1	3	0	0	5.25	0.2820512820512819	-0.0005079796660000001	0
881	Iter0882	6	3	1	2	0	0	4.0	0.5227272727272733	-5.663412e-05	0
882	Iter0883	4	4	1	1	0	0	1.0	1.0	-4.56091e-06	0
883	Iter0884	4	4	1	1	0	0	1.0	1.0	-0.0009183050729999999	0
884	Iter0885	3	4	0	0	0	0	0.8	1.0	-4.5959149e-05	0
885	Iter0886	7	4	5	5	0	0	1.75	0.6699214098594926	-0.00030948069	0
886	Iter0887	12	4	1	1	0	0	3.0	0.4901960784313731	-0.0006029305099999999	0
887	Iter0888	10	5	1	1	0	0	2.0	1.0	-2.22902e-09	0
888	Iter0889	3	6	2	0	0	0	0.19047619047619047	0.18181818181818168	-0.000156916	0
889	Iter0890	6	5	1	1	0	0	1.2	1.0	-0.000380564	0
890	Iter0891	6	11	4	0	0	0	0.11666666666666667	0.03508771929824577	-0.0005729845	0
891	Iter0892	7	3	6	0	0	0	0.2857142857142857	0.2499999999999992	-0.00021077994180742	0
892	Iter0893	9	3	3	4	0	0	4.0	0.32608954512979216	-0.0005510696791	0
893	Iter0894	8	7	0	0	0	0	1.125	1.0	-1.0792195298999999e-05	0
894	Iter0895	6	6	1	1	0	0	1.0	1.0	-6.9897900000000005e-06	0
895	Iter0896	6	6	0	1	0	0	2.0	1.0	-1.87693e-06	0
896	Iter0897	7	5	2	1	0	0	0.7	1.0	-0.0008110287243000001	0
897	Iter0898	6	2	1	1	0	0	3.0	1.0	-1.29095e-06	0
898	Iter0899	4	5	1	1	0	0	0.8	1.0	-8.310340000000001e-08	0
899	Iter0900	6	7	3	1	0	0	0.2857142857142857	0.5764705882352927	-5.165692e-05	0
900	Iter0901	11	7	0	1	0	0	3.0	0.4210526315789461	-0.0002961287725	0
901	Iter0902	4	6	1	2	0	0	1.3333333333333333	1.0	-2.31754e-05	0
902	Iter0903	9	4	2	1	0	0	1.125	1.0	0.0	0
903	Iter0904	7	3	1	2	0	0	4.666666666666667	0.5104895104895114	-0.000159589	0
904	Iter0905	3	6	0	2	0	0	1.7142857142857142	1.0	-2.16498e-05	0
905	Iter0906	5	2	3	2	0	0	1.6666666666666667	1.0	-6.196716e-05	0
906	Iter0907	6	6	1	0	0	0	0.5	1.0	-1.12059e-05	0
907	Iter0908	11	3	1	0	0	0	1.5	1.0	-0.00030725080249999995	0
908	Iter0909	4	6	4	5	0	0	0.8333333333333333	1.0	-5.93974e-05	0
909	Iter0910	5	4	1	0	0	0	0.6	1.0	-0.001561822035295	0
910	Iter0911	11	7	1	1	0	0	1.5714285714285714	1.0	-6.0053467307000004e-05	0
911	Iter0912	5	5	2	2	0	0	1.0	1.0	-0.000595946	0
912	Iter0913	4	5	4	0	0	0	0.16666666666666669	0.10489510489510497	-8.62383e-06	0
913	Iter0914	4	14	2	3	0	0	0.42857142857142855	0.5756188891200306	0.0	0
914	Iter0915	6	5	1	1	0	0	1.2	1.0	-1.21365e-05	0
915	Iter0916	4	5	1	1	0	0	0.8	1.0	-5.0295918e-05	0
916	Iter0917	5	7	3	1	0	0	0.2380952380952381	0.5692307692307679	-3.26525e-07	0
917	Iter0918	7	10	2	0	0	0	0.24242424242424246	0.21052631578947412	-2.010363e-06	0
918	Iter0919	8	5	2	4	0	0	3.2	0.3498452012383894	-0.0004211210000383343	0
919	Iter0920	12	4	2	1	0	0	1.5	1.0	-2.9408055453e-05	0
920	Iter0921	5	9	2	3	0	0	0.8333333333333334	1.0	-0.00036229890000000003	0
921	Iter0922	8	7	3	1	0	0	0.3809523809523809	0.602683178534573	-2.338463e-06	0
922	Iter0923	6	3	3	2	0	0	1.3333333333333333	1.0	-3.890898e-05	0
923	Iter0924	9	7	1	0	0	0	0.625	1.0	-0.00013497914753106	0
924	Iter0925	5	5	4	1	0	0	0.25	0.5804195804195791	0.0	0
925	Iter0926	1	6	2	1	0	0	0.08333333333333333	0.1833333333333332	0.0	0
926	Iter0927	5	0	2	0	0	0	2.0	1.0	-2.28625e-06	0
927	Iter0928	5	5	2	1	0	0	0.5	1.0	-0.0004026083	0
928	Iter0929	9	10	1	1	0	0	0.9	1.0	-0.0015631154999999999	0
929	Iter0930	9	3	1	0	0	0	1.25	1.0	-0.0003747744700000001	0
930	Iter0931	5	6	1	2	0	0	1.6666666666666667	1.0	-4.436267e-06	0
931	Iter0932	8	5	1	3	0	0	4.800000000000002	0.2941176470588228	-2.7099218499999997e-05	0
932	Iter0933	5	7	3	1	0	0	0.2380952380952381	0.5692307692307679	-0.000143788	0
933	Iter0934	9	6	1	3	0	0	4.5	0.3034055727554189	-2.0886309e-05	0
934	Iter0935	9	2	0	1	0	0	6.666666666666668	0.25000000000000083	-0.0003998925622	0
935	Iter0936	4	7	1	2	0	0	1.1428571428571428	1.0	-6.6354138e-09	0
936	Iter0937	13	7	3	0	0	0	0.4375	0.525691699604742	-0.000140319600341102	0
937	Iter0938	6	9	2	1	0	0	0.3333333333333333	0.5588235294117672	-0.0005767249	0
938	Iter0939	5	1	2	1	0	0	2.5	1.0	-3.36137931e-05	0
939	Iter0940	7	4	1	3	0	0	5.25	0.2820512820512819	-0.00039643855999999997	0
940	Iter0941	4	5	2	0	0	0	0.2777777777777778	0.4545454545454538	-1.8302e-07	0
941	Iter0942	9	4	3	1	0	0	0.75	1.0	-0.00015872838000000002	0
942	Iter0943	7	5	2	0	0	0	0.4444444444444444	0.5054945054945031	-1.8049878999999999e-07	0
943	Iter0944	6	2	1	0	0	0	1.1666666666666667	1.0	-1.4014e-08	0
944	Iter0945	3	7	0	1	0	0	1.0	1.0	-0.000188206431	0
945	Iter0946	4	6	1	3	0	0	2.0	1.0	-8.90899e-05	0
946	Iter0947	5	8	1	3	0	0	1.875	1.0	-2.5768189999999998e-05	0
947	Iter0948	6	6	3	3	0	0	1.0	1.0	-2.8885740000000003e-05	0
948	Iter0949	8	6	4	2	0	0	0.6666666666666666	1.0	-0.0008131600000035289	0
949	Iter0950	6	9	2	2	0	0	0.6666666666666666	1.0	-1.94822e-10	0
950	Iter0951	5	6	3	2	0	0	0.5555555555555556	1.0	-0.00028163555890000003	0
951	Iter0952	7	4	4	1	0	0	0.4375	1.0	-6.15843e-07	0
952	Iter0953	9	2	4	0	0	0	0.6666666666666667	1.0	-0.0001573014	0
953	Iter0954	8	5	0	0	0	0	1.5	1.0	-1.850153e-05	0
954	Iter0955	3	3	2	2	0	0	1.0	1.0	-0.000305117	0
955	Iter0956	8	9	1	0	0	0	0.45	1.0	-0.00019461750000000002	0
956	Iter0957	6	3	4	0	0	0	0.35	0.4965034965034971	-6.675924e-05	0
957	Iter0958	4	7	4	2	0	0	0.2857142857142857	0.3348416289592757	-5.640190000000001e-08	0
958	Iter0959	9	6	0	0	0	0	1.4285714285714286	1.0	-0.00143410510272854	0
959	Iter0960	6	4	0	1	0	0	2.8	0.4545454545454545	-0.0003828846	0
960	Iter0961	8	4	2	1	0	0	1.0	1.0	-5.0025771e-05	0
961	Iter0962	7	8	2	1	0	0	0.4375	1.0	-1.62522376e-05	0
962	Iter0963	8	8	2	4	0	0	2.0	0.6461742591773542	-2.95428867e-05	0
963	Iter0964	4	6	2	0	0	0	0.2380952380952381	0.4545454545454557	-2.8963769400000004e-05	0
964	Iter0965	9	8	0	0	0	0	1.1111111111111112	1.0	-0.000221868	0
965	Iter0966	6	8	2	0	0	0	0.25925925925925924	0.4666666666666657	-0.00063858723	0
966	Iter0967	8	13	4	4	0	0	0.6153846153846154	0.6828252540396544	-3.216848600005845e-05	0
967	Iter0968	6	5	1	0	0	0	0.5833333333333334	1.0	-0.000573239628096	0
968	Iter0969	6	7	0	3	0	0	3.5	0.24999999999999936	-5.616613e-05	0
969	Iter0970	8	6	3	2	0	0	0.8888888888888888	1.0	-0.000934033	0
970	Iter0971	5	9	2	3	0	0	0.8333333333333334	1.0	-1.30144e-05	0
971	Iter0972	6	9	2	5	0	0	1.6666666666666663	1.0	-0.00017304928208000003	0
972	Iter0973	7	5	1	0	0	0	0.6666666666666666	1.0	-1.7089058315416e-05	0
973	Iter0974	3	8	1	1	0	0	0.375	1.0	-1.1939665860000003e-06	0
974	Iter0975	3	9	5	0	0	0	0.06666666666666668	0.009049773755656104	-0.0002269096	0
975	Iter0976	5	5	0	1	0	0	2.0	1.0	-0.000292308	0
976	Iter0977	5	8	3	0	0	0	0.16666666666666666	0.1999999999999998	-5.09103e-05	0
977	Iter0978	5	2	3	0	0	0	0.5	1.0	-9.3635684e-11	0
978	Iter0979	2	8	4	1	0	0	0.0625	0.08891108891108875	-0.000307254	0
979	Iter0980	8	6	2	1	0	0	0.6666666666666666	1.0	-0.0012344460000000002	0
980	Iter0981	5	6	1	3	0	0	2.5000000000000004	0.6043956043956045	-1.4051715030000001e-07	0
981	Iter0982	6	3	2	1	0	0	1.0	1.0	-5.7885765e-07	0
982	Iter0983	13	3	3	0	0	0	0.875	1.0	-2.14305248e-05	0
983	Iter0984	3	5	1	1	0	0	0.6	1.0	0.0	0
984	Iter0985	11	7	2	1	0	0	0.7857142857142857	1.0	-0.0011891974	0
985	Iter0986	6	2	1	0	0	0	1.1666666666666667	1.0	-8.4783014e-05	0
986	Iter0987	15	3	1	1	0	0	5.0	0.3684210526315783	-2.5352300161684e-05	0
987	Iter0988	8	8	1	1	0	0	1.0	1.0	-9.1532931e-05	0
988	Iter0989	3	4	4	3	0	0	0.5625	1.0	0.0	0
989	Iter0990	9	3	0	1	0	0	5.0	0.3076923076923073	-7.5774579e-05	0
990	Iter0991	7	6	4	4	0	0	1.1666666666666667	1.0	-4.799733100000001e-05	0
991	Iter0992	4	4	4	2	0	0	0.5	0.6270396270396279	-2.60516e-11	0
992	Iter0993	7	3	0	1	0	0	4.0	0.3636363636363637	-0.00012032890000000001	0
993	Iter0994	9	10	2	3	0	0	1.35	1.0	-0.00024749922104224384	0
994	Iter0995	10	6	5	3	0	0	1.0	1.0	-0.00019810088	0
995	Iter0996	8	10	8	1	0	0	0.1	0.041671067300358175	-0.000233272825962	0
996	Iter0997	10	11	1	0	0	0	0.4583333333333333	1.0	-0.00038783521851500004	0
997	Iter0998	4	6	4	0	0	0	0.14285714285714285	0.08491508491508484	-5.521479110000001e-05	0
998	Iter0999	3	6	3	2	0	0	0.3333333333333333	0.5804195804195786	-5.45897e-05	0
999	Iter1000	4	3	1	0	0	0	0.625	1.0	-1.047e-05	0
