	IterId	dN	dS	pN	pS	bdN	bpN	MkScore	FSPVal	SelCoef	PosSel
0	Iter0001	6	3	8	6	0	0	1.5	1.0	-0.0005498829	0
1	Iter0002	3	13	1	3	0	0	0.6923076923076924	1.0	-1.0452232800000001e-06	0
2	Iter0003	8	6	2	0	1	0	0.4285714285714286	0.4999999999999972	0.014589527000000003	1
3	Iter0004	7	6	3	2	0	0	0.7777777777777778	1.0	-0.000240491539	0
4	Iter0005	8	5	2	2	0	0	1.6	1.0	-0.00031995585600780004	0
5	Iter0006	7	6	3	1	1	0	0.3888888888888889	0.6029411764705872	0.006413639586900099	1
6	Iter0007	8	6	2	2	1	0	1.3333333333333333	1.0	0.016574115089	1
7	Iter0008	3	5	8	4	0	0	0.3	0.3618480590616823	-0.000333946	0
8	Iter0009	7	5	3	2	0	0	0.9333333333333332	1.0	-2.45216e-05	0
9	Iter0010	7	9	6	0	1	0	0.1142857142857143	0.046077761248039965	0.0031852479249999998	1
10	Iter0011	11	4	1	0	1	0	1.2	1.0	0.0050094903126	1
11	Iter0012	10	5	10	3	0	0	0.6	0.6859903381642494	-0.000400352353	0
12	Iter0013	13	4	3	1	0	0	1.0833333333333333	1.0	-0.001037988593351778	0
13	Iter0014	6	2	4	2	2	0	1.5	1.0	0.02867633544	1
14	Iter0015	6	3	7	5	1	0	1.4285714285714286	1.0	0.013909458695000002	1
15	Iter0016	7	8	2	3	1	0	1.3125	1.0	0.014388980033100001	1
16	Iter0017	10	5	5	2	0	0	0.8	1.0	-0.00023674001387891997	0
17	Iter0018	7	5	1	3	1	0	4.2	0.5692307692307679	0.026117634855650895	1
18	Iter0019	3	3	4	2	0	0	0.5	1.0	-2.78067e-05	0
19	Iter0020	7	4	3	1	2	0	0.5833333333333334	1.0	0.03416687421	1
20	Iter0021	8	3	0	0	0	0	2.25	1.0	-3.4096783490000004e-05	0
21	Iter0022	6	6	6	3	0	0	0.5	0.6604905929983331	-0.001213031576481	0
22	Iter0023	2	2	2	3	0	0	1.5	1.0	-0.000280731	0
23	Iter0024	4	10	7	1	1	0	0.05714285714285715	0.02373581011351909	0.00194972	1
24	Iter0025	7	3	2	2	0	0	2.333333333333333	0.5804195804195791	-0.000527096	0
25	Iter0026	11	3	0	1	1	0	6.0	0.2666666666666666	0.002453890015	1
26	Iter0027	8	5	0	0	0	0	1.5	1.0	-6.81054443e-05	0
27	Iter0028	9	4	2	2	1	0	2.25	0.5840336134453747	0.015007127712900001	1
28	Iter0029	2	4	7	3	0	0	0.21428571428571427	0.3024475524475516	-0.000129818	0
29	Iter0030	3	6	4	1	0	0	0.125	0.2657342657342652	-9.11582e-07	0
30	Iter0031	4	8	4	3	1	0	0.375	0.3765182186234813	0.026647858000000003	1
31	Iter0032	7	2	0	4	0	0	13.333333333333332	0.02097902097902101	-8.60237e-05	0
32	Iter0033	7	5	4	3	0	0	1.05	1.0	-2.35899000408553e-07	0
33	Iter0034	14	6	3	2	1	0	1.5555555555555556	1.0	0.02966200342000001	1
34	Iter0035	11	7	0	0	2	0	1.5	1.0	0.024565339319000002	1
35	Iter0036	10	9	0	0	0	0	1.1	1.0	-0.000987981	0
36	Iter0037	10	7	3	1	1	0	0.4761904761904762	1.0	0.01311156726014	1
37	Iter0038	2	6	5	1	1	0	0.06666666666666668	0.10256410256410263	0.0172468	1
38	Iter0039	6	7	3	0	0	0	0.21875	0.21249999999999933	-3.506150868374e-05	0
39	Iter0040	4	5	3	1	0	0	0.26666666666666666	0.5594405594405606	-2.2490100000000007e-05	0
40	Iter0041	11	7	4	1	1	0	0.3928571428571429	0.6213854795090463	0.019855219439999995	1
41	Iter0042	5	2	4	3	2	0	1.875	1.0	0.06899205061000001	1
42	Iter0043	6	5	4	1	1	0	0.3	0.5879120879120874	0.025655373630999997	1
43	Iter0044	5	5	1	0	0	0	0.5	1.0	-2.83558e-10	0
44	Iter0045	7	3	5	1	0	0	0.4666666666666667	1.0	-0.0006276195	0
45	Iter0046	0	3	8	5	0	0	0.16666666666666666	0.19999999999999946	0.0	0
46	Iter0047	7	9	2	1	0	0	0.3888888888888889	0.582043343653252	-0.00013312435600000002	0
47	Iter0048	5	4	2	6	1	0	3.75	0.33484162895927594	0.029082006009999998	1
48	Iter0049	8	7	3	4	2	0	1.5238095238095235	1.0	0.020517512	1
49	Iter0050	10	2	10	2	1	0	1.0	1.0	0.0033720106	1
50	Iter0051	5	5	7	2	0	0	0.2857142857142857	0.3498452012383896	-5.5390299624e-09	0
51	Iter0052	6	8	7	1	1	0	0.10714285714285714	0.07430340557275522	0.0213201746	1
52	Iter0053	4	6	3	1	1	0	0.2222222222222222	0.5594405594405594	0.059497129255	1
53	Iter0054	9	5	2	1	1	0	0.9	1.0	0.0095054703870923	1
54	Iter0055	4	5	4	4	2	0	0.8	1.0	0.0563009	1
55	Iter0056	6	5	3	0	1	0	0.2916666666666667	0.2582417582417573	0.0218508799918696	1
56	Iter0057	7	6	7	4	0	0	0.6666666666666667	0.6968299905774674	-3.1197e-05	0
57	Iter0058	3	5	3	1	1	0	0.2	0.5454545454545472	0.0100663	1
58	Iter0059	4	5	8	1	2	0	0.1	0.1312217194570135	0.03070650268	1
59	Iter0060	9	10	3	1	0	0	0.3	0.5900621118012405	-0.00072361782	0
60	Iter0061	8	5	2	0	1	0	0.5	0.5238095238095224	0.03756511500000001	1
61	Iter0062	4	4	4	4	0	0	1.0	1.0	-7.03304e-05	0
62	Iter0063	9	5	2	1	1	0	0.9	1.0	0.030464006723152002	1
63	Iter0064	9	6	4	1	1	0	0.375	0.6126160990712072	0.0177756218486	1
64	Iter0065	7	9	0	1	1	0	1.6	1.0	0.0138068	1
65	Iter0066	10	7	1	2	1	0	2.8571428571428568	0.5657894736842122	0.0069378038000000005	1
66	Iter0067	5	8	7	2	0	0	0.17857142857142858	0.09907120743033958	-5.783170000000001e-07	0
67	Iter0068	8	8	4	3	1	0	0.75	1.0	0.01645384775297	1
68	Iter0069	9	4	2	1	1	0	1.125	1.0	0.02378501702	1
69	Iter0070	9	3	4	0	0	0	0.5	0.5285714285714247	-6.880851009367361e-05	0
70	Iter0071	4	6	2	1	0	0	0.3333333333333333	0.5594405594405605	-0.0008400961899999999	0
71	Iter0072	7	7	4	2	1	0	0.5	0.6424148606811164	0.005181651329	1
72	Iter0073	3	5	4	1	0	0	0.15	0.2657342657342665	-3.8088994563e-05	0
73	Iter0074	6	10	3	0	2	0	0.1590909090909091	0.0866873065015481	0.02319992906141	1
74	Iter0075	7	2	0	1	1	0	5.333333333333333	0.2999999999999995	0.0099979451566	1
75	Iter0076	2	6	4	2	0	0	0.16666666666666666	0.2773892773892779	-0.00024397	0
76	Iter0077	8	5	3	0	1	0	0.375	0.5089285714285694	0.037607991509	1
77	Iter0078	8	5	1	2	0	0	3.2	0.5499999999999977	-0.0007633060549999999	0
78	Iter0079	6	7	1	1	1	0	0.8571428571428571	1.0	0.02967580268810001	1
79	Iter0080	14	5	1	1	1	0	2.8	0.4999999999999992	0.009966881098	1
80	Iter0081	6	10	2	1	1	0	0.3	0.5459236326109398	0.004813041686657	1
81	Iter0082	4	5	0	3	0	0	3.333333333333333	0.4909090909090914	-2.9841099999999998e-05	0
82	Iter0083	6	3	4	1	1	0	0.5	1.0	0.0139581538	1
83	Iter0084	10	3	2	2	1	0	3.333333333333333	0.5378151260504158	0.015586185095000003	1
84	Iter0085	7	10	2	2	0	0	0.7	1.0	-6.072943546e-08	0
85	Iter0086	6	3	2	2	0	0	2.0	1.0	-6.069119999999998e-06	0
86	Iter0087	9	6	3	1	3	0	0.5	1.0	0.05882501467	1
87	Iter0088	10	7	5	2	1	0	0.5714285714285714	0.6687122945704231	0.0040178826592999995	1
88	Iter0089	7	6	8	1	0	0	0.14583333333333334	0.16486068111455066	-0.00098441875	0
89	Iter0090	4	5	5	1	0	0	0.16	0.2867132867132856	-0.0015982042923600001	0
90	Iter0091	2	8	6	2	0	0	0.08333333333333333	0.05361305361305376	-6.2452934e-07	0
91	Iter0092	10	5	1	1	0	0	2.0	1.0	-3.904555e-05	0
92	Iter0093	7	7	4	1	2	0	0.25	0.3378052975576197	0.034605952	1
93	Iter0094	9	6	4	1	0	0	0.375	0.6126160990712072	-9.930815e-06	0
94	Iter0095	6	9	3	2	0	0	0.4444444444444444	0.6168730650154812	-5.258927623e-05	0
95	Iter0096	2	7	7	2	0	0	0.08163265306122447	0.056684491978609614	-1.73184e-07	0
96	Iter0097	2	6	2	4	1	0	0.6666666666666666	1.0	0.010809	1
97	Iter0098	10	4	3	4	0	0	3.333333333333333	0.34575163398692754	-0.00083060350531774	0
98	Iter0099	4	6	3	2	0	0	0.4444444444444444	0.6083916083916072	-8.075389999999999e-08	0
99	Iter0100	6	2	4	6	1	0	4.5	0.1879884821061298	0.041512351967	1
100	Iter0101	7	6	3	2	0	0	0.7777777777777778	1.0	-0.0001863344	0
101	Iter0102	9	5	2	2	0	0	1.8	1.0	-0.000298377719649468	0
102	Iter0103	8	4	6	0	2	0	0.2571428571428572	0.24509803921568696	0.031987939833	1
103	Iter0104	8	8	6	0	0	1	0.14285714285714285	0.05113050004690869	-4.2734000001127754e-05	0
104	Iter0105	7	8	6	4	2	0	0.5833333333333334	0.6881679903082514	0.030674385184159998	1
105	Iter0106	6	12	5	1	1	0	0.1	0.060804184373978575	0.013125132782999998	1
106	Iter0107	8	6	5	1	0	0	0.26666666666666666	0.35436016511867924	-2.1035962e-05	0
107	Iter0108	5	6	3	5	0	0	1.3888888888888893	1.0	-0.0002255233029	0
108	Iter0109	5	6	2	3	0	0	1.2500000000000002	1.0	-0.000485013756	0
109	Iter0110	6	9	2	3	0	0	1.0	1.0	-0.00025807749500000003	0
110	Iter0111	8	8	3	5	0	0	1.6666666666666667	0.6791851752142516	-0.00022877838807174	0
111	Iter0112	7	2	1	1	1	0	3.5	0.4909090909090902	0.00765345	1
112	Iter0113	5	7	5	3	1	0	0.42857142857142855	0.6499166468206725	0.027997188540999998	1
113	Iter0114	4	11	2	1	1	0	0.18181818181818185	0.24509803921568624	0.010800953	1
114	Iter0115	6	4	1	1	1	0	1.5	1.0	0.022340204000000002	1
115	Iter0116	4	6	3	4	1	0	0.8888888888888888	1.0	0.013765331662999999	1
116	Iter0117	1	5	3	1	0	0	0.06666666666666668	0.19047619047619066	-2.01204e-11	0
117	Iter0118	6	6	2	1	0	0	0.5	1.0	-0.00012857	0
118	Iter0119	2	11	1	1	0	0	0.18181818181818185	0.3714285714285691	-0.0003261758032	0
119	Iter0120	5	3	4	3	1	0	1.2500000000000002	1.0	0.025213628170000002	1
120	Iter0121	7	9	7	0	0	1	0.1	0.018942963080801376	-0.0006289831900000001	0
121	Iter0122	4	9	4	4	0	0	0.4444444444444444	0.6458204334365296	-5.57429e-06	0
122	Iter0123	7	4	1	0	1	0	0.8	1.0	0.024160332823	1
123	Iter0124	5	4	4	5	1	0	1.5625	1.0	0.009944322785299999	1
124	Iter0125	7	7	1	2	0	0	2.0	1.0	-0.0001836767	0
125	Iter0126	7	6	4	2	0	0	0.5833333333333334	1.0	-0.00050355508	0
126	Iter0127	7	9	2	2	0	0	0.7777777777777778	1.0	-5.17991e-07	0
127	Iter0128	5	7	0	6	0	0	5.25	0.11414565826330475	-1.2255e-05	0
128	Iter0129	9	4	4	1	0	0	0.5625	1.0	-0.00091628049	0
129	Iter0130	7	3	3	0	2	0	0.5	0.5279720279720299	0.043427554	1
130	Iter0131	8	9	5	3	3	0	0.5333333333333333	0.6727688787185362	0.04029942207	1
131	Iter0132	6	1	2	2	0	0	6.0	0.4909090909090907	-0.00017301162499999998	0
132	Iter0133	8	6	6	4	1	0	0.8888888888888888	1.0	0.030014899992533182	1
133	Iter0134	8	5	6	1	1	0	0.26666666666666666	0.3543601651186789	0.01041506753977889	1
134	Iter0135	3	4	4	1	0	0	0.1875	0.2929292929292933	-3.79025e-05	0
135	Iter0136	9	2	2	0	0	0	1.1111111111111112	1.0	-0.00022418124049	0
136	Iter0137	7	6	3	1	0	0	0.3888888888888889	0.6029411764705872	-6.905934078000001e-06	0
137	Iter0138	8	4	5	0	0	0	0.3	0.2605042016806711	-2.6872825226e-05	0
138	Iter0139	9	6	0	0	0	0	1.4285714285714286	1.0	-0.00042566322	0
139	Iter0140	10	8	6	2	2	0	0.4166666666666667	0.41984605783232937	0.033255231634958596	1
140	Iter0141	3	4	3	2	1	0	0.5	1.0	0.024416615300000003	1
141	Iter0142	5	8	6	2	1	0	0.20833333333333331	0.18266253869969049	0.008551095	1
142	Iter0143	6	8	5	2	0	0	0.3	0.36145510835913375	-4.1031330000000003e-05	0
143	Iter0144	6	8	2	0	1	0	0.25925925925925924	0.4666666666666657	0.0172678635	1
144	Iter0145	4	7	3	2	2	0	0.3809523809523809	0.5961538461538446	0.0426971271	1
145	Iter0146	7	2	1	1	2	0	3.5	0.4909090909090902	0.031342816942	1
146	Iter0147	7	10	1	0	0	0	0.3636363636363637	0.44444444444444653	-9.1205922e-05	0
147	Iter0148	9	8	3	1	2	0	0.375	0.6030075187969957	0.03173260631409	1
148	Iter0149	4	5	4	2	0	0	0.4	0.6083916083916074	-6.41331e-05	0
149	Iter0150	8	9	2	0	0	0	0.3	0.4736842105263174	-0.0001192513100821967	0
150	Iter0151	3	8	4	2	0	0	0.1875	0.16176470588235314	-2.36805e-06	0
151	Iter0152	13	9	5	1	1	0	0.2888888888888889	0.37458193979933097	0.0117019525756	1
152	Iter0153	6	4	4	1	0	0	0.375	0.6003996003995986	-4.3305e-05	0
153	Iter0154	8	8	3	0	1	0	0.25	0.2280701754385969	0.00445655608	1
154	Iter0155	4	4	3	0	0	0	0.25	0.2363636363636365	-2.13526e-15	0
155	Iter0156	11	8	5	3	1	0	0.825	1.0	0.003361441328	1
156	Iter0157	3	6	5	2	2	0	0.2	0.3146853146853139	0.0597304	1
157	Iter0158	6	7	1	5	0	0	4.285714285714286	0.33307533539731554	-0.0018120344	0
158	Iter0159	3	11	3	1	0	0	0.0909090909090909	0.08333333333333348	-2.75589e-06	0
159	Iter0160	6	4	3	2	0	0	1.0	1.0	-5.98073e-08	0
160	Iter0161	9	10	4	0	0	0	0.18181818181818185	0.10446075663466907	-3.94027e-06	0
161	Iter0162	8	8	2	2	0	0	1.0	1.0	-1.6090598e-05	0
162	Iter0163	4	7	2	4	1	0	1.1428571428571428	1.0	0.0320776705999	1
163	Iter0164	9	3	2	2	2	0	3.0	0.5467032967032941	0.04950668624	1
164	Iter0165	10	9	2	1	0	0	0.5555555555555556	1.0	-3.5087329000000005e-05	0
165	Iter0166	6	11	6	4	0	0	0.3636363636363636	0.2565980167810856	-0.0002480529918	0
166	Iter0167	7	9	3	0	0	0	0.2	0.21052631578947467	-2.608668e-06	0
167	Iter0168	7	4	6	4	0	0	1.1666666666666667	1.0	-5.8297857400000005e-05	0
168	Iter0169	7	6	3	3	0	0	1.1666666666666667	1.0	-4.9382e-05	0
169	Iter0170	5	9	5	4	0	0	0.4444444444444445	0.417283618252792	-7.2991059e-05	0
170	Iter0171	8	2	6	1	0	0	0.6666666666666666	1.0	-0.000457892102	0
171	Iter0172	7	6	1	2	0	0	2.333333333333333	1.0	-5.61925e-07	0
172	Iter0173	3	9	4	2	0	0	0.16666666666666666	0.1414027149321271	-1.00573e-05	0
173	Iter0174	5	10	6	3	0	0	0.25	0.20598330865527006	-7.589479999999999e-05	0
174	Iter0175	6	11	11	3	1	0	0.1487603305785124	0.029204364050761367	0.014931267824999999	1
175	Iter0176	6	4	1	1	1	0	1.5	1.0	0.0334545163	1
176	Iter0177	1	9	4	1	0	0	0.027777777777777776	0.016983016983016956	-6.28211e-07	0
177	Iter0178	2	3	5	0	0	0	0.125	0.16666666666666646	0.0	0
178	Iter0179	4	8	3	0	0	0	0.1388888888888889	0.07692307692307655	-0.00015446860000019409	0
179	Iter0180	6	7	3	2	2	0	0.5714285714285714	1.0	0.0235255646872839	1
180	Iter0181	12	8	2	1	1	0	0.75	1.0	0.011844902015999902	1
181	Iter0182	9	9	4	2	0	0	0.5	0.6493952271984296	-0.000112256	0
182	Iter0183	6	2	4	2	0	0	1.5	1.0	-0.00044927214	0
183	Iter0184	7	9	4	3	0	0	0.5833333333333334	0.6668461434917207	-0.00020444750031440998	0
184	Iter0185	0	6	2	6	0	0	0.3333333333333333	0.4725274725274717	0.0	0
185	Iter0186	10	5	1	1	1	0	2.0	1.0	0.0123453292617	1
186	Iter0187	6	7	3	1	1	0	0.2857142857142857	0.5764705882352927	0.0031450162917	1
187	Iter0188	10	2	5	3	0	0	3.0	0.347265221878226	-0.00065233234	0
188	Iter0189	2	5	4	0	0	0	0.1	0.060606060606060684	0.0	0
189	Iter0190	7	8	1	3	0	0	2.625	0.6026831785345723	-0.00021351870296	0
190	Iter0191	5	9	7	3	1	0	0.2380952380952381	0.21375689864046335	0.006943499845743	1
191	Iter0192	4	7	2	1	1	0	0.2857142857142857	0.5384615384615372	0.00577756	1
192	Iter0193	8	9	2	1	0	0	0.4444444444444444	1.0	-7.1184875935e-06	0
193	Iter0194	5	7	3	1	0	0	0.2380952380952381	0.5692307692307679	-6.83896e-05	0
194	Iter0195	10	10	1	2	2	0	2.0	1.0	0.056424866398400005	1
195	Iter0196	6	3	2	0	0	0	0.5833333333333334	1.0	-0.00035955868	0
196	Iter0197	9	5	6	5	1	0	1.5	0.6968299905774726	0.02352039768653	1
197	Iter0198	6	4	5	0	1	0	0.2333333333333333	0.23076923076923034	0.017334640999999998	1
198	Iter0199	9	6	3	1	1	0	0.5	1.0	0.01543956918	1
199	Iter0200	10	8	3	5	3	0	2.083333333333333	0.6727688787185335	0.055097191499999996	1
200	Iter0201	7	6	1	0	0	0	0.5714285714285714	1.0	-9.232667899999998e-05	0
201	Iter0202	3	3	5	1	0	0	0.2	0.5454545454545476	0.0	0
202	Iter0203	3	8	4	5	2	0	0.46875	0.6424148606811146	0.0404425	1
203	Iter0204	6	4	2	5	1	0	3.75	0.3348416289592764	0.006308401549999999	1
204	Iter0205	10	5	7	1	2	0	0.2857142857142857	0.3689757991817499	0.04720220961127	1
205	Iter0206	6	6	2	2	0	0	1.0	1.0	-6.025173e-05	0
206	Iter0207	3	3	4	3	0	0	0.75	1.0	-0.00010032507	0
207	Iter0208	8	6	2	2	0	0	1.3333333333333333	1.0	-0.00016273100999999998	0
208	Iter0209	4	1	2	4	1	0	8.0	0.2424242424242419	0.0268415499	1
209	Iter0210	7	4	1	5	1	0	8.75	0.13122171945701344	0.027075300899999998	1
210	Iter0211	3	3	2	0	0	0	0.3333333333333333	0.4642857142857143	-0.00013250173	0
211	Iter0212	4	4	3	0	0	0	0.25	0.2363636363636365	0.0	0
212	Iter0213	8	4	2	2	1	0	2.0	0.604395604395601	0.00772838638	1
213	Iter0214	9	3	5	2	2	0	1.2	1.0	0.016750981170000002	1
214	Iter0215	4	5	0	2	0	0	2.5000000000000004	0.4909090909090904	-6.804801964700001e-06	0
215	Iter0216	6	3	1	1	0	0	2.0	1.0	-6.627910000000001e-10	0
216	Iter0217	3	7	3	2	0	0	0.2857142857142857	0.3286713286713279	0.0	0
217	Iter0218	7	4	2	2	0	0	1.75	1.0	-0.0005850936	0
218	Iter0219	8	8	3	1	0	0	0.3333333333333333	0.5913312693498459	-0.00026130960000000003	0
219	Iter0220	7	4	2	0	1	0	0.5333333333333333	1.0	0.013442224973425001	1
220	Iter0221	8	10	3	1	1	0	0.26666666666666666	0.5864661654135315	0.0105419999840394	1
221	Iter0222	7	6	3	0	0	0	0.2857142857142857	0.2499999999999989	-0.000459358268272	0
222	Iter0223	9	3	4	1	0	0	0.75	1.0	-0.0007748282791	0
223	Iter0224	7	4	3	2	0	0	1.1666666666666667	1.0	-0.00016560400000000002	0
224	Iter0225	3	5	1	2	0	0	1.2	1.0	-3.43246e-06	0
225	Iter0226	10	5	2	2	1	0	2.0	0.6026831785345711	0.017815436734000004	1
226	Iter0227	5	1	6	1	0	0	0.8333333333333334	1.0	-4.23866e-08	0
227	Iter0228	8	6	6	4	1	0	0.8888888888888888	1.0	0.053866277275	1
228	Iter0229	6	6	5	1	1	0	0.2	0.3156108597285071	0.027696320000000003	1
229	Iter0230	3	5	1	0	0	0	0.3333333333333333	0.4444444444444449	-0.0014879329300000002	0
230	Iter0231	6	4	5	0	1	0	0.2333333333333333	0.23076923076923034	0.014747797400000004	1
231	Iter0232	8	7	4	1	0	0	0.2857142857142857	0.6026831785345723	-0.00031485800965	0
232	Iter0233	11	4	4	3	0	0	2.0625	0.6302244582043344	-0.0009021596294000001	0
233	Iter0234	5	6	2	0	0	0	0.2857142857142857	0.4615384615384627	-4.673e-05	0
234	Iter0235	13	4	12	1	1	1	0.2708333333333333	0.3548622514139787	0.01626593882	1
235	Iter0236	2	5	8	5	1	0	0.25	0.3498452012383887	0.016643383999999997	1
236	Iter0237	4	3	3	1	0	0	0.4444444444444444	1.0	-0.0009625063	0
237	Iter0238	6	7	1	0	2	0	0.4375	1.0	0.019152415779	1
238	Iter0239	7	7	2	1	0	0	0.5	1.0	-0.000869235636	0
239	Iter0240	3	7	2	4	0	0	0.8571428571428571	1.0	-0.000448821	0
240	Iter0241	8	5	4	4	0	0	1.6	0.6730650154798768	-0.0005898135359999999	0
241	Iter0242	5	6	7	3	0	0	0.35714285714285715	0.3869969040247684	-4.3413434e-05	0
242	Iter0243	5	6	3	5	0	0	1.3888888888888893	1.0	-8.87053e-06	0
243	Iter0244	7	5	2	0	0	0	0.4444444444444444	0.5054945054945031	-6.04053692e-06	0
244	Iter0245	6	5	2	2	1	0	1.2	1.0	0.0058925592696	1
245	Iter0246	9	7	1	3	1	0	3.8571428571428577	0.5820433436532529	0.012437587995000002	1
246	Iter0247	4	8	5	1	0	0	0.1	0.13122171945701352	-4.90996e-08	0
247	Iter0248	10	5	2	0	2	0	0.6111111111111109	1.0	0.02336055478	1
248	Iter0249	5	6	2	1	0	1	0.4166666666666667	1.0	-0.000379964	0
249	Iter0250	8	6	4	1	0	0	0.3333333333333333	0.6026831785345711	-0.00040355830289999994	0
250	Iter0251	6	5	4	3	0	0	0.9	1.0	-0.00022510955499999998	0
251	Iter0252	5	5	1	0	0	0	0.5	1.0	-0.00019613773999999998	0
252	Iter0253	7	3	1	0	1	0	1.0	1.0	0.00753634095	1
253	Iter0254	5	4	2	4	1	0	2.5	0.6083916083916083	0.030383984532000002	1
254	Iter0255	5	11	6	2	0	1	0.15151515151515152	0.08246960111275657	-1.7762e-05	0
255	Iter0256	5	5	2	0	1	0	0.3333333333333333	0.4696969696969707	0.01623888234493	1
256	Iter0257	5	3	3	2	1	0	1.1111111111111112	1.0	0.05410613919	1
257	Iter0258	5	8	7	3	0	0	0.26785714285714285	0.21375689864046188	-0.00013262200000000002	0
258	Iter0259	5	3	0	2	1	0	4.5	0.4444444444444446	0.0352134143	1
259	Iter0260	5	8	5	0	0	0	0.1111111111111111	0.035947712418300595	-0.000110262	0
260	Iter0261	8	4	3	0	1	0	0.45	0.516483516483514	0.016605644499	1
261	Iter0262	5	7	2	0	0	0	0.25	0.4615384615384607	-0.00038460327	0
262	Iter0263	5	3	4	0	1	0	0.3	0.4909090909090921	0.0401958057	1
263	Iter0264	7	4	3	5	0	0	2.916666666666667	0.3698499642772106	-1.2079879898e-06	0
264	Iter0265	6	8	2	1	0	0	0.375	0.5764705882352932	-3.2862e-06	0
265	Iter0266	7	5	4	6	1	0	2.1	0.6699214098594888	0.02772507452	1
266	Iter0267	3	4	2	0	1	0	0.26666666666666666	0.4444444444444445	0.0091877997	1
267	Iter0268	10	4	4	1	0	0	0.625	1.0	-0.00033658	0
268	Iter0269	8	4	3	0	0	0	0.45	0.516483516483514	0.0	0
269	Iter0270	7	2	3	2	2	0	2.333333333333333	0.5804195804195791	0.07475061614	1
270	Iter0271	4	9	3	2	0	0	0.2962962962962963	0.3259803921568637	-0.000611889	0
271	Iter0272	8	12	6	2	0	0	0.2222222222222222	0.20869565217391373	-0.000226889	0
272	Iter0273	2	2	9	4	0	0	0.4444444444444444	0.5840336134453747	-2.9555e-05	0
273	Iter0274	7	5	5	0	0	0	0.2222222222222222	0.2445054945054932	-0.0007097816575301	0
274	Iter0275	8	10	4	2	1	0	0.4	0.6404053612291589	0.027166901506999998	1
275	Iter0276	5	8	2	2	0	0	0.625	1.0	-0.001251912	0
276	Iter0277	8	4	4	3	1	0	1.5	1.0	0.012436068131999998	1
277	Iter0278	6	4	4	0	0	0	0.28	0.2507492507492505	-0.00034146229999999994	0
278	Iter0279	5	3	6	2	0	0	0.5555555555555556	1.0	0.0	0
279	Iter0280	8	12	2	0	0	0	0.23076923076923075	0.1948051948051938	-0.0001003540616	0
280	Iter0281	5	3	1	3	0	0	5.000000000000001	0.5454545454545472	-0.000162128	0
281	Iter0282	9	4	4	4	0	0	2.25	0.6458204334365301	0.0	0
282	Iter0283	6	6	5	4	1	0	0.8	1.0	0.015939165680000002	1
283	Iter0284	9	9	1	1	2	0	1.0	1.0	0.047168838920000004	1
284	Iter0285	7	4	3	0	2	0	0.4	0.5054945054945053	0.025536518913	1
285	Iter0286	6	3	8	3	1	0	0.75	1.0	0.0150656935	1
286	Iter0287	8	6	2	0	1	0	0.4285714285714286	0.4999999999999972	0.03493396988289316	1
287	Iter0288	7	5	3	3	0	0	1.4	1.0	-8.182308410000001e-06	0
288	Iter0289	8	7	3	4	1	0	1.5238095238095235	1.0	0.026107586500000002	1
289	Iter0290	6	8	1	1	0	0	0.75	1.0	-1.05924e-05	0
290	Iter0291	12	9	3	2	0	0	0.8888888888888888	1.0	-1.9604854603599998e-05	0
291	Iter0292	4	10	5	4	0	0	0.32	0.3826356171759313	-0.000412238511	0
292	Iter0293	1	10	3	0	1	0	0.045454545454545456	0.010989010989010952	0.00907986	1
293	Iter0294	9	8	0	1	1	0	2.2222222222222223	1.0	0.04497790407999275	1
294	Iter0295	7	3	2	5	0	0	5.833333333333332	0.15343480049362354	-1.01294e-05	0
295	Iter0296	13	7	2	1	2	0	0.9285714285714286	1.0	0.009526213479999998	1
296	Iter0297	4	7	2	2	0	0	0.5714285714285714	1.0	-1.3903e-07	0
297	Iter0298	5	2	6	1	0	0	0.4166666666666667	1.0	-8.793368879999999e-05	0
298	Iter0299	7	3	1	1	0	0	2.333333333333333	1.0	-4.120903e-05	0
299	Iter0300	6	4	3	3	1	0	1.5	1.0	0.014307723234	1
300	Iter0301	6	6	8	3	0	0	0.375	0.4003230582850995	-1.40498e-05	0
301	Iter0302	11	4	1	0	1	0	1.2	1.0	0.03733291828429999	1
302	Iter0303	9	7	2	1	1	0	0.6428571428571429	1.0	0.0223556599	1
303	Iter0304	6	9	2	0	1	0	0.2333333333333333	0.20588235294117666	0.0476858339026	1
304	Iter0305	5	8	1	2	0	0	1.25	1.0	-0.001523856	0
305	Iter0306	3	6	0	2	0	0	1.7142857142857142	1.0	-1.1133109999999997e-05	0
306	Iter0307	4	7	5	2	0	0	0.22857142857142854	0.3348416289592765	-0.0004251267	0
307	Iter0308	4	3	3	4	1	0	1.7777777777777777	1.0	0.029176199999961037	1
308	Iter0309	3	2	3	0	0	0	0.3333333333333333	0.4642857142857138	-5.05983e-05	0
309	Iter0310	12	3	2	0	2	0	1.0833333333333333	1.0	0.07273848931043	1
310	Iter0311	7	8	3	2	0	0	0.5833333333333334	1.0	-2.2283133384e-05	0
311	Iter0312	9	6	9	4	1	0	0.6666666666666666	0.7054919908466777	0.024468142683999997	1
312	Iter0313	5	5	2	0	0	0	0.3333333333333333	0.4696969696969707	-0.00037257155	0
313	Iter0314	12	6	2	1	0	0	1.0	1.0	-0.00093040531	0
314	Iter0315	7	8	3	2	1	0	0.5833333333333334	1.0	0.007780218735	1
315	Iter0316	5	6	1	2	1	0	1.6666666666666667	1.0	0.017507775399999998	1
316	Iter0317	5	7	2	3	1	0	1.0714285714285716	1.0	0.047723260600000005	1
317	Iter0318	8	4	3	1	0	0	0.6666666666666666	1.0	-9.106570103599001e-05	0
318	Iter0319	8	5	2	1	1	0	0.8	1.0	0.020661699999970678	1
319	Iter0320	4	3	0	0	0	0	1.25	1.0	-3.925767e-05	0
320	Iter0321	10	6	6	2	0	0	0.5555555555555556	0.6674131270981487	-0.0007347750600000001	0
321	Iter0322	3	5	1	3	0	0	1.8	1.0	0.0	0
322	Iter0323	4	8	7	1	1	0	0.07142857142857142	0.028101929030721614	0.00939945	1
323	Iter0324	11	4	5	3	0	0	1.65	0.657019787319963	-2.0456700171745e-05	0
324	Iter0325	8	5	4	1	1	0	0.4	0.6148459383753492	0.025750878626955	1
325	Iter0326	2	4	1	2	0	0	1.0	1.0	-1.4335788800000001e-05	0
326	Iter0327	11	4	4	1	2	0	0.6875	1.0	0.020050369374000003	1
327	Iter0328	8	4	6	2	1	0	0.6666666666666666	1.0	0.0220406870831	1
328	Iter0329	10	2	3	1	0	0	1.6666666666666667	1.0	-0.00038162726405	0
329	Iter0330	9	4	3	2	0	0	1.5	1.0	-0.00036164270209414006	0
330	Iter0331	9	8	2	2	0	0	1.125	1.0	-0.00010930914351600001	0
331	Iter0332	8	3	3	3	0	0	2.6666666666666665	0.6000323206205558	-0.0010388848	0
332	Iter0333	3	9	2	2	0	0	0.3333333333333333	0.5467032967032944	-1.87989e-09	0
333	Iter0334	3	5	4	1	1	0	0.15	0.2657342657342665	0.024044827473867	1
334	Iter0335	11	13	1	2	3	0	1.6923076923076923	1.0	0.043680911952700005	1
335	Iter0336	6	4	3	2	0	0	1.0	1.0	-7.365980000000001e-06	0
336	Iter0337	8	5	2	1	1	0	0.8	1.0	0.0035248216147899998	1
337	Iter0338	10	10	2	3	2	0	1.5	1.0	0.016504186943	1
338	Iter0339	8	8	5	3	1	0	0.6	0.6791851752142517	0.039213595903229	1
339	Iter0340	12	8	3	4	0	0	2.0	0.6618357487922796	-0.000174635086	0
340	Iter0341	5	7	1	1	0	0	0.7142857142857143	1.0	-1.92745e-08	0
341	Iter0342	6	8	3	1	0	0	0.25	0.5764705882352943	-0.00110072441536	0
342	Iter0343	6	6	1	2	1	0	2.0	1.0	0.01747894139986687	1
343	Iter0344	6	6	1	1	0	0	1.0	1.0	-8.06587e-05	0
344	Iter0345	8	7	3	3	0	0	1.1428571428571428	1.0	-0.00014381049930081998	0
345	Iter0346	4	7	2	1	0	0	0.2857142857142857	0.5384615384615372	-5.30768e-07	0
346	Iter0347	4	5	4	0	1	0	0.16666666666666669	0.10489510489510497	0.03730424699	1
347	Iter0348	5	7	1	2	0	0	1.4285714285714286	1.0	-1.042527e-05	0
348	Iter0349	4	6	1	3	0	0	2.0	1.0	-0.00018526481999999998	0
349	Iter0350	6	11	1	0	0	0	0.2916666666666667	0.3888888888888907	-8.95744e-07	0
350	Iter0351	9	5	1	3	3	0	5.4	0.2745098039215692	0.054749421883276	1
351	Iter0352	6	4	2	2	0	0	1.5	1.0	-0.0009411708136400001	0
352	Iter0353	8	6	5	1	0	0	0.26666666666666666	0.35436016511867924	-0.002195753	0
353	Iter0354	5	4	6	1	0	0	0.20833333333333331	0.3076923076923062	-1.00007e-06	0
354	Iter0355	5	4	4	1	0	0	0.3125	0.5804195804195778	-0.000184858	0
355	Iter0356	5	9	2	0	0	0	0.2	0.1749999999999998	-0.0007286714641	0
356	Iter0357	5	4	7	4	0	0	0.7142857142857143	1.0	-0.00038719047999999996	0
357	Iter0358	3	3	2	2	0	0	1.0	1.0	-1.28094e-05	0
358	Iter0359	10	5	10	2	1	0	0.4	0.40821256038647774	0.00611436779	1
359	Iter0360	7	9	5	2	1	0	0.3111111111111111	0.3707093821510306	0.016644048499999998	1
360	Iter0361	7	4	6	1	0	0	0.2916666666666667	0.5955882352941169	-0.000991526984	0
361	Iter0362	7	3	3	1	0	0	0.7777777777777778	1.0	-1.13656e-06	0
362	Iter0363	2	4	4	1	0	0	0.125	0.2424242424242421	-3.720290209583e-05	0
363	Iter0364	8	7	4	0	0	0	0.225	0.2450980392156861	-0.0009357668	0
364	Iter0365	8	6	4	2	0	0	0.6666666666666666	1.0	-3.1262161665400002e-06	0
365	Iter0366	9	3	2	3	0	0	4.5	0.28005817711699965	-0.00040319655717	0
366	Iter0367	7	9	2	2	1	0	0.7777777777777778	1.0	0.010463703813000002	1
367	Iter0368	13	13	2	4	0	0	2.0	0.6585712520084137	-4.2642757580000003e-05	0
368	Iter0369	8	5	2	1	0	0	0.8	1.0	-0.00014924650000000002	0
369	Iter0370	10	8	7	0	1	0	0.1527777777777778	0.057308092365300815	0.0246626981324203	1
370	Iter0371	7	6	2	0	1	0	0.3809523809523809	0.4857142857142842	0.06566508989899998	1
371	Iter0372	9	5	3	2	0	0	1.2	1.0	-0.0006557504600000001	0
372	Iter0373	1	5	2	1	0	0	0.1	0.2261904761904765	0.0	0
373	Iter0374	6	3	3	0	0	0	0.4375	0.5090909090909093	-0.0005501331999999999	0
374	Iter0375	8	7	7	1	0	0	0.16326530612244894	0.1763278225790001	-7.433769999999999e-10	0
375	Iter0376	9	9	5	2	1	0	0.4	0.4065217391304364	0.028975345	1
376	Iter0377	7	5	5	3	1	0	0.8399999999999999	1.0	0.029654742579100002	1
377	Iter0378	3	2	2	0	0	0	0.4444444444444444	1.0	-0.00012329	0
378	Iter0379	5	5	2	1	0	0	0.5	1.0	-9.13108389432e-05	0
379	Iter0380	7	7	4	3	0	0	0.75	1.0	-0.0001078515016	0
380	Iter0381	9	4	4	2	0	0	1.125	1.0	-0.001431496815	0
381	Iter0382	7	9	2	2	0	0	0.7777777777777778	1.0	-2.7156913e-07	0
382	Iter0383	15	4	5	1	1	0	0.75	1.0	0.043998550691	1
383	Iter0384	5	6	2	0	2	0	0.2857142857142857	0.4615384615384627	0.0325931	1
384	Iter0385	12	4	2	0	1	0	0.8666666666666667	1.0	0.0233978124073	1
385	Iter0386	5	8	2	0	0	0	0.2222222222222222	0.1999999999999991	-0.000548133714	0
386	Iter0387	7	5	1	6	0	0	8.4	0.14729697547035006	-1.2151184480000001e-05	0
387	Iter0388	9	5	2	1	2	0	0.9	1.0	0.011269980800000001	1
388	Iter0389	7	6	2	1	0	0	0.5833333333333334	1.0	-0.00010502069	0
389	Iter0390	11	7	4	3	0	0	1.1785714285714286	1.0	-0.00076101868922	0
390	Iter0391	8	3	5	1	0	0	0.5333333333333333	1.0	-1.15266e-08	0
391	Iter0392	6	4	1	2	1	0	3.0	0.5594405594405605	0.0215044303434	1
392	Iter0393	10	3	8	5	2	0	2.083333333333333	0.6727688787185334	0.07058768049445681	1
393	Iter0394	4	8	7	2	0	0	0.14285714285714285	0.08049535603715162	-0.0006027305000000001	0
394	Iter0395	4	7	3	2	0	0	0.3809523809523809	0.5961538461538446	-5.6139662819999996e-05	0
395	Iter0396	12	7	5	1	0	0	0.3428571428571429	0.6237154150197661	-0.000709022778241	0
396	Iter0397	6	8	2	2	0	0	0.75	1.0	-0.00068171478	0
397	Iter0398	7	8	6	3	1	0	0.4375	0.4225333153856515	0.023164082184986005	1
398	Iter0399	2	5	0	3	0	0	2.0	1.0	-1.10262e-09	0
399	Iter0400	8	8	4	4	1	0	1.0	1.0	0.007570012742412001	1
400	Iter0401	7	13	4	2	0	0	0.2692307692307692	0.34782608695652417	-0.00071920033	0
401	Iter0402	2	4	4	3	0	0	0.375	0.592074592074594	0.0	0
402	Iter0403	5	7	5	4	0	0	0.5714285714285714	0.6699214098594893	-5.9076833919e-05	0
403	Iter0404	4	3	3	0	0	0	0.3125	0.4749999999999999	-4.6064368e-05	0
404	Iter0405	6	10	2	1	0	0	0.3	0.5459236326109398	-0.00023944402463	0
405	Iter0406	2	7	5	4	1	0	0.22857142857142854	0.3348416289592766	0.011157604028599999	1
406	Iter0407	2	4	6	6	0	0	0.5	0.6380090497737565	-2.972331e-05	0
407	Iter0408	4	2	5	3	0	0	1.2	1.0	-0.00046596760813	0
408	Iter0409	5	3	4	0	1	0	0.3	0.4909090909090921	0.005823935400000001	1
409	Iter0410	4	4	1	1	2	0	1.0	1.0	0.036164049	1
410	Iter0411	5	4	3	3	0	0	1.25	1.0	-6.126410000000001e-05	0
411	Iter0412	6	7	3	2	0	0	0.5714285714285714	1.0	-2.8327935200000003e-05	0
412	Iter0413	16	6	10	1	1	0	0.26666666666666666	0.378437461376836	0.0228999794865	1
413	Iter0414	10	7	5	1	1	0	0.2857142857142857	0.36897579918174894	0.016510514859733	1
414	Iter0415	5	1	5	1	0	0	1.0	1.0	-2.76585e-05	0
415	Iter0416	6	3	8	2	0	0	0.5	0.6284829721362238	-5.954859999999998e-06	0
416	Iter0417	7	7	6	3	0	0	0.5	0.6692690806299605	-7.771500999999998e-05	0
417	Iter0418	12	6	10	0	3	0	0.16883116883116886	0.06187290969899671	0.0409445378775599	1
418	Iter0419	6	4	8	2	0	1	0.375	0.6284829721362245	-0.0007980228735999999	0
419	Iter0420	7	10	3	0	0	0	0.18181818181818185	0.2105263157894741	-0.00062415226	0
420	Iter0421	7	5	2	1	0	0	0.7	1.0	-0.000722044609	0
421	Iter0422	3	5	4	1	1	0	0.15	0.2657342657342665	0.015606323190179272	1
422	Iter0423	5	7	3	3	1	0	0.7142857142857143	1.0	0.015633352459999996	1
423	Iter0424	6	9	4	0	1	0	0.14	0.08668730650154807	0.0085768086568	1
424	Iter0425	8	8	5	0	0	0	0.16666666666666666	0.11071797139908593	-0.0001189137940611567	0
425	Iter0426	5	4	1	1	0	0	1.25	1.0	-5.3584300000000005e-09	0
426	Iter0427	3	5	3	0	0	0	0.16666666666666666	0.1818181818181817	-2.007945e-05	0
427	Iter0428	6	4	3	2	0	0	1.0	1.0	-1.29776e-08	0
428	Iter0429	6	10	3	1	1	0	0.2	0.2848297213622301	0.021818787861700002	1
429	Iter0430	9	9	1	0	1	0	0.5	1.0	0.035952466499999995	1
430	Iter0431	5	11	0	0	0	0	0.5	1.0	0.0	0
431	Iter0432	2	2	1	1	0	0	1.0	1.0	0.0	0
432	Iter0433	10	6	2	2	0	0	1.6666666666666667	1.0	-0.00031692619	0
433	Iter0434	6	8	2	3	0	0	1.125	1.0	-6.917409899999999e-07	0
434	Iter0435	9	5	3	3	0	0	1.8	0.6424148606811155	-0.00020184975499999998	0
435	Iter0436	11	10	5	2	1	0	0.4400000000000001	0.6618357487922718	0.012465251196	1
436	Iter0437	6	8	4	3	0	0	0.5625	0.6594427244582052	-0.00112926	0
437	Iter0438	6	6	4	1	0	0	0.25	0.3382352941176461	-0.00027537770632000004	0
438	Iter0439	6	4	0	3	0	0	5.6	0.19230769230769307	-0.00043680456300000003	0
439	Iter0440	7	4	0	1	0	0	3.2	0.4166666666666672	-0.00018721626729610003	0
440	Iter0441	5	7	3	1	0	0	0.2380952380952381	0.5692307692307679	-0.000118335039	0
441	Iter0442	7	8	4	2	0	0	0.4375	0.6351172047766478	-0.00015275911	0
442	Iter0443	4	3	5	2	0	0	0.5333333333333333	1.0	-5.70358333e-05	0
443	Iter0444	6	0	2	1	0	0	4.666666666666667	0.33333333333333354	-0.00027385491602	0
444	Iter0445	4	5	8	3	0	0	0.30000000000000004	0.36184805906168094	-0.000311939	0
445	Iter0446	9	0	2	1	0	0	6.666666666666668	0.25000000000000083	-6.948636e-05	0
446	Iter0447	11	7	4	1	2	0	0.3928571428571429	0.6213854795090463	0.0279202308812	1
447	Iter0448	11	8	4	1	0	0	0.34375	0.6146245059288584	-0.00013112199	0
448	Iter0449	3	1	6	2	0	0	1.0	1.0	-3.35927e-05	0
449	Iter0450	3	4	7	1	0	0	0.10714285714285714	0.11888111888111852	-0.000136810995	0
450	Iter0451	11	3	1	1	0	0	3.6666666666666665	0.4499999999999997	-0.00016546328450000003	0
451	Iter0452	6	13	3	1	0	0	0.15384615384615385	0.2600790513833994	-0.00010863690237259999	0
452	Iter0453	8	6	4	4	1	0	1.3333333333333333	1.0	0.0048853451191	1
453	Iter0454	6	8	2	2	0	0	0.75	1.0	-0.0010792879999999999	0
454	Iter0455	9	7	5	2	1	0	0.5142857142857143	0.6570197873199671	0.027983841086	1
455	Iter0456	5	4	4	4	0	0	1.25	1.0	-0.0009842134299999999	0
456	Iter0457	7	5	2	2	1	0	1.4	1.0	0.061676316300000006	1
457	Iter0458	10	10	3	1	1	0	0.3333333333333333	0.5962732919254657	0.0213959554881	1
458	Iter0459	4	5	2	2	0	0	0.8	1.0	-0.00015209944000000003	0
459	Iter0460	5	7	4	3	2	0	0.5357142857142858	0.6499166468206719	0.02824127363	1
460	Iter0461	9	4	4	2	0	0	1.125	1.0	-0.00015671903978242558	0
461	Iter0462	5	7	3	6	1	0	1.4285714285714286	1.0	0.0123454724985985	1
462	Iter0463	8	5	4	3	1	0	1.2000000000000002	1.0	0.025426701155614278	1
463	Iter0464	5	5	4	3	0	0	0.75	1.0	-0.0005577650600000001	0
464	Iter0465	7	6	2	0	1	0	0.3809523809523809	0.4857142857142842	0.022058313405499998	1
465	Iter0466	6	4	2	1	1	0	0.75	1.0	0.0124170206822	1
466	Iter0467	12	8	2	3	0	0	2.25	0.6231884057971053	-0.0002800701035	0
467	Iter0468	6	4	0	0	0	0	1.4	1.0	-1.62156e-05	0
468	Iter0469	6	9	4	3	0	0	0.5	0.6517027863777072	-0.0011709124899999999	0
469	Iter0470	7	7	0	0	1	0	1.0	1.0	0.00364317040924898	1
470	Iter0471	4	6	6	0	0	0	0.1020408163265306	0.033841158841158736	-1.50231e-06	0
471	Iter0472	2	4	2	2	0	0	0.5	1.0	-0.000480874	0
472	Iter0473	2	10	4	0	0	0	0.054545454545454536	0.008241758241758209	0.0	0
473	Iter0474	3	5	4	2	0	0	0.3	0.5920745920745929	0.0	0
474	Iter0475	5	7	3	1	1	0	0.2380952380952381	0.5692307692307679	0.016907199072061	1
475	Iter0476	5	4	3	3	1	0	1.25	1.0	0.010728362907700002	1
476	Iter0477	7	5	1	1	2	0	1.4	1.0	0.0483758	1
477	Iter0478	5	4	2	1	0	0	0.625	1.0	-6.32184668913e-07	0
478	Iter0479	9	2	5	0	0	0	0.5555555555555556	1.0	-8.847387521e-05	0
479	Iter0480	8	4	3	1	0	0	0.6666666666666666	1.0	-0.000534783538659	0
480	Iter0481	4	12	0	5	0	0	2.307692307692308	0.5321637426900607	-0.00037938419	0
481	Iter0482	4	6	3	3	0	0	0.6666666666666666	1.0	-7.7340057e-05	0
482	Iter0483	2	4	4	2	0	0	0.25	0.5670995670995689	-2.26685e-08	0
483	Iter0484	5	8	3	4	1	0	0.8333333333333334	1.0	0.0355022	1
484	Iter0485	2	6	0	1	0	0	0.8571428571428571	1.0	-0.00021846649	0
485	Iter0486	11	5	2	1	1	0	1.1	1.0	0.04175614940600001	1
486	Iter0487	8	4	3	0	1	0	0.45	0.516483516483514	0.0044087378698000005	1
487	Iter0488	2	6	2	2	0	0	0.3333333333333333	0.5474747474747487	-0.000747316	0
488	Iter0489	11	4	3	4	0	0	3.6666666666666665	0.3426212590299271	-8.540444e-05	0
489	Iter0490	11	6	6	2	2	0	0.6111111111111109	1.0	0.026750981799999997	1
490	Iter0491	6	8	6	5	0	0	0.625	0.6950975905236245	-4.5883816999999996e-05	0
491	Iter0492	6	12	3	3	0	0	0.5	0.6349074266694411	-1.0284498e-06	0
492	Iter0493	10	11	1	0	0	0	0.4583333333333333	1.0	-7.81727061e-05	0
493	Iter0494	9	9	4	0	0	0	0.2	0.11496924128502994	-4.03892600801552e-05	0
494	Iter0495	5	6	2	0	1	0	0.2857142857142857	0.4615384615384627	0.0153505552883975	1
495	Iter0496	9	9	5	1	0	0	0.2	0.3408050759309347	-1.01889e-08	0
496	Iter0497	4	8	6	2	0	0	0.16666666666666666	0.16980233388902088	-3.22021e-10	0
497	Iter0498	7	4	0	1	0	0	3.2	0.4166666666666672	-0.000288050844122	0
498	Iter0499	5	7	2	1	0	0	0.35714285714285715	0.5692307692307671	-0.0007709764999999999	0
499	Iter0500	8	5	1	1	1	0	1.6	1.0	0.020347448113113002	1
500	Iter0501	12	4	0	1	0	0	5.2	0.29411764705882354	-3.0436064916999995e-08	0
501	Iter0502	2	7	3	2	0	0	0.19047619047619047	0.2657342657342649	-0.000256964	0
502	Iter0503	3	7	0	3	0	0	2.0	0.5279720279720301	-0.00030611792600000005	0
503	Iter0504	5	7	3	1	0	0	0.2380952380952381	0.5692307692307679	-6.50782e-05	0
504	Iter0505	5	7	2	1	0	0	0.35714285714285715	0.5692307692307671	-8.16163774e-05	0
505	Iter0506	8	5	2	0	2	0	0.5	0.5238095238095224	0.03647037379500001	1
506	Iter0507	5	3	4	2	0	0	0.8333333333333334	1.0	-2.52562e-08	0
507	Iter0508	9	10	0	1	2	0	1.818181818181818	1.0	0.021971443365636997	1
508	Iter0509	5	5	1	0	0	0	0.5	1.0	-0.0017902639999999997	0
509	Iter0510	7	4	3	4	0	0	2.333333333333333	0.6304675716440438	-0.0003273244771	0
510	Iter0511	8	11	5	1	1	0	0.14545454545454545	0.16024844720496914	0.024441278043299996	1
511	Iter0512	7	7	4	0	1	0	0.2	0.11928104575163435	0.0134871236	1
512	Iter0513	7	7	3	1	0	0	0.3333333333333333	0.5882352941176482	-0.00038686585000000004	0
513	Iter0514	6	4	3	4	0	0	2.0	0.6371863430686954	-0.00028578421	0
514	Iter0515	8	12	2	2	1	0	0.6666666666666666	1.0	0.0116213961567	1
515	Iter0516	6	4	3	3	0	0	1.5	1.0	-0.0004838527	0
516	Iter0517	7	2	2	1	0	0	1.75	1.0	-1.218364e-06	0
517	Iter0518	4	4	3	5	0	0	1.6666666666666667	1.0	-3.59697e-07	0
518	Iter0519	5	5	2	2	0	0	1.0	1.0	-8.98611e-06	0
519	Iter0520	6	4	7	4	0	0	0.8571428571428571	1.0	-0.0004454897	0
520	Iter0521	4	4	6	0	0	0	0.14285714285714285	0.08491508491508501	-0.000160413579739	0
521	Iter0522	10	6	2	0	0	0	0.5238095238095238	0.5294117647058828	-0.00035602851534	0
522	Iter0523	9	8	2	1	1	0	0.5625	1.0	0.016082108886	1
523	Iter0524	6	4	1	2	1	0	3.0	0.5594405594405605	0.00743830199792061	1
524	Iter0525	12	9	0	2	0	0	3.9	0.2173913043478244	-0.0014915081350999999	0
525	Iter0526	13	4	3	2	0	0	2.1666666666666665	0.5853269537480061	-6.74857830488863e-05	0
526	Iter0527	3	5	0	2	0	0	2.0	1.0	-9.815410000000002e-06	0
527	Iter0528	6	12	4	4	0	0	0.5	0.6644892864572542	-9.224578e-05	0
528	Iter0529	7	6	0	1	1	0	2.2857142857142856	1.0	0.0037183284886999996	1
529	Iter0530	4	1	4	2	0	0	2.0	1.0	-0.00018019487	0
530	Iter0531	10	10	4	3	0	0	0.75	1.0	-0.000767649519266	0
531	Iter0532	7	4	6	1	1	0	0.2916666666666667	0.5955882352941169	0.0011208650151	1
532	Iter0533	8	12	4	2	0	0	0.3333333333333333	0.3652173913043496	-0.00027498485289999996	0
533	Iter0534	5	2	3	0	0	0	0.5	1.0	-9.52193e-05	0
534	Iter0535	5	3	2	0	1	0	0.5	1.0	0.006108670351	1
535	Iter0536	9	6	2	1	1	0	0.75	1.0	0.0951488832	1
536	Iter0537	6	5	2	2	0	0	1.2	1.0	-1.71182023594e-05	0
537	Iter0538	12	2	2	1	1	0	3.0	0.4647058823529435	0.0183836711	1
538	Iter0539	6	3	1	4	0	0	8.0	0.2657342657342652	-0.00024243397167	0
539	Iter0540	6	6	2	1	1	0	0.5	1.0	0.0066227554	1
540	Iter0541	7	8	4	3	0	0	0.65625	1.0	-3.17760613244e-05	0
541	Iter0542	4	4	4	1	0	0	0.25	0.5648795648795664	-0.0005375126425	0
542	Iter0543	8	1	1	1	1	0	8.0	0.3454545454545447	0.014555463319699999	1
543	Iter0544	7	8	3	1	0	0	0.2916666666666667	0.582043343653251	-0.0003785109963116416	0
544	Iter0545	10	4	4	2	0	0	1.25	1.0	-0.0007668649652300001	0
545	Iter0546	8	3	8	2	0	0	0.6666666666666666	1.0	-2.586617e-06	0
546	Iter0547	6	4	8	2	1	0	0.375	0.6284829721362245	0.0506422043792	1
547	Iter0548	2	1	4	3	1	0	1.5	1.0	0.015078200000000003	1
548	Iter0549	4	6	4	2	0	0	0.3333333333333333	0.6083916083916083	0.0	0
549	Iter0550	7	4	2	1	1	0	0.875	1.0	0.012562807	1
550	Iter0551	9	6	6	1	1	0	0.25	0.35009147199549695	0.02165540114	1
551	Iter0552	5	5	4	2	0	0	0.5	0.6328671328671309	-6.179354e-06	0
552	Iter0553	8	7	5	1	1	0	0.22857142857142854	0.33591331269349894	0.035549432000000006	1
553	Iter0554	9	7	1	0	2	0	0.625	1.0	0.06708186299999999	1
554	Iter0555	5	6	7	2	0	0	0.2380952380952381	0.19680876399142636	-0.000967383	0
555	Iter0556	9	4	2	0	0	0	0.6666666666666666	1.0	-7.61869715e-07	0
556	Iter0557	6	5	6	2	0	0	0.4	0.6332460109549896	-3.82052e-08	0
557	Iter0558	8	8	4	2	0	0	0.5	0.6461742591773529	-0.000155404	0
558	Iter0559	5	4	7	2	0	0	0.35714285714285715	0.6199095022624448	-0.0005842712119999999	0
559	Iter0560	9	1	2	4	0	0	18.0	0.035714285714285664	-0.00046559480490541	0
560	Iter0561	10	8	1	2	2	0	2.5	0.5864661654135335	0.032833885529599996	1
561	Iter0562	8	7	1	3	1	0	3.4285714285714284	0.5820433436532519	0.00571864568	1
562	Iter0563	7	3	2	2	0	0	2.333333333333333	0.5804195804195791	-0.0001104744	0
563	Iter0564	9	7	4	1	2	0	0.32142857142857145	0.6064671482628156	0.03913771460700001	1
564	Iter0565	14	7	3	5	2	0	3.333333333333333	0.21804226092082388	0.0409855397893632	1
565	Iter0566	8	6	3	2	0	0	0.8888888888888888	1.0	-0.00058839004	0
566	Iter0567	9	10	4	2	1	1	0.45	0.644720496894412	0.02069336586934	1
567	Iter0568	7	7	7	1	0	1	0.14285714285714285	0.16732026143790876	-5.4004014000000005e-05	0
568	Iter0569	2	5	2	2	1	0	0.4	0.5757575757575761	0.007511999	1
569	Iter0570	7	6	4	2	0	0	0.5833333333333334	1.0	-5.34422e-05	0
570	Iter0571	7	4	1	0	0	0	0.8	1.0	-3.6886703300000003e-05	0
571	Iter0572	4	5	3	6	0	0	1.6	1.0	-1.81665e-05	0
572	Iter0573	6	6	3	0	0	0	0.25	0.22857142857142754	-0.00012357872	0
573	Iter0574	6	2	1	1	0	0	3.0	1.0	-0.000266996404	0
574	Iter0575	8	6	4	1	0	0	0.3333333333333333	0.6026831785345711	-0.0005500284000000001	0
575	Iter0576	6	4	1	4	0	0	6.0	0.2820512820512819	-0.00013440058957399999	0
576	Iter0577	3	5	3	3	0	0	0.6	1.0	-0.000160902	0
577	Iter0578	4	6	4	1	0	0	0.16666666666666666	0.2820512820512819	-2.0992800000000007e-05	0
578	Iter0579	4	4	3	2	1	0	0.6666666666666666	1.0	0.01098909	1
579	Iter0580	6	8	3	0	0	0	0.19444444444444445	0.20588235294117668	-0.000450423027395	0
580	Iter0581	3	3	4	4	0	0	1.0	1.0	-0.000119547	0
581	Iter0582	7	5	1	1	1	0	1.4	1.0	0.004509296023539999	1
582	Iter0583	9	4	4	2	5	0	1.125	1.0	0.08551134	1
583	Iter0584	9	8	4	2	1	0	0.5625	0.660019614253021	0.01119081659	1
584	Iter0585	10	0	2	4	0	0	18.333333333333336	0.008241758241758209	-0.0008113482720204956	0
585	Iter0586	3	10	2	1	0	0	0.15	0.21428571428571325	-1.95896e-05	0
586	Iter0587	8	6	3	0	3	0	0.32142857142857145	0.5147058823529405	0.04532701824	1
587	Iter0588	7	8	2	3	1	0	1.3125	1.0	0.01020796628	1
588	Iter0589	4	7	7	3	1	0	0.24489795918367346	0.19838056680161986	0.01682782685	1
589	Iter0590	8	9	7	3	0	0	0.3809523809523809	0.4244088482074804	-0.00046849721	0
590	Iter0591	6	3	4	4	0	0	2.0	0.6371863430686958	-0.00018946214151	0
591	Iter0592	9	9	1	1	0	0	1.0	1.0	-0.00027410380665119	0
592	Iter0593	10	7	2	1	1	0	0.7142857142857143	1.0	0.015650070732000004	1
593	Iter0594	10	6	4	1	1	0	0.4166666666666667	0.6243550051599609	0.019900495600000002	1
594	Iter0595	5	5	3	0	1	0	0.25	0.23076923076923125	0.02244021302	1
595	Iter0596	5	2	2	1	0	0	1.25	1.0	-5.439116000000001e-06	0
596	Iter0597	6	3	0	0	1	0	1.75	1.0	0.019224317999999997	1
597	Iter0598	3	1	6	1	0	0	0.5	1.0	-2.07256e-05	0
598	Iter0599	8	7	2	3	1	0	1.7142857142857142	1.0	0.015437465799999998	1
599	Iter0600	4	2	1	2	1	0	4.0	0.5238095238095238	0.00332153227920747	1
600	Iter0601	7	7	3	1	0	0	0.3333333333333333	0.5882352941176482	-1.62528e-06	0
601	Iter0602	10	11	1	3	0	0	2.7272727272727275	0.6043478260869586	-0.000391026268109	0
602	Iter0603	7	5	4	3	0	0	1.05	1.0	0.0	0
603	Iter0604	7	5	7	1	1	0	0.2	0.32456140350877233	0.023791500092510028	1
604	Iter0605	8	3	1	1	0	0	2.6666666666666665	1.0	-0.00029112325604979997	0
605	Iter0606	1	11	4	1	0	0	0.022727272727272728	0.009857789269553913	0.0	0
606	Iter0607	2	5	3	4	0	0	0.5333333333333333	1.0	0.0	0
607	Iter0608	4	3	1	2	1	0	2.6666666666666665	1.0	0.004241296642590001	1
608	Iter0609	4	3	1	1	0	0	1.3333333333333333	1.0	0.0	0
609	Iter0610	8	6	6	6	0	0	1.3333333333333333	1.0	-0.00021108426739999998	0
610	Iter0611	9	8	2	0	0	0	0.3703703703703704	0.4853801169590648	0.0	0
611	Iter0612	5	3	3	5	0	0	2.7777777777777786	0.6192696192696197	0.0	0
612	Iter0613	10	9	5	3	0	0	0.6666666666666666	0.6956521739130518	-0.0009820387	0
613	Iter0614	9	7	2	0	1	1	0.4166666666666667	0.496732026143794	0.007444680299999999	1
614	Iter0615	8	8	5	1	3	0	0.2	0.33303847854931445	0.034442722824449996	1
615	Iter0616	5	4	3	5	1	0	2.083333333333333	0.6371863430686958	0.02397989653704	1
616	Iter0617	9	5	0	1	0	0	3.333333333333333	0.3999999999999996	-8.049782569999999e-05	0
617	Iter0618	7	9	0	0	1	0	0.8	1.0	0.031647416744200005	1
618	Iter0619	9	3	4	0	1	0	0.5	0.5285714285714247	0.0142536224	1
619	Iter0620	4	2	2	4	0	0	4.0	0.5670995670995689	-7.1092e-08	0
620	Iter0621	6	11	2	3	1	0	0.8181818181818181	1.0	0.010789335604320001	1
621	Iter0622	11	5	3	0	0	0	0.5	0.53044375644995	-0.00016812260659999998	0
622	Iter0623	3	5	4	3	0	0	0.45	0.6192696192696191	0.0	0
623	Iter0624	6	6	8	2	0	0	0.25	0.20433436532507632	-0.00050386308	0
624	Iter0625	8	1	6	0	1	0	0.6428571428571429	1.0	0.01262882686	1
625	Iter0626	7	8	4	4	0	0	0.875	1.0	-0.00095714081	0
626	Iter0627	5	6	2	1	1	0	0.4166666666666667	1.0	0.0023934636449999998	1
627	Iter0628	6	4	7	1	1	0	0.21428571428571427	0.3137254901960787	0.0033684270354	1
628	Iter0629	5	7	2	1	0	0	0.35714285714285715	0.5692307692307671	-1.14057e-05	0
629	Iter0630	10	8	5	1	1	0	0.25	0.3509465363012286	0.012569185014	1
630	Iter0631	7	5	2	1	0	0	0.7	1.0	-0.0001342021	0
631	Iter0632	6	7	4	0	0	0	0.175	0.10294117647058773	-1.04325e-06	0
632	Iter0633	2	2	3	2	0	0	0.6666666666666666	1.0	0.0	0
633	Iter0634	3	7	7	4	0	0	0.24489795918367346	0.19838056680161945	-8.3859825e-11	0
634	Iter0635	4	7	3	1	0	0	0.19047619047619047	0.2820512820512819	-0.000257551	0
635	Iter0636	3	7	5	3	0	0	0.2571428571428571	0.3415604003839314	-0.0010650357000000002	0
636	Iter0637	4	3	3	4	0	0	1.7777777777777777	1.0	-1.851125e-05	0
637	Iter0638	4	2	3	0	0	0	0.4166666666666667	0.5000000000000007	-1.599526e-05	0
638	Iter0639	8	9	9	2	0	0	0.19753086419753085	0.11495768406523575	-0.00021662341095	0
639	Iter0640	5	10	6	1	0	0	0.08333333333333333	0.06346749226006199	-6.891838e-05	0
640	Iter0641	5	5	3	3	0	0	1.0	1.0	-0.000227691	0
641	Iter0642	6	2	6	0	1	1	0.33333333333333337	0.4725274725274709	0.0315967	1
642	Iter0643	4	5	8	2	0	0	0.2	0.16980233388902055	-3.72349e-10	0
643	Iter0644	3	5	3	1	0	0	0.2	0.5454545454545472	-3.17665e-05	0
644	Iter0645	9	7	0	2	2	0	3.75	0.4705882352941198	0.0144565198143	1
645	Iter0646	8	9	2	1	0	0	0.4444444444444444	1.0	-0.00028426378	0
646	Iter0647	16	4	1	0	1	0	1.7	1.0	0.007391140202900001	1
647	Iter0648	8	4	5	0	1	1	0.3	0.2605042016806711	0.00912308631	1
648	Iter0649	7	5	7	0	1	0	0.16666666666666666	0.10603715170278656	0.036089424346996586	1
649	Iter0650	5	10	4	1	1	0	0.125	0.12732198142414833	0.023449745696	1
650	Iter0651	7	7	2	0	2	0	0.3333333333333333	0.4749999999999993	0.050675969444000005	1
651	Iter0652	2	5	3	4	0	0	0.5333333333333333	1.0	0.0	0
652	Iter0653	6	4	5	3	2	0	0.8999999999999999	1.0	0.062297099999999994	1
653	Iter0654	6	4	3	1	0	0	0.5	1.0	-9.920491e-05	0
654	Iter0655	9	3	1	0	0	0	1.25	1.0	-0.0001212229720172843	0
655	Iter0656	5	6	3	2	0	0	0.5555555555555556	1.0	0.0	0
656	Iter0657	7	7	3	5	0	0	1.6666666666666667	0.6749226006191948	-0.00011779309670529999	0
657	Iter0658	5	3	8	3	0	0	0.6250000000000001	1.0	-0.00016364616	0
658	Iter0659	4	5	8	3	1	0	0.30000000000000004	0.36184805906168094	0.058074687800000004	1
659	Iter0660	3	7	2	3	0	0	0.6428571428571429	1.0	-1.1003299999999997e-05	0
660	Iter0661	9	2	4	0	1	0	0.6666666666666667	1.0	0.0245634172240142	1
661	Iter0662	3	1	3	0	0	0	0.5	1.0	-2.14802e-08	0
662	Iter0663	5	9	4	5	0	0	0.6944444444444444	1.0	-0.00012626100000000002	0
663	Iter0664	6	7	5	7	1	0	1.2	1.0	0.035166570779999996	1
664	Iter0665	6	7	1	2	0	0	1.7142857142857142	1.0	-3.13694e-07	0
665	Iter0666	8	5	3	0	0	0	0.375	0.5089285714285694	-0.000291113617115	0
666	Iter0667	10	5	2	2	2	0	2.0	0.6026831785345711	0.0776028209365629	1
667	Iter0668	7	6	8	6	0	0	0.8750000000000001	1.0	-6.44337e-08	0
668	Iter0669	7	7	1	1	1	0	1.0	1.0	0.023005199255521004	1
669	Iter0670	8	6	2	2	0	0	1.3333333333333333	1.0	-0.00032388471139401995	0
670	Iter0671	7	6	5	5	0	0	1.1666666666666667	1.0	-2.3847325e-05	0
671	Iter0672	6	7	1	1	1	0	0.8571428571428571	1.0	0.01698729635	1
672	Iter0673	6	9	1	0	0	0	0.35	0.4374999999999999	-5.1225707e-06	0
673	Iter0674	6	3	6	3	0	0	1.0	1.0	-0.0004068356388	0
674	Iter0675	15	5	1	1	1	0	3.0	0.4805194805194781	0.015771691	1
675	Iter0676	7	7	3	2	0	0	0.6666666666666666	1.0	-0.0011597915	0
676	Iter0677	8	5	6	2	1	0	0.5333333333333333	0.6556587547299639	0.03531231167999999	1
677	Iter0678	10	7	3	1	0	0	0.4761904761904762	1.0	-0.00038927165603	0
678	Iter0679	13	8	4	1	3	0	0.40625	0.6278504104591093	0.04146215512345	1
679	Iter0680	6	6	5	2	1	0	0.4	0.6332460109549873	0.04643474503	1
680	Iter0681	8	4	4	3	0	0	1.5	1.0	-0.00034924561399	0
681	Iter0682	10	3	4	0	0	0	0.55	0.5411764705882334	-0.00028995359	0
682	Iter0683	6	5	6	2	0	0	0.4	0.6332460109549896	-0.00055849747	0
683	Iter0684	5	4	4	3	0	0	0.9375	1.0	-5.626469999999998e-06	0
684	Iter0685	5	4	5	3	0	0	0.75	1.0	-0.0002949189	0
685	Iter0686	6	5	5	3	0	0	0.72	1.0	-0.000207654111	0
686	Iter0687	5	5	7	2	0	0	0.2857142857142857	0.3498452012383896	-3.064365195e-05	0
687	Iter0688	2	6	3	2	0	0	0.2222222222222222	0.2929292929292936	-2.22569e-05	0
688	Iter0689	6	9	3	5	0	0	1.1111111111111112	1.0	-0.000894158237	0
689	Iter0690	8	10	2	2	1	0	0.8	1.0	0.0095396774586	1
690	Iter0691	7	14	3	1	0	0	0.16666666666666666	0.2667984189723329	-0.00015832705	0
691	Iter0692	5	7	4	0	0	0	0.15	0.08846153846153812	-0.000315057	0
692	Iter0693	6	6	4	1	0	0	0.25	0.3382352941176461	-0.000246203124	0
693	Iter0694	4	7	3	0	0	0	0.15625	0.1923076923076922	0.0	0
694	Iter0695	6	11	2	1	0	1	0.2727272727272727	0.5368421052631582	-0.000266964	0
695	Iter0696	5	3	4	4	2	0	1.6666666666666667	1.0	0.03308715	1
696	Iter0697	4	6	2	1	0	0	0.3333333333333333	0.5594405594405605	-5.4039700000000004e-05	0
697	Iter0698	5	5	1	2	0	0	2.0	1.0	-9.972098279999999e-05	0
698	Iter0699	4	12	5	5	0	0	0.3333333333333333	0.2341169128354501	-3.4815400000000006e-08	0
699	Iter0700	3	5	6	3	0	0	0.3	0.3469354175236529	-0.00013561921	0
700	Iter0701	10	4	3	1	2	0	0.8333333333333334	1.0	0.0509371681	1
701	Iter0702	6	10	3	0	1	1	0.1590909090909091	0.0866873065015481	0.042635183666685	1
702	Iter0703	7	2	4	1	0	0	0.875	1.0	-0.000944030957	0
703	Iter0704	4	7	3	0	0	0	0.15625	0.1923076923076922	-3.1640874e-05	0
704	Iter0705	7	5	3	3	0	0	1.4	1.0	-0.0007321519	0
705	Iter0706	6	3	7	1	0	0	0.2857142857142857	0.5764705882352921	-0.0005861469382999999	0
706	Iter0707	7	7	2	1	2	0	0.5	1.0	0.053287091573	1
707	Iter0708	8	6	4	2	1	0	0.6666666666666666	1.0	0.0012516141	1
708	Iter0709	1	7	5	2	0	0	0.057142857142857134	0.04055944055944052	0.0	0
709	Iter0710	6	4	2	2	0	0	1.5	1.0	-6.695583e-06	0
710	Iter0711	9	5	1	1	0	0	1.8	1.0	-0.000164353618	0
711	Iter0712	8	8	1	3	2	0	3.0	0.5913312693498456	0.02383194817246	1
712	Iter0713	7	5	2	1	1	0	0.7	1.0	0.013568351575	1
713	Iter0714	6	7	3	2	0	0	0.5714285714285714	1.0	-7.959680000000001e-10	0
714	Iter0715	12	4	2	1	0	0	1.5	1.0	-0.0007614889799999999	0
715	Iter0716	7	7	2	2	0	0	1.0	1.0	-1.0782023385999997e-06	0
716	Iter0717	10	8	3	6	0	0	2.5	0.4197101449275391	-0.00016067802	0
717	Iter0718	6	7	1	1	1	0	0.8571428571428571	1.0	0.014644683287100004	1
718	Iter0719	10	6	7	2	1	0	0.4761904761904762	0.6607613896401121	0.017372781971	1
719	Iter0720	6	10	2	3	1	0	0.9	1.0	0.011532212542	1
720	Iter0721	4	7	2	2	0	0	0.5714285714285714	1.0	-3.0857960000000006e-05	0
721	Iter0722	6	5	4	4	1	0	1.2	1.0	0.0074207313357	1
722	Iter0723	6	1	6	2	1	0	2.0	1.0	0.00817497999126326	1
723	Iter0724	4	7	4	1	0	0	0.14285714285714285	0.2820512820512817	-2.98041e-05	0
724	Iter0725	14	8	1	1	2	0	1.75	1.0	0.042757604575000004	1
725	Iter0726	8	7	5	3	1	0	0.6857142857142856	1.0	0.009241869416480001	1
726	Iter0727	7	4	3	2	0	0	1.1666666666666667	1.0	-0.0002276321	0
727	Iter0728	4	6	1	1	0	0	0.6666666666666666	1.0	-8.435105000000001e-05	0
728	Iter0729	3	6	5	1	0	0	0.1	0.1188811188811186	-0.0011875359999999999	0
729	Iter0730	6	8	0	0	0	0	0.7777777777777778	1.0	-1.13384e-05	0
730	Iter0731	6	9	3	4	0	0	0.8888888888888888	1.0	-9.069697e-05	0
731	Iter0732	4	2	2	2	0	0	2.0	1.0	-8.459306099e-05	0
732	Iter0733	8	8	1	2	0	0	2.0	1.0	-0.00018247969999999998	0
733	Iter0734	7	7	2	2	1	0	1.0	1.0	0.028200383096000002	1
734	Iter0735	3	6	2	1	1	0	0.25	0.5227272727272734	0.040972508106	1
735	Iter0736	11	1	5	2	1	0	4.4	0.5232198142414874	0.01514314511	1
736	Iter0737	3	4	5	2	0	0	0.3	0.5920745920745918	-6.920819999999999e-07	0
737	Iter0738	8	7	7	5	0	1	0.8163265306122449	1.0	-0.000329141582	0
738	Iter0739	8	3	9	3	0	0	0.8888888888888888	1.0	-0.0001573645427	0
739	Iter0740	5	5	2	0	0	0	0.3333333333333333	0.4696969696969707	-0.001899979213	0
740	Iter0741	6	8	1	4	0	0	3.0	0.6026831785345711	-1.6488662e-05	0
741	Iter0742	6	9	3	0	0	0	0.175	0.20588235294117666	-1.69425e-08	0
742	Iter0743	12	9	3	2	0	0	0.8888888888888888	1.0	-2.5584106999999997e-05	0
743	Iter0744	5	6	7	3	0	0	0.35714285714285715	0.3869969040247684	-0.0012372061640999999	0
744	Iter0745	5	5	3	1	0	0	0.3333333333333333	0.5804195804195801	-5.68376383228e-06	0
745	Iter0746	6	8	2	0	0	0	0.25925925925925924	0.4666666666666657	-0.000131348742777	0
746	Iter0747	6	5	5	4	1	0	0.96	1.0	0.03825378922	1
747	Iter0748	11	10	5	1	2	0	0.22000000000000006	0.34968413229283196	0.030936153579999997	1
748	Iter0749	5	7	0	2	1	0	2.25	0.5054945054945036	0.0082643542	1
749	Iter0750	4	8	6	1	0	0	0.08333333333333333	0.05727554179566556	-0.001674626373466	0
750	Iter0751	5	5	1	1	0	0	1.0	1.0	-1.326224e-05	0
751	Iter0752	4	3	6	2	0	0	0.4444444444444444	0.6083916083916068	-3.07387e-05	0
752	Iter0753	9	6	2	0	1	0	0.4761904761904762	0.5147058823529396	0.02804865270526	1
753	Iter0754	7	11	5	2	0	0	0.2545454545454545	0.201556064073226	-3.3299270000000006e-05	0
754	Iter0755	13	2	5	2	4	0	2.6	0.564593301435409	0.06772546258412	1
755	Iter0756	3	8	3	2	0	0	0.25	0.2994505494505498	-1.35932856696e-05	0
756	Iter0757	5	4	5	2	0	0	0.5	0.632867132867131	-0.00046597501000000005	0
757	Iter0758	7	3	6	3	1	0	1.1666666666666667	1.0	0.04143981821	1
758	Iter0759	8	2	4	0	2	0	0.6	1.0	0.028560208899999995	1
759	Iter0760	6	9	8	1	0	0	0.08333333333333333	0.033339859763335436	-8.91648e-06	0
760	Iter0761	5	6	3	2	0	1	0.5555555555555556	1.0	-0.0005404152	0
761	Iter0762	3	3	3	0	0	0	0.25	0.4642857142857149	-5.87441e-05	0
762	Iter0763	8	9	3	0	0	0	0.225	0.21842105263157985	-0.00152103048	0
763	Iter0764	6	3	8	1	0	0	0.25	0.5764705882352948	-0.00021054364	0
764	Iter0765	4	6	3	2	0	0	0.4444444444444444	0.6083916083916072	0.0	0
765	Iter0766	7	4	1	2	1	0	3.5	0.5384615384615372	0.0115135804	1
766	Iter0767	6	8	2	1	0	0	0.375	0.5764705882352932	-1.6911823549e-05	0
767	Iter0768	8	5	1	0	0	0	0.75	1.0	-5.41405e-05	0
768	Iter0769	7	8	1	1	0	0	0.875	1.0	-0.00032198705999999996	0
769	Iter0770	3	5	4	2	0	0	0.3	0.5920745920745929	-0.000266608	0
770	Iter0771	14	4	2	0	1	0	1.0	1.0	0.008961068084700001	1
771	Iter0772	7	7	2	0	0	0	0.3333333333333333	0.4749999999999993	0.0	0
772	Iter0773	5	4	4	4	0	0	1.25	1.0	-5.430897e-05	0
773	Iter0774	8	10	5	2	2	0	0.32	0.3782608695652168	0.0251899999816379	1
774	Iter0775	7	5	4	1	0	0	0.35	0.6000323206205536	-0.00040215655999999996	0
775	Iter0776	3	3	3	3	1	0	1.0	1.0	0.018916408000000003	1
776	Iter0777	6	4	8	1	1	0	0.1875	0.30340557275541835	0.027775	1
777	Iter0778	3	5	2	2	0	0	0.6	1.0	-7.339190000000002e-07	0
778	Iter0779	5	5	5	6	0	0	1.2	1.0	-0.000103113177	0
779	Iter0780	4	5	4	2	1	0	0.4	0.6083916083916074	0.016778099974715598	1
780	Iter0781	5	6	4	0	0	0	0.17142857142857146	0.10329670329670301	-3.589550435163e-06	0
781	Iter0782	9	3	2	2	0	0	3.0	0.5467032967032941	0.0	0
782	Iter0783	10	8	1	1	2	0	1.25	1.0	0.016098807333	1
783	Iter0784	8	5	9	2	1	0	0.3555555555555556	0.38644164759725536	0.015747064489690002	1
784	Iter0785	4	3	7	3	0	0	0.5714285714285714	0.6436651583710411	-0.000218051	0
785	Iter0786	10	3	6	2	2	1	1.1111111111111112	1.0	0.08577941825799999	1
786	Iter0787	7	5	3	4	0	0	1.8666666666666665	0.6499166468206714	-0.00020828616	0
787	Iter0788	5	9	4	3	1	0	0.4166666666666667	0.3972136222910222	0.0031020101999999997	1
788	Iter0789	6	5	1	4	1	0	4.8	0.3076923076923075	0.05415481675000001	1
789	Iter0790	7	7	2	3	1	0	1.5	1.0	0.001567840567	1
790	Iter0791	6	3	5	1	1	0	0.4	0.6043956043956029	0.0411688878806	1
791	Iter0792	6	5	2	1	0	0	0.6	1.0	-0.00015889706551	0
792	Iter0793	8	4	3	1	1	0	0.6666666666666666	1.0	0.0062725128636161994	1
793	Iter0794	4	5	3	3	0	0	0.8	1.0	-0.000108872	0
794	Iter0795	5	3	5	1	1	0	0.33333333333333337	0.5804195804195811	0.0110525	1
795	Iter0796	5	0	5	3	0	0	4.0	0.2307692307692313	-9.66277e-06	0
796	Iter0797	9	5	2	2	0	0	1.8	1.0	-0.00018847672889999998	0
797	Iter0798	7	6	2	0	1	0	0.3809523809523809	0.4857142857142842	0.03972585944	1
798	Iter0799	5	4	1	2	1	0	2.5	1.0	0.00711036301	1
799	Iter0800	9	7	6	5	1	0	1.0714285714285716	1.0	0.0105448044	1
800	Iter0801	10	5	0	2	2	0	5.5	0.15441176470588236	0.0155673689	1
801	Iter0802	7	6	2	2	0	0	1.1666666666666667	1.0	-0.0005130641	0
802	Iter0803	3	5	2	1	0	0	0.3	0.5454545454545453	-0.0005341927899999999	0
803	Iter0804	6	8	1	0	0	0	0.3888888888888889	0.4666666666666665	-5.358643424999999e-07	0
804	Iter0805	7	8	1	1	1	0	0.875	1.0	0.005709273766999999	1
805	Iter0806	7	9	3	1	1	0	0.25925925925925924	0.5820433436532529	0.06198447929	1
806	Iter0807	3	5	3	1	0	0	0.2	0.5454545454545472	-3.61928e-05	0
807	Iter0808	3	6	3	3	0	0	0.5	0.6223776223776207	0.0	0
808	Iter0809	6	9	5	2	0	0	0.26666666666666666	0.3614551083591333	-0.000118647	0
809	Iter0810	4	2	6	0	0	0	0.2380952380952381	0.4545454545454549	-1.5949313121e-06	0
810	Iter0811	11	1	8	5	1	0	6.875	0.1602484472049686	0.0411073885734	1
811	Iter0812	9	5	1	0	1	0	0.8333333333333334	1.0	0.0053181393482000005	1
812	Iter0813	9	9	2	1	0	0	0.5	1.0	-2.34752e-07	0
813	Iter0814	5	6	1	3	0	0	2.5000000000000004	0.6043956043956045	-8.717466e-05	0
814	Iter0815	4	5	5	0	0	0	0.1388888888888889	0.08591408591408553	-0.000200577	0
815	Iter0816	7	4	1	2	0	0	3.5	0.5384615384615372	-6.497386100000001e-06	0
816	Iter0817	7	7	4	1	2	0	0.25	0.3378052975576197	0.04354468231453	1
817	Iter0818	11	6	1	3	0	0	5.5	0.27218045112782085	-9.783532630000001e-05	0
818	Iter0819	11	5	2	1	0	0	1.1	1.0	-0.0001519379628882364	0
819	Iter0820	2	4	3	1	0	0	0.16666666666666666	0.5238095238095236	0.0	0
820	Iter0821	4	6	2	1	1	0	0.3333333333333333	0.5594405594405605	0.000851716	1
821	Iter0822	5	2	2	3	0	0	3.75	0.5580808080808088	-2.7412834000000003e-05	0
822	Iter0823	5	8	3	0	0	0	0.16666666666666666	0.1999999999999998	-0.00024927288991	0
823	Iter0824	4	8	3	5	0	0	0.8333333333333334	1.0	-0.001769585	0
824	Iter0825	5	7	1	1	1	0	0.7142857142857143	1.0	0.009995762437	1
825	Iter0826	11	10	5	3	1	0	0.66	0.6968182575379042	0.038644792080000004	1
826	Iter0827	7	7	4	2	1	0	0.5	0.6424148606811164	0.016881517193	1
827	Iter0828	5	4	3	1	0	0	0.4166666666666667	1.0	-0.000265893124	0
828	Iter0829	8	10	3	2	1	0	0.5333333333333333	0.6404053612291556	0.00341703213	1
829	Iter0830	8	4	2	4	1	0	4.0	0.3212669683257923	0.022446161000000003	1
830	Iter0831	8	2	3	0	2	0	0.75	1.0	0.0450562629614	1
831	Iter0832	8	5	3	3	0	0	1.6	1.0	-0.000724743	0
832	Iter0833	4	7	2	1	0	0	0.2857142857142857	0.5384615384615372	-1.49521e-05	0
833	Iter0834	7	7	4	1	1	0	0.25	0.3378052975576197	0.021544001658629998	1
834	Iter0835	8	6	7	0	2	0	0.16071428571428573	0.06088751289989695	0.020177365000000003	1
835	Iter0836	9	4	0	3	1	0	8.0	0.062499999999999875	0.018406925243700002	1
836	Iter0837	7	2	3	1	0	0	1.1666666666666667	1.0	-5.480973e-05	0
837	Iter0838	5	3	2	1	1	0	0.8333333333333334	1.0	0.03818782097	1
838	Iter0839	5	3	1	0	1	0	0.75	1.0	0.0156821922	1
839	Iter0840	8	6	1	0	0	0	0.6428571428571429	1.0	-7.269734027e-06	0
840	Iter0841	4	5	1	1	0	0	0.8	1.0	-5.984119999999999e-06	0
841	Iter0842	9	4	4	2	0	0	1.125	1.0	-0.0001406226	0
842	Iter0843	9	8	1	1	0	0	1.125	1.0	-0.000274991121	0
843	Iter0844	5	8	5	0	1	0	0.1111111111111111	0.035947712418300595	0.027090592790409998	1
844	Iter0845	4	7	0	0	0	0	0.625	1.0	-1.82708e-05	0
845	Iter0846	6	4	2	1	1	0	0.75	1.0	0.013207015900709999	1
846	Iter0847	6	6	4	4	0	0	1.0	1.0	-3.9494634e-06	0
847	Iter0848	4	4	1	2	0	0	2.0	1.0	-1.51224e-05	0
848	Iter0849	6	8	2	1	1	1	0.375	0.5764705882352932	0.0266794	1
849	Iter0850	5	6	0	4	1	0	4.285714285714286	0.2307692307692304	0.010817410000000001	1
850	Iter0851	5	4	5	2	1	1	0.5	0.632867132867131	0.0175571803	1
851	Iter0852	8	6	2	0	1	0	0.4285714285714286	0.4999999999999972	0.015909407956	1
852	Iter0853	4	7	3	1	0	0	0.19047619047619047	0.2820512820512819	-6.90261e-05	0
853	Iter0854	4	4	5	3	0	0	0.6	1.0	0.0	0
854	Iter0855	7	6	4	2	2	0	0.5833333333333334	1.0	0.02853347126	1
855	Iter0856	1	1	3	3	0	0	1.0	1.0	-1.59897e-09	0
856	Iter0857	7	6	5	3	1	0	0.7000000000000001	1.0	0.011434444557546001	1
857	Iter0858	5	7	1	2	1	0	1.4285714285714286	1.0	0.0228156	1
858	Iter0859	7	11	4	1	0	0	0.1590909090909091	0.15495259888852422	-8.5914166e-05	0
859	Iter0860	5	9	2	0	0	0	0.2	0.1749999999999998	-4.59521461127e-06	0
860	Iter0861	6	7	5	3	0	0	0.5142857142857142	0.6594427244582042	-3.0164636e-05	0
861	Iter0862	6	1	4	2	1	0	3.0	0.5594405594405601	0.005459218	1
862	Iter0863	2	9	1	1	0	0	0.2222222222222222	0.4230769230769252	0.0	0
863	Iter0864	7	7	5	4	0	0	0.8	1.0	-0.000183448589101	0
864	Iter0865	11	3	5	0	1	0	0.5	0.5304437564499487	0.0317245927515464	1
865	Iter0866	4	6	1	2	2	0	1.3333333333333333	1.0	0.07383891707000001	1
866	Iter0867	7	2	1	1	1	0	3.5	0.4909090909090902	0.02172206191	1
867	Iter0868	4	6	2	1	0	0	0.3333333333333333	0.5594405594405605	-0.0001098215961	0
868	Iter0869	5	5	6	2	0	0	0.3333333333333333	0.3665158371040734	-0.00011239474062074	0
869	Iter0870	6	6	2	2	0	0	1.0	1.0	-3.1086612e-06	0
870	Iter0871	7	3	3	1	2	0	0.7777777777777778	1.0	0.032133417520000006	1
871	Iter0872	11	5	1	3	1	0	6.6000000000000005	0.2553147574819402	0.009636775598418369	1
872	Iter0873	6	9	3	4	0	0	0.8888888888888888	1.0	-0.000260119458	0
873	Iter0874	12	2	7	0	1	0	0.5416666666666666	0.5333333333333385	0.0069374489893546006	1
874	Iter0875	7	2	7	3	0	0	1.5	1.0	-0.0003965317	0
875	Iter0876	4	6	4	4	1	0	0.6666666666666666	1.0	0.020154199999996777	1
876	Iter0877	8	5	7	4	1	0	0.9142857142857144	1.0	0.020635469330280005	1
877	Iter0878	5	9	2	2	1	0	0.5555555555555556	1.0	0.012406207	1
878	Iter0879	5	4	3	2	0	0	0.8333333333333334	1.0	-4.77165966e-05	0
879	Iter0880	1	11	0	3	0	0	0.6666666666666666	1.0	0.0	0
880	Iter0881	5	11	6	2	0	0	0.15151515151515152	0.08246960111275657	0.0	0
881	Iter0882	5	6	2	1	1	0	0.4166666666666667	1.0	0.01356359625	1
882	Iter0883	6	7	1	4	1	0	3.4285714285714284	0.5955882352941189	0.038494464998911196	1
883	Iter0884	4	7	3	0	0	0	0.15625	0.1923076923076922	-0.00020002373	0
884	Iter0885	6	7	5	4	1	0	0.6857142857142857	1.0	0.009947790000000001	1
885	Iter0886	5	5	11	0	1	0	0.08333333333333333	0.012383900928792609	0.021880004396999997	1
886	Iter0887	6	4	2	2	2	0	1.5	1.0	0.0204776307	1
887	Iter0888	9	6	2	2	1	1	1.5	1.0	0.0145641074678	1
888	Iter0889	10	4	6	2	1	0	0.8333333333333334	1.0	0.06051469660390999	1
889	Iter0890	9	9	4	1	0	0	0.25	0.3393562958780329	-0.00037266088999363004	0
890	Iter0891	7	5	1	2	0	0	2.8	0.5692307692307671	-0.001282865	0
891	Iter0892	8	6	6	1	0	0	0.2222222222222222	0.33714310285517896	-2.40676376e-06	0
892	Iter0893	9	6	3	4	1	0	2.0	0.6517027863777056	0.015179692317	1
893	Iter0894	7	6	3	1	1	0	0.3888888888888889	0.6029411764705872	0.0138230454234	1
894	Iter0895	9	5	2	0	0	0	0.5555555555555556	1.0	-0.0001013849	0
895	Iter0896	5	6	5	1	0	0	0.16666666666666669	0.30429864253393724	-3.66298e-06	0
896	Iter0897	13	6	2	1	2	0	1.0833333333333333	1.0	0.04104642156165	1
897	Iter0898	3	10	14	3	0	0	0.06428571428571428	0.0024059315371554057	-0.0002364801	0
898	Iter0899	8	8	4	3	0	0	0.75	1.0	-8.58084e-05	0
899	Iter0900	8	4	2	1	2	0	1.0	1.0	0.0280076386	1
900	Iter0901	6	7	5	1	0	0	0.17142857142857146	0.1769865841073273	-6.90775e-05	0
901	Iter0902	1	2	10	2	0	0	0.1	0.1538461538461539	0.0	0
902	Iter0903	12	5	4	0	0	0	0.4333333333333333	0.5321637426900605	-1.0406805830000001e-05	0
903	Iter0904	5	6	1	5	0	0	4.166666666666667	0.33338720103426045	-6.70692e-05	0
904	Iter0905	9	5	5	5	1	0	1.8	0.6784560506124679	0.021837526301913	1
905	Iter0906	7	5	4	2	2	0	0.7	1.0	0.0181398574	1
906	Iter0907	6	5	2	2	0	0	1.2	1.0	-1.6666440469999996e-06	0
907	Iter0908	5	8	3	1	0	0	0.20833333333333331	0.2941176470588229	-0.000203475852161	0
908	Iter0909	2	5	3	1	1	0	0.13333333333333333	0.2424242424242426	0.0152021	1
909	Iter0910	10	4	7	1	0	0	0.35714285714285715	0.6129718234981392	-0.000768793698	0
910	Iter0911	7	6	0	0	1	0	1.1428571428571428	1.0	0.011670105371709	1
911	Iter0912	10	8	4	0	1	0	0.2444444444444445	0.25358851674641114	0.0034265193599423817	1
912	Iter0913	6	4	5	2	0	0	0.6	1.0	-0.001159195	0
913	Iter0914	10	6	3	3	3	0	1.6666666666666667	0.6550199026979204	0.10459516190000001	1
914	Iter0915	6	6	5	0	1	0	0.16666666666666666	0.10229476405946963	0.0089103976	1
915	Iter0916	9	6	3	2	0	0	1.0	1.0	-4.4661861800000006e-05	0
916	Iter0917	2	7	4	2	0	0	0.14285714285714285	0.13566433566433522	-7.28347e-07	0
917	Iter0918	8	6	2	1	0	0	0.6666666666666666	1.0	-5.695470000000001e-05	0
918	Iter0919	4	7	0	0	1	0	0.625	1.0	0.0263517312	1
919	Iter0920	5	8	6	0	1	0	0.09523809523809523	0.018059855521155757	0.016596958303000002	1
920	Iter0921	8	7	5	3	0	1	0.6857142857142856	1.0	-0.001106363978	0
921	Iter0922	8	4	4	1	1	0	0.5	1.0	0.035651000499999995	1
922	Iter0923	11	6	2	2	0	0	1.8333333333333333	0.6177109440267335	-0.00097854253	0
923	Iter0924	7	7	2	2	0	0	1.0	1.0	-5.437944e-07	0
924	Iter0925	6	3	3	5	0	0	3.333333333333333	0.34693541752365226	-6.08511e-05	0
925	Iter0926	7	6	0	1	0	0	2.2857142857142856	1.0	-6.69577e-05	0
926	Iter0927	5	8	1	1	1	0	0.625	1.0	0.01481536294987473	1
927	Iter0928	5	7	2	2	1	0	0.7142857142857143	1.0	0.0165086924	1
928	Iter0929	6	2	4	2	0	0	1.5	1.0	-3.40696e-05	0
929	Iter0930	10	5	3	1	1	0	0.6666666666666666	1.0	0.0225633920403	1
930	Iter0931	9	2	0	1	2	0	6.666666666666668	0.25000000000000083	0.026853647203939998	1
931	Iter0932	8	6	2	2	1	0	1.3333333333333333	1.0	0.011997568399999999	1
932	Iter0933	6	9	1	2	0	0	1.3333333333333333	1.0	-5.510619399999999e-07	0
933	Iter0934	8	4	1	2	0	0	4.0	0.5252747252747227	-0.00127298077	0
934	Iter0935	9	8	3	2	0	0	0.75	1.0	-1.309632e-06	0
935	Iter0936	5	6	1	2	0	0	1.6666666666666667	1.0	-1.1483829033e-05	0
936	Iter0937	8	5	5	2	0	0	0.64	1.0	-0.00069865118	0
937	Iter0938	8	1	2	1	0	1	4.0	0.4545454545454555	-0.0008342845999999999	0
938	Iter0939	5	5	5	5	1	0	1.0	1.0	0.0055600303	1
939	Iter0940	4	7	2	3	0	0	0.8571428571428571	1.0	-0.000797084462	0
940	Iter0941	5	4	2	1	2	0	0.625	1.0	0.0421735145073	1
941	Iter0942	10	8	4	0	0	0	0.2444444444444445	0.25358851674641114	-0.0003202564661	0
942	Iter0943	9	7	2	3	2	0	1.9285714285714288	0.6351172047766491	0.01284501287131	1
943	Iter0944	10	6	5	3	1	0	1.0	1.0	0.0063797283	1
944	Iter0945	8	8	7	1	2	0	0.14285714285714285	0.17818377611082026	0.0362357989	1
945	Iter0946	6	6	6	3	0	0	0.5	0.6604905929983331	-4.0887017077e-05	0
946	Iter0947	7	2	2	3	3	0	5.25	0.26573426573426473	0.07777411275870001	1
947	Iter0948	4	6	3	2	2	0	0.4444444444444444	0.6083916083916072	0.0519793019	1
948	Iter0949	6	3	4	6	0	0	3.0	0.3698499642772095	0.0	0
949	Iter0950	8	10	3	0	0	0	0.20454545454545456	0.21428571428571425	-0.00061645815	0
950	Iter0951	6	6	1	2	1	0	2.0	1.0	0.01668542707	1
951	Iter0952	4	7	5	0	1	1	0.10416666666666667	0.0336538461538461	0.0015809780000000002	1
952	Iter0953	6	2	2	3	1	0	4.5	0.2929292929292933	0.0228820552361929	1
953	Iter0954	6	7	1	1	0	0	0.8571428571428571	1.0	-0.000125387	0
954	Iter0955	7	8	0	3	1	0	3.555555555555556	0.2450980392156868	0.08552097559999601	1
955	Iter0956	4	4	9	4	0	0	0.4444444444444444	0.6458204334365318	0.0	0
956	Iter0957	5	1	8	2	0	0	1.25	1.0	-4.441130000000002e-06	0
957	Iter0958	4	5	0	3	0	0	3.333333333333333	0.4909090909090914	-3.92086233e-05	0
958	Iter0959	5	8	3	1	0	0	0.20833333333333331	0.2941176470588229	-1.64331e-06	0
959	Iter0960	10	4	4	2	0	0	1.25	1.0	-0.0004607230479	0
960	Iter0961	11	5	4	3	0	0	1.65	0.6570197873199641	-0.0010096304360001334	0
961	Iter0962	10	5	4	1	1	0	0.5	1.0	0.016223132320000003	1
962	Iter0963	10	5	4	1	0	0	0.5	1.0	-0.00079164630179	0
963	Iter0964	5	6	2	0	0	0	0.2857142857142857	0.4615384615384627	-0.000130557220089	0
964	Iter0965	3	3	5	2	0	0	0.4	0.5920745920745938	-0.0001022521	0
965	Iter0966	7	9	2	2	1	0	0.7777777777777778	1.0	0.014568493980230003	1
966	Iter0967	9	6	3	0	1	0	0.35714285714285715	0.5147058823529399	0.015259817726619999	1
967	Iter0968	1	2	6	3	0	0	0.25	0.5227272727272733	-0.000112248	0
968	Iter0969	5	6	2	1	0	0	0.4166666666666667	1.0	-0.00031860878876692	0
969	Iter0970	3	5	2	1	0	0	0.3	0.5454545454545453	-1.79367e-07	0
970	Iter0971	5	2	3	2	1	0	1.6666666666666667	1.0	0.037194029674	1
971	Iter0972	6	6	4	0	0	0	0.2	0.23351648351648305	-1.26923e-05	0
972	Iter0973	9	11	4	1	2	0	0.20454545454545456	0.3217391304347825	0.0631930962889318	1
973	Iter0974	7	5	2	0	1	0	0.4444444444444444	0.5054945054945031	0.018174726743	1
974	Iter0975	7	4	2	2	1	0	1.75	1.0	0.027658236472520005	1
975	Iter0976	5	8	0	0	1	0	0.6666666666666666	1.0	0.03785035235127001	1
976	Iter0977	10	3	3	2	2	0	2.2222222222222223	0.5827497665732948	0.0099750910097	1
977	Iter0978	7	7	3	3	2	0	1.0	1.0	0.06545408900000001	1
978	Iter0979	9	7	2	3	1	0	1.9285714285714288	0.6351172047766491	0.00257241458481	1
979	Iter0980	9	6	1	1	0	0	1.5	1.0	-4.09715e-05	0
980	Iter0981	4	2	2	1	0	0	1.0	1.0	-0.000481094	0
981	Iter0982	4	4	2	1	0	0	0.5	1.0	-0.00044539099999999995	0
982	Iter0983	5	4	5	0	0	0	0.2	0.22077922077922	-0.000128112	0
983	Iter0984	2	4	6	5	1	0	0.4166666666666667	0.6199095022624437	0.0204342	1
984	Iter0985	8	7	9	3	0	0	0.3809523809523809	0.4244088482074789	0.0	0
985	Iter0986	10	7	4	1	0	0	0.35714285714285715	0.6129718234981392	-0.00077970431291	0
986	Iter0987	1	6	4	2	0	0	0.08333333333333333	0.10256410256410277	0.0	0
987	Iter0988	10	5	3	0	1	0	0.4583333333333333	0.5220588235294115	0.024560936853	1
988	Iter0989	8	6	5	1	1	0	0.26666666666666666	0.35436016511867924	0.0076700322725	1
989	Iter0990	7	10	1	1	1	0	0.7	1.0	0.0219868849	1
990	Iter0991	1	9	3	2	0	0	0.07407407407407407	0.0769230769230767	-1.32536e-05	0
991	Iter0992	6	4	4	4	0	0	1.5	1.0	-0.0001411596584	0
992	Iter0993	7	10	2	1	2	0	0.35	0.5657894736842113	0.0473834075994	1
993	Iter0994	6	9	3	2	0	0	0.4444444444444444	0.6168730650154812	-0.000647599247	0
994	Iter0995	5	9	5	4	0	0	0.4444444444444445	0.417283618252792	-0.0007213004	0
995	Iter0996	10	9	6	1	0	0	0.1851851851851852	0.1903922164791738	-6.06919864052e-06	0
996	Iter0997	9	1	1	4	1	0	36.0	0.016983016983016942	0.009842044610000001	1
997	Iter0998	6	6	4	3	0	0	0.75	1.0	-0.0006075690000000001	0
998	Iter0999	8	6	5	0	1	0	0.2142857142857143	0.12796697626418954	0.0190726915564	1
999	Iter1000	5	2	5	1	1	0	0.5	1.0	0.031833148	1
