	IterId	dN	dS	pN	pS	bdN	bpN	MkScore	FSPVal	SelCoef	PosSel
0	Iter0001	6	4	8	7	0	0	1.3125	1.0	-0.0005498829	0
1	Iter0002	4	13	4	4	0	0	0.3076923076923077	0.3592159582090958	-1.0452232800000001e-06	0
2	Iter0003	8	7	6	0	1	0	0.16071428571428573	0.060887512899896974	0.014589527000000003	1
3	Iter0004	6	7	5	3	0	0	0.5142857142857142	0.6594427244582042	-0.000240491539	0
4	Iter0005	7	5	5	4	0	0	1.12	1.0	-0.00031995585600780004	0
5	Iter0006	7	4	4	2	1	0	0.875	1.0	0.006413639586900099	1
6	Iter0007	8	5	2	2	1	0	1.6	1.0	0.016574115089	1
7	Iter0008	4	5	8	4	0	0	0.4	0.3964277208859251	-0.000333946	0
8	Iter0009	7	5	6	3	0	0	0.7	1.0	-2.45216e-05	0
9	Iter0010	7	9	6	0	1	0	0.1142857142857143	0.046077761248039965	0.0031852479249999998	1
10	Iter0011	12	4	1	0	1	0	1.3	1.0	0.0050094903126	1
11	Iter0012	10	4	13	3	0	0	0.576923076923077	0.6745849297573534	-0.000400352353	0
12	Iter0013	13	4	5	3	0	0	1.95	0.6395589764926178	-0.001037988593351778	0
13	Iter0014	7	2	5	3	2	0	2.1	0.6199095022624409	0.02867633544	1
14	Iter0015	6	3	11	8	1	0	1.4545454545454546	1.0	0.013909458695000002	1
15	Iter0016	7	8	3	3	1	0	0.875	1.0	0.014388980033100001	1
16	Iter0017	8	2	7	2	0	0	1.1428571428571428	1.0	-0.00023674001387891997	0
17	Iter0018	7	8	1	4	1	0	3.5	0.6026831785345708	0.026117634855650895	1
18	Iter0019	3	4	4	4	0	0	0.75	1.0	-2.78067e-05	0
19	Iter0020	7	4	3	3	2	0	1.75	0.6436651583710422	0.03416687421	1
20	Iter0021	9	3	4	1	0	0	0.75	1.0	-3.4096783490000004e-05	0
21	Iter0022	7	6	9	4	0	0	0.5185185185185186	0.6881679903082525	-0.001213031576481	0
22	Iter0023	2	2	3	5	0	0	1.6666666666666667	1.0	-0.000280731	0
23	Iter0024	2	9	9	1	1	0	0.02469135802469136	0.0019052155275065528	0.00194972	1
24	Iter0025	6	3	4	3	0	0	1.5	1.0	-0.000527096	0
25	Iter0026	11	5	2	1	1	0	1.1	1.0	0.002453890015	1
26	Iter0027	7	6	3	0	0	0	0.2857142857142857	0.2499999999999989	-6.81054443e-05	0
27	Iter0028	9	4	6	2	1	0	0.75	1.0	0.015007127712900001	1
28	Iter0029	2	4	9	5	0	0	0.2777777777777778	0.33591331269350033	-0.000129818	0
29	Iter0030	3	7	3	2	0	0	0.2857142857142857	0.3286713286713279	-9.11582e-07	0
30	Iter0031	4	9	5	4	1	0	0.3555555555555555	0.3842105263157859	0.026647858000000003	1
31	Iter0032	6	2	1	7	0	0	21.0	0.04055944055944047	-8.60237e-05	0
32	Iter0033	7	4	10	4	0	0	0.7	1.0	-2.35899000408553e-07	0
33	Iter0034	14	6	6	3	1	0	1.1666666666666667	1.0	0.02966200342000001	1
34	Iter0035	11	8	1	0	2	0	0.6666666666666666	1.0	0.024565339319000002	1
35	Iter0036	10	9	3	1	0	0	0.3703703703703704	0.6036137775268167	-0.000987981	0
36	Iter0037	10	8	4	3	1	0	0.9375	1.0	0.01311156726014	1
37	Iter0038	2	6	7	1	1	0	0.047619047619047616	0.04055944055944047	0.0172468	1
38	Iter0039	8	7	6	2	0	0	0.3809523809523809	0.3997846278099353	-3.506150868374e-05	0
39	Iter0040	4	5	4	1	0	0	0.2	0.3006993006992999	-2.2490100000000007e-05	0
40	Iter0041	10	6	5	3	1	0	1.0	1.0	0.019857338899999997	1
41	Iter0042	5	2	5	3	2	0	1.5	1.0	0.06899205061000001	1
42	Iter0043	6	5	6	4	1	0	0.7999999999999999	1.0	0.025655373630999997	1
43	Iter0044	5	5	3	0	0	0	0.25	0.23076923076923125	-2.83558e-10	0
44	Iter0045	7	3	6	2	0	0	0.7777777777777778	1.0	-0.0006276195	0
45	Iter0046	0	3	8	6	0	0	0.1944444444444444	0.2058823529411764	0.0	0
46	Iter0047	5	9	5	2	0	0	0.22222222222222224	0.18266253869969068	0.0	0
47	Iter0048	5	4	4	7	1	0	2.1875	0.6534174803524644	0.029082006009999998	1
48	Iter0049	6	7	3	3	2	0	0.8571428571428571	1.0	0.020517512	1
49	Iter0050	7	3	12	5	1	0	0.9722222222222224	1.0	0.0033720106	1
50	Iter0051	5	5	8	2	0	0	0.25	0.3498452012383904	-5.5390299624e-09	0
51	Iter0052	5	8	9	2	1	0	0.1388888888888889	0.04717997038632398	0.0213201746	1
52	Iter0053	4	6	5	1	1	0	0.13333333333333333	0.14510489510489474	0.059497129255	1
53	Iter0054	9	5	3	3	1	0	1.8	0.6424148606811155	0.0095054703870923	1
54	Iter0055	4	5	5	4	2	0	0.64	1.0	0.0563009	1
55	Iter0056	7	5	4	1	1	0	0.35	0.6000323206205536	0.0218508799918696	1
56	Iter0057	7	6	11	4	0	0	0.42424242424242425	0.4327993897787921	-3.1197e-05	0
57	Iter0058	3	5	5	2	1	0	0.24	0.3146853146853145	0.0100663	1
58	Iter0059	4	4	10	1	2	0	0.1	0.11076711386308936	0.03070650268	1
59	Iter0060	9	11	6	2	0	0	0.2727272727272728	0.2212560386473426	-0.00072361782	0
60	Iter0061	8	5	3	2	1	0	1.0666666666666669	1.0	0.03756511500000001	1
61	Iter0062	3	3	7	5	0	0	0.7142857142857143	1.0	-7.03304e-05	0
62	Iter0063	10	5	3	3	1	0	2.0	0.63106295149639	0.030464006723152002	1
63	Iter0064	9	6	7	1	1	0	0.21428571428571427	0.3452195939744735	0.0177756218486	1
64	Iter0065	6	10	1	1	1	0	0.6	1.0	0.0138068	1
65	Iter0066	10	7	5	3	1	0	0.8571428571428571	1.0	0.0069378038000000005	1
66	Iter0067	5	8	8	3	0	0	0.234375	0.1228006076572504	-5.783170000000001e-07	0
67	Iter0068	9	6	3	3	1	0	1.5	1.0	0.01645384775297	1
68	Iter0069	9	4	4	1	1	0	0.5625	1.0	0.02378501702	1
69	Iter0070	9	3	5	0	0	0	0.4166666666666667	0.5147058823529412	-6.880851009367361e-05	0
70	Iter0071	5	7	4	1	0	0	0.17857142857142858	0.29411764705882265	-0.0008400961899999999	0
71	Iter0072	6	7	4	3	1	0	0.6428571428571429	1.0	0.005181651329	1
72	Iter0073	4	6	6	1	0	0	0.1111111111111111	0.13399835458658976	-3.8088994563e-05	0
73	Iter0074	6	10	4	0	2	0	0.12727272727272726	0.0866873065015481	0.02319992906141	1
74	Iter0075	7	3	0	2	1	0	6.0	0.15151515151515202	0.0099979451566	1
75	Iter0076	2	6	7	3	0	0	0.14285714285714285	0.15343480049362418	-0.00024397	0
76	Iter0077	9	4	5	0	1	0	0.3333333333333333	0.2777777777777785	0.037607991509	1
77	Iter0078	8	6	3	2	0	0	0.8888888888888888	1.0	-0.0007633060549999999	0
78	Iter0079	6	7	2	2	1	0	0.8571428571428571	1.0	0.02967580268810001	1
79	Iter0080	14	5	3	1	1	0	0.9333333333333332	1.0	0.009966881098	1
80	Iter0081	6	10	2	1	1	0	0.3	0.5459236326109398	0.004813041686657	1
81	Iter0082	5	5	0	4	0	0	5.0	0.2207792207792202	-2.9841099999999998e-05	0
82	Iter0083	6	3	8	2	1	0	0.5	0.6284829721362238	0.0139581538	1
83	Iter0084	9	3	6	2	1	0	1.0	1.0	0.015586185095000003	1
84	Iter0085	8	9	2	3	0	0	1.3333333333333333	1.0	-6.072943546e-08	0
85	Iter0086	3	3	4	2	0	0	0.5	1.0	-6.069119999999998e-06	0
86	Iter0087	7	5	3	1	3	0	0.4666666666666666	1.0	0.05882501467	1
87	Iter0088	10	8	6	3	1	0	0.625	0.6924485125858182	0.0040178826592999995	1
88	Iter0089	7	6	11	2	0	0	0.21212121212121213	0.2015560640732252	-0.00098441875	0
89	Iter0090	5	4	5	1	0	0	0.25	0.5804195804195798	-0.0015982042923600001	0
90	Iter0091	3	8	6	2	0	0	0.125	0.06977851869492736	-6.2452934e-07	0
91	Iter0092	9	5	3	1	0	0	0.6	1.0	-3.904555e-05	0
92	Iter0093	7	7	5	4	2	0	0.8	1.0	0.034605952	1
93	Iter0094	9	6	6	0	0	0	0.20408163265306126	0.12293601651186804	-9.930815e-06	0
94	Iter0095	6	7	2	4	0	0	1.7142857142857142	1.0	-5.258927623e-05	0
95	Iter0096	2	7	6	5	0	0	0.2380952380952381	0.1968087639914267	-1.73184e-07	0
96	Iter0097	2	6	5	5	1	0	0.3333333333333333	0.3665158371040742	0.010809	1
97	Iter0098	9	4	8	5	0	0	1.40625	1.0	-0.00083060350531774	0
98	Iter0099	4	6	6	2	0	1	0.2222222222222222	0.18798848210612984	-8.075389999999999e-08	0
99	Iter0100	6	2	5	7	1	0	4.2	0.19680876399142705	0.041512351967	1
100	Iter0101	7	6	7	2	0	0	0.33333333333333337	0.38018575851393066	-0.0001863344	0
101	Iter0102	8	5	2	2	0	0	1.6	1.0	-0.000298377714163018	0
102	Iter0103	8	4	5	1	2	0	0.4	0.6148459383753487	0.031987939833	1
103	Iter0104	6	8	7	0	0	1	0.09722222222222222	0.017956656346749204	-4.2734000001127754e-05	0
104	Iter0105	6	9	9	4	2	0	0.2962962962962963	0.15128438102929934	0.03077824418416	1
105	Iter0106	6	13	7	1	1	0	0.06593406593406594	0.012753623188405895	0.013125132782999998	1
106	Iter0107	7	6	8	2	0	0	0.2916666666666667	0.37878583927850296	-2.1035962e-05	0
107	Iter0108	5	6	3	5	0	0	1.3888888888888893	1.0	-0.0002255233029	0
108	Iter0109	6	6	5	3	0	0	0.6	0.6699214098594914	-0.000485013756	0
109	Iter0110	7	9	4	4	0	0	0.7777777777777778	1.0	-0.00025807749500000003	0
110	Iter0111	8	8	6	5	0	0	0.8333333333333334	1.0	-0.00022877838807174	0
111	Iter0112	7	2	1	1	1	0	3.5	0.4909090909090902	0.00765345	1
112	Iter0113	5	7	8	2	1	0	0.17857142857142858	0.0990712074303402	0.027997188540999998	1
113	Iter0114	1	11	5	2	0	1	0.03636363636363636	0.009545923632610928	-0.000141647	0
114	Iter0115	6	4	3	1	1	0	0.5	1.0	0.022340204000000002	1
115	Iter0116	4	6	3	6	1	0	1.3333333333333333	1.0	0.013765331662999999	1
116	Iter0117	1	5	6	2	0	0	0.06666666666666668	0.10256410256410263	-2.01204e-11	0
117	Iter0118	5	6	6	2	0	0	0.2777777777777778	0.3520679526871482	-0.00012857	0
118	Iter0119	2	10	3	1	0	0	0.06666666666666668	0.06318681318681292	-0.0003261758032	0
119	Iter0120	6	3	5	3	1	0	1.2	1.0	0.025213628170000002	1
120	Iter0121	7	9	8	0	0	1	0.08888888888888889	0.009495955652908221	-0.0006289831900000001	0
121	Iter0122	4	10	9	4	0	0	0.17777777777777778	0.05698264558811113	-5.57429e-06	0
122	Iter0123	6	3	3	2	1	0	1.3333333333333333	1.0	0.024347491823	1
123	Iter0124	6	3	8	5	1	0	1.25	1.0	0.009944322785299999	1
124	Iter0125	7	7	2	2	0	0	1.0	1.0	-0.0001836767	0
125	Iter0126	7	6	7	2	0	0	0.33333333333333337	0.38018575851393066	-0.00050355508	0
126	Iter0127	7	8	5	4	0	0	0.7	1.0	-5.17991e-07	0
127	Iter0128	4	6	3	7	0	0	1.5555555555555556	1.0	-1.2255e-05	0
128	Iter0129	9	4	8	1	0	0	0.28125	0.36021872863978005	-0.00091628049	0
129	Iter0130	6	3	5	0	2	0	0.2916666666666667	0.25824175824175777	0.043427554	1
130	Iter0131	8	9	7	2	3	0	0.25396825396825395	0.21670480549199214	0.04029942207	1
131	Iter0132	6	1	1	3	0	0	18.0	0.08787878787878785	-0.00017301162499999998	0
132	Iter0133	7	6	5	4	1	0	0.9333333333333332	1.0	0.030014899992533182	1
133	Iter0134	8	5	8	3	1	0	0.6000000000000001	0.6791851752142513	0.01041506753977889	1
134	Iter0135	2	4	4	1	0	0	0.125	0.2424242424242421	-3.79025e-05	0
135	Iter0136	9	2	6	2	0	0	1.5	1.0	-0.00022418124049	0
136	Iter0137	5	6	3	3	0	0	0.8333333333333334	1.0	-6.905934078000001e-06	0
137	Iter0138	8	4	6	2	0	0	0.6666666666666666	1.0	-2.6872825226e-05	0
138	Iter0139	9	6	1	1	0	0	1.5	1.0	-0.00042566322	0
139	Iter0140	10	8	7	2	2	0	0.35714285714285715	0.4058664447680504	0.033255231634958596	1
140	Iter0141	6	4	2	3	1	0	2.25	0.6083916083916072	0.024416615300000003	1
141	Iter0142	5	7	11	4	1	0	0.25974025974025977	0.13024633194238913	0.008551095	1
142	Iter0143	6	8	8	2	0	0	0.1875	0.10405168932561604	-4.1031330000000003e-05	0
143	Iter0144	6	8	4	0	1	0	0.15555555555555556	0.0915032679738564	0.0172678635	1
144	Iter0145	4	7	5	4	2	0	0.4571428571428571	0.6534174803524644	0.0426971271	1
145	Iter0146	7	4	3	2	2	0	1.1666666666666667	1.0	0.031342816942	1
146	Iter0147	7	9	2	1	0	0	0.3888888888888889	0.582043343653252	-9.1205922e-05	0
147	Iter0148	9	9	6	3	2	0	0.5	0.6828375286041257	0.03173260631409	1
148	Iter0149	5	5	7	4	0	0	0.5714285714285714	0.6699214098594904	-6.41331e-05	0
149	Iter0150	8	9	5	0	0	0	0.15	0.05365686944634301	-0.0001192513100821967	0
150	Iter0151	3	8	7	3	0	0	0.1607142857142857	0.08610893750212661	-2.36805e-06	0
151	Iter0152	12	10	8	2	1	0	0.3	0.2478982593070756	0.0117182455756	1
152	Iter0153	6	4	5	1	0	0	0.3	0.5879120879120863	-4.3305e-05	0
153	Iter0154	8	8	5	2	1	0	0.4	0.4050343249427904	0.00445655608	1
154	Iter0155	4	4	3	0	0	0	0.25	0.2363636363636365	-2.13526e-15	0
155	Iter0156	10	9	6	5	1	0	0.9259259259259259	1.0	0.003361441328	1
156	Iter0157	3	8	5	2	2	0	0.15	0.14479638009049814	0.0597304	1
157	Iter0158	6	8	3	6	0	0	1.5	1.0	-0.0018120344	0
158	Iter0159	3	11	6	2	0	0	0.0909090909090909	0.026006191950464358	-2.75589e-06	0
159	Iter0160	6	4	7	4	0	0	0.8571428571428571	1.0	-5.98073e-08	0
160	Iter0161	9	10	4	0	0	0	0.18181818181818185	0.10446075663466907	-3.94027e-06	0
161	Iter0162	8	8	3	2	0	0	0.6666666666666666	1.0	-1.6090598e-05	0
162	Iter0163	4	7	4	4	1	0	0.5714285714285714	0.6576962768913258	0.0320776705999	1
163	Iter0164	10	3	4	2	2	0	1.6666666666666667	1.0	0.04950668624	1
164	Iter0165	8	9	4	1	0	0	0.2222222222222222	0.3233082706766893	-3.5087329000000005e-05	0
165	Iter0166	7	11	7	5	0	0	0.4545454545454546	0.4571724663983826	-0.0002480529918	0
166	Iter0167	6	9	7	2	0	0	0.19047619047619047	0.10492663884775866	-1.88498e-07	0
167	Iter0168	6	4	9	6	0	0	1.0	1.0	-5.8297857400000005e-05	0
168	Iter0169	6	7	4	3	0	0	0.6428571428571429	1.0	-4.9382e-05	0
169	Iter0170	5	9	7	4	0	0	0.3174603174603175	0.2377439763090597	-7.2991059e-05	0
170	Iter0171	8	2	8	1	0	0	0.5	1.0	-0.000457892102	0
171	Iter0172	7	6	1	2	0	0	2.333333333333333	1.0	-5.61925e-07	0
172	Iter0173	3	9	4	3	0	0	0.25	0.32608954512979216	-1.00573e-05	0
173	Iter0174	5	9	7	3	0	0	0.2380952380952381	0.21375689864046335	-7.589479999999999e-05	0
174	Iter0175	6	11	13	3	1	0	0.1258741258741259	0.013359986673329938	0.014931267824999999	1
175	Iter0176	6	3	2	1	1	0	1.0	1.0	0.0334545163	1
176	Iter0177	1	8	4	2	0	0	0.0625	0.08891108891108881	-6.28211e-07	0
177	Iter0178	2	3	5	0	0	0	0.125	0.16666666666666646	0.0	0
178	Iter0179	4	8	9	1	0	0	0.05555555555555555	0.011499336576735887	-0.00015446860000019409	0
179	Iter0180	6	7	5	4	2	0	0.6857142857142857	1.0	0.0235255646872839	1
180	Iter0181	12	8	2	1	1	0	0.75	1.0	0.011844902015999902	1
181	Iter0182	11	9	8	4	0	0	0.6111111111111112	0.7127926820000201	-0.000112256	0
182	Iter0183	6	2	3	4	0	0	4.0	0.3146853146853137	-0.00044927214	0
183	Iter0184	6	9	5	3	0	0	0.4	0.4003230582850992	-0.00020444750031440998	0
184	Iter0185	0	5	5	7	0	0	0.2222222222222222	0.2445054945054934	0.0	0
185	Iter0186	10	5	2	2	1	0	2.0	0.6026831785345711	0.0123453292617	1
186	Iter0187	5	5	5	4	1	0	0.8	1.0	0.0031450466	1
187	Iter0188	10	2	9	5	0	0	2.7777777777777777	0.39130434782608814	-0.00065233234	0
188	Iter0189	1	7	8	1	0	0	0.017857142857142856	0.003373097490744541	0.0	0
189	Iter0190	7	7	0	3	0	0	4.0	0.2279411764705884	-0.00021351870296	0
190	Iter0191	5	9	10	3	1	0	0.16666666666666666	0.05423789653161089	0.006943499845743	1
191	Iter0192	4	7	5	1	1	0	0.11428571428571427	0.13122171945701336	0.00577756	1
192	Iter0193	6	9	2	1	0	0	0.3333333333333333	0.5588235294117672	-7.1184875935e-06	0
193	Iter0194	4	7	6	3	0	0	0.2857142857142857	0.3698499642772088	-6.83896e-05	0
194	Iter0195	8	7	1	2	2	0	2.2857142857142856	1.0	0.056424866398400005	1
195	Iter0196	6	3	3	1	0	0	0.6666666666666666	1.0	-0.00035955868	0
196	Iter0197	10	7	12	6	1	0	0.7142857142857143	0.7332224210475523	0.02352039768653	1
197	Iter0198	5	5	7	1	1	0	0.14285714285714285	0.15158371040723964	0.017334640999999998	1
198	Iter0199	9	6	7	1	1	0	0.21428571428571427	0.3452195939744735	0.01543956918	1
199	Iter0200	9	7	3	4	3	0	1.7142857142857144	0.6668461434917219	0.055097191499999996	1
200	Iter0201	7	6	4	0	0	0	0.22857142857142854	0.23739495798319205	-9.232667899999998e-05	0
201	Iter0202	3	3	7	3	0	0	0.42857142857142855	0.6066433566433559	0.0	0
202	Iter0203	3	8	6	5	2	0	0.3125	0.3869969040247675	0.0404425	1
203	Iter0204	7	4	3	5	1	0	2.916666666666667	0.3698499642772106	0.006308401549999999	1
204	Iter0205	10	5	8	1	2	0	0.25	0.35094653630122746	0.04720220961127	1
205	Iter0206	5	6	5	2	0	0	0.33333333333333337	0.36651583710407337	-6.025173e-05	0
206	Iter0207	3	3	5	3	0	0	0.6	1.0	-0.00010032507	0
207	Iter0208	8	5	4	2	0	0	0.8	1.0	-0.00016273100999999998	0
208	Iter0209	4	1	2	4	1	0	8.0	0.2424242424242419	0.0268415499	1
209	Iter0210	6	4	2	5	1	0	3.75	0.3348416289592764	0.027075300899999998	1
210	Iter0211	3	3	3	2	0	0	0.6666666666666666	1.0	-0.00013250173	0
211	Iter0212	4	4	8	2	0	0	0.25	0.3212669683257927	0.0	0
212	Iter0213	8	4	3	3	1	0	2.0	0.6266968325791863	0.00772838638	1
213	Iter0214	10	3	6	3	2	0	1.6666666666666667	0.6550199026979191	0.016750981170000002	1
214	Iter0215	4	5	1	4	0	0	3.2	0.5804195804195783	-6.804801964700001e-06	0
215	Iter0216	7	3	3	1	0	0	0.7777777777777778	1.0	-6.627910000000001e-10	0
216	Iter0217	4	7	3	3	0	0	0.5714285714285714	0.6436651583710422	0.0	0
217	Iter0218	7	4	4	4	0	0	1.75	0.6576962768913246	-0.0005850936	0
218	Iter0219	8	8	6	1	0	0	0.16666666666666666	0.1759566318726375	-0.00026130960000000003	0
219	Iter0220	7	4	4	0	1	0	0.32	0.5164835164835158	0.013442224973425001	1
220	Iter0221	7	10	5	3	1	0	0.4199999999999999	0.41098398169336425	0.0105419999840394	1
221	Iter0222	8	6	8	1	0	0	0.16666666666666666	0.17595663187263624	-0.000459358268272	0
222	Iter0223	9	4	7	1	0	0	0.32142857142857145	0.6064671482628156	-0.0007748282791	0
223	Iter0224	7	4	3	1	0	0	0.5833333333333334	1.0	-0.00016560400000000002	0
224	Iter0225	3	5	3	3	0	0	0.6	1.0	-3.43246e-06	0
225	Iter0226	10	5	3	3	1	0	2.0	0.63106295149639	0.017815436734000004	1
226	Iter0227	5	1	9	2	0	0	1.1111111111111112	1.0	-4.23866e-08	0
227	Iter0228	9	6	10	4	1	0	0.6	0.6998500749625285	0.053866277275	1
228	Iter0229	6	6	7	2	1	0	0.2857142857142857	0.36656346749225854	0.027696320000000003	1
229	Iter0230	4	5	5	1	0	0	0.16	0.2867132867132856	-0.0014879329300000002	0
230	Iter0231	6	3	10	2	1	0	0.4	0.6107916850950903	0.014747797400000004	1
231	Iter0232	7	7	4	3	0	0	0.75	1.0	-0.00031485800965	0
232	Iter0233	12	4	5	3	0	0	1.7999999999999998	0.6466264475417844	-0.0009021596294000001	0
233	Iter0234	7	5	5	1	0	0	0.28	0.6000323206205556	-4.673e-05	0
234	Iter0235	11	4	11	3	1	1	0.75	1.0	0.01626593882	1
235	Iter0236	2	5	8	4	1	0	0.2	0.1698023338890211	0.016643383999999997	1
236	Iter0237	4	3	5	2	0	0	0.5333333333333333	1.0	-0.0009625063	0
237	Iter0238	7	6	5	1	2	0	0.2333333333333333	0.33307533539731554	0.019152415779	1
238	Iter0239	6	7	2	2	0	0	0.8571428571428571	1.0	-0.000869235636	0
239	Iter0240	3	7	7	7	0	0	0.42857142857142855	0.42122089110243904	-0.000448821	0
240	Iter0241	8	5	6	4	0	0	1.0666666666666669	1.0	-0.0005898135359999999	0
241	Iter0242	6	6	8	3	0	0	0.375	0.4003230582850995	-4.3413434e-05	0
242	Iter0243	6	5	8	5	0	0	0.7499999999999999	1.0	-8.87053e-06	0
243	Iter0244	8	5	3	0	0	0	0.375	0.5089285714285694	-6.04053692e-06	0
244	Iter0245	6	5	3	4	1	0	1.6	1.0	0.0058925592696	1
245	Iter0246	9	7	5	3	1	0	0.7714285714285715	1.0	0.012437587995000002	1
246	Iter0247	4	8	5	1	0	0	0.1	0.13122171945701352	-4.90996e-08	0
247	Iter0248	10	4	6	0	2	0	0.31428571428571433	0.26749226006192195	0.02336055478	1
248	Iter0249	5	5	2	1	0	1	0.5	1.0	-0.000379964	0
249	Iter0250	8	5	6	3	0	0	0.8	1.0	-0.00040355830289999994	0
250	Iter0251	7	5	3	3	0	0	1.4	1.0	-0.00022510955499999998	0
251	Iter0252	5	6	2	0	0	0	0.2857142857142857	0.4615384615384627	-0.00019613773999999998	0
252	Iter0253	6	5	5	1	1	0	0.24	0.3333872010342601	0.00753634095	1
253	Iter0254	6	4	2	6	1	0	4.5	0.18798848210612995	0.030383984532000002	1
254	Iter0255	5	10	8	4	0	1	0.25	0.12834612105711968	-1.7762e-05	0
255	Iter0256	5	5	3	0	1	0	0.25	0.23076923076923125	0.01623888234493	1
256	Iter0257	5	3	6	2	1	0	0.5555555555555556	1.0	0.05410613919	1
257	Iter0258	4	8	15	5	0	0	0.16666666666666666	0.029959329091214792	-0.00013262200000000002	0
258	Iter0259	5	3	3	2	1	0	1.1111111111111112	1.0	0.0352134143	1
259	Iter0260	5	9	7	2	0	0	0.15873015873015875	0.08937945887737238	-0.000110262	0
260	Iter0261	6	4	7	1	1	0	0.21428571428571427	0.3137254901960787	0.016605644499	1
261	Iter0262	5	6	5	1	0	0	0.16666666666666669	0.30429864253393724	-0.00038460327	0
262	Iter0263	5	3	9	0	1	0	0.15	0.08235294117647059	0.0401958057	1
263	Iter0264	7	5	5	8	0	0	2.24	0.4337526681152997	-1.2079879898e-06	0
264	Iter0265	5	7	7	2	0	0	0.20408163265306126	0.1842343415098833	-3.2862e-06	0
265	Iter0266	7	5	4	6	1	0	2.1	0.6699214098594888	0.02772507452	1
266	Iter0267	3	4	5	2	1	0	0.3	0.5920745920745918	0.0091877997	1
267	Iter0268	10	4	4	2	0	0	1.25	1.0	-0.00033658	0
268	Iter0269	8	4	5	1	0	0	0.4	0.6148459383753487	0.0	0
269	Iter0270	7	2	5	4	2	0	2.8	0.6199095022624448	0.07475061614	1
270	Iter0271	4	10	4	2	0	0	0.2	0.16109391124871045	-0.000611889	0
271	Iter0272	9	12	6	2	0	0	0.25	0.21475928702315827	-0.000226889	0
272	Iter0273	3	2	11	4	0	0	0.5454545454545454	0.6126160990712108	-2.9555e-05	0
273	Iter0274	7	5	4	2	0	0	0.7	1.0	-0.0007097816575301	0
274	Iter0275	8	10	7	3	1	0	0.3428571428571429	0.2543096872616314	0.027166901506999998	1
275	Iter0276	6	8	3	2	0	0	0.5	0.6284829721362224	-0.001251912	0
276	Iter0277	8	4	4	3	1	0	1.5	1.0	0.012436068131999998	1
277	Iter0278	6	4	6	0	0	0	0.2	0.23351648351648266	-0.00034146229999999994	0
278	Iter0279	5	3	6	5	0	0	1.3888888888888893	1.0	0.0	0
279	Iter0280	8	11	3	0	0	0	0.1875	0.21428571428571408	-0.0001003540616	0
280	Iter0281	4	4	2	3	0	0	1.5	1.0	-0.000162128	0
281	Iter0282	7	5	6	5	0	0	1.1666666666666667	1.0	0.0	0
282	Iter0283	6	6	6	4	1	0	0.6666666666666666	0.6913550845439331	0.015939165680000002	1
283	Iter0284	10	10	2	4	2	0	2.0	0.6521739130434809	0.047168838920000004	1
284	Iter0285	6	5	6	3	2	0	0.6	0.669921409859489	0.025536518913	1
285	Iter0286	6	2	9	3	1	0	1.0	1.0	0.0150656935	1
286	Iter0287	9	6	5	0	1	0	0.2380952380952381	0.26044891640866896	0.03493396988289316	1
287	Iter0288	8	5	5	3	0	0	0.96	1.0	-8.182308410000001e-06	0
288	Iter0289	8	7	3	4	1	0	1.5238095238095235	1.0	0.026107586500000002	1
289	Iter0290	5	8	3	1	0	0	0.20833333333333331	0.2941176470588229	-1.05924e-05	0
290	Iter0291	12	9	1	2	0	0	2.6666666666666665	0.5760869565217397	-1.9604854603599998e-05	0
291	Iter0292	4	10	5	5	0	0	0.4	0.4028469511374366	-0.000412238511	0
292	Iter0293	1	10	6	1	1	0	0.016666666666666666	0.002450980392156877	0.00907986	1
293	Iter0294	9	8	1	1	1	0	1.125	1.0	0.04497790407999275	1
294	Iter0295	7	4	4	5	0	0	2.1875	0.6534174803524648	-1.01294e-05	0
295	Iter0296	14	7	5	2	2	0	0.8	1.0	0.009526213479999998	1
296	Iter0297	4	7	2	2	0	0	0.5714285714285714	1.0	-1.3903e-07	0
297	Iter0298	5	2	11	3	0	0	0.6818181818181819	1.0	-8.793368879999999e-05	0
298	Iter0299	6	3	3	5	0	0	3.333333333333333	0.34693541752365226	-4.120903e-05	0
299	Iter0300	7	2	5	6	1	0	4.2	0.19680876399142636	0.014307723234	1
300	Iter0301	6	6	11	3	0	0	0.2727272727272728	0.21766590389016066	-1.40498e-05	0
301	Iter0302	12	4	2	0	1	0	0.8666666666666667	1.0	0.03733291828429999	1
302	Iter0303	9	7	2	2	1	0	1.2857142857142858	1.0	0.0223556599	1
303	Iter0304	6	9	4	1	1	0	0.16666666666666666	0.3034055727554185	0.0476858339026	1
304	Iter0305	4	7	3	2	0	0	0.3809523809523809	0.5961538461538446	-0.001523856	0
305	Iter0306	4	4	3	3	0	0	1.0	1.0	-1.1133109999999997e-05	0
306	Iter0307	4	7	8	2	0	0	0.14285714285714285	0.08049535603715191	-0.0004251267	0
307	Iter0308	4	2	7	4	1	0	1.1428571428571428	1.0	0.029176199999961037	1
308	Iter0309	2	2	6	0	0	0	0.14285714285714285	0.13333333333333328	-5.05983e-05	0
309	Iter0310	12	3	5	0	2	0	0.5416666666666666	0.5394736842105284	0.07273848931043	1
310	Iter0311	7	9	5	2	0	0	0.3111111111111111	0.3707093821510306	-2.2283133384e-05	0
311	Iter0312	9	6	10	4	1	0	0.6	0.6998500749625285	0.024468142683999997	1
312	Iter0313	4	5	7	0	0	0	0.10416666666666667	0.03365384615384602	-0.00036630074	0
313	Iter0314	10	5	4	1	0	0	0.5	1.0	-0.00093040531	0
314	Iter0315	7	8	6	4	1	0	0.5833333333333334	0.6881679903082514	0.007780218735	1
315	Iter0316	5	6	4	3	1	0	0.6250000000000001	1.0	0.017507775399999998	1
316	Iter0317	6	7	4	2	1	0	0.42857142857142855	0.6284829721362215	0.047723260600000005	1
317	Iter0318	7	4	4	1	0	0	0.4375	1.0	-9.106570103599001e-05	0
318	Iter0319	7	4	4	1	1	0	0.4375	1.0	0.020661699999970678	1
319	Iter0320	3	3	6	1	0	0	0.16666666666666666	0.26573426573426634	-3.925767e-05	0
320	Iter0321	10	5	5	2	0	0	0.8	1.0	-0.0007347750600000001	0
321	Iter0322	4	5	3	5	0	0	1.3333333333333337	1.0	0.0	0
322	Iter0323	3	5	9	3	1	0	0.2	0.16746844486782547	0.00939945	1
323	Iter0324	11	4	8	3	0	0	1.03125	1.0	-2.0456700171745e-05	0
324	Iter0325	9	5	4	2	1	0	0.9	1.0	0.025750878626955	1
325	Iter0326	4	4	4	3	0	0	0.75	1.0	-1.4335788800000001e-05	0
326	Iter0327	11	6	4	1	2	0	0.4583333333333333	1.0	0.020050369374000003	1
327	Iter0328	8	4	8	2	1	0	0.5	0.6461742591773529	0.0220406870831	1
328	Iter0329	11	2	7	1	0	0	0.7857142857142857	1.0	-0.00038162726405	0
329	Iter0330	8	4	3	3	0	0	2.0	0.6266968325791863	-0.00036164270209414006	0
330	Iter0331	8	7	5	6	0	0	1.3714285714285712	1.0	-0.00010930914351600001	0
331	Iter0332	7	3	5	3	0	0	1.4	1.0	-0.0010388848	0
332	Iter0333	3	6	3	5	0	0	0.8333333333333334	1.0	-1.87989e-09	0
333	Iter0334	4	3	5	1	1	0	0.26666666666666666	0.5594405594405606	0.024044827473867	1
334	Iter0335	11	12	2	4	3	0	1.8333333333333333	0.6628352490421558	0.043680911952700005	1
335	Iter0336	8	4	6	3	0	0	1.0	1.0	-7.365980000000001e-06	0
336	Iter0337	8	3	6	1	1	0	0.4444444444444444	1.0	0.0035248216147899998	1
337	Iter0338	10	10	3	4	2	0	1.3333333333333333	1.0	0.016504186943	1
338	Iter0339	7	8	7	3	1	0	0.375	0.4138713151164372	0.039213595903229	1
339	Iter0340	12	8	3	5	0	0	2.5	0.4096618357487923	-0.000174635086	0
340	Iter0341	7	7	2	1	0	0	0.5	1.0	-1.92745e-08	0
341	Iter0342	5	8	6	1	0	0	0.10416666666666667	0.07027863777089786	-0.00110072441536	0
342	Iter0343	6	5	2	3	1	0	1.8	1.0	0.01747894139986687	1
343	Iter0344	6	6	4	2	0	0	0.5	0.6380090497737558	-8.06587e-05	0
344	Iter0345	8	7	5	3	0	0	0.6857142857142856	1.0	-0.00014381049930081998	0
345	Iter0346	4	7	3	2	0	0	0.3809523809523809	0.5961538461538446	-5.30768e-07	0
346	Iter0347	4	4	5	0	1	0	0.16666666666666666	0.1048951048951053	0.03730424699	1
347	Iter0348	6	8	3	5	0	0	1.25	1.0	-1.042527e-05	0
348	Iter0349	5	6	4	6	0	0	1.2500000000000002	1.0	-0.00018526481999999998	0
349	Iter0350	6	11	6	3	0	0	0.2727272727272727	0.21766590389016066	-8.95744e-07	0
350	Iter0351	9	5	2	3	3	0	2.7	0.6026831785345723	0.054749421883276	1
351	Iter0352	6	4	4	2	0	0	0.75	1.0	-0.0009411708136400001	0
352	Iter0353	8	6	6	1	0	0	0.2222222222222222	0.33714310285517896	-0.002195753	0
353	Iter0354	5	3	8	1	0	0	0.20833333333333331	0.2941176470588229	-1.00007e-06	0
354	Iter0355	5	4	6	1	0	0	0.20833333333333331	0.3076923076923062	-0.000184858	0
355	Iter0356	6	8	6	1	0	0	0.125	0.1588235294117652	-0.0007286714641	0
356	Iter0357	5	4	9	4	0	0	0.5555555555555556	0.6619195046439584	-0.00038719047999999996	0
357	Iter0358	2	3	2	5	0	0	1.6666666666666663	1.0	-1.28094e-05	0
358	Iter0359	11	5	11	3	1	0	0.6000000000000001	0.6887334110722518	0.00611436779	1
359	Iter0360	7	10	5	4	1	0	0.5599999999999999	0.6828375286041215	0.016644048499999998	1
360	Iter0361	7	4	8	2	0	0	0.4375	0.6351172047766496	-0.000991526984	0
361	Iter0362	8	4	4	2	0	0	1.0	1.0	-1.13656e-06	0
362	Iter0363	2	3	6	3	0	0	0.3333333333333333	0.5804195804195786	-3.720290209583e-05	0
363	Iter0364	8	9	6	2	0	0	0.2962962962962963	0.2336842105263172	-0.0009357668	0
364	Iter0365	7	6	8	4	0	0	0.5833333333333334	0.6881679903082525	-3.1262161665400002e-06	0
365	Iter0366	10	3	3	4	0	0	4.4444444444444455	0.17358101135190893	-0.00040319655717	0
366	Iter0367	7	12	3	2	1	0	0.3888888888888889	0.6146245059288573	0.010463703813000002	1
367	Iter0368	13	13	4	5	0	0	1.25	1.0	-4.2642757580000003e-05	0
368	Iter0369	9	6	3	2	0	0	1.0	1.0	-0.00014924650000000002	0
369	Iter0370	11	8	8	1	1	0	0.171875	0.1952708161403804	0.0246626981324203	1
370	Iter0371	5	6	3	0	0	1	0.21428571428571427	0.2087912087912085	-6.8540701e-05	0
371	Iter0372	9	5	8	2	0	0	0.45	0.6529366895499655	-0.0006557504600000001	0
372	Iter0373	1	5	4	1	0	0	0.05	0.08008658008658008	0.0	0
373	Iter0374	6	3	3	1	0	0	0.6666666666666666	1.0	-0.0005501331999999999	0
374	Iter0375	9	7	9	1	0	0	0.14285714285714288	0.0988526347794083	-7.433769999999999e-10	0
375	Iter0376	8	9	10	3	1	0	0.26666666666666666	0.14135413496259486	0.028975345	1
376	Iter0377	7	5	6	3	1	0	0.7	1.0	0.029654742579100002	1
377	Iter0378	3	2	3	0	0	0	0.3333333333333333	0.4642857142857138	-0.00012329	0
378	Iter0379	4	5	4	1	0	0	0.2	0.3006993006992999	-9.13108389432e-05	0
379	Iter0380	6	7	4	4	0	0	0.8571428571428571	1.0	-0.0001078515016	0
380	Iter0381	9	4	6	3	0	0	1.125	1.0	-0.001431496815	0
381	Iter0382	7	9	3	3	0	0	0.7777777777777778	1.0	-2.7156913e-07	0
382	Iter0383	15	4	6	1	1	0	0.625	1.0	0.043998550691	1
383	Iter0384	5	6	3	0	2	0	0.21428571428571427	0.2087912087912085	0.0325931	1
384	Iter0385	11	3	4	0	1	0	0.6	1.0	0.0233978124073	1
385	Iter0386	5	8	6	1	0	0	0.10416666666666667	0.07027863777089786	-0.000548133714	0
386	Iter0387	7	4	3	6	0	0	3.5	0.3698499642772088	-1.2151184480000001e-05	0
387	Iter0388	8	4	5	2	2	0	0.8	1.0	0.011269980800000001	1
388	Iter0389	7	6	4	1	0	0	0.2916666666666667	0.5955882352941189	-0.00010502069	0
389	Iter0390	11	8	5	4	0	0	1.1	1.0	-0.00076101868922	0
390	Iter0391	8	3	6	1	0	0	0.4444444444444444	1.0	-1.15266e-08	0
391	Iter0392	6	5	5	4	1	0	0.96	1.0	0.0215044303434	1
392	Iter0393	10	5	9	7	2	0	1.5555555555555554	0.7159871677064764	0.07058768049445681	1
393	Iter0394	4	8	9	4	0	0	0.2222222222222222	0.11523854393015745	-0.0006027305000000001	0
394	Iter0395	7	8	5	3	0	0	0.525	0.6668461434917208	-5.6139662819999996e-05	0
395	Iter0396	12	7	4	4	0	0	1.7142857142857142	0.6753623188405895	-0.000709022778241	0
396	Iter0397	6	7	2	3	0	0	1.2857142857142858	1.0	-0.00068171478	0
397	Iter0398	8	8	10	3	1	0	0.3	0.2490341295517678	0.023164082184986005	1
398	Iter0399	2	5	3	3	0	0	0.4	0.5920745920745943	-1.10262e-09	0
399	Iter0400	8	8	7	5	1	0	0.7142857142857143	0.7176829541885367	0.007570012742412001	1
400	Iter0401	7	13	4	2	0	0	0.2692307692307692	0.34782608695652417	-0.00071920033	0
401	Iter0402	2	5	7	2	0	0	0.1142857142857143	0.1262237762237761	0.0	0
402	Iter0403	6	6	9	3	0	0	0.3333333333333333	0.4003230582851002	-5.9076833919e-05	0
403	Iter0404	4	2	4	0	0	0	0.33333333333333337	0.4666666666666668	-4.6064368e-05	0
404	Iter0405	6	10	7	5	0	0	0.4285714285714286	0.4454486600132024	-0.00023944402463	0
405	Iter0406	2	8	8	7	1	0	0.21875	0.21070803607484395	0.011157604028599999	1
406	Iter0407	3	4	9	10	0	0	0.8333333333333333	1.0	-2.972331e-05	0
407	Iter0408	4	2	9	3	0	0	0.6666666666666666	1.0	-0.00046596760813	0
408	Iter0409	5	3	7	0	1	0	0.1875	0.1999999999999993	0.005823935400000001	1
409	Iter0410	4	3	4	1	2	0	0.3333333333333333	0.5757575757575769	0.036164049	1
410	Iter0411	5	4	5	4	0	0	1.0	1.0	-6.126410000000001e-05	0
411	Iter0412	6	7	5	3	0	0	0.5142857142857142	0.6594427244582042	-2.8327935200000003e-05	0
412	Iter0413	16	7	11	2	1	0	0.4155844155844156	0.4377731793496021	0.0228999794865	1
413	Iter0414	10	7	5	1	1	0	0.2857142857142857	0.36897579918174894	0.016510514859733	1
414	Iter0415	4	1	6	2	0	0	1.3333333333333333	1.0	-2.76585e-05	0
415	Iter0416	5	3	10	2	0	0	0.33333333333333337	0.3472652218782256	-5.954859999999998e-06	0
416	Iter0417	7	7	9	4	0	0	0.4444444444444444	0.4400711924739435	-7.771500999999998e-05	0
417	Iter0418	13	6	11	1	3	0	0.19696969696969696	0.2014591711588376	0.0409445378775599	1
418	Iter0419	6	4	8	2	0	1	0.375	0.6284829721362245	-0.0007980228735999999	0
419	Iter0420	7	10	5	0	0	0	0.12121212121212123	0.039644565960355364	-0.00062415226	0
420	Iter0421	7	6	4	1	0	0	0.2916666666666667	0.5955882352941189	-0.000722044609	0
421	Iter0422	3	5	10	2	1	0	0.12	0.062332301341589215	0.015606323190179272	1
422	Iter0423	4	7	5	4	1	0	0.4571428571428571	0.6534174803524644	0.015633352459999996	1
423	Iter0424	6	8	6	0	1	0	0.11111111111111112	0.04189886480908152	0.0085768086568	1
424	Iter0425	8	8	6	1	0	0	0.16666666666666666	0.1759566318726375	-0.0001189137940611567	0
425	Iter0426	4	3	2	0	0	0	0.4166666666666667	0.4999999999999999	-5.3584300000000005e-09	0
426	Iter0427	4	3	4	0	0	0	0.25	0.2363636363636365	-2.007945e-05	0
427	Iter0428	5	4	3	3	0	0	1.25	1.0	-1.29776e-08	0
428	Iter0429	6	10	7	3	1	0	0.2571428571428571	0.2261946426167717	0.021818787861700002	1
429	Iter0430	10	9	5	1	1	0	0.22222222222222224	0.3448616600790536	0.035952466499999995	1
430	Iter0431	5	11	1	0	0	0	0.25	0.352941176470589	0.0	0
431	Iter0432	3	3	3	1	0	0	0.3333333333333333	0.5714285714285717	0.0	0
432	Iter0433	10	6	3	3	0	0	1.6666666666666667	0.6550199026979204	-0.00031692619	0
433	Iter0434	7	8	2	4	0	0	1.75	0.6594427244582044	-6.917409899999999e-07	0
434	Iter0435	9	5	6	4	0	0	1.2	1.0	-0.00020184975499999998	0
435	Iter0436	10	10	6	4	1	0	0.6666666666666666	0.708945527236392	0.012465251196	1
436	Iter0437	6	8	5	3	0	0	0.45	0.6594427244582044	-0.00112926	0
437	Iter0438	7	5	5	2	0	0	0.5599999999999999	0.6561681352703008	-0.00027537770632000004	0
438	Iter0439	8	3	0	3	0	0	9.0	0.05494505494505482	-0.00043680456300000003	0
439	Iter0440	9	4	3	3	0	0	2.25	0.6168730650154781	-0.00018721626729610003	0
440	Iter0441	5	7	5	1	0	0	0.14285714285714285	0.15158371040724014	-0.000118335039	0
441	Iter0442	7	9	6	2	0	0	0.25925925925925924	0.21079553102705675	-0.00015275911	0
442	Iter0443	4	3	10	4	0	0	0.5333333333333333	0.638441692466463	-5.70358333e-05	0
443	Iter0444	6	0	7	1	0	0	1.75	1.0	-0.00027385491602	0
444	Iter0445	5	5	11	3	0	0	0.2727272727272728	0.20379593484991307	-0.000311939	0
445	Iter0446	9	0	4	2	0	0	6.0	0.14285714285714207	-6.948636e-05	0
446	Iter0447	11	7	7	1	2	0	0.22448979591836732	0.3601638635963564	0.0279202308812	1
447	Iter0448	9	7	7	3	0	0	0.5510204081632654	0.6834028806030463	-0.00013112199	0
448	Iter0449	4	1	8	2	0	0	1.0	1.0	-3.35927e-05	0
449	Iter0450	3	4	7	1	0	0	0.10714285714285714	0.11888111888111852	-0.000136810995	0
450	Iter0451	14	3	2	1	0	0	2.333333333333333	0.5087719298245635	-0.00016546328450000003	0
451	Iter0452	6	13	7	5	0	0	0.3296703296703297	0.2623306779789827	-0.00010863690237259999	0
452	Iter0453	7	7	5	6	1	0	1.2	1.0	0.0048853451191	1
453	Iter0454	5	8	3	2	0	0	0.4166666666666667	0.6078431372549024	-0.0010792879999999999	0
454	Iter0455	9	6	5	2	1	0	0.6	1.0	0.027983841086	1
455	Iter0456	5	4	3	6	0	0	2.5	0.6371863430686975	-0.0009842134299999999	0
456	Iter0457	9	6	2	3	1	0	2.25	0.6168730650154817	0.061676316300000006	1
457	Iter0458	10	10	3	2	1	0	0.6666666666666666	1.0	0.0213959554881	1
458	Iter0459	4	5	8	2	0	0	0.2	0.16980233388902055	-0.00015209944000000003	0
459	Iter0460	5	7	9	3	2	0	0.2380952380952381	0.21375689864046254	0.02824127363	1
460	Iter0461	9	4	6	3	0	0	1.125	1.0	-0.00015671903978242558	0
461	Iter0462	5	7	5	8	1	0	1.1428571428571428	1.0	0.0123454724985985	1
462	Iter0463	7	4	8	5	1	0	1.09375	1.0	0.025426701155614278	1
463	Iter0464	5	5	5	3	0	0	0.6	0.6640614287673134	-0.0005577650600000001	0
464	Iter0465	7	6	3	0	1	0	0.2857142857142857	0.2499999999999989	0.022058313405499998	1
465	Iter0466	5	3	3	1	1	0	0.5555555555555556	1.0	0.0124170206822	1
466	Iter0467	12	8	3	4	0	0	2.0	0.6618357487922796	-0.0002800701035	0
467	Iter0468	6	4	2	1	0	0	0.75	1.0	-1.62156e-05	0
468	Iter0469	5	9	10	4	0	0	0.22222222222222224	0.12834612105711804	-0.00116812945	0
469	Iter0470	7	7	4	1	1	0	0.25	0.3378052975576197	0.00364317040924898	1
470	Iter0471	5	6	7	1	0	0	0.11904761904761905	0.1472969754703503	-1.50231e-06	0
471	Iter0472	2	4	7	4	0	0	0.2857142857142857	0.3348416289592757	-0.000480874	0
472	Iter0473	2	11	5	0	0	0	0.04166666666666666	0.002450980392156865	0.0	0
473	Iter0474	3	6	4	2	0	0	0.25	0.3146853146853142	0.0	0
474	Iter0475	5	6	5	1	1	0	0.16666666666666669	0.30429864253393724	0.016907199072061	1
475	Iter0476	4	3	4	5	1	0	1.6666666666666663	1.0	0.010728362907700002	1
476	Iter0477	5	6	4	1	2	0	0.20833333333333331	0.3076923076923075	0.0483758	1
477	Iter0478	5	4	4	1	0	0	0.3125	0.5804195804195778	-6.32184668913e-07	0
478	Iter0479	8	1	4	1	0	0	2.0	1.0	-8.847387521e-05	0
479	Iter0480	8	3	5	2	0	0	1.0666666666666669	1.0	-0.000534783538659	0
480	Iter0481	4	12	2	5	0	0	0.8333333333333333	1.0	-0.00037938419	0
481	Iter0482	4	6	2	3	0	0	1.0	1.0	-7.7340057e-05	0
482	Iter0483	2	3	6	2	0	0	0.2222222222222222	0.2929292929292933	-2.26685e-08	0
483	Iter0484	5	8	5	7	1	0	0.875	1.0	0.0355022	1
484	Iter0485	2	6	2	1	0	0	0.16666666666666666	0.490909090909091	-0.00021846649	0
485	Iter0486	12	5	5	1	1	0	0.48	1.0	0.04175614940600001	1
486	Iter0487	8	4	8	1	1	0	0.25	0.3383458646616536	0.0044087378698000005	1
487	Iter0488	1	6	3	3	0	0	0.16666666666666666	0.26573426573426645	-0.000747316	0
488	Iter0489	11	4	5	2	0	0	1.1	1.0	-8.540444e-05	0
489	Iter0490	11	6	8	2	2	0	0.4583333333333333	0.665524813350906	0.026750981799999997	1
490	Iter0491	6	8	6	6	0	0	0.75	1.0	-4.5883816999999996e-05	0
491	Iter0492	6	12	6	3	0	0	0.25	0.12662090007627885	-1.0284498e-06	0
492	Iter0493	8	11	5	1	0	0	0.14545454545454545	0.16024844720496914	-7.81727061e-05	0
493	Iter0494	9	10	4	0	0	0	0.18181818181818185	0.10446075663466907	-4.03892600801552e-05	0
494	Iter0495	5	6	3	1	1	0	0.2777777777777778	0.5692307692307697	0.0153505552883975	1
495	Iter0496	9	9	8	1	0	0	0.125	0.09117152870013333	-1.01889e-08	0
496	Iter0497	4	8	9	3	0	0	0.16666666666666666	0.09953271926619556	-3.22021e-10	0
497	Iter0498	7	4	1	1	0	0	1.75	1.0	-0.000288050844122	0
498	Iter0499	5	6	5	1	0	0	0.16666666666666669	0.30429864253393724	-0.0007709764999999999	0
499	Iter0500	8	5	4	1	1	0	0.4	0.6148459383753492	0.020347448113113002	1
500	Iter0501	13	3	2	2	0	0	4.333333333333333	0.2487100103199188	-3.0436064916999995e-08	0
501	Iter0502	2	7	7	3	0	0	0.12244897959183673	0.06977851869492714	-0.000256964	0
502	Iter0503	3	6	2	3	0	0	0.75	1.0	-0.00030611792600000005	0
503	Iter0504	5	7	4	1	0	0	0.17857142857142858	0.29411764705882265	-6.50782e-05	0
504	Iter0505	5	6	3	1	0	0	0.2777777777777778	0.5692307692307697	-8.16163774e-05	0
505	Iter0506	8	5	4	3	2	0	1.2000000000000002	1.0	0.03647037379500001	1
506	Iter0507	5	1	7	2	0	0	1.4285714285714286	1.0	-2.52562e-08	0
507	Iter0508	8	8	2	3	2	0	1.5	1.0	0.021971443365636997	1
508	Iter0509	5	5	5	1	0	0	0.2	0.3069430569430568	-0.0017902639999999997	0
509	Iter0510	7	4	4	3	0	0	1.3125	1.0	-0.0003273244771	0
510	Iter0511	9	11	7	1	1	0	0.1168831168831169	0.08821999256781879	0.024441278043299996	1
511	Iter0512	7	7	6	0	1	0	0.14285714285714285	0.05149638802889595	0.0134871236	1
512	Iter0513	7	7	5	1	0	0	0.2	0.32456140350877233	-0.00038686585000000004	0
513	Iter0514	7	4	3	5	0	0	2.916666666666667	0.3698499642772106	-0.00028578421	0
514	Iter0515	7	12	4	4	1	0	0.5833333333333334	0.6753623188405893	0.0116213961567	1
515	Iter0516	7	4	3	3	0	0	1.75	0.6436651583710422	-0.0004838527	0
516	Iter0517	7	2	5	1	0	0	0.7	1.0	-1.218364e-06	0
517	Iter0518	4	4	5	5	0	0	1.0	1.0	-3.59697e-07	0
518	Iter0519	5	4	5	3	0	0	0.75	1.0	-8.98611e-06	0
519	Iter0520	7	4	6	4	0	0	1.1666666666666667	1.0	-0.0004454897	0
520	Iter0521	4	4	7	2	0	0	0.2857142857142857	0.3348416289592767	-0.000160413579739	0
521	Iter0522	10	5	5	1	0	0	0.4	0.6226780185758529	-0.00035602851534	0
522	Iter0523	9	8	1	1	1	0	1.125	1.0	0.016082108886	1
523	Iter0524	6	3	1	2	1	0	4.0	0.5227272727272733	0.00743830199792061	1
524	Iter0525	12	10	2	3	0	0	1.8	0.6483091787439702	-0.0014915081350999999	0
525	Iter0526	12	4	2	3	0	0	4.5	0.2800137598899229	-6.74857830488863e-05	0
526	Iter0527	3	5	2	1	0	0	0.3	0.5454545454545453	-9.815410000000002e-06	0
527	Iter0528	6	12	5	5	0	0	0.5	0.4442628309905181	-9.224578e-05	0
528	Iter0529	7	4	0	2	1	0	4.800000000000002	0.1923076923076929	0.0037183284886999996	1
529	Iter0530	5	1	6	1	0	0	0.8333333333333334	1.0	-0.00018019487	0
530	Iter0531	9	9	4	4	0	0	1.0	1.0	-0.000767649519266	0
531	Iter0532	8	3	8	5	1	0	1.6666666666666663	0.6791851752142513	0.0011208650151	1
532	Iter0533	8	13	5	3	0	0	0.3692307692307693	0.4057637847742843	-0.00027498485289999996	0
533	Iter0534	5	2	4	3	0	0	1.875	1.0	-9.52193e-05	0
534	Iter0535	5	4	5	0	1	0	0.2	0.22077922077922	0.006108670351	1
535	Iter0536	6	6	5	2	1	0	0.4	0.6332460109549873	0.0951488832	1
536	Iter0537	7	4	5	3	0	0	1.05	1.0	-1.71182023594e-05	0
537	Iter0538	7	2	5	2	1	0	1.4	1.0	0.0183836711	1
538	Iter0539	6	3	5	7	0	0	2.8	0.3869969040247671	-0.00024243397167	0
539	Iter0540	7	6	5	2	1	0	0.4666666666666667	0.6424148606811135	0.0066227554	1
540	Iter0541	7	8	7	4	0	0	0.5	0.452739265042402	-3.17760613244e-05	0
541	Iter0542	4	4	4	3	0	0	0.75	1.0	-0.0005375126425	0
542	Iter0543	7	1	0	1	1	0	8.0	0.2222222222222225	0.014555463319699999	1
543	Iter0544	9	7	3	1	0	0	0.4285714285714286	0.6185758513931885	-0.0003785109963116416	0
544	Iter0545	10	4	7	3	0	0	1.0714285714285714	1.0	-0.0007668649652300001	0
545	Iter0546	7	3	9	3	0	0	0.7777777777777778	1.0	-2.586617e-06	0
546	Iter0547	5	5	9	4	1	0	0.4444444444444444	0.4172836182527927	0.0506422043792	1
547	Iter0548	2	1	5	4	1	0	1.6	1.0	0.015078200000000003	1
548	Iter0549	5	7	8	3	0	0	0.2678571428571429	0.213756898640462	0.0	0
549	Iter0550	6	4	4	1	1	0	0.375	0.6003996003995986	0.012562807	1
550	Iter0551	9	7	6	1	1	0	0.2142857142857143	0.34521959397447466	0.02165540114	1
551	Iter0552	5	5	7	2	0	0	0.2857142857142857	0.3498452012383896	-6.179354e-06	0
552	Iter0553	8	6	8	2	1	0	0.3333333333333333	0.3875353344999344	0.035549432000000006	1
553	Iter0554	9	7	3	1	2	0	0.4285714285714286	0.6185758513931885	0.06708186299999999	1
554	Iter0555	4	6	6	4	0	0	0.4444444444444444	0.6562817986966594	-0.000967383	0
555	Iter0556	10	4	6	1	0	0	0.4166666666666667	0.6243550051599609	-7.61869715e-07	0
556	Iter0557	6	5	7	2	0	0	0.3428571428571429	0.3742260061919506	-3.82052e-08	0
557	Iter0558	7	7	4	2	0	0	0.5	0.6424148606811164	-0.000155404	0
558	Iter0559	6	5	12	2	0	0	0.2	0.17745995423341054	-0.0005842712119999999	0
559	Iter0560	9	1	2	3	0	0	13.5	0.07692307692307668	-0.00046559480490541	0
560	Iter0561	10	8	5	4	2	0	1.0	1.0	0.032833885529599996	1
561	Iter0562	10	7	5	4	1	0	1.1428571428571428	1.0	0.00571864568	1
562	Iter0563	6	4	4	6	0	0	2.25	0.6562817986966594	-0.0001104744	0
563	Iter0564	8	7	8	2	2	0	0.2857142857142857	0.2289626647413719	0.03913801187	1
564	Iter0565	14	7	5	5	2	0	2.0	0.4472490801745546	0.0409855397893632	1
565	Iter0566	8	6	5	6	0	0	1.6	0.6950975905236241	-0.00058839004	0
566	Iter0567	9	10	7	2	1	1	0.2571428571428572	0.22318840579710145	0.02069336586934	1
567	Iter0568	7	6	8	1	0	1	0.14583333333333334	0.16486068111455066	-5.4004014000000005e-05	0
568	Iter0569	2	5	4	4	1	0	0.4	0.6083916083916078	0.007511999	1
569	Iter0570	7	6	5	2	0	0	0.4666666666666667	0.6424148606811135	-5.34422e-05	0
570	Iter0571	7	5	1	1	0	0	1.4	1.0	-3.6886703300000003e-05	0
571	Iter0572	4	5	7	7	0	0	0.8	1.0	-1.81665e-05	0
572	Iter0573	7	6	7	0	0	0	0.14285714285714285	0.051496388028895584	-0.00012357872	0
573	Iter0574	6	2	2	3	0	0	4.5	0.2929292929292933	-0.000266996404	0
574	Iter0575	8	6	7	1	0	0	0.19047619047619047	0.19321699971854767	-0.0005500284000000001	0
575	Iter0576	6	3	4	6	0	0	3.0	0.3698499642772095	-0.00013440058957399999	0
576	Iter0577	4	5	5	4	0	0	0.64	1.0	-0.000160902	0
577	Iter0578	4	6	5	1	0	0	0.13333333333333333	0.14510489510489474	-2.0992800000000007e-05	0
578	Iter0579	4	4	2	3	1	0	1.5	1.0	0.01098909	1
579	Iter0580	7	8	4	0	0	0	0.17777777777777776	0.10319917440660464	-0.000450423027395	0
580	Iter0581	4	4	5	7	0	0	1.4	1.0	-0.000119547	0
581	Iter0582	7	5	5	1	1	0	0.28	0.6000323206205556	0.004509296023539999	1
582	Iter0583	11	4	3	3	5	0	2.75	0.3543601651186806	0.08551134	1
583	Iter0584	9	8	7	4	1	0	0.6428571428571429	0.7046529366895522	0.01119081659	1
584	Iter0585	10	0	4	4	0	0	11.0	0.0228758169934641	-0.0008113482720204956	0
585	Iter0586	3	10	5	2	0	0	0.12	0.062332301341588986	-1.95896e-05	0
586	Iter0587	8	6	6	2	3	0	0.4444444444444444	0.649398004815961	0.04532701824	1
587	Iter0588	7	10	3	3	1	0	0.7	1.0	0.01020796628	1
588	Iter0589	4	7	9	4	1	0	0.25396825396825395	0.2173264042459088	0.01682782685	1
589	Iter0590	8	10	9	3	0	0	0.26666666666666666	0.14135413496259475	-0.00046849721	0
590	Iter0591	6	3	6	4	0	0	1.3333333333333333	1.0	-0.00018946214151	0
591	Iter0592	8	8	4	2	0	0	0.5	0.6461742591773529	-0.00027410380665119	0
592	Iter0593	10	7	4	2	1	0	0.7142857142857143	1.0	0.015650070732000004	1
593	Iter0594	10	5	8	2	1	0	0.5	0.6592469315581482	0.019900495600000002	1
594	Iter0595	5	5	5	0	1	0	0.16666666666666666	0.1008991008991007	0.02244021302	1
595	Iter0596	4	2	2	2	0	0	2.0	1.0	-5.439116000000001e-06	0
596	Iter0597	6	1	2	1	0	1	3.0	1.0	-0.000265095	0
597	Iter0598	5	1	8	1	0	0	0.625	1.0	-2.07256e-05	0
598	Iter0599	8	7	5	3	1	0	0.6857142857142856	1.0	0.015437465799999998	1
599	Iter0600	5	2	2	2	1	0	2.5	0.5757575757575759	0.00332153227920747	1
600	Iter0601	7	7	5	2	0	0	0.4	0.6424148606811169	-1.62528e-06	0
601	Iter0602	8	10	5	6	0	0	0.96	1.0	-0.000391026268109	0
602	Iter0603	5	5	7	5	0	0	0.7142857142857143	1.0	0.0	0
603	Iter0604	7	5	8	3	1	0	0.525	0.6668461434917212	0.023791500092510028	1
604	Iter0605	8	3	2	1	0	0	1.3333333333333333	1.0	-0.00029112325604979997	0
605	Iter0606	1	11	5	1	0	0	0.01818181818181818	0.003932342167636289	0.0	0
606	Iter0607	2	5	7	6	0	0	0.3428571428571429	0.3742260061919491	0.0	0
607	Iter0608	6	3	1	2	1	0	4.0	0.5227272727272733	0.004241296642590001	1
608	Iter0609	4	3	2	4	0	0	2.6666666666666665	0.5920745920745949	0.0	0
609	Iter0610	8	6	9	7	0	0	1.037037037037037	1.0	-0.00021108426739999998	0
610	Iter0611	9	8	3	0	0	0	0.2777777777777778	0.2421052631578948	0.0	0
611	Iter0612	5	2	6	5	0	0	2.083333333333333	0.637066365007544	0.0	0
612	Iter0613	9	9	6	3	0	0	0.5	0.6828375286041257	-0.0009820387	0
613	Iter0614	10	7	6	0	1	1	0.19642857142857145	0.12433257055682725	0.007444680299999999	1
614	Iter0615	7	8	9	2	3	0	0.19444444444444445	0.10924754341095763	0.034442722824449996	1
615	Iter0616	6	4	3	6	1	0	3.0	0.3698499642772088	0.02397989653704	1
616	Iter0617	9	5	2	0	0	0	0.5555555555555556	1.0	-8.049782569999999e-05	0
617	Iter0618	5	7	2	1	1	0	0.35714285714285715	0.5692307692307671	0.031647416744200005	1
618	Iter0619	9	3	6	0	1	0	0.35714285714285715	0.5147058823529426	0.0142536224	1
619	Iter0620	4	2	7	6	0	0	1.7142857142857142	1.0	-7.1092e-08	0
620	Iter0621	5	11	3	3	1	0	0.4545454545454545	0.6243550051599616	0.010789335604320001	1
621	Iter0622	11	5	3	1	0	0	0.7333333333333334	1.0	-0.00016812260659999998	0
622	Iter0623	3	5	8	6	0	0	0.45	0.6594427244582044	0.0	0
623	Iter0624	6	6	8	2	0	0	0.25	0.20433436532507632	-0.00050386308	0
624	Iter0625	8	1	8	0	1	0	0.5	1.0	0.01262882686	1
625	Iter0626	7	7	7	5	0	0	0.7142857142857143	0.7126881141472621	-0.00095714081	0
626	Iter0627	5	6	4	2	1	0	0.4166666666666667	0.6199095022624437	0.0023934636449999998	1
627	Iter0628	7	4	7	2	1	0	0.5	0.6424148606811141	0.0033684270354	1
628	Iter0629	5	8	2	1	0	0	0.3125	0.5499999999999977	-1.14057e-05	0
629	Iter0630	11	7	4	1	1	0	0.3928571428571429	0.6213854795090463	0.012569185014	1
630	Iter0631	7	5	4	1	0	0	0.35	0.6000323206205536	-0.0001342021	0
631	Iter0632	6	7	3	1	0	0	0.2857142857142857	0.5764705882352927	-1.04325e-06	0
632	Iter0633	2	2	5	2	0	0	0.4	0.5757575757575751	0.0	0
633	Iter0634	3	7	9	4	0	0	0.19047619047619047	0.09953271926619604	-8.3859825e-11	0
634	Iter0635	5	7	8	1	0	0	0.08928571428571429	0.06687306501547956	-0.000257551	0
635	Iter0636	3	7	6	5	0	0	0.35714285714285715	0.3869969040247676	-0.0010650357000000002	0
636	Iter0637	4	3	4	6	0	0	2.0	0.6371863430686964	-1.851125e-05	0
637	Iter0638	4	2	6	0	0	0	0.2380952380952381	0.4545454545454549	-1.599526e-05	0
638	Iter0639	8	9	10	3	0	0	0.26666666666666666	0.14135413496259486	-0.00021662341095	0
639	Iter0640	5	9	7	1	0	0	0.07936507936507937	0.03095975232198135	-6.891838e-05	0
640	Iter0641	5	5	6	3	0	0	0.5	0.6499166468206714	-0.000227691	0
641	Iter0642	7	2	8	5	1	1	2.1875	0.6478328173374585	0.0315967	1
642	Iter0643	5	5	10	2	0	0	0.2	0.17182662538699675	-3.72349e-10	0
643	Iter0644	3	5	9	1	0	0	0.06666666666666668	0.04298642533936641	-3.17665e-05	0
644	Iter0645	9	7	2	3	2	0	1.9285714285714288	0.6351172047766491	0.0144565198143	1
645	Iter0646	8	10	4	1	0	0	0.2	0.3167701863354012	-0.00028426378	0
646	Iter0647	15	4	3	2	1	0	2.5	0.5680406549971759	0.007391140202900001	1
647	Iter0648	8	4	6	0	1	1	0.2571428571428572	0.24509803921568696	0.00912308631	1
648	Iter0649	8	5	16	1	1	0	0.1	0.06058018609742762	0.036089424346996586	1
649	Iter0650	5	11	6	1	1	0	0.07575757575757576	0.027190738995827083	0.023449745696	1
650	Iter0651	8	7	5	0	2	0	0.1875	0.1137125902992776	0.050675969444000005	1
651	Iter0652	2	5	8	5	0	0	0.25	0.3498452012383887	0.0	0
652	Iter0653	6	4	8	4	2	0	0.75	1.0	0.062297099999999994	1
653	Iter0654	6	4	3	1	0	0	0.5	1.0	-9.920491e-05	0
654	Iter0655	8	3	4	0	0	0	0.45	0.5164835164835135	-0.0001212229720172843	0
655	Iter0656	5	7	5	2	0	0	0.2857142857142857	0.3498452012383895	0.0	0
656	Iter0657	7	7	6	4	0	0	0.6666666666666666	0.6968299905774686	-0.00011779309670529999	0
657	Iter0658	4	3	10	4	0	1	0.5333333333333333	0.638441692466463	-0.00016364616	0
658	Iter0659	4	7	10	5	1	0	0.2857142857142857	0.23285771974693864	0.058074687800000004	1
659	Iter0660	3	7	5	3	0	0	0.2571428571428571	0.3415604003839314	-1.1003299999999997e-05	0
660	Iter0661	9	2	5	0	1	0	0.5555555555555556	1.0	0.0245634172240142	1
661	Iter0662	3	1	4	3	0	0	2.25	1.0	-2.14802e-08	0
662	Iter0663	5	9	5	5	0	0	0.5555555555555556	0.6784560506124692	-0.00012626100000000002	0
663	Iter0664	6	7	7	7	1	0	0.8571428571428571	1.0	0.035166570779999996	1
664	Iter0665	8	5	4	2	0	0	0.8	1.0	-3.13694e-07	0
665	Iter0666	9	5	6	0	0	0	0.2380952380952381	0.26044891640867074	-0.000291113617115	0
666	Iter0667	10	6	3	2	2	0	1.1111111111111112	1.0	0.0776028209365629	1
667	Iter0668	7	6	13	6	0	0	0.5384615384615385	0.4734532503333634	-6.44337e-08	0
668	Iter0669	10	8	2	1	1	0	0.625	1.0	0.023005199255521004	1
669	Iter0670	7	7	7	4	0	0	0.5714285714285714	0.6887454569928717	-0.00032357021439402	0
670	Iter0671	7	6	6	5	0	0	0.9722222222222224	1.0	-2.3847325e-05	0
671	Iter0672	6	7	3	3	1	0	0.8571428571428571	1.0	0.01698729635	1
672	Iter0673	6	10	4	0	0	0	0.12727272727272726	0.0866873065015481	-5.1225707e-06	0
673	Iter0674	5	3	8	3	0	0	0.6250000000000001	1.0	-0.0004068356388	0
674	Iter0675	14	5	2	1	1	0	1.4	1.0	0.015771691	1
675	Iter0676	8	7	4	2	0	0	0.5714285714285714	0.6594427244582047	-0.0011597915	0
676	Iter0677	8	6	9	4	1	0	0.5925925925925926	0.6945842868039719	0.03531231167999999	1
677	Iter0678	10	7	6	1	0	0	0.2380952380952381	0.3521484871599307	-0.00038927165603	0
678	Iter0679	13	7	3	3	3	0	1.8571428571428568	0.64426877470356	0.04146215512345	1
679	Iter0680	7	6	7	2	1	0	0.33333333333333337	0.38018575851393066	0.04643474503	1
680	Iter0681	8	4	5	4	0	0	1.6	0.6730650154798735	-0.00034924561399	0
681	Iter0682	10	3	5	1	0	0	0.6666666666666667	1.0	-0.00028995359	0
682	Iter0683	6	5	8	3	0	0	0.45	0.6594427244582055	-0.00055849747	0
683	Iter0684	5	4	3	4	0	0	1.6666666666666667	1.0	-5.626469999999998e-06	0
684	Iter0685	6	4	5	3	0	0	0.8999999999999999	1.0	-0.0002949189	0
685	Iter0686	7	6	7	4	0	0	0.6666666666666667	0.6968299905774674	-0.000207654111	0
686	Iter0687	5	7	7	3	0	0	0.30612244897959184	0.2305310788282913	-3.064365195e-05	0
687	Iter0688	3	7	4	4	0	0	0.42857142857142855	0.6304675716440442	-2.22569e-05	0
688	Iter0689	7	9	5	6	0	0	0.9333333333333332	1.0	-0.000894158237	0
689	Iter0690	5	10	6	5	1	0	0.4166666666666667	0.42586485395073614	0.0095396774586	1
690	Iter0691	7	14	5	2	0	0	0.2	0.10308435525826792	-0.00015832705	0
691	Iter0692	5	7	5	1	0	0	0.14285714285714285	0.15158371040724014	-0.000315057	0
692	Iter0693	6	6	7	3	0	0	0.42857142857142855	0.4148606811145487	-0.000246203124	0
693	Iter0694	4	6	3	1	0	0	0.2222222222222222	0.5594405594405594	0.0	0
694	Iter0695	6	11	5	2	0	1	0.21818181818181814	0.1819221967963391	-0.000266964	0
695	Iter0696	5	3	8	5	2	0	1.0416666666666667	1.0	0.03308715	1
696	Iter0697	4	6	2	4	0	0	1.3333333333333333	1.0	-5.4039700000000004e-05	0
697	Iter0698	5	5	1	2	0	0	2.0	1.0	-9.972098279999999e-05	0
698	Iter0699	4	12	6	6	0	0	0.3333333333333333	0.24254113544731315	-3.4815400000000006e-08	0
699	Iter0700	4	5	10	3	0	0	0.24	0.18699690402476676	-0.00013561921	0
700	Iter0701	9	5	7	2	2	0	0.5142857142857143	0.6570197873199637	0.0509371681	1
701	Iter0702	6	9	5	1	1	1	0.13333333333333333	0.14860681114551136	0.042635183666685	1
702	Iter0703	8	2	5	4	0	0	3.2	0.3498452012383894	-0.000944030957	0
703	Iter0704	4	7	3	0	0	0	0.15625	0.1923076923076922	-3.1640874e-05	0
704	Iter0705	7	5	3	3	0	0	1.4	1.0	-0.0007321519	0
705	Iter0706	6	3	8	3	0	0	0.75	1.0	-0.0005861469382999999	0
706	Iter0707	7	7	3	3	2	0	1.0	1.0	0.053287091573	1
707	Iter0708	8	5	4	3	1	0	1.2000000000000002	1.0	0.0012516141	1
708	Iter0709	1	7	6	2	0	0	0.047619047619047616	0.04055944055944047	0.0	0
709	Iter0710	6	4	4	6	0	0	2.25	0.6562817986966594	-6.695583e-06	0
710	Iter0711	9	5	2	2	0	0	1.8	1.0	-0.000164353618	0
711	Iter0712	8	8	1	6	2	0	6.0	0.1759566318726372	0.02383194817246	1
712	Iter0713	7	5	3	1	1	0	0.4666666666666666	1.0	0.013568351575	1
713	Iter0714	6	7	4	4	0	0	0.8571428571428571	1.0	-7.959680000000001e-10	0
714	Iter0715	11	4	6	2	0	0	0.9166666666666666	1.0	-0.0007614889799999999	0
715	Iter0716	8	6	2	2	0	0	1.3333333333333333	1.0	-1.0782023385999997e-06	0
716	Iter0717	10	8	7	7	0	0	1.25	1.0	-0.00016067802	0
717	Iter0718	5	6	5	1	1	0	0.16666666666666669	0.30429864253393724	0.014644683287100004	1
718	Iter0719	10	6	9	3	1	0	0.5555555555555556	0.6869565217391279	0.017372781971	1
719	Iter0720	6	10	1	4	1	0	2.4	0.6243550051599609	0.011532212542	1
720	Iter0721	5	6	3	3	0	0	0.8333333333333334	1.0	-3.0857960000000006e-05	0
721	Iter0722	5	5	5	4	1	0	0.8	1.0	0.0074207313357	1
722	Iter0723	4	1	6	2	1	0	1.3333333333333333	1.0	0.00817497999126326	1
723	Iter0724	4	4	5	1	0	0	0.2	0.30069930069930034	-2.98041e-05	0
724	Iter0725	14	8	1	2	2	0	3.5	0.5434782608695687	0.042757604575000004	1
725	Iter0726	9	7	6	4	1	0	0.8571428571428572	1.0	0.009241869416480001	1
726	Iter0727	7	4	7	3	0	0	0.75	1.0	-0.0002276321	0
727	Iter0728	4	6	2	2	0	0	0.6666666666666666	1.0	-8.435105000000001e-05	0
728	Iter0729	3	6	9	1	0	0	0.05555555555555555	0.019766611097880426	-0.0011875359999999999	0
729	Iter0730	6	8	3	3	0	0	0.75	1.0	-1.13384e-05	0
730	Iter0731	5	10	4	4	0	0	0.5	0.6570197873199609	-9.069697e-05	0
731	Iter0732	4	2	5	2	0	0	0.8	1.0	-8.459306099e-05	0
732	Iter0733	7	8	8	2	0	0	0.21875	0.21070803607484234	-0.00018247969999999998	0
733	Iter0734	8	7	2	3	1	0	1.7142857142857142	1.0	0.028200383096000002	1
734	Iter0735	3	6	7	1	1	0	0.07142857142857142	0.04977375565610862	0.040972508106	1
735	Iter0736	11	1	7	3	1	0	4.714285714285714	0.29323308270676657	0.01514314511	1
736	Iter0737	4	5	9	4	0	0	0.3555555555555556	0.3842105263157864	-6.920819999999999e-07	0
737	Iter0738	7	7	9	6	0	1	0.6666666666666666	0.7152491865522432	-0.000329141582	0
738	Iter0739	9	3	10	3	0	0	0.8999999999999999	1.0	-0.0001573645427	0
739	Iter0740	5	6	5	1	0	0	0.16666666666666669	0.30429864253393724	-0.001899979213	0
740	Iter0741	6	8	3	6	0	0	1.5	1.0	-1.6488662e-05	0
741	Iter0742	6	9	6	1	0	0	0.1111111111111111	0.0743034055727551	-1.69425e-08	0
742	Iter0743	11	9	3	2	0	0	0.8148148148148149	1.0	-2.5584106999999997e-05	0
743	Iter0744	5	6	9	4	0	0	0.3703703703703704	0.40809664827029213	-0.0012372061640999999	0
744	Iter0745	6	2	7	3	0	0	1.2857142857142856	1.0	-5.68376383228e-06	0
745	Iter0746	6	8	3	0	0	0	0.19444444444444445	0.20588235294117668	-0.000131348742777	0
746	Iter0747	6	5	8	5	1	0	0.7499999999999999	1.0	0.03825378922	1
747	Iter0748	10	8	7	1	2	0	0.17857142857142858	0.19015026163767634	0.030936153579999997	1
748	Iter0749	6	7	1	2	1	0	1.7142857142857142	1.0	0.0082643542	1
749	Iter0750	4	7	8	1	0	0	0.07142857142857142	0.02810192903072152	-0.001674626373466	0
750	Iter0751	4	5	3	2	0	0	0.5333333333333333	1.0	-1.326224e-05	0
751	Iter0752	3	5	9	3	0	0	0.2	0.16746844486782547	-3.07387e-05	0
752	Iter0753	12	6	4	1	1	0	0.5	1.0	0.02804865270526	1
753	Iter0754	7	11	9	2	0	0	0.1414141414141414	0.05237306158950672	-3.3299270000000006e-05	0
754	Iter0755	13	1	5	2	4	0	5.2	0.247368421052632	0.06772546258412	1
755	Iter0756	2	7	10	3	0	0	0.0857142857142857	0.027421494913754733	-1.35932856696e-05	0
756	Iter0757	5	4	9	3	0	0	0.4166666666666667	0.3972136222910224	-0.00046597501000000005	0
757	Iter0758	7	3	9	3	1	0	0.7777777777777778	1.0	0.04143981821	1
758	Iter0759	8	2	4	1	2	0	1.0	1.0	0.028560208899999995	1
759	Iter0760	6	10	9	3	0	0	0.2	0.0670704895230402	-8.91648e-06	0
760	Iter0761	5	7	3	2	0	1	0.4761904761904762	0.6199095022624422	-0.0005404152	0
761	Iter0762	2	4	4	0	0	0	0.12	0.07619047619047617	-5.87441e-05	0
762	Iter0763	8	8	4	4	0	0	1.0	1.0	-0.00152103048	0
763	Iter0764	6	3	8	3	0	0	0.75	1.0	-0.00021054364	0
764	Iter0765	4	6	3	4	0	0	0.8888888888888888	1.0	0.0	0
765	Iter0766	7	4	3	3	1	0	1.75	0.6436651583710422	0.0115135804	1
766	Iter0767	6	8	5	1	0	0	0.15	0.15712074303405624	-1.6911823549e-05	0
767	Iter0768	7	6	4	0	0	0	0.22857142857142854	0.23739495798319205	-5.41405e-05	0
768	Iter0769	6	8	4	1	0	0	0.1875	0.3034055727554179	-0.00030285446	0
769	Iter0770	4	5	6	3	0	0	0.4	0.6371863430686978	-0.000266608	0
770	Iter0771	14	5	1	1	1	0	2.8	0.4999999999999992	0.008961068084700001	1
771	Iter0772	6	7	3	1	0	0	0.2857142857142857	0.5764705882352927	0.0	0
772	Iter0773	5	4	7	5	0	0	0.8928571428571429	1.0	-5.430897e-05	0
773	Iter0774	8	10	6	3	2	0	0.4	0.4197101449275389	0.0251899999816379	1
774	Iter0775	7	6	3	1	0	0	0.3888888888888889	0.6029411764705872	-0.00040215655999999996	0
775	Iter0776	3	3	6	4	1	0	0.6666666666666666	1.0	0.018916408000000003	1
776	Iter0777	5	4	14	2	1	0	0.17857142857142858	0.14245059288537626	0.027775	1
777	Iter0778	3	5	4	2	0	0	0.3	0.5920745920745929	-7.339190000000002e-07	0
778	Iter0779	6	5	6	5	0	0	1.0	1.0	-0.000103113177	0
779	Iter0780	4	5	3	2	1	0	0.5333333333333333	1.0	0.016778099974715598	1
780	Iter0781	5	6	7	2	0	0	0.2380952380952381	0.19680876399142636	-3.589550435163e-06	0
781	Iter0782	9	3	3	3	0	0	3.0	0.3440530058177112	0.0	0
782	Iter0783	10	8	1	2	2	0	2.5	0.5864661654135335	0.016098807333	1
783	Iter0784	8	5	10	2	1	0	0.32	0.3782608695652167	0.015747064489690002	1
784	Iter0785	4	3	6	4	0	0	0.8888888888888888	1.0	-0.000218051	0
785	Iter0786	11	3	9	3	2	1	1.2222222222222219	1.0	0.08577941825799999	1
786	Iter0787	7	5	3	4	0	0	1.8666666666666665	0.6499166468206714	-0.00020828616	0
787	Iter0788	4	10	5	3	1	0	0.24	0.1869969040247672	0.0031020101999999997	1
788	Iter0789	5	6	2	4	1	0	1.6666666666666667	1.0	0.05415481675000001	1
789	Iter0790	7	7	4	2	1	0	0.5	0.6424148606811164	0.001567840567	1
790	Iter0791	6	3	9	3	1	0	0.6666666666666666	1.0	0.0411688878806	1
791	Iter0792	6	5	8	2	0	0	0.3	0.361455108359135	-0.00015889706551	0
792	Iter0793	7	4	5	3	1	0	1.05	1.0	0.0062725128636161994	1
793	Iter0794	4	5	6	3	0	0	0.4	0.6371863430686978	-0.000108872	0
794	Iter0795	5	3	6	3	1	0	0.8333333333333334	1.0	0.0110525	1
795	Iter0796	5	1	6	4	0	0	3.333333333333333	0.5879120879120866	-9.66277e-06	0
796	Iter0797	9	5	4	3	0	0	1.35	1.0	-0.00018847672889999998	0
797	Iter0798	7	6	4	0	1	0	0.22857142857142854	0.23739495798319205	0.03972585944	1
798	Iter0799	5	4	3	4	1	0	1.6666666666666667	1.0	0.00711036301	1
799	Iter0800	9	8	8	7	1	0	0.984375	1.0	0.0105448044	1
800	Iter0801	10	5	1	3	2	0	6.0	0.2621259029927765	0.0155673689	1
801	Iter0802	9	7	6	3	0	0	0.6428571428571429	0.69131780858797	-0.0005130641	0
802	Iter0803	3	5	3	2	0	0	0.4	0.5920745920745942	-0.0005341927899999999	0
803	Iter0804	5	8	3	1	0	0	0.20833333333333331	0.2941176470588229	-5.358643424999999e-07	0
804	Iter0805	7	8	3	2	1	0	0.5833333333333334	1.0	0.005709273766999999	1
805	Iter0806	8	9	4	1	1	0	0.2222222222222222	0.3233082706766893	0.06198447929	1
806	Iter0807	3	4	4	1	0	0	0.1875	0.2929292929292933	-3.61928e-05	0
807	Iter0808	3	6	3	3	0	0	0.5	0.6223776223776207	0.0	0
808	Iter0809	6	8	7	3	0	0	0.3214285714285714	0.2396688652577737	-0.000118647	0
809	Iter0810	4	3	7	1	0	0	0.19047619047619047	0.2820512820512816	-1.5949313121e-06	0
810	Iter0811	11	1	11	6	1	0	6.0	0.18719614551698704	0.0411073885734	1
811	Iter0812	10	5	1	0	1	0	0.9166666666666666	1.0	0.0053181393482000005	1
812	Iter0813	9	9	3	1	0	0	0.3333333333333333	0.5939849624060121	-2.34752e-07	0
813	Iter0814	4	5	3	4	0	0	1.0666666666666669	1.0	-8.717466e-05	0
814	Iter0815	5	5	7	0	0	0	0.125	0.044117647058823366	-0.000200577	0
815	Iter0816	7	4	3	2	0	0	1.1666666666666667	1.0	-6.497386100000001e-06	0
816	Iter0817	7	7	6	1	2	0	0.16666666666666666	0.17358101135190887	0.04354468231453	1
817	Iter0818	11	6	2	5	0	0	4.583333333333333	0.1819221967963391	-9.783532630000001e-05	0
818	Iter0819	11	5	5	1	0	0	0.4400000000000001	0.6341120180129485	-0.0001519379628882364	0
819	Iter0820	2	4	4	2	0	0	0.25	0.5670995670995689	0.0	0
820	Iter0821	3	6	5	2	1	0	0.2	0.3146853146853139	0.000851716	1
821	Iter0822	6	1	4	3	0	0	4.5	0.5594405594405601	-2.7412834000000003e-05	0
822	Iter0823	5	8	4	0	0	0	0.13333333333333333	0.08235294117647013	-0.00024927288991	0
823	Iter0824	4	6	4	6	0	0	1.0	1.0	-0.001769585	0
824	Iter0825	5	6	5	2	1	0	0.33333333333333337	0.36651583710407337	0.009995762437	1
825	Iter0826	11	10	6	5	1	0	0.9166666666666669	1.0	0.038644792080000004	1
826	Iter0827	7	6	3	2	1	0	0.7777777777777778	1.0	0.016881517193	1
827	Iter0828	6	4	6	2	0	0	0.5	0.6380090497737562	-0.000265893124	0
828	Iter0829	7	9	3	2	1	0	0.5185185185185185	0.6351172047766502	0.00341703213	1
829	Iter0830	8	4	3	5	1	0	3.333333333333333	0.3618480590616823	0.022446161000000003	1
830	Iter0831	8	2	5	1	2	0	0.8	1.0	0.0450562629614	1
831	Iter0832	7	5	7	5	0	0	1.0	1.0	-0.000724743	0
832	Iter0833	4	6	3	2	0	0	0.4444444444444444	0.6083916083916072	-1.49521e-05	0
833	Iter0834	8	7	8	1	1	0	0.14285714285714285	0.1781837761108202	0.021544001658629998	1
834	Iter0835	9	4	7	0	2	0	0.25	0.24871001031991885	0.020177365000000003	1
835	Iter0836	9	5	1	3	1	0	5.4	0.2745098039215692	0.018406925243700002	1
836	Iter0837	6	3	5	2	0	0	0.8	1.0	-5.480973e-05	0
837	Iter0838	5	3	4	2	1	0	0.8333333333333334	1.0	0.03818782097	1
838	Iter0839	5	3	3	0	1	0	0.375	0.4909090909090914	0.0156821922	1
839	Iter0840	7	5	3	2	0	0	0.9333333333333332	1.0	-7.269734027e-06	0
840	Iter0841	3	5	3	0	0	0	0.16666666666666666	0.1818181818181817	-5.984119999999999e-06	0
841	Iter0842	10	4	3	2	0	0	1.6666666666666667	1.0	-0.0001406226	0
842	Iter0843	10	8	3	4	0	0	1.6666666666666667	0.6727688787185362	-0.000274991121	0
843	Iter0844	5	9	8	1	1	0	0.06944444444444445	0.028806030421321637	0.027090592790409998	1
844	Iter0845	4	6	2	1	0	0	0.3333333333333333	0.5594405594405605	-1.82708e-05	0
845	Iter0846	6	4	3	1	1	0	0.5	1.0	0.013207015900709999	1
846	Iter0847	6	4	7	4	0	0	0.8571428571428571	1.0	-3.9494634e-06	0
847	Iter0848	4	3	3	2	0	0	0.8888888888888888	1.0	-1.51224e-05	0
848	Iter0849	6	8	5	1	1	1	0.15	0.15712074303405624	0.0266794	1
849	Iter0850	4	6	2	4	1	0	1.3333333333333333	1.0	0.010817410000000001	1
850	Iter0851	5	4	8	2	1	1	0.3125	0.3498452012383897	0.0175571803	1
851	Iter0852	8	6	7	0	1	0	0.16071428571428573	0.06088751289989695	0.015909407956	1
852	Iter0853	4	7	7	2	0	0	0.16326530612244894	0.0922838771135984	-6.90261e-05	0
853	Iter0854	4	4	11	4	0	0	0.3636363636363637	0.3712029434199326	0.0	0
854	Iter0855	5	6	5	2	2	0	0.33333333333333337	0.36651583710407337	0.02853347126	1
855	Iter0856	1	2	4	3	0	0	0.375	1.0	-1.59897e-09	0
856	Iter0857	7	6	5	3	1	0	0.7000000000000001	1.0	0.011434444557546001	1
857	Iter0858	5	7	2	2	1	0	0.7142857142857143	1.0	0.0228156	1
858	Iter0859	7	11	5	1	0	0	0.12727272727272726	0.15495259888852495	-8.5914166e-05	0
859	Iter0860	5	9	6	1	0	0	0.0925925925925926	0.06346749226006189	-4.59521461127e-06	0
860	Iter0861	6	7	7	4	0	0	0.4897959183673469	0.4441883160586887	-3.0164636e-05	0
861	Iter0862	6	1	6	3	1	0	3.0	0.5846153846153819	0.005459218	1
862	Iter0863	2	9	4	3	0	0	0.16666666666666666	0.14140271493212697	0.0	0
863	Iter0864	6	7	7	6	0	0	0.7346938775510203	1.0	-0.000183448589101	0
864	Iter0865	12	4	6	0	1	0	0.37142857142857133	0.5406698564593331	0.0317245927515464	1
865	Iter0866	4	7	4	2	2	0	0.2857142857142857	0.3348416289592757	0.07383891707000001	1
866	Iter0867	7	2	4	3	1	0	2.625	0.5961538461538439	0.02172206191	1
867	Iter0868	4	5	4	2	0	0	0.4	0.6083916083916074	-0.0001098215961	0
868	Iter0869	3	7	10	5	0	0	0.21428571428571427	0.11070130569390284	-0.00011239473999999999	0
869	Iter0870	5	7	6	4	0	0	0.4761904761904762	0.6699214098594888	-3.1086612e-06	0
870	Iter0871	8	3	4	1	2	0	0.6666666666666666	1.0	0.032133417520000006	1
871	Iter0872	12	6	2	3	1	0	3.0	0.34283336800499364	0.009636775598418369	1
872	Iter0873	6	8	6	6	0	0	0.75	1.0	-0.000260119458	0
873	Iter0874	8	3	7	0	1	0	0.28125	0.2450980392156873	0.0069374489893546006	1
874	Iter0875	6	2	8	3	0	0	1.125	1.0	-0.0003965317	0
875	Iter0876	4	6	5	4	1	0	0.5333333333333333	0.6562817986966591	0.020154199999996777	1
876	Iter0877	8	5	12	3	1	0	0.4	0.4096618357487896	0.020635469330280005	1
877	Iter0878	5	9	4	2	1	0	0.2777777777777778	0.3359133126934998	0.012406207	1
878	Iter0879	5	4	3	2	0	0	0.8333333333333334	1.0	-4.77165966e-05	0
879	Iter0880	1	11	3	3	0	0	0.09090909090909093	0.08333333333333362	0.0	0
880	Iter0881	5	11	8	2	0	0	0.11363636363636365	0.04140530354018044	0.0	0
881	Iter0882	5	6	2	1	1	0	0.4166666666666667	1.0	0.01356359625	1
882	Iter0883	6	8	5	7	1	0	1.05	1.0	0.038494464998911196	1
883	Iter0884	5	7	8	2	0	0	0.17857142857142858	0.0990712074303402	-0.00020002373	0
884	Iter0885	6	7	4	4	1	0	0.8571428571428571	1.0	0.009947790000000001	1
885	Iter0886	7	5	10	0	1	0	0.1212121212121212	0.039644565960355434	0.021880004396999997	1
886	Iter0887	6	4	5	3	2	0	0.8999999999999999	1.0	0.0204776307	1
887	Iter0888	9	6	2	3	1	1	2.25	0.6168730650154817	0.0145641074678	1
888	Iter0889	10	5	10	2	1	0	0.4	0.40821256038647774	0.06051469660390999	1
889	Iter0890	10	9	4	1	0	0	0.2777777777777778	0.3577075098814244	-0.00037266088999363004	0
890	Iter0891	7	5	3	3	0	0	1.4	1.0	-0.001282865	0
891	Iter0892	8	6	8	3	0	0	0.5	0.6766186566159713	-2.40676376e-06	0
892	Iter0893	9	6	6	5	1	0	1.25	1.0	0.015179692317	1
893	Iter0894	7	6	4	2	1	0	0.5833333333333334	1.0	0.0138230454234	1
894	Iter0895	10	5	4	2	0	0	1.0	1.0	-0.0001013849	0
895	Iter0896	5	5	5	0	0	0	0.16666666666666666	0.1008991008991007	-3.66298e-06	0
896	Iter0897	12	6	4	1	2	0	0.5	1.0	0.04104642156165	1
897	Iter0898	4	10	14	4	0	0	0.1142857142857143	0.011001706277591427	-0.0002364801	0
898	Iter0899	7	8	4	3	0	0	0.65625	1.0	-8.58084e-05	0
899	Iter0900	8	5	5	2	2	0	0.64	1.0	0.0280076386	1
900	Iter0901	7	8	7	2	0	0	0.25	0.20992058150491366	-6.90775e-05	0
901	Iter0902	2	4	11	4	0	0	0.18181818181818185	0.14617425917735505	0.0	0
902	Iter0903	13	6	7	1	0	0	0.3095238095238095	0.6333637377115705	-1.0406805830000001e-05	0
903	Iter0904	5	7	3	5	0	0	1.1904761904761905	1.0	-6.70692e-05	0
904	Iter0905	10	4	7	6	1	0	2.142857142857143	0.4400711924739423	0.021837526301913	1
905	Iter0906	6	4	5	2	2	0	0.6	1.0	0.0181398574	1
906	Iter0907	6	5	3	3	0	0	1.2	1.0	-1.6666440469999996e-06	0
907	Iter0908	4	8	3	2	0	0	0.3333333333333333	0.5927601809954732	-0.000203475852161	0
908	Iter0909	2	7	6	3	1	0	0.14285714285714285	0.15343480049362418	0.0152021	1
909	Iter0910	9	5	11	1	0	0	0.16363636363636366	0.16956521739130434	-0.000768793698	0
910	Iter0911	6	6	1	1	1	0	1.0	1.0	0.011670105371709	1
911	Iter0912	10	8	7	1	1	0	0.17857142857142858	0.19015026163767634	0.0034265193599423817	1
912	Iter0913	6	4	8	3	0	0	0.5625	0.6594427244582068	-0.001159195	0
913	Iter0914	10	6	6	3	3	0	0.8333333333333334	1.0	0.10459516190000001	1
914	Iter0915	8	6	9	1	1	0	0.14814814814814814	0.1717807364260464	0.0089103976	1
915	Iter0916	9	4	3	4	0	0	3.0	0.3563467492260052	-4.4661861800000006e-05	0
916	Iter0917	2	7	7	2	0	0	0.08163265306122447	0.056684491978609614	-7.28347e-07	0
917	Iter0918	8	5	3	1	0	0	0.5333333333333333	1.0	-5.695470000000001e-05	0
918	Iter0919	4	7	1	0	1	0	0.3125	0.4166666666666676	0.0263517312	1
919	Iter0920	5	8	8	0	1	0	0.07407407407407407	0.006840630989237761	0.016596958303000002	1
920	Iter0921	8	7	6	4	0	1	0.7619047619047619	1.0	-0.001106363978	0
921	Iter0922	8	4	7	2	1	0	0.5714285714285714	0.6594427244582046	0.035651000499999995	1
922	Iter0923	10	7	3	2	0	0	0.9523809523809524	1.0	-0.00097854253	0
923	Iter0924	7	7	3	5	0	0	1.6666666666666667	0.6749226006191948	-5.437944e-07	0
924	Iter0925	6	3	5	6	0	0	2.4	0.40585853774708297	-6.08511e-05	0
925	Iter0926	7	6	1	2	0	0	2.333333333333333	1.0	-6.69577e-05	0
926	Iter0927	6	8	0	1	1	0	1.5555555555555556	1.0	0.01481536294987473	1
927	Iter0928	5	6	4	2	1	0	0.4166666666666667	0.6199095022624437	0.0165086924	1
928	Iter0929	6	2	8	3	0	0	1.125	1.0	-3.40696e-05	0
929	Iter0930	10	5	3	1	1	0	0.6666666666666666	1.0	0.0225633920403	1
930	Iter0931	9	2	2	1	2	0	2.25	1.0	0.026853647203939998	1
931	Iter0932	8	6	3	4	1	0	1.7777777777777777	0.6594427244582046	0.011997568399999999	1
932	Iter0933	6	9	3	2	0	0	0.4444444444444444	0.6168730650154812	-5.510619399999999e-07	0
933	Iter0934	8	4	5	2	0	0	0.8	1.0	-0.00127298077	0
934	Iter0935	10	8	4	2	0	0	0.625	1.0	-1.309632e-06	0
935	Iter0936	6	6	2	3	0	0	1.5	1.0	-1.1483829033e-05	0
936	Iter0937	8	5	10	3	0	0	0.48	0.6727688787185334	-0.00069865118	0
937	Iter0938	7	1	5	1	0	1	1.4	1.0	-0.0008342845999999999	0
938	Iter0939	6	5	8	5	1	0	0.7499999999999999	1.0	0.0055600303	1
939	Iter0940	4	6	3	4	0	0	0.8888888888888888	1.0	-0.000797084462	0
940	Iter0941	5	4	2	2	2	0	1.25	1.0	0.0421735145073	1
941	Iter0942	10	8	8	0	0	0	0.1358024691358025	0.030844121553503686	-0.0003202564661	0
942	Iter0943	9	8	2	5	2	0	2.8125	0.3864416475972546	0.01284501287131	1
943	Iter0944	10	6	6	4	1	0	1.1111111111111112	1.0	0.0063797283	1
944	Iter0945	9	8	9	5	2	0	0.625	0.7168413416381814	0.0362357989	1
945	Iter0946	6	6	7	5	0	0	0.7142857142857143	1.0	-4.0887017077e-05	0
946	Iter0947	7	2	4	3	3	0	2.625	0.5961538461538439	0.07777411275870001	1
947	Iter0948	5	6	4	3	2	0	0.6250000000000001	1.0	0.0519793019	1
948	Iter0949	7	3	3	7	0	0	5.4444444444444455	0.17889540799757472	0.0	0
949	Iter0950	8	10	6	0	0	0	0.1168831168831169	0.02387143748699817	-0.00061645815	0
950	Iter0951	6	6	3	2	1	0	0.6666666666666666	1.0	0.01668542707	1
951	Iter0952	5	7	9	1	1	1	0.07936507936507936	0.03095975232198135	0.0015809780000000002	1
952	Iter0953	6	2	4	3	1	0	2.25	0.6083916083916068	0.0228820552361929	1
953	Iter0954	4	6	2	3	0	0	1.0	1.0	-0.000125387	0
954	Iter0955	7	6	1	3	1	0	3.5000000000000004	0.5764705882352927	0.08552097559999601	1
955	Iter0956	4	4	11	4	0	0	0.3636363636363637	0.3712029434199326	0.0	0
956	Iter0957	6	1	9	2	0	0	1.3333333333333333	1.0	-4.441130000000002e-06	0
957	Iter0958	4	5	1	4	0	0	3.2	0.5804195804195783	-3.92086233e-05	0
958	Iter0959	5	8	4	2	0	0	0.3125	0.34984520123838925	-1.64331e-06	0
959	Iter0960	10	4	5	3	0	0	1.5	1.0	-0.0004607230479	0
960	Iter0961	12	4	5	6	0	0	3.6	0.22379862700229125	-0.0010096304360001334	0
961	Iter0962	10	5	4	2	1	0	1.0	1.0	0.016223132320000003	1
962	Iter0963	10	5	4	1	0	0	0.5	1.0	-0.00079164630179	0
963	Iter0964	5	6	4	0	0	0	0.17142857142857146	0.10329670329670301	-0.000130557220089	0
964	Iter0965	3	2	8	3	0	0	0.5625	1.0	-0.0001022521	0
965	Iter0966	7	9	7	2	1	0	0.22222222222222224	0.20771570870911452	0.014568493980230003	1
966	Iter0967	9	6	4	0	1	0	0.2857142857142857	0.2554179566563461	0.015259817726619999	1
967	Iter0968	1	2	7	5	0	0	0.35714285714285715	0.5692307692307683	-0.000112248	0
968	Iter0969	6	7	3	2	0	0	0.5714285714285714	1.0	-0.00031860878876692	0
969	Iter0970	3	5	3	3	0	0	0.6	1.0	-1.79367e-07	0
970	Iter0971	5	3	5	2	1	0	0.6666666666666667	1.0	0.037194029674	1
971	Iter0972	7	6	6	0	0	0	0.16326530612244894	0.1092805543269932	-1.26923e-05	0
972	Iter0973	10	10	7	2	2	0	0.2857142857142857	0.2340752700572818	0.0631930962889318	1
973	Iter0974	7	5	4	1	1	0	0.35	0.6000323206205536	0.018174726743	1
974	Iter0975	7	4	3	3	1	0	1.75	0.6436651583710422	0.027658236472520005	1
975	Iter0976	5	8	7	0	1	0	0.08333333333333333	0.01465428276573781	0.03785035235127001	1
976	Iter0977	10	3	4	2	2	0	1.6666666666666667	1.0	0.0099750910097	1
977	Iter0978	7	7	7	3	2	0	0.42857142857142855	0.4212208911024378	0.06545408900000001	1
978	Iter0979	9	7	5	3	1	0	0.7714285714285715	1.0	0.00257241458481	1
979	Iter0980	8	6	5	2	0	0	0.5333333333333333	0.6556587547299609	-4.09715e-05	0
980	Iter0981	4	2	5	1	0	0	0.4	1.0	-0.000481094	0
981	Iter0982	4	5	3	1	0	0	0.26666666666666666	0.5594405594405606	-0.00044539099999999995	0
982	Iter0983	4	4	6	1	0	0	0.16666666666666666	0.28205128205128144	-0.000128112	0
983	Iter0984	2	4	8	6	1	0	0.375	0.6284829721362235	0.0204342	1
984	Iter0985	8	7	11	3	0	0	0.3116883116883117	0.24507746126936875	0.0	0
985	Iter0986	10	7	9	1	0	0	0.15873015873015872	0.18954089388872172	-0.00077970431291	0
986	Iter0987	1	6	5	5	0	0	0.16666666666666666	0.3042986425339368	0.0	0
987	Iter0988	10	5	6	1	1	0	0.3333333333333333	0.6158176189135942	0.024560936853	1
988	Iter0989	9	7	10	1	1	0	0.1285714285714286	0.08990462033940404	0.0076700322725	1
989	Iter0990	6	10	2	2	1	0	0.6	1.0	0.0219868849	1
990	Iter0991	2	8	3	2	0	0	0.16666666666666666	0.25074925074925025	-1.32536e-05	0
991	Iter0992	6	4	6	6	0	0	1.5	0.6913550845439353	-0.0001411596584	0
992	Iter0993	8	10	3	1	2	0	0.26666666666666666	0.5864661654135315	0.0473834075994	1
993	Iter0994	6	9	5	3	0	0	0.4	0.4003230582850992	-0.000647599247	0
994	Iter0995	5	9	6	4	0	0	0.3703703703703704	0.4080966482702925	-0.0007213004	0
995	Iter0996	9	9	8	1	0	0	0.125	0.09117152870013333	-6.06919864052e-06	0
996	Iter0997	8	1	6	4	1	0	5.333333333333333	0.30340557275541835	0.009842044610000001	1
997	Iter0998	7	5	8	5	0	0	0.8749999999999999	1.0	-0.0006075690000000001	0
998	Iter0999	8	6	7	0	1	0	0.16071428571428573	0.06088751289989695	0.0190726915564	1
999	Iter1000	3	2	8	1	1	0	0.1875	0.5054945054945037	0.0321937	1
