	IterId	dN	dS	pN	pS	bdN	bpN	MkScore	FSPVal	SelCoef	PosSel
0	Iter0001	8	7	2	2	0	0	1.1428571428571428	1.0	-0.00029599848282299996	0
1	Iter0002	11	4	3	1	0	0	0.9166666666666666	1.0	-0.0004281409126	0
2	Iter0003	11	3	2	2	0	0	3.6666666666666665	0.5326797385620922	-9.57097e-05	0
3	Iter0004	13	8	5	0	0	0	0.25925925925925924	0.2805107935542719	-7.416399363999999e-07	0
4	Iter0005	7	1	5	1	0	0	1.4	1.0	-1.21981e-06	0
5	Iter0006	13	9	1	2	0	0	2.888888888888889	0.5647826086956568	-0.0004140673	0
6	Iter0007	11	10	3	0	0	0	0.2727272727272727	0.23913043478260906	-9.012592799999998e-06	0
7	Iter0008	20	5	5	2	0	0	1.6	0.6316835895534509	-0.0005743106	0
8	Iter0009	13	3	2	1	0	0	2.1666666666666665	0.5304437564499507	-2.19847e-06	0
9	Iter0010	7	4	8	2	0	0	0.4375	0.6351172047766496	-5.35983e-05	0
10	Iter0011	9	7	4	1	0	0	0.32142857142857145	0.6064671482628156	-0.000138405	0
11	Iter0012	9	5	6	1	0	0	0.3	0.6126160990712111	-7.0236190480000004e-09	0
12	Iter0013	10	4	0	0	0	0	2.2	1.0	-8.663690002385261e-05	0
13	Iter0014	8	6	2	3	0	0	2.0	0.6284829721362228	-6.512313e-05	0
14	Iter0015	8	7	0	0	0	0	1.125	1.0	-8.442287669999998e-06	0
15	Iter0016	10	11	2	0	0	0	0.3055555555555555	0.4782608695652146	-6.89681064e-05	0
16	Iter0017	10	8	1	2	0	0	2.5	0.5864661654135335	-1.37975e-08	0
17	Iter0018	12	8	3	1	0	0	0.5	1.0	-0.00035363512392000006	0
18	Iter0019	12	3	6	1	0	0	0.6666666666666666	1.0	-0.0003517870186	0
19	Iter0020	16	9	3	1	0	0	0.5925925925925926	1.0	-4.3149325639999994e-05	0
20	Iter0021	17	7	5	0	0	0	0.375	0.2964927792514025	-0.0011517744499999999	0
21	Iter0022	15	5	3	2	0	0	2.0	0.5968379446640315	-7.834794410000001e-05	0
22	Iter0023	13	7	2	0	0	0	0.5833333333333334	1.0	0.0	0
23	Iter0024	11	7	3	3	0	0	1.5714285714285714	0.6653318077803205	-6.65554e-07	0
24	Iter0025	16	12	5	4	0	0	1.0666666666666669	1.0	-4.329663000000001e-06	0
25	Iter0026	11	8	8	4	0	0	0.6875	0.7172112561230906	0.0	0
26	Iter0027	9	6	2	3	0	0	2.25	0.6168730650154817	0.0	0
27	Iter0028	13	7	1	1	0	0	1.8571428571428568	1.0	-0.00013538868	0
28	Iter0029	9	7	2	0	0	0	0.4166666666666667	0.496732026143794	-6.5422269999999995e-06	0
29	Iter0030	9	2	2	2	0	0	4.5	0.5164835164835158	-1.34533e-07	0
30	Iter0031	16	7	1	4	0	0	9.142857142857142	0.061782661782661626	-0.000357142092657	0
31	Iter0032	14	4	3	3	0	0	3.5	0.30684418556272103	-0.0002838488552	0
32	Iter0033	19	5	2	1	0	0	1.9	0.5452991452991468	-6.15662829e-05	0
33	Iter0034	9	3	0	4	0	0	12.5	0.01923076923076913	-0.000245268085712	0
34	Iter0035	19	6	6	3	0	0	1.5833333333333333	0.6700708177512537	-6.27900526e-05	0
35	Iter0036	16	7	3	1	0	0	0.7619047619047619	1.0	-0.0006669164003	0
36	Iter0037	9	8	6	4	0	0	0.75	1.0	-8.919658e-05	0
37	Iter0038	11	8	1	0	0	0	0.6666666666666666	1.0	-8.195430000000002e-07	0
38	Iter0039	16	6	4	2	0	0	1.3333333333333333	1.0	-0.000261020669682032	0
39	Iter0040	14	5	2	2	0	0	2.8	0.5573122529644269	-9.723485402600001e-05	0
40	Iter0041	8	3	4	2	0	0	1.3333333333333333	1.0	-1.0608380000000002e-05	0
41	Iter0042	11	12	4	2	0	0	0.4583333333333333	0.6513409961685963	-6.2202573408e-05	0
42	Iter0043	8	5	3	2	0	0	1.0666666666666669	1.0	-0.000339304825907	0
43	Iter0044	10	9	4	1	0	0	0.2777777777777778	0.3577075098814244	-0.000519408308384	0
44	Iter0045	5	4	4	5	0	0	1.5625	1.0	-0.000275065	0
45	Iter0046	12	5	4	3	0	0	1.8	0.6466264475417836	-0.00016480714683999998	0
46	Iter0047	8	6	6	5	0	0	1.1111111111111112	1.0	-0.000229609	0
47	Iter0048	12	6	3	2	0	0	1.3333333333333333	1.0	-0.00020270521097999998	0
48	Iter0049	12	2	3	2	0	0	4.0	0.272187822497422	-0.0007881819	0
49	Iter0050	12	5	3	1	0	0	0.7999999999999999	1.0	-0.0011812417015190804	0
50	Iter0051	19	3	5	0	0	0	0.8333333333333334	1.0	-0.0005532478303934729	0
51	Iter0052	7	11	3	2	0	0	0.42424242424242425	0.6175220660346479	-0.000340119	0
52	Iter0053	10	4	7	2	0	0	0.7142857142857143	1.0	-0.00012897462	0
53	Iter0054	12	8	3	3	0	0	1.5	1.0	-6.813960000000002e-06	0
54	Iter0055	11	6	8	3	0	0	0.6875	1.0	-0.00022109438999999998	0
55	Iter0056	11	6	2	1	0	0	0.9166666666666666	1.0	-0.000196947214	0
56	Iter0057	16	9	1	3	0	0	5.333333333333333	0.2785145888594198	-0.00015267318773	0
57	Iter0058	11	5	5	2	0	0	0.8800000000000001	1.0	-0.00100254	0
58	Iter0059	14	5	3	2	0	0	1.8666666666666665	0.6080368906455886	-0.001374373	0
59	Iter0060	14	9	3	2	0	0	1.037037037037037	1.0	-3.654237205999999e-05	0
60	Iter0061	9	7	5	4	0	0	1.0285714285714287	1.0	-0.00011116066999999999	0
61	Iter0062	18	4	1	0	0	0	1.9	1.0	-3.5947971680000004e-05	0
62	Iter0063	11	6	4	2	0	0	0.9166666666666666	1.0	-1.61767e-09	0
63	Iter0064	10	6	1	2	0	0	3.333333333333333	0.545923632610939	-3.4967000000000008e-06	0
64	Iter0065	12	6	4	2	0	0	1.0	1.0	-0.00014622639	0
65	Iter0066	15	5	1	2	0	0	6.0	0.20948616600790487	-2.1925412400999997e-06	0
66	Iter0067	12	2	5	0	0	0	0.7222222222222222	1.0	-3.988125532299999e-05	0
67	Iter0068	16	8	3	3	0	0	2.0	0.6409751168371913	-3.1560231032700006e-05	0
68	Iter0069	13	9	4	3	0	0	1.0833333333333337	1.0	-2.083504e-05	0
69	Iter0070	15	5	5	3	0	0	1.7999999999999998	0.6508226073443438	-0.000147322	0
70	Iter0071	17	6	9	2	0	0	0.6296296296296297	1.0	-0.000804708056685	0
71	Iter0072	11	5	3	1	0	0	0.7333333333333334	1.0	0.0	0
72	Iter0073	10	3	4	0	0	0	0.55	0.5411764705882334	-6.60587e-05	0
73	Iter0074	16	5	2	2	0	0	3.2	0.5484584980237129	-0.00020600098749999998	0
74	Iter0075	11	10	0	3	0	0	4.363636363636363	0.2228260869565215	-6.060498400000001e-06	0
75	Iter0076	14	5	1	2	0	0	5.6	0.2272727272727273	-1.85669304826e-05	0
76	Iter0077	11	6	4	3	0	0	1.375	1.0	-2.801886e-05	0
77	Iter0078	11	5	6	3	0	0	1.1	1.0	-0.00011786088029599101	0
78	Iter0079	12	3	3	0	0	0	0.8125	1.0	-0.000201533	0
79	Iter0080	12	5	3	0	0	0	0.5416666666666666	0.5394736842105303	-0.00020455292999999999	0
80	Iter0081	15	2	1	1	0	0	7.5	0.298245614035087	-3.09849247541e-06	0
81	Iter0082	15	8	3	3	0	0	1.875	0.6456991284577587	-3.0519089e-05	0
82	Iter0083	13	7	5	1	0	0	0.37142857142857133	0.6278504104591073	-0.00012130889199999998	0
83	Iter0084	12	5	4	2	0	0	1.2	1.0	-7.75358e-05	0
84	Iter0085	12	2	4	0	0	0	0.8666666666666666	1.0	-0.0001977713	0
85	Iter0086	15	5	4	4	0	0	3.0	0.3714806932198232	-2.5405550000000003e-05	0
86	Iter0087	17	4	4	2	0	0	2.125	0.5875342049255114	-0.0003429619054	0
87	Iter0088	15	6	3	1	0	0	0.8333333333333334	1.0	-0.00036359040302657924	0
88	Iter0089	17	5	1	2	0	0	6.8	0.17956521739130468	-0.0013256423899999999	0
89	Iter0090	12	5	2	3	0	0	3.6	0.3088782562466785	-7.857568e-06	0
90	Iter0091	8	8	2	2	0	0	1.0	1.0	-0.0006518083	0
91	Iter0092	10	8	3	1	0	0	0.4166666666666667	0.6161312371838655	-9.02442e-06	0
92	Iter0093	7	6	5	2	0	0	0.4666666666666667	0.6424148606811135	-1.60999e-05	0
93	Iter0094	15	7	2	0	0	0	0.6666666666666666	1.0	-0.00033067966800000005	0
94	Iter0095	16	5	4	2	0	0	1.6	0.6333637377115688	-0.00016462859800000002	0
95	Iter0096	9	9	6	3	0	0	0.5	0.6828375286041257	-7.597962e-05	0
96	Iter0097	10	7	4	2	0	0	0.7142857142857143	1.0	-0.0007588380000000001	0
97	Iter0098	11	5	2	0	0	0	0.6666666666666666	1.0	-7.236409999999998e-07	0
98	Iter0099	11	7	4	2	0	0	0.7857142857142857	1.0	-0.00048622425	0
99	Iter0100	19	3	3	0	0	0	1.25	1.0	-0.000115583108	0
100	Iter0101	14	4	4	2	0	0	1.75	0.6180570002080263	-0.0011116761502	0
101	Iter0102	13	5	4	1	0	0	0.65	1.0	-8.107918925e-05	0
102	Iter0103	12	6	4	5	0	0	2.5	0.41052631578947707	-2.935338e-05	0
103	Iter0104	15	5	3	2	0	0	2.0	0.5968379446640315	-0.00012996010000000002	0
104	Iter0105	7	4	4	3	0	0	1.3125	1.0	-0.0005445268496000001	0
105	Iter0106	9	8	5	2	0	0	0.45	0.6529366895499655	0.0	0
106	Iter0107	11	5	3	0	0	0	0.5	0.53044375644995	-0.001779079921	0
107	Iter0108	8	10	4	1	0	0	0.2	0.3167701863354012	-1.1754782999999999e-06	0
108	Iter0109	16	5	1	3	0	0	9.6	0.08079051383399215	-0.0011068307965799997	0
109	Iter0110	7	7	2	0	0	0	0.3333333333333333	0.4749999999999993	-0.0001193341	0
110	Iter0111	8	4	2	3	0	0	3.0	0.5927601809954732	-0.0007432439999999999	0
111	Iter0112	6	4	2	3	0	0	2.25	0.6083916083916072	0.0	0
112	Iter0113	12	6	6	2	0	0	0.6666666666666666	1.0	-4.1608e-06	0
113	Iter0114	11	3	10	1	0	0	0.36666666666666653	0.604347826086961	0.0	0
114	Iter0115	16	5	2	2	0	0	3.2	0.5484584980237129	-2.61827e-05	0
115	Iter0116	6	8	3	1	0	0	0.25	0.5764705882352943	0.0	0
116	Iter0117	11	8	9	5	0	0	0.7638888888888888	1.0	-0.00144740217	0
117	Iter0118	9	4	3	2	0	0	1.5	1.0	-0.0002189245013	0
118	Iter0119	19	4	5	1	0	0	0.95	1.0	-1.19931015275e-06	0
119	Iter0120	7	4	1	3	0	0	5.25	0.2820512820512819	-0.000560003	0
120	Iter0121	5	7	3	1	0	0	0.2380952380952381	0.5692307692307679	-3.7081e-07	0
121	Iter0122	10	5	7	2	0	0	0.5714285714285714	0.6687122945704241	-0.00086704763	0
122	Iter0123	10	11	2	1	0	0	0.4545454545454545	1.0	-1.0618261e-05	0
123	Iter0124	13	6	2	2	0	0	2.1666666666666665	0.5889328063241095	-0.000725772275086	0
124	Iter0125	12	4	5	1	0	0	0.6	1.0	-2.1408567549999996e-06	0
125	Iter0126	15	8	3	2	0	0	1.25	1.0	0.0	0
126	Iter0127	14	1	1	0	0	0	3.75	1.0	-0.000652066878	0
127	Iter0128	8	7	3	5	0	0	1.9047619047619049	0.6668461434917228	-0.0003211058	0
128	Iter0129	12	7	4	3	0	0	1.2857142857142858	1.0	-0.0013588209999999999	0
129	Iter0130	9	2	1	2	0	0	9.0	0.1758241758241759	-0.0011654595	0
130	Iter0131	8	1	2	0	0	0	1.5	1.0	0.0	0
131	Iter0132	17	4	3	2	0	0	2.833333333333333	0.5580723624201848	-0.00035808727010430203	0
132	Iter0133	14	6	1	1	0	0	2.333333333333333	1.0	-0.00034202280007047595	0
133	Iter0134	12	5	5	2	0	0	0.96	1.0	-0.00020611306959999998	0
134	Iter0135	6	2	3	2	0	0	2.0	1.0	-5.3179e-10	0
135	Iter0136	11	6	3	4	0	0	2.4444444444444438	0.39263920671243613	0.0	0
136	Iter0137	6	3	10	1	0	0	0.2	0.28482972136223017	-7.119193e-05	0
137	Iter0138	4	5	12	2	0	0	0.13333333333333333	0.06571299208262457	-7.58688e-05	0
138	Iter0139	12	5	3	4	0	0	3.2	0.3563553151653869	-0.0001605366203	0
139	Iter0140	5	10	8	1	0	0	0.0625	0.013056939022748728	-1.10749e-09	0
140	Iter0141	13	5	7	4	0	0	1.4857142857142858	0.694152923538238	-0.000423498198185	0
141	Iter0142	13	11	2	0	0	0	0.3888888888888889	0.4923076923076942	-0.000820129767	0
142	Iter0143	7	11	5	2	0	0	0.2545454545454545	0.201556064073226	-1.1013e-12	0
143	Iter0144	11	7	6	1	0	0	0.2619047619047619	0.3622966507177039	-1.227023e-05	0
144	Iter0145	18	6	4	0	0	0	0.5428571428571429	0.5487179487179469	-1.817344e-05	0
145	Iter0146	18	8	4	0	0	0	0.4222222222222222	0.5504469987228662	-6.628516313000001e-05	0
146	Iter0147	14	7	4	5	0	0	2.5	0.4181063314496608	-0.00016949772000000003	0
147	Iter0148	11	10	5	0	0	0	0.1818181818181818	0.12131346913955625	-0.00015439069639143	0
148	Iter0149	13	6	5	1	0	0	0.4333333333333333	0.6371541501976321	-3.6279378000000004e-05	0
149	Iter0150	18	8	5	5	0	0	2.25	0.4402070616900805	-5.2257224e-05	0
150	Iter0151	7	10	5	1	0	0	0.14	0.15495259888852536	-0.000421049	0
151	Iter0152	7	3	3	1	0	0	0.7777777777777778	1.0	-3.8664349e-05	0
152	Iter0153	16	8	2	3	0	0	3.0	0.33863837312113465	-0.00039688280000000004	0
153	Iter0154	10	7	1	2	0	0	2.8571428571428568	0.5657894736842122	-4.18926e-05	0
154	Iter0155	11	7	3	2	0	0	1.0476190476190477	1.0	-0.000134581138025	0
155	Iter0156	11	6	0	2	0	0	5.142857142857143	0.1637426900584798	-0.0008791348510770001	0
156	Iter0157	8	6	3	1	0	0	0.4444444444444444	1.0	-2.06198e-08	0
157	Iter0158	11	1	11	1	0	0	1.0	1.0	0.0	0
158	Iter0159	9	6	1	0	0	0	0.7142857142857143	1.0	-3.015821e-05	0
159	Iter0160	14	3	1	0	0	0	1.875	1.0	-0.00036190710699999997	0
160	Iter0161	15	6	3	1	0	0	0.8333333333333334	1.0	-5.407159999999999e-10	0
161	Iter0162	4	5	4	2	0	0	0.4	0.6083916083916074	-2.39688e-05	0
162	Iter0163	9	7	0	3	0	0	5.0	0.21052631578947428	-5.40411e-07	0
163	Iter0164	12	7	2	1	0	0	0.8571428571428571	1.0	-0.00015553135	0
164	Iter0165	12	2	3	4	0	0	8.0	0.11958204334365385	-4.4261836564e-05	0
165	Iter0166	13	7	2	2	0	0	1.8571428571428568	0.6146245059288578	-0.00049992553	0
166	Iter0167	13	8	3	3	0	0	1.625	0.6618357487922798	0.0	0
167	Iter0168	7	8	6	2	0	0	0.2916666666666667	0.3787858392785009	-2.0475200000000003e-10	0
168	Iter0169	13	9	4	4	0	0	1.4444444444444444	0.6976267421844687	-0.0005434084911638001	0
169	Iter0170	10	5	2	7	0	0	7.0	0.08937945887737257	-0.00174045	0
170	Iter0171	11	3	4	4	0	0	3.6666666666666665	0.34262125902992835	-0.00014472090000000002	0
171	Iter0172	12	6	4	3	0	0	1.5	0.6728770542958245	-0.00010704740239999999	0
172	Iter0173	14	4	2	0	0	0	1.0	1.0	-0.00030102857267	0
173	Iter0174	12	6	4	5	0	0	2.5	0.41052631578947707	-0.0001465560159494	0
174	Iter0175	11	12	2	2	0	0	0.9166666666666666	1.0	-0.00022409829632180002	0
175	Iter0176	19	5	8	1	0	0	0.475	1.0	-0.001333331856	0
176	Iter0177	10	7	4	2	0	0	0.7142857142857143	1.0	-9.104656374005898e-05	0
177	Iter0178	11	8	1	2	0	0	2.75	0.5714285714285681	-0.00026956180000000003	0
178	Iter0179	5	3	1	4	0	0	6.666666666666668	0.2657342657342665	0.0	0
179	Iter0180	23	12	1	0	0	0	0.9230769230769232	1.0	-0.0023566845415290004	0
180	Iter0181	15	6	5	2	0	0	1.0	1.0	-6.823060000000001e-06	0
181	Iter0182	8	7	4	2	0	0	0.5714285714285714	0.6594427244582047	0.0	0
182	Iter0183	10	3	2	1	0	0	1.6666666666666667	1.0	-2.3137630999999998e-05	0
183	Iter0184	11	7	1	1	0	0	1.5714285714285714	1.0	-0.000198573652	0
184	Iter0185	6	1	3	4	0	0	8.0	0.2657342657342656	-8.0155094e-05	0
185	Iter0186	16	7	5	7	0	0	3.2	0.1534186132740105	-7.0788272e-05	0
186	Iter0187	10	9	4	1	0	0	0.2777777777777778	0.3577075098814244	-7.414039999999999e-05	0
187	Iter0188	13	9	3	4	0	0	1.9259259259259256	0.6665000832916963	-0.00012463389	0
188	Iter0189	14	4	6	3	0	0	1.75	0.6526603830951689	-0.0014596232	0
189	Iter0190	16	7	4	4	0	0	2.2857142857142856	0.4054856773433007	-0.00052046919	0
190	Iter0191	10	4	4	0	0	0	0.4400000000000001	0.524183006535951	-0.00020997280000000006	0
191	Iter0192	11	6	3	1	0	0	0.6111111111111109	1.0	-2.763724253e-06	0
192	Iter0193	9	7	4	4	0	0	1.2857142857142858	1.0	0.0	0
193	Iter0194	12	5	3	3	0	0	2.4	0.6213854795090508	-0.000439073361	0
194	Iter0195	10	7	5	2	0	0	0.5714285714285714	0.6687122945704231	-0.00029341598669999997	0
195	Iter0196	10	3	3	2	0	0	2.2222222222222223	0.5827497665732948	-7.3058687999999984e-06	0
196	Iter0197	9	4	2	2	0	0	2.25	0.5840336134453747	-0.0010507049454000002	0
197	Iter0198	6	8	3	0	0	0	0.19444444444444445	0.20588235294117668	-0.000247422	0
198	Iter0199	11	8	1	5	0	0	6.875	0.1602484472049691	-0.0004326005000110434	0
199	Iter0200	9	8	2	5	0	0	2.8125	0.3864416475972546	-1.24598994e-05	0
200	Iter0201	8	8	3	1	0	0	0.3333333333333333	0.5913312693498459	-8.778398819999999e-05	0
201	Iter0202	12	11	4	1	0	0	0.2727272727272727	0.3553113553113548	-5.851087e-06	0
202	Iter0203	12	7	0	4	0	0	8.125	0.037267080745341394	-1.2550422828999997e-06	0
203	Iter0204	8	5	2	0	0	0	0.5	0.5238095238095224	-0.0001921407	0
204	Iter0205	14	6	3	1	0	0	0.7777777777777778	1.0	-0.00037261804518619996	0
205	Iter0206	13	11	2	2	0	0	1.181818181818182	1.0	-0.000487149609224	0
206	Iter0207	7	5	3	1	0	0	0.4666666666666666	1.0	-0.00014875	0
207	Iter0208	5	8	2	2	0	0	0.625	1.0	0.0	0
208	Iter0209	7	5	1	1	0	0	1.4	1.0	-2.13569e-05	0
209	Iter0210	11	7	3	0	0	0	0.375	0.5210526315789489	-7.731420265000001e-05	0
210	Iter0211	9	11	4	1	0	0	0.20454545454545456	0.3217391304347825	-3.5294569999999997e-06	0
211	Iter0212	12	4	6	1	0	0	0.5	1.0	-0.00027908749700000004	0
212	Iter0213	10	3	4	2	0	0	1.6666666666666667	1.0	-1.678429e-05	0
213	Iter0214	10	3	4	2	0	0	1.6666666666666667	1.0	-0.000234132	0
214	Iter0215	7	9	5	2	0	0	0.3111111111111111	0.3707093821510306	-0.000366034	0
215	Iter0216	13	5	4	0	0	0	0.4666666666666667	0.535201640464795	-0.00097371678241	0
216	Iter0217	10	4	2	1	0	0	1.25	1.0	-3.67644038e-05	0
217	Iter0218	15	5	4	2	0	0	1.5	1.0	-0.0006332794	0
218	Iter0219	9	2	6	2	0	0	1.5	1.0	-0.0001669591721	0
219	Iter0220	13	8	1	0	0	0	0.7777777777777778	1.0	-0.00074170037	0
220	Iter0221	9	6	3	4	0	0	2.0	0.6517027863777056	-6.25484605e-05	0
221	Iter0222	11	5	2	1	0	0	1.1	1.0	-4.55963e-07	0
222	Iter0223	12	3	8	3	0	0	1.5	1.0	-8.00885e-05	0
223	Iter0224	12	5	3	4	0	0	3.2	0.3563553151653869	-0.00015919624	0
224	Iter0225	13	7	1	2	0	0	3.7142857142857135	0.5375494071146246	-2.1602146e-05	0
225	Iter0226	15	4	2	0	0	0	1.0666666666666669	1.0	-0.00030155627000000003	0
226	Iter0227	13	7	2	1	0	0	0.9285714285714286	1.0	-0.0002129015457	0
227	Iter0228	11	4	4	1	0	0	0.6875	1.0	-0.00022908070000000004	0
228	Iter0229	7	5	4	2	0	0	0.7	1.0	-6.697254282799999e-05	0
229	Iter0230	7	7	2	1	0	0	0.5	1.0	-0.000251487	0
230	Iter0231	8	1	2	1	0	0	4.0	0.4545454545454555	-0.0005043140000000001	0
231	Iter0232	6	6	1	4	0	0	4.0	0.3382352941176461	0.0	0
232	Iter0233	10	6	9	0	0	0	0.15714285714285714	0.05707509881422939	0.0	0
233	Iter0234	16	2	4	6	0	0	12.0	0.01104692409040223	-1.4587899999999996e-06	0
234	Iter0235	13	3	4	1	0	0	1.0833333333333333	1.0	-0.000210659	0
235	Iter0236	6	11	1	5	0	0	2.727272727272727	0.6213854795090509	-0.000273148603	0
236	Iter0237	14	6	2	3	0	0	3.5000000000000004	0.3122529644268792	-0.0005192268911719999	0
237	Iter0238	9	8	4	3	0	0	0.84375	1.0	-4.478251279999999e-05	0
238	Iter0239	11	8	4	2	0	0	0.6875	1.0	-1.7418690000000002e-05	0
239	Iter0240	7	8	6	3	0	0	0.4375	0.4225333153856515	-4.135728599999999e-05	0
240	Iter0241	11	10	4	5	0	0	1.375	1.0	0.0	0
241	Iter0242	12	3	2	1	0	0	2.0	1.0	-2.9500134939000006e-05	0
242	Iter0243	12	8	3	3	0	0	1.5	1.0	0.0	0
243	Iter0244	11	1	9	3	0	0	3.6666666666666665	0.5900621118012419	-0.000254139616	0
244	Iter0245	11	6	7	1	0	0	0.2619047619047619	0.36229665071770456	-0.00040531	0
245	Iter0246	11	9	2	0	0	0	0.4	0.4935064935064917	-0.00016716725305	0
246	Iter0247	7	6	3	2	0	0	0.7777777777777778	1.0	0.0	0
247	Iter0248	5	6	4	2	0	0	0.4166666666666667	0.6199095022624437	0.0	0
248	Iter0249	12	2	2	0	0	0	1.4444444444444444	1.0	-0.00049581658	0
249	Iter0250	5	4	4	3	0	0	0.9375	1.0	-1.40576e-05	0
250	Iter0251	11	5	3	7	0	0	5.133333333333334	0.1053708439897703	-0.00015371867000000001	0
251	Iter0252	6	3	4	1	0	0	0.5	1.0	0.0	0
252	Iter0253	16	4	1	2	0	0	8.0	0.1552795031055889	0.0	0
253	Iter0254	10	7	4	2	0	0	0.7142857142857143	1.0	0.0	0
254	Iter0255	16	8	4	1	0	0	0.5	1.0	-0.000130703713	0
255	Iter0256	19	7	5	0	0	0	0.4166666666666667	0.5622296378692421	-0.00021437273772161	0
256	Iter0257	11	7	6	1	0	0	0.2619047619047619	0.3622966507177039	-4.260164900000001e-05	0
257	Iter0258	13	7	1	1	0	0	1.8571428571428568	1.0	-0.0007275289284800001	0
258	Iter0259	12	5	4	2	0	0	1.2	1.0	-0.000663954	0
259	Iter0260	15	6	5	3	0	0	1.5	0.6749038068378481	0.0	0
260	Iter0261	10	9	2	2	0	0	1.1111111111111112	1.0	-1.18816447848e-06	0
261	Iter0262	16	10	3	6	0	0	3.2	0.2453028617655993	-2.1468800000000003e-09	0
262	Iter0263	6	8	3	1	0	0	0.25	0.5764705882352943	-1.9607120000000002e-05	0
263	Iter0264	18	13	4	3	0	0	1.0384615384615383	1.0	-4.49298e-07	0
264	Iter0265	16	6	2	2	0	0	2.6666666666666665	0.563344481605351	-0.00029269839999999996	0
265	Iter0266	11	1	1	2	0	0	22.0	0.08131868131868061	-0.00056911328	0
266	Iter0267	11	6	3	1	0	0	0.6111111111111109	1.0	-5.49121e-05	0
267	Iter0268	10	7	1	1	0	0	1.4285714285714286	1.0	-0.000119597677	0
268	Iter0269	8	4	2	4	0	0	4.0	0.3212669683257923	-0.00127128417478	0
269	Iter0270	12	3	4	5	0	0	5.0	0.09943831911795407	-0.00013352035068000002	0
270	Iter0271	15	6	5	5	0	0	2.5	0.4232164314864924	-6.201172e-05	0
271	Iter0272	4	6	4	3	0	0	0.5	0.6371863430686964	-0.00099768687	0
272	Iter0273	10	4	3	3	0	0	2.5	0.6126160990712081	-0.000117992041	0
273	Iter0274	15	7	2	2	0	0	2.142857142857143	0.5906354515050194	-0.0006158526793	0
274	Iter0275	6	10	2	3	0	0	0.9	1.0	-0.00039596815	0
275	Iter0276	15	6	3	0	0	0	0.5714285714285714	0.5464426877470315	-0.0002467562958	0
276	Iter0277	11	5	2	3	0	0	3.3000000000000003	0.3253722541648241	-0.0001265391883	0
277	Iter0278	13	5	3	5	0	0	4.333333333333334	0.18918244227168812	-3.785631200000001e-09	0
278	Iter0279	11	6	3	2	0	0	1.2222222222222219	1.0	-0.000813838	0
279	Iter0280	11	10	1	7	0	0	7.700000000000001	0.09256653724419922	-3.7483314000000006e-06	0
280	Iter0281	7	9	1	1	0	0	0.7777777777777778	1.0	-0.000430889	0
281	Iter0282	11	4	7	1	0	0	0.3928571428571429	0.6213854795090467	-0.0007606798000000001	0
282	Iter0283	8	3	1	2	0	0	5.333333333333333	0.5054945054945037	-6.1674400000000016e-06	0
283	Iter0284	11	8	8	5	0	0	0.859375	1.0	-8.75951303e-06	0
284	Iter0285	4	10	4	5	0	0	0.5	0.6570197873199632	0.0	0
285	Iter0286	13	3	5	0	0	0	0.5833333333333334	0.5488721804511292	-0.0008513487930724657	0
286	Iter0287	5	6	3	5	0	0	1.3888888888888893	1.0	0.0	0
287	Iter0288	9	4	8	2	0	0	0.5625	0.6600196142530221	-5.968828e-05	0
288	Iter0289	18	8	7	2	0	0	0.6428571428571429	1.0	0.0	0
289	Iter0290	17	7	0	3	0	0	9.0	0.041025641025641255	-0.000200833207	0
290	Iter0291	12	12	4	2	0	0	0.5	0.6567049808429214	-5.6001920000000005e-05	0
291	Iter0292	6	4	5	5	0	0	1.5	1.0	0.0	0
292	Iter0293	14	8	8	3	0	0	0.65625	0.7092049508744345	-9.95935e-05	0
293	Iter0294	14	7	0	0	0	0	1.875	1.0	-0.000328663971	0
294	Iter0295	7	5	0	0	0	0	1.3333333333333333	1.0	-0.000156472778595	0
295	Iter0296	16	5	4	5	0	0	4.0	0.11546744110462252	-0.0006856917781	0
296	Iter0297	5	8	4	0	0	0	0.13333333333333333	0.08235294117647013	0.0	0
297	Iter0298	16	6	1	2	0	0	5.333333333333333	0.2313043478260884	-0.00020241043999999996	0
298	Iter0299	15	9	4	1	0	0	0.4166666666666667	0.63281546040167	-0.0008459822293	0
299	Iter0300	16	3	4	0	0	0	0.85	1.0	-0.0011257824100000002	0
300	Iter0301	7	4	7	3	0	0	0.75	1.0	-9.07684e-05	0
301	Iter0302	11	12	0	0	0	0	0.9230769230769232	1.0	-2.7353e-05	0
302	Iter0303	14	2	4	2	0	0	3.5	0.2918660287081352	-3.647316e-05	0
303	Iter0304	13	5	3	2	0	0	1.7333333333333334	0.6213854795090492	-0.000174705172	0
304	Iter0305	9	3	2	4	0	0	6.0	0.14140271493212708	-0.0004687561	0
305	Iter0306	8	8	6	2	0	0	0.3333333333333333	0.3875353344999344	-3.59411698e-05	0
306	Iter0307	16	5	3	1	0	0	1.0666666666666669	1.0	-4.2977299999999986e-05	0
307	Iter0308	13	7	1	2	0	0	3.7142857142857135	0.5375494071146246	-0.000540813	0
308	Iter0309	7	7	2	4	0	0	2.0	0.6424148606811164	-2.81664e-06	0
309	Iter0310	6	7	2	1	0	0	0.42857142857142855	1.0	-5.113360379731e-08	0
310	Iter0311	11	8	2	1	0	0	0.6875	1.0	-0.0011477805	0
311	Iter0312	13	4	4	2	0	0	1.625	0.6322030372373628	-0.00026079149	0
312	Iter0313	5	6	2	1	0	0	0.4166666666666667	1.0	-0.00019800127763299998	0
313	Iter0314	12	6	4	1	0	0	0.5	1.0	0.0	0
314	Iter0315	6	5	5	1	0	0	0.24	0.3333872010342601	-0.000590744	0
315	Iter0316	11	5	7	4	0	0	1.2571428571428571	1.0	-0.000200428883	0
316	Iter0317	14	7	3	3	0	0	2.0	0.6381878990574705	-0.000341904988514172	0
317	Iter0318	14	6	6	4	0	0	1.5555555555555556	0.6903845779408042	-0.00024202297999999998	0
318	Iter0319	6	8	2	0	0	0	0.25925925925925924	0.4666666666666657	-0.0001315203936	0
319	Iter0320	9	10	4	2	0	0	0.45	0.644720496894412	-5.2101225e-05	0
320	Iter0321	9	6	3	1	0	0	0.5	1.0	-0.0007477579099999999	0
321	Iter0322	10	5	3	2	0	0	1.3333333333333333	1.0	-0.0002601481	0
322	Iter0323	7	5	3	2	0	0	0.9333333333333332	1.0	-0.000302842	0
323	Iter0324	19	7	3	1	0	0	0.9047619047619048	1.0	-0.000709355191	0
324	Iter0325	6	6	3	4	0	0	1.3333333333333333	1.0	-1.78712e-10	0
325	Iter0326	7	6	4	3	0	0	0.8750000000000001	1.0	-7.025599e-05	0
326	Iter0327	10	9	2	1	0	0	0.5555555555555556	1.0	-2.330102e-05	0
327	Iter0328	15	3	5	1	0	0	1.0	1.0	-0.00053517898951	0
328	Iter0329	12	8	2	1	0	0	0.75	1.0	-5.1413431e-05	0
329	Iter0330	11	5	3	3	0	0	2.2	0.6243550051599605	-4.13679397e-05	0
330	Iter0331	9	7	3	0	0	0	0.3125	0.2631578947368429	-3.2695708346e-05	0
331	Iter0332	12	6	3	2	0	0	1.3333333333333333	1.0	-2.18421588e-06	0
332	Iter0333	13	8	1	0	0	0	0.7777777777777778	1.0	-8.69916209226e-05	0
333	Iter0334	12	7	2	1	0	0	0.8571428571428571	1.0	-0.0008929711718569999	0
334	Iter0335	11	12	4	4	0	0	0.9166666666666666	1.0	-7.77758e-05	0
335	Iter0336	7	5	2	2	0	0	1.4	1.0	-0.000142848123666	0
336	Iter0337	10	4	3	0	0	0	0.55	0.5411764705882353	-0.000465867276	0
337	Iter0338	10	4	1	1	0	0	2.5	1.0	-4.26702e-05	0
338	Iter0339	8	6	6	2	0	0	0.4444444444444444	0.649398004815961	-0.00044148266350000004	0
339	Iter0340	11	5	1	0	0	0	1.0	1.0	-0.0002501950000331159	0
340	Iter0341	12	7	3	5	0	0	2.8571428571428568	0.39806763285024704	-0.0008391816	0
341	Iter0342	14	4	4	4	0	0	3.5	0.19720151701845	-2.1169764399999996e-05	0
342	Iter0343	6	11	1	2	0	0	1.0909090909090908	1.0	0.0	0
343	Iter0344	10	3	3	2	0	0	2.2222222222222223	0.5827497665732948	-0.00012754120000000002	0
344	Iter0345	13	5	3	2	0	0	1.7333333333333334	0.6213854795090492	-0.001217237	0
345	Iter0346	9	7	5	3	0	0	0.7714285714285715	1.0	-0.0013118309	0
346	Iter0347	12	5	3	3	0	0	2.4	0.6213854795090508	-1.2399705375e-05	0
347	Iter0348	7	9	1	5	0	0	3.888888888888889	0.3511586452762938	-4.3329939628e-05	0
348	Iter0349	14	12	0	2	0	0	3.461538461538461	0.4814814814814769	-1.46572e-05	0
349	Iter0350	11	4	3	4	0	0	3.6666666666666665	0.3426212590299271	-0.00014624186567	0
350	Iter0351	8	9	3	0	0	0	0.225	0.21842105263157985	0.0	0
351	Iter0352	10	8	2	2	0	0	1.25	1.0	-0.000183074967	0
352	Iter0353	13	4	5	2	0	0	1.3	1.0	-5.6959223179999995e-05	0
353	Iter0354	14	7	6	5	0	0	1.6666666666666667	0.702595972485227	-0.0007017563999999999	0
354	Iter0355	19	9	7	1	0	0	0.3015873015873016	0.3967698314030841	-0.0008395985099999999	0
355	Iter0356	19	5	4	4	0	0	3.8	0.17600553321354392	-5.4404179999999995e-05	0
356	Iter0357	8	9	4	1	0	0	0.2222222222222222	0.3233082706766893	-0.0004903188882	0
357	Iter0358	10	5	5	3	0	0	1.2	1.0	-5.24288e-07	0
358	Iter0359	14	2	1	3	0	0	21.0	0.031991744066047594	-0.00012155635700000001	0
359	Iter0360	4	5	1	2	0	0	1.6	1.0	-0.000277308	0
360	Iter0361	8	7	4	3	0	0	0.8571428571428571	1.0	-8.14755e-06	0
361	Iter0362	14	2	3	3	0	0	7.0	0.1004784688995218	-0.000421593594	0
362	Iter0363	10	3	2	0	0	0	0.9166666666666666	1.0	0.0	0
363	Iter0364	10	6	9	4	0	0	0.7407407407407408	1.0	-0.0001533	0
364	Iter0365	13	5	1	3	0	0	7.800000000000002	0.11674641148325343	-0.001116775947	0
365	Iter0366	15	4	3	3	0	0	3.75	0.2984980237154157	-0.00012047734999999999	0
366	Iter0367	12	4	4	0	0	0	0.52	0.5376676986584163	-3.742539e-05	0
367	Iter0368	17	6	2	4	0	0	5.666666666666668	0.14323607427055907	-9.329404549390001e-05	0
368	Iter0369	12	4	7	0	0	0	0.325	0.2727272727272729	-3.69096e-08	0
369	Iter0370	14	5	5	1	0	0	0.5599999999999999	1.0	-2.60850799484e-05	0
370	Iter0371	16	8	4	1	0	0	0.5	1.0	-3.57960874e-05	0
371	Iter0372	14	7	4	1	0	0	0.5	1.0	-1.226665424e-05	0
372	Iter0373	9	6	2	2	0	0	1.5	1.0	-1.6615799590600002e-06	0
373	Iter0374	14	5	3	2	0	0	1.8666666666666665	0.6080368906455886	-0.00080377022942	0
374	Iter0375	6	7	1	0	0	0	0.4375	1.0	-0.000147011	0
375	Iter0376	15	5	4	1	0	0	0.75	1.0	-0.0011347704041635	0
376	Iter0377	17	6	4	2	0	0	1.4166666666666667	1.0	-0.0010304954091000002	0
377	Iter0378	24	10	6	2	0	0	0.7999999999999999	1.0	-0.0005930349481989	0
378	Iter0379	14	5	3	1	0	0	0.9333333333333332	1.0	-0.00039277424611650004	0
379	Iter0380	10	6	5	0	0	0	0.2619047619047619	0.2621259029927769	-3.93568884e-05	0
380	Iter0381	13	4	6	3	0	0	1.625	0.6613438735177912	-9.76848e-05	0
381	Iter0382	12	3	6	1	0	0	0.6666666666666666	1.0	-9.976211669999999e-08	0
382	Iter0383	6	7	4	1	0	0	0.21428571428571427	0.3137254901960782	-0.000399442	0
383	Iter0384	11	3	5	2	0	0	1.4666666666666666	1.0	-0.0002529640054037	0
384	Iter0385	11	4	4	1	0	0	0.6875	1.0	-0.000347916242	0
385	Iter0386	18	6	1	1	0	0	3.0	0.4738461538461562	-0.0005427121213139001	0
386	Iter0387	17	5	4	1	0	0	0.85	1.0	-0.00076014954	0
387	Iter0388	18	12	3	1	0	0	0.5	1.0	-0.000619917136	0
388	Iter0389	10	3	1	2	0	0	6.666666666666668	0.2142857142857131	-5.207258e-05	0
389	Iter0390	10	4	8	2	0	0	0.625	1.0	-0.00029833435	0
390	Iter0391	8	6	1	1	0	0	1.3333333333333333	1.0	-1.225326e-05	0
391	Iter0392	7	5	5	4	0	0	1.12	1.0	-0.0004175752595480027	0
392	Iter0393	9	3	2	1	0	0	1.5	1.0	-0.00019788120999999999	0
393	Iter0394	12	5	10	0	0	0	0.19696969696969696	0.12399355877616933	-4.6081621643111e-06	0
394	Iter0395	11	0	4	3	0	0	9.6	0.04289215686274512	-0.000611294402807	0
395	Iter0396	9	6	7	0	0	0	0.17857142857142858	0.12064921662444884	-0.0004043521341	0
396	Iter0397	10	5	6	3	0	0	1.0	1.0	-1.29016e-05	0
397	Iter0398	9	3	2	0	0	0	0.8333333333333334	1.0	-7.698300281638999e-05	0
398	Iter0399	6	1	5	4	0	0	4.8	0.3076923076923067	0.0	0
399	Iter0400	10	6	3	0	0	0	0.3928571428571429	0.5170278637770895	-0.00131916	0
400	Iter0401	15	4	1	6	0	0	22.5	0.005290361812100919	-3.60174358e-05	0
401	Iter0402	15	8	8	3	0	0	0.703125	1.0	-5.19924e-10	0
402	Iter0403	19	6	1	2	0	0	6.333333333333332	0.18803418803418626	-0.0009645456	0
403	Iter0404	13	5	4	1	0	0	0.65	1.0	-0.0007868282540000001	0
404	Iter0405	17	5	2	3	0	0	5.1000000000000005	0.13578595317725858	-3.2223742e-05	0
405	Iter0406	11	5	3	5	0	1	3.666666666666667	0.203795934849914	-0.00187297274	0
406	Iter0407	11	3	5	3	0	0	2.2	0.6243550051599605	-0.000142127	0
407	Iter0408	16	9	3	0	0	0	0.425	0.5302197802197749	-0.0005636891731000001	0
408	Iter0409	12	4	3	0	0	0	0.65	1.0	-5.096088197500001e-06	0
409	Iter0410	14	5	2	6	0	0	8.4	0.03322185061315538	-2.63904e-09	0
410	Iter0411	8	7	3	0	0	0	0.28125	0.2450980392156868	-0.00325734460518725	0
411	Iter0412	10	7	0	1	0	0	2.75	0.44444444444444653	-3.31741e-05	0
412	Iter0413	20	7	3	1	0	0	0.9523809523809524	1.0	-0.000654206015	0
413	Iter0414	5	2	4	2	0	0	1.25	1.0	-1.4679399999999996e-18	0
414	Iter0415	6	7	1	0	0	0	0.4375	1.0	-0.00035605740999999994	0
415	Iter0416	11	4	2	3	0	0	4.125	0.2897961816305465	-0.000599310989	0
416	Iter0417	8	5	5	3	0	0	0.96	1.0	-3.2225e-07	0
417	Iter0418	15	6	1	0	0	0	1.1428571428571428	1.0	-1.7482513999999996e-05	0
418	Iter0419	16	6	3	2	0	0	1.7777777777777777	0.6159048680787876	-0.000265244021	0
419	Iter0420	9	9	2	1	0	0	0.5	1.0	-2.77039e-06	0
420	Iter0421	10	6	7	2	0	0	0.4761904761904762	0.6607613896401121	-7.08284e-06	0
421	Iter0422	7	6	2	1	0	0	0.5833333333333334	1.0	-4.93352e-06	0
422	Iter0423	10	6	2	1	0	0	0.8333333333333334	1.0	-2.1943620000000003e-05	0
423	Iter0424	17	5	4	0	0	0	0.6	0.5551839464882954	-0.0004542552924	0
424	Iter0425	10	12	3	2	0	0	0.5555555555555556	0.6483091787439711	-0.000383002	0
425	Iter0426	5	2	2	2	0	0	2.5	0.5757575757575759	-3.150721e-07	0
426	Iter0427	8	5	4	2	0	0	0.8	1.0	-4.93077947e-05	0
427	Iter0428	9	3	2	1	0	0	1.5	1.0	-9.26343e-06	0
428	Iter0429	8	5	4	3	0	0	1.2000000000000002	1.0	-2.39085e-06	0
429	Iter0430	10	8	2	1	0	0	0.625	1.0	-7.628110000000001e-10	0
430	Iter0431	12	9	4	1	0	0	0.3333333333333333	0.6169048342961392	-2.0465125860000002e-05	0
431	Iter0432	12	4	3	1	0	0	1.0	1.0	-5.50076e-08	0
432	Iter0433	8	2	1	1	0	0	4.0	0.4545454545454548	-0.00042613667700000003	0
433	Iter0434	16	10	2	1	0	0	0.8	1.0	-0.002423669720000005	0
434	Iter0435	6	7	5	2	0	0	0.3428571428571429	0.3742260061919498	-0.0005984803341	0
435	Iter0436	9	9	6	1	0	0	0.16666666666666666	0.179353026835865	0.0	0
436	Iter0437	11	11	2	0	0	0	0.3333333333333333	0.4818840579710162	-0.000778916946	0
437	Iter0438	8	9	3	1	0	0	0.2962962962962963	0.5864661654135335	-6.81559e-09	0
438	Iter0439	14	5	7	1	0	0	0.4	0.633363737711569	-0.00022015460000000006	0
439	Iter0440	5	7	4	1	0	0	0.17857142857142858	0.29411764705882265	-0.00108383915	0
440	Iter0441	12	8	0	1	0	0	2.888888888888889	0.42857142857142827	-8.146204599999999e-06	0
441	Iter0442	18	8	2	3	0	0	3.375	0.31731906704098056	-0.0002450778354	0
442	Iter0443	6	6	3	1	0	0	0.3333333333333333	0.5846153846153823	-6.06214e-05	0
443	Iter0444	15	8	3	3	0	0	1.875	0.6456991284577587	-0.00064355798	0
444	Iter0445	19	1	3	3	0	0	19.0	0.027759197324414887	-1.7166196729450003e-05	0
445	Iter0446	10	8	3	3	0	0	1.25	1.0	-0.0013972275	0
446	Iter0447	10	1	3	1	0	0	3.333333333333333	0.4761904761904727	-0.000260402518	0
447	Iter0448	13	3	1	2	0	0	8.666666666666666	0.15479876160990752	-0.000176318916009	0
448	Iter0449	10	6	4	2	0	0	0.8333333333333334	1.0	-0.000686412	0
449	Iter0450	13	9	5	2	0	0	0.5777777777777777	0.6765078998962147	-0.0005865822858279	0
450	Iter0451	15	6	1	1	0	0	2.5	0.5256916996047412	-0.0007107454	0
451	Iter0452	16	5	2	0	0	0	0.9444444444444444	1.0	-0.0003514385479	0
452	Iter0453	12	6	3	2	0	0	1.3333333333333333	1.0	-0.00027226178251	0
453	Iter0454	11	11	2	1	0	0	0.5	1.0	-1.50942e-12	0
454	Iter0455	21	6	5	5	0	0	3.5	0.12494486265179412	-0.0021471922339	0
455	Iter0456	13	5	4	5	0	0	3.25	0.2191387559808634	-0.0006822177	0
456	Iter0457	9	9	3	0	0	0	0.25	0.22857142857142795	-0.0009988999	0
457	Iter0458	11	7	11	2	0	0	0.2857142857142857	0.2374212893553224	-0.00039223348756999997	0
458	Iter0459	14	10	4	0	0	0	0.2727272727272727	0.26520146520146376	-4.3931219e-05	0
459	Iter0460	7	10	4	2	0	0	0.35	0.3707093821510293	0.0	0
460	Iter0461	4	9	3	0	0	0	0.125	0.062499999999999875	0.0	0
461	Iter0462	6	3	5	1	0	0	0.4	0.6043956043956029	-3.791522e-07	0
462	Iter0463	8	3	6	0	0	0	0.32142857142857145	0.514705882352942	0.0	0
463	Iter0464	11	3	4	3	0	0	2.75	0.35436016511868057	-0.0003933279	0
464	Iter0465	12	7	3	2	0	0	1.1428571428571428	1.0	-1.0588985714e-05	0
465	Iter0466	9	7	3	3	0	0	1.2857142857142858	1.0	-1.1213e-05	0
466	Iter0467	8	4	5	1	0	0	0.4	0.6148459383753487	-2.03808e-05	0
467	Iter0468	9	3	2	2	0	0	3.0	0.5467032967032941	-0.0007681739999999999	0
468	Iter0469	8	6	3	6	0	0	2.6666666666666665	0.4003230582850973	-1.91385e-15	0
469	Iter0470	6	8	2	1	0	0	0.375	0.5764705882352932	-6.28665e-11	0
470	Iter0471	15	6	2	3	0	0	3.75	0.3022195196108253	-0.000585106763	0
471	Iter0472	11	8	0	3	0	0	5.333333333333333	0.21428571428571408	-0.0015532862	0
472	Iter0473	11	7	1	0	0	0	0.75	1.0	-9.66316e-05	0
473	Iter0474	7	4	2	2	0	0	1.75	1.0	-1.59347e-10	0
474	Iter0475	9	3	3	2	0	0	2.0	0.6000323206205526	-0.000690015313	0
475	Iter0476	6	7	1	3	0	0	2.571428571428572	0.6029411764705872	-5.257060000000001e-07	0
476	Iter0477	12	5	8	3	0	0	0.9	1.0	-0.000493298146	0
477	Iter0478	7	7	3	1	0	0	0.3333333333333333	0.5882352941176482	-0.0011048289	0
478	Iter0479	8	7	0	1	0	0	2.25	1.0	-1.694748e-07	0
479	Iter0480	9	4	6	4	0	0	1.5	0.6850181720285364	-7.2729400256295e-05	0
480	Iter0481	10	6	1	2	0	0	3.333333333333333	0.545923632610939	-9.843373979e-05	0
481	Iter0482	11	7	0	3	0	0	6.0	0.09022556390977424	-8.776040000000001e-05	0
482	Iter0483	17	9	2	1	0	0	0.9444444444444444	1.0	-3.5176855792357e-06	0
483	Iter0484	8	5	3	3	0	0	1.6	1.0	-8.85964e-05	0
484	Iter0485	8	7	3	2	0	0	0.7619047619047619	1.0	-8.63869134e-08	0
485	Iter0486	11	4	6	3	0	0	1.375	1.0	-0.0001303353	0
486	Iter0487	10	4	3	1	0	0	0.8333333333333334	1.0	-4.066434015000001e-05	0
487	Iter0488	15	8	0	0	0	0	1.7777777777777777	1.0	-3.7405336e-05	0
488	Iter0489	12	5	6	2	0	0	0.7999999999999999	1.0	-6.305726399999999e-05	0
489	Iter0490	14	3	1	1	0	0	4.666666666666667	0.385964912280702	-5.84401e-05	0
490	Iter0491	11	7	5	0	0	0	0.25	0.2718951529020168	-0.000688816667	0
491	Iter0492	10	6	2	4	0	0	3.333333333333333	0.34763379035824765	-0.000436442	0
492	Iter0493	13	7	3	2	0	0	1.238095238095238	1.0	-0.000128694331	0
493	Iter0494	18	12	4	0	0	0	0.2923076923076923	0.2727703984819756	-4.377655e-05	0
494	Iter0495	12	9	4	4	0	0	1.3333333333333333	1.0	-0.001672632	0
495	Iter0496	11	5	4	5	0	0	2.75	0.3973347691479365	0.0	0
496	Iter0497	15	9	4	1	0	0	0.4166666666666667	0.63281546040167	-0.000555742846	0
497	Iter0498	6	7	4	2	0	0	0.42857142857142855	0.6284829721362215	-0.000239767	0
498	Iter0499	13	7	3	2	0	0	1.238095238095238	1.0	-9.14539966e-05	0
499	Iter0500	10	8	2	1	0	0	0.625	1.0	-0.000172411013	0
500	Iter0501	13	2	2	2	0	0	6.5	0.1782765737874103	-0.0006990272103500001	0
501	Iter0502	10	8	2	2	0	0	1.25	1.0	-0.00019027879699999998	0
502	Iter0503	8	9	6	2	0	0	0.2962962962962963	0.2336842105263172	-7.328180000000001e-05	0
503	Iter0504	11	8	3	1	0	0	0.4583333333333333	1.0	-0.0011171332999999999	0
504	Iter0505	11	8	1	4	0	0	5.5	0.3167701863354043	-0.00032580289644219997	0
505	Iter0506	11	8	1	2	0	0	2.75	0.5714285714285681	-0.00033458248766999997	0
506	Iter0507	8	5	3	2	0	0	1.0666666666666669	1.0	-0.00032051977	0
507	Iter0508	6	2	7	4	0	0	1.7142857142857142	1.0	-1.14131e-05	0
508	Iter0509	14	3	8	3	0	0	1.7500000000000002	0.6525455221107375	-7.6818511811e-05	0
509	Iter0510	12	6	2	4	0	0	4.0	0.19206365716663307	-0.00050496576528	0
510	Iter0511	12	6	6	3	0	0	1.0	1.0	-0.00019745125590000002	0
511	Iter0512	12	5	7	2	0	0	0.6857142857142857	1.0	-1.70214e-07	0
512	Iter0513	10	9	2	1	0	0	0.5555555555555556	1.0	-0.000116757	0
513	Iter0514	9	5	3	2	0	0	1.2	1.0	-4.327354e-06	0
514	Iter0515	14	6	5	3	0	0	1.4	1.0	-0.000121312	0
515	Iter0516	14	8	2	1	0	0	0.875	1.0	-4.5804432000000006e-05	0
516	Iter0517	8	2	1	2	0	0	8.0	0.2027972027972029	-9.8965593e-06	0
517	Iter0518	9	5	5	2	0	0	0.72	1.0	0.0	0
518	Iter0519	15	4	4	1	0	0	0.9375	1.0	-0.0001240848	0
519	Iter0520	6	7	3	2	0	0	0.5714285714285714	1.0	0.0	0
520	Iter0521	13	7	3	2	0	0	1.238095238095238	1.0	-0.000949965579	0
521	Iter0522	15	8	3	0	0	0	0.4444444444444444	0.5292307692307683	-0.00034974563035510003	0
522	Iter0523	12	2	4	1	0	0	1.5	1.0	-2.784205e-07	0
523	Iter0524	17	8	4	6	0	0	3.1875	0.15077358681363354	-9.836674499999999e-05	0
524	Iter0525	15	6	4	3	0	0	1.875	0.6464578899361488	-0.00036190699999999996	0
525	Iter0526	9	6	3	1	0	0	0.5	1.0	0.0	0
526	Iter0527	10	4	1	0	0	0	1.1	1.0	-4.3248020000000005e-05	0
527	Iter0528	11	8	4	3	0	0	1.03125	1.0	-0.000149886	0
528	Iter0529	7	7	8	1	0	0	0.125	0.08575729022626306	-1.27561e-05	0
529	Iter0530	10	4	4	2	0	0	1.25	1.0	-0.00026006200000000003	0
530	Iter0531	9	4	3	1	0	0	0.75	1.0	-9.5847e-08	0
531	Iter0532	8	8	2	1	0	0	0.5	1.0	0.0	0
532	Iter0533	7	8	4	3	0	0	0.65625	1.0	-0.00128673362	0
533	Iter0534	12	6	1	0	0	0	0.9285714285714286	1.0	-0.0001486738477	0
534	Iter0535	11	4	7	1	0	0	0.3928571428571429	0.6213854795090467	-3.70716e-11	0
535	Iter0536	6	1	2	2	0	0	6.0	0.4909090909090907	-1.46757e-08	0
536	Iter0537	9	6	4	2	0	0	0.75	1.0	-0.00038915217379300004	0
537	Iter0538	11	12	3	0	0	0	0.2307692307692308	0.22461538461538624	-0.0010343953000000001	0
538	Iter0539	11	6	4	2	0	0	0.9166666666666666	1.0	-4.96031155e-06	0
539	Iter0540	14	6	2	1	0	0	1.1666666666666667	1.0	-0.00102200144	0
540	Iter0541	8	13	2	1	0	0	0.3076923076923077	0.550395256916999	-5.87162e-05	0
541	Iter0542	18	7	2	0	0	0	0.7916666666666666	1.0	-0.0008763239724002209	0
542	Iter0543	10	5	4	2	0	0	1.0	1.0	-1.03983e-10	0
543	Iter0544	8	9	9	6	0	0	0.5925925925925926	0.5022601708483689	-0.0002476128432424	0
544	Iter0545	10	13	3	5	0	0	1.2820512820512822	1.0	-0.00014730978169999999	0
545	Iter0546	11	12	1	4	0	0	3.6666666666666665	0.3553113553113551	-2.68825096e-05	0
546	Iter0547	10	10	0	3	0	0	4.0	0.2292490118577067	-0.00023177433	0
547	Iter0548	11	2	4	4	0	0	5.5	0.14617425917735505	-7.29175948e-05	0
548	Iter0549	7	4	5	0	0	0	0.26666666666666666	0.2445054945054935	-0.0008791882030000001	0
549	Iter0550	11	5	3	2	0	0	1.4666666666666668	1.0	-0.0005271882224999999	0
550	Iter0551	14	4	1	2	0	0	7.0	0.18421052631578888	-0.0001978642968	0
551	Iter0552	13	6	4	3	0	0	1.625	0.6613438735177912	-4.814979e-05	0
552	Iter0553	12	4	5	1	0	0	0.6	1.0	-4.196587e-05	0
553	Iter0554	11	2	4	3	0	0	4.125	0.2897961816305478	-7.52560875e-05	0
554	Iter0555	19	4	0	0	0	0	4.0	1.0	-2.72089e-05	0
555	Iter0556	8	1	3	1	0	0	2.6666666666666665	1.0	-0.0014777827967	0
556	Iter0557	5	8	2	1	0	0	0.3125	0.5499999999999977	-5.451301e-07	0
557	Iter0558	8	6	1	1	0	0	1.3333333333333333	1.0	-0.0001828666	0
558	Iter0559	20	7	4	1	0	0	0.7142857142857143	1.0	-0.00016010489100000001	0
559	Iter0560	15	6	3	1	0	0	0.8333333333333334	1.0	-0.00012202	0
560	Iter0561	6	5	5	3	0	0	0.72	1.0	-5.04117959252e-06	0
561	Iter0562	8	10	4	1	0	0	0.2	0.3167701863354012	-0.0004727014132	0
562	Iter0563	16	4	2	1	0	0	2.0	0.5392433653303165	-6.311792e-05	0
563	Iter0564	11	4	5	0	0	0	0.4	0.5304437564499526	-0.0001930328	0
564	Iter0565	7	2	6	5	0	0	2.916666666666667	0.3742260061919506	-4.9269800000000016e-06	0
565	Iter0566	12	8	2	2	0	0	1.5	1.0	-7.700013099999999e-05	0
566	Iter0567	6	6	3	1	0	0	0.3333333333333333	0.5846153846153823	-5.38983e-07	0
567	Iter0568	8	7	3	2	0	0	0.7619047619047619	1.0	-1.29924e-10	0
568	Iter0569	8	9	2	2	0	0	0.8888888888888888	1.0	-1.19965e-07	0
569	Iter0570	8	10	2	0	0	0	0.2727272727272728	0.4736842105263162	-0.00045311799999999997	0
570	Iter0571	9	3	2	0	0	0	0.8333333333333334	1.0	-7.640662999999998e-06	0
571	Iter0572	4	6	2	3	0	0	1.0	1.0	-1.583597e-05	0
572	Iter0573	11	4	4	2	0	0	1.375	1.0	-4.63877e-05	0
573	Iter0574	8	7	4	3	0	0	0.8571428571428571	1.0	-5.1713390000000005e-05	0
574	Iter0575	9	1	5	2	0	0	3.6	0.5367647058823528	-1.51893e-05	0
575	Iter0576	12	5	3	2	0	0	1.6	1.0	-4.5179620666e-05	0
576	Iter0577	11	6	1	1	0	0	1.8333333333333333	1.0	-0.00015499762890500002	0
577	Iter0578	14	6	2	2	0	0	2.333333333333333	0.5783926218708857	-3.137355e-09	0
578	Iter0579	12	4	5	1	0	0	0.6	1.0	-0.0006678406340000001	0
579	Iter0580	15	5	4	1	0	0	0.75	1.0	-0.00053603170884	0
580	Iter0581	9	4	5	3	0	0	1.35	1.0	-9.82266e-07	0
581	Iter0582	8	5	4	2	0	0	0.8	1.0	-1.9446e-06	0
582	Iter0583	14	3	8	1	0	0	0.5833333333333334	1.0	-0.00028285300741	0
583	Iter0584	15	2	4	1	0	0	1.875	1.0	-0.00033132400005379494	0
584	Iter0585	8	6	1	1	0	0	1.3333333333333333	1.0	0.0	0
585	Iter0586	8	4	0	0	0	0	1.8	1.0	-0.00025409330000000004	0
586	Iter0587	12	7	3	1	0	0	0.5714285714285714	1.0	-8.73411e-08	0
587	Iter0588	12	4	3	1	0	0	1.0	1.0	-3.02371e-05	0
588	Iter0589	15	8	4	1	0	0	0.46875	1.0	-4.359637076e-06	0
589	Iter0590	10	6	2	2	0	0	1.6666666666666667	1.0	-0.0006804981473	0
590	Iter0591	7	7	7	2	0	0	0.2857142857142857	0.2282945214699148	-1.62327951e-05	0
591	Iter0592	10	3	5	1	0	0	0.6666666666666667	1.0	-4.5596470000000014e-05	0
592	Iter0593	12	6	1	2	0	0	4.0	0.530827067669173	-0.00023196216600000001	0
593	Iter0594	8	3	3	3	0	0	2.6666666666666665	0.6000323206205558	-3.531e-07	0
594	Iter0595	14	10	1	0	0	0	0.6818181818181818	1.0	-0.000457917207	0
595	Iter0596	9	3	5	1	0	0	0.6	1.0	0.0	0
596	Iter0597	11	4	2	0	0	0	0.7999999999999999	1.0	-0.00022469956	0
597	Iter0598	6	7	8	1	0	0	0.10714285714285714	0.07430340557275518	-9.45941e-05	0
598	Iter0599	11	8	1	2	0	0	2.75	0.5714285714285681	-0.00106914991233	0
599	Iter0600	16	8	1	0	0	0	0.9444444444444444	1.0	-0.0001425546432	0
600	Iter0601	9	13	7	1	0	0	0.0989010989010989	0.03945804875340162	-5.63720630158e-06	0
601	Iter0602	12	5	1	2	0	0	4.8	0.2701754385964923	-0.00037486850851788003	0
602	Iter0603	11	8	2	3	0	0	2.0625	0.6299171842650103	-3.23027480675e-05	0
603	Iter0604	11	6	4	1	0	0	0.4583333333333333	1.0	-0.00021510140000000001	0
604	Iter0605	11	4	1	1	0	0	2.75	0.5147058823529409	-5.2847400000000005e-05	0
605	Iter0606	7	4	3	4	0	0	2.333333333333333	0.6304675716440438	-5.7241127e-05	0
606	Iter0607	12	5	1	0	0	0	1.0833333333333333	1.0	-4.7079146600000003e-05	0
607	Iter0608	12	6	2	3	0	0	3.0	0.34283336800499364	-0.00042699100000000005	0
608	Iter0609	16	7	3	1	0	0	0.7619047619047619	1.0	-0.0001643264171845	0
609	Iter0610	22	6	3	1	0	0	1.2222222222222219	1.0	-5.8193473370000004e-06	0
610	Iter0611	14	5	3	0	0	0	0.625	1.0	-0.000586706371	0
611	Iter0612	11	7	1	1	0	0	1.5714285714285714	1.0	-0.00010275266599999999	0
612	Iter0613	11	5	3	3	0	0	2.2	0.6243550051599605	-0.0010086739709999999	0
613	Iter0614	19	8	2	1	0	0	1.1875	1.0	-0.0010207367018999999	0
614	Iter0615	9	2	2	2	0	0	4.5	0.5164835164835158	-0.000467488	0
615	Iter0616	12	6	2	3	0	0	3.0	0.34283336800499364	-0.00019270779755000002	0
616	Iter0617	11	5	1	2	0	0	4.4	0.5232198142414874	-7.910042168e-05	0
617	Iter0618	10	8	2	1	0	0	0.625	1.0	-0.0003713732	0
618	Iter0619	11	4	5	0	0	0	0.4	0.5304437564499526	-0.00035730888764	0
619	Iter0620	11	8	6	1	0	0	0.22916666666666666	0.3574217087260585	-5.1743e-06	0
620	Iter0621	13	10	4	2	0	0	0.65	1.0	-0.00035710004	0
621	Iter0622	16	9	4	2	0	0	0.8888888888888888	1.0	-1.75529e-05	0
622	Iter0623	8	6	3	3	0	0	1.3333333333333333	1.0	-5.9558e-05	0
623	Iter0624	11	1	2	1	0	0	5.5	0.3714285714285677	-0.001490489419	0
624	Iter0625	14	4	7	1	0	0	0.5	1.0	-0.00024231033099999998	0
625	Iter0626	10	2	5	1	0	0	1.0	1.0	-0.0002203500663769	0
626	Iter0627	15	2	4	3	0	0	5.625	0.12648221343873506	-0.000179051949	0
627	Iter0628	8	3	2	3	0	0	4.0	0.2994505494505492	-0.0007449860449629002	0
628	Iter0629	11	8	2	0	0	0	0.4444444444444444	0.5047619047619039	0.0	0
629	Iter0630	9	8	3	5	0	0	1.875	0.6727688787185361	-4.93721000757177e-05	0
630	Iter0631	12	11	4	2	0	0	0.5454545454545454	0.6628352490421553	-0.000517675	0
631	Iter0632	9	5	4	1	0	0	0.45	1.0	-2.63115e-06	0
632	Iter0633	6	6	4	0	0	0	0.2	0.23351648351648305	-2.61702e-12	0
633	Iter0634	15	11	1	4	0	0	5.454545454545454	0.17191941663576935	-3.601035219e-06	0
634	Iter0635	15	10	3	0	0	0	0.3636363636363637	0.5329670329670262	-2.6930883960000004e-05	0
635	Iter0636	12	7	0	4	0	0	8.125	0.037267080745341394	-0.0005629110299999999	0
636	Iter0637	11	4	2	3	0	0	4.125	0.2897961816305465	-2.0770190000000002e-05	0
637	Iter0638	12	3	2	3	0	0	6.0	0.13132094943240485	-0.000344682315982	0
638	Iter0639	11	12	2	1	0	0	0.4583333333333333	1.0	-3.468635e-06	0
639	Iter0640	13	8	1	0	0	0	0.7777777777777778	1.0	-0.000249560994741	0
640	Iter0641	5	4	2	2	0	0	1.25	1.0	-0.000252517	0
641	Iter0642	11	7	9	5	0	0	0.873015873015873	1.0	-1.26675e-05	0
642	Iter0643	8	4	2	0	0	0	0.6	1.0	-0.0013113202	0
643	Iter0644	12	5	8	1	0	0	0.3	0.3797506840985108	-3.1193200010413504e-07	0
644	Iter0645	8	5	7	1	0	0	0.2285714285714286	0.3359133126934977	0.0	0
645	Iter0646	13	5	8	4	0	0	1.3	1.0	-0.0007235711999999999	0
646	Iter0647	22	4	6	1	0	0	0.9166666666666666	1.0	-0.0012321901121119	0
647	Iter0648	14	11	5	3	0	0	0.7636363636363636	1.0	-1.0642409143e-06	0
648	Iter0649	8	5	5	1	0	0	0.32	0.6047103051747003	-0.000123260106538	0
649	Iter0650	11	2	4	1	0	0	1.375	1.0	-6.1740545246e-05	0
650	Iter0651	8	9	4	5	0	0	1.111111111111111	1.0	-0.0002567399132	0
651	Iter0652	8	3	5	0	0	0	0.375	0.5089285714285694	-3.0705347629e-08	0
652	Iter0653	10	7	3	2	0	0	0.9523809523809524	1.0	-0.0008573027700000001	0
653	Iter0654	6	2	3	3	0	0	3.0	0.5804195804195795	0.0	0
654	Iter0655	7	5	2	2	0	0	1.4	1.0	-7.265800000000001e-05	0
655	Iter0656	12	4	1	2	0	0	6.0	0.22187822497420054	-1.0907612069e-06	0
656	Iter0657	11	7	2	2	0	0	1.5714285714285714	1.0	-0.00051983990177275	0
657	Iter0658	16	4	5	3	0	0	2.4	0.3714806932198215	-0.00044423033705	0
658	Iter0659	11	5	1	1	0	0	2.2	1.0	-0.00058752269	0
659	Iter0660	17	6	4	3	0	0	2.1250000000000004	0.6401591511936393	-2.2767231000000001e-07	0
660	Iter0661	11	11	4	2	0	0	0.5	0.6545893719806769	-0.0007069960099	0
661	Iter0662	5	10	4	1	0	0	0.125	0.12732198142414833	-0.000316528	0
662	Iter0663	9	7	4	3	0	0	0.9642857142857144	1.0	-0.0001442596	0
663	Iter0664	5	13	0	0	0	0	0.42857142857142855	1.0	-2.349736e-06	0
664	Iter0665	9	5	3	3	0	0	1.8	0.6424148606811155	-1.11158e-10	0
665	Iter0666	11	5	4	1	0	0	0.55	1.0	-0.0003042581	0
666	Iter0667	10	5	6	1	0	0	0.3333333333333333	0.6158176189135942	-0.00028025986	0
667	Iter0668	13	5	3	0	0	0	0.5833333333333334	0.5488721804511311	-0.0001490580450908	0
668	Iter0669	15	7	1	1	0	0	2.142857142857143	1.0	-0.00046231510206	0
669	Iter0670	6	4	7	2	0	0	0.42857142857142855	0.6284829721362221	-5.7759e-06	0
670	Iter0671	14	4	4	3	0	0	2.625	0.3553650925733297	-0.00019991887795899998	0
671	Iter0672	7	10	5	3	0	0	0.4199999999999999	0.41098398169336425	-0.000209885	0
672	Iter0673	5	11	5	4	0	0	0.3636363636363637	0.397334769147937	-7.87359e-05	0
673	Iter0674	10	8	4	1	0	0	0.3125	0.6105679217807365	-9.24131417e-06	0
674	Iter0675	9	3	6	4	0	0	2.0	0.6517027863777083	-3.95648923e-05	0
675	Iter0676	3	8	4	1	0	0	0.09375	0.10576923076923063	-3.88298e-08	0
676	Iter0677	12	2	2	0	0	0	1.4444444444444444	1.0	-3.46133443405771e-05	0
677	Iter0678	12	5	3	1	0	0	0.7999999999999999	1.0	-1.05971e-08	0
678	Iter0679	18	6	4	1	0	0	0.75	1.0	-0.00042948624	0
679	Iter0680	10	8	6	0	0	0	0.17460317460317462	0.0663615560640734	-7.95012e-08	0
680	Iter0681	11	4	3	0	0	0	0.6	1.0	-0.0005435495671720001	0
681	Iter0682	17	4	2	1	0	0	2.125	0.5212450592885342	-0.00036969933637	0
682	Iter0683	16	4	2	1	0	0	2.0	0.5392433653303165	-2.2861335297e-05	0
683	Iter0684	16	6	3	4	0	0	3.555555555555556	0.19290354822588945	-0.001222270442	0
684	Iter0685	9	5	9	2	0	0	0.4	0.4065217391304383	-7.47442e-06	0
685	Iter0686	17	11	6	1	0	0	0.2575757575757576	0.3800399136295316	-0.000274286472	0
686	Iter0687	9	3	5	1	0	0	0.6	1.0	-0.0006472102	0
687	Iter0688	10	4	5	2	0	0	1.0	1.0	0.0	0
688	Iter0689	6	9	4	2	0	0	0.3333333333333333	0.3614551083591357	-4.7699400151538e-05	0
689	Iter0690	6	6	4	3	0	0	0.75	1.0	-8.856420000000002e-05	0
690	Iter0691	15	10	4	1	0	0	0.375	0.6260157467054055	-0.00027577350000000005	0
691	Iter0692	10	9	5	1	0	0	0.22222222222222224	0.3448616600790536	-5.327060000000001e-05	0
692	Iter0693	14	6	5	3	0	0	1.4	1.0	-0.00029148000658	0
693	Iter0694	8	4	2	2	0	0	2.0	0.604395604395601	-0.000873182	0
694	Iter0695	6	4	2	2	0	0	1.5	1.0	0.0	0
695	Iter0696	12	4	7	2	0	0	0.8571428571428571	1.0	-2.9659971e-05	0
696	Iter0697	11	5	4	1	0	0	0.55	1.0	0.0	0
697	Iter0698	10	4	7	2	0	0	0.7142857142857143	1.0	-0.00029470420000000003	0
698	Iter0699	9	8	4	1	0	0	0.28125	0.3602187286397813	-7.258993621429999e-06	0
699	Iter0700	8	5	5	5	0	0	1.6	0.6850181720285324	-0.000152599426809	0
700	Iter0701	7	8	3	2	0	0	0.5833333333333334	1.0	-3.84939e-08	0
701	Iter0702	14	6	2	1	0	0	1.1666666666666667	1.0	-0.0007809793	0
702	Iter0703	9	7	3	2	0	0	0.8571428571428572	1.0	-2.73715e-05	0
703	Iter0704	13	6	4	3	0	0	1.625	0.6613438735177912	-0.00018645269	0
704	Iter0705	9	6	5	2	0	0	0.6	1.0	-0.000951719	0
705	Iter0706	12	3	6	2	0	0	1.3333333333333333	1.0	-0.000587704182364	0
706	Iter0707	11	9	3	0	0	0	0.3	0.2529644268774697	-4.23942e-08	0
707	Iter0708	12	5	6	2	0	0	0.7999999999999999	1.0	-7.962063999999999e-08	0
708	Iter0709	9	5	2	3	0	0	2.7	0.6026831785345723	-1.0038820000000001e-05	0
709	Iter0710	16	7	5	3	0	0	1.3714285714285712	1.0	-6.85353e-05	0
710	Iter0711	9	7	3	0	0	0	0.3125	0.2631578947368429	-8.141473586e-05	0
711	Iter0712	3	5	4	2	0	0	0.3	0.5920745920745929	-3.2377e-06	0
712	Iter0713	7	5	2	1	0	0	0.7	1.0	-0.000128284	0
713	Iter0714	15	1	4	3	0	0	11.25	0.06719367588932795	-1.66753886e-05	0
714	Iter0715	12	5	4	1	0	0	0.6	1.0	-0.0003590437427	0
715	Iter0716	10	6	3	1	0	0	0.5555555555555556	1.0	-8.49035e-05	0
716	Iter0717	14	8	1	1	0	0	1.75	1.0	-5.12950604e-05	0
717	Iter0718	10	5	2	3	0	0	3.0	0.3472652218782256	-0.00016033210999999998	0
718	Iter0719	9	4	4	2	0	0	1.125	1.0	-6.67616e-05	0
719	Iter0720	12	8	1	2	0	0	3.0	0.5595708639186879	-0.00031076332	0
720	Iter0721	9	5	3	3	0	0	1.8	0.6424148606811155	-2.57711e-06	0
721	Iter0722	13	4	7	0	0	0	0.35	0.2832674571805027	-0.00047710318514	0
722	Iter0723	12	9	0	1	0	0	2.6	0.4545454545454533	-2.071171e-07	0
723	Iter0724	13	6	6	0	0	0	0.2857142857142857	0.27776397515528106	-0.0003676802	0
724	Iter0725	16	6	2	2	0	0	2.6666666666666665	0.563344481605351	-4.6490949999999996e-05	0
725	Iter0726	12	4	2	1	0	0	1.5	1.0	-0.000144412100141396	0
726	Iter0727	8	9	2	1	0	0	0.4444444444444444	1.0	-0.0001908493	0
727	Iter0728	10	6	2	3	0	0	2.5000000000000004	0.6107916850950903	-4.747390000000001e-05	0
728	Iter0729	14	6	4	2	0	0	1.1666666666666667	1.0	-0.0003140482800911163	0
729	Iter0730	10	5	5	0	0	0	0.3055555555555555	0.2663183694530468	-2.98901e-07	0
730	Iter0731	8	4	2	6	0	0	6.0	0.16980233388902088	-0.000282182	0
731	Iter0732	7	8	4	4	0	0	0.875	1.0	-6.70875800920724e-05	0
732	Iter0733	12	7	1	3	0	0	5.142857142857143	0.2806324110671923	-3.364177723621e-05	0
733	Iter0734	14	4	4	2	0	0	1.75	0.6180570002080263	-0.0008911984391283575	0
734	Iter0735	8	6	3	7	0	0	3.111111111111111	0.2396688652577737	-0.0016518262	0
735	Iter0736	14	7	4	2	0	0	1.0	1.0	-0.000113183151	0
736	Iter0737	13	5	3	0	0	0	0.5833333333333334	0.5488721804511311	-0.0004936834424857891	0
737	Iter0738	14	4	1	7	0	0	24.5	0.003274071466291145	-5.58706919e-05	0
738	Iter0739	11	4	2	0	0	0	0.7999999999999999	1.0	-0.0007807510000000001	0
739	Iter0740	9	4	1	1	0	0	2.25	1.0	-1.23547198e-06	0
740	Iter0741	17	7	3	2	0	0	1.6190476190476188	0.6328154604016731	-5.1283893e-06	0
741	Iter0742	10	11	4	3	0	0	0.6818181818181819	1.0	-0.001230929	0
742	Iter0743	14	4	3	4	0	0	4.666666666666667	0.15633035157062616	-0.00029634459700000003	0
743	Iter0744	10	5	4	0	0	0	0.36666666666666653	0.5304437564499499	-2.938902e-06	0
744	Iter0745	11	8	2	3	0	0	2.0625	0.6299171842650103	-6.41038547e-06	0
745	Iter0746	12	12	1	3	0	0	3.0	0.5999999999999971	-0.000953422	0
746	Iter0747	9	5	3	4	0	0	2.4	0.3972136222910229	-0.0009830370022399998	0
747	Iter0748	12	6	1	2	0	0	4.0	0.530827067669173	-1.8231381e-05	0
748	Iter0749	13	8	3	1	0	0	0.5416666666666666	1.0	-0.000383766	0
749	Iter0750	8	7	1	3	0	0	3.4285714285714284	0.5820433436532519	-1.9944502639029998e-05	0
750	Iter0751	6	5	4	3	0	0	0.9	1.0	-3.4840770000000007e-06	0
751	Iter0752	9	1	3	1	0	0	3.0	0.5054945054945035	-1.6924639749999998e-05	0
752	Iter0753	11	5	8	8	0	0	2.2	0.4725475971691625	0.0	0
753	Iter0754	9	7	4	4	0	0	1.2857142857142858	1.0	-0.00022150546235400002	0
754	Iter0755	9	10	1	2	0	0	1.8	1.0	-0.00041437859799999996	0
755	Iter0756	19	9	3	3	0	0	2.1111111111111107	0.6410227049663157	-8.880331509999999e-05	0
756	Iter0757	11	2	3	1	0	0	1.8333333333333333	1.0	-0.00051246130533	0
757	Iter0758	8	2	0	4	0	0	15.0	0.01498501498501494	-7.77754e-05	0
758	Iter0759	11	6	3	2	0	0	1.2222222222222219	1.0	-0.0003809775975	0
759	Iter0760	13	6	2	4	0	0	4.333333333333333	0.1752964426877487	-0.000132620796	0
760	Iter0761	18	8	5	3	0	0	1.35	1.0	-4.83983580151e-05	0
761	Iter0762	13	5	2	1	0	0	1.3	1.0	-0.000318432871	0
762	Iter0763	15	9	1	3	0	0	5.000000000000001	0.2849816849816837	-0.001559050822	0
763	Iter0764	7	6	4	3	0	0	0.8750000000000001	1.0	-0.000248915	0
764	Iter0765	14	6	3	0	0	0	0.5357142857142857	0.5392433653303181	-2.6643042179999997e-05	0
765	Iter0766	13	3	4	3	0	0	3.25	0.31849386311628997	-4.927315588e-05	0
766	Iter0767	11	4	1	3	0	0	8.25	0.11738906088751296	-0.0006988700000000001	0
767	Iter0768	9	11	1	3	0	0	2.454545454545455	0.6146245059288566	-0.00028068187622600003	0
768	Iter0769	13	8	1	0	0	0	0.7777777777777778	1.0	-0.00021991591	0
769	Iter0770	16	8	5	0	0	0	0.3148148148148148	0.2832301797819047	-0.00096346142354	0
770	Iter0771	19	10	4	0	0	0	0.3636363636363637	0.2889784946236506	-0.0006135707305389951	0
771	Iter0772	10	6	1	4	0	0	6.666666666666668	0.1486068111455106	-0.0005898955554060001	0
772	Iter0773	11	5	4	3	0	0	1.65	0.6570197873199641	-0.00024163565020000001	0
773	Iter0774	9	8	1	0	0	0	0.5555555555555556	1.0	-3.41197589e-05	0
774	Iter0775	10	1	6	2	0	0	3.333333333333333	0.5459236326109406	-5.0196799999999993e-05	0
775	Iter0776	11	3	5	0	0	0	0.5	0.5304437564499487	-9.3849310861e-06	0
776	Iter0777	12	11	2	1	0	0	0.5454545454545454	1.0	-6.0846258950000006e-05	0
777	Iter0778	11	4	4	1	0	0	0.6875	1.0	-3.5076430000000004e-05	0
778	Iter0779	12	7	5	4	0	0	1.3714285714285714	1.0	-1.5192564200814792e-05	0
779	Iter0780	12	12	6	2	0	0	0.3333333333333333	0.412280311457178	-0.000599261162	0
780	Iter0781	5	4	2	0	0	0	0.4	0.4909090909090901	-0.0005165219999999999	0
781	Iter0782	18	7	2	5	0	0	6.428571428571429	0.0734648184592576	-0.0006546805235	0
782	Iter0783	13	1	3	6	0	0	26.0	0.004943770726514028	-0.00011220650000000001	0
783	Iter0784	9	8	5	1	0	0	0.225	0.3401289785729149	-0.0005137651911	0
784	Iter0785	17	5	4	2	0	0	1.7	0.6219063545150487	-0.0019115980046934345	0
785	Iter0786	11	5	3	4	0	0	2.9333333333333336	0.3630367478799316	-1.50555e-05	0
786	Iter0787	20	7	7	2	0	0	0.8163265306122449	1.0	-0.0005279998848002497	0
787	Iter0788	10	5	3	1	0	0	0.6666666666666666	1.0	-0.00052927209	0
788	Iter0789	15	7	3	0	0	0	0.5	0.5343478260869589	-0.0005555672947199999	0
789	Iter0790	7	2	5	2	0	0	1.4	1.0	-2.4996100000000006e-05	0
790	Iter0791	12	8	1	0	0	0	0.7222222222222222	1.0	-5.938191e-05	0
791	Iter0792	6	9	4	3	0	0	0.5	0.6517027863777072	-0.000166062806	0
792	Iter0793	11	8	4	3	0	0	1.03125	1.0	-0.00020187762	0
793	Iter0794	13	2	4	5	0	0	8.125	0.06056272103182879	-2.24747e-05	0
794	Iter0795	11	6	1	1	0	0	1.8333333333333333	1.0	-0.000152077931022	0
795	Iter0796	13	6	3	4	0	0	2.888888888888889	0.3691699604743104	-0.00113837	0
796	Iter0797	11	4	1	1	0	0	2.75	0.5147058823529409	-3.63551e-07	0
797	Iter0798	6	6	8	2	0	0	0.25	0.20433436532507632	-2.20551e-06	0
798	Iter0799	5	2	4	1	0	0	0.625	1.0	-0.00047056929780000005	0
799	Iter0800	7	8	4	0	0	0	0.17777777777777776	0.10319917440660464	-8.81444e-05	0
800	Iter0801	11	5	2	2	0	0	2.2	0.5867905056759568	-3.8907839999999996e-05	0
801	Iter0802	12	5	2	3	0	0	3.6	0.3088782562466785	-7.867202000000001e-05	0
802	Iter0803	11	3	1	1	0	0	3.6666666666666665	0.4499999999999997	-0.0003844694629	0
803	Iter0804	8	6	2	1	0	0	0.6666666666666666	1.0	-1.11286e-07	0
804	Iter0805	20	5	2	2	0	0	4.0	0.23813734158562	-0.0001908056755	0
805	Iter0806	11	7	3	4	0	0	2.095238095238096	0.6564073226544657	-0.00011639924100000001	0
806	Iter0807	15	3	2	1	0	0	2.5	0.48872180451128	-1.59858e-05	0
807	Iter0808	11	12	6	4	0	0	0.6111111111111109	0.7079853035359112	-0.00040692964680000005	0
808	Iter0809	17	6	2	3	0	0	4.250000000000001	0.2901098901098899	-1.10298e-05	0
809	Iter0810	5	3	3	2	0	0	1.1111111111111112	1.0	-0.00014650284555	0
810	Iter0811	11	10	4	2	0	0	0.55	0.6618357487922775	0.0	0
811	Iter0812	13	6	4	1	0	0	0.5416666666666666	1.0	-0.0005296957459999999	0
812	Iter0813	7	5	3	4	0	0	1.8666666666666665	0.6499166468206714	-9.76734304e-05	0
813	Iter0814	9	5	2	3	0	0	2.7	0.6026831785345723	-0.00085237406133	0
814	Iter0815	12	4	4	4	0	0	3.0	0.3625418269381144	-0.00015631410000000002	0
815	Iter0816	9	4	5	4	0	0	1.8	0.6619195046439599	-1.2829789999999999e-06	0
816	Iter0817	6	5	4	4	0	0	1.2	1.0	-1.10835e-06	0
817	Iter0818	8	6	6	2	0	0	0.4444444444444444	0.649398004815961	-0.000560822451692	0
818	Iter0819	12	7	8	1	0	0	0.21428571428571427	0.2143508665247784	-2.406353e-08	0
819	Iter0820	11	3	1	3	0	0	11.0	0.08333333333333336	-6.769293e-05	0
820	Iter0821	9	5	3	0	0	0	0.4166666666666667	0.5147058823529412	0.0	0
821	Iter0822	4	6	1	5	0	0	3.333333333333333	0.5879120879120868	-2.62657e-08	0
822	Iter0823	13	9	3	0	0	0	0.35	0.280000000000002	-0.00019580478999999996	0
823	Iter0824	9	5	6	3	0	0	0.9	1.0	-5.34278e-06	0
824	Iter0825	9	7	4	1	0	0	0.32142857142857145	0.6064671482628156	-0.000415244	0
825	Iter0826	7	6	2	1	0	0	0.5833333333333334	1.0	0.0	0
826	Iter0827	10	2	2	2	0	0	5.0	0.2445054945054928	-2.00454e-11	0
827	Iter0828	15	5	6	2	0	0	1.0	1.0	-0.00027828196585	0
828	Iter0829	11	6	5	2	0	0	0.7333333333333333	1.0	-0.0002046591	0
829	Iter0830	12	1	5	2	0	0	4.8	0.2701754385964913	-0.00032670675	0
830	Iter0831	9	5	1	1	0	0	1.8	1.0	-3.41459e-06	0
831	Iter0832	11	3	7	2	0	0	1.0476190476190477	1.0	-3.5905351e-06	0
832	Iter0833	13	3	1	0	0	0	1.75	1.0	-0.0005791065741	0
833	Iter0834	11	7	5	1	0	0	0.3142857142857143	0.6213854795090505	-1.5596539999999998e-05	0
834	Iter0835	8	5	11	0	0	0	0.125	0.041149068322981305	0.0	0
835	Iter0836	10	5	3	1	0	0	0.6666666666666666	1.0	-0.0003604030197	0
836	Iter0837	7	2	2	2	0	0	3.5	0.5300699300699305	0.0	0
837	Iter0838	7	11	5	6	0	0	0.7636363636363636	1.0	0.0	0
838	Iter0839	9	11	3	2	0	0	0.5454545454545455	0.6447204968944091	0.0	0
839	Iter0840	12	9	4	5	0	0	1.6666666666666663	0.694392803598209	-2.5374954000424747e-05	0
840	Iter0841	15	8	2	1	0	0	0.9375	1.0	-0.000579325584462	0
841	Iter0842	12	11	2	8	0	0	4.363636363636363	0.13117605420163744	-0.00022425643999000002	0
842	Iter0843	9	4	4	4	0	0	2.25	0.6458204334365301	-4.13401e-06	0
843	Iter0844	5	3	8	5	0	0	1.0416666666666667	1.0	-4.49721e-05	0
844	Iter0845	19	9	3	1	0	0	0.7037037037037037	1.0	-0.0014450326915000002	0
845	Iter0846	9	6	4	4	0	0	1.5	0.6850181720285342	-4.04361e-06	0
846	Iter0847	4	8	5	4	0	0	0.4	0.3964277208859237	0.0	0
847	Iter0848	11	3	7	0	0	0	0.375	0.521052631578947	-1.211754418e-07	0
848	Iter0849	16	6	4	1	0	0	0.6666666666666666	1.0	-5.56113513e-05	0
849	Iter0850	13	4	4	2	0	0	1.625	0.6322030372373628	-1.0443688e-06	0
850	Iter0851	15	6	3	2	0	0	1.6666666666666667	0.6278504104591056	-0.000771209	0
851	Iter0852	11	4	6	4	0	0	1.8333333333333333	0.6668192219679667	-0.001399917	0
852	Iter0853	7	5	1	0	0	0	0.6666666666666666	1.0	-3.8661762000000006e-05	0
853	Iter0854	11	4	3	2	0	0	1.8333333333333333	0.6126160990712075	-5.5577286e-05	0
854	Iter0855	17	6	5	2	0	0	1.1333333333333333	1.0	-1.791757e-05	0
855	Iter0856	15	5	6	0	0	0	0.3809523809523809	0.2981149285497113	-1.2412459999999999e-05	0
856	Iter0857	10	4	3	2	0	0	1.6666666666666667	1.0	-2.236592e-05	0
857	Iter0858	11	6	2	3	0	0	2.75	0.6090225563909766	-0.0006001685	0
858	Iter0859	8	5	3	2	0	0	1.0666666666666669	1.0	-3.02172e-05	0
859	Iter0860	9	4	5	2	0	0	0.9	1.0	-5.6182e-05	0
860	Iter0861	10	5	5	1	0	0	0.4	0.6226780185758529	-4.931560000000001e-05	0
861	Iter0862	13	4	2	2	0	0	3.25	0.5438596491228093	-1.1373821e-07	0
862	Iter0863	5	9	3	1	0	0	0.1851851851851852	0.2745098039215697	-0.000244351	0
863	Iter0864	8	11	2	5	0	0	1.818181818181818	0.6679841897233243	0.0	0
864	Iter0865	12	3	1	2	0	0	8.0	0.17156862745098042	-0.00043860286	0
865	Iter0866	9	7	4	2	0	0	0.6428571428571429	1.0	-0.000314194125	0
866	Iter0867	5	2	0	0	0	0	2.0	1.0	-0.000302604	0
867	Iter0868	7	5	1	1	0	0	1.4	1.0	-5.97265e-07	0
868	Iter0869	5	6	5	3	0	0	0.5	0.6499166468206747	-0.0004533680000000001	0
869	Iter0870	7	5	5	1	0	0	0.28	0.6000323206205556	-3.06849e-06	0
870	Iter0871	7	5	6	2	0	0	0.4666666666666666	0.6424148606811138	-7.202140000000001e-05	0
871	Iter0872	14	5	5	4	0	0	2.24	0.4073960821786897	-6.859221570000001e-05	0
872	Iter0873	16	9	3	2	0	0	1.1851851851851851	1.0	-0.000216887	0
873	Iter0874	9	4	3	0	0	0	0.5	0.5285714285714266	-6.363906e-05	0
874	Iter0875	10	7	4	4	0	0	1.4285714285714286	1.0	-0.0001334056	0
875	Iter0876	7	11	1	1	0	0	0.6363636363636364	1.0	-8.3138534e-05	0
876	Iter0877	11	8	6	0	0	0	0.19047619047619047	0.1291699604743083	-0.000349451	0
877	Iter0878	13	5	4	2	0	0	1.3	1.0	-2.08463e-05	0
878	Iter0879	13	7	1	2	0	0	3.7142857142857135	0.5375494071146246	-4.975479e-06	0
879	Iter0880	10	5	6	0	0	0	0.2619047619047619	0.2621259029927777	-3.67722e-11	0
880	Iter0881	17	6	3	3	0	0	2.833333333333333	0.3390678287230056	-0.0005464282106	0
881	Iter0882	9	6	3	2	0	0	1.0	1.0	-0.00018699	0
882	Iter0883	11	4	4	2	0	0	1.375	1.0	-4.4684e-08	0
883	Iter0884	9	5	2	1	0	0	0.9	1.0	-0.00027166770310000006	0
884	Iter0885	8	5	3	0	0	0	0.375	0.5089285714285694	0.0	0
885	Iter0886	10	7	0	1	0	0	2.75	0.44444444444444653	-1.9450610000000002e-06	0
886	Iter0887	13	6	4	3	0	0	1.625	0.6613438735177912	-0.00047716093474	0
887	Iter0888	8	7	5	2	0	0	0.4571428571428571	0.6478328173374619	-0.000153085	0
888	Iter0889	12	5	2	1	0	0	1.2	1.0	-0.00020304423000000002	0
889	Iter0890	12	11	3	2	0	0	0.7272727272727272	1.0	0.0	0
890	Iter0891	6	6	7	2	0	0	0.2857142857142857	0.36656346749225854	-2.11658e-05	0
891	Iter0892	10	4	4	3	0	0	1.875	0.6384416924664632	-0.000119781	0
892	Iter0893	8	8	5	4	0	0	0.8	1.0	0.0	0
893	Iter0894	8	8	7	1	0	0	0.14285714285714285	0.17818377611082026	-9.716689e-05	0
894	Iter0895	11	6	3	3	0	0	1.8333333333333333	0.6430205949656761	-5.239588e-05	0
895	Iter0896	11	9	2	1	0	0	0.6111111111111112	1.0	-1.58937e-05	0
896	Iter0897	8	6	2	4	0	0	2.6666666666666665	0.628482972136224	-0.0006223514850000001	0
897	Iter0898	9	1	0	2	0	0	15.0	0.045454545454545525	-0.00013384315360150998	0
898	Iter0899	6	9	1	1	0	0	0.6666666666666666	1.0	-1.72587e-09	0
899	Iter0900	13	4	4	3	0	0	2.4375	0.3742343341885693	-4.494951600000001e-05	0
900	Iter0901	14	8	4	0	0	0	0.33333333333333337	0.2767892976588637	-0.000423821	0
901	Iter0902	12	4	1	0	0	0	1.3	1.0	0.0	0
902	Iter0903	12	3	2	3	0	0	6.0	0.13132094943240485	0.0	0
903	Iter0904	14	10	3	1	0	0	0.4666666666666666	1.0	-0.0010186222598000001	0
904	Iter0905	16	6	1	1	0	0	2.6666666666666665	0.507246376811596	-0.000119260701	0
905	Iter0906	10	4	4	2	0	0	1.25	1.0	-3.39849833e-05	0
906	Iter0907	9	6	4	2	0	0	0.75	1.0	-0.00011686938399999999	0
907	Iter0908	9	5	5	4	0	0	1.44	1.0	0.0	0
908	Iter0909	12	6	1	3	0	0	6.0	0.2642515379357474	-5.220643721000001e-06	0
909	Iter0910	10	5	4	3	0	0	1.5	1.0	-3.05625029e-06	0
910	Iter0911	15	7	4	0	0	0	0.4	0.5462876254180611	-0.0006393293	0
911	Iter0912	10	8	5	4	0	0	1.0	1.0	-0.0005664723	0
912	Iter0913	8	3	3	1	0	0	0.8888888888888888	1.0	-0.0012761532767	0
913	Iter0914	18	3	6	1	0	0	1.0	1.0	-3.2733996e-05	0
914	Iter0915	14	3	3	4	0	0	6.222222222222222	0.1335552319534019	-0.000263661832	0
915	Iter0916	11	4	1	4	0	0	11.0	0.10887512899896797	-0.00040229907559	0
916	Iter0917	10	10	3	4	0	0	1.3333333333333333	1.0	-0.00012272426321	0
917	Iter0918	16	8	2	0	0	0	0.6296296296296297	1.0	-1.581156524e-05	0
918	Iter0919	10	5	7	3	0	0	0.8571428571428571	1.0	-0.0003674	0
919	Iter0920	11	4	2	2	0	0	2.75	0.5572755417956642	-0.00076376557879	0
920	Iter0921	12	7	3	2	0	0	1.1428571428571428	1.0	-0.0002623010000000919	0
921	Iter0922	14	4	4	3	0	0	2.625	0.3553650925733297	-0.000295289988	0
922	Iter0923	12	1	1	1	0	0	12.0	0.2571428571428551	-1.750545383e-05	0
923	Iter0924	7	7	1	3	0	0	3.0	0.5882352941176492	-0.000104083	0
924	Iter0925	6	8	2	2	0	0	0.75	1.0	-0.000401915	0
925	Iter0926	8	6	3	1	0	0	0.4444444444444444	1.0	0.0	0
926	Iter0927	11	6	3	1	0	0	0.6111111111111109	1.0	-1.85418e-11	0
927	Iter0928	11	9	3	1	0	0	0.40740740740740733	0.6146245059288556	-0.00111757537779	0
928	Iter0929	13	5	3	2	0	0	1.7333333333333334	0.6213854795090492	-0.000535672	0
929	Iter0930	13	8	2	2	0	0	1.625	1.0	-2.169624045e-05	0
930	Iter0931	12	10	6	2	0	0	0.4	0.4191519624803023	-1.23962068e-07	0
931	Iter0932	13	4	2	1	0	0	1.625	1.0	-2.42373e-06	0
932	Iter0933	10	4	8	1	0	0	0.3125	0.6105679217807343	-0.00042454870000000004	0
933	Iter0934	11	3	6	3	0	0	1.8333333333333333	0.6430205949656738	-0.0009151628389999999	0
934	Iter0935	10	4	3	0	0	0	0.55	0.5411764705882353	0.0	0
935	Iter0936	7	8	7	1	0	0	0.125	0.08575729022626312	-0.000712706715	0
936	Iter0937	21	4	3	1	0	0	1.75	0.5526083112290036	-0.00033288130491	0
937	Iter0938	21	3	1	4	0	0	28.0	0.006660772178013613	-5.88458e-05	0
938	Iter0939	15	6	4	8	0	0	5.0	0.06559059180087329	-0.000197816969	0
939	Iter0940	10	4	4	0	0	0	0.4400000000000001	0.524183006535951	-1.017141477e-05	0
940	Iter0941	14	6	3	3	0	0	2.333333333333333	0.6278504104591105	-0.00027207228700115585	0
941	Iter0942	14	7	4	1	0	0	0.5	1.0	-1.82385096137e-05	0
942	Iter0943	17	6	4	0	0	0	0.5142857142857143	0.5452991452991492	-0.001234913083156	0
943	Iter0944	4	2	3	0	0	0	0.4166666666666667	0.5000000000000007	-1.06052e-09	0
944	Iter0945	12	10	1	2	0	0	2.4	0.5930434782608718	-8.42081e-06	0
945	Iter0946	10	12	2	1	0	0	0.4166666666666667	0.5930434782608698	-6.939622300000001e-06	0
946	Iter0947	7	7	4	1	0	0	0.25	0.3378052975576197	-1.302027e-05	0
947	Iter0948	9	12	2	2	0	0	0.75	1.0	-4.6454511e-07	0
948	Iter0949	16	3	2	3	0	0	8.0	0.07848673066064346	-0.00049623565	0
949	Iter0950	8	7	4	1	0	0	0.2857142857142857	0.6026831785345723	-5.244105686e-05	0
950	Iter0951	6	4	2	0	0	0	0.4666666666666666	0.5151515151515165	-8.35487e-05	0
951	Iter0952	11	3	2	1	0	0	1.8333333333333333	1.0	-0.001830612	0
952	Iter0953	9	7	2	1	0	0	0.6428571428571429	1.0	-9.27792e-08	0
953	Iter0954	14	9	1	1	0	0	1.5555555555555556	1.0	-9.345990000000001e-06	0
954	Iter0955	17	7	3	2	0	0	1.6190476190476188	0.6328154604016731	-4.828748e-05	0
955	Iter0956	10	6	5	0	0	0	0.2619047619047619	0.2621259029927769	-1.4282024019999997e-05	0
956	Iter0957	12	6	2	0	0	0	0.6190476190476191	1.0	-4.0495638930799996e-05	0
957	Iter0958	11	8	1	2	0	0	2.75	0.5714285714285681	-0.00027555749999999996	0
958	Iter0959	15	6	1	1	0	0	2.5	0.5256916996047412	-0.00034681525939531197	0
959	Iter0960	17	8	7	7	0	0	2.125	0.3182022400598657	-0.0003143590000000002	0
960	Iter0961	8	3	3	2	0	0	1.7777777777777777	1.0	-4.618537499999999e-07	0
961	Iter0962	10	2	2	0	0	0	1.2222222222222219	1.0	-0.0006209425	0
962	Iter0963	13	4	4	6	0	0	4.875	0.10078357950211587	0.0	0
963	Iter0964	17	3	4	4	0	0	5.666666666666668	0.1423330292895505	-1.333910693e-07	0
964	Iter0965	11	6	4	2	0	0	0.9166666666666666	1.0	-2.68468e-08	0
965	Iter0966	11	6	2	3	0	0	2.75	0.6090225563909766	-3.932912e-08	0
966	Iter0967	12	4	1	2	0	0	6.0	0.22187822497420054	-0.00018216040000000003	0
967	Iter0968	13	8	1	4	0	0	6.5	0.1478260869565222	-3.287e-07	0
968	Iter0969	12	5	4	0	0	0	0.4333333333333333	0.5321637426900605	-0.0005034561780633	0
969	Iter0970	12	9	0	1	0	0	2.6	0.4545454545454533	-4.82518e-08	0
970	Iter0971	7	10	3	1	0	0	0.2333333333333333	0.3107769423558919	-0.000173333901	0
971	Iter0972	6	15	1	3	0	0	1.2000000000000002	1.0	-0.000195020687824	0
972	Iter0973	5	5	4	3	0	0	0.75	1.0	-0.0001950576646	0
973	Iter0974	6	3	2	1	0	0	1.0	1.0	-7.867422e-07	0
974	Iter0975	9	6	6	2	0	0	0.5	0.6570197873199626	-3.796941e-06	0
975	Iter0976	8	9	1	0	0	0	0.45	1.0	0.0	0
976	Iter0977	12	5	2	2	0	0	2.4	0.5742690058479554	-0.00036097236929999996	0
977	Iter0978	13	8	5	0	0	0	0.25925925925925924	0.2805107935542719	-9.40259000437727e-05	0
978	Iter0979	11	5	9	4	0	0	0.977777777777778	1.0	-0.000846548929558	0
979	Iter0980	17	5	2	0	0	0	1.0	1.0	-0.0010962327999999998	0
980	Iter0981	13	6	4	1	0	0	0.5416666666666666	1.0	-0.0002649871159	0
981	Iter0982	12	3	2	2	0	0	4.0	0.2721878224974212	-0.00010334903	0
982	Iter0983	16	6	1	0	0	0	1.2142857142857142	1.0	-0.0004277079848	0
983	Iter0984	9	6	2	3	0	0	2.25	0.6168730650154817	-1.627350681469e-05	0
984	Iter0985	10	5	3	3	0	0	2.0	0.63106295149639	0.0	0
985	Iter0986	7	4	7	5	0	0	1.25	1.0	-0.000180013	0
986	Iter0987	9	2	1	2	0	0	9.0	0.1758241758241759	-0.00018977763	0
987	Iter0988	14	6	4	1	0	0	0.5833333333333334	1.0	-0.0002629024026	0
988	Iter0989	11	4	2	1	0	0	1.375	1.0	-0.00012381931	0
989	Iter0990	10	3	3	3	0	0	3.333333333333333	0.3201017249004855	-0.0005814545800151427	0
990	Iter0991	18	4	1	2	0	0	9.0	0.13260869565217392	-0.0006502064018670001	0
991	Iter0992	11	5	4	0	0	0	0.4	0.530443756449952	-4.5639255e-05	0
992	Iter0993	16	4	1	1	0	0	4.0	0.4112554112554073	-0.0013032550000000001	0
993	Iter0994	13	7	1	2	0	0	3.7142857142857135	0.5375494071146246	-7.0001330659999996e-06	0
994	Iter0995	11	5	0	5	0	0	12.0	0.012383900928792562	-0.000438380494	0
995	Iter0996	11	5	4	3	0	0	1.65	0.6570197873199641	-7.91788e-09	0
996	Iter0997	10	7	4	4	0	0	1.4285714285714286	1.0	-0.00034836776	0
997	Iter0998	12	4	6	1	0	0	0.5	1.0	0.0	0
998	Iter0999	15	7	0	1	0	0	4.0	0.34782608695652245	-0.0004470993391	0
999	Iter1000	17	3	6	2	0	0	1.8888888888888893	0.6056166056166032	-0.0011777815882	0
