	IterId	dN	dS	pN	pS	bdN	bpN	MkScore	FSPVal	SelCoef	PosSel
0	Iter0001	4	3	1	3	0	0	4.0	0.5454545454545457	-0.00029599848282299996	0
1	Iter0002	6	0	4	1	0	0	2.8	0.4545454545454541	-0.0004281409126	0
2	Iter0003	2	1	6	2	0	0	0.6666666666666666	1.0	-9.57097e-05	0
3	Iter0004	3	7	7	0	0	0	0.0625	0.009821061291649507	-7.416399363999999e-07	0
4	Iter0005	1	0	8	4	0	0	1.1111111111111112	1.0	-1.21981e-06	0
5	Iter0006	4	4	6	3	0	0	0.5	0.6371863430686968	-0.0004140673	0
6	Iter0007	2	3	11	2	0	0	0.1212121212121212	0.0987394957983191	-9.012592799999998e-06	0
7	Iter0008	4	3	5	1	0	0	0.26666666666666666	0.5594405594405606	-0.0005743106	0
8	Iter0009	1	1	2	1	0	0	0.5	1.0	-2.19847e-06	0
9	Iter0010	1	3	11	4	0	0	0.1212121212121212	0.11738906088751296	-5.35983e-05	0
10	Iter0011	1	3	5	1	0	0	0.06666666666666668	0.19047619047619052	-0.000138405	0
11	Iter0012	3	2	7	4	0	0	0.8571428571428571	1.0	-7.0236190480000004e-09	0
12	Iter0013	3	1	1	1	0	0	3.0	1.0	-8.663690002385261e-05	0
13	Iter0014	2	3	6	4	0	0	0.4444444444444444	0.6083916083916079	-6.512313e-05	0
14	Iter0015	3	5	3	0	0	0	0.16666666666666666	0.1818181818181817	-8.442287669999998e-06	0
15	Iter0016	2	2	5	1	0	0	0.2	0.5000000000000001	-6.89681064e-05	0
16	Iter0017	1	2	1	2	0	0	1.0	1.0	-1.37975e-08	0
17	Iter0018	4	2	7	1	0	0	0.2857142857142857	0.5384615384615387	-0.00035363512392000006	0
18	Iter0019	5	1	8	2	0	0	1.25	1.0	-0.0003517870186	0
19	Iter0020	3	5	4	2	0	0	0.3	0.5920745920745929	-4.3149325639999994e-05	0
20	Iter0021	4	1	9	0	0	0	0.25	0.35714285714285554	-0.0011517744499999999	0
21	Iter0022	4	2	4	6	0	0	3.0	0.6083916083916083	-7.834794410000001e-05	0
22	Iter0023	0	1	6	2	0	0	0.21428571428571427	0.33333333333333354	0.0	0
23	Iter0024	1	4	5	3	0	0	0.15	0.26573426573426623	-6.65554e-07	0
24	Iter0025	2	8	8	5	0	0	0.15625	0.09030248254908343	-4.329663000000001e-06	0
25	Iter0026	0	4	13	6	0	0	0.1	0.023715415019762702	0.0	0
26	Iter0027	0	1	3	3	0	0	0.5	1.0	0.0	0
27	Iter0028	4	4	3	2	0	0	0.6666666666666666	1.0	-0.00013538868	0
28	Iter0029	2	4	5	0	0	0	0.1	0.06060606060606057	-6.5422269999999995e-06	0
29	Iter0030	1	1	4	3	0	0	0.75	1.0	-1.34533e-07	0
30	Iter0031	5	4	2	5	0	0	3.125	0.35751748251748205	-0.000357142092657	0
31	Iter0032	3	0	4	5	0	0	4.8	0.2045454545454545	-0.0002838488552	0
32	Iter0033	6	2	4	2	0	0	1.5	1.0	-6.15662829e-05	0
33	Iter0034	3	1	0	4	0	0	10.0	0.14285714285714274	-0.000245268085712	0
34	Iter0035	5	3	7	3	0	0	0.7142857142857143	1.0	-6.27900526e-05	0
35	Iter0036	6	2	4	2	0	0	1.5	1.0	-0.0006669164003	0
36	Iter0037	2	5	5	5	0	0	0.4	0.6220691073632254	-8.919658e-05	0
37	Iter0038	2	5	2	2	0	0	0.4	0.5757575757575761	-8.195430000000002e-07	0
38	Iter0039	7	2	10	2	0	0	0.7	1.0	-0.000261020669682032	0
39	Iter0040	4	4	4	3	0	0	0.75	1.0	-9.723485402600001e-05	0
40	Iter0041	2	1	6	3	0	0	1.0	1.0	-1.0608380000000002e-05	0
41	Iter0042	5	5	8	2	0	0	0.25	0.3498452012383904	-6.2202573408e-05	0
42	Iter0043	3	5	4	2	0	0	0.3	0.5920745920745929	-0.000339304825907	0
43	Iter0044	3	4	5	2	0	0	0.3	0.5920745920745918	-0.000519408308384	0
44	Iter0045	1	3	10	5	0	0	0.16666666666666666	0.2621259029927765	-0.000275065	0
45	Iter0046	2	3	5	3	0	0	0.4	0.5920745920745939	-0.00016480714683999998	0
46	Iter0047	1	4	5	6	0	0	0.3	0.5879120879120873	-0.000229609	0
47	Iter0048	3	1	4	2	0	0	1.5	1.0	-0.00020270521097999998	0
48	Iter0049	5	2	6	3	0	0	1.25	1.0	-0.0007881819	0
49	Iter0050	4	2	4	2	0	0	1.0	1.0	-0.0011812417015190804	0
50	Iter0051	8	1	6	0	0	0	0.6428571428571429	1.0	-0.0005532478303934729	0
51	Iter0052	1	4	5	2	0	0	0.1	0.2424242424242426	-0.000340119	0
52	Iter0053	2	2	11	2	0	0	0.18181818181818185	0.2189075630252089	-0.00012897462	0
53	Iter0054	1	5	7	3	0	0	0.08571428571428573	0.11888111888111895	-6.813960000000002e-06	0
54	Iter0055	2	2	10	3	0	0	0.3	0.5378151260504158	-0.00022109438999999998	0
55	Iter0056	3	3	5	3	0	0	0.6	1.0	-0.000196947214	0
56	Iter0057	5	6	1	3	0	0	2.5000000000000004	0.6043956043956045	-0.00015267318773	0
57	Iter0058	1	2	6	3	0	0	0.25	0.5227272727272733	-0.00100254	0
58	Iter0059	2	4	6	2	0	0	0.16666666666666666	0.2773892773892779	-0.001374373	0
59	Iter0060	3	4	2	1	0	0	0.375	1.0	-3.654237205999999e-05	0
60	Iter0061	2	3	7	7	0	0	0.6666666666666666	1.0	-0.00011116066999999999	0
61	Iter0062	2	0	2	1	0	0	2.0	1.0	-3.5947971680000004e-05	0
62	Iter0063	1	2	6	2	0	0	0.16666666666666666	0.4909090909090907	-1.61767e-09	0
63	Iter0064	1	2	4	5	0	0	0.625	1.0	-3.4967000000000008e-06	0
64	Iter0065	4	2	6	2	0	0	0.6666666666666666	1.0	-0.00014622639	0
65	Iter0066	3	2	3	4	0	0	2.0	1.0	-2.1925412400999997e-06	0
66	Iter0067	4	2	5	0	0	0	0.2777777777777778	0.454545454545454	-3.988125532299999e-05	0
67	Iter0068	4	5	7	4	0	0	0.4571428571428572	0.6534174803524647	-3.1560231032700006e-05	0
68	Iter0069	2	2	5	5	0	0	1.0	1.0	-2.083504e-05	0
69	Iter0070	2	2	7	4	0	0	0.5714285714285714	1.0	-0.000147322	0
70	Iter0071	6	4	12	3	0	0	0.375	0.3781256500936159	-0.000804708056685	0
71	Iter0072	1	1	5	1	0	0	0.2	0.464285714285714	0.0	0
72	Iter0073	2	3	6	0	0	0	0.10714285714285714	0.060606060606060524	-6.60587e-05	0
73	Iter0074	4	2	4	5	0	0	2.5	0.6083916083916074	-0.00020600098749999998	0
74	Iter0075	4	6	0	3	0	0	2.8571428571428568	0.4965034965034973	-6.060498400000001e-06	0
75	Iter0076	2	1	1	3	0	0	6.0	0.4857142857142854	-1.85669304826e-05	0
76	Iter0077	2	4	5	3	0	0	0.3	0.592074592074592	-2.801886e-05	0
77	Iter0078	4	5	5	4	0	0	0.64	1.0	-0.00011786088029599101	0
78	Iter0079	1	2	4	0	0	0	0.13333333333333333	0.1428571428571427	-0.000201533	0
79	Iter0080	4	1	4	0	0	0	0.5	1.0	-0.00020455292999999999	0
80	Iter0081	5	0	2	4	0	0	10.0	0.06060606060606057	-3.09849247541e-06	0
81	Iter0082	2	5	5	3	0	0	0.24	0.3146853146853151	-3.0519089e-05	0
82	Iter0083	4	4	5	1	0	0	0.2	0.30069930069930034	-0.00012130889199999998	0
83	Iter0084	1	2	7	2	0	0	0.14285714285714285	0.2363636363636364	-7.75358e-05	0
84	Iter0085	3	1	5	1	0	0	0.6	1.0	-0.0001977713	0
85	Iter0086	2	2	6	4	0	0	0.6666666666666666	1.0	-2.5405550000000003e-05	0
86	Iter0087	7	1	5	3	0	0	4.2	0.5692307692307681	-0.0003429619054	0
87	Iter0088	5	3	7	4	0	0	0.9523809523809524	1.0	-0.0003635804244765792	0
88	Iter0089	4	2	5	5	0	0	2.0	0.6328671328671316	-0.0013256423899999999	0
89	Iter0090	4	2	2	4	0	0	4.0	0.5670995670995689	-7.857568e-06	0
90	Iter0091	5	3	3	2	0	0	1.1111111111111112	1.0	-0.0006518083	0
91	Iter0092	1	4	6	2	0	0	0.08333333333333333	0.10256410256410267	-9.02442e-06	0
92	Iter0093	1	2	8	2	0	0	0.125	0.2027972027972029	-1.60999e-05	0
93	Iter0094	3	5	5	2	0	0	0.24	0.3146853146853145	-0.00033067966800000005	0
94	Iter0095	4	1	7	2	0	0	1.1428571428571428	1.0	-0.00016462859800000002	0
95	Iter0096	3	3	8	3	0	0	0.375	0.6000323206205559	-7.597962e-05	0
96	Iter0097	1	4	6	3	0	0	0.125	0.2657342657342652	-0.0007588380000000001	0
97	Iter0098	1	4	5	0	0	0	0.06666666666666668	0.0476190476190476	-7.236409999999998e-07	0
98	Iter0099	6	1	4	3	0	0	4.5	0.5594405594405601	-0.00048622425	0
99	Iter0100	3	2	5	1	0	0	0.3	0.5454545454545455	-0.000115583108	0
100	Iter0101	6	3	6	4	0	0	1.3333333333333333	1.0	-0.0011116761502	0
101	Iter0102	2	2	9	1	0	0	0.1111111111111111	0.17582417582417564	-6.92948925e-06	0
102	Iter0103	3	2	4	5	0	0	1.875	1.0	-2.935338e-05	0
103	Iter0104	2	2	4	1	0	0	0.25	0.5238095238095241	-0.00012996010000000002	0
104	Iter0105	5	1	3	5	0	0	8.333333333333334	0.1375291375291378	-0.0005445268496000001	0
105	Iter0106	0	4	7	4	0	0	0.125	0.07692307692307683	0.0	0
106	Iter0107	4	2	7	2	0	0	0.5714285714285714	1.0	-0.001779079921	0
107	Iter0108	2	3	5	1	0	0	0.13333333333333333	0.2424242424242424	-1.1754782999999999e-06	0
108	Iter0109	9	2	3	4	0	0	6.0	0.14140271493212675	-0.0011068307965799997	0
109	Iter0110	2	4	2	0	0	0	0.2	0.4285714285714285	-0.0001193341	0
110	Iter0111	1	3	4	3	0	0	0.25	0.5454545454545454	-0.0007432439999999999	0
111	Iter0112	0	2	3	4	0	0	0.4166666666666666	0.5000000000000009	0.0	0
112	Iter0113	1	4	7	4	0	0	0.14285714285714285	0.28205128205128155	-4.1608e-06	0
113	Iter0114	1	2	13	1	0	0	0.038461538461538464	0.06323529411764732	0.0	0
114	Iter0115	3	2	5	2	0	0	0.6	1.0	-2.61827e-05	0
115	Iter0116	0	2	3	1	0	0	0.16666666666666666	0.4	0.0	0
116	Iter0117	3	5	9	3	0	0	0.2	0.16746844486782547	-0.00144740217	0
117	Iter0118	3	1	4	3	0	0	2.25	1.0	-0.0002189245013	0
118	Iter0119	8	3	10	1	0	0	0.26666666666666666	0.586466165413535	-1.19931015275e-06	0
119	Iter0120	3	3	3	3	0	0	1.0	1.0	-0.000560003	0
120	Iter0121	3	5	4	1	0	0	0.15	0.2657342657342665	-3.7081e-07	0
121	Iter0122	3	4	9	3	0	0	0.25	0.3260895451297916	-0.00086704763	0
122	Iter0123	2	2	3	2	0	0	0.6666666666666666	1.0	-1.0618261e-05	0
123	Iter0124	5	1	4	4	0	0	5.0	0.30069930069930034	-0.000725772275086	0
124	Iter0125	3	1	7	2	0	0	0.8571428571428571	1.0	-2.1408567549999996e-06	0
125	Iter0126	0	3	4	3	0	0	0.2	0.20000000000000012	0.0	0
126	Iter0127	3	0	2	1	0	0	2.6666666666666665	1.0	-0.000652066878	0
127	Iter0128	2	4	6	5	0	0	0.4166666666666667	0.6199095022624437	-0.0003211058	0
128	Iter0129	3	3	4	4	0	0	1.0	1.0	-0.0013588209999999999	0
129	Iter0130	3	1	3	5	0	0	5.0	0.5454545454545471	-0.0011654595	0
130	Iter0131	1	1	4	1	0	0	0.25	1.0	0.0	0
131	Iter0132	5	2	5	2	0	0	1.0	1.0	-0.00035808727010430203	0
132	Iter0133	5	2	6	2	0	0	0.8333333333333334	1.0	-0.00034202280007047595	0
133	Iter0134	3	4	6	2	0	0	0.25	0.3146853146853137	-0.00020611306959999998	0
134	Iter0135	1	1	3	4	0	0	1.3333333333333333	1.0	-5.3179e-10	0
135	Iter0136	1	3	5	6	0	0	0.4	0.6043956043956031	0.0	0
136	Iter0137	2	1	11	1	0	0	0.18181818181818185	0.3714285714285689	-7.119193e-05	0
137	Iter0138	1	1	12	2	0	0	0.16666666666666666	0.3499999999999994	-7.58688e-05	0
138	Iter0139	4	3	3	5	0	0	2.2222222222222223	0.6192696192696198	-0.0001605366203	0
139	Iter0140	1	4	10	2	0	0	0.05	0.027634130575306896	-1.10749e-09	0
140	Iter0141	3	3	8	4	0	0	0.5	0.6266968325791864	-0.000423498198185	0
141	Iter0142	4	8	3	0	0	0	0.1388888888888889	0.07692307692307655	-0.000820129767	0
142	Iter0143	1	3	8	2	0	0	0.08333333333333333	0.09490509490509473	-1.1013e-12	0
143	Iter0144	2	4	8	1	0	0	0.0625	0.08891108891108859	-1.227023e-05	0
144	Iter0145	3	3	7	1	0	0	0.14285714285714285	0.2447552447552448	-1.817344e-05	0
145	Iter0146	3	2	6	2	0	0	0.5	1.0	-6.628516313000001e-05	0
146	Iter0147	4	4	4	6	0	0	1.5	1.0	-0.00016949772000000003	0
147	Iter0148	4	6	8	0	0	0	0.07936507936507936	0.012820512820512841	-0.00015439069639143	0
148	Iter0149	2	5	9	3	0	0	0.13333333333333333	0.0739461776613479	-3.6279378000000004e-05	0
149	Iter0150	3	5	5	5	0	0	0.6	0.6640614287673139	-5.2257224e-05	0
150	Iter0151	2	7	5	3	0	0	0.1714285714285714	0.1534348004936239	-0.000421049	0
151	Iter0152	2	1	5	1	0	0	0.4	1.0	-3.8664349e-05	0
152	Iter0153	3	6	5	4	0	0	0.4	0.6371863430686975	-0.00039688280000000004	0
153	Iter0154	2	2	4	3	0	0	0.75	1.0	-4.18926e-05	0
154	Iter0155	4	3	6	2	0	0	0.4444444444444444	0.6083916083916068	-0.000134581138025	0
155	Iter0156	5	2	3	2	0	0	1.6666666666666667	1.0	-0.0008791348510770001	0
156	Iter0157	1	2	5	2	0	0	0.2	0.4999999999999996	-2.06198e-08	0
157	Iter0158	0	1	10	1	0	0	0.09090909090909093	0.16666666666666646	0.0	0
158	Iter0159	2	4	3	2	0	0	0.3333333333333333	0.5670995670995667	-5.3153100000000004e-06	0
159	Iter0160	5	0	4	2	0	0	3.6	0.454545454545454	-0.00036190710699999997	0
160	Iter0161	1	3	5	2	0	0	0.13333333333333333	0.242424242424242	-5.407159999999999e-10	0
161	Iter0162	1	0	6	2	0	0	0.8571428571428571	1.0	-2.39688e-05	0
162	Iter0163	1	2	1	4	0	0	2.0	1.0	-5.40411e-07	0
163	Iter0164	4	5	3	3	0	0	0.8	1.0	-0.00015553135	0
164	Iter0165	6	2	5	5	0	0	3.0	0.3665158371040738	-4.4261836564e-05	0
165	Iter0166	4	4	7	5	0	0	0.7142857142857143	1.0	-0.00049992553	0
166	Iter0167	0	2	7	4	0	0	0.2083333333333333	0.1923076923076929	0.0	0
167	Iter0168	1	5	11	3	0	0	0.05454545454545455	0.01805985552115586	-2.0475200000000003e-10	0
168	Iter0169	5	3	5	3	0	0	1.0	1.0	-0.0005434084911638001	0
169	Iter0170	3	1	5	7	0	0	4.2	0.5692307692307679	-0.00174045	0
170	Iter0171	2	3	4	5	0	0	0.8333333333333333	1.0	-0.00014472090000000002	0
171	Iter0172	3	2	5	3	0	0	0.8999999999999999	1.0	-0.00010704740239999999	0
172	Iter0173	3	3	4	1	0	0	0.25	0.5454545454545454	-0.00030102857267	0
173	Iter0174	2	3	8	8	0	0	0.6666666666666666	1.0	-0.0001465560159494	0
174	Iter0175	3	4	3	2	0	0	0.5	1.0	-0.00022409829632180002	0
175	Iter0176	4	3	10	1	0	0	0.13333333333333333	0.24509803921568685	-0.001333331856	0
176	Iter0177	5	1	5	2	0	0	2.0	1.0	-9.104656374005898e-05	0
177	Iter0178	3	3	3	2	0	0	0.6666666666666666	1.0	-0.00026956180000000003	0
178	Iter0179	0	2	6	4	0	0	0.2380952380952381	0.4545454545454557	0.0	0
179	Iter0180	13	6	3	2	0	0	1.4444444444444444	1.0	-0.0023566845415290004	0
180	Iter0181	1	2	8	3	0	0	0.1875	0.5054945054945046	-6.823060000000001e-06	0
181	Iter0182	0	2	5	2	0	0	0.16666666666666666	0.1666666666666669	0.0	0
182	Iter0183	2	1	3	3	0	0	2.0	1.0	-2.3137630999999998e-05	0
183	Iter0184	3	2	2	4	0	0	3.0	0.5670995670995664	-0.000198573652	0
184	Iter0185	3	1	4	5	0	0	3.75	0.5594405594405606	-8.0155094e-05	0
185	Iter0186	2	2	9	8	0	0	0.8888888888888888	1.0	-7.0788272e-05	0
186	Iter0187	2	7	7	2	0	0	0.08163265306122447	0.056684491978609614	-7.414039999999999e-05	0
187	Iter0188	2	3	3	5	0	0	1.1111111111111112	1.0	-0.00012463389	0
188	Iter0189	2	0	7	5	0	0	2.25	0.5054945054945031	-0.0014596232	0
189	Iter0190	3	3	6	4	0	0	0.6666666666666666	1.0	-0.00052046919	0
190	Iter0191	3	3	7	2	0	0	0.2857142857142857	0.3286713286713281	-0.00020997280000000006	0
191	Iter0192	3	3	10	1	0	0	0.1	0.09873949579831903	-2.763724253e-06	0
192	Iter0193	0	3	7	4	0	0	0.15625	0.1923076923076922	0.0	0
193	Iter0194	5	4	5	3	0	0	0.75	1.0	-0.000439073361	0
194	Iter0195	2	3	8	2	0	0	0.16666666666666666	0.25074925074925003	-0.00029341598669999997	0
195	Iter0196	2	2	7	4	0	0	0.5714285714285714	1.0	-7.3058687999999984e-06	0
196	Iter0197	4	2	5	2	0	0	0.8	1.0	-0.0010507049454000002	0
197	Iter0198	1	4	6	0	0	0	0.05714285714285715	0.015151515151515131	-0.000247422	0
198	Iter0199	3	5	2	7	0	0	2.1	0.6199095022624415	-0.0004326005000110434	0
199	Iter0200	2	4	3	5	0	0	0.8333333333333334	1.0	-1.24598994e-05	0
200	Iter0201	5	5	6	1	0	0	0.16666666666666666	0.30429864253393674	-8.778398819999999e-05	0
201	Iter0202	2	4	9	2	0	0	0.1111111111111111	0.10940530058177136	-5.851087e-06	0
202	Iter0203	3	2	0	4	0	0	6.666666666666666	0.1666666666666667	-1.2550422828999997e-06	0
203	Iter0204	2	3	4	0	0	0	0.15	0.16666666666666666	-0.0001921407	0
204	Iter0205	8	3	4	1	0	0	0.6666666666666666	1.0	-0.00037261804518619996	0
205	Iter0206	5	7	5	4	0	0	0.5714285714285714	0.6699214098594893	-0.000487149609224	0
206	Iter0207	1	4	8	4	0	0	0.125	0.13122171945701286	-0.00014875	0
207	Iter0208	0	4	4	4	0	0	0.2	0.20808080808080864	0.0	0
208	Iter0209	2	1	3	1	0	0	0.6666666666666666	1.0	-2.13569e-05	0
209	Iter0210	5	3	5	1	0	0	0.33333333333333337	0.5804195804195811	-7.731420265000001e-05	0
210	Iter0211	4	8	6	3	0	0	0.25	0.19838056680161925	-3.5294569999999997e-06	0
211	Iter0212	3	3	10	1	0	0	0.1	0.09873949579831903	-0.00027908749700000004	0
212	Iter0213	3	1	6	3	0	0	1.5	1.0	-1.678429e-05	0
213	Iter0214	1	1	6	2	0	0	0.3333333333333333	1.0	-0.000234132	0
214	Iter0215	2	3	8	4	0	0	0.3333333333333333	0.5927601809954731	-0.000366034	0
215	Iter0216	3	2	4	0	0	0	0.26666666666666666	0.4444444444444446	-0.00097371678241	0
216	Iter0217	5	3	3	2	0	0	1.1111111111111112	1.0	-3.67644038e-05	0
217	Iter0218	4	2	4	2	0	0	1.0	1.0	-0.0006332794	0
218	Iter0219	4	1	9	4	0	0	1.7777777777777777	1.0	-0.0001669591721	0
219	Iter0220	3	3	3	0	0	0	0.25	0.4642857142857149	-0.00074170037	0
220	Iter0221	2	2	7	6	0	0	0.8571428571428571	1.0	-6.25484605e-05	0
221	Iter0222	2	1	6	2	0	0	0.6666666666666666	1.0	-4.55963e-07	0
222	Iter0223	1	1	9	5	0	0	0.5555555555555556	1.0	-8.00885e-05	0
223	Iter0224	4	3	5	4	0	0	1.0666666666666669	1.0	-0.00015919624	0
224	Iter0225	3	4	6	1	0	0	0.125	0.2657342657342656	-2.1602146e-05	0
225	Iter0226	4	2	4	2	0	0	1.0	1.0	-0.00030155627000000003	0
226	Iter0227	3	2	3	1	0	0	0.5	1.0	-0.0002129015457	0
227	Iter0228	5	2	6	0	0	0	0.2857142857142857	0.4615384615384629	-0.00022908070000000004	0
228	Iter0229	3	2	5	2	0	0	0.6	1.0	-6.697254282799999e-05	0
229	Iter0230	1	5	3	2	0	0	0.13333333333333333	0.2424242424242425	-0.000251487	0
230	Iter0231	3	1	9	1	0	0	0.3333333333333333	0.5054945054945053	-0.0005043140000000001	0
231	Iter0232	0	2	2	5	0	0	0.6666666666666666	1.0	0.0	0
232	Iter0233	0	3	10	0	0	0	0.022727272727272728	0.0034965034965035034	0.0	0
233	Iter0234	1	1	5	7	0	0	1.4	1.0	-1.4587899999999996e-06	0
234	Iter0235	1	1	7	1	0	0	0.14285714285714285	0.377777777777778	-0.000210659	0
235	Iter0236	2	2	3	4	0	0	1.3333333333333333	1.0	-0.000273148603	0
236	Iter0237	3	5	4	5	0	0	0.7499999999999999	1.0	-0.0005192268911719999	0
237	Iter0238	5	4	4	3	0	0	0.9375	1.0	-4.478251279999999e-05	0
238	Iter0239	2	3	4	2	0	0	0.3333333333333333	0.5670995670995663	-1.7418690000000002e-05	0
239	Iter0240	3	3	8	3	0	0	0.375	0.6000323206205559	-4.135728599999999e-05	0
240	Iter0241	0	3	4	7	0	0	0.4	0.5054945054945055	0.0	0
241	Iter0242	4	1	3	2	0	0	2.6666666666666665	1.0	-2.9500134939000006e-05	0
242	Iter0243	0	5	6	4	0	0	0.11904761904761905	0.04395604395604387	0.0	0
243	Iter0244	4	0	14	3	0	0	1.3333333333333333	1.0	-0.000254139616	0
244	Iter0245	2	2	7	1	0	0	0.14285714285714285	0.2363636363636368	-0.00040531	0
245	Iter0246	3	4	5	2	0	0	0.3	0.5920745920745918	-0.00016716725305	0
246	Iter0247	0	3	2	2	0	0	0.25	0.42857142857142816	0.0	0
247	Iter0248	0	2	6	2	0	0	0.14285714285714285	0.13333333333333328	0.0	0
248	Iter0249	3	0	3	2	0	0	3.0	0.4642857142857138	-0.00049581658	0
249	Iter0250	1	4	3	3	0	0	0.25	0.5454545454545456	-1.40576e-05	0
250	Iter0251	2	1	5	6	0	0	2.4	1.0	-0.00015371867000000001	0
251	Iter0252	0	1	6	1	0	0	0.14285714285714285	0.24999999999999994	0.0	0
252	Iter0253	0	2	3	2	0	0	0.25	0.42857142857142816	0.0	0
253	Iter0254	2	1	7	3	0	0	0.8571428571428571	1.0	0.0	0
254	Iter0255	6	6	2	3	0	0	1.5	1.0	-0.000130703713	0
255	Iter0256	4	4	7	0	0	0	0.125	0.07692307692307697	-0.00021437273772161	0
256	Iter0257	2	2	12	3	0	0	0.25	0.2721878224974212	-4.260164900000001e-05	0
257	Iter0258	5	4	3	2	0	0	0.8333333333333334	1.0	-0.0007275289284800001	0
258	Iter0259	4	3	11	2	0	0	0.2424242424242424	0.2897961816305479	-0.000663954	0
259	Iter0260	0	1	7	3	0	0	0.25	0.3636363636363637	0.0	0
260	Iter0261	3	7	4	2	0	0	0.21428571428571427	0.3024475524475521	-1.18816447848e-06	0
261	Iter0262	1	4	7	6	0	0	0.21428571428571427	0.3137254901960787	-2.1468800000000003e-09	0
262	Iter0263	4	4	6	2	0	0	0.3333333333333333	0.6083916083916072	-1.9607120000000002e-05	0
263	Iter0264	2	9	6	4	0	0	0.14814814814814814	0.08049535603715177	-4.49298e-07	0
264	Iter0265	5	5	4	2	0	0	0.5	0.6328671328671309	-0.00029269839999999996	0
265	Iter0266	4	1	2	2	0	0	4.0	0.5238095238095241	-0.00056911328	0
266	Iter0267	1	2	5	1	0	0	0.1	0.22619047619047605	-5.49121e-05	0
267	Iter0268	3	0	1	1	0	0	4.0	0.4000000000000002	-0.000119597677	0
268	Iter0269	1	1	6	4	0	0	0.6666666666666666	1.0	-4.17478e-09	0
269	Iter0270	4	1	6	6	0	0	4.0	0.3382352941176459	-0.00013352035068000002	0
270	Iter0271	4	1	6	5	0	0	3.333333333333333	0.5879120879120874	-6.201172e-05	0
271	Iter0272	3	1	12	3	0	0	0.75	1.0	-0.0008922058700000001	0
272	Iter0273	3	2	7	3	0	0	0.6428571428571428	1.0	-0.000117992041	0
273	Iter0274	2	2	2	1	0	0	0.5	1.0	-0.0006158526793	0
274	Iter0275	2	3	7	4	0	0	0.3809523809523809	0.5961538461538449	-0.00039596815	0
275	Iter0276	6	3	4	0	0	0	0.35	0.4965034965034971	-0.0002467562958	0
276	Iter0277	6	1	2	3	0	0	9.0	0.22222222222222265	-0.0001265391883	0
277	Iter0278	3	3	7	7	0	0	1.0	1.0	-3.785631200000001e-09	0
278	Iter0279	3	2	6	2	0	0	0.5	1.0	-0.000813838	0
279	Iter0280	3	2	5	7	0	0	2.1	0.6199095022624418	-3.7483314000000006e-06	0
280	Iter0281	1	3	1	4	0	0	1.3333333333333333	1.0	-0.000430889	0
281	Iter0282	5	2	7	1	0	0	0.35714285714285715	0.5692307692307675	-0.0007606798000000001	0
282	Iter0283	3	1	2	3	0	0	4.5	0.5238095238095235	-6.1674400000000016e-06	0
283	Iter0284	2	3	7	5	0	0	0.4761904761904762	0.6199095022624417	-8.75951303e-06	0
284	Iter0285	0	6	8	6	0	0	0.11111111111111108	0.0418988648090816	0.0	0
285	Iter0286	6	0	6	0	0	0	1.0	1.0	-0.0008513487930724657	0
286	Iter0287	0	5	3	5	0	0	0.25	0.23076923076923145	0.0	0
287	Iter0288	2	1	10	3	0	0	0.6	1.0	-5.968828e-05	0
288	Iter0289	1	4	8	2	0	0	0.0625	0.0889110889110889	0.0	0
289	Iter0290	3	3	1	4	0	0	4.0	0.5454545454545456	-0.000200833207	0
290	Iter0291	3	6	9	2	0	0	0.1111111111111111	0.06477732793522252	-5.6001920000000005e-05	0
291	Iter0292	0	1	6	5	0	0	0.42857142857142855	1.0	0.0	0
292	Iter0293	1	3	9	3	0	0	0.1111111111111111	0.11813186813186785	-9.95935e-05	0
293	Iter0294	4	2	3	2	0	0	1.3333333333333333	1.0	-0.000328663971	0
294	Iter0295	2	2	3	1	0	0	0.3333333333333333	1.0	-0.000156472778595	0
295	Iter0296	4	0	4	6	0	0	7.0	0.0849150849150849	-0.0006856917781	0
296	Iter0297	0	2	11	0	0	0	0.027777777777777776	0.01282051282051283	0.0	0
297	Iter0298	5	2	1	2	0	0	5.0	0.5000000000000001	-0.00020241043999999996	0
298	Iter0299	4	7	3	2	0	0	0.3809523809523809	0.5961538461538446	-0.0004993600292999999	0
299	Iter0300	5	0	6	0	0	0	0.8571428571428571	1.0	-0.0011257824100000002	0
300	Iter0301	3	1	9	2	0	0	0.6666666666666666	1.0	-9.07684e-05	0
301	Iter0302	1	7	0	2	0	0	0.75	1.0	-2.7353e-05	0
302	Iter0303	2	1	5	3	0	0	1.2	1.0	-3.647316e-05	0
303	Iter0304	4	4	4	4	0	0	1.0	1.0	-0.000174705172	0
304	Iter0305	3	2	4	4	0	0	1.5	1.0	-0.0004687561	0
305	Iter0306	4	4	8	3	0	0	0.375	0.3765182186234817	-3.59411698e-05	0
306	Iter0307	2	4	5	2	0	0	0.2	0.28613053613053674	-4.2977299999999986e-05	0
307	Iter0308	2	5	2	4	0	0	0.8	1.0	-0.000540813	0
308	Iter0309	1	3	4	4	0	0	0.3333333333333333	0.5757575757575774	-2.81664e-06	0
309	Iter0310	2	2	2	2	0	0	1.0	1.0	-5.113360379731e-08	0
310	Iter0311	4	2	2	1	0	0	1.0	1.0	-0.0011477805	0
311	Iter0312	2	3	7	2	0	0	0.19047619047619047	0.26573426573426473	-0.00026079149	0
312	Iter0313	5	3	3	1	0	0	0.5555555555555556	1.0	-0.00019800127763299998	0
313	Iter0314	0	6	5	3	0	0	0.09523809523809523	0.030969030969030913	0.0	0
314	Iter0315	4	2	4	2	0	0	1.0	1.0	-0.000590744	0
315	Iter0316	5	2	8	5	0	0	1.5625	1.0	-0.000200428883	0
316	Iter0317	5	4	6	4	0	0	0.8333333333333334	1.0	-0.000341904988514172	0
317	Iter0318	3	2	8	6	0	0	1.125	1.0	-0.00024202297999999998	0
318	Iter0319	1	6	3	0	0	0	0.07142857142857142	0.03333333333333333	-0.0001315203936	0
319	Iter0320	2	6	6	2	0	0	0.1111111111111111	0.13193473193473182	-5.2101225e-05	0
320	Iter0321	1	2	6	1	0	0	0.08333333333333333	0.18333333333333315	-0.0007477579099999999	0
321	Iter0322	2	2	6	2	0	0	0.3333333333333333	0.5474747474747486	-0.0002601481	0
322	Iter0323	1	3	4	2	0	0	0.16666666666666666	0.5238095238095236	-0.000302842	0
323	Iter0324	5	2	8	1	0	0	0.3125	0.5499999999999967	-0.000709355191	0
324	Iter0325	0	2	5	4	0	0	0.2777777777777778	0.45454545454545403	-1.78712e-10	0
325	Iter0326	3	1	6	4	0	0	2.0	1.0	-7.025599e-05	0
326	Iter0327	3	4	2	2	0	0	0.75	1.0	-2.330102e-05	0
327	Iter0328	3	2	6	1	0	0	0.25	0.5227272727272729	-0.00053517898951	0
328	Iter0329	4	5	4	4	0	0	0.8	1.0	-5.1413431e-05	0
329	Iter0330	4	2	6	3	0	0	1.0	1.0	-4.13679397e-05	0
330	Iter0331	2	4	8	1	0	0	0.0625	0.08891108891108859	-3.2695708346e-05	0
331	Iter0332	3	3	3	3	0	0	1.0	1.0	-2.18421588e-06	0
332	Iter0333	3	6	1	0	0	0	0.2857142857142857	0.3999999999999998	-8.69916209226e-05	0
333	Iter0334	6	5	4	1	0	0	0.3	0.5879120879120874	-0.0008929711718569999	0
334	Iter0335	1	8	4	4	0	0	0.125	0.13122171945701328	-7.77758e-05	0
335	Iter0336	2	4	5	4	0	0	0.4	0.6083916083916076	-0.000142848123666	0
336	Iter0337	3	2	4	1	0	0	0.375	1.0	-0.000465867276	0
337	Iter0338	3	1	6	1	0	0	0.5	1.0	-4.26702e-05	0
338	Iter0339	3	3	9	2	0	0	0.2222222222222222	0.28005817711700043	-0.00044148266350000004	0
339	Iter0340	4	2	3	1	0	0	0.6666666666666666	1.0	-0.0002501950000331159	0
340	Iter0341	4	2	9	6	0	0	1.3333333333333333	1.0	-0.0008391816	0
341	Iter0342	4	0	6	5	0	0	4.285714285714286	0.23076923076923045	-2.1169764399999996e-05	0
342	Iter0343	0	6	1	4	0	0	0.3571428571428571	0.4545454545454541	0.0	0
343	Iter0344	2	2	6	3	0	0	0.5	1.0	-0.00012754120000000002	0
344	Iter0345	3	4	5	2	0	0	0.3	0.5920745920745918	-0.001217237	0
345	Iter0346	4	4	5	4	0	0	0.8	1.0	-0.0013118309	0
346	Iter0347	3	1	5	3	0	0	1.7999999999999998	1.0	-1.2399705375e-05	0
347	Iter0348	2	7	6	5	0	0	0.2380952380952381	0.1968087639914267	-4.3329939628e-05	0
348	Iter0349	1	7	3	3	0	0	0.14285714285714285	0.2447552447552449	-1.46572e-05	0
349	Iter0350	3	2	5	4	0	0	1.2	1.0	-0.00014624186567	0
350	Iter0351	0	5	3	1	0	0	0.08333333333333333	0.047619047619047665	0.0	0
351	Iter0352	4	4	3	4	0	0	1.3333333333333333	1.0	-0.000183074967	0
352	Iter0353	3	3	9	2	0	0	0.2222222222222222	0.28005817711700043	-5.6959223179999995e-05	0
353	Iter0354	4	3	8	8	0	0	1.3333333333333333	1.0	-0.0007017563999999999	0
354	Iter0355	4	4	8	1	0	0	0.125	0.1312217194570132	-0.0008335197999999999	0
355	Iter0356	5	2	8	4	0	0	1.25	1.0	-5.4404179999999995e-05	0
356	Iter0357	4	4	5	1	0	0	0.2	0.30069930069930034	-0.0004903188882	0
357	Iter0358	2	4	7	4	0	0	0.2857142857142857	0.3348416289592757	-5.24288e-07	0
358	Iter0359	6	1	3	4	0	0	8.0	0.2657342657342656	-0.00012155635700000001	0
359	Iter0360	1	4	4	2	0	0	0.125	0.2424242424242421	-0.000277308	0
360	Iter0361	2	4	6	4	0	0	0.3333333333333333	0.6083916083916083	-8.14755e-06	0
361	Iter0362	5	1	3	4	0	0	6.666666666666668	0.2657342657342661	-0.000421593594	0
362	Iter0363	0	2	8	0	0	0	0.037037037037037035	0.022222222222222227	0.0	0
363	Iter0364	1	3	9	5	0	0	0.1851851851851852	0.2745098039215692	-0.0001533	0
364	Iter0365	4	1	5	3	0	0	2.4	1.0	-0.001116775947	0
365	Iter0366	3	3	5	3	0	0	0.6	1.0	-0.00012047734999999999	0
366	Iter0367	2	3	4	0	0	0	0.15	0.16666666666666666	-3.742539e-05	0
367	Iter0368	3	1	3	4	0	0	4.0	0.5454545454545452	-9.329404549390001e-05	0
368	Iter0369	1	2	13	0	0	0	0.047619047619047616	0.02499999999999997	-3.69096e-08	0
369	Iter0370	5	3	6	2	0	0	0.5555555555555556	1.0	-2.60850799484e-05	0
370	Iter0371	6	3	3	2	0	0	1.3333333333333333	1.0	-3.57960874e-05	0
371	Iter0372	3	5	7	2	0	0	0.17142857142857146	0.15343480049362426	-1.226665424e-05	0
372	Iter0373	3	2	4	5	0	0	1.875	1.0	-1.6615799590600002e-06	0
373	Iter0374	5	2	4	2	0	0	1.25	1.0	-0.00080377022942	0
374	Iter0375	1	2	4	1	0	0	0.125	0.4642857142857137	-0.000147011	0
375	Iter0376	4	2	7	1	0	0	0.2857142857142857	0.5384615384615387	-0.0011347704041635	0
376	Iter0377	4	4	8	3	0	0	0.375	0.3765182186234817	-0.0010304954091000002	0
377	Iter0378	9	1	8	2	0	0	2.25	1.0	-0.0005930349481989	0
378	Iter0379	5	3	4	2	0	0	0.8333333333333334	1.0	-0.00039277424611650004	0
379	Iter0380	3	3	6	0	0	0	0.14285714285714285	0.1818181818181821	-3.93568884e-05	0
380	Iter0381	2	2	7	3	0	0	0.42857142857142855	0.5804195804195794	-9.76848e-05	0
381	Iter0382	2	2	9	2	0	0	0.2222222222222222	0.5164835164835159	-9.976211669999999e-08	0
382	Iter0383	1	3	6	1	0	0	0.05555555555555555	0.08787878787878785	-0.000399442	0
383	Iter0384	2	1	5	5	0	0	2.0	1.0	-0.0002529640054037	0
384	Iter0385	3	1	10	1	0	0	0.3	0.4761904761904742	-0.000347916242	0
385	Iter0386	8	5	2	2	0	0	1.6	1.0	-0.0005427121213139001	0
386	Iter0387	6	1	4	1	0	0	1.5	1.0	-0.00076014954	0
387	Iter0388	6	5	5	2	0	0	0.48	0.6370663650075437	-0.000619917136	0
388	Iter0389	2	2	4	5	0	0	1.25	1.0	-5.207258e-05	0
389	Iter0390	5	3	9	3	0	0	0.5555555555555556	0.6424148606811155	-0.00029833435	0
390	Iter0391	2	3	1	1	0	0	0.6666666666666666	1.0	-1.225326e-05	0
391	Iter0392	4	2	4	4	0	0	2.0	0.6270396270396283	-0.0004175752595480027	0
392	Iter0393	3	0	5	2	0	0	2.0	1.0	-0.00019788120999999999	0
393	Iter0394	4	3	12	0	0	0	0.09615384615384616	0.03611971104231189	-4.6081621643111e-06	0
394	Iter0395	2	0	8	4	0	0	1.6666666666666663	1.0	-0.000611294402807	0
395	Iter0396	3	2	10	0	0	0	0.1212121212121212	0.09523809523809476	-0.0004043521341	0
396	Iter0397	3	1	6	2	0	0	1.0	1.0	-1.29016e-05	0
397	Iter0398	4	2	4	0	0	0	0.33333333333333337	0.4666666666666668	-7.698300281638999e-05	0
398	Iter0399	0	1	7	4	0	0	0.3125	0.4166666666666672	0.0	0
399	Iter0400	2	4	5	2	0	0	0.2	0.28613053613053674	-0.00131916	0
400	Iter0401	3	1	2	6	0	0	9.0	0.2222222222222227	-3.60174358e-05	0
401	Iter0402	1	5	10	3	0	0	0.06	0.040763673890608684	-5.19924e-10	0
402	Iter0403	4	2	2	3	0	0	3.0	0.5670995670995665	-0.0009645456	0
403	Iter0404	4	1	6	1	0	0	0.6666666666666666	1.0	-0.0007868282540000001	0
404	Iter0405	2	3	2	5	0	0	1.6666666666666663	1.0	-3.2223742e-05	0
405	Iter0406	5	4	2	5	0	0	3.125	0.35751748251748205	-0.00187297274	0
406	Iter0407	1	1	6	3	0	0	0.5	1.0	-0.000142127	0
407	Iter0408	6	3	5	0	0	0	0.2916666666666667	0.25824175824175777	-0.0005636891731000001	0
408	Iter0409	3	2	5	0	0	0	0.2222222222222222	0.4444444444444442	-5.096088197500001e-06	0
409	Iter0410	1	3	4	6	0	0	0.5	1.0	-2.63904e-09	0
410	Iter0411	4	4	2	2	0	0	1.0	1.0	-0.00325734460518725	0
411	Iter0412	1	2	1	2	0	0	1.0	1.0	-3.31741e-05	0
412	Iter0413	5	3	3	1	0	0	0.5555555555555556	1.0	-0.000654206015	0
413	Iter0414	1	2	4	3	0	0	0.375	1.0	-1.4679399999999996e-18	0
414	Iter0415	4	1	3	0	0	0	0.625	1.0	-0.00035605740999999994	0
415	Iter0416	2	3	3	6	0	0	1.3333333333333333	1.0	-0.000599310989	0
416	Iter0417	1	3	4	4	0	0	0.3333333333333333	0.5757575757575774	-3.2225e-07	0
417	Iter0418	4	5	4	1	0	0	0.2	0.3006993006992999	-1.7482513999999996e-05	0
418	Iter0419	5	3	6	3	0	0	0.8333333333333334	1.0	-0.000265244021	0
419	Iter0420	1	2	5	2	0	0	0.2	0.4999999999999996	-2.77039e-06	0
420	Iter0421	1	1	9	4	0	0	0.4444444444444444	1.0	-7.08284e-06	0
421	Iter0422	1	3	3	2	0	0	0.2222222222222222	0.5238095238095237	-4.93352e-06	0
422	Iter0423	2	2	4	2	0	0	0.5	1.0	-2.1943620000000003e-05	0
423	Iter0424	5	3	7	2	0	0	0.4761904761904762	0.6199095022624421	-0.0004542552924	0
424	Iter0425	1	6	5	3	0	0	0.1	0.11888111888111882	-0.000383002	0
425	Iter0426	2	2	5	4	0	0	0.8	1.0	-3.150721e-07	0
426	Iter0427	3	2	3	2	0	0	1.0	1.0	-4.93077947e-05	0
427	Iter0428	1	2	3	1	0	0	0.16666666666666666	0.4857142857142852	-9.26343e-06	0
428	Iter0429	1	1	6	3	0	0	0.5	1.0	-2.39085e-06	0
429	Iter0430	1	2	3	3	0	0	0.5	1.0	-7.628110000000001e-10	0
430	Iter0431	3	4	5	1	0	0	0.15	0.26573426573426623	-2.0465125860000002e-05	0
431	Iter0432	1	2	6	2	0	0	0.16666666666666666	0.4909090909090907	-5.50076e-08	0
432	Iter0433	5	1	3	3	0	0	5.0	0.5454545454545476	-0.00042613667700000003	0
433	Iter0434	6	2	4	2	0	0	1.5	1.0	-0.002423669720000005	0
434	Iter0435	4	3	6	3	0	0	0.6666666666666666	1.0	-0.0005984803341	0
435	Iter0436	1	3	6	2	0	0	0.1111111111111111	0.2222222222222228	0.0	0
436	Iter0437	3	5	4	0	0	0	0.13333333333333333	0.08080808080808087	-0.000778916946	0
437	Iter0438	1	4	7	2	0	0	0.07142857142857142	0.0909090909090907	-6.81559e-09	0
438	Iter0439	2	2	8	3	0	0	0.375	0.5604395604395587	-0.00022015460000000006	0
439	Iter0440	2	2	6	3	0	0	0.5	1.0	-0.00108383915	0
440	Iter0441	3	3	1	1	0	0	1.0	1.0	-8.146204599999999e-06	0
441	Iter0442	4	4	2	3	0	0	1.5	1.0	-0.0002450778354	0
442	Iter0443	1	3	4	1	0	0	0.08333333333333333	0.20634920634920625	-6.06214e-05	0
443	Iter0444	7	5	6	3	0	0	0.7	1.0	-0.00064355798	0
444	Iter0445	5	0	8	5	0	0	4.0	0.24894957983193175	-1.716618842e-05	0
445	Iter0446	5	2	6	4	0	0	1.6666666666666667	1.0	-0.0013972275	0
446	Iter0447	2	0	5	2	0	0	1.5	1.0	-0.000260402518	0
447	Iter0448	4	1	3	3	0	0	4.0	0.5454545454545454	-0.000176318916009	0
448	Iter0449	2	2	7	4	0	0	0.5714285714285714	1.0	-0.000686412	0
449	Iter0450	5	3	7	2	0	0	0.4761904761904762	0.6199095022624421	-0.0005865822858279	0
450	Iter0451	4	5	2	2	0	0	0.8	1.0	-0.0007107454	0
451	Iter0452	3	2	4	3	0	0	1.125	1.0	-0.0003514385479	0
452	Iter0453	3	2	4	1	0	0	0.375	1.0	-0.00027226178251	0
453	Iter0454	1	4	4	2	0	0	0.125	0.2424242424242421	-1.50942e-12	0
454	Iter0455	7	1	5	4	0	0	5.6	0.2941176470588226	-0.0021471922339	0
455	Iter0456	4	1	4	6	0	0	6.0	0.2820512820512825	-0.0006822177	0
456	Iter0457	2	4	3	0	0	0	0.15	0.16666666666666674	-0.0009988999	0
457	Iter0458	3	4	11	4	0	0	0.2727272727272727	0.3426212590299271	-0.00039223348756999997	0
458	Iter0459	3	4	8	1	0	0	0.09375	0.10576923076923016	-4.3931219e-05	0
459	Iter0460	0	5	6	4	0	0	0.11904761904761905	0.04395604395604387	0.0	0
460	Iter0461	0	2	5	0	0	0	0.05555555555555555	0.0476190476190476	0.0	0
461	Iter0462	2	3	5	1	0	0	0.13333333333333333	0.2424242424242424	-3.791522e-07	0
462	Iter0463	1	1	8	0	0	0	0.1111111111111111	0.1999999999999998	0.0	0
463	Iter0464	2	1	3	6	0	0	4.0	0.5227272727272732	-0.0003933279	0
464	Iter0465	4	4	5	3	0	0	0.6	1.0	-1.0588985714e-05	0
465	Iter0466	3	5	4	3	0	0	0.45	0.6192696192696191	-1.1213e-05	0
466	Iter0467	0	4	6	2	0	0	0.08571428571428573	0.06060606060606085	-2.03808e-05	0
467	Iter0468	1	1	2	3	0	0	1.5	1.0	-0.0007681739999999999	0
468	Iter0469	1	5	6	5	0	0	0.16666666666666669	0.3042986425339371	-1.91385e-15	0
469	Iter0470	1	3	7	2	0	0	0.09523809523809523	0.2167832167832169	-6.28665e-11	0
470	Iter0471	2	3	4	2	0	0	0.3333333333333333	0.5670995670995663	-0.000585106763	0
471	Iter0472	5	5	1	3	0	0	3.0	0.5804195804195801	-0.0015532862	0
472	Iter0473	1	6	5	1	0	0	0.03333333333333333	0.029137529137529237	-9.66316e-05	0
473	Iter0474	1	2	2	2	0	0	0.5	1.0	-1.59347e-10	0
474	Iter0475	3	1	5	4	0	0	2.4	1.0	-0.000690015313	0
475	Iter0476	3	3	4	3	0	0	0.75	1.0	-5.257060000000001e-07	0
476	Iter0477	3	2	13	3	0	0	0.3461538461538462	0.5528035775713813	-0.000493298146	0
477	Iter0478	2	4	4	1	0	0	0.125	0.2424242424242421	-0.0011048289	0
478	Iter0479	2	4	1	1	0	0	0.5	1.0	-1.694748e-07	0
479	Iter0480	2	0	11	4	0	0	1.25	1.0	-7.2729400256295e-05	0
480	Iter0481	5	3	2	2	0	0	1.6666666666666667	1.0	-9.843373979e-05	0
481	Iter0482	2	3	3	4	0	0	0.8888888888888888	1.0	-8.776040000000001e-05	0
482	Iter0483	3	3	4	2	0	0	0.5	1.0	-3.5176855792357e-06	0
483	Iter0484	2	1	6	2	0	0	0.6666666666666666	1.0	-8.85964e-05	0
484	Iter0485	3	2	3	2	0	0	1.0	1.0	-8.63869134e-08	0
485	Iter0486	2	2	10	3	0	0	0.3	0.5378151260504158	-0.0001303353	0
486	Iter0487	4	2	3	2	0	0	1.3333333333333333	1.0	-4.066434015000001e-05	0
487	Iter0488	3	8	4	0	0	0	0.08888888888888888	0.025641025641025574	-3.7169882e-05	0
488	Iter0489	3	1	7	2	0	0	0.8571428571428571	1.0	-6.305726399999999e-05	0
489	Iter0490	3	0	5	1	0	0	1.3333333333333333	1.0	-5.84401e-05	0
490	Iter0491	5	3	5	2	0	0	0.6666666666666667	1.0	-0.000688816667	0
491	Iter0492	3	2	4	7	0	0	2.625	0.5961538461538456	-0.000436442	0
492	Iter0493	5	4	5	3	0	0	0.75	1.0	-0.000128694331	0
493	Iter0494	3	9	7	2	0	0	0.09523809523809523	0.02997312285237985	-4.377655e-05	0
494	Iter0495	4	4	8	6	0	0	0.75	1.0	-0.001672632	0
495	Iter0496	0	1	6	5	0	0	0.42857142857142855	1.0	0.0	0
496	Iter0497	6	4	8	2	0	0	0.375	0.6284829721362245	-0.000555742846	0
497	Iter0498	2	2	4	5	0	0	1.25	1.0	-0.000239767	0
498	Iter0499	5	3	7	3	0	0	0.7142857142857143	1.0	-9.14539966e-05	0
499	Iter0500	4	6	4	2	0	0	0.3333333333333333	0.6083916083916083	-0.000172411013	0
500	Iter0501	3	1	7	2	0	0	0.8571428571428571	1.0	-0.0006990272103500001	0
501	Iter0502	3	2	7	3	0	0	0.6428571428571428	1.0	-0.00019027879699999998	0
502	Iter0503	1	4	6	4	0	0	0.16666666666666666	0.2820512820512825	-7.328180000000001e-05	0
503	Iter0504	3	5	9	2	0	0	0.13333333333333333	0.07394617766134816	-0.0011171332999999999	0
504	Iter0505	5	2	3	5	0	0	4.166666666666667	0.3146853146853151	-0.00032580289644219997	0
505	Iter0506	2	1	5	2	0	0	0.8	1.0	-0.00033458248766999997	0
506	Iter0507	2	3	4	3	0	0	0.5	1.0	-0.00032051977	0
507	Iter0508	1	1	10	5	0	0	0.5	1.0	-1.14131e-05	0
508	Iter0509	3	2	9	3	0	0	0.5	0.6000323206205526	-7.6818511811e-05	0
509	Iter0510	5	3	6	5	0	0	1.3888888888888893	1.0	-0.00050496576528	0
510	Iter0511	3	1	8	3	0	0	1.125	1.0	-0.00019745125590000002	0
511	Iter0512	1	1	7	3	0	0	0.42857142857142855	1.0	-1.70214e-07	0
512	Iter0513	1	3	3	1	0	0	0.1111111111111111	0.4857142857142854	-0.000116757	0
513	Iter0514	2	2	6	2	0	0	0.3333333333333333	0.5474747474747486	-4.327354e-06	0
514	Iter0515	1	0	6	3	0	0	1.1428571428571428	1.0	-0.000121312	0
515	Iter0516	2	2	4	1	0	0	0.25	0.5238095238095241	-4.5804432000000006e-05	0
516	Iter0517	2	1	3	2	0	0	1.3333333333333333	1.0	-9.8965593e-06	0
517	Iter0518	0	2	9	3	0	0	0.13333333333333333	0.10989010989010926	0.0	0
518	Iter0519	2	4	8	2	0	0	0.125	0.11813186813186788	-0.0001240848	0
519	Iter0520	0	2	3	4	0	0	0.4166666666666666	0.5000000000000009	0.0	0
520	Iter0521	2	3	4	3	0	0	0.5	1.0	-0.000949965579	0
521	Iter0522	6	5	3	1	0	0	0.4	0.6043956043956045	-0.00034974563035510003	0
522	Iter0523	2	2	7	1	0	0	0.14285714285714285	0.2363636363636368	-2.784205e-07	0
523	Iter0524	4	5	4	6	0	0	1.2000000000000002	1.0	-9.836674499999999e-05	0
524	Iter0525	5	5	8	5	0	0	0.625	0.6850181720285324	-0.00036190699999999996	0
525	Iter0526	0	3	8	3	0	0	0.1111111111111111	0.05494505494505482	0.0	0
526	Iter0527	2	1	2	1	0	0	1.0	1.0	-4.3248020000000005e-05	0
527	Iter0528	3	4	6	3	0	0	0.375	0.6145104895104878	-0.000149886	0
528	Iter0529	2	5	8	1	0	0	0.05	0.034965034965034794	-1.27561e-05	0
529	Iter0530	2	1	6	4	0	0	1.3333333333333333	1.0	-0.00026006200000000003	0
530	Iter0531	1	3	1	2	0	0	0.6666666666666666	1.0	-9.5847e-08	0
531	Iter0532	0	4	5	1	0	0	0.06666666666666668	0.0476190476190476	0.0	0
532	Iter0533	4	3	4	3	0	0	1.0	1.0	-0.00128673362	0
533	Iter0534	5	3	4	1	0	0	0.4166666666666667	1.0	-0.0001486738477	0
534	Iter0535	1	1	9	1	0	0	0.1111111111111111	0.3181818181818192	-3.70716e-11	0
535	Iter0536	1	0	5	1	0	0	0.6666666666666666	1.0	-1.46757e-08	0
536	Iter0537	3	2	5	3	0	0	0.8999999999999999	1.0	-0.00038915217379300004	0
537	Iter0538	2	8	3	1	0	0	0.08333333333333333	0.09490509490509452	-0.0010343953000000001	0
538	Iter0539	2	3	8	2	0	0	0.16666666666666666	0.25074925074925003	-4.96031155e-06	0
539	Iter0540	6	2	4	2	0	0	1.5	1.0	-0.00102200144	0
540	Iter0541	2	8	5	1	0	0	0.05	0.03496503496503492	-5.87162e-05	0
541	Iter0542	6	4	4	0	0	0	0.28	0.2507492507492505	-0.0008763239724002209	0
542	Iter0543	1	4	7	2	0	0	0.07142857142857142	0.0909090909090907	-1.03983e-10	0
543	Iter0544	5	5	11	6	0	0	0.5454545454545455	0.6867531146707441	-0.0002476128432424	0
544	Iter0545	3	11	5	5	0	0	0.2727272727272727	0.20379593484991432	-0.00014730978169999999	0
545	Iter0546	3	8	2	2	0	0	0.375	0.5604395604395589	-2.68825096e-05	0
546	Iter0547	2	5	2	3	0	0	0.6000000000000001	1.0	-0.00023177433	0
547	Iter0548	2	1	3	4	0	0	2.6666666666666665	1.0	-7.29175948e-05	0
548	Iter0549	3	2	7	0	0	0	0.16666666666666666	0.15151515151515174	-0.0008791882030000001	0
549	Iter0550	3	2	7	3	0	0	0.6428571428571428	1.0	-0.0005271882224999999	0
550	Iter0551	5	2	8	3	0	0	0.9375	1.0	-0.0001978642968	0
551	Iter0552	3	3	3	4	0	0	1.3333333333333333	1.0	-4.814979e-05	0
552	Iter0553	3	4	8	2	0	0	0.1875	0.161764705882353	-4.196587e-05	0
553	Iter0554	3	0	6	4	0	0	2.8571428571428568	0.4965034965034971	-7.52560875e-05	0
554	Iter0555	0	3	1	1	0	0	0.25	0.4000000000000002	-2.72089e-05	0
555	Iter0556	4	0	5	3	0	0	3.333333333333333	0.4909090909090915	-0.0014777827967	0
556	Iter0557	2	4	3	1	0	0	0.16666666666666666	0.5238095238095236	-5.451301e-07	0
557	Iter0558	2	2	1	2	0	0	2.0	1.0	-0.0001828666	0
558	Iter0559	5	4	7	2	0	0	0.35714285714285715	0.6199095022624448	-0.00016010489100000001	0
559	Iter0560	1	5	6	1	0	0	0.03333333333333333	0.029137529137529157	-0.00012202	0
560	Iter0561	2	1	7	4	0	0	1.1428571428571428	1.0	-5.04117959252e-06	0
561	Iter0562	5	3	7	2	0	0	0.4761904761904762	0.6199095022624421	-0.0004727014132	0
562	Iter0563	2	3	6	1	0	0	0.1111111111111111	0.22222222222222265	-6.311792e-05	0
563	Iter0564	4	2	4	0	0	0	0.33333333333333337	0.4666666666666668	-0.0001930328	0
564	Iter0565	1	2	6	7	0	0	0.5833333333333334	1.0	-4.9269800000000016e-06	0
565	Iter0566	4	2	3	3	0	0	2.0	1.0	-7.700013099999999e-05	0
566	Iter0567	1	1	7	2	0	0	0.2857142857142857	0.4909090909090902	-5.38983e-07	0
567	Iter0568	1	3	5	2	0	0	0.13333333333333333	0.242424242424242	-1.29924e-10	0
568	Iter0569	0	6	5	2	0	0	0.07142857142857142	0.020979020979021015	0.0	0
569	Iter0570	2	3	5	3	0	0	0.4	0.5920745920745939	-0.00045311799999999997	0
570	Iter0571	2	1	4	1	0	0	0.5	1.0	-7.640662999999998e-06	0
571	Iter0572	2	1	3	4	0	0	2.6666666666666665	1.0	-1.583597e-05	0
572	Iter0573	1	2	8	3	0	0	0.1875	0.5054945054945046	-4.63877e-05	0
573	Iter0574	2	3	7	4	0	0	0.3809523809523809	0.5961538461538449	-5.1713390000000005e-05	0
574	Iter0575	1	1	9	2	0	0	0.2222222222222222	0.42307692307692496	-1.51893e-05	0
575	Iter0576	4	1	5	3	0	0	2.4	1.0	-4.5179620666e-05	0
576	Iter0577	3	6	4	1	0	0	0.125	0.2657342657342652	-0.00015499762890500002	0
577	Iter0578	3	4	5	2	0	0	0.3	0.5920745920745918	-3.137355e-09	0
578	Iter0579	5	2	11	2	0	0	0.4545454545454545	0.5867905056759564	-0.0006678406340000001	0
579	Iter0580	6	3	6	2	0	0	0.6666666666666666	1.0	-0.00053603170884	0
580	Iter0581	2	1	4	4	0	0	2.0	1.0	-9.82266e-07	0
581	Iter0582	1	3	5	3	0	0	0.2	0.5454545454545471	-1.9446e-06	0
582	Iter0583	6	1	10	2	0	0	1.2	1.0	-0.00028285300741	0
583	Iter0584	2	1	6	2	0	0	0.6666666666666666	1.0	-0.00033132400005379494	0
584	Iter0585	0	3	2	1	0	0	0.16666666666666666	0.3999999999999997	0.0	0
585	Iter0586	4	1	2	1	0	0	2.0	1.0	-0.00025409330000000004	0
586	Iter0587	1	4	7	3	0	0	0.10714285714285714	0.11888111888111895	-8.73411e-08	0
587	Iter0588	2	3	4	1	0	0	0.16666666666666666	0.5238095238095237	-3.02371e-05	0
588	Iter0589	2	3	5	1	0	0	0.13333333333333333	0.2424242424242424	-4.359637076e-06	0
589	Iter0590	2	3	2	3	0	0	1.0	1.0	-0.0006804981473	0
590	Iter0591	2	2	8	2	0	0	0.25	0.5204795204795203	-1.62327951e-05	0
591	Iter0592	2	3	5	3	0	0	0.4	0.5920745920745939	-4.5596470000000014e-05	0
592	Iter0593	3	3	1	2	0	0	2.0	1.0	-0.00023196216600000001	0
593	Iter0594	1	1	4	4	0	0	1.0	1.0	-3.531e-07	0
594	Iter0595	5	5	2	3	0	0	1.5	1.0	-0.000457917207	0
595	Iter0596	1	2	5	1	0	0	0.1	0.22619047619047605	0.0	0
596	Iter0597	3	1	3	1	0	0	1.0	1.0	-0.00022469956	0
597	Iter0598	1	4	9	1	0	0	0.027777777777777776	0.016983016983016998	-9.45941e-05	0
598	Iter0599	3	3	5	2	0	0	0.4	0.5920745920745938	-0.00106914991233	0
599	Iter0600	5	4	3	1	0	0	0.4166666666666667	1.0	-0.0001425546432	0
600	Iter0601	3	8	8	1	0	0	0.046875	0.009764229578471059	-5.63720630158e-06	0
601	Iter0602	3	3	4	2	0	0	0.5	1.0	-0.00037486850851788003	0
602	Iter0603	3	4	2	5	0	0	1.875	1.0	-3.23027480675e-05	0
603	Iter0604	4	2	7	1	0	0	0.2857142857142857	0.5384615384615387	-0.00021510140000000001	0
604	Iter0605	2	2	1	1	0	0	1.0	1.0	-5.2847400000000005e-05	0
605	Iter0606	2	2	5	4	0	0	0.8	1.0	-5.7241127e-05	0
606	Iter0607	2	2	4	3	0	0	0.75	1.0	-4.7079146600000003e-05	0
607	Iter0608	2	5	4	3	0	0	0.30000000000000004	0.5920745920745918	-0.00042699100000000005	0
608	Iter0609	4	3	6	2	0	0	0.4444444444444444	0.6083916083916068	-0.0001643264171845	0
609	Iter0610	4	2	5	1	0	0	0.4	1.0	-5.8193473370000004e-06	0
610	Iter0611	6	2	4	1	0	0	0.75	1.0	-0.000586706371	0
611	Iter0612	3	3	3	2	0	0	0.6666666666666666	1.0	-0.00010275266599999999	0
612	Iter0613	2	1	5	4	0	0	1.6	1.0	-0.0010086739709999999	0
613	Iter0614	4	1	6	2	0	0	1.3333333333333333	1.0	-0.0010207367018999999	0
614	Iter0615	1	1	3	2	0	0	0.6666666666666666	1.0	-0.000467488	0
615	Iter0616	4	2	3	3	0	0	2.0	1.0	-0.00019270779755000002	0
616	Iter0617	5	3	3	2	0	0	1.1111111111111112	1.0	-7.910042168e-05	0
617	Iter0618	3	6	5	1	0	0	0.1	0.1188811188811186	-0.0003713732	0
618	Iter0619	3	2	8	1	0	0	0.1875	0.5054945054945037	-0.00035730888764	0
619	Iter0620	2	4	12	2	0	0	0.08333333333333333	0.037409700722394315	-5.1743e-06	0
620	Iter0621	6	5	3	3	0	0	1.2	1.0	-0.00035710004	0
621	Iter0622	2	5	4	2	0	0	0.2	0.2861305361305377	-1.75529e-05	0
622	Iter0623	2	5	3	5	0	0	0.6666666666666667	1.0	-5.9558e-05	0
623	Iter0624	6	1	6	2	0	0	2.0	1.0	-0.001490489419	0
624	Iter0625	5	1	9	1	0	0	0.5555555555555556	1.0	-0.00024231033099999998	0
625	Iter0626	3	1	8	1	0	0	0.375	1.0	-0.0002203500663769	0
626	Iter0627	2	1	8	3	0	0	0.75	1.0	-0.000179051949	0
627	Iter0628	2	1	5	5	0	0	2.0	1.0	-0.0007449860449629002	0
628	Iter0629	0	4	3	0	0	0	0.05	0.02857142857142855	0.0	0
629	Iter0630	2	3	4	5	0	0	0.8333333333333333	1.0	-4.93721000757177e-05	0
630	Iter0631	2	3	5	2	0	0	0.26666666666666666	0.5580808080808088	-0.000517675	0
631	Iter0632	1	4	6	3	0	0	0.125	0.2657342657342652	-2.63115e-06	0
632	Iter0633	1	4	6	1	0	0	0.04166666666666666	0.07196969696969706	-2.61702e-12	0
633	Iter0634	4	5	4	5	0	0	1.0	1.0	-3.601035219e-06	0
634	Iter0635	4	6	5	0	0	0	0.11904761904761905	0.04395604395604387	-2.6930883960000004e-05	0
635	Iter0636	4	3	1	4	0	0	5.333333333333333	0.29292929292929354	-0.0005629110299999999	0
636	Iter0637	2	2	6	4	0	0	0.6666666666666666	1.0	-2.0770190000000002e-05	0
637	Iter0638	3	2	5	3	0	0	0.8999999999999999	1.0	-0.000344682315982	0
638	Iter0639	2	6	3	1	0	0	0.1111111111111111	0.2222222222222228	-3.468635e-06	0
639	Iter0640	6	2	5	3	0	0	1.7999999999999998	1.0	-0.000249560994741	0
640	Iter0641	1	0	5	2	0	0	1.0	1.0	-0.000252517	0
641	Iter0642	2	5	10	6	0	0	0.24	0.19302732534661507	-1.26675e-05	0
642	Iter0643	3	2	7	2	0	0	0.42857142857142855	0.5804195804195791	-0.0013113202	0
643	Iter0644	2	1	10	1	0	0	0.2	0.3956043956043948	-3.1193200010413504e-07	0
644	Iter0645	0	4	9	1	0	0	0.04	0.004995004995004983	0.0	0
645	Iter0646	3	3	10	7	0	0	0.7	1.0	-0.0007235711999999999	0
646	Iter0647	9	2	10	3	0	0	1.35	1.0	-0.0012321901121119	0
647	Iter0648	3	3	6	3	0	0	0.5	0.6223776223776206	-1.0642409143e-06	0
648	Iter0649	2	4	6	1	0	0	0.08333333333333333	0.10256410256410263	-0.000123260106538	0
649	Iter0650	6	0	10	2	0	0	1.9090909090909087	0.5294117647058844	-6.1740545246e-05	0
650	Iter0651	3	4	7	6	0	0	0.6428571428571428	1.0	-0.0002567399132	0
651	Iter0652	2	3	5	1	0	0	0.13333333333333333	0.2424242424242424	-3.0705347629e-08	0
652	Iter0653	6	3	7	3	0	0	0.8571428571428571	1.0	-0.0008573027700000001	0
653	Iter0654	0	0	6	4	0	0	0.7142857142857143	1.0	0.0	0
654	Iter0655	1	5	2	3	0	0	0.30000000000000004	0.5454545454545455	-7.265800000000001e-05	0
655	Iter0656	3	1	5	2	0	0	1.2	1.0	-1.0907612069e-06	0
656	Iter0657	4	3	4	1	0	0	0.3333333333333333	0.5757575757575769	-0.00051983990177275	0
657	Iter0658	4	0	5	5	0	0	5.0	0.2207792207792203	-0.00044423033705	0
658	Iter0659	3	1	4	2	0	0	1.5	1.0	-0.00058752269	0
659	Iter0660	3	2	6	3	0	0	0.75	1.0	-2.2767231000000001e-07	0
660	Iter0661	6	5	4	3	0	0	0.9	1.0	-0.0007069960099	0
661	Iter0662	1	6	6	2	0	0	0.05555555555555555	0.040559440559440524	-0.000316528	0
662	Iter0663	3	2	5	3	0	0	0.8999999999999999	1.0	-0.0001442596	0
663	Iter0664	2	8	6	1	0	0	0.04166666666666666	0.015220074043603428	-2.349736e-06	0
664	Iter0665	1	2	3	3	0	0	0.5	1.0	-1.11158e-10	0
665	Iter0666	3	1	4	2	0	0	1.5	1.0	-0.0003042581	0
666	Iter0667	3	3	10	2	0	0	0.2	0.2682072829131648	-0.00028025986	0
667	Iter0668	3	3	4	3	0	0	0.75	1.0	-0.0001490580450908	0
668	Iter0669	3	3	1	1	0	0	1.0	1.0	-0.00046231510206	0
669	Iter0670	1	1	7	2	0	0	0.2857142857142857	0.4909090909090902	-5.7759e-06	0
670	Iter0671	4	0	4	4	0	0	5.0	0.20808080808080853	-0.00019991887795899998	0
671	Iter0672	1	1	5	3	0	0	0.6	1.0	-0.000209885	0
672	Iter0673	1	7	6	3	0	0	0.07142857142857142	0.04977375565610862	-7.87359e-05	0
673	Iter0674	2	4	9	2	0	0	0.1111111111111111	0.10940530058177136	-9.24131417e-06	0
674	Iter0675	2	2	6	4	0	0	0.6666666666666666	1.0	-3.95648923e-05	0
675	Iter0676	2	6	5	1	0	0	0.06666666666666668	0.10256410256410263	-3.88298e-08	0
676	Iter0677	5	1	2	1	0	0	2.5	1.0	-3.46133443405771e-05	0
677	Iter0678	1	1	4	1	0	0	0.25	1.0	-1.05971e-08	0
678	Iter0679	4	1	5	4	0	0	3.2	0.5804195804195778	-0.00042948624	0
679	Iter0680	3	4	6	2	0	0	0.25	0.3146853146853137	-7.95012e-08	0
680	Iter0681	4	1	6	0	0	0	0.35714285714285715	0.4545454545454541	-0.0005435495671720001	0
681	Iter0682	5	4	7	2	0	0	0.35714285714285715	0.6199095022624448	-0.00036969933637	0
682	Iter0683	3	3	2	2	0	0	1.0	1.0	-2.2861335297e-05	0
683	Iter0684	5	2	6	5	0	0	2.083333333333333	0.637066365007544	-0.001222270442	0
684	Iter0685	1	1	14	3	0	0	0.21428571428571427	0.3859649122807044	-7.47442e-06	0
685	Iter0686	6	3	10	4	0	0	0.8	1.0	-0.000274286472	0
686	Iter0687	2	2	9	2	0	0	0.2222222222222222	0.5164835164835159	-0.0006472102	0
687	Iter0688	0	1	4	2	0	0	0.3	0.4285714285714285	0.0	0
688	Iter0689	2	4	6	3	0	0	0.25	0.3146853146853143	-4.7699400151538e-05	0
689	Iter0690	3	3	5	2	0	0	0.4	0.5920745920745938	-8.856420000000002e-05	0
690	Iter0691	5	3	5	2	0	0	0.6666666666666667	1.0	-0.00027577350000000005	0
691	Iter0692	2	4	6	1	0	0	0.08333333333333333	0.10256410256410263	-5.327060000000001e-05	0
692	Iter0693	3	2	7	3	0	0	0.6428571428571428	1.0	-0.00029148000658	0
693	Iter0694	3	3	5	3	0	0	0.6	1.0	-0.000873182	0
694	Iter0695	1	2	4	4	0	0	0.5	1.0	0.0	0
695	Iter0696	2	4	7	4	0	0	0.2857142857142857	0.3348416289592757	-2.9659971e-05	0
696	Iter0697	0	0	7	1	0	0	0.25	1.0	0.0	0
697	Iter0698	3	2	6	3	0	0	0.75	1.0	-0.00029470420000000003	0
698	Iter0699	3	5	3	2	0	0	0.4	0.5920745920745942	-7.258993621429999e-06	0
699	Iter0700	3	1	8	5	0	0	1.875	1.0	-0.000152599426809	0
700	Iter0701	1	5	2	3	0	0	0.30000000000000004	0.5454545454545455	-3.84939e-08	0
701	Iter0702	2	2	3	2	0	0	0.6666666666666666	1.0	-0.0007809793	0
702	Iter0703	1	2	2	2	0	0	0.5	1.0	-2.73715e-05	0
703	Iter0704	3	1	5	3	0	0	1.7999999999999998	1.0	-0.00018645269	0
704	Iter0705	2	2	9	2	0	0	0.2222222222222222	0.5164835164835159	-0.000951719	0
705	Iter0706	4	1	10	4	0	0	1.6	1.0	-0.000587704182364	0
706	Iter0707	1	3	6	1	0	0	0.05555555555555555	0.08787878787878785	-4.23942e-08	0
707	Iter0708	2	2	8	2	0	0	0.25	0.5204795204795203	-7.962063999999999e-08	0
708	Iter0709	2	3	3	3	0	0	0.6666666666666666	1.0	-1.0038820000000001e-05	0
709	Iter0710	2	2	5	4	0	0	0.8	1.0	-6.85353e-05	0
710	Iter0711	4	4	4	0	0	0	0.2	0.20808080808080853	-8.141473586e-05	0
711	Iter0712	1	2	5	2	0	0	0.2	0.4999999999999996	-3.2377e-06	0
712	Iter0713	1	2	2	1	0	0	0.25	1.0	-0.000128284	0
713	Iter0714	2	1	4	3	0	0	1.5	1.0	-1.66753886e-05	0
714	Iter0715	2	3	6	3	0	0	0.3333333333333333	0.5804195804195786	-0.0003590437427	0
715	Iter0716	1	3	6	2	0	0	0.1111111111111111	0.2222222222222228	-8.49035e-05	0
716	Iter0717	3	6	3	1	0	0	0.16666666666666666	0.26573426573426634	-5.12950604e-05	0
717	Iter0718	3	4	3	2	0	0	0.5	1.0	-0.00016033210999999998	0
718	Iter0719	1	1	6	2	0	0	0.3333333333333333	1.0	-6.67616e-05	0
719	Iter0720	4	2	5	4	0	0	1.6	1.0	-0.00031076332	0
720	Iter0721	1	3	7	5	0	0	0.2380952380952381	0.5692307692307679	-2.57711e-06	0
721	Iter0722	4	0	8	0	0	0	0.5555555555555556	1.0	-0.00047710318514	0
722	Iter0723	2	5	5	2	0	0	0.16	0.28613053613053563	-2.071171e-07	0
723	Iter0724	3	3	6	2	0	0	0.3333333333333333	0.5804195804195795	-0.0003676802	0
724	Iter0725	2	1	1	2	0	0	4.0	1.0	-4.6490949999999996e-05	0
725	Iter0726	3	3	4	1	0	0	0.25	0.5454545454545454	-0.000144412100141396	0
726	Iter0727	4	3	4	4	0	0	1.3333333333333333	1.0	-0.0001908493	0
727	Iter0728	1	2	4	4	0	0	0.5	1.0	-4.747390000000001e-05	0
728	Iter0729	5	3	6	7	0	0	1.9444444444444449	0.6594427244582031	-0.0003140482800911163	0
729	Iter0730	0	3	5	1	0	0	0.08333333333333333	0.04761904761904768	-2.98901e-07	0
730	Iter0731	2	1	6	6	0	0	2.0	1.0	-0.000282182	0
731	Iter0732	4	5	9	4	0	0	0.3555555555555556	0.3842105263157864	-6.70875800920724e-05	0
732	Iter0733	5	3	4	5	0	0	2.083333333333333	0.6371863430686964	-3.364177723621e-05	0
733	Iter0734	4	4	9	3	0	0	0.3333333333333333	0.3563467492260055	-0.000891198439128	0
734	Iter0735	3	1	5	10	0	0	6.0	0.26212590299277644	-0.0016518262	0
735	Iter0736	5	2	6	3	0	0	1.25	1.0	-0.000113183151	0
736	Iter0737	4	2	7	1	0	0	0.2857142857142857	0.5384615384615387	-0.0004936834424857891	0
737	Iter0738	4	4	5	9	0	0	1.7999999999999998	0.6619195046439619	-5.58706919e-05	0
738	Iter0739	2	2	4	3	0	0	0.75	1.0	-0.0007807510000000001	0
739	Iter0740	1	2	2	2	0	0	0.5	1.0	-1.23547198e-06	0
740	Iter0741	2	1	4	2	0	0	1.0	1.0	-5.1283893e-06	0
741	Iter0742	3	5	7	3	0	0	0.2571428571428571	0.34156040038393043	-0.001230929	0
742	Iter0743	4	1	5	5	0	0	4.0	0.5804195804195801	-0.00029634459700000003	0
743	Iter0744	3	2	4	1	0	0	0.375	1.0	-2.938902e-06	0
744	Iter0745	3	2	4	4	0	0	1.5	1.0	-6.41038547e-06	0
745	Iter0746	1	2	1	4	0	0	2.0	1.0	-0.000953422	0
746	Iter0747	3	1	8	3	0	0	1.125	1.0	-0.0009830370022399998	0
747	Iter0748	3	4	5	3	0	0	0.45	0.6192696192696198	-1.8231381e-05	0
748	Iter0749	1	4	4	3	0	0	0.1875	0.29292929292929354	-0.000383766	0
749	Iter0750	3	4	3	3	0	0	0.75	1.0	-1.9944502639029998e-05	0
750	Iter0751	2	2	5	2	0	0	0.4	0.5757575757575751	-3.4840770000000007e-06	0
751	Iter0752	2	0	5	2	0	0	1.5	1.0	-1.6924639749999998e-05	0
752	Iter0753	1	3	10	9	0	0	0.3	0.5900621118012386	0.0	0
753	Iter0754	3	5	5	5	0	0	0.6	0.6640614287673139	-0.00022150546235400002	0
754	Iter0755	4	3	2	3	0	0	2.0	1.0	-0.00041437859799999996	0
755	Iter0756	5	5	6	3	0	0	0.5	0.6499166468206714	-8.880331509999999e-05	0
756	Iter0757	4	1	7	3	0	0	1.7142857142857142	1.0	-0.00051246130533	0
757	Iter0758	1	1	2	6	0	0	3.0	1.0	-7.77754e-05	0
758	Iter0759	4	2	4	7	0	0	3.5	0.3348416289592757	-0.0003809775975	0
759	Iter0760	3	1	4	3	0	0	2.25	1.0	-0.000132620796	0
760	Iter0761	5	6	8	5	0	0	0.5208333333333334	0.6823933234621076	-4.83983580151e-05	0
761	Iter0762	4	3	2	1	0	0	0.6666666666666666	1.0	-0.000318432871	0
762	Iter0763	6	5	3	3	0	0	1.2	1.0	-0.001559050822	0
763	Iter0764	2	1	7	2	0	0	0.5714285714285714	1.0	-0.000248915	0
764	Iter0765	3	3	4	2	0	0	0.5	1.0	-2.6643042179999997e-05	0
765	Iter0766	3	2	4	3	0	0	1.125	1.0	-4.927315588e-05	0
766	Iter0767	2	3	3	4	0	0	0.8888888888888888	1.0	-0.0006988700000000001	0
767	Iter0768	1	5	2	3	0	0	0.30000000000000004	0.5454545454545455	-0.00028068187622600003	0
768	Iter0769	3	3	4	0	0	0	0.2	0.20000000000000007	-0.00021991591	0
769	Iter0770	4	3	6	1	0	0	0.2222222222222222	0.5594405594405601	-0.00096346142354	0
770	Iter0771	7	7	5	0	0	0	0.16666666666666666	0.10603715170278633	-0.0006135707305389951	0
771	Iter0772	2	2	1	4	0	0	4.0	0.5238095238095243	-0.0005898955554060001	0
772	Iter0773	4	2	4	4	0	0	2.0	0.6270396270396283	-0.00024163565020000001	0
773	Iter0774	3	3	8	1	0	0	0.125	0.2351648351648344	-3.41197589e-05	0
774	Iter0775	2	1	8	2	0	0	0.5	1.0	-5.0196799999999993e-05	0
775	Iter0776	2	0	6	1	0	0	0.8571428571428571	1.0	-9.3849310861e-06	0
776	Iter0777	4	4	2	2	0	0	1.0	1.0	-6.0846258950000006e-05	0
777	Iter0778	3	2	3	2	0	0	1.0	1.0	-3.5076430000000004e-05	0
778	Iter0779	3	5	7	6	0	0	0.5142857142857142	0.6594427244582043	-1.5192564200814792e-05	0
779	Iter0780	3	3	7	2	0	0	0.2857142857142857	0.3286713286713281	-0.000599261162	0
780	Iter0781	1	2	4	0	0	0	0.13333333333333333	0.1428571428571427	-0.0005165219999999999	0
781	Iter0782	6	4	1	7	0	0	10.5	0.06561085972850708	-0.0006546805235	0
782	Iter0783	2	0	6	7	0	0	3.4285714285714284	0.4666666666666659	-0.00011220650000000001	0
783	Iter0784	2	6	8	2	0	0	0.08333333333333333	0.05361305361305385	-0.0005137651911	0
784	Iter0785	6	4	6	2	0	0	0.5	0.6380090497737562	-0.0019115980046934345	0
785	Iter0786	2	2	6	4	0	0	0.6666666666666666	1.0	-1.50555e-05	0
786	Iter0787	7	4	5	5	0	0	1.75	0.6699214098594926	-0.0005279998848002497	0
787	Iter0788	4	2	7	1	0	0	0.2857142857142857	0.5384615384615387	-0.00052927209	0
788	Iter0789	5	3	6	1	0	0	0.2777777777777778	0.5692307692307679	-0.0005555672947199999	0
789	Iter0790	1	0	6	2	0	0	0.8571428571428571	1.0	-2.4996100000000006e-05	0
790	Iter0791	1	3	4	2	0	0	0.16666666666666666	0.5238095238095236	-5.938191e-05	0
791	Iter0792	2	1	9	4	0	0	0.8888888888888888	1.0	-0.000166062806	0
792	Iter0793	5	2	5	4	0	0	2.0	0.6328671328671318	-0.00020187762	0
793	Iter0794	2	1	4	9	0	0	4.5	0.5178571428571412	-2.24747e-05	0
794	Iter0795	3	3	4	3	0	0	0.75	1.0	-0.000152077931022	0
795	Iter0796	2	4	3	4	0	0	0.6666666666666666	1.0	-0.00113837	0
796	Iter0797	2	1	2	1	0	0	1.0	1.0	-3.63551e-07	0
797	Iter0798	1	2	10	3	0	0	0.15	0.2142857142857131	-2.20551e-06	0
798	Iter0799	2	0	7	1	0	0	0.75	1.0	-0.00047056929780000005	0
799	Iter0800	4	5	3	1	0	0	0.26666666666666666	0.5594405594405606	-8.81444e-05	0
800	Iter0801	3	2	6	4	0	0	1.0	1.0	-3.8907839999999996e-05	0
801	Iter0802	2	5	3	3	0	0	0.4	0.5920745920745943	-7.867202000000001e-05	0
802	Iter0803	5	0	3	2	0	0	4.5	0.4444444444444442	-0.0003844694629	0
803	Iter0804	1	0	5	2	0	0	1.0	1.0	-1.11286e-07	0
804	Iter0805	8	1	2	5	0	0	20.0	0.034965034965034794	-0.0001908056755	0
805	Iter0806	4	2	4	4	0	0	2.0	0.6270396270396283	-0.00011639924100000001	0
806	Iter0807	5	2	5	1	0	0	0.5	1.0	-1.59858e-05	0
807	Iter0808	5	7	8	5	0	0	0.4464285714285714	0.4337526681152997	-0.00040692964680000005	0
808	Iter0809	1	2	3	3	0	0	0.5	1.0	-1.10298e-05	0
809	Iter0810	3	0	3	2	0	0	3.0	0.4642857142857138	-0.00014650284555	0
810	Iter0811	0	7	3	2	0	0	0.09375	0.045454545454545546	0.0	0
811	Iter0812	3	3	9	3	0	0	0.3333333333333333	0.3440530058177112	-0.0005296957459999999	0
812	Iter0813	3	1	2	4	0	0	6.0	0.5238095238095236	-9.76734304e-05	0
813	Iter0814	3	0	3	4	0	0	5.0	0.20000000000000007	-0.00085237406133	0
814	Iter0815	3	3	8	4	0	0	0.5	0.6266968325791864	-0.00015631410000000002	0
815	Iter0816	2	2	7	4	0	0	0.5714285714285714	1.0	-1.2829789999999999e-06	0
816	Iter0817	1	3	6	3	0	0	0.16666666666666666	0.26573426573426634	-1.10835e-06	0
817	Iter0818	3	3	6	3	0	0	0.5	0.6223776223776206	-0.000560822451692	0
818	Iter0819	3	4	12	1	0	0	0.0625	0.03070175438596508	-2.406353e-08	0
819	Iter0820	4	0	4	3	0	0	4.0	0.2363636363636365	-6.769293e-05	0
820	Iter0821	0	2	5	1	0	0	0.1111111111111111	0.10714285714285714	0.0	0
821	Iter0822	1	1	4	6	0	0	1.5	1.0	-2.62657e-08	0
822	Iter0823	4	2	2	1	0	0	1.0	1.0	-0.00019580478999999996	0
823	Iter0824	2	1	8	4	0	0	1.0	1.0	-5.34278e-06	0
824	Iter0825	1	5	6	2	0	0	0.06666666666666668	0.10256410256410263	-0.000415244	0
825	Iter0826	1	2	4	1	0	0	0.125	0.4642857142857137	0.0	0
826	Iter0827	1	0	4	2	0	0	1.2	1.0	-2.00454e-11	0
827	Iter0828	3	2	6	2	0	0	0.5	1.0	-0.00027828196585	0
828	Iter0829	2	3	9	3	0	0	0.2222222222222222	0.28005817711699943	-0.0002046591	0
829	Iter0830	5	0	8	2	0	0	2.0	0.5238095238095215	-0.00032670675	0
830	Iter0831	2	1	1	3	0	0	6.0	0.4857142857142854	-3.41459e-06	0
831	Iter0832	2	3	10	2	0	0	0.13333333333333333	0.11651583710407172	-3.5905351e-06	0
832	Iter0833	5	2	5	0	0	0	0.3333333333333333	0.46969696969697	-0.0005791065741	0
833	Iter0834	3	2	7	1	0	0	0.21428571428571427	0.5104895104895115	-1.5596539999999998e-05	0
834	Iter0835	0	1	14	0	0	0	0.03333333333333333	0.06666666666666664	0.0	0
835	Iter0836	4	3	6	4	0	0	0.8888888888888888	1.0	-0.0003604030197	0
836	Iter0837	0	0	7	3	0	0	0.5	1.0	0.0	0
837	Iter0838	0	4	7	6	0	0	0.17500000000000002	0.10294117647058773	0.0	0
838	Iter0839	0	7	5	4	0	0	0.10416666666666667	0.03365384615384607	0.0	0
839	Iter0840	3	6	5	8	0	0	0.8	1.0	-2.5374954000424747e-05	0
840	Iter0841	6	2	5	2	0	0	1.2	1.0	-0.000579325584462	0
841	Iter0842	5	2	5	8	0	0	4.0	0.3498452012383887	-0.00022425643999000002	0
842	Iter0843	1	1	6	4	0	0	0.6666666666666666	1.0	-4.13401e-06	0
843	Iter0844	1	0	10	6	0	0	1.2727272727272727	1.0	-4.49721e-05	0
844	Iter0845	8	5	6	2	0	0	0.5333333333333333	0.6556587547299639	-0.0014450326915000002	0
845	Iter0846	4	1	5	5	0	0	4.0	0.5804195804195801	-4.04361e-06	0
846	Iter0847	0	4	10	4	0	0	0.09090909090909093	0.022875816993464138	0.0	0
847	Iter0848	2	0	8	0	0	0	0.3333333333333333	1.0	-1.211754418e-07	0
848	Iter0849	4	4	6	2	0	0	0.3333333333333333	0.6083916083916072	-5.56113513e-05	0
849	Iter0850	3	3	4	1	0	0	0.25	0.5454545454545454	-1.0443688e-06	0
850	Iter0851	2	3	5	2	0	0	0.26666666666666666	0.5580808080808088	-0.000771209	0
851	Iter0852	2	2	7	7	0	0	1.0	1.0	-0.001399917	0
852	Iter0853	1	2	2	2	0	0	0.5	1.0	-3.82219e-05	0
853	Iter0854	3	2	4	2	0	0	0.75	1.0	-5.5577286e-05	0
854	Iter0855	5	1	11	2	0	0	0.9090909090909092	1.0	-1.791757e-05	0
855	Iter0856	2	1	12	0	0	0	0.1153846153846154	0.20000000000000012	-1.2412459999999999e-05	0
856	Iter0857	2	2	9	5	0	0	0.5555555555555556	1.0	-2.236592e-05	0
857	Iter0858	3	1	5	3	0	0	1.7999999999999998	1.0	-0.0006001685	0
858	Iter0859	1	2	7	2	0	0	0.14285714285714285	0.2363636363636364	-3.02172e-05	0
859	Iter0860	1	2	5	3	0	0	0.3	0.5454545454545457	-5.6182e-05	0
860	Iter0861	1	2	7	2	0	0	0.14285714285714285	0.2363636363636364	-4.931560000000001e-05	0
861	Iter0862	3	2	2	3	0	0	2.25	1.0	-1.1373821e-07	0
862	Iter0863	1	5	8	4	0	0	0.1	0.13122171945701352	-0.000244351	0
863	Iter0864	0	6	3	6	0	0	0.25	0.22857142857142776	0.0	0
864	Iter0865	3	1	3	4	0	0	4.0	0.5454545454545452	-0.00043860286	0
865	Iter0866	5	4	3	2	0	0	0.8333333333333334	1.0	-0.000314194125	0
866	Iter0867	1	0	6	1	0	0	0.5714285714285714	1.0	-0.000302604	0
867	Iter0868	1	3	3	3	0	0	0.3333333333333333	0.5714285714285721	-5.97265e-07	0
868	Iter0869	1	4	7	4	0	0	0.14285714285714285	0.28205128205128155	-0.0004533680000000001	0
869	Iter0870	1	3	6	1	0	0	0.05555555555555555	0.08787878787878785	-3.06849e-06	0
870	Iter0871	1	1	7	5	0	0	0.7142857142857143	1.0	-7.202140000000001e-05	0
871	Iter0872	4	4	5	6	0	0	1.2	1.0	-6.859221570000001e-05	0
872	Iter0873	1	3	4	2	0	0	0.16666666666666666	0.5238095238095236	-0.000216887	0
873	Iter0874	3	3	4	1	0	0	0.25	0.5454545454545454	-6.363906e-05	0
874	Iter0875	2	4	5	4	0	0	0.4	0.6083916083916076	-0.0001334056	0
875	Iter0876	2	2	6	2	0	0	0.3333333333333333	0.5474747474747486	-8.3138534e-05	0
876	Iter0877	2	5	4	0	0	0	0.1	0.060606060606060684	-0.000349451	0
877	Iter0878	1	3	6	2	0	0	0.1111111111111111	0.2222222222222228	-2.08463e-05	0
878	Iter0879	1	3	2	2	0	0	0.3333333333333333	1.0	-4.975479e-06	0
879	Iter0880	1	1	7	3	0	0	0.42857142857142855	1.0	-3.67722e-11	0
880	Iter0881	6	4	5	3	0	0	0.8999999999999999	1.0	-0.0005464282106	0
881	Iter0882	1	4	8	3	0	0	0.09375	0.10576923076923063	-0.00018699	0
882	Iter0883	1	1	6	2	0	0	0.3333333333333333	1.0	-4.4684e-08	0
883	Iter0884	3	3	5	1	0	0	0.2	0.5454545454545476	-0.00027166770310000006	0
884	Iter0885	0	3	7	3	0	0	0.125	0.06993006993007027	0.0	0
885	Iter0886	2	3	2	2	0	0	0.6666666666666666	1.0	-1.9450610000000002e-06	0
886	Iter0887	4	4	5	3	0	0	0.6	1.0	-0.00047716093474	0
887	Iter0888	1	4	6	2	0	0	0.08333333333333333	0.10256410256410267	-0.000153085	0
888	Iter0889	5	4	4	1	0	0	0.3125	0.5804195804195778	-0.00020304423000000002	0
889	Iter0890	1	3	6	3	0	0	0.16666666666666666	0.26573426573426634	0.0	0
890	Iter0891	1	4	7	2	0	0	0.07142857142857142	0.0909090909090907	-2.11658e-05	0
891	Iter0892	1	2	5	4	0	0	0.4	1.0	-0.000119781	0
892	Iter0893	1	2	10	5	0	0	0.25	0.5281862745098066	0.0	0
893	Iter0894	2	1	7	3	0	0	0.8571428571428571	1.0	-9.716689e-05	0
894	Iter0895	4	3	4	3	0	0	1.0	1.0	-5.239588e-05	0
895	Iter0896	1	4	4	2	0	0	0.125	0.2424242424242421	-1.58937e-05	0
896	Iter0897	3	2	3	4	0	0	2.0	1.0	-0.0006223514850000001	0
897	Iter0898	5	1	2	3	0	0	7.5	0.2424242424242424	-0.00013384315360150998	0
898	Iter0899	1	1	1	2	0	0	2.0	1.0	-1.72587e-09	0
899	Iter0900	4	2	6	3	0	0	1.0	1.0	-4.494951600000001e-05	0
900	Iter0901	1	1	6	1	0	0	0.16666666666666666	0.4166666666666671	-0.000423821	0
901	Iter0902	1	2	5	0	0	0	0.1111111111111111	0.10714285714285704	0.0	0
902	Iter0903	0	3	6	6	0	0	0.25	0.22857142857142754	0.0	0
903	Iter0904	5	6	6	1	0	0	0.1388888888888889	0.15073529411764736	-0.0010186222598000001	0
904	Iter0905	4	5	1	2	0	0	1.6	1.0	-0.000119260701	0
905	Iter0906	2	1	6	4	0	0	1.3333333333333333	1.0	-3.39849833e-05	0
906	Iter0907	2	4	8	2	0	0	0.125	0.11813186813186788	-0.00011686938399999999	0
907	Iter0908	0	3	6	4	0	0	0.17857142857142858	0.19230769230769307	0.0	0
908	Iter0909	5	5	3	3	0	0	1.0	1.0	-5.220643721000001e-06	0
909	Iter0910	4	3	4	6	0	0	2.0	0.6371863430686964	-3.05625029e-06	0
910	Iter0911	4	3	7	2	0	0	0.3809523809523809	0.5961538461538444	-0.0006393293	0
911	Iter0912	2	3	3	7	0	0	1.5555555555555556	1.0	-0.0005664723	0
912	Iter0913	4	1	8	2	0	0	1.0	1.0	-0.0012761532767	0
913	Iter0914	5	1	9	2	0	0	1.1111111111111112	1.0	-3.2733996e-05	0
914	Iter0915	3	1	4	6	0	0	4.5	0.5594405594405611	-0.000263661832	0
915	Iter0916	3	3	5	3	0	0	0.6	1.0	-0.00040229907559	0
916	Iter0917	4	7	3	6	0	0	1.1428571428571428	1.0	-0.00012272426321	0
917	Iter0918	4	2	3	1	0	0	0.6666666666666666	1.0	-1.581156524e-05	0
918	Iter0919	1	2	10	3	0	0	0.15	0.2142857142857131	-0.0003674	0
919	Iter0920	2	1	5	3	0	0	1.2	1.0	-0.00076376557879	0
920	Iter0921	2	4	3	1	0	0	0.16666666666666666	0.5238095238095236	-0.0002623010000000919	0
921	Iter0922	3	3	7	5	0	0	0.7142857142857143	1.0	-0.000295289988	0
922	Iter0923	5	1	3	2	0	0	3.333333333333333	0.5454545454545453	-1.750545383e-05	0
923	Iter0924	1	5	3	3	0	0	0.2	0.5454545454545479	-0.000104083	0
924	Iter0925	2	5	5	2	0	0	0.16	0.28613053613053563	-0.000401915	0
925	Iter0926	0	2	10	1	0	0	0.0606060606060606	0.038461538461538484	0.0	0
926	Iter0927	1	2	7	3	0	0	0.21428571428571427	0.5104895104895115	-1.85418e-11	0
927	Iter0928	8	6	4	1	0	0	0.3333333333333333	0.6026831785345711	-0.00111757537779	0
928	Iter0929	1	3	8	3	0	0	0.125	0.23516483516483486	-0.000535672	0
929	Iter0930	3	6	2	2	0	0	0.5	1.0	-2.169624045e-05	0
930	Iter0931	3	4	5	2	0	0	0.3	0.5920745920745918	-1.23962068e-07	0
931	Iter0932	1	4	6	2	0	0	0.08333333333333333	0.10256410256410267	-2.42373e-06	0
932	Iter0933	2	2	9	2	0	0	0.2222222222222222	0.5164835164835159	-0.00042454870000000004	0
933	Iter0934	3	0	8	4	0	0	2.2222222222222223	0.5164835164835145	-0.0009151628389999999	0
934	Iter0935	0	3	3	0	0	0	0.0625	0.09999999999999992	0.0	0
935	Iter0936	3	3	13	1	0	0	0.07692307692307693	0.06088751289989735	-0.000712706715	0
936	Iter0937	5	3	4	3	0	0	1.2500000000000002	1.0	-0.00033288130491	0
937	Iter0938	1	2	4	4	0	0	0.5	1.0	-5.88458e-05	0
938	Iter0939	4	5	6	9	0	0	1.2000000000000002	1.0	-0.000197816969	0
939	Iter0940	3	2	7	1	0	0	0.21428571428571427	0.5104895104895115	-1.017141477e-05	0
940	Iter0941	3	4	7	7	0	0	0.75	1.0	-0.00027207228700115585	0
941	Iter0942	2	5	6	2	0	0	0.13333333333333333	0.13193473193473193	-1.82385096137e-05	0
942	Iter0943	7	2	6	0	0	0	0.3809523809523809	0.4857142857142826	-0.001234913083156	0
943	Iter0944	1	0	3	0	0	0	0.5	1.0	-1.06052e-09	0
944	Iter0945	2	8	4	6	0	0	0.375	0.6284829721362256	-8.42081e-06	0
945	Iter0946	3	5	4	3	0	0	0.45	0.6192696192696191	-6.939622300000001e-06	0
946	Iter0947	2	3	7	3	0	0	0.2857142857142857	0.32867132867132803	-1.302027e-05	0
947	Iter0948	3	6	3	3	0	0	0.5	0.6223776223776207	-4.6454511e-07	0
948	Iter0949	3	1	6	5	0	0	2.5	0.6043956043956045	-0.00049623565	0
949	Iter0950	3	2	10	1	0	0	0.15	0.21428571428571386	-5.244105686e-05	0
950	Iter0951	0	2	6	0	0	0	0.047619047619047616	0.035714285714285705	0.0	0
951	Iter0952	5	1	4	1	0	0	1.25	1.0	-0.001830612	0
952	Iter0953	1	2	3	1	0	0	0.16666666666666666	0.4857142857142852	-9.27792e-08	0
953	Iter0954	3	6	3	1	0	0	0.16666666666666666	0.26573426573426634	-9.345990000000001e-06	0
954	Iter0955	2	2	6	2	0	0	0.3333333333333333	0.5474747474747486	-4.828748e-05	0
955	Iter0956	3	1	8	0	0	0	0.2222222222222222	0.3333333333333341	-1.4282024019999997e-05	0
956	Iter0957	2	1	3	0	0	0	0.375	1.0	-4.0495638930799996e-05	0
957	Iter0958	4	3	2	1	0	0	0.6666666666666666	1.0	-0.00027555749999999996	0
958	Iter0959	7	2	3	1	0	0	1.1666666666666667	1.0	-0.00034681525939531197	0
959	Iter0960	3	4	8	5	0	0	0.46875	0.6424148606811144	-0.0003143590000000002	0
960	Iter0961	3	1	4	2	0	0	1.5	1.0	-4.618537499999999e-07	0
961	Iter0962	2	2	6	1	0	0	0.16666666666666666	0.4909090909090907	-0.0006209425	0
962	Iter0963	0	1	5	7	0	0	0.6666666666666666	1.0	0.0	0
963	Iter0964	2	1	4	5	0	0	2.5	1.0	-1.333910693e-07	0
964	Iter0965	3	1	4	2	0	0	1.5	1.0	-2.68468e-08	0
965	Iter0966	2	2	7	3	0	0	0.42857142857142855	0.5804195804195794	-3.932912e-08	0
966	Iter0967	3	3	5	2	0	0	0.4	0.5920745920745938	-0.00018216040000000003	0
967	Iter0968	1	6	3	5	0	0	0.2777777777777778	0.5692307692307681	-3.287e-07	0
968	Iter0969	3	3	6	0	0	0	0.14285714285714285	0.1818181818181821	-0.0005034561780633	0
969	Iter0970	1	3	3	2	0	0	0.2222222222222222	0.5238095238095237	-4.82518e-08	0
970	Iter0971	1	5	4	1	0	0	0.05	0.08008658008658008	-0.000173333901	0
971	Iter0972	3	7	3	3	0	0	0.42857142857142855	0.6066433566433563	-0.000195020687824	0
972	Iter0973	2	3	7	4	0	0	0.3809523809523809	0.5961538461538449	-0.0001950576646	0
973	Iter0974	2	2	4	1	0	0	0.25	0.5238095238095241	-7.867422e-07	0
974	Iter0975	2	1	6	2	0	0	0.6666666666666666	1.0	-3.796941e-06	0
975	Iter0976	0	5	5	3	0	0	0.1111111111111111	0.0753690753690755	0.0	0
976	Iter0977	4	2	3	3	0	0	2.0	1.0	-0.00036097236929999996	0
977	Iter0978	2	4	8	1	0	0	0.0625	0.08891108891108859	-9.40259000437727e-05	0
978	Iter0979	5	2	10	6	0	0	1.5	1.0	-0.000846548929558	0
979	Iter0980	4	3	3	1	0	0	0.4444444444444444	1.0	-0.0010962327999999998	0
980	Iter0981	4	4	6	2	0	0	0.3333333333333333	0.6083916083916072	-0.0002649871159	0
981	Iter0982	4	1	5	3	0	0	2.4	1.0	-0.00010334903	0
982	Iter0983	5	1	2	3	0	0	7.5	0.2424242424242424	-0.0004277079848	0
983	Iter0984	2	4	4	4	0	0	0.5	0.6270396270396283	-1.627350681469e-05	0
984	Iter0985	0	2	6	3	0	0	0.19047619047619047	0.1818181818181815	0.0	0
985	Iter0986	1	1	7	5	0	0	0.7142857142857143	1.0	-0.000180013	0
986	Iter0987	3	1	4	2	0	0	1.5	1.0	-0.00018977763	0
987	Iter0988	7	3	7	2	0	0	0.6666666666666667	1.0	-0.0002629024026	0
988	Iter0989	4	1	2	2	0	0	4.0	0.5238095238095241	-0.00012381931	0
989	Iter0990	4	3	5	4	0	0	1.0666666666666669	1.0	-0.0005814545800151427	0
990	Iter0991	5	3	4	1	0	0	0.4166666666666667	1.0	-0.0006502064018670001	0
991	Iter0992	2	3	4	0	0	0	0.15	0.16666666666666666	-4.5639255e-05	0
992	Iter0993	3	3	5	1	0	0	0.2	0.5454545454545476	-0.0013032550000000001	0
993	Iter0994	5	6	3	3	0	0	0.8333333333333334	1.0	-7.0001330659999996e-06	0
994	Iter0995	4	2	0	4	0	0	8.333333333333334	0.0761904761904762	-0.000438380494	0
995	Iter0996	1	1	6	3	0	0	0.5	1.0	-7.91788e-09	0
996	Iter0997	3	2	8	6	0	0	1.125	1.0	-0.00034836776	0
997	Iter0998	0	2	8	1	0	0	0.07407407407407407	0.05454545454545445	0.0	0
998	Iter0999	2	0	1	1	0	0	3.0	1.0	-0.0004470993391	0
999	Iter1000	4	0	7	4	0	0	3.125	0.5164835164835159	-0.0011777815882	0
