	IterId	dN	dS	pN	pS	bdN	bpN	MkScore	FSPVal	SelCoef	PosSel
0	Iter0001	8	7	0	2	0	0	3.375	0.4705882352941172	-0.00029599848282299996	0
1	Iter0002	12	4	2	0	0	0	0.8666666666666667	1.0	-0.0004281409126	0
2	Iter0003	10	3	1	1	0	0	3.333333333333333	0.4761904761904744	-9.57097e-05	0
3	Iter0004	13	8	4	0	0	0	0.3111111111111111	0.2689328063241111	-7.416399363999999e-07	0
4	Iter0005	8	3	1	0	0	0	1.125	1.0	-1.21981e-06	0
5	Iter0006	13	10	1	0	0	0	0.6363636363636364	1.0	-0.0004140673	0
6	Iter0007	11	10	1	0	0	0	0.5454545454545454	1.0	-9.012592799999998e-06	0
7	Iter0008	20	6	2	0	0	0	1.0	1.0	-0.00057660195	0
8	Iter0009	13	3	1	1	0	0	4.333333333333333	0.4052287581699383	-2.19847e-06	0
9	Iter0010	7	5	5	1	0	0	0.28	0.6000323206205556	-5.35983e-05	0
10	Iter0011	9	6	4	1	0	0	0.375	0.6126160990712072	-0.000138405	0
11	Iter0012	9	6	4	0	0	0	0.2857142857142857	0.2554179566563461	-7.0236190480000004e-09	0
12	Iter0013	10	4	1	0	0	0	1.1	1.0	-8.663690002385261e-05	0
13	Iter0014	8	6	1	1	0	0	1.3333333333333333	1.0	-6.512313e-05	0
14	Iter0015	8	7	0	0	0	0	1.125	1.0	-8.442287669999998e-06	0
15	Iter0016	10	11	1	0	0	0	0.4583333333333333	1.0	-6.89681064e-05	0
16	Iter0017	9	8	2	1	0	0	0.5625	1.0	-1.37975e-08	0
17	Iter0018	10	6	2	1	0	0	0.8333333333333334	1.0	-0.00035363512392000006	0
18	Iter0019	12	3	4	1	0	0	1.0	1.0	-0.0003517870186	0
19	Iter0020	15	9	3	1	0	0	0.5555555555555556	1.0	-4.3149325639999994e-05	0
20	Iter0021	18	5	3	0	0	0	0.7916666666666666	1.0	-0.0011517744499999999	0
21	Iter0022	15	4	2	1	0	0	1.875	1.0	-7.834794410000001e-05	0
22	Iter0023	13	7	1	0	0	0	0.875	1.0	0.0	0
23	Iter0024	10	7	2	2	0	0	1.4285714285714286	1.0	-6.65554e-07	0
24	Iter0025	16	12	3	1	0	0	0.4444444444444444	0.6290878754171361	-4.329663000000001e-06	0
25	Iter0026	11	8	3	3	0	0	1.375	1.0	0.0	0
26	Iter0027	8	6	3	2	0	0	0.8888888888888888	1.0	0.0	0
27	Iter0028	14	8	1	1	0	0	1.75	1.0	-0.00013538868	0
28	Iter0029	9	6	2	0	0	0	0.4761904761904762	0.5147058823529396	-6.5422269999999995e-06	0
29	Iter0030	9	2	1	1	0	0	4.5	0.42307692307692496	-1.34533e-07	0
30	Iter0031	16	8	1	4	0	0	8.0	0.12963664687802734	-0.000357142092657	0
31	Iter0032	15	4	2	0	0	0	1.0666666666666669	1.0	-0.0002838488552	0
32	Iter0033	19	5	2	1	0	0	1.9	0.5452991452991468	-6.15662829e-05	0
33	Iter0034	8	3	0	2	0	0	6.75	0.12820512820512825	-0.000245268085712	0
34	Iter0035	18	6	4	3	0	0	2.25	0.3841054162744971	-6.27900526e-05	0
35	Iter0036	15	6	2	0	0	0	0.7619047619047619	1.0	-0.0006669164003	0
36	Iter0037	10	8	2	3	0	0	1.875	0.6404053612291556	-8.919658e-05	0
37	Iter0038	12	8	1	0	0	0	0.7222222222222222	1.0	-8.195430000000002e-07	0
38	Iter0039	16	5	3	1	0	0	1.0666666666666669	1.0	-0.000261020669682032	0
39	Iter0040	13	5	0	1	0	0	4.666666666666667	0.315789473684211	-9.723485402600001e-05	0
40	Iter0041	8	4	1	2	0	0	4.0	0.5252747252747227	-1.0608380000000002e-05	0
41	Iter0042	14	9	3	3	0	0	1.5555555555555556	0.6693191865605741	-6.2202573408e-05	0
42	Iter0043	8	5	2	2	0	0	1.6	1.0	-0.000339304825907	0
43	Iter0044	11	8	2	0	0	0	0.4444444444444444	0.5047619047619039	-0.000519408308384	0
44	Iter0045	5	4	3	5	0	0	2.083333333333333	0.6371863430686958	-0.000275065	0
45	Iter0046	12	5	1	1	0	0	2.4	1.0	-0.00016480714683999998	0
46	Iter0047	6	7	3	4	0	0	1.1428571428571428	1.0	-0.000229609	0
47	Iter0048	11	6	2	0	0	0	0.5714285714285714	1.0	-0.00020270521097999998	0
48	Iter0049	12	2	3	1	0	0	2.0	1.0	-0.0007881819	0
49	Iter0050	11	6	3	0	0	0	0.42857142857142855	0.5210526315789487	-0.0011812417015190804	0
50	Iter0051	19	3	2	0	0	0	1.6666666666666667	1.0	-0.0005532478303934729	0
51	Iter0052	6	11	4	2	0	0	0.2727272727272727	0.34128800261523284	-0.000340119	0
52	Iter0053	9	5	2	1	0	0	0.9	1.0	-0.00012897462	0
53	Iter0054	12	8	2	2	0	0	1.5	1.0	-6.813960000000002e-06	0
54	Iter0055	10	6	6	2	0	0	0.5555555555555556	0.6674131270981487	-0.00022109438999999998	0
55	Iter0056	11	6	0	2	0	0	5.142857142857143	0.1637426900584798	-0.000196947214	0
56	Iter0057	14	8	0	1	0	0	3.333333333333333	0.3913043478260865	-0.00015267318773	0
57	Iter0058	9	4	4	2	0	0	1.125	1.0	-0.00100254	0
58	Iter0059	14	5	1	2	0	0	5.6	0.2272727272727273	-0.001374373	0
59	Iter0060	14	9	1	1	0	0	1.5555555555555556	1.0	-3.654237205999999e-05	0
60	Iter0061	9	7	1	1	0	0	1.2857142857142858	1.0	-0.00011116066999999999	0
61	Iter0062	18	4	0	0	0	0	3.8	1.0	-3.5947971680000004e-05	0
62	Iter0063	9	6	1	1	0	0	1.5	1.0	-1.61767e-09	0
63	Iter0064	10	6	1	1	0	0	1.6666666666666667	1.0	-3.4967000000000008e-06	0
64	Iter0065	12	6	3	1	0	0	0.6666666666666666	1.0	-0.00014622639	0
65	Iter0066	16	4	2	2	0	0	4.0	0.251270468661772	-2.1925412400999997e-06	0
66	Iter0067	13	2	2	0	0	0	1.5555555555555556	1.0	-3.988125532299999e-05	0
67	Iter0068	15	8	1	3	0	0	5.625	0.27293447293447703	-3.1560231032700006e-05	0
68	Iter0069	13	8	0	3	0	0	6.222222222222222	0.08152173913043523	-2.083504e-05	0
69	Iter0070	16	5	3	3	0	0	3.2	0.3191040843214784	-0.000147322	0
70	Iter0071	17	6	5	1	0	0	0.5666666666666667	1.0	-0.000804708056685	0
71	Iter0072	12	4	1	0	0	0	1.3	1.0	0.0	0
72	Iter0073	10	3	0	0	0	0	2.75	1.0	-6.60587e-05	0
73	Iter0074	16	5	1	2	0	0	6.4	0.19367588932806354	-0.00020600098749999998	0
74	Iter0075	11	10	0	1	0	0	2.1818181818181817	1.0	-6.060498400000001e-06	0
75	Iter0076	12	5	1	1	0	0	2.4	1.0	-1.85669304826e-05	0
76	Iter0077	11	7	1	1	0	0	1.5714285714285714	1.0	-2.801886e-05	0
77	Iter0078	11	5	4	3	0	0	1.65	0.6570197873199641	-0.00011786088029599101	0
78	Iter0079	12	2	2	0	0	0	1.4444444444444444	1.0	-0.000201533	0
79	Iter0080	14	5	5	0	0	0	0.4166666666666667	0.5440429136081297	-0.00020455292999999999	0
80	Iter0081	15	2	0	0	0	0	5.333333333333333	1.0	-3.09849247541e-06	0
81	Iter0082	15	8	2	3	0	0	2.8125	0.3530728530728534	-3.0519089e-05	0
82	Iter0083	12	8	2	1	0	0	0.75	1.0	-0.00012130889199999998	0
83	Iter0084	12	5	2	1	0	0	1.2	1.0	-7.75358e-05	0
84	Iter0085	10	2	3	0	0	0	0.9166666666666666	1.0	-0.0001977713	0
85	Iter0086	15	5	3	3	0	0	3.0	0.3301307388263913	-2.5405550000000003e-05	0
86	Iter0087	18	4	1	2	0	0	9.0	0.13260869565217392	-0.0003429619054	0
87	Iter0088	15	6	3	2	0	0	1.6666666666666667	0.6278504104591056	-0.00036359040302657924	0
88	Iter0089	17	5	1	2	0	0	6.8	0.17956521739130468	-0.0013256423899999999	0
89	Iter0090	12	5	0	2	0	0	6.5	0.12280701754385998	-7.857568e-06	0
90	Iter0091	8	8	2	1	0	0	0.5	1.0	-0.0006518083	0
91	Iter0092	9	9	2	1	0	0	0.5	1.0	-9.02442e-06	0
92	Iter0093	7	6	2	2	0	0	1.1666666666666667	1.0	-1.60999e-05	0
93	Iter0094	15	7	2	0	0	0	0.6666666666666666	1.0	-0.00033067966800000005	0
94	Iter0095	16	5	3	2	0	0	2.1333333333333333	0.5875342049255092	-0.00016462859800000002	0
95	Iter0096	10	7	6	2	0	0	0.4761904761904762	0.660761389640115	-7.597962e-05	0
96	Iter0097	10	7	3	2	0	0	0.9523809523809524	1.0	-0.0007588380000000001	0
97	Iter0098	10	5	1	0	0	0	0.9166666666666666	1.0	-7.236409999999998e-07	0
98	Iter0099	12	6	2	2	0	0	2.0	0.6019138755980866	-0.00048622425	0
99	Iter0100	19	3	1	0	0	0	2.5	1.0	-0.000115583108	0
100	Iter0101	14	4	1	1	0	0	3.5	0.4473684210526287	-0.0011116761502	0
101	Iter0102	14	6	4	1	0	0	0.5833333333333334	1.0	-8.107918925e-05	0
102	Iter0103	11	6	3	2	0	0	1.2222222222222219	1.0	-2.935338e-05	0
103	Iter0104	16	5	0	1	0	0	5.666666666666668	0.2727272727272725	-0.00012996010000000002	0
104	Iter0105	7	4	2	3	0	0	2.625	0.5961538461538446	-0.0005445268496000001	0
105	Iter0106	9	7	4	0	0	0	0.25	0.24871001031991816	0.0	0
106	Iter0107	11	5	3	0	0	0	0.5	0.53044375644995	-0.001779079921	0
107	Iter0108	8	10	2	1	0	0	0.4	0.5864661654135345	-1.1754782999999999e-06	0
108	Iter0109	16	4	1	3	0	0	12.0	0.05928853754940695	-0.0011068307965799997	0
109	Iter0110	8	7	0	1	0	0	2.25	1.0	-0.0001193341	0
110	Iter0111	8	4	1	4	0	0	8.0	0.13122171945701322	-0.0007432439999999999	0
111	Iter0112	6	5	2	2	0	0	1.2	1.0	0.0	0
112	Iter0113	12	6	0	2	0	0	5.571428571428572	0.147368421052632	-4.1608e-06	0
113	Iter0114	13	5	5	0	0	0	0.3888888888888889	0.5453059526286049	-2.26329e-07	0
114	Iter0115	17	5	0	1	0	0	6.0	0.2608695652173912	-2.61827e-05	0
115	Iter0116	6	7	1	0	0	0	0.4375	1.0	0.0	0
116	Iter0117	10	8	4	4	0	0	1.25	1.0	-0.00144740217	0
117	Iter0118	9	3	1	1	0	0	3.0	0.5054945054945044	-0.0002189245013	0
118	Iter0119	19	4	3	1	0	0	1.5833333333333333	1.0	-1.19931015275e-06	0
119	Iter0120	7	4	0	1	0	0	3.2	0.4166666666666672	-0.000560003	0
120	Iter0121	5	7	1	1	0	0	0.7142857142857143	1.0	-3.7081e-07	0
121	Iter0122	10	5	5	2	0	0	0.8	1.0	-0.00086704763	0
122	Iter0123	10	11	0	0	0	0	0.9166666666666666	1.0	-1.0618261e-05	0
123	Iter0124	13	6	1	2	0	0	4.333333333333333	0.5272727272727273	-0.000725772275086	0
124	Iter0125	11	4	4	0	0	0	0.48	0.5304437564499502	-2.1408567549999996e-06	0
125	Iter0126	15	8	1	2	0	0	3.75	0.5384615384615425	0.0	0
126	Iter0127	13	1	1	1	0	0	13.0	0.24166666666666656	-0.000652066878	0
127	Iter0128	8	7	2	4	0	0	2.2857142857142856	0.6351172047766505	-0.0003211058	0
128	Iter0129	11	7	2	3	0	0	2.357142857142857	0.6175220660346468	-0.0013588209999999999	0
129	Iter0130	9	2	1	2	0	0	9.0	0.1758241758241759	-0.0011654595	0
130	Iter0131	9	1	1	0	0	0	2.5	1.0	0.0	0
131	Iter0132	17	4	1	1	0	0	4.25	0.395256916996044	-0.00035808727010430203	0
132	Iter0133	14	6	0	1	0	0	4.285714285714286	0.3333333333333329	-0.00034202280007047595	0
133	Iter0134	11	6	0	0	0	0	1.7142857142857142	1.0	-0.00020611306959999998	0
134	Iter0135	7	2	2	2	0	0	3.5	0.5300699300699305	-5.3179e-10	0
135	Iter0136	11	6	3	3	0	0	1.8333333333333333	0.6430205949656761	0.0	0
136	Iter0137	6	3	4	1	0	0	0.5	1.0	-7.119193e-05	0
137	Iter0138	4	5	10	1	0	0	0.08	0.049845201238390174	-7.58688e-05	0
138	Iter0139	10	4	1	4	0	0	10.0	0.1107671138630894	-0.0001605366203	0
139	Iter0140	6	10	6	1	0	0	0.1	0.06864988558352393	-7.958747489999999e-06	0
140	Iter0141	13	5	4	3	0	0	1.95	0.6395589764926172	-0.000423498198185	0
141	Iter0142	13	14	3	0	0	0	0.2333333333333333	0.22758620689655326	-0.000820129767	0
142	Iter0143	7	9	5	1	0	0	0.15555555555555556	0.16187527642635974	-1.1013e-12	0
143	Iter0144	11	7	2	1	0	0	0.7857142857142857	1.0	-1.227023e-05	0
144	Iter0145	17	6	4	0	0	0	0.5142857142857143	0.5452991452991492	-1.817344e-05	0
145	Iter0146	18	8	2	0	0	0	0.7037037037037037	1.0	-6.628516313000001e-05	0
146	Iter0147	14	7	1	3	0	0	6.0	0.2667984189723326	-0.00016949772000000003	0
147	Iter0148	12	11	3	0	0	0	0.2708333333333333	0.2384615384615406	-0.00015439069639143	0
148	Iter0149	14	6	4	3	0	0	1.7500000000000002	0.6526603830951713	-3.6279378000000004e-05	0
149	Iter0150	17	9	1	4	0	0	7.5555555555555545	0.13374649080989473	-5.2257224e-05	0
150	Iter0151	7	10	4	1	0	0	0.175	0.3107769423558888	-0.000421049	0
151	Iter0152	7	3	2	0	0	0	0.6666666666666666	1.0	-3.8664349e-05	0
152	Iter0153	17	8	3	2	0	0	1.4166666666666667	1.0	-0.00039688280000000004	0
153	Iter0154	12	6	0	1	0	0	3.7142857142857135	0.3684210526315791	-4.18926e-05	0
154	Iter0155	12	7	3	2	0	0	1.1428571428571428	1.0	-0.000134581138025	0
155	Iter0156	10	6	0	1	0	0	3.1428571428571432	0.4117647058823533	-0.0008791348510770001	0
156	Iter0157	9	6	2	1	0	0	0.75	1.0	-2.06198e-08	0
157	Iter0158	11	1	7	1	0	0	1.5714285714285714	1.0	0.0	0
158	Iter0159	10	5	0	0	0	0	1.8333333333333333	1.0	-3.015821e-05	0
159	Iter0160	14	3	0	0	0	0	3.75	1.0	-0.00036190710699999997	0
160	Iter0161	16	6	3	1	0	0	0.8888888888888888	1.0	-5.407159999999999e-10	0
161	Iter0162	4	5	1	1	0	0	0.8	1.0	-2.39688e-05	0
162	Iter0163	8	8	0	3	0	0	4.0	0.22807017543859706	-5.40411e-07	0
163	Iter0164	12	7	0	0	0	0	1.625	1.0	-0.00015553135	0
164	Iter0165	12	2	3	2	0	0	4.0	0.272187822497422	-4.4261836564e-05	0
165	Iter0166	13	7	1	1	0	0	1.8571428571428568	1.0	-0.00049992553	0
166	Iter0167	14	8	1	2	0	0	3.5	0.5434782608695687	0.0	0
167	Iter0168	8	8	3	3	0	0	1.0	1.0	-2.0475200000000003e-10	0
168	Iter0169	13	9	2	2	0	0	1.4444444444444444	1.0	-0.0005434084911638001	0
169	Iter0170	8	5	2	5	0	0	4.0	0.3498452012383887	-0.00174045	0
170	Iter0171	11	3	2	3	0	0	5.5	0.2621259029927756	-0.00014472090000000002	0
171	Iter0172	12	6	3	1	0	0	0.6666666666666666	1.0	-0.00010704740239999999	0
172	Iter0173	13	4	1	0	0	0	1.4	1.0	-0.00030102857267	0
173	Iter0174	13	5	4	3	0	0	1.95	0.6395589764926172	-0.0001465560159494	0
174	Iter0175	11	13	1	1	0	0	0.8461538461538461	1.0	-0.00022409829632180002	0
175	Iter0176	20	5	5	0	0	0	0.5833333333333334	0.5561590389176597	-0.001333331856	0
176	Iter0177	10	6	3	0	0	0	0.3928571428571429	0.5170278637770895	-9.104656374005898e-05	0
177	Iter0178	11	7	1	0	0	0	0.75	1.0	-0.00026956180000000003	0
178	Iter0179	5	3	1	4	0	0	6.666666666666668	0.2657342657342665	0.0	0
179	Iter0180	23	12	1	0	0	0	0.9230769230769232	1.0	-0.0023566845415290004	0
180	Iter0181	13	5	2	1	0	0	1.3	1.0	-6.877513100000001e-06	0
181	Iter0182	8	7	2	2	0	0	1.1428571428571428	1.0	0.0	0
182	Iter0183	10	4	0	1	0	0	4.4	0.3333333333333323	-2.3137630999999998e-05	0
183	Iter0184	11	8	0	0	0	0	1.3333333333333333	1.0	-0.000198573652	0
184	Iter0185	5	1	2	2	0	0	5.0	0.5000000000000001	-8.0155094e-05	0
185	Iter0186	16	7	2	4	0	0	4.571428571428571	0.16384994316029014	-7.0788272e-05	0
186	Iter0187	10	9	3	2	0	0	0.7407407407407408	1.0	-7.414039999999999e-05	0
187	Iter0188	13	10	1	3	0	0	3.9	0.3259259259259307	-0.00012463389	0
188	Iter0189	14	3	2	4	0	0	9.333333333333334	0.0450038138825326	-0.0014596232	0
189	Iter0190	16	7	4	3	0	0	1.7142857142857142	0.6572944297082268	-0.00052046919	0
190	Iter0191	10	3	2	0	0	0	0.9166666666666666	1.0	-0.00020997280000000006	0
191	Iter0192	11	5	2	1	0	0	1.1	1.0	-2.763724253e-06	0
192	Iter0193	8	7	4	2	0	0	0.5714285714285714	0.6594427244582047	0.0	0
193	Iter0194	12	5	3	3	0	0	2.4	0.6213854795090508	-0.000439073361	0
194	Iter0195	10	6	1	1	0	0	1.6666666666666667	1.0	-0.00029341598669999997	0
195	Iter0196	10	3	1	1	0	0	3.333333333333333	0.4761904761904744	-7.3058687999999984e-06	0
196	Iter0197	9	4	1	1	0	0	2.25	1.0	-0.0010507049454000002	0
197	Iter0198	6	8	2	0	0	0	0.25925925925925924	0.4666666666666657	-0.000247422	0
198	Iter0199	11	8	1	3	0	0	4.125	0.3167701863354019	-0.0004326005000110434	0
199	Iter0200	8	7	2	4	0	0	2.2857142857142856	0.6351172047766505	-1.24598994e-05	0
200	Iter0201	8	8	1	1	0	0	1.0	1.0	-8.778398819999999e-05	0
201	Iter0202	12	11	1	1	0	0	1.0909090909090908	1.0	-5.851087e-06	0
202	Iter0203	11	6	0	2	0	0	5.142857142857143	0.1637426900584798	-1.2550422828999997e-06	0
203	Iter0204	8	5	1	0	0	0	0.75	1.0	-0.0001921407	0
204	Iter0205	14	7	1	1	0	0	2.0	1.0	-0.00037261804518619996	0
205	Iter0206	13	11	1	2	0	0	2.363636363636364	0.5955555555555616	-0.000487149609224	0
206	Iter0207	7	5	1	1	0	0	1.4	1.0	-0.00014875	0
207	Iter0208	5	8	0	0	0	0	0.6666666666666666	1.0	0.0	0
208	Iter0209	8	5	1	0	0	0	0.75	1.0	-2.13569e-05	0
209	Iter0210	11	7	1	0	0	0	0.75	1.0	-7.731420265000001e-05	0
210	Iter0211	9	11	1	0	0	0	0.4166666666666667	0.4761904761904761	-3.5294569999999997e-06	0
211	Iter0212	13	5	1	0	0	0	1.1666666666666667	1.0	-0.0006505754970000001	0
212	Iter0213	10	3	2	2	0	0	3.333333333333333	0.5378151260504158	-1.678429e-05	0
213	Iter0214	9	3	3	2	0	0	2.0	0.6000323206205526	-0.000234132	0
214	Iter0215	9	9	2	2	0	0	1.0	1.0	-0.000366034	0
215	Iter0216	14	6	4	0	0	0	0.42857142857142855	0.5392433653303212	-0.00097371678241	0
216	Iter0217	10	4	1	1	0	0	2.5	1.0	-3.67644038e-05	0
217	Iter0218	15	5	2	2	0	0	3.0	0.5520421607378158	-0.0006332794	0
218	Iter0219	8	2	5	1	0	0	0.8	1.0	-0.0001669591721	0
219	Iter0220	14	8	2	0	0	0	0.5555555555555556	0.5362318840579747	-0.00074170037	0
220	Iter0221	9	6	0	1	0	0	2.8571428571428568	0.4374999999999999	-6.25484605e-05	0
221	Iter0222	11	5	1	2	0	0	4.4	0.5232198142414874	-4.55963e-07	0
222	Iter0223	12	3	5	1	0	0	0.8	1.0	-8.00885e-05	0
223	Iter0224	12	5	2	2	0	0	2.4	0.5742690058479554	-0.00015919624	0
224	Iter0225	13	7	1	0	0	0	0.875	1.0	-2.1602146e-05	0
225	Iter0226	16	4	0	1	0	0	6.8	0.23809523809523636	-0.00030155630023600004	0
226	Iter0227	13	7	2	1	0	0	0.9285714285714286	1.0	-0.0002129015457	0
227	Iter0228	11	4	3	0	0	0	0.6	1.0	-0.00022908070000000004	0
228	Iter0229	9	6	2	0	0	0	0.4761904761904762	0.5147058823529396	-6.697254282799999e-05	0
229	Iter0230	8	7	1	1	0	0	1.1428571428571428	1.0	-0.000251487	0
230	Iter0231	8	1	1	1	0	0	8.0	0.3454545454545447	-0.0005043140000000001	0
231	Iter0232	6	6	1	2	0	0	2.0	1.0	0.0	0
232	Iter0233	9	5	5	0	0	0	0.2777777777777778	0.2565359477124198	0.0	0
233	Iter0234	16	2	4	4	0	0	8.0	0.051018546670720415	-1.4587899999999996e-06	0
234	Iter0235	11	3	3	0	0	0	0.75	1.0	-0.000210659	0
235	Iter0236	8	10	0	2	0	0	2.454545454545455	0.494736842105263	-0.0005567726030000001	0
236	Iter0237	14	7	2	1	0	0	1.0	1.0	-0.0005192268911719999	0
237	Iter0238	9	8	3	1	0	0	0.375	0.6030075187969957	-4.478251279999999e-05	0
238	Iter0239	11	8	1	1	0	0	1.375	1.0	-1.7418690000000002e-05	0
239	Iter0240	7	8	3	3	0	0	0.875	1.0	-4.135728599999999e-05	0
240	Iter0241	11	11	3	3	0	0	1.0	1.0	0.0	0
241	Iter0242	13	3	2	0	0	0	1.1666666666666667	1.0	-2.9500134939000006e-05	0
242	Iter0243	13	8	3	1	0	0	0.5416666666666666	1.0	0.0	0
243	Iter0244	11	2	0	0	0	0	4.0	1.0	-0.000254139616	0
244	Iter0245	13	7	4	0	0	0	0.35	0.2832674571805023	-0.00040531	0
245	Iter0246	12	9	2	0	0	0	0.43333333333333335	0.5019762845849779	-0.00016716725305	0
246	Iter0247	7	6	0	0	0	0	1.1428571428571428	1.0	0.0	0
247	Iter0248	5	6	1	2	0	0	1.6666666666666667	1.0	0.0	0
248	Iter0249	10	4	3	0	0	0	0.55	0.5411764705882353	-0.00049581658	0
249	Iter0250	5	4	2	2	0	0	1.25	1.0	-1.40576e-05	0
250	Iter0251	11	6	3	6	0	0	3.6666666666666665	0.2176659038901617	-0.00015371867000000001	0
251	Iter0252	6	5	2	1	0	0	0.6	1.0	0.0	0
252	Iter0253	16	4	0	3	0	0	13.6	0.019762845849802174	0.0	0
253	Iter0254	11	6	1	0	0	0	0.8571428571428571	1.0	0.0	0
254	Iter0255	16	8	1	0	0	0	0.9444444444444444	1.0	-0.000130703713	0
255	Iter0256	20	7	5	0	0	0	0.4375	0.5602753058954373	-0.00021437273772161	0
256	Iter0257	11	7	3	0	0	0	0.375	0.5210526315789489	-4.260164900000001e-05	0
257	Iter0258	13	7	1	1	0	0	1.8571428571428568	1.0	-0.0007275289284800001	0
258	Iter0259	12	5	3	1	0	0	0.7999999999999999	1.0	-0.000663954	0
259	Iter0260	15	6	5	2	0	0	1.0	1.0	0.0	0
260	Iter0261	10	9	1	1	0	0	1.1111111111111112	1.0	-1.18816447848e-06	0
261	Iter0262	16	11	5	6	0	0	1.7454545454545454	0.4909659381294521	-2.1468800000000003e-09	0
262	Iter0263	6	8	0	1	0	0	1.5555555555555556	1.0	-1.9607120000000002e-05	0
263	Iter0264	16	12	4	3	0	0	1.0	1.0	-4.49298e-07	0
264	Iter0265	15	6	1	1	0	0	2.5	0.5256916996047412	-0.00029269839999999996	0
265	Iter0266	11	2	1	2	0	0	11.0	0.13571428571428515	-0.00056911328	0
266	Iter0267	11	6	3	1	0	0	0.6111111111111109	1.0	-5.49121e-05	0
267	Iter0268	10	3	1	1	0	0	3.333333333333333	0.4761904761904744	-0.000119597677	0
268	Iter0269	8	5	1	4	0	0	6.4	0.2941176470588233	-0.00127128417478	0
269	Iter0270	12	3	3	5	0	0	6.666666666666668	0.07133387992184613	-0.00013352035068000002	0
270	Iter0271	15	6	0	4	0	0	11.428571428571427	0.016600790513834084	-6.201172e-05	0
271	Iter0272	4	6	6	1	0	0	0.1111111111111111	0.13399835458658976	-0.0008922058700000001	0
272	Iter0273	8	3	3	2	0	0	1.7777777777777777	1.0	-0.000117992041	0
273	Iter0274	15	7	0	1	0	0	4.0	0.34782608695652245	-0.0006158526793	0
274	Iter0275	6	11	0	2	0	0	1.7500000000000002	1.0	-0.00039596815	0
275	Iter0276	15	6	1	0	0	0	1.1428571428571428	1.0	-0.0002467562958	0
276	Iter0277	11	5	1	2	0	0	4.4	0.5232198142414874	-0.0001265391883	0
277	Iter0278	13	6	1	3	0	0	6.5	0.2600790513833998	-0.00022712278563119997	0
278	Iter0279	11	6	3	1	0	0	0.6111111111111109	1.0	-0.000813838	0
279	Iter0280	12	10	1	4	0	0	4.8	0.32592592592593084	-3.7483314000000006e-06	0
280	Iter0281	6	9	1	1	0	0	0.6666666666666666	1.0	-0.000430889	0
281	Iter0282	12	4	2	0	0	0	0.8666666666666667	1.0	-0.0007634722400000001	0
282	Iter0283	8	3	0	2	0	0	6.75	0.12820512820512825	-6.1674400000000016e-06	0
283	Iter0284	11	8	7	1	0	0	0.19642857142857145	0.2011188811188826	-8.75951303e-06	0
284	Iter0285	3	10	2	3	0	0	0.45	0.5827497665732948	0.0	0
285	Iter0286	13	3	3	0	0	0	0.875	1.0	-0.0008513487930724657	0
286	Iter0287	8	7	2	3	0	0	1.7142857142857142	1.0	0.0	0
287	Iter0288	9	4	6	2	0	0	0.75	1.0	-5.968828e-05	0
288	Iter0289	17	8	5	1	0	0	0.425	0.6423376401129497	0.0	0
289	Iter0290	19	7	0	4	0	0	12.5	0.012041598248494871	-0.000200833207	0
290	Iter0291	12	13	2	1	0	0	0.4615384615384616	1.0	-5.6001920000000005e-05	0
291	Iter0292	6	4	4	4	0	0	1.5	1.0	0.0	0
292	Iter0293	14	9	2	2	0	0	1.5555555555555556	1.0	-9.95935e-05	0
293	Iter0294	15	7	0	1	0	0	4.0	0.34782608695652245	-0.000328663971	0
294	Iter0295	7	5	0	1	0	0	2.6666666666666665	0.4615384615384624	-0.000156472778595	0
295	Iter0296	16	5	2	3	0	0	4.800000000000002	0.2805107935542719	-0.0006856917781	0
296	Iter0297	8	8	0	0	0	0	1.0	1.0	0.0	0
297	Iter0298	16	6	0	0	0	0	2.4285714285714284	1.0	-0.00020241043999999996	0
298	Iter0299	16	10	1	0	0	0	0.7727272727272727	1.0	-0.0008782970292999999	0
299	Iter0300	16	3	4	0	0	0	0.85	1.0	-0.0011257824100000002	0
300	Iter0301	7	4	5	2	0	0	0.7	1.0	-0.0002461574	0
301	Iter0302	13	13	0	0	0	0	1.0	1.0	-2.7353e-05	0
302	Iter0303	15	2	4	2	0	0	3.75	0.2704686617730102	-3.647316e-05	0
303	Iter0304	13	5	1	3	0	0	7.800000000000002	0.11674641148325343	-0.000174705172	0
304	Iter0305	9	3	2	4	0	0	6.0	0.14140271493212708	-0.0004687561	0
305	Iter0306	8	8	2	1	0	0	0.5	1.0	-3.59411698e-05	0
306	Iter0307	15	6	3	1	0	0	0.8333333333333334	1.0	-4.2977299999999986e-05	0
307	Iter0308	14	7	0	1	0	0	3.75	0.36363636363636304	-0.0005409070573	0
308	Iter0309	7	7	2	4	0	0	2.0	0.6424148606811164	-2.81664e-06	0
309	Iter0310	7	7	2	2	0	0	1.0	1.0	-5.113360379731e-08	0
310	Iter0311	11	8	1	2	0	0	2.75	0.5714285714285681	-0.0011477805	0
311	Iter0312	13	4	2	2	0	0	3.25	0.5438596491228093	-0.00026079149	0
312	Iter0313	6	6	1	0	0	0	0.5	1.0	-0.00019800127763299998	0
313	Iter0314	13	6	1	1	0	0	2.1666666666666665	1.0	0.0	0
314	Iter0315	6	5	4	1	0	0	0.3	0.5879120879120874	-0.000590744	0
315	Iter0316	13	5	1	0	0	0	1.1666666666666667	1.0	-0.000200428883	0
316	Iter0317	13	7	3	1	0	0	0.6190476190476191	1.0	-0.000341904988514172	0
317	Iter0318	13	6	3	2	0	0	1.4444444444444444	1.0	-0.00024202297999999998	0
318	Iter0319	6	8	1	0	0	0	0.3888888888888889	0.4666666666666665	-0.0001315203936	0
319	Iter0320	9	10	3	1	0	0	0.3	0.5900621118012405	-5.2101225e-05	0
320	Iter0321	9	6	4	0	0	0	0.2857142857142857	0.2554179566563461	-0.0007477579099999999	0
321	Iter0322	9	5	2	2	0	0	1.8	1.0	-0.0002601481	0
322	Iter0323	6	6	1	2	0	0	2.0	1.0	-0.000302842	0
323	Iter0324	20	6	2	0	0	0	1.0	1.0	-0.000709355191	0
324	Iter0325	6	4	2	4	0	0	3.0	0.6083916083916083	-1.78712e-10	0
325	Iter0326	7	6	3	3	0	0	1.1666666666666667	1.0	-7.025599e-05	0
326	Iter0327	10	9	2	1	0	0	0.5555555555555556	1.0	-2.330102e-05	0
327	Iter0328	15	3	3	1	0	0	1.6666666666666667	1.0	-0.00053517898951	0
328	Iter0329	12	7	2	1	0	0	0.8571428571428571	1.0	-5.1413431e-05	0
329	Iter0330	10	5	1	3	0	0	6.0	0.2621259029927765	-4.13679397e-05	0
330	Iter0331	9	9	0	0	0	0	1.0	1.0	-3.2695708346e-05	0
331	Iter0332	11	6	2	2	0	0	1.8333333333333333	0.6177109440267335	-2.18421588e-06	0
332	Iter0333	13	8	1	0	0	0	0.7777777777777778	1.0	-8.69916209226e-05	0
333	Iter0334	12	7	0	0	0	0	1.625	1.0	-0.0008929711718569999	0
334	Iter0335	11	13	2	3	0	0	1.2692307692307694	1.0	-7.77758e-05	0
335	Iter0336	7	5	3	4	0	0	1.8666666666666665	0.6499166468206714	-0.000142848123666	0
336	Iter0337	10	4	1	0	0	0	1.1	1.0	-0.000465867276	0
337	Iter0338	10	3	1	1	0	0	3.333333333333333	0.4761904761904744	-4.26702e-05	0
338	Iter0339	8	6	4	2	0	0	0.6666666666666666	1.0	-0.00044148266350000004	0
339	Iter0340	11	5	0	0	0	0	2.0	1.0	-0.0002501950000331159	0
340	Iter0341	14	8	2	2	0	0	1.75	0.6254180602006735	-0.0008391816	0
341	Iter0342	13	5	2	3	0	0	3.9	0.2968587476596628	-2.1169764399999996e-05	0
342	Iter0343	7	11	0	0	0	0	0.6666666666666666	1.0	-6.5181e-05	0
343	Iter0344	10	4	1	0	0	0	1.1	1.0	-0.00012754120000000002	0
344	Iter0345	11	6	2	2	0	0	1.8333333333333333	0.6177109440267335	-0.001217237	0
345	Iter0346	10	7	1	1	0	0	1.4285714285714286	1.0	-0.0013118309	0
346	Iter0347	13	6	1	1	0	0	2.1666666666666665	1.0	-1.2399705375e-05	0
347	Iter0348	7	9	2	3	0	0	1.1666666666666667	1.0	-4.3329939628e-05	0
348	Iter0349	15	12	0	2	0	0	3.692307692307693	0.22413793103448207	-1.46572e-05	0
349	Iter0350	12	4	2	4	0	0	6.0	0.13650436251055492	-0.00014624186567	0
350	Iter0351	7	9	3	0	0	0	0.2	0.21052631578947467	0.0	0
351	Iter0352	10	8	1	2	0	0	2.5	0.5864661654135335	-0.000183074967	0
352	Iter0353	13	4	2	2	0	0	3.25	0.5438596491228093	-5.6959223179999995e-05	0
353	Iter0354	15	9	5	2	0	0	0.6666666666666667	1.0	-0.0007017563999999999	0
354	Iter0355	18	9	1	1	0	0	2.0	1.0	-0.0008395985099999999	0
355	Iter0356	20	5	3	2	0	0	2.6666666666666665	0.5650358581393102	-5.4404179999999995e-05	0
356	Iter0357	8	9	3	1	0	0	0.2962962962962963	0.5864661654135335	-0.0004903188882	0
357	Iter0358	10	5	1	2	0	0	4.0	0.5281862745098056	-5.24288e-07	0
358	Iter0359	13	3	0	0	0	0	3.5	1.0	-0.00012155635700000001	0
359	Iter0360	4	5	0	1	0	0	1.6666666666666667	1.0	-0.000277308	0
360	Iter0361	8	7	4	2	0	0	0.5714285714285714	0.6594427244582047	-8.14755e-06	0
361	Iter0362	15	2	3	3	0	0	7.5	0.08859104282445197	-0.000421593594	0
362	Iter0363	11	3	1	0	0	0	1.5	1.0	0.0	0
363	Iter0364	10	6	7	3	0	0	0.7142857142857143	1.0	-0.0001533	0
364	Iter0365	12	5	0	2	0	0	6.5	0.12280701754385998	-0.001116775947	0
365	Iter0366	16	4	2	1	0	0	2.0	0.5392433653303165	-0.00012047734999999999	0
366	Iter0367	13	5	2	0	0	0	0.7777777777777778	1.0	-3.742539e-05	0
367	Iter0368	19	6	0	0	0	0	2.8571428571428568	1.0	-0.0001335819498759	0
368	Iter0369	13	4	4	0	0	0	0.5599999999999999	0.5455304928989186	-3.69096e-08	0
369	Iter0370	15	5	4	1	0	0	0.75	1.0	-2.60850799484e-05	0
370	Iter0371	16	8	2	1	0	0	1.0	1.0	-3.57960874e-05	0
371	Iter0372	13	7	2	1	0	0	0.9285714285714286	1.0	-1.226665424e-05	0
372	Iter0373	10	6	1	2	0	0	3.333333333333333	0.545923632610939	-1.6615799590600002e-06	0
373	Iter0374	14	5	3	1	0	0	0.9333333333333332	1.0	-0.00080377022942	0
374	Iter0375	6	7	1	0	0	0	0.4375	1.0	-0.000147011	0
375	Iter0376	15	5	2	1	0	0	1.5	1.0	-0.0011347704041635	0
376	Iter0377	17	6	4	1	0	0	0.7083333333333334	1.0	-0.0010304954091000002	0
377	Iter0378	24	10	2	2	0	0	2.4	0.5773216825848334	-0.0005930349481989	0
378	Iter0379	13	5	2	1	0	0	1.3	1.0	-0.00039277424611650004	0
379	Iter0380	11	6	3	0	0	0	0.42857142857142855	0.5210526315789487	-3.93568884e-05	0
380	Iter0381	13	4	4	2	0	0	1.625	0.6322030372373628	-9.76848e-05	0
381	Iter0382	12	3	5	0	0	0	0.5416666666666666	0.5394736842105284	-9.976211669999999e-08	0
382	Iter0383	6	7	3	1	0	0	0.2857142857142857	0.5764705882352927	-0.000399442	0
383	Iter0384	9	3	3	1	0	0	1.0	1.0	-0.0002529640054037	0
384	Iter0385	12	4	4	1	0	0	0.75	1.0	-0.000347916242	0
385	Iter0386	18	6	0	1	0	0	5.428571428571429	0.28000000000000097	-0.0005427121213139001	0
386	Iter0387	17	4	3	1	0	0	1.4166666666666667	1.0	-0.00076014954	0
387	Iter0388	17	12	3	0	0	0	0.3461538461538461	0.2741935483870964	-0.000619917136	0
388	Iter0389	10	3	1	2	0	0	6.666666666666668	0.2142857142857131	-5.207258e-05	0
389	Iter0390	9	4	6	1	0	0	0.375	0.6126160990712084	-0.00029833435	0
390	Iter0391	8	6	1	1	0	0	1.3333333333333333	1.0	-1.225326e-05	0
391	Iter0392	7	5	0	2	0	0	4.0	0.4615384615384607	-0.0004175752595480027	0
392	Iter0393	9	2	1	1	0	0	4.5	0.42307692307692496	-0.00141412121	0
393	Iter0394	11	5	6	0	0	0	0.2857142857142857	0.2663476874003199	-4.6081621643111e-06	0
394	Iter0395	11	0	2	4	0	0	20.0	0.006302521008403338	-0.000611294402807	0
395	Iter0396	10	4	4	0	0	0	0.4400000000000001	0.524183006535951	-0.0004043521341	0
396	Iter0397	10	5	3	2	0	0	1.3333333333333333	1.0	-1.29016e-05	0
397	Iter0398	9	3	2	0	0	0	0.8333333333333334	1.0	-7.698300281638999e-05	0
398	Iter0399	7	2	2	1	0	0	1.75	1.0	-4.67521e-05	0
399	Iter0400	10	5	2	0	0	0	0.6111111111111109	1.0	-0.00131916	0
400	Iter0401	14	4	0	1	0	0	6.0	0.2631578947368405	-3.60174358e-05	0
401	Iter0402	15	8	6	2	0	0	0.625	1.0	-5.19924e-10	0
402	Iter0403	19	6	0	2	0	0	8.571428571428571	0.07977207977208026	-0.0009645456	0
403	Iter0404	13	5	2	0	0	0	0.7777777777777778	1.0	-0.0007868282540000001	0
404	Iter0405	19	7	2	3	0	0	4.071428571428572	0.2955135335558019	-3.2223742e-05	0
405	Iter0406	11	5	1	3	0	0	6.6000000000000005	0.2553147574819402	-0.00187297274	0
406	Iter0407	10	3	5	2	0	0	1.3333333333333337	1.0	-0.000142127	0
407	Iter0408	16	10	4	0	0	0	0.3090909090909091	0.2720306513409961	-0.0005636891731000001	0
408	Iter0409	11	4	0	0	0	0	2.4	1.0	-5.096088197500001e-06	0
409	Iter0410	14	6	2	6	0	0	7.000000000000001	0.0440516005733397	-2.63904e-09	0
410	Iter0411	8	7	2	0	0	0	0.375	0.4852941176470584	-0.00325734460518725	0
411	Iter0412	9	8	0	2	0	0	3.333333333333333	0.4736842105263166	-3.31741e-05	0
412	Iter0413	20	7	2	0	0	0	0.875	1.0	-0.000654206015	0
413	Iter0414	4	2	2	2	0	0	2.0	1.0	-1.4679399999999996e-18	0
414	Iter0415	7	7	2	0	0	0	0.3333333333333333	0.4749999999999993	-0.00035605740999999994	0
415	Iter0416	11	4	1	1	0	0	2.75	0.5147058823529409	-0.000599310989	0
416	Iter0417	8	5	0	1	0	0	3.0	0.42857142857142827	-3.2225e-07	0
417	Iter0418	15	6	0	0	0	0	2.2857142857142856	1.0	-1.7482513999999996e-05	0
418	Iter0419	13	6	2	2	0	0	2.1666666666666665	0.5889328063241095	-0.000265244021	0
419	Iter0420	9	8	0	0	0	0	1.1111111111111112	1.0	-2.77039e-06	0
420	Iter0421	10	7	3	1	0	0	0.4761904761904762	1.0	-0.00020950684000000001	0
421	Iter0422	7	6	1	1	0	0	1.1666666666666667	1.0	-4.93352e-06	0
422	Iter0423	10	6	0	1	0	0	3.1428571428571432	0.4117647058823533	-2.1943620000000003e-05	0
423	Iter0424	17	5	3	0	0	0	0.75	1.0	-0.0004542552924	0
424	Iter0425	7	12	1	1	0	0	0.5833333333333334	1.0	-0.000383002	0
425	Iter0426	6	2	1	2	0	0	6.0	0.4909090909090907	-3.150721e-07	0
426	Iter0427	8	5	1	1	0	0	1.6	1.0	-4.93077947e-05	0
427	Iter0428	9	3	2	0	0	0	0.8333333333333334	1.0	-9.26343e-06	0
428	Iter0429	8	5	2	3	0	0	2.4000000000000004	0.6078431372549022	-2.39085e-06	0
429	Iter0430	10	8	0	0	0	0	1.2222222222222223	1.0	-7.628110000000001e-10	0
430	Iter0431	12	9	3	1	0	0	0.4444444444444444	0.6264822134387369	-2.0465125860000002e-05	0
431	Iter0432	13	4	2	1	0	0	1.625	1.0	-5.50076e-08	0
432	Iter0433	8	1	1	2	0	0	16.0	0.12727272727272734	-0.00042613667700000003	0
433	Iter0434	16	9	2	2	0	0	1.7777777777777777	0.6220790703549365	-0.002423669720000005	0
434	Iter0435	6	7	3	2	0	0	0.5714285714285714	1.0	-0.0005984803341	0
435	Iter0436	9	9	4	1	0	0	0.25	0.3393562958780329	0.0	0
436	Iter0437	11	11	0	0	0	0	1.0	1.0	-0.000778916946	0
437	Iter0438	8	9	2	1	0	0	0.4444444444444444	1.0	-6.81559e-09	0
438	Iter0439	13	5	4	0	0	0	0.4666666666666667	0.535201640464795	-0.00022015460000000006	0
439	Iter0440	5	8	2	1	0	0	0.3125	0.5499999999999977	-0.00108383915	0
440	Iter0441	12	8	0	1	0	0	2.888888888888889	0.42857142857142827	-8.146204599999999e-06	0
441	Iter0442	17	9	1	2	0	0	3.7777777777777777	0.5394088669950752	-0.0002450778354	0
442	Iter0443	6	5	1	1	0	0	1.2	1.0	-6.06214e-05	0
443	Iter0444	15	8	3	2	0	0	1.25	1.0	-0.00064355798	0
444	Iter0445	20	1	3	2	0	0	13.333333333333336	0.08461538461538466	-3.936328842e-05	0
445	Iter0446	9	8	2	2	0	0	1.125	1.0	-0.0013972275	0
446	Iter0447	11	3	2	1	0	0	1.8333333333333333	1.0	-0.000260402518	0
447	Iter0448	13	3	1	1	0	0	4.333333333333333	0.4052287581699383	-0.000176318916009	0
448	Iter0449	11	6	3	2	0	0	1.2222222222222219	1.0	-0.000686412	0
449	Iter0450	15	8	2	1	0	0	0.9375	1.0	-0.0005865822858279	0
450	Iter0451	15	6	1	1	0	0	2.5	0.5256916996047412	-0.0007107454	0
451	Iter0452	16	5	1	0	0	0	1.4166666666666667	1.0	-0.0003514385479	0
452	Iter0453	12	6	1	1	0	0	2.0	1.0	-0.00027226178251	0
453	Iter0454	11	13	2	1	0	0	0.4230769230769231	0.5955555555555616	-1.50942e-12	0
454	Iter0455	21	6	2	2	0	0	3.5	0.2682981090100107	-0.0021471922339	0
455	Iter0456	14	5	2	3	0	0	4.2	0.2885375494071153	-0.0006822177	0
456	Iter0457	10	9	1	0	0	0	0.55	1.0	-0.0009988999	0
457	Iter0458	11	7	5	1	0	0	0.3142857142857143	0.6213854795090505	-0.00039223348756999997	0
458	Iter0459	15	10	1	0	0	0	0.7272727272727273	1.0	-4.3931219e-05	0
459	Iter0460	7	8	3	2	0	0	0.5833333333333334	1.0	0.0	0
460	Iter0461	4	9	1	0	0	0	0.25	0.3571428571428565	0.0	0
461	Iter0462	7	4	0	0	0	0	1.6	1.0	-3.791522e-07	0
462	Iter0463	8	3	4	0	0	0	0.45	0.5164835164835135	0.0	0
463	Iter0464	10	3	2	2	0	0	3.333333333333333	0.5378151260504158	-0.0003933279	0
464	Iter0465	12	6	1	1	0	0	2.0	1.0	-1.0588985714e-05	0
465	Iter0466	9	7	1	2	0	0	2.571428571428572	0.5820433436532529	-1.1213e-05	0
466	Iter0467	9	4	4	0	0	0	0.4	0.5193277310924337	-2.03808e-05	0
467	Iter0468	9	3	2	2	0	0	3.0	0.5467032967032941	-0.0007681739999999999	0
468	Iter0469	8	6	3	3	0	0	1.3333333333333333	1.0	-1.91385e-15	0
469	Iter0470	4	7	3	0	0	0	0.15625	0.1923076923076922	-6.28665e-11	0
470	Iter0471	14	6	0	2	0	0	6.428571428571429	0.12121212121212127	-0.000585106763	0
471	Iter0472	11	8	0	1	0	0	2.6666666666666665	0.4500000000000013	-0.0015532862	0
472	Iter0473	11	7	0	0	0	0	1.5	1.0	-9.66316e-05	0
473	Iter0474	7	4	1	1	0	0	1.75	1.0	-1.59347e-10	0
474	Iter0475	10	3	2	2	0	0	3.333333333333333	0.5378151260504158	-0.000690015313	0
475	Iter0476	6	8	1	3	0	0	2.25	1.0	-5.257060000000001e-07	0
476	Iter0477	12	4	5	1	0	0	0.6	1.0	-0.000493298146	0
477	Iter0478	8	8	1	1	0	0	1.0	1.0	-0.0011048289	0
478	Iter0479	8	7	0	0	0	0	1.125	1.0	-1.694748e-07	0
479	Iter0480	9	4	4	3	0	0	1.6875	0.6513544891640859	-7.2729400256295e-05	0
480	Iter0481	9	6	2	1	0	0	0.75	1.0	-9.843373979e-05	0
481	Iter0482	11	7	0	2	0	0	4.5	0.1894736842105263	-8.776040000000001e-05	0
482	Iter0483	16	10	2	1	0	0	0.8	1.0	-3.5176855792357e-06	0
483	Iter0484	8	5	2	2	0	0	1.6	1.0	-8.85964e-05	0
484	Iter0485	8	7	1	0	0	0	0.5625	1.0	-8.63869134e-08	0
485	Iter0486	12	5	5	0	0	0	0.3611111111111111	0.2898913951545541	-0.00013033658565999998	0
486	Iter0487	11	4	1	0	0	0	1.2	1.0	-4.066434015000001e-05	0
487	Iter0488	14	8	1	0	0	0	0.8333333333333334	1.0	-3.7405336e-05	0
488	Iter0489	14	5	3	2	0	0	1.8666666666666665	0.6080368906455886	-6.305726399999999e-05	0
489	Iter0490	14	3	1	1	0	0	4.666666666666667	0.385964912280702	-5.84401e-05	0
490	Iter0491	12	7	2	0	0	0	0.5416666666666666	0.5333333333333343	-0.000688816667	0
491	Iter0492	10	6	1	3	0	0	5.000000000000001	0.28482972136222984	-0.000436442	0
492	Iter0493	13	7	3	0	0	0	0.4375	0.525691699604742	-0.000128694331	0
493	Iter0494	18	12	3	1	0	0	0.5	1.0	-4.377655e-05	0
494	Iter0495	12	10	4	2	0	0	0.6	0.6729840208101107	-0.001672632	0
495	Iter0496	11	4	3	4	0	0	3.6666666666666665	0.3426212590299271	0.0	0
496	Iter0497	15	7	3	1	0	0	0.7142857142857143	1.0	-0.000555742846	0
497	Iter0498	7	8	3	1	0	0	0.2916666666666667	0.582043343653251	-0.000239767	0
498	Iter0499	13	7	4	3	0	0	1.392857142857143	1.0	-9.14539966e-05	0
499	Iter0500	10	8	0	1	0	0	2.4444444444444446	0.4736842105263162	-0.000172411013	0
500	Iter0501	13	2	0	1	0	0	9.333333333333334	0.18750000000000014	-0.0006990272103500001	0
501	Iter0502	10	8	3	2	0	0	0.8333333333333334	1.0	-0.00019027879699999998	0
502	Iter0503	7	9	4	3	0	0	0.5833333333333334	0.6668461434917207	-7.328180000000001e-05	0
503	Iter0504	11	8	2	1	0	0	0.6875	1.0	-0.0011171332999999999	0
504	Iter0505	11	8	1	3	0	0	4.125	0.3167701863354019	-0.00032580289644219997	0
505	Iter0506	11	8	1	0	0	0	0.6666666666666666	1.0	-0.00033458248766999997	0
506	Iter0507	9	5	1	2	0	0	3.6	0.5367647058823537	-0.00032051977	0
507	Iter0508	6	2	6	3	0	0	1.5	1.0	-1.14131e-05	0
508	Iter0509	14	3	4	3	0	0	3.5000000000000004	0.30684418556272103	-7.6818511811e-05	0
509	Iter0510	12	6	2	1	0	0	1.0	1.0	-0.00050496576528	0
510	Iter0511	12	6	3	2	0	0	1.3333333333333333	1.0	-0.00019745125590000002	0
511	Iter0512	11	4	5	1	0	0	0.55	1.0	-1.70214e-07	0
512	Iter0513	10	9	2	1	0	0	0.5555555555555556	1.0	-0.000116757	0
513	Iter0514	10	5	3	1	0	0	0.6666666666666666	1.0	-4.327354e-06	0
514	Iter0515	14	6	1	1	0	0	2.333333333333333	1.0	-0.000121312	0
515	Iter0516	13	8	1	1	0	0	1.625	1.0	-4.5804432000000006e-05	0
516	Iter0517	8	2	0	2	0	0	9.0	0.09090909090909123	-9.8965593e-06	0
517	Iter0518	9	5	3	1	0	0	0.6	1.0	0.0	0
518	Iter0519	14	4	2	0	0	0	1.0	1.0	-0.0001240848	0
519	Iter0520	9	6	0	0	0	0	1.4285714285714286	1.0	0.0	0
520	Iter0521	13	7	3	1	0	0	0.6190476190476191	1.0	-0.000949965579	0
521	Iter0522	15	8	3	0	0	0	0.4444444444444444	0.5292307692307683	-0.00034974563035510003	0
522	Iter0523	12	2	2	1	0	0	3.0	0.4647058823529435	-2.784205e-07	0
523	Iter0524	18	8	3	6	0	0	4.5	0.11220577825629452	-9.836674499999999e-05	0
524	Iter0525	15	6	4	3	0	0	1.875	0.6464578899361488	-0.00036190699999999996	0
525	Iter0526	8	6	2	0	0	0	0.4285714285714286	0.4999999999999972	0.0	0
526	Iter0527	9	4	0	0	0	0	2.0	1.0	-4.3248020000000005e-05	0
527	Iter0528	11	8	2	3	0	0	2.0625	0.6299171842650103	-0.000149886	0
528	Iter0529	7	7	4	1	0	0	0.25	0.3378052975576197	-1.27561e-05	0
529	Iter0530	10	3	4	1	0	0	0.8333333333333334	1.0	-0.00026006200000000003	0
530	Iter0531	9	4	1	0	0	0	1.0	1.0	-9.5847e-08	0
531	Iter0532	9	8	2	1	0	0	0.5625	1.0	0.0	0
532	Iter0533	5	8	2	3	0	0	0.9375	1.0	-0.00128673362	0
533	Iter0534	12	5	1	0	0	0	1.0833333333333333	1.0	-0.0001486738477	0
534	Iter0535	11	4	4	1	0	0	0.6875	1.0	-3.70716e-11	0
535	Iter0536	6	1	3	1	0	0	2.0	1.0	-1.46757e-08	0
536	Iter0537	9	6	3	3	0	0	1.5	1.0	-0.00038915217379300004	0
537	Iter0538	9	11	2	0	0	0	0.2777777777777778	0.4761904761904743	-0.0010343953000000001	0
538	Iter0539	11	6	4	1	0	0	0.4583333333333333	1.0	-4.96031155e-06	0
539	Iter0540	14	6	1	1	0	0	2.333333333333333	1.0	-0.00102200144	0
540	Iter0541	7	13	2	0	0	0	0.19047619047619047	0.15584415584415573	-5.87162e-05	0
541	Iter0542	19	6	2	0	0	0	0.9523809523809524	1.0	-0.0008763239724002209	0
542	Iter0543	9	5	5	0	0	0	0.2777777777777778	0.2565359477124198	-1.03983e-10	0
543	Iter0544	7	9	6	4	0	0	0.5185185185185185	0.6881679903082522	-0.0002476128432424	0
544	Iter0545	10	13	5	3	0	0	0.4615384615384616	0.4331479421579604	-0.00014730978169999999	0
545	Iter0546	11	12	0	2	0	0	2.7692307692307696	0.4866666666666698	-2.68825096e-05	0
546	Iter0547	10	10	0	0	0	0	1.0	1.0	-0.00023177433	0
547	Iter0548	11	2	1	3	0	0	16.5	0.05252100840336108	-7.29175948e-05	0
548	Iter0549	7	4	1	0	0	0	0.8	1.0	-0.0008791882030000001	0
549	Iter0550	11	6	2	0	0	0	0.5714285714285714	1.0	-0.0005271882224999999	0
550	Iter0551	13	5	1	1	0	0	2.6	0.5210526315789469	-0.0001978642968	0
551	Iter0552	13	6	3	1	0	0	0.7222222222222222	1.0	-4.814979e-05	0
552	Iter0553	12	4	2	2	0	0	3.0	0.5492260061919536	-4.196587e-05	0
553	Iter0554	11	2	3	0	0	0	1.0	1.0	-7.52560875e-05	0
554	Iter0555	19	4	1	0	0	0	2.0	1.0	-2.72089e-05	0
555	Iter0556	9	1	3	2	0	0	6.0	0.2417582417582405	-0.0014777827967	0
556	Iter0557	5	8	2	1	0	0	0.3125	0.5499999999999977	-5.451301e-07	0
557	Iter0558	7	5	0	0	0	0	1.3333333333333333	1.0	-0.0001828666	0
558	Iter0559	20	6	1	1	0	0	3.333333333333333	0.4444444444444433	-0.00016010489100000001	0
559	Iter0560	15	6	3	1	0	0	0.8333333333333334	1.0	-0.00012202	0
560	Iter0561	6	6	2	1	0	0	0.5	1.0	-5.04117959252e-06	0
561	Iter0562	8	10	1	1	0	0	0.8	1.0	-0.0004727014132	0
562	Iter0563	14	4	1	1	0	0	3.5	0.4473684210526287	-6.311792e-05	0
563	Iter0564	11	4	2	0	0	0	0.7999999999999999	1.0	-0.0001930328	0
564	Iter0565	7	3	3	4	0	0	3.111111111111111	0.3499588646647474	-4.9269800000000016e-06	0
565	Iter0566	14	6	1	0	0	0	1.0714285714285714	1.0	-7.700013099999999e-05	0
566	Iter0567	5	6	1	0	0	0	0.42857142857142855	1.0	-5.38983e-07	0
567	Iter0568	7	7	3	2	0	0	0.6666666666666666	1.0	-1.29924e-10	0
568	Iter0569	8	9	1	1	0	0	0.8888888888888888	1.0	-1.19965e-07	0
569	Iter0570	8	10	0	0	0	0	0.8181818181818182	1.0	-0.00045311799999999997	0
570	Iter0571	9	3	1	0	0	0	1.25	1.0	-7.640662999999998e-06	0
571	Iter0572	4	6	1	1	0	0	0.6666666666666666	1.0	-1.583597e-05	0
572	Iter0573	11	4	6	2	0	0	0.9166666666666666	1.0	-4.63877e-05	0
573	Iter0574	8	6	3	2	0	0	0.8888888888888888	1.0	-5.1713390000000005e-05	0
574	Iter0575	9	1	4	1	0	0	2.25	1.0	-1.51893e-05	0
575	Iter0576	13	5	1	2	0	0	5.2	0.2473684210526329	-4.5179620666e-05	0
576	Iter0577	11	6	0	0	0	0	1.7142857142857142	1.0	-0.00015499762890500002	0
577	Iter0578	14	6	1	2	0	0	4.666666666666667	0.2687747035573117	-3.137355e-09	0
578	Iter0579	12	4	3	1	0	0	1.0	1.0	-0.0006678406340000001	0
579	Iter0580	15	4	4	1	0	0	0.9375	1.0	-0.00053603170884	0
580	Iter0581	9	4	3	0	0	0	0.5	0.5285714285714266	-9.82266e-07	0
581	Iter0582	8	5	3	1	0	0	0.5333333333333333	1.0	-1.9446e-06	0
582	Iter0583	14	3	3	1	0	0	1.5555555555555556	1.0	-0.00028285300741	0
583	Iter0584	15	2	1	1	0	0	7.5	0.298245614035087	-0.00033132400005379494	0
584	Iter0585	8	6	2	0	0	0	0.4285714285714286	0.4999999999999972	0.0	0
585	Iter0586	8	4	0	0	0	0	1.8	1.0	-0.00025409330000000004	0
586	Iter0587	12	7	3	0	0	0	0.40625	0.522727272727274	-8.73411e-08	0
587	Iter0588	12	5	1	0	0	0	1.0833333333333333	1.0	-3.02371e-05	0
588	Iter0589	15	9	2	0	0	0	0.5333333333333333	0.5292307692307677	-4.359637076e-06	0
589	Iter0590	10	6	2	2	0	0	1.6666666666666667	1.0	-0.0006804981473	0
590	Iter0591	7	7	4	2	0	0	0.5	0.6424148606811164	-1.62327951e-05	0
591	Iter0592	10	3	2	0	0	0	0.9166666666666666	1.0	-4.5596470000000014e-05	0
592	Iter0593	11	6	2	1	0	0	0.9166666666666666	1.0	-0.00023196216600000001	0
593	Iter0594	7	2	2	3	0	0	5.25	0.26573426573426473	-3.531e-07	0
594	Iter0595	14	10	1	1	0	0	1.4	1.0	-0.000457917207	0
595	Iter0596	9	3	2	1	0	0	1.5	1.0	0.0	0
596	Iter0597	11	5	3	0	0	0	0.5	0.53044375644995	-0.00022469956	0
597	Iter0598	7	7	5	1	0	0	0.2	0.32456140350877233	-9.45941e-05	0
598	Iter0599	10	8	1	1	0	0	1.25	1.0	-0.00106914991233	0
599	Iter0600	16	8	1	1	0	0	2.0	1.0	-0.0001425546432	0
600	Iter0601	9	13	4	1	0	0	0.17307692307692307	0.16473429951691104	-5.63720630158e-06	0
601	Iter0602	12	4	2	2	0	0	3.0	0.5492260061919536	-0.00037486850851788003	0
602	Iter0603	11	9	0	2	0	0	3.6	0.4761904761904743	-3.23027480675e-05	0
603	Iter0604	11	7	3	1	0	0	0.5238095238095238	1.0	-0.00021510140000000001	0
604	Iter0605	12	4	0	1	0	0	5.2	0.29411764705882354	-5.2847400000000005e-05	0
605	Iter0606	8	4	3	4	0	0	2.6666666666666665	0.3765182186234807	-5.7241127e-05	0
606	Iter0607	12	5	0	0	0	0	2.1666666666666665	1.0	-4.7079146600000003e-05	0
607	Iter0608	13	6	2	3	0	0	3.25	0.3255928853754965	-0.00042699100000000005	0
608	Iter0609	17	7	2	1	0	0	1.2142857142857142	1.0	-0.0001643264171845	0
609	Iter0610	23	6	1	1	0	0	3.8333333333333335	0.4064516129032184	-6.3203583370000005e-06	0
610	Iter0611	14	5	2	0	0	0	0.8333333333333334	1.0	-0.000586706371	0
611	Iter0612	10	7	0	2	0	0	4.125	0.2105263157894745	-0.00010275266599999999	0
612	Iter0613	11	5	3	2	0	0	1.4666666666666668	1.0	-0.0010086739709999999	0
613	Iter0614	19	8	3	0	0	0	0.5555555555555556	0.5448275862068971	-0.0010207367018999999	0
614	Iter0615	7	2	1	1	0	0	3.5	0.4909090909090902	-0.000467488	0
615	Iter0616	14	6	0	3	0	0	8.571428571428571	0.0474308300395255	-0.00019270779755000002	0
616	Iter0617	11	5	0	0	0	0	2.0	1.0	-7.910042168e-05	0
617	Iter0618	10	8	0	1	0	0	2.4444444444444446	0.4736842105263162	-0.0003713732	0
618	Iter0619	11	4	3	0	0	0	0.6	1.0	-0.00035730888764	0
619	Iter0620	13	8	3	1	0	0	0.5416666666666666	1.0	-0.00023512889999999998	0
620	Iter0621	13	10	1	1	0	0	1.3	1.0	-0.00035710004	0
621	Iter0622	15	8	2	1	0	0	0.9375	1.0	-1.75529e-05	0
622	Iter0623	9	6	1	1	0	0	1.5	1.0	-0.000628443	0
623	Iter0624	11	1	1	1	0	0	11.0	0.27472527472527325	-0.001490489419	0
624	Iter0625	14	4	4	1	0	0	0.875	1.0	-0.00024231033099999998	0
625	Iter0626	10	2	3	0	0	0	0.9166666666666666	1.0	-0.0002203500663769	0
626	Iter0627	15	2	2	2	0	0	7.5	0.1478696741854646	-0.000179051949	0
627	Iter0628	8	3	2	3	0	0	4.0	0.2994505494505492	-0.0007449860449629002	0
628	Iter0629	12	10	2	0	0	0	0.393939393939394	0.4927536231884106	0.0	0
629	Iter0630	9	8	2	5	0	0	2.8125	0.3864416475972546	-4.93721000757177e-05	0
630	Iter0631	11	11	2	1	0	0	0.5	1.0	-0.000517675	0
631	Iter0632	9	5	4	1	0	0	0.45	1.0	-2.63115e-06	0
632	Iter0633	7	7	3	0	0	0	0.25	0.2279411764705884	-2.61702e-12	0
633	Iter0634	15	11	1	1	0	0	1.3636363636363635	1.0	-3.601035219e-06	0
634	Iter0635	15	9	2	0	0	0	0.5333333333333333	0.5292307692307677	-2.6930883960000004e-05	0
635	Iter0636	12	7	0	4	0	0	8.125	0.037267080745341394	-0.0005629110299999999	0
636	Iter0637	12	5	0	0	0	0	2.1666666666666665	1.0	-2.0770190000000002e-05	0
637	Iter0638	12	3	0	2	0	0	9.75	0.07352941176470587	-0.000344682315982	0
638	Iter0639	13	12	2	1	0	0	0.5416666666666666	1.0	-3.468635e-06	0
639	Iter0640	13	9	3	0	0	0	0.35	0.280000000000002	-0.000249560994741	0
640	Iter0641	5	4	1	2	0	0	2.5	1.0	-0.000252517	0
641	Iter0642	12	7	3	2	0	0	1.1428571428571428	1.0	-1.430456e-05	0
642	Iter0643	8	4	1	1	0	0	2.0	1.0	-0.0013113202	0
643	Iter0644	13	5	3	1	0	0	0.8666666666666667	1.0	-3.1193200010413504e-07	0
644	Iter0645	8	5	6	0	0	0	0.21428571428571427	0.12796697626418954	0.0	0
645	Iter0646	12	5	3	1	0	0	0.7999999999999999	1.0	-0.0007235711999999999	0
646	Iter0647	23	4	6	1	0	0	0.9583333333333334	1.0	-0.0012321901121119	0
647	Iter0648	15	11	0	0	0	0	1.3333333333333333	1.0	-1.0642409143e-06	0
648	Iter0649	8	5	3	1	0	0	0.5333333333333333	1.0	-0.000123260106538	0
649	Iter0650	11	2	3	1	0	0	1.8333333333333333	1.0	-6.1740545246e-05	0
650	Iter0651	8	9	3	4	0	0	1.1851851851851851	1.0	-0.0002567399132	0
651	Iter0652	7	3	4	0	0	0	0.4	0.5054945054945056	-3.0705347629e-08	0
652	Iter0653	9	7	1	0	0	0	0.625	1.0	-0.0008573027700000001	0
653	Iter0654	6	2	1	3	0	0	9.0	0.2222222222222227	0.0	0
654	Iter0655	7	6	0	3	0	0	4.571428571428571	0.21249999999999933	-7.265800000000001e-05	0
655	Iter0656	12	4	1	0	0	0	1.3	1.0	-1.0907612069e-06	0
656	Iter0657	11	7	1	1	0	0	1.5714285714285714	1.0	-0.00051983990177275	0
657	Iter0658	16	4	3	1	0	0	1.3333333333333333	1.0	-0.00044423033705	0
658	Iter0659	11	6	0	0	0	0	1.7142857142857142	1.0	-0.00058752269	0
659	Iter0660	18	6	3	0	0	0	0.6785714285714286	1.0	-2.2767231000000001e-07	0
660	Iter0661	11	11	2	1	0	0	0.5	1.0	-0.0007069960099	0
661	Iter0662	5	10	5	1	0	0	0.1	0.06346749226006207	-0.000316528	0
662	Iter0663	10	8	1	0	0	0	0.6111111111111112	1.0	-0.0001442596	0
663	Iter0664	5	13	1	0	0	0	0.21428571428571427	0.31578947368421045	-2.349736e-06	0
664	Iter0665	8	5	2	2	0	0	1.6	1.0	-1.11158e-10	0
665	Iter0666	11	5	3	2	0	0	1.4666666666666668	1.0	-0.0003042581	0
666	Iter0667	9	6	6	1	0	0	0.25	0.35009147199549695	-0.00028025986	0
667	Iter0668	12	5	3	0	0	0	0.5416666666666666	0.5394736842105303	-0.0001490580450908	0
668	Iter0669	13	7	1	1	0	0	1.8571428571428568	1.0	-0.00046231510206	0
669	Iter0670	6	5	6	2	0	0	0.4	0.6332460109549896	-5.7759e-06	0
670	Iter0671	15	4	4	1	0	0	0.9375	1.0	-0.00019991887795899998	0
671	Iter0672	7	13	4	2	0	0	0.2692307692307692	0.34782608695652417	-0.000209885	0
672	Iter0673	6	11	4	2	0	0	0.2727272727272727	0.34128800261523284	-7.87359e-05	0
673	Iter0674	10	8	3	0	0	0	0.3055555555555556	0.25714285714285695	-9.24131417e-06	0
674	Iter0675	9	3	3	3	0	0	3.0	0.3440530058177112	-3.95648923e-05	0
675	Iter0676	2	7	2	1	0	0	0.14285714285714285	0.2363636363636365	-3.88298e-08	0
676	Iter0677	12	3	1	0	0	0	1.625	1.0	-3.46133443405771e-05	0
677	Iter0678	13	3	1	1	0	0	4.333333333333333	0.4052287581699383	-1.05971e-08	0
678	Iter0679	18	5	1	0	0	0	1.5833333333333333	1.0	-0.00042948624	0
679	Iter0680	10	8	3	0	0	0	0.3055555555555556	0.25714285714285695	-7.95012e-08	0
680	Iter0681	11	4	0	0	0	0	2.4	1.0	-0.0005435495671720001	0
681	Iter0682	15	4	2	1	0	0	1.875	1.0	-0.00036969933637	0
682	Iter0683	14	5	2	0	0	0	0.8333333333333334	1.0	-2.2861335297e-05	0
683	Iter0684	16	6	2	3	0	0	4.0	0.29498327759197684	-0.001222270442	0
684	Iter0685	9	4	8	3	0	0	0.84375	1.0	-7.47442e-06	0
685	Iter0686	17	10	6	3	0	0	0.85	1.0	-0.000274286472	0
686	Iter0687	9	3	4	0	0	0	0.5	0.5285714285714247	-0.0006472102	0
687	Iter0688	11	4	4	1	0	0	0.6875	1.0	0.0	0
688	Iter0689	6	8	4	2	0	0	0.375	0.628482972136224	-4.7699400151538e-05	0
689	Iter0690	6	6	4	1	0	0	0.25	0.3382352941176461	-8.856420000000002e-05	0
690	Iter0691	15	10	1	1	0	0	1.5	1.0	-0.00027577350000000005	0
691	Iter0692	11	9	4	1	0	0	0.3055555555555556	0.6146245059288548	-5.327060000000001e-05	0
692	Iter0693	14	6	3	3	0	0	2.333333333333333	0.6278504104591105	-0.00029148000658	0
693	Iter0694	8	4	2	2	0	0	2.0	0.604395604395601	-0.000873182	0
694	Iter0695	5	4	1	2	0	0	2.5	1.0	0.0	0
695	Iter0696	12	5	5	2	0	0	0.96	1.0	-2.9659971e-05	0
696	Iter0697	11	5	2	1	0	0	1.1	1.0	0.0	0
697	Iter0698	10	4	2	2	0	0	2.5	0.5686274509803924	-0.00029470420000000003	0
698	Iter0699	9	8	3	0	0	0	0.2777777777777778	0.2421052631578948	-7.258993621429999e-06	0
699	Iter0700	8	5	5	5	0	0	1.6	0.6850181720285324	-0.000152599426809	0
700	Iter0701	8	8	1	1	0	0	1.0	1.0	-3.84939e-08	0
701	Iter0702	15	5	1	1	0	0	3.0	0.4805194805194781	-0.0007809793	0
702	Iter0703	9	7	1	0	0	0	0.625	1.0	-2.73715e-05	0
703	Iter0704	12	4	2	2	0	0	3.0	0.5492260061919536	-0.00018645269	0
704	Iter0705	10	6	5	0	0	0	0.2619047619047619	0.2621259029927769	-0.000951719	0
705	Iter0706	13	3	2	1	0	0	2.1666666666666665	0.5304437564499507	-0.000587704182364	0
706	Iter0707	12	9	2	0	0	0	0.43333333333333335	0.5019762845849779	-4.23942e-08	0
707	Iter0708	12	5	3	2	0	0	1.6	1.0	-7.962063999999999e-08	0
708	Iter0709	8	6	1	1	0	0	1.3333333333333333	1.0	-1.0038820000000001e-05	0
709	Iter0710	16	7	2	2	0	0	2.2857142857142856	0.5815384615384662	-6.85353e-05	0
710	Iter0711	9	7	2	0	0	0	0.4166666666666667	0.496732026143794	-8.141473586e-05	0
711	Iter0712	3	5	3	1	0	0	0.2	0.5454545454545472	-3.2377e-06	0
712	Iter0713	6	6	1	0	0	0	0.5	1.0	-0.000128284	0
713	Iter0714	15	3	1	2	0	0	10.0	0.12781954887218044	-1.66753886e-05	0
714	Iter0715	13	5	2	0	0	0	0.7777777777777778	1.0	-0.0003590437427	0
715	Iter0716	11	6	3	1	0	0	0.6111111111111109	1.0	-8.49035e-05	0
716	Iter0717	14	7	0	1	0	0	3.75	0.36363636363636304	-5.12950604e-05	0
717	Iter0718	11	6	1	2	0	0	3.6666666666666665	0.5368421052631573	-0.00016033210999999998	0
718	Iter0719	9	4	3	1	0	0	0.75	1.0	-6.67616e-05	0
719	Iter0720	11	4	1	1	0	0	2.75	0.5147058823529409	-0.00031076332	0
720	Iter0721	9	5	3	2	0	0	1.2	1.0	-2.57711e-06	0
721	Iter0722	13	3	2	0	0	0	1.1666666666666667	1.0	-0.00047710318514	0
722	Iter0723	13	9	2	1	0	0	0.7222222222222222	1.0	-2.071171e-07	0
723	Iter0724	14	6	2	0	0	0	0.7142857142857143	1.0	-0.0003676802	0
724	Iter0725	17	6	1	1	0	0	2.833333333333333	0.4900000000000031	-4.6490949999999996e-05	0
725	Iter0726	12	4	1	0	0	0	1.3	1.0	-0.000144412100141396	0
726	Iter0727	8	9	2	1	0	0	0.4444444444444444	1.0	-0.0001908493	0
727	Iter0728	10	7	0	2	0	0	4.125	0.2105263157894745	-4.747390000000001e-05	0
728	Iter0729	13	6	4	1	0	0	0.5416666666666666	1.0	-0.0003140482800911163	0
729	Iter0730	10	5	1	0	0	0	0.9166666666666666	1.0	-2.98901e-07	0
730	Iter0731	7	5	0	3	0	0	5.333333333333333	0.19999999999999934	-0.000282182	0
731	Iter0732	8	8	1	3	0	0	3.0	0.5913312693498456	-6.70875800920724e-05	0
732	Iter0733	10	8	1	2	0	0	2.5	0.5864661654135335	-3.364177723621e-05	0
733	Iter0734	13	4	4	3	0	0	2.4375	0.3742343341885693	-0.000891198439128	0
734	Iter0735	7	6	2	3	0	0	1.7500000000000002	1.0	-0.0016518262	0
735	Iter0736	13	7	2	1	0	0	0.9285714285714286	1.0	-0.000113183151	0
736	Iter0737	11	5	2	0	0	0	0.6666666666666666	1.0	-0.0004936834424857891	0
737	Iter0738	14	4	1	5	0	0	17.5	0.01466611192011641	-5.58706919e-05	0
738	Iter0739	11	5	2	0	0	0	0.6666666666666666	1.0	-0.0007807510000000001	0
739	Iter0740	8	4	1	1	0	0	2.0	1.0	-1.23547198e-06	0
740	Iter0741	17	7	2	1	0	0	1.2142857142857142	1.0	-5.1283893e-06	0
741	Iter0742	10	11	3	2	0	0	0.6060606060606061	1.0	-0.001230929	0
742	Iter0743	15	4	2	2	0	0	3.75	0.27046866177300666	-0.00029634459700000003	0
743	Iter0744	11	5	1	0	0	0	1.0	1.0	-2.939544627e-06	0
744	Iter0745	11	8	1	2	0	0	2.75	0.5714285714285681	-6.41038547e-06	0
745	Iter0746	12	13	1	1	0	0	0.9230769230769232	1.0	-0.000953422	0
746	Iter0747	9	5	2	3	0	0	2.7	0.6026831785345723	-0.0009830370022399998	0
747	Iter0748	12	6	1	2	0	0	4.0	0.530827067669173	-1.8231381e-05	0
748	Iter0749	13	7	1	1	0	0	1.8571428571428568	1.0	-0.000383766	0
749	Iter0750	9	7	0	1	0	0	2.5	0.470588235294119	-2.0414778639029997e-05	0
750	Iter0751	6	5	2	1	0	0	0.6	1.0	-3.4840770000000007e-06	0
751	Iter0752	10	2	2	0	0	0	1.2222222222222219	1.0	-1.6924639749999998e-05	0
752	Iter0753	11	5	6	3	0	0	1.1	1.0	0.0	0
753	Iter0754	9	7	3	4	0	0	1.7142857142857144	0.6668461434917219	-0.00022150546235400002	0
754	Iter0755	9	10	0	2	0	0	2.7272727272727275	0.4857142857142848	-0.00041437859799999996	0
755	Iter0756	19	9	3	2	0	0	1.4074074074074074	1.0	-8.880331509999999e-05	0
756	Iter0757	11	2	3	1	0	0	1.8333333333333333	1.0	-0.00051246130533	0
757	Iter0758	8	2	0	4	0	0	15.0	0.01498501498501494	-7.77754e-05	0
758	Iter0759	11	6	1	1	0	0	1.8333333333333333	1.0	-0.0003809775975	0
759	Iter0760	12	6	2	1	0	0	1.0	1.0	-0.000132620796	0
760	Iter0761	17	8	3	2	0	0	1.4166666666666667	1.0	-4.83983580151e-05	0
761	Iter0762	13	5	0	0	0	0	2.333333333333333	1.0	-0.000318432871	0
762	Iter0763	14	10	0	3	0	0	5.454545454545454	0.09777777777777877	-0.001559050822	0
763	Iter0764	7	5	3	1	0	0	0.4666666666666666	1.0	-0.000248915	0
764	Iter0765	13	7	0	0	0	0	1.75	1.0	-2.6643042179999997e-05	0
765	Iter0766	13	3	2	2	0	0	4.333333333333333	0.2487100103199188	-4.927315588e-05	0
766	Iter0767	11	4	1	1	0	0	2.75	0.5147058823529409	-0.0006988700000000001	0
767	Iter0768	9	10	2	2	0	0	0.9	1.0	-0.00028068187622600003	0
768	Iter0769	13	9	0	0	0	0	1.4	1.0	-0.00021991591	0
769	Iter0770	15	7	1	1	0	0	2.142857142857143	1.0	-0.00096346142354	0
770	Iter0771	19	10	3	0	0	0	0.4545454545454545	0.5342741935483881	-0.0006135707305389951	0
771	Iter0772	10	6	1	3	0	0	5.000000000000001	0.28482972136222984	-0.0005898955554060001	0
772	Iter0773	10	7	1	0	0	0	0.6875	1.0	-0.00024163565020000001	0
773	Iter0774	10	9	1	0	0	0	0.55	1.0	-3.41197589e-05	0
774	Iter0775	9	1	3	0	0	0	1.25	1.0	-5.0196799999999993e-05	0
775	Iter0776	11	3	3	0	0	0	0.75	1.0	-9.3849310861e-06	0
776	Iter0777	11	12	0	0	0	0	0.9230769230769232	1.0	-6.0846258950000006e-05	0
777	Iter0778	13	6	1	1	0	0	2.1666666666666665	1.0	-3.5076430000000004e-05	0
778	Iter0779	12	7	3	3	0	0	1.7142857142857142	0.653162055335973	-1.5192564200814792e-05	0
779	Iter0780	12	12	0	0	0	0	1.0	1.0	-0.000599261162	0
780	Iter0781	6	4	3	0	0	0	0.35	0.4965034965034971	-0.0005165219999999999	0
781	Iter0782	18	7	1	4	0	0	10.285714285714286	0.04724011620563354	-0.0006546805235	0
782	Iter0783	13	1	3	4	0	0	17.333333333333332	0.025111799105607242	-0.00011220650000000001	0
783	Iter0784	9	8	4	1	0	0	0.28125	0.3602187286397813	-0.0005137651911	0
784	Iter0785	17	5	2	1	0	0	1.7	1.0	-0.0019115980046934345	0
785	Iter0786	11	6	3	3	0	0	1.8333333333333333	0.6430205949656761	-1.50555e-05	0
786	Iter0787	20	8	1	4	0	0	10.0	0.04713570634037777	-0.0005279998848002497	0
787	Iter0788	10	7	2	0	0	0	0.4583333333333333	0.5087719298245621	-0.00052927209	0
788	Iter0789	14	6	2	1	0	0	1.1666666666666667	1.0	-0.0005555672947199999	0
789	Iter0790	7	3	4	0	0	0	0.4	0.5054945054945056	-2.4996100000000006e-05	0
790	Iter0791	9	8	1	1	0	0	1.125	1.0	-5.938191e-05	0
791	Iter0792	6	9	4	2	0	0	0.3333333333333333	0.3614551083591357	-0.000166062806	0
792	Iter0793	11	8	2	1	0	0	0.6875	1.0	-0.00020187762	0
793	Iter0794	12	2	3	5	0	0	10.0	0.052350126653532336	-2.24747e-05	0
794	Iter0795	11	4	2	1	0	0	1.375	1.0	-0.000152077931022	0
795	Iter0796	13	6	2	3	0	0	3.25	0.3255928853754965	-0.00113837	0
796	Iter0797	10	5	0	1	0	0	3.6666666666666665	0.3750000000000003	-3.63551e-07	0
797	Iter0798	5	6	5	3	0	0	0.5	0.6499166468206747	-2.20551e-06	0
798	Iter0799	5	2	1	0	0	0	1.0	1.0	-0.00047056929780000005	0
799	Iter0800	7	8	3	0	0	0	0.2222222222222222	0.21568627450980404	-8.81444e-05	0
800	Iter0801	11	5	2	2	0	0	2.2	0.5867905056759568	-3.8907839999999996e-05	0
801	Iter0802	12	5	1	3	0	0	7.2	0.25279866332497924	-7.867202000000001e-05	0
802	Iter0803	11	3	2	1	0	0	1.8333333333333333	1.0	-0.0003844694629	0
803	Iter0804	8	6	1	0	0	0	0.6428571428571429	1.0	-1.11286e-07	0
804	Iter0805	19	5	1	2	0	0	7.6	0.15555555555555642	-0.0001908056755	0
805	Iter0806	12	7	1	4	0	0	6.857142857142858	0.14208074534161502	-0.00011639924100000001	0
806	Iter0807	15	3	1	1	0	0	5.0	0.3684210526315783	-1.59858e-05	0
807	Iter0808	12	11	1	2	0	0	2.1818181818181817	1.0	-0.00040692964680000005	0
808	Iter0809	17	6	0	2	0	0	7.714285714285714	0.09333333333333388	-1.10298e-05	0
809	Iter0810	5	3	0	1	0	0	3.0	0.4444444444444454	-0.00014650284555	0
810	Iter0811	12	10	3	2	0	0	0.7999999999999999	1.0	0.0	0
811	Iter0812	12	6	5	1	0	0	0.4	0.6286665279800315	-0.0005296957459999999	0
812	Iter0813	7	5	2	1	0	0	0.7	1.0	-9.76734304e-05	0
813	Iter0814	8	3	1	2	0	0	5.333333333333333	0.5054945054945037	-0.00085237406133	0
814	Iter0815	11	4	4	3	0	0	2.0625	0.6302244582043344	-0.00015631410000000002	0
815	Iter0816	9	4	5	3	0	0	1.35	1.0	-1.2829789999999999e-06	0
816	Iter0817	6	6	6	0	0	0	0.14285714285714285	0.05370609782374468	-1.10835e-06	0
817	Iter0818	8	6	2	1	0	0	0.6666666666666666	1.0	-0.000560822451692	0
818	Iter0819	12	7	7	1	0	0	0.24489795918367346	0.36449714536671374	-2.406353e-08	0
819	Iter0820	11	2	2	1	0	0	2.75	0.489285714285712	-6.769293e-05	0
820	Iter0821	10	6	1	0	0	0	0.7857142857142857	1.0	0.0	0
821	Iter0822	6	7	2	2	0	0	0.8571428571428571	1.0	-2.62657e-08	0
822	Iter0823	12	9	2	0	0	0	0.43333333333333335	0.5019762845849779	-0.00019580478999999996	0
823	Iter0824	8	5	5	2	0	0	0.64	1.0	-5.34278e-06	0
824	Iter0825	9	7	2	1	0	0	0.6428571428571429	1.0	-0.000415244	0
825	Iter0826	6	7	2	1	0	0	0.42857142857142855	1.0	0.0	0
826	Iter0827	10	2	2	1	0	0	2.5	0.5164835164835135	-2.00454e-11	0
827	Iter0828	14	4	4	2	0	0	1.75	0.6180570002080263	-0.00027828196585	0
828	Iter0829	12	6	2	1	0	0	1.0	1.0	-0.0009616790999999999	0
829	Iter0830	12	2	2	0	0	0	1.4444444444444444	1.0	-0.00032670675	0
830	Iter0831	9	5	1	1	0	0	1.8	1.0	-3.41459e-06	0
831	Iter0832	11	3	5	2	0	0	1.4666666666666666	1.0	-3.5905351e-06	0
832	Iter0833	13	3	1	0	0	0	1.75	1.0	-0.0005791065741	0
833	Iter0834	11	7	2	0	0	0	0.5	0.5210526315789455	-1.5596539999999998e-05	0
834	Iter0835	8	5	7	0	0	0	0.1875	0.1137125902992776	0.0	0
835	Iter0836	12	5	0	1	0	0	4.333333333333333	0.3333333333333353	-0.0003604030197	0
836	Iter0837	5	2	3	1	0	0	0.8333333333333334	1.0	0.0	0
837	Iter0838	6	10	1	5	0	0	3.0	0.6158176189135962	0.0	0
838	Iter0839	8	11	1	2	0	0	1.4545454545454546	1.0	0.0	0
839	Iter0840	12	9	3	3	0	0	1.3333333333333333	1.0	-2.5374954000424747e-05	0
840	Iter0841	15	8	2	1	0	0	0.9375	1.0	-0.000579325584462	0
841	Iter0842	12	10	0	6	0	0	8.272727272727273	0.02370865849126729	-0.00022425643999000002	0
842	Iter0843	10	4	4	2	0	0	1.25	1.0	-4.134014815830001e-06	0
843	Iter0844	5	3	6	3	0	0	0.8333333333333334	1.0	-4.49721e-05	0
844	Iter0845	19	9	0	1	0	0	4.0	0.3448275862069004	-0.0014450326915000002	0
845	Iter0846	9	6	2	2	0	0	1.5	1.0	-4.04361e-06	0
846	Iter0847	8	8	5	3	0	0	0.6	0.6791851752142517	0.0	0
847	Iter0848	11	2	5	0	0	0	0.6666666666666666	1.0	-1.211754418e-07	0
848	Iter0849	17	6	2	0	0	0	0.8571428571428572	1.0	-5.5611351300036926e-05	0
849	Iter0850	13	4	2	2	0	0	3.25	0.5438596491228093	-1.0443688e-06	0
850	Iter0851	16	6	1	1	0	0	2.6666666666666665	0.507246376811596	-0.000771209	0
851	Iter0852	10	3	5	4	0	0	2.666666666666667	0.3761609907120728	-0.001399917	0
852	Iter0853	7	6	0	0	0	0	1.1428571428571428	1.0	-3.8661762000000006e-05	0
853	Iter0854	12	4	1	2	0	0	6.0	0.22187822497420054	-5.5577286e-05	0
854	Iter0855	17	7	4	2	0	0	1.2142857142857142	1.0	-1.791757e-05	0
855	Iter0856	15	5	4	0	0	0	0.5333333333333333	0.5440429136081316	-1.2412459999999999e-05	0
856	Iter0857	10	3	1	3	0	0	10.000000000000002	0.09873949579831903	-2.236592e-05	0
857	Iter0858	11	6	2	1	0	0	0.9166666666666666	1.0	-0.0006001685	0
858	Iter0859	7	6	1	2	0	0	2.333333333333333	1.0	-3.02172e-05	0
859	Iter0860	9	4	0	2	0	0	6.0	0.14285714285714254	-5.6182e-05	0
860	Iter0861	9	5	4	0	0	0	0.33333333333333337	0.2777777777777787	-4.931560000000001e-05	0
861	Iter0862	13	4	1	2	0	0	6.5	0.2017543859649126	-1.1373821e-07	0
862	Iter0863	6	9	2	1	0	0	0.3333333333333333	0.5588235294117672	-0.000244351	0
863	Iter0864	8	10	2	3	0	0	1.2000000000000002	1.0	0.0	0
864	Iter0865	9	3	0	2	0	0	7.5	0.10989010989010926	-0.00043860286	0
865	Iter0866	9	7	4	1	0	0	0.32142857142857145	0.6064671482628156	-0.000314194125	0
866	Iter0867	5	2	2	0	0	0	0.6666666666666666	1.0	-0.000302604	0
867	Iter0868	8	5	2	1	0	0	0.8	1.0	-5.97265e-07	0
868	Iter0869	5	6	3	2	0	0	0.5555555555555556	1.0	-0.0004533680000000001	0
869	Iter0870	7	5	2	0	0	0	0.4444444444444444	0.5054945054945031	-3.06849e-06	0
870	Iter0871	8	5	3	2	0	0	1.0666666666666669	1.0	-7.202140000000001e-05	0
871	Iter0872	13	5	4	4	0	0	2.6	0.3821011025587706	-6.859221570000001e-05	0
872	Iter0873	15	8	2	2	0	0	1.875	0.6125356125356185	-0.000216887	0
873	Iter0874	9	4	2	0	0	0	0.6666666666666666	1.0	-6.363906e-05	0
874	Iter0875	12	7	1	2	0	0	3.4285714285714284	0.5441558441558434	-0.0001334056	0
875	Iter0876	7	12	0	2	0	0	1.8461538461538465	0.5333333333333343	-8.3138534e-05	0
876	Iter0877	10	10	3	0	0	0	0.25	0.2292490118577063	-0.000349451	0
877	Iter0878	13	6	3	1	0	0	0.7222222222222222	1.0	-2.08463e-05	0
878	Iter0879	13	7	0	0	0	0	1.75	1.0	-0.000538267479	0
879	Iter0880	9	4	5	0	0	0	0.3333333333333333	0.2777777777777785	-3.67722e-11	0
880	Iter0881	17	6	2	1	0	0	1.4166666666666667	1.0	-0.0005464282106	0
881	Iter0882	9	6	4	2	0	0	0.75	1.0	-0.00018699	0
882	Iter0883	12	4	3	1	0	0	1.0	1.0	-4.4684e-08	0
883	Iter0884	9	5	3	1	0	0	0.6	1.0	-0.00027166770310000006	0
884	Iter0885	8	5	4	1	0	0	0.4	0.6148459383753492	0.0	0
885	Iter0886	10	8	1	1	0	0	1.25	1.0	-1.9450610000000002e-06	0
886	Iter0887	14	6	4	2	0	0	1.1666666666666667	1.0	-0.00047716093474	0
887	Iter0888	8	7	2	0	0	0	0.375	0.4852941176470584	-0.000153085	0
888	Iter0889	13	5	2	1	0	0	1.3	1.0	-0.00020626668	0
889	Iter0890	10	11	2	1	0	0	0.4545454545454545	1.0	0.0	0
890	Iter0891	7	7	3	0	0	0	0.25	0.2279411764705884	-0.00035388880000000007	0
891	Iter0892	10	4	2	4	0	0	5.0	0.16109391124871014	-0.000119781	0
892	Iter0893	8	8	4	1	0	0	0.25	0.33834586466165395	0.0	0
893	Iter0894	7	5	3	1	0	0	0.4666666666666666	1.0	-9.716689e-05	0
894	Iter0895	11	6	2	2	0	0	1.8333333333333333	0.6177109440267335	-5.239588e-05	0
895	Iter0896	9	9	2	1	0	0	0.5	1.0	-1.58937e-05	0
896	Iter0897	8	5	2	3	0	0	2.4000000000000004	0.6078431372549022	-0.0006223514850000001	0
897	Iter0898	9	1	0	1	0	0	10.0	0.18181818181818185	-0.00013384315360150998	0
898	Iter0899	6	10	0	1	0	0	1.2727272727272727	1.0	-1.72587e-09	0
899	Iter0900	13	4	4	2	0	0	1.625	0.6322030372373628	-4.494951600000001e-05	0
900	Iter0901	14	8	2	1	0	0	0.875	1.0	-0.000423821	0
901	Iter0902	12	4	1	0	0	0	1.3	1.0	0.0	0
902	Iter0903	13	3	2	2	0	0	4.333333333333333	0.2487100103199188	0.0	0
903	Iter0904	14	10	3	1	0	0	0.4666666666666666	1.0	-0.0010186222598000001	0
904	Iter0905	16	6	1	1	0	0	2.6666666666666665	0.507246376811596	-0.000119260701	0
905	Iter0906	11	4	2	1	0	0	1.375	1.0	-3.39849833e-05	0
906	Iter0907	9	6	1	1	0	0	1.5	1.0	-0.00011686938399999999	0
907	Iter0908	9	5	3	4	0	0	2.4	0.3972136222910229	0.0	0
908	Iter0909	12	7	1	3	0	0	5.142857142857143	0.2806324110671923	-5.220643721000001e-06	0
909	Iter0910	10	5	1	1	0	0	2.0	1.0	-3.05625029e-06	0
910	Iter0911	15	7	4	0	0	0	0.4	0.5462876254180611	-0.0006393293	0
911	Iter0912	10	8	2	3	0	0	1.875	0.6404053612291556	-0.0005664723	0
912	Iter0913	9	4	1	0	0	0	1.0	1.0	-0.0012761532767	0
913	Iter0914	20	3	2	0	0	0	1.75	1.0	-3.2733996e-05	0
914	Iter0915	13	3	0	1	0	0	7.0	0.23529411764705904	-0.000263661832	0
915	Iter0916	11	4	1	3	0	0	8.25	0.11738906088751296	-0.00040229907559	0
916	Iter0917	10	10	2	2	0	0	1.0	1.0	-0.00012272426321	0
917	Iter0918	17	8	1	0	0	0	1.0	1.0	-1.581156524e-05	0
918	Iter0919	10	4	6	2	0	0	0.8333333333333334	1.0	-0.0003674	0
919	Iter0920	11	4	0	1	0	0	4.8	0.3124999999999997	-0.00076376557879	0
920	Iter0921	10	7	1	2	0	0	2.8571428571428568	0.5657894736842122	-0.0002623010000000919	0
921	Iter0922	14	4	2	2	0	0	3.5	0.2918660287081307	-0.000295289988	0
922	Iter0923	12	3	0	1	0	0	6.5	0.24999999999999994	-1.750545383e-05	0
923	Iter0924	7	9	0	1	0	0	1.6	1.0	-0.000104083	0
924	Iter0925	6	10	1	0	0	0	0.3181818181818182	0.4117647058823533	-0.000401915	0
925	Iter0926	8	6	2	0	0	0	0.4285714285714286	0.4999999999999972	0.0	0
926	Iter0927	11	6	2	0	0	0	0.5714285714285714	1.0	-1.85418e-11	0
927	Iter0928	11	10	2	1	0	0	0.55	1.0	-0.00111757537779	0
928	Iter0929	13	5	3	2	0	0	1.7333333333333334	0.6213854795090492	-0.000535672	0
929	Iter0930	13	8	2	1	0	0	0.8125	1.0	-2.169624045e-05	0
930	Iter0931	12	10	4	1	0	0	0.3	0.6184813576118016	-1.23962068e-07	0
931	Iter0932	13	5	1	1	0	0	2.6	0.5210526315789469	-2.42373e-06	0
932	Iter0933	10	4	6	0	0	0	0.31428571428571433	0.26749226006192195	-0.00042454870000000004	0
933	Iter0934	11	3	1	3	0	0	11.0	0.08333333333333336	-0.0009151628389999999	0
934	Iter0935	10	4	2	0	0	0	0.7333333333333334	1.0	0.0	0
935	Iter0936	7	8	7	0	0	0	0.1111111111111111	0.022469274791256155	-0.000712706715	0
936	Iter0937	21	4	2	2	0	0	5.25	0.1797819039198358	-0.00033288130491	0
937	Iter0938	19	3	0	3	0	0	20.0	0.008695652173913082	-5.88458e-05	0
938	Iter0939	15	7	3	8	0	0	5.7142857142857135	0.06130845867388876	-0.000197816969	0
939	Iter0940	10	4	2	0	0	0	0.7333333333333334	1.0	-1.017141477e-05	0
940	Iter0941	14	7	3	1	0	0	0.6666666666666666	1.0	-0.00027207228700115585	0
941	Iter0942	14	7	3	1	0	0	0.6666666666666666	1.0	-1.82385096137e-05	0
942	Iter0943	17	6	3	0	0	0	0.6428571428571429	1.0	-0.001234913083156	0
943	Iter0944	3	2	1	0	0	0	0.6666666666666666	1.0	-1.06052e-09	0
944	Iter0945	12	10	0	2	0	0	3.5454545454545463	0.4782608695652191	-8.42081e-06	0
945	Iter0946	10	12	1	2	0	0	1.6666666666666667	1.0	-6.939622300000001e-06	0
946	Iter0947	8	6	1	0	0	0	0.6428571428571429	1.0	-1.302027e-05	0
947	Iter0948	9	11	1	2	0	0	1.6363636363636365	1.0	-4.6454511e-07	0
948	Iter0949	16	3	1	1	0	0	5.333333333333333	0.3523809523809532	-0.00049623565	0
949	Iter0950	8	7	2	0	0	0	0.375	0.4852941176470584	-5.244105686e-05	0
950	Iter0951	6	4	1	0	0	0	0.7	1.0	-8.35487e-05	0
951	Iter0952	11	3	0	1	0	0	6.0	0.2666666666666666	-0.001830612	0
952	Iter0953	9	7	1	1	0	0	1.2857142857142858	1.0	-9.27792e-08	0
953	Iter0954	14	9	0	1	0	0	3.0	0.4166666666666688	-9.345990000000001e-06	0
954	Iter0955	17	8	2	1	0	0	1.0625	1.0	-4.828748e-05	0
955	Iter0956	10	4	3	0	0	0	0.55	0.5411764705882353	-1.4282024019999997e-05	0
956	Iter0957	12	6	1	0	0	0	0.9285714285714286	1.0	-4.0495638930799996e-05	0
957	Iter0958	11	8	1	0	0	0	0.6666666666666666	1.0	-0.00027555749999999996	0
958	Iter0959	15	7	0	0	0	0	2.0	1.0	-0.00034681525939531197	0
959	Iter0960	21	9	4	2	0	0	1.1666666666666667	1.0	-0.0003143590000000002	0
960	Iter0961	8	3	3	2	0	0	1.7777777777777777	1.0	-4.618537499999999e-07	0
961	Iter0962	10	2	4	0	0	0	0.7333333333333333	1.0	-0.0006209425	0
962	Iter0963	12	4	3	6	0	0	6.0	0.08722084215421211	0.0	0
963	Iter0964	15	4	2	1	0	0	1.875	1.0	-1.333910693e-07	0
964	Iter0965	11	6	1	0	0	0	0.8571428571428571	1.0	-2.68468e-08	0
965	Iter0966	11	6	2	2	0	0	1.8333333333333333	0.6177109440267335	-3.932912e-08	0
966	Iter0967	12	4	1	2	0	0	6.0	0.22187822497420054	-0.00018216040000000003	0
967	Iter0968	13	8	0	3	0	0	6.222222222222222	0.08152173913043523	-3.287e-07	0
968	Iter0969	12	5	3	0	0	0	0.5416666666666666	0.5394736842105303	-0.0005034561780633	0
969	Iter0970	12	9	0	1	0	0	2.6	0.4545454545454533	-4.82518e-08	0
970	Iter0971	7	10	1	1	0	0	0.7	1.0	-0.000173333901	0
971	Iter0972	6	13	0	2	0	0	1.5	1.0	-0.000195020687824	0
972	Iter0973	5	5	3	2	0	0	0.6666666666666666	1.0	-0.0001950576646	0
973	Iter0974	7	3	2	0	0	0	0.6666666666666666	1.0	-7.867422e-07	0
974	Iter0975	9	6	4	1	0	0	0.375	0.6126160990712072	-3.796941e-06	0
975	Iter0976	8	9	2	0	0	0	0.3	0.4736842105263174	0.0	0
976	Iter0977	14	6	1	2	0	0	4.666666666666667	0.2687747035573117	-0.00036097236929999996	0
977	Iter0978	15	9	3	0	0	0	0.4	0.5292307692307703	-9.40259000437727e-05	0
978	Iter0979	11	5	6	3	0	0	1.1	1.0	-0.000846548929558	0
979	Iter0980	17	5	0	0	0	0	3.0	1.0	-0.0010962327999999998	0
980	Iter0981	12	8	3	1	0	0	0.5	1.0	-0.0002649871159	0
981	Iter0982	12	3	3	0	0	0	0.8125	1.0	-0.00010334903	0
982	Iter0983	16	6	0	0	0	0	2.4285714285714284	1.0	-0.0004277079848	0
983	Iter0984	9	6	2	3	0	0	2.25	0.6168730650154817	-1.627350681469e-05	0
984	Iter0985	9	4	2	2	0	0	2.25	0.5840336134453747	0.0	0
985	Iter0986	7	4	3	5	0	0	2.916666666666667	0.3698499642772106	-0.000180013	0
986	Iter0987	9	1	1	2	0	0	18.0	0.10839160839160847	-0.00018977763	0
987	Iter0988	15	7	4	1	0	0	0.5357142857142857	1.0	-0.0002629024026	0
988	Iter0989	12	4	1	1	0	0	3.0	0.4901960784313731	-0.00012381931	0
989	Iter0990	10	3	2	2	0	0	3.333333333333333	0.5378151260504158	-0.0005814545800151427	0
990	Iter0991	18	4	3	2	0	0	3.0	0.3031215161649959	-0.0006502064018670001	0
991	Iter0992	11	5	1	1	0	0	2.2	1.0	-4.5639255e-05	0
992	Iter0993	16	4	0	1	0	0	6.8	0.23809523809523636	-0.0013032550000000001	0
993	Iter0994	14	7	1	2	0	0	4.0	0.5331027667984213	-7.0001330659999996e-06	0
994	Iter0995	11	5	0	2	0	0	6.0	0.13725490196078502	-0.000438380494	0
995	Iter0996	10	5	1	1	0	0	2.0	1.0	-7.91788e-09	0
996	Iter0997	10	7	2	3	0	0	2.1428571428571432	0.6240601503759357	-0.00034836776	0
997	Iter0998	10	4	4	1	0	0	0.625	1.0	0.0	0
998	Iter0999	15	8	0	1	0	0	3.555555555555556	0.37500000000000105	-0.0004470993391	0
999	Iter1000	16	3	3	1	0	0	1.7777777777777777	1.0	-0.0011777815882	0
