	IterId	dN	dS	pN	pS	bdN	bpN	MkScore	FSPVal	SelCoef	PosSel
0	Iter0001	2	0	5	3	0	0	2.0	1.0	-0.000235477	0
1	Iter0002	2	2	12	1	0	0	0.08333333333333333	0.12058823529411752	-1.37863e-07	0
2	Iter0003	2	0	4	3	0	0	2.4	0.5000000000000007	-0.00012788148020999998	0
3	Iter0004	0	0	6	1	0	0	0.2857142857142857	1.0	-0.0018534432	0
4	Iter0005	3	2	1	1	0	0	1.5	1.0	-0.0005105420001393549	0
5	Iter0006	3	0	3	4	0	0	5.0	0.20000000000000007	-0.001477791	0
6	Iter0007	2	3	5	2	0	0	0.26666666666666666	0.5580808080808088	-0.00024346533510000002	0
7	Iter0008	2	2	7	3	0	0	0.42857142857142855	0.5804195804195794	-2.5995305820310005e-07	0
8	Iter0009	0	0	5	0	0	0	0.16666666666666666	1.0	-0.000256021	0
9	Iter0010	1	0	2	3	0	0	2.6666666666666665	1.0	-0.000155234	0
10	Iter0011	0	0	7	4	0	0	0.625	1.0	-6.065870020427901e-05	0
11	Iter0012	3	1	3	8	0	0	8.0	0.2351648351648349	-0.000206658	0
12	Iter0013	0	0	5	0	0	0	0.16666666666666666	1.0	-2.14019e-07	0
13	Iter0014	1	0	2	2	0	0	2.0	1.0	-1.85976e-09	0
14	Iter0015	0	2	7	2	0	0	0.125	0.10909090909090892	0.0	0
15	Iter0016	1	1	7	3	0	0	0.42857142857142855	1.0	-7.609766e-06	0
16	Iter0017	1	2	1	2	0	0	1.0	1.0	-0.00105629623	0
17	Iter0018	2	1	3	0	0	0	0.375	1.0	-0.001046920281883	0
18	Iter0019	0	1	5	5	0	0	0.5	1.0	-7.20062e-09	0
19	Iter0020	2	1	7	0	0	0	0.1875	0.2999999999999995	-4.92785726e-08	0
20	Iter0021	2	3	4	2	0	0	0.3333333333333333	0.5670995670995663	-0.0002045406098	0
21	Iter0022	0	3	7	2	0	0	0.09375	0.045454545454545435	-2.2579e-05	0
22	Iter0023	3	0	2	3	0	0	5.333333333333333	0.19642857142857106	-0.0012101587505010001	0
23	Iter0024	0	1	9	1	0	0	0.1	0.18181818181818185	0.0	0
24	Iter0025	3	4	3	3	0	0	0.75	1.0	-0.0003558615	0
25	Iter0026	0	0	4	1	0	0	0.4	1.0	-0.00065776996813	0
26	Iter0027	0	0	2	2	0	0	1.0	1.0	-1.260365e-05	0
27	Iter0028	0	3	5	0	0	0	0.04166666666666666	0.01785714285714284	-4.0239190016e-07	0
28	Iter0029	1	1	5	5	0	0	1.0	1.0	-0.0007005920000000001	0
29	Iter0030	0	4	5	3	0	0	0.13333333333333333	0.080808080808081	-0.0003215852879999999	0
30	Iter0031	1	3	4	1	0	0	0.08333333333333333	0.20634920634920625	-0.0002438614	0
31	Iter0032	0	0	7	3	0	0	0.5	1.0	-0.00024143325403	0
32	Iter0033	0	2	3	3	0	0	0.3333333333333333	0.4642857142857145	-0.000321194	0
33	Iter0034	1	1	7	3	0	0	0.42857142857142855	1.0	-0.00024782819999	0
34	Iter0035	1	0	8	2	0	0	0.6666666666666666	1.0	0.0	0
35	Iter0036	1	1	10	1	0	0	0.1	0.2948717948717952	-1.35317e-06	0
36	Iter0037	3	1	6	4	0	0	2.0	1.0	-1.21025e-05	0
37	Iter0038	0	0	3	6	0	0	1.75	1.0	0.0	0
38	Iter0039	1	2	6	2	0	0	0.16666666666666666	0.4909090909090907	0.0	0
39	Iter0040	3	1	8	5	0	0	1.875	1.0	-0.0001989087	0
40	Iter0041	1	0	8	3	0	0	0.8888888888888888	1.0	-8.918380252203e-05	0
41	Iter0042	0	3	4	4	0	0	0.25	0.23636363636363655	-0.0008222	0
42	Iter0043	0	0	8	3	0	0	0.4444444444444444	1.0	-0.0003983078688	0
43	Iter0044	3	1	7	2	0	0	0.8571428571428571	1.0	-0.000298503200503086	0
44	Iter0045	1	1	12	4	0	0	0.3333333333333333	0.4901960784313731	0.0	0
45	Iter0046	0	0	6	1	0	0	0.2857142857142857	1.0	-5.430426100000001e-08	0
46	Iter0047	2	2	3	1	0	0	0.3333333333333333	1.0	-3.88415e-05	0
47	Iter0048	0	1	5	1	0	0	0.16666666666666666	0.2857142857142857	-0.0002033913012	0
48	Iter0049	2	1	6	2	0	0	0.6666666666666666	1.0	-1.8977015122e-07	0
49	Iter0050	5	0	8	0	0	0	0.6666666666666666	1.0	-0.0006386901	0
50	Iter0051	2	0	6	3	0	0	1.7142857142857142	1.0	-1.4486700000000004e-06	0
51	Iter0052	1	1	2	1	0	0	0.5	1.0	-7.23711e-07	0
52	Iter0053	0	0	6	4	0	0	0.7142857142857143	1.0	-0.000668938	0
53	Iter0054	0	0	4	6	0	0	1.4	1.0	-0.000127562	0
54	Iter0055	2	3	4	2	0	0	0.3333333333333333	0.5670995670995663	-1.3128799999999998e-06	0
55	Iter0056	2	2	4	1	0	0	0.25	0.5238095238095241	-2.2188032740000003e-05	0
56	Iter0057	0	0	4	4	0	0	1.0	1.0	-0.00020815400000000005	0
57	Iter0058	1	3	4	4	0	0	0.3333333333333333	0.5757575757575774	0.0	0
58	Iter0059	1	3	6	4	0	0	0.2222222222222222	0.5594405594405611	-0.000395599	0
59	Iter0060	3	2	4	2	0	0	0.75	1.0	-0.0017540517	0
60	Iter0061	3	1	4	3	0	0	2.25	1.0	-0.00023539279132254702	0
61	Iter0062	3	2	4	1	0	0	0.375	1.0	-5.876729999999998e-06	0
62	Iter0063	4	1	6	6	0	0	4.0	0.3382352941176459	-0.00013987982	0
63	Iter0064	1	4	3	0	0	0	0.1	0.14285714285714265	-1.05047e-05	0
64	Iter0065	0	0	2	1	0	0	0.6666666666666666	1.0	-3.076008e-05	0
65	Iter0066	1	3	1	4	0	0	1.3333333333333333	1.0	-0.000174521822	0
66	Iter0067	2	2	9	4	0	0	0.4444444444444444	0.5840336134453747	-6.1579143e-05	0
67	Iter0068	2	1	6	3	0	0	1.0	1.0	-5.61767987e-08	0
68	Iter0069	0	0	7	5	0	0	0.75	1.0	-1.1694641899999999e-06	0
69	Iter0070	0	0	5	3	0	0	0.6666666666666666	1.0	0.0	0
70	Iter0071	0	1	9	2	0	0	0.15	0.25000000000000083	-8.574180709714002e-05	0
71	Iter0072	2	2	9	3	0	0	0.3333333333333333	0.5467032967032941	-0.00010237890000000001	0
72	Iter0073	1	0	7	1	0	0	0.5	1.0	-0.00014088586	0
73	Iter0074	0	4	7	5	0	0	0.15000000000000002	0.08846153846153812	-0.00017923287546499998	0
74	Iter0075	1	0	5	4	0	0	1.6666666666666667	1.0	-9.44492e-09	0
75	Iter0076	2	1	7	3	0	0	0.8571428571428571	1.0	-1.227147e-05	0
76	Iter0077	2	3	8	3	0	0	0.25	0.2994505494505492	-2.39703e-06	0
77	Iter0078	2	0	4	1	0	0	1.2	1.0	-0.001023514	0
78	Iter0079	0	0	8	3	0	0	0.4444444444444444	1.0	-0.00016572868799999998	0
79	Iter0080	1	4	2	4	0	0	0.5	1.0	-7.05836e-07	0
80	Iter0081	3	3	8	3	0	0	0.375	0.6000323206205559	-4.0318189321999995e-05	0
81	Iter0082	0	0	7	4	0	0	0.625	1.0	-0.000348221621155	0
82	Iter0083	1	3	6	4	0	0	0.2222222222222222	0.5594405594405611	-0.00015120120999999998	0
83	Iter0084	0	1	4	1	0	0	0.2	0.3333333333333331	-0.0003564876	0
84	Iter0085	0	0	5	1	0	0	0.3333333333333333	1.0	-0.0006990523148690002	0
85	Iter0086	0	2	7	3	0	0	0.16666666666666666	0.15151515151515202	-3.1470400000000004e-07	0
86	Iter0087	3	4	9	4	0	0	0.3333333333333333	0.3563467492260052	-6.47451e-05	0
87	Iter0088	0	2	5	5	0	0	0.3333333333333333	0.4696969696969709	-1.3641049999999999e-05	0
88	Iter0089	0	2	7	4	0	0	0.2083333333333333	0.1923076923076929	-1.3370179999999996e-05	0
89	Iter0090	4	1	4	3	0	0	3.0	0.5757575757575769	-2.251729e-05	0
90	Iter0091	1	1	7	2	0	0	0.2857142857142857	0.4909090909090902	-8.700399999999999e-06	0
91	Iter0092	1	3	6	1	0	0	0.05555555555555555	0.08787878787878785	0.0	0
92	Iter0093	5	1	2	1	0	0	2.5	1.0	-0.000247591376	0
93	Iter0094	0	4	2	2	0	0	0.2	0.4285714285714282	0.0	0
94	Iter0095	0	0	5	0	0	0	0.16666666666666666	1.0	0.0	0
95	Iter0096	2	0	7	9	0	0	3.75	0.4705882352941198	0.0	0
96	Iter0097	1	0	4	4	0	0	2.0	1.0	-4.929619999999999e-10	0
97	Iter0098	0	0	7	1	0	0	0.25	1.0	-0.00055393244433459	0
98	Iter0099	1	1	3	1	0	0	0.3333333333333333	1.0	-0.00031682226	0
99	Iter0100	1	0	7	2	0	0	0.75	1.0	-1.7407889999999996e-05	0
100	Iter0101	3	3	1	2	0	0	2.0	1.0	-0.0008060338	0
101	Iter0102	4	3	3	2	0	0	0.8888888888888888	1.0	-0.0026002450999999993	0
102	Iter0103	1	2	4	1	0	0	0.125	0.4642857142857137	-1.23842e-07	0
103	Iter0104	1	0	7	5	0	0	1.5	1.0	-1.139652e-05	0
104	Iter0105	6	1	4	5	0	0	7.5	0.14510489510489505	-1.55068577e-05	0
105	Iter0106	0	0	2	3	0	0	1.3333333333333333	1.0	0.0	0
106	Iter0107	3	0	5	3	0	0	2.6666666666666665	0.4909090909090907	-0.0017979127825	0
107	Iter0108	2	2	13	3	0	0	0.2307692307692308	0.2487100103199188	0.0	0
108	Iter0109	1	2	2	1	0	0	0.25	1.0	-1.66281e-05	0
109	Iter0110	0	0	4	0	0	0	0.2	1.0	-0.0014841314000000002	0
110	Iter0111	4	2	4	0	0	0	0.33333333333333337	0.4666666666666668	-0.00033781926534	0
111	Iter0112	0	0	10	5	0	0	0.5454545454545455	1.0	-0.000673730494	0
112	Iter0113	2	3	6	2	0	0	0.2222222222222222	0.2929292929292933	-7.0354199999999984e-06	0
113	Iter0114	2	2	6	0	0	0	0.14285714285714285	0.13333333333333328	-0.0005708616	0
114	Iter0115	0	0	5	2	0	0	0.5	1.0	-9.900935499999999e-05	0
115	Iter0116	1	0	3	1	0	0	1.0	1.0	-0.0024495263	0
116	Iter0117	2	1	3	0	0	0	0.375	1.0	-2.71313e-07	0
117	Iter0118	2	1	8	5	0	0	1.25	1.0	-2.38754e-05	0
118	Iter0119	0	1	5	2	0	0	0.25	0.375	-1.6424244999999999e-06	0
119	Iter0120	0	1	6	3	0	0	0.2857142857142857	0.3999999999999996	-0.0001356210516	0
120	Iter0121	0	0	5	1	0	0	0.3333333333333333	1.0	-0.0007348831920000001	0
121	Iter0122	0	2	3	4	0	0	0.4166666666666666	0.5000000000000009	-4.643116e-05	0
122	Iter0123	2	0	7	0	0	0	0.375	1.0	-6.0521481e-08	0
123	Iter0124	2	0	4	5	0	0	3.6	0.4545454545454538	-0.00035225770000000005	0
124	Iter0125	2	1	7	0	0	0	0.1875	0.2999999999999995	-8.228212627999999e-05	0
125	Iter0126	0	0	7	3	0	0	0.5	1.0	0.0	0
126	Iter0127	3	1	2	2	0	0	3.0	1.0	-0.001151232000004001	0
127	Iter0128	1	2	5	5	0	0	0.5	1.0	-0.00029385654091	0
128	Iter0129	1	2	6	3	0	0	0.25	0.5227272727272733	-0.0002017321099	0
129	Iter0130	0	0	4	5	0	0	1.2	1.0	0.0	0
130	Iter0131	1	0	6	1	0	0	0.5714285714285714	1.0	-0.0003779541	0
131	Iter0132	1	1	3	3	0	0	1.0	1.0	-8.89350603e-05	0
132	Iter0133	0	4	5	2	0	0	0.1	0.06060606060606055	-1.326338e-06	0
133	Iter0134	0	0	5	2	0	0	0.5	1.0	-1.2980549999999997e-06	0
134	Iter0135	0	0	10	0	0	0	0.09090909090909093	1.0	-0.00022319134	0
135	Iter0136	1	2	5	1	0	0	0.1	0.22619047619047605	-5.0643013182114e-05	0
136	Iter0137	1	2	7	3	0	0	0.21428571428571427	0.5104895104895115	-5.03346e-05	0
137	Iter0138	1	5	6	4	0	0	0.13333333333333333	0.14510489510489474	-4.600307e-05	0
138	Iter0139	1	1	5	3	0	0	0.6	1.0	-0.00010167372894	0
139	Iter0140	0	2	5	6	0	0	0.3888888888888889	0.4871794871794881	-0.000302029	0
140	Iter0141	0	1	3	2	0	0	0.375	1.0	-0.0002968952	0
141	Iter0142	1	0	3	0	0	0	0.5	1.0	0.0	0
142	Iter0143	0	2	5	3	0	0	0.2222222222222222	0.4444444444444446	-0.0005181523809999999	0
143	Iter0144	1	1	5	8	0	0	1.6	1.0	-0.000825882	0
144	Iter0145	0	0	2	3	0	0	1.3333333333333333	1.0	0.0	0
145	Iter0146	0	1	4	3	0	0	0.4	1.0	-0.00027252220000000005	0
146	Iter0147	0	0	2	4	0	0	1.6666666666666667	1.0	0.0	0
147	Iter0148	4	0	9	4	0	0	2.5	0.5193277310924337	-0.0005848701299999999	0
148	Iter0149	1	1	0	3	0	0	4.0	0.4000000000000002	-0.000373308	0
149	Iter0150	3	2	6	3	0	0	0.75	1.0	-4.4918524744e-05	0
150	Iter0151	0	0	3	3	0	0	1.0	1.0	-0.00023732781	0
151	Iter0152	0	2	4	3	0	0	0.26666666666666666	0.4444444444444452	-0.0004014124	0
152	Iter0153	0	2	3	0	0	0	0.08333333333333333	0.10000000000000002	-0.00069758574	0
153	Iter0154	0	0	12	1	0	0	0.15384615384615385	1.0	-2.30819e-05	0
154	Iter0155	0	0	3	1	0	0	0.5	1.0	-0.0004190817	0
155	Iter0156	2	2	3	2	0	0	0.6666666666666666	1.0	-0.0001209683761	0
156	Iter0157	0	2	3	2	0	0	0.25	0.42857142857142816	-1.82112326094e-05	0
157	Iter0158	0	0	6	1	0	0	0.2857142857142857	1.0	-8.68381e-08	0
158	Iter0159	2	0	4	4	0	0	3.0	0.4666666666666668	-1.2316419e-05	0
159	Iter0160	0	2	4	2	0	0	0.2	0.4285714285714285	-0.000493744220928	0
160	Iter0161	0	0	2	1	0	0	0.6666666666666666	1.0	-3.9514085e-05	0
161	Iter0162	1	3	8	1	0	0	0.04166666666666666	0.05174825174825176	-6.608412299999999e-07	0
162	Iter0163	4	1	3	2	0	0	2.6666666666666665	1.0	-0.00015141864	0
163	Iter0164	0	0	7	2	0	0	0.375	1.0	-0.000155566	0
164	Iter0165	0	0	1	3	0	0	2.0	1.0	-1.2553e-06	0
165	Iter0166	1	1	5	4	0	0	0.8	1.0	-0.000196527	0
166	Iter0167	0	2	7	2	0	0	0.125	0.10909090909090892	-0.0007530530000000001	0
167	Iter0168	0	0	7	1	0	0	0.25	1.0	-0.00028024682000000003	0
168	Iter0169	1	0	3	6	0	0	3.5	0.3999999999999998	-3.96880343e-07	0
169	Iter0170	2	0	5	3	0	0	2.0	1.0	-0.0005594239441	0
170	Iter0171	0	0	4	3	0	0	0.8	1.0	-3.44548e-06	0
171	Iter0172	3	0	4	4	0	0	4.0	0.2363636363636365	-0.0002165027	0
172	Iter0173	0	0	4	4	0	0	1.0	1.0	0.0	0
173	Iter0174	0	0	7	2	0	0	0.375	1.0	0.0	0
174	Iter0175	0	0	1	2	0	0	1.5	1.0	-1.47193e-08	0
175	Iter0176	1	2	4	4	0	0	0.5	1.0	-0.0001600067561	0
176	Iter0177	0	2	2	2	0	0	0.3333333333333333	0.4666666666666664	-0.0006918232	0
177	Iter0178	3	1	6	3	0	0	1.5	1.0	-0.00022113512909891598	0
178	Iter0179	0	1	6	1	0	0	0.14285714285714285	0.24999999999999994	-0.000291996240584008	0
179	Iter0180	1	2	7	4	0	0	0.2857142857142857	0.5384615384615384	0.0	0
180	Iter0181	0	4	1	2	0	0	0.30000000000000004	0.42857142857142827	0.0	0
181	Iter0182	1	3	4	6	0	0	0.5	1.0	-0.00097611047	0
182	Iter0183	2	3	4	4	0	0	0.6666666666666666	1.0	-8.399380000000001e-08	0
183	Iter0184	1	2	7	1	0	0	0.07142857142857142	0.15151515151515138	-1.2960999999999997e-05	0
184	Iter0185	2	2	5	7	0	0	1.4	1.0	-2.124717675e-05	0
185	Iter0186	0	0	6	2	0	0	0.42857142857142855	1.0	-4.48779e-07	0
186	Iter0187	0	1	5	2	0	0	0.25	0.375	-0.00017779910013733101	0
187	Iter0188	3	1	7	3	0	0	1.2857142857142856	1.0	-3.30133165e-05	0
188	Iter0189	0	1	4	2	0	0	0.3	0.4285714285714285	-4.110556e-06	0
189	Iter0190	3	3	0	3	0	0	4.0	0.4642857142857151	-0.00151442363	0
190	Iter0191	1	2	4	4	0	0	0.5	1.0	-4.6150337888e-05	0
191	Iter0192	0	2	5	2	0	0	0.16666666666666666	0.1666666666666669	-3.9252973e-05	0
192	Iter0193	0	0	2	0	0	0	0.3333333333333333	1.0	-0.0013506481516	0
193	Iter0194	0	1	8	4	0	0	0.2777777777777778	0.3846153846153838	-5.785318715e-05	0
194	Iter0195	2	2	3	3	0	0	1.0	1.0	-4.685770227074e-06	0
195	Iter0196	2	2	5	4	0	0	0.8	1.0	-0.00010840564000000001	0
196	Iter0197	2	1	5	2	0	0	0.8	1.0	-2.6366298104999996e-05	0
197	Iter0198	2	3	4	5	0	0	0.8333333333333333	1.0	-2.2145268e-05	0
198	Iter0199	1	1	6	5	0	0	0.8333333333333334	1.0	-2.80043537118e-05	0
199	Iter0200	1	2	5	3	0	0	0.3	0.5454545454545457	-0.000188694	0
200	Iter0201	0	1	9	2	0	0	0.15	0.25000000000000083	-6.8268714e-05	0
201	Iter0202	3	2	5	1	0	0	0.3	0.5454545454545455	-1.4739513555199997e-05	0
202	Iter0203	0	1	8	5	0	0	0.3333333333333333	0.42857142857142827	-0.0005831868134910001	0
203	Iter0204	0	2	4	2	0	0	0.2	0.4285714285714285	-3.9196600000000003e-05	0
204	Iter0205	3	1	8	1	0	0	0.375	1.0	-1.50097e-05	0
205	Iter0206	0	2	10	3	0	0	0.1212121212121212	0.09523809523809497	-4.272874e-05	0
206	Iter0207	0	1	8	2	0	0	0.16666666666666666	0.2727272727272725	-1.73367e-05	0
207	Iter0208	0	0	5	3	0	0	0.6666666666666666	1.0	-9.2878685e-05	0
208	Iter0209	0	1	5	1	0	0	0.16666666666666666	0.2857142857142857	-2.01352e-06	0
209	Iter0210	1	2	7	4	0	0	0.2857142857142857	0.5384615384615384	-0.0004883503999999999	0
210	Iter0211	0	2	8	5	0	0	0.2222222222222222	0.1999999999999998	-7.11914e-10	0
211	Iter0212	3	2	6	0	0	0	0.19047619047619047	0.1818181818181815	-1.16693761e-06	0
212	Iter0213	1	1	2	2	0	0	1.0	1.0	-0.0005191531	0
213	Iter0214	1	1	3	2	0	0	0.6666666666666666	1.0	-0.00059991800056	0
214	Iter0215	2	1	5	1	0	0	0.4	1.0	0.0	0
215	Iter0216	3	0	5	2	0	0	2.0	1.0	-6.404393e-08	0
216	Iter0217	1	1	1	2	0	0	2.0	1.0	-2.007679e-05	0
217	Iter0218	2	2	0	1	0	0	2.0	1.0	-2.9962682e-05	0
218	Iter0219	2	1	2	5	0	0	5.0	0.4999999999999998	-1.02965e-09	0
219	Iter0220	2	2	4	2	0	0	0.5	1.0	-0.0003667914128	0
220	Iter0221	1	0	4	1	0	0	0.8	1.0	-7.71746e-05	0
221	Iter0222	2	2	5	1	0	0	0.2	0.5000000000000001	-0.0010269802369699999	0
222	Iter0223	0	1	7	3	0	0	0.25	0.3636363636363637	0.0	0
223	Iter0224	1	2	4	3	0	0	0.375	1.0	-8.9540700768761e-05	0
224	Iter0225	0	2	4	2	0	0	0.2	0.4285714285714285	-0.00029193903	0
225	Iter0226	0	0	5	1	0	0	0.3333333333333333	1.0	-8.9209418e-06	0
226	Iter0227	0	3	2	1	0	0	0.16666666666666666	0.3999999999999997	-0.0009316779999999999	0
227	Iter0228	6	2	3	1	0	0	1.0	1.0	-0.0009256998190000001	0
228	Iter0229	0	1	8	3	0	0	0.2222222222222222	0.3333333333333341	-2.9953406e-05	0
229	Iter0230	2	1	4	3	0	0	1.5	1.0	-0.00030953550302300004	0
230	Iter0231	0	0	8	3	0	0	0.4444444444444444	1.0	-7.03826e-06	0
231	Iter0232	1	1	2	1	0	0	0.5	1.0	-0.00168889786	0
232	Iter0233	1	1	5	3	0	0	0.6	1.0	-1.68927e-09	0
233	Iter0234	4	3	4	6	0	0	2.0	0.6371863430686964	-0.001057647076	0
234	Iter0235	2	1	2	1	0	0	1.0	1.0	-2.040277e-06	0
235	Iter0236	2	2	4	3	0	0	0.75	1.0	-1.20329e-08	0
236	Iter0237	1	0	3	4	0	0	2.5	1.0	-0.000157597298582	0
237	Iter0238	2	2	4	4	0	0	1.0	1.0	-0.00020168210738	0
238	Iter0239	0	0	5	4	0	0	0.8333333333333334	1.0	-1.64653e-07	0
239	Iter0240	4	2	7	1	0	0	0.2857142857142857	0.5384615384615387	-0.000340743830199984	0
240	Iter0241	2	2	8	2	0	0	0.25	0.5204795204795203	-0.00043901898000000005	0
241	Iter0242	0	3	6	1	0	0	0.07142857142857142	0.03333333333333332	0.0	0
242	Iter0243	1	1	4	4	0	0	1.0	1.0	-6.10058e-08	0
243	Iter0244	0	1	3	5	0	0	0.75	1.0	-4.9191355e-05	0
244	Iter0245	1	3	8	0	0	0	0.05555555555555555	0.0181818181818182	-2.7099669e-05	0
245	Iter0246	0	1	7	5	0	0	0.375	0.4615384615384624	-0.00068438095	0
246	Iter0247	1	2	3	3	0	0	0.5	1.0	-2.86584527e-05	0
247	Iter0248	2	1	5	5	0	0	2.0	1.0	-0.0005053775	0
248	Iter0249	0	1	4	2	0	0	0.3	0.4285714285714285	-0.000531330891259	0
249	Iter0250	0	3	7	5	0	0	0.1875	0.19999999999999934	-0.00028239387784	0
250	Iter0251	6	2	10	1	0	0	0.3	0.5459236326109406	-3.1204254999e-05	0
251	Iter0252	4	3	6	2	0	0	0.4444444444444444	0.6083916083916068	-8.562298299999999e-05	0
252	Iter0253	0	0	3	1	0	0	0.5	1.0	-0.00037481271	0
253	Iter0254	0	0	2	5	0	0	2.0	1.0	-0.001279660372951	0
254	Iter0255	0	1	7	2	0	0	0.1875	0.2999999999999995	-0.000169576682	0
255	Iter0256	2	1	7	9	0	0	2.5714285714285707	0.582043343653252	-0.0004620501859	0
256	Iter0257	2	0	9	3	0	0	1.2	1.0	-0.0005340010000000001	0
257	Iter0258	0	1	5	1	0	0	0.16666666666666666	0.2857142857142857	-1.2767529e-06	0
258	Iter0259	3	4	3	0	0	0	0.2	0.20000000000000007	-2.487647e-06	0
259	Iter0260	0	0	3	2	0	0	0.75	1.0	0.0	0
260	Iter0261	4	1	2	1	0	0	2.0	1.0	-0.0009344280200000001	0
261	Iter0262	0	3	7	4	0	0	0.15625	0.1923076923076922	0.0	0
262	Iter0263	0	0	5	0	0	0	0.16666666666666666	1.0	-0.000112817111	0
263	Iter0264	1	2	8	2	0	0	0.125	0.2027972027972029	-0.0005612763	0
264	Iter0265	3	1	4	0	0	0	0.4	1.0	-0.00124239156617	0
265	Iter0266	3	2	3	3	0	0	1.5	1.0	-1.73354857e-05	0
266	Iter0267	0	1	4	6	0	0	0.7	1.0	0.0	0
267	Iter0268	0	0	10	4	0	0	0.4545454545454545	1.0	-0.001157255770555	0
268	Iter0269	0	2	12	3	0	0	0.10256410256410256	0.07352941176470587	-5.6655335e-06	0
269	Iter0270	2	1	5	4	0	0	1.6	1.0	-0.0007652421569999999	0
270	Iter0271	0	0	3	4	0	0	1.25	1.0	-0.0006948490815522101	0
271	Iter0272	1	0	5	4	0	0	1.6666666666666667	1.0	-0.0007275509099999999	0
272	Iter0273	1	1	7	3	0	0	0.42857142857142855	1.0	-0.00041679377999999997	0
273	Iter0274	3	0	6	2	0	0	1.7142857142857142	1.0	-0.000176247794943	0
274	Iter0275	0	1	3	5	0	0	0.75	1.0	-0.0010446553000000001	0
275	Iter0276	0	2	4	2	0	0	0.2	0.4285714285714285	-2.27806e-14	0
276	Iter0277	4	3	5	1	0	0	0.26666666666666666	0.5594405594405606	-0.00038246543	0
277	Iter0278	2	1	7	2	0	0	0.5714285714285714	1.0	-8.811865000444134e-05	0
278	Iter0279	5	1	5	1	0	0	1.0	1.0	-1.3401071800000001e-05	0
279	Iter0280	3	3	2	1	0	0	0.5	1.0	-1.73839e-05	0
280	Iter0281	2	2	5	2	0	0	0.4	0.5757575757575751	-0.00013811728	0
281	Iter0282	4	5	4	6	0	0	1.2000000000000002	1.0	-0.000584851550015102	0
282	Iter0283	2	2	6	3	0	0	0.5	1.0	-8.191090300000001e-06	0
283	Iter0284	4	2	7	2	0	0	0.5714285714285714	1.0	-0.0003279897	0
284	Iter0285	2	2	6	2	0	0	0.3333333333333333	0.5474747474747486	-0.0005388350049545699	0
285	Iter0286	1	2	6	3	0	0	0.25	0.5227272727272733	-3.4678276e-05	0
286	Iter0287	2	5	4	3	0	0	0.30000000000000004	0.5920745920745918	-1.391333047438e-05	0
287	Iter0288	5	2	6	7	0	0	2.916666666666667	0.3742260061919494	-1.036689e-10	0
288	Iter0289	0	0	8	1	0	0	0.2222222222222222	1.0	-2.90347e-09	0
289	Iter0290	2	2	3	3	0	0	1.0	1.0	0.0	0
290	Iter0291	0	0	9	3	0	0	0.4	1.0	-0.000556474	0
291	Iter0292	3	2	1	1	0	0	1.5	1.0	-1.4038399877456e-05	0
292	Iter0293	1	1	8	3	0	0	0.375	1.0	-0.00057147	0
293	Iter0294	1	0	8	3	0	0	0.8888888888888888	1.0	-2.8881302e-06	0
294	Iter0295	0	0	6	4	0	0	0.7142857142857143	1.0	-0.0001189715619	0
295	Iter0296	0	0	11	2	0	0	0.25	1.0	-0.000451112734	0
296	Iter0297	1	1	6	4	0	0	0.6666666666666666	1.0	-1.16553e-12	0
297	Iter0298	2	4	9	4	0	0	0.2222222222222222	0.3188854489164072	0.0	0
298	Iter0299	4	2	2	2	0	0	2.0	1.0	-0.00072688295287	0
299	Iter0300	0	1	6	2	0	0	0.21428571428571427	0.33333333333333354	-1.453799e-06	0
300	Iter0301	2	2	1	3	0	0	3.0	1.0	-0.0016984998283400001	0
301	Iter0302	1	1	3	1	0	0	0.3333333333333333	1.0	-0.0001015235216985	0
302	Iter0303	2	1	7	3	0	0	0.8571428571428571	1.0	-0.00021712100000005407	0
303	Iter0304	2	3	8	3	0	0	0.25	0.2994505494505492	-2.64139e-05	0
304	Iter0305	1	1	6	3	0	0	0.5	1.0	-0.0005228664999999999	0
305	Iter0306	0	0	6	2	0	0	0.42857142857142855	1.0	-0.0008449447999999999	0
306	Iter0307	2	4	7	4	0	0	0.2857142857142857	0.3348416289592757	-0.0001865262	0
307	Iter0308	0	2	5	6	0	0	0.3888888888888889	0.4871794871794881	-1.60659e-06	0
308	Iter0309	0	1	4	3	0	0	0.4	1.0	-9.26059e-06	0
309	Iter0310	2	4	8	3	0	0	0.1875	0.16176470588235325	-3.20574e-05	0
310	Iter0311	2	0	5	1	0	0	1.0	1.0	0.0	0
311	Iter0312	2	0	6	3	0	0	1.7142857142857142	1.0	-0.00166661	0
312	Iter0313	2	4	6	2	0	0	0.16666666666666666	0.2773892773892779	-0.00023865363029999998	0
313	Iter0314	1	1	3	1	0	0	0.3333333333333333	1.0	-0.00185695601050087	0
314	Iter0315	2	1	6	4	0	0	1.3333333333333333	1.0	-3.710194e-05	0
315	Iter0316	2	2	5	3	0	0	0.6	1.0	-0.0008334974812	0
316	Iter0317	2	3	9	4	0	0	0.2962962962962963	0.32598039215686353	-2.66569e-05	0
317	Iter0318	2	1	5	3	0	0	1.2	1.0	-0.000208163665	0
318	Iter0319	1	1	5	2	0	0	0.4	1.0	-3.97251e-05	0
319	Iter0320	2	1	10	4	0	0	0.8	1.0	-0.000126481624353	0
320	Iter0321	2	0	6	2	0	0	1.2857142857142856	1.0	-0.000908411879	0
321	Iter0322	6	3	3	4	0	0	2.6666666666666665	0.6145104895104876	-0.00247612249	0
322	Iter0323	2	1	3	2	0	0	1.3333333333333333	1.0	-1.791197500125118e-05	0
323	Iter0324	0	0	9	2	0	0	0.3	1.0	-2.94429e-09	0
324	Iter0325	0	1	6	3	0	0	0.2857142857142857	0.3999999999999996	-4.34508630704e-07	0
325	Iter0326	1	0	9	1	0	0	0.4	1.0	-4.3107960000000005e-05	0
326	Iter0327	1	1	4	1	0	0	0.25	1.0	-4.54476e-06	0
327	Iter0328	3	1	7	5	0	0	2.142857142857143	1.0	-2.100433721e-06	0
328	Iter0329	1	0	4	3	0	0	1.6	1.0	-0.00026417248	0
329	Iter0330	1	2	5	2	0	0	0.2	0.4999999999999996	-0.0011891534000000002	0
330	Iter0331	2	1	7	0	0	0	0.1875	0.2999999999999995	-0.00019639863398843304	0
331	Iter0332	1	1	7	4	0	0	0.5714285714285714	1.0	-0.00028215	0
332	Iter0333	1	1	6	2	0	0	0.3333333333333333	1.0	-0.00048254164319999995	0
333	Iter0334	0	2	6	0	0	0	0.047619047619047616	0.035714285714285705	-1.40392e-08	0
334	Iter0335	3	1	4	4	0	0	3.0	0.5757575757575777	-5.572868935443e-05	0
335	Iter0336	0	0	6	3	0	0	0.5714285714285714	1.0	-5.5739985439999996e-05	0
336	Iter0337	4	1	5	1	0	0	0.8	1.0	-0.0005406029919	0
337	Iter0338	0	0	10	6	0	0	0.6363636363636364	1.0	-1.6447e-08	0
338	Iter0339	2	1	5	1	0	0	0.4	1.0	-0.00046923238	0
339	Iter0340	1	0	12	3	0	0	0.6153846153846154	1.0	-0.000627056721846	0
340	Iter0341	1	0	7	4	0	0	1.25	1.0	-1.98573819e-05	0
341	Iter0342	2	2	1	4	0	0	4.0	0.5238095238095243	-0.0003671414568542	0
342	Iter0343	5	3	6	1	0	0	0.2777777777777778	0.5692307692307679	-6.188375045866e-05	0
343	Iter0344	0	0	4	2	0	0	0.6	1.0	-0.0005447649000000001	0
344	Iter0345	2	2	9	5	0	0	0.5555555555555556	1.0	0.0	0
345	Iter0346	4	0	6	3	0	0	2.8571428571428568	0.4965034965034971	-9.529563499999998e-06	0
346	Iter0347	1	0	8	3	0	0	0.8888888888888888	1.0	-2.216921e-05	0
347	Iter0348	3	0	5	1	0	0	1.3333333333333333	1.0	-7.963592000000001e-08	0
348	Iter0349	0	2	8	3	0	0	0.14814814814814814	0.12820512820512825	-0.000337366	0
349	Iter0350	0	2	6	1	0	0	0.09523809523809523	0.08333333333333337	-6.9023367352e-05	0
350	Iter0351	2	1	6	2	0	0	0.6666666666666666	1.0	-6.1049054501e-05	0
351	Iter0352	1	1	3	0	0	0	0.25	0.4000000000000002	-5.3467813000000006e-05	0
352	Iter0353	1	5	7	2	0	0	0.05714285714285715	0.040559440559440565	-9.558365999999999e-05	0
353	Iter0354	1	3	8	3	0	0	0.125	0.23516483516483486	-0.000562010883	0
354	Iter0355	2	4	1	5	0	0	2.5	1.0	-0.0015618277899999999	0
355	Iter0356	3	4	9	4	0	0	0.3333333333333333	0.3563467492260052	-0.0011920226	0
356	Iter0357	2	3	5	2	0	0	0.26666666666666666	0.5580808080808088	-5.934494975000001e-05	0
357	Iter0358	2	3	4	3	0	0	0.5	1.0	-3.88782e-07	0
358	Iter0359	1	1	13	4	0	0	0.3076923076923077	0.4678362573099442	-0.00025566749999999996	0
359	Iter0360	0	0	1	6	0	0	3.5	1.0	-0.0011424946825	0
360	Iter0361	0	0	3	2	0	0	0.75	1.0	0.0	0
361	Iter0362	2	1	3	2	0	0	1.3333333333333333	1.0	-0.0009305361392263	0
362	Iter0363	0	4	7	5	0	0	0.15000000000000002	0.08846153846153812	-1.0601e-08	0
363	Iter0364	1	0	5	5	0	0	2.0	1.0	-1.58337e-05	0
364	Iter0365	0	2	6	0	0	0	0.047619047619047616	0.035714285714285705	-8.39246e-15	0
365	Iter0366	1	2	3	2	0	0	0.3333333333333333	1.0	-3.281814e-05	0
366	Iter0367	1	0	2	0	0	0	0.6666666666666666	1.0	-0.000241598128	0
367	Iter0368	1	3	7	3	0	0	0.14285714285714285	0.24475524475524504	-0.0003490716	0
368	Iter0369	0	2	8	2	0	0	0.1111111111111111	0.09090909090909123	-0.0007006161	0
369	Iter0370	1	3	4	1	0	0	0.08333333333333333	0.20634920634920625	-3.4332298e-05	0
370	Iter0371	0	2	3	1	0	0	0.16666666666666666	0.4	-0.0002687785	0
371	Iter0372	1	2	7	4	0	0	0.2857142857142857	0.5384615384615384	-2.70148e-07	0
372	Iter0373	1	0	7	2	0	0	0.75	1.0	-0.000278087492	0
373	Iter0374	2	2	1	1	0	0	1.0	1.0	-0.000450883	0
374	Iter0375	5	1	4	0	0	0	0.6	1.0	-0.001515188252	0
375	Iter0376	2	4	6	4	0	0	0.3333333333333333	0.6083916083916083	-0.0006031025299999999	0
376	Iter0377	2	1	7	9	0	0	2.5714285714285707	0.582043343653252	-4.80904902241e-05	0
377	Iter0378	1	4	7	6	0	0	0.21428571428571427	0.3137254901960787	-8.501010000000001e-06	0
378	Iter0379	0	2	2	3	0	0	0.4444444444444444	1.0	-0.00038444107999999997	0
379	Iter0380	0	1	6	4	0	0	0.35714285714285715	0.4545454545454545	-0.0004312628	0
380	Iter0381	1	0	4	1	0	0	0.8	1.0	-0.0008555306760171892	0
381	Iter0382	0	0	5	3	0	0	0.6666666666666666	1.0	-0.00010245833460000001	0
382	Iter0383	3	1	6	5	0	0	2.5	0.6043956043956045	-0.0005583305000000001	0
383	Iter0384	1	2	6	4	0	0	0.3333333333333333	0.5594405594405605	-0.00084624611	0
384	Iter0385	0	0	3	3	0	0	1.0	1.0	-8.25644e-08	0
385	Iter0386	0	1	6	2	0	0	0.21428571428571427	0.33333333333333354	-3.50512e-05	0
386	Iter0387	1	0	7	3	0	0	1.0	1.0	-0.000175052586662	0
387	Iter0388	1	1	5	5	0	0	1.0	1.0	-0.00022359004	0
388	Iter0389	1	0	7	4	0	0	1.25	1.0	-0.0001113827228	0
389	Iter0390	1	2	6	2	0	0	0.16666666666666666	0.4909090909090907	-0.00010381536589999999	0
390	Iter0391	1	0	1	5	0	0	6.0	0.2857142857142857	-0.0007437985137808001	0
391	Iter0392	3	6	5	3	0	0	0.3	0.3469354175236523	-0.00109355659	0
392	Iter0393	0	2	7	0	0	0	0.04166666666666666	0.027777777777777804	0.0	0
393	Iter0394	2	2	2	3	0	0	1.5	1.0	-0.0008227023999999999	0
394	Iter0395	0	1	11	1	0	0	0.08333333333333333	0.15384615384615366	-1.8446e-06	0
395	Iter0396	3	2	7	2	0	0	0.42857142857142855	0.5804195804195791	-0.0001681917425136	0
396	Iter0397	2	1	7	2	0	0	0.5714285714285714	1.0	-0.0003881469240000001	0
397	Iter0398	0	0	4	2	0	0	0.6	1.0	-0.0002663031385	0
398	Iter0399	1	1	4	4	0	0	1.0	1.0	-6.439926e-08	0
399	Iter0400	0	0	2	1	0	0	0.6666666666666666	1.0	-0.00026204838	0
400	Iter0401	0	0	5	4	0	0	0.8333333333333334	1.0	-1.4004894029999998e-05	0
401	Iter0402	6	1	5	0	0	0	0.5833333333333334	1.0	-0.0017133460377000004	0
402	Iter0403	0	1	4	1	0	0	0.2	0.3333333333333331	-4.661056e-05	0
403	Iter0404	2	1	5	0	0	0	0.25	0.3749999999999997	-9.012584500000001e-05	0
404	Iter0405	2	0	5	1	0	0	1.0	1.0	-0.0006871712966000001	0
405	Iter0406	3	0	1	3	0	0	8.0	0.14285714285714274	-0.0001367781633	0
406	Iter0407	2	3	6	0	0	0	0.10714285714285714	0.060606060606060524	-1.0545778924e-05	0
407	Iter0408	0	3	2	1	0	0	0.16666666666666666	0.3999999999999997	-7.918976221249999e-05	0
408	Iter0409	1	1	6	2	0	0	0.3333333333333333	1.0	-0.000248391860323	0
409	Iter0410	0	3	6	2	0	0	0.10714285714285714	0.060606060606060635	-2.6822326e-05	0
410	Iter0411	0	0	5	2	0	0	0.5	1.0	-2.956836103e-05	0
411	Iter0412	3	0	3	3	0	0	4.0	0.4642857142857145	-6.13973e-11	0
412	Iter0413	1	0	6	0	0	0	0.2857142857142857	1.0	-0.000152220255	0
413	Iter0414	2	3	9	8	0	0	0.5925925925925926	1.0	-0.00012930802000000002	0
414	Iter0415	5	1	4	1	0	0	1.25	1.0	-0.0002807836	0
415	Iter0416	0	2	6	0	0	0	0.047619047619047616	0.035714285714285705	-0.0001553727079	0
416	Iter0417	1	0	5	3	0	0	1.3333333333333333	1.0	-0.00041125484	0
417	Iter0418	1	3	3	4	0	0	0.4444444444444444	1.0	-0.0001066467	0
418	Iter0419	3	2	5	3	0	0	0.8999999999999999	1.0	-0.00023550998935	0
419	Iter0420	1	2	6	1	0	0	0.08333333333333333	0.18333333333333315	-4.8426000000000014e-05	0
420	Iter0421	0	0	6	2	0	0	0.42857142857142855	1.0	-0.000118384	0
421	Iter0422	2	1	3	4	0	0	2.6666666666666665	1.0	-0.00021685664199109998	0
422	Iter0423	4	2	3	1	0	0	0.6666666666666666	1.0	-3.2612471e-07	0
423	Iter0424	2	2	5	1	0	0	0.2	0.5000000000000001	-0.0002921323400078174	0
424	Iter0425	0	0	9	3	0	0	0.4	1.0	-2.88929e-05	0
425	Iter0426	2	2	6	2	0	0	0.3333333333333333	0.5474747474747486	0.0	0
426	Iter0427	1	1	1	3	0	0	3.0	1.0	-2.15211e-05	0
427	Iter0428	3	1	6	2	0	0	1.0	1.0	-4.084709e-05	0
428	Iter0429	0	0	5	6	0	0	1.1666666666666667	1.0	0.0	0
429	Iter0430	1	4	4	1	0	0	0.0625	0.2063492063492062	-0.000281770711402	0
430	Iter0431	2	2	3	1	0	0	0.3333333333333333	1.0	-5.71379e-05	0
431	Iter0432	0	3	9	4	0	0	0.125	0.062499999999999875	-2.20198e-06	0
432	Iter0433	1	0	8	0	0	0	0.2222222222222222	1.0	-8.551719999999999e-05	0
433	Iter0434	2	1	3	0	0	0	0.375	1.0	0.0	0
434	Iter0435	4	1	2	6	0	0	12.0	0.10256410256410267	-4.61967648e-06	0
435	Iter0436	2	3	2	2	0	0	0.6666666666666666	1.0	-2.0244963e-05	0
436	Iter0437	0	0	2	2	0	0	1.0	1.0	-2.77161e-05	0
437	Iter0438	1	0	5	3	0	0	1.3333333333333333	1.0	-0.00047704600368	0
438	Iter0439	1	2	11	2	0	0	0.09090909090909093	0.13571428571428515	-1.0747e-07	0
439	Iter0440	4	0	3	0	0	0	1.25	1.0	-5.16235e-08	0
440	Iter0441	1	2	7	2	0	0	0.14285714285714285	0.2363636363636364	-0.00045483613240000006	0
441	Iter0442	2	1	5	5	0	0	2.0	1.0	-0.0002610003932	0
442	Iter0443	0	0	4	3	0	0	0.8	1.0	-5.676809e-05	0
443	Iter0444	1	2	6	3	0	0	0.25	0.5227272727272733	-6.394230000001831e-05	0
444	Iter0445	0	0	10	3	0	0	0.3636363636363637	1.0	0.0	0
445	Iter0446	0	1	10	1	0	0	0.09090909090909093	0.16666666666666646	-0.00014084	0
446	Iter0447	1	0	4	2	0	0	1.2	1.0	-0.0007117168389999999	0
447	Iter0448	1	3	5	1	0	0	0.06666666666666668	0.19047619047619052	-4.0154252e-05	0
448	Iter0449	1	0	4	3	0	0	1.6	1.0	-1.39837e-05	0
449	Iter0450	0	2	10	0	0	0	0.0303030303030303	0.015151515151515155	-0.0002708242935	0
450	Iter0451	0	1	8	3	0	0	0.2222222222222222	0.3333333333333341	-0.0001855425	0
451	Iter0452	0	0	10	1	0	0	0.18181818181818185	1.0	-0.000339613	0
452	Iter0453	2	1	2	3	0	0	3.0	1.0	-0.0009145186655000001	0
453	Iter0454	1	0	5	1	0	0	0.6666666666666666	1.0	-0.00026697043800000004	0
454	Iter0455	2	1	4	4	0	0	2.0	1.0	-0.000165405499	0
455	Iter0456	0	0	2	1	0	0	0.6666666666666666	1.0	-0.00017461060000000003	0
456	Iter0457	1	1	5	4	0	0	0.8	1.0	-2.9587e-07	0
457	Iter0458	0	4	4	4	0	0	0.2	0.20808080808080864	-0.0007421328	0
458	Iter0459	1	0	8	3	0	0	0.8888888888888888	1.0	-6.10298657e-05	0
459	Iter0460	0	0	9	1	0	0	0.2	1.0	-8.201738e-06	0
460	Iter0461	5	1	4	1	0	0	1.25	1.0	-0.000127003103	0
461	Iter0462	2	2	3	3	0	0	1.0	1.0	-5.51007e-06	0
462	Iter0463	0	3	4	2	0	0	0.15	0.16666666666666685	-3.5336900000000004e-05	0
463	Iter0464	0	0	7	3	0	0	0.5	1.0	-0.001329874400980329	0
464	Iter0465	4	1	4	1	0	0	1.0	1.0	-1.9926827e-05	0
465	Iter0466	0	0	3	2	0	0	0.75	1.0	-8.268803168900001e-05	0
466	Iter0467	3	1	5	4	0	0	2.4	1.0	-6.334197e-05	0
467	Iter0468	3	2	5	3	0	0	0.8999999999999999	1.0	-0.00028858204999999997	0
468	Iter0469	3	1	6	5	0	0	2.5	0.6043956043956045	-0.001448711	0
469	Iter0470	1	1	6	2	0	0	0.3333333333333333	1.0	-1.11247e-05	0
470	Iter0471	0	0	3	2	0	0	0.75	1.0	-9.968270000000001e-05	0
471	Iter0472	0	4	5	4	0	0	0.16666666666666669	0.10489510489510503	0.0	0
472	Iter0473	1	0	6	4	0	0	1.4285714285714286	1.0	-0.000526594	0
473	Iter0474	1	0	6	0	0	0	0.2857142857142857	1.0	0.0	0
474	Iter0475	0	0	8	4	0	0	0.5555555555555556	1.0	-0.000283469576932	0
475	Iter0476	1	2	3	4	0	0	0.6666666666666666	1.0	-1.025946e-05	0
476	Iter0477	0	1	5	3	0	0	0.3333333333333333	0.4444444444444454	-0.0010520059999999999	0
477	Iter0478	0	0	9	3	0	0	0.4	1.0	-0.00022797565	0
478	Iter0479	1	3	7	3	0	0	0.14285714285714285	0.24475524475524504	-2.118e-08	0
479	Iter0480	0	0	10	2	0	0	0.2727272727272728	1.0	-1.26848e-05	0
480	Iter0481	3	1	5	1	0	0	0.6	1.0	-2.9532981925e-05	0
481	Iter0482	1	0	8	3	0	0	0.8888888888888888	1.0	-2.002237e-05	0
482	Iter0483	4	1	7	5	0	0	2.8571428571428568	0.6000323206205533	-0.00139911512	0
483	Iter0484	3	3	5	1	0	0	0.2	0.5454545454545476	-0.00016407449999999998	0
484	Iter0485	0	2	6	8	0	0	0.42857142857142855	0.4999999999999994	-4.02463e-05	0
485	Iter0486	3	1	4	1	0	0	0.75	1.0	-0.0004046606943649655	0
486	Iter0487	3	1	6	2	0	0	1.0	1.0	-1.014837e-05	0
487	Iter0488	2	7	8	0	0	0	0.04166666666666666	0.0022624434389140226	-0.000332072	0
488	Iter0489	0	0	7	3	0	0	0.5	1.0	-9.36826e-06	0
489	Iter0490	2	2	6	1	0	0	0.16666666666666666	0.4909090909090907	-0.0024567102	0
490	Iter0491	0	0	7	4	0	0	0.625	1.0	-8.12243e-07	0
491	Iter0492	2	2	5	4	0	0	0.8	1.0	-0.000645467843	0
492	Iter0493	1	2	5	1	0	0	0.1	0.22619047619047605	-0.000180296780116262	0
493	Iter0494	2	3	5	2	0	0	0.26666666666666666	0.5580808080808088	-6.652340176483e-05	0
494	Iter0495	2	1	6	3	0	0	1.0	1.0	-0.00011777006000000001	0
495	Iter0496	1	0	5	3	0	0	1.3333333333333333	1.0	0.0	0
496	Iter0497	0	0	4	2	0	0	0.6	1.0	-1.35443e-05	0
497	Iter0498	2	3	4	2	0	0	0.3333333333333333	0.5670995670995663	-0.0005972678125920999	0
498	Iter0499	3	3	3	4	0	0	1.3333333333333333	1.0	-0.00014693577760000002	0
499	Iter0500	1	4	2	2	0	0	0.25	0.5238095238095243	0.0	0
500	Iter0501	1	0	7	1	0	0	0.5	1.0	-0.0002239637	0
501	Iter0502	2	5	6	2	0	0	0.13333333333333333	0.13193473193473193	-6.881149999999998e-13	0
502	Iter0503	0	1	5	6	0	0	0.5833333333333334	1.0	-0.000684005	0
503	Iter0504	0	2	7	2	0	0	0.125	0.10909090909090892	0.0	0
504	Iter0505	1	1	8	1	0	0	0.125	0.3454545454545447	-0.000711476916	0
505	Iter0506	4	2	4	2	0	0	1.0	1.0	-0.0001150771039	0
506	Iter0507	3	1	2	2	0	0	3.0	1.0	-0.00049309155	0
507	Iter0508	2	1	5	1	0	0	0.4	1.0	-0.000896669	0
508	Iter0509	0	1	3	0	0	0	0.125	0.24999999999999994	-0.0006749582900000001	0
509	Iter0510	2	4	1	2	0	0	1.0	1.0	0.0	0
510	Iter0511	2	2	6	4	0	0	0.6666666666666666	1.0	-0.0009411986829129001	0
511	Iter0512	2	1	6	3	0	0	1.0	1.0	-4.5042299999999996e-06	0
512	Iter0513	1	0	5	0	0	0	0.3333333333333333	1.0	-0.00015557627	0
513	Iter0514	1	2	3	0	0	0	0.16666666666666666	0.3999999999999997	-2.1699856000000003e-06	0
514	Iter0515	0	0	5	4	0	0	0.8333333333333334	1.0	0.0	0
515	Iter0516	2	0	6	3	0	0	1.7142857142857142	1.0	-0.0005829263439704351	0
516	Iter0517	1	1	7	2	0	0	0.2857142857142857	0.4909090909090902	-7.13693e-05	0
517	Iter0518	1	2	6	3	0	0	0.25	0.5227272727272733	-0.0002610388614	0
518	Iter0519	1	2	5	1	0	0	0.1	0.22619047619047605	-2.7156154e-06	0
519	Iter0520	1	1	8	5	0	0	0.625	1.0	-7.97796e-05	0
520	Iter0521	0	0	2	4	0	0	1.6666666666666667	1.0	-6.246548e-05	0
521	Iter0522	2	5	3	2	0	0	0.26666666666666666	0.5580808080808093	-0.000472468471	0
522	Iter0523	0	0	4	1	0	0	0.4	1.0	-0.001155768587944	0
523	Iter0524	1	3	4	6	0	0	0.5	1.0	-0.0005355800000007282	0
524	Iter0525	2	2	6	1	0	0	0.16666666666666666	0.4909090909090907	-0.0002521121	0
525	Iter0526	1	0	7	3	0	0	1.0	1.0	-9.527681255043e-06	0
526	Iter0527	0	1	9	3	0	0	0.2	0.3076923076923073	-2.8939653950000002e-05	0
527	Iter0528	1	2	6	3	0	0	0.25	0.5227272727272733	-1.2337694737e-05	0
528	Iter0529	1	1	5	0	0	0	0.16666666666666666	0.2857142857142857	-0.0004756744000000001	0
529	Iter0530	1	1	5	2	0	0	0.4	1.0	-0.0001625670679648	0
530	Iter0531	3	1	4	1	0	0	0.75	1.0	-0.00027078834259546496	0
531	Iter0532	5	0	5	3	0	0	4.0	0.2307692307692313	-0.00045404614050000003	0
532	Iter0533	1	2	7	2	0	0	0.14285714285714285	0.2363636363636364	-1.1044985600000003e-06	0
533	Iter0534	1	3	4	2	0	0	0.16666666666666666	0.5238095238095236	-6.783397e-05	0
534	Iter0535	0	0	3	3	0	0	1.0	1.0	-0.00081213106	0
535	Iter0536	1	0	8	4	0	0	1.1111111111111112	1.0	-0.00028670910999953006	0
536	Iter0537	3	2	8	2	0	0	0.375	0.5604395604395591	-1.73648e-06	0
537	Iter0538	2	1	6	5	0	0	1.6666666666666667	1.0	-0.0001096898910903	0
538	Iter0539	3	0	6	0	0	0	0.5714285714285714	1.0	-0.00023133988599999999	0
539	Iter0540	2	2	6	6	0	0	1.0	1.0	-1.19113e-08	0
540	Iter0541	0	0	0	3	0	0	4.0	1.0	-0.0006478921422240001	0
541	Iter0542	4	0	9	0	0	0	0.5	1.0	-0.000420288	0
542	Iter0543	2	1	3	6	0	0	4.0	0.5227272727272732	-7.822526000000001e-05	0
543	Iter0544	2	4	3	3	0	0	0.5	1.0	-3.43471e-05	0
544	Iter0545	4	0	5	2	0	0	2.5	0.4909090909090901	-3.41383216e-06	0
545	Iter0546	1	2	7	4	0	0	0.2857142857142857	0.5384615384615384	-0.0004121471	0
546	Iter0547	1	0	3	1	0	0	1.0	1.0	-0.0008636942068	0
547	Iter0548	1	2	1	3	0	0	1.5	1.0	-1.0727819999999999e-05	0
548	Iter0549	3	1	2	2	0	0	3.0	1.0	-6.847e-09	0
549	Iter0550	1	5	4	5	0	0	0.25	0.5804195804195802	-1.2882664e-05	0
550	Iter0551	2	0	10	4	0	0	1.3636363636363635	1.0	-1.60248e-06	0
551	Iter0552	1	2	8	1	0	0	0.0625	0.1272727272727269	-0.000850933	0
552	Iter0553	2	0	10	5	0	0	1.6363636363636365	1.0	-7.91242e-06	0
553	Iter0554	2	3	4	2	0	0	0.3333333333333333	0.5670995670995663	-4.79762598e-05	0
554	Iter0555	0	1	6	3	0	0	0.2857142857142857	0.3999999999999996	0.0	0
555	Iter0556	3	3	8	2	0	0	0.25	0.2994505494505489	-3.300122e-05	0
556	Iter0557	0	0	6	4	0	0	0.7142857142857143	1.0	-0.000135284	0
557	Iter0558	1	1	9	2	0	0	0.2222222222222222	0.42307692307692496	-2.903959146e-05	0
558	Iter0559	2	0	7	6	0	0	2.625	0.4857142857142842	-0.00034261443471220003	0
559	Iter0560	0	0	0	1	0	0	2.0	1.0	0.0	0
560	Iter0561	0	1	4	1	0	0	0.2	0.3333333333333331	-4.813870199999999e-05	0
561	Iter0562	1	1	4	0	0	0	0.2	0.3333333333333332	-0.00023210790199999998	0
562	Iter0563	2	2	3	5	0	0	1.6666666666666667	1.0	-2.8888370050000003e-05	0
563	Iter0564	0	0	7	2	0	0	0.375	1.0	-2.423063e-05	0
564	Iter0565	0	0	8	1	0	0	0.2222222222222222	1.0	-0.0006158075000000001	0
565	Iter0566	0	0	3	2	0	0	0.75	1.0	-0.0015234124235699999	0
566	Iter0567	0	0	4	2	0	0	0.6	1.0	-0.00059513231	0
567	Iter0568	0	1	7	3	0	0	0.25	0.3636363636363637	0.0	0
568	Iter0569	1	0	8	0	0	0	0.2222222222222222	1.0	-4.9932e-06	0
569	Iter0570	0	0	6	0	0	0	0.14285714285714285	1.0	-0.0007354517312680001	0
570	Iter0571	2	0	6	1	0	0	0.8571428571428571	1.0	-0.00013188706	0
571	Iter0572	2	1	11	5	0	0	0.9090909090909092	1.0	-4.65529504e-05	0
572	Iter0573	0	2	9	3	0	0	0.13333333333333333	0.10989010989010926	-1.25248e-05	0
573	Iter0574	1	1	5	1	0	0	0.2	0.464285714285714	-6.061703e-08	0
574	Iter0575	1	2	4	4	0	0	0.5	1.0	-0.0001769320200084545	0
575	Iter0576	0	0	4	3	0	0	0.8	1.0	-0.00028655499	0
576	Iter0577	1	0	6	2	0	0	0.8571428571428571	1.0	-5.561619999999998e-06	0
577	Iter0578	0	0	3	6	0	0	1.75	1.0	-0.0005289746500000001	0
578	Iter0579	2	0	3	3	0	0	3.0	0.4642857142857143	-0.0006401703970175168	0
579	Iter0580	1	0	4	1	0	0	0.8	1.0	-0.0001414977	0
580	Iter0581	1	2	5	1	0	0	0.1	0.22619047619047605	-5.010336230007611e-05	0
581	Iter0582	0	1	10	4	0	0	0.2272727272727273	0.3333333333333323	-6.039017009e-05	0
582	Iter0583	3	1	7	5	0	0	2.142857142857143	1.0	-9.3261e-05	0
583	Iter0584	2	5	3	1	0	0	0.13333333333333333	0.2424242424242426	-0.000177452	0
584	Iter0585	1	1	4	2	0	0	0.5	1.0	-0.000165107	0
585	Iter0586	0	0	2	4	0	0	1.6666666666666667	1.0	0.0	0
586	Iter0587	1	0	4	2	0	0	1.2	1.0	-8.71346e-05	0
587	Iter0588	1	2	0	2	0	0	2.0	1.0	-0.0005035709	0
588	Iter0589	2	4	2	2	0	0	0.5	1.0	-2.20489e-06	0
589	Iter0590	2	1	4	1	0	0	0.5	1.0	-4.67941107e-05	0
590	Iter0591	0	2	6	2	0	0	0.14285714285714285	0.13333333333333328	-2.8423979999999996e-06	0
591	Iter0592	0	0	6	2	0	0	0.42857142857142855	1.0	-0.00019981480280000002	0
592	Iter0593	2	0	4	1	0	0	1.2	1.0	-1.19253629e-05	0
593	Iter0594	0	2	3	3	0	0	0.3333333333333333	0.4642857142857145	-1.38899e-08	0
594	Iter0595	2	1	2	3	0	0	3.0	1.0	-0.00019230987449036	0
595	Iter0596	0	0	5	1	0	0	0.3333333333333333	1.0	-1.0399100000000002e-09	0
596	Iter0597	0	0	10	2	0	0	0.2727272727272728	1.0	-0.000372556	0
597	Iter0598	1	0	6	4	0	0	1.4285714285714286	1.0	-1.2528e-07	0
598	Iter0599	1	2	4	2	0	0	0.25	0.5238095238095238	-9.06838e-06	0
599	Iter0600	3	1	6	3	0	0	1.5	1.0	-0.00011482380000000001	0
600	Iter0601	0	0	3	0	0	0	0.25	1.0	-8.45047e-06	0
601	Iter0602	1	1	6	2	0	0	0.3333333333333333	1.0	-0.00023714297	0
602	Iter0603	0	1	4	2	0	0	0.3	0.4285714285714285	-0.0005604624314	0
603	Iter0604	1	1	8	4	0	0	0.5	1.0	0.0	0
604	Iter0605	4	2	3	2	0	0	1.3333333333333333	1.0	-0.00011197555023	0
605	Iter0606	3	0	4	1	0	0	1.6	1.0	-6.0546109e-05	0
606	Iter0607	0	3	8	0	0	0	0.027777777777777776	0.006060606060606057	-0.00013876721442	0
607	Iter0608	6	2	4	4	0	0	3.0	0.6083916083916072	-3.15637955e-05	0
608	Iter0609	0	0	6	2	0	0	0.42857142857142855	1.0	-0.0002027940657	0
609	Iter0610	2	1	7	1	0	0	0.2857142857142857	0.4909090909090901	-0.0003820821	0
610	Iter0611	2	4	6	0	0	0	0.08571428571428573	0.06060606060606074	-9.53903e-08	0
611	Iter0612	1	1	6	6	0	0	1.0	1.0	-0.0002480353	0
612	Iter0613	2	1	6	2	0	0	0.6666666666666666	1.0	-0.00049503928	0
613	Iter0614	2	4	7	3	0	0	0.21428571428571427	0.3024475524475516	-9.00732e-05	0
614	Iter0615	4	3	7	1	0	0	0.19047619047619047	0.2820512820512816	-0.00037388265644222954	0
615	Iter0616	1	1	1	4	0	0	4.0	1.0	-1.50374e-05	0
616	Iter0617	2	3	3	1	0	0	0.2222222222222222	0.5238095238095235	-0.000475650934	0
617	Iter0618	1	3	6	1	0	0	0.05555555555555555	0.08787878787878785	-0.00140476921	0
618	Iter0619	1	0	8	0	0	0	0.2222222222222222	1.0	-0.000671627592245	0
619	Iter0620	0	0	5	4	0	0	0.8333333333333334	1.0	-0.000208772	0
620	Iter0621	1	2	5	0	0	0	0.1111111111111111	0.10714285714285704	0.0	0
621	Iter0622	0	2	5	8	0	0	0.5	0.5238095238095214	-0.00126154706	0
622	Iter0623	2	2	10	4	0	0	0.4	0.5686274509803924	-1.33489076191e-06	0
623	Iter0624	0	0	3	3	0	0	1.0	1.0	0.0	0
624	Iter0625	1	1	1	2	0	0	2.0	1.0	-0.0007724096960000001	0
625	Iter0626	0	1	5	3	0	0	0.3333333333333333	0.4444444444444454	0.0	0
626	Iter0627	0	1	3	2	0	0	0.375	1.0	-0.000375169	0
627	Iter0628	5	0	8	3	0	0	2.6666666666666665	0.5089285714285692	-1.2238e-06	0
628	Iter0629	1	0	3	1	0	0	1.0	1.0	-2.440629648e-05	0
629	Iter0630	0	0	5	4	0	0	0.8333333333333334	1.0	-7.889669999999998e-07	0
630	Iter0631	2	1	2	1	0	0	1.0	1.0	-2.74195e-09	0
631	Iter0632	1	3	3	2	0	0	0.2222222222222222	0.5238095238095237	-0.0001634226737	0
632	Iter0633	2	1	4	2	0	0	1.0	1.0	-0.00012084784	0
633	Iter0634	0	1	3	2	0	0	0.375	1.0	-2.5582e-05	0
634	Iter0635	1	0	4	1	0	0	0.8	1.0	-0.0005109588958	0
635	Iter0636	0	0	4	2	0	0	0.6	1.0	-0.000159370435	0
636	Iter0637	1	1	7	4	0	0	0.5714285714285714	1.0	-1.0691979999999999e-05	0
637	Iter0638	3	4	4	1	0	0	0.1875	0.2929292929292933	-0.000344008801	0
638	Iter0639	2	1	7	0	0	0	0.1875	0.2999999999999995	-0.0005293852241908001	0
639	Iter0640	0	0	12	5	0	0	0.4615384615384616	1.0	-2.18486e-08	0
640	Iter0641	3	1	6	4	0	0	2.0	1.0	-7.261164300000001e-06	0
641	Iter0642	0	0	2	1	0	0	0.6666666666666666	1.0	-2.177433e-05	0
642	Iter0643	1	2	2	4	0	0	1.0	1.0	-0.00047444267968999997	0
643	Iter0644	0	0	7	1	0	0	0.25	1.0	-0.000113325946	0
644	Iter0645	3	1	6	3	0	0	1.5	1.0	-0.000360721412	0
645	Iter0646	1	0	7	0	0	0	0.25	1.0	-1.14718e-08	0
646	Iter0647	1	3	1	2	0	0	0.6666666666666666	1.0	-6.598865154900001e-05	0
647	Iter0648	1	4	3	5	0	0	0.4166666666666667	1.0	-8.02828336e-05	0
648	Iter0649	1	1	5	4	0	0	0.8	1.0	-3.34564e-11	0
649	Iter0650	0	1	6	4	0	0	0.35714285714285715	0.4545454545454545	-2.9426470940477003e-05	0
650	Iter0651	1	0	7	3	0	0	1.0	1.0	-4.24447e-05	0
651	Iter0652	0	0	7	2	0	0	0.375	1.0	-3.471810000000001e-05	0
652	Iter0653	1	1	9	4	0	0	0.4444444444444444	1.0	-4.01076e-05	0
653	Iter0654	3	1	4	4	0	0	3.0	0.5757575757575777	-1.01236352e-05	0
654	Iter0655	2	2	7	2	0	0	0.2857142857142857	0.53006993006993	-0.0009157101090000001	0
655	Iter0656	2	3	6	1	0	0	0.1111111111111111	0.22222222222222265	0.0	0
656	Iter0657	2	2	6	2	0	0	0.3333333333333333	0.5474747474747486	-5.301112999999999e-05	0
657	Iter0658	1	2	8	1	0	0	0.0625	0.1272727272727269	-0.0017065550748	0
658	Iter0659	1	1	5	3	0	0	0.6	1.0	-0.00029311105108	0
659	Iter0660	2	0	4	2	0	0	1.7999999999999998	1.0	-0.00010998533600023294	0
660	Iter0661	0	1	2	1	0	0	0.3333333333333333	1.0	-2.003637915e-05	0
661	Iter0662	0	1	5	2	0	0	0.25	0.375	-3.4971630000000005e-05	0
662	Iter0663	1	2	5	1	0	0	0.1	0.22619047619047605	-0.000798152053	0
663	Iter0664	0	1	5	4	0	0	0.4166666666666667	1.0	-0.0010061363772	0
664	Iter0665	0	0	4	4	0	0	1.0	1.0	-0.00021868559960869997	0
665	Iter0666	5	3	4	4	0	0	1.6666666666666667	1.0	-3.4114891e-05	0
666	Iter0667	0	0	3	3	0	0	1.0	1.0	-1.4152601486890004e-06	0
667	Iter0668	3	2	4	1	0	0	0.375	1.0	-9.882440580000001e-05	0
668	Iter0669	2	3	4	0	0	0	0.15	0.16666666666666666	-7.40175e-09	0
669	Iter0670	0	1	1	2	0	0	0.75	1.0	-4.99472e-05	0
670	Iter0671	1	0	10	1	0	0	0.3636363636363637	1.0	-5.70450504e-07	0
671	Iter0672	1	2	4	3	0	0	0.375	1.0	-0.0002509707749	0
672	Iter0673	1	0	7	0	0	0	0.25	1.0	-0.00016105627300000002	0
673	Iter0674	3	3	9	3	0	0	0.3333333333333333	0.3440530058177112	-0.0010051538999999998	0
674	Iter0675	1	4	6	3	0	0	0.125	0.2657342657342652	-0.00112153948	0
675	Iter0676	0	0	6	4	0	0	0.7142857142857143	1.0	-5.7805219808e-05	0
676	Iter0677	2	1	1	2	0	0	4.0	1.0	-7.88603e-06	0
677	Iter0678	0	0	9	3	0	0	0.4	1.0	-6.5153716e-06	0
678	Iter0679	0	0	5	3	0	0	0.6666666666666666	1.0	-5.72388399e-05	0
679	Iter0680	2	1	4	1	0	0	0.5	1.0	-5.256301484e-05	0
680	Iter0681	0	4	5	5	0	0	0.2	0.2207792207792205	-0.00014750327	0
681	Iter0682	2	1	9	2	0	0	0.4444444444444444	1.0	-2.65100353e-06	0
682	Iter0683	2	0	5	3	0	0	2.0	1.0	-0.00013131831172	0
683	Iter0684	6	6	6	5	0	0	0.8333333333333334	1.0	-4.11926218e-05	0
684	Iter0685	1	2	12	3	0	0	0.125	0.17156862745098098	-2.655931e-05	0
685	Iter0686	1	0	4	4	0	0	2.0	1.0	-1.3648158499999999e-05	0
686	Iter0687	1	1	3	1	0	0	0.3333333333333333	1.0	-9.974843e-05	0
687	Iter0688	1	0	7	3	0	0	1.0	1.0	-2.0187883e-06	0
688	Iter0689	0	0	2	4	0	0	1.6666666666666667	1.0	-0.000247692	0
689	Iter0690	0	2	6	4	0	0	0.2380952380952381	0.4545454545454557	-2.5235440000000005e-05	0
690	Iter0691	3	4	6	1	0	0	0.125	0.2657342657342656	-0.000141443912166	0
691	Iter0692	0	0	6	3	0	0	0.5714285714285714	1.0	-0.00025387125513999997	0
692	Iter0693	0	0	3	2	0	0	0.75	1.0	-0.0004455501774	0
693	Iter0694	1	0	6	2	0	0	0.8571428571428571	1.0	-5.513784e-05	0
694	Iter0695	1	2	7	1	0	0	0.07142857142857142	0.15151515151515138	-5.3521467185000014e-05	0
695	Iter0696	0	5	4	2	0	0	0.1	0.06060606060606059	0.0	0
696	Iter0697	4	1	9	1	0	0	0.4444444444444444	1.0	-0.0005502012599	0
697	Iter0698	1	1	5	3	0	0	0.6	1.0	-0.0018790969901	0
698	Iter0699	3	1	10	3	0	0	0.8999999999999999	1.0	-0.00029876362000000003	0
699	Iter0700	1	1	10	2	0	0	0.2	0.3956043956043948	-1.0570868200000001e-05	0
700	Iter0701	2	1	10	3	0	0	0.6	1.0	-5.6172466e-05	0
701	Iter0702	1	1	4	0	0	0	0.2	0.3333333333333332	-0.0021284506662299996	0
702	Iter0703	2	0	4	2	0	0	1.7999999999999998	1.0	-0.00021087225054800001	0
703	Iter0704	1	1	8	3	0	0	0.375	1.0	-3.483414815000001e-06	0
704	Iter0705	2	0	4	2	0	0	1.7999999999999998	1.0	-2.267456300975023e-05	0
705	Iter0706	3	1	9	0	0	0	0.2	0.3076923076923079	-0.000144312116	0
706	Iter0707	2	0	5	8	0	0	4.5	0.1999999999999991	-0.000258617	0
707	Iter0708	4	0	2	1	0	0	3.333333333333333	0.42857142857142827	-0.0006720090311808199	0
708	Iter0709	3	0	9	1	0	0	0.8	1.0	-0.00018136269999999998	0
709	Iter0710	5	1	3	5	0	0	8.333333333333334	0.1375291375291378	-0.0005605097000000001	0
710	Iter0711	1	1	6	2	0	0	0.3333333333333333	1.0	-0.00010697405009999999	0
711	Iter0712	2	1	3	2	0	0	1.3333333333333333	1.0	-0.0004983312693	0
712	Iter0713	2	1	4	4	0	0	2.0	1.0	-2.85401871e-05	0
713	Iter0714	1	0	5	3	0	0	1.3333333333333333	1.0	-4.6795877659999996e-05	0
714	Iter0715	0	0	4	2	0	0	0.6	1.0	-0.000286663	0
715	Iter0716	1	3	8	3	0	0	0.125	0.23516483516483486	-8.6219655e-07	0
716	Iter0717	2	2	8	2	0	0	0.25	0.5204795204795203	-3.28394e-10	0
717	Iter0718	1	3	6	1	0	0	0.05555555555555555	0.08787878787878785	-0.00017817264	0
718	Iter0719	1	1	6	2	0	0	0.3333333333333333	1.0	-0.000373566	0
719	Iter0720	0	0	2	2	0	0	1.0	1.0	0.0	0
720	Iter0721	2	1	5	1	0	0	0.4	1.0	-3.1001319e-05	0
721	Iter0722	3	5	3	3	0	0	0.6	1.0	-1.9429230000000002e-05	0
722	Iter0723	0	0	6	4	0	0	0.7142857142857143	1.0	-0.00047908463592	0
723	Iter0724	1	0	4	0	0	0	0.4	1.0	-0.0002584416	0
724	Iter0725	2	0	5	3	0	0	2.0	1.0	-0.0005144342929999999	0
725	Iter0726	2	2	2	5	0	0	2.5	0.5757575757575755	-4.585717e-05	0
726	Iter0727	2	1	3	1	0	0	0.6666666666666666	1.0	-0.00017946545759999998	0
727	Iter0728	1	1	5	3	0	0	0.6	1.0	-0.00012249392940000002	0
728	Iter0729	0	0	5	4	0	0	0.8333333333333334	1.0	-0.00010962694432	0
729	Iter0730	3	2	8	2	0	0	0.375	0.5604395604395591	-9.4571668663343e-05	0
730	Iter0731	2	3	4	1	0	0	0.16666666666666666	0.5238095238095237	-9.771947149999999e-05	0
731	Iter0732	2	1	4	3	0	0	1.5	1.0	-0.000490170963	0
732	Iter0733	1	2	13	1	0	0	0.038461538461538464	0.06323529411764732	-0.0007664880000000001	0
733	Iter0734	1	4	5	2	0	0	0.1	0.2424242424242426	-0.00014121270315	0
734	Iter0735	1	1	4	2	0	0	0.5	1.0	-0.00110381485311	0
735	Iter0736	0	0	6	2	0	0	0.42857142857142855	1.0	0.0	0
736	Iter0737	2	2	5	3	0	0	0.6	1.0	-9.296949905000001e-05	0
737	Iter0738	1	1	8	4	0	0	0.5	1.0	-0.000231375758	0
738	Iter0739	2	5	8	2	0	0	0.1	0.05841217605923505	-8.09778e-05	0
739	Iter0740	2	1	4	4	0	0	2.0	1.0	-1.294769e-05	0
740	Iter0741	2	2	5	3	0	0	0.6	1.0	-5.4067522e-05	0
741	Iter0742	0	1	7	3	0	0	0.25	0.3636363636363637	0.0	0
742	Iter0743	1	0	4	0	0	0	0.4	1.0	-1.629709999431e-05	0
743	Iter0744	2	0	7	0	0	0	0.375	1.0	-0.000101928	0
744	Iter0745	3	3	6	2	0	0	0.3333333333333333	0.5804195804195795	-0.00013481299	0
745	Iter0746	3	2	3	3	0	0	1.5	1.0	-0.0002998258971	0
746	Iter0747	5	0	2	2	0	0	6.0	0.16666666666666674	-0.00017731774	0
747	Iter0748	4	0	4	2	0	0	3.0	0.4666666666666668	-0.0003170812900002626	0
748	Iter0749	5	2	9	5	0	0	1.3888888888888888	1.0	-0.0006386938199999999	0
749	Iter0750	1	1	2	3	0	0	1.5	1.0	-0.0001655303	0
750	Iter0751	0	0	8	3	0	0	0.4444444444444444	1.0	-4.5115012000000004e-05	0
751	Iter0752	1	2	6	5	0	0	0.4166666666666667	1.0	-2.37093e-06	0
752	Iter0753	3	2	6	2	0	0	0.5	1.0	-0.0011991850000000002	0
753	Iter0754	2	0	3	5	0	0	4.5	0.4444444444444446	-7.21965109e-05	0
754	Iter0755	1	0	8	2	0	0	0.6666666666666666	1.0	-0.000457743	0
755	Iter0756	1	1	5	4	0	0	0.8	1.0	-0.0007841609199999998	0
756	Iter0757	4	3	5	2	0	0	0.5333333333333333	1.0	-0.0010347151099999998	0
757	Iter0758	3	4	4	2	0	0	0.375	0.5920745920745949	-7.469219e-06	0
758	Iter0759	1	4	3	4	0	0	0.3333333333333333	0.5757575757575772	0.0	0
759	Iter0760	2	2	4	0	0	0	0.2	0.4285714285714282	-1.4719637e-05	0
760	Iter0761	0	0	4	3	0	0	0.8	1.0	-1.5740235069e-05	0
761	Iter0762	0	1	4	1	0	0	0.2	0.3333333333333331	-1.5394600039583e-06	0
762	Iter0763	2	2	11	8	0	0	0.7272727272727273	1.0	0.0	0
763	Iter0764	0	4	3	2	0	0	0.15000000000000002	0.1666666666666667	-8.17954e-07	0
764	Iter0765	3	1	5	2	0	0	1.2	1.0	-0.00017305	0
765	Iter0766	4	2	1	1	0	0	2.0	1.0	-0.0006339490992999999	0
766	Iter0767	0	1	5	1	0	0	0.16666666666666666	0.2857142857142857	-2.68612e-05	0
767	Iter0768	0	0	5	9	0	0	1.6666666666666667	1.0	0.0	0
768	Iter0769	2	0	6	3	0	0	1.7142857142857142	1.0	-1.04228e-05	0
769	Iter0770	1	0	6	1	0	0	0.5714285714285714	1.0	-0.000596960754876459	0
770	Iter0771	1	0	5	6	0	0	2.333333333333333	1.0	-0.0002938427	0
771	Iter0772	1	1	1	1	0	0	1.0	1.0	-0.0001843565268	0
772	Iter0773	0	0	7	2	0	0	0.375	1.0	-0.00026375092999999996	0
773	Iter0774	4	3	3	1	0	0	0.4444444444444444	1.0	-0.001400841898551	0
774	Iter0775	1	0	7	4	0	0	1.25	1.0	-5.6206379999999996e-05	0
775	Iter0776	2	0	7	6	0	0	2.625	0.4857142857142842	-5.5134e-05	0
776	Iter0777	0	0	8	5	0	0	0.6666666666666666	1.0	-2.64453e-06	0
777	Iter0778	2	5	1	3	0	0	1.2000000000000002	1.0	-4.11412008e-05	0
778	Iter0779	1	0	10	6	0	0	1.2727272727272727	1.0	-0.00020639509521	0
779	Iter0780	0	0	5	3	0	0	0.6666666666666666	1.0	-5.95227296e-05	0
780	Iter0781	3	0	3	2	0	0	3.0	0.4642857142857138	-0.00031041676487	0
781	Iter0782	0	1	3	2	0	0	0.375	1.0	-0.00021891800000671134	0
782	Iter0783	1	0	5	3	0	0	1.3333333333333333	1.0	-0.00048146800000000003	0
783	Iter0784	5	3	3	1	0	0	0.5555555555555556	1.0	-0.001000203758	0
784	Iter0785	1	0	4	2	0	0	1.2	1.0	-1.08221e-06	0
785	Iter0786	0	2	4	0	0	0	0.06666666666666668	0.06666666666666668	0.0	0
786	Iter0787	0	2	5	5	0	0	0.3333333333333333	0.4696969696969709	-1.62594e-07	0
787	Iter0788	1	0	0	1	0	0	4.0	1.0	-0.0001835905922	0
788	Iter0789	4	2	7	2	0	0	0.5714285714285714	1.0	-0.000197171	0
789	Iter0790	0	0	2	6	0	0	2.333333333333333	1.0	-4.3228e-06	0
790	Iter0791	1	1	4	3	0	0	0.75	1.0	-6.89924e-06	0
791	Iter0792	0	1	5	2	0	0	0.25	0.375	0.0	0
792	Iter0793	1	4	4	1	0	0	0.0625	0.2063492063492062	0.0	0
793	Iter0794	0	0	7	3	0	0	0.5	1.0	-0.00136628901	0
794	Iter0795	2	3	7	2	0	0	0.19047619047619047	0.26573426573426473	-1.3254152200000001e-05	0
795	Iter0796	1	1	5	4	0	0	0.8	1.0	-0.000398115	0
796	Iter0797	1	2	4	5	0	0	0.625	1.0	-7.6901e-09	0
797	Iter0798	0	2	5	2	0	0	0.16666666666666666	0.1666666666666669	0.0	0
798	Iter0799	0	0	2	3	0	0	1.3333333333333333	1.0	-1.719547e-07	0
799	Iter0800	2	4	5	1	0	0	0.1	0.24242424242424304	-6.3334419e-05	0
800	Iter0801	0	1	6	4	0	0	0.35714285714285715	0.4545454545454545	-0.00039508184899999995	0
801	Iter0802	2	2	5	4	0	0	0.8	1.0	0.0	0
802	Iter0803	4	1	4	0	0	0	0.5	1.0	-0.001417541	0
803	Iter0804	3	0	5	3	0	0	2.6666666666666665	0.4909090909090907	-0.0009339068	0
804	Iter0805	2	2	5	8	0	0	1.6	1.0	-0.00012051657366	0
805	Iter0806	3	0	2	3	0	0	5.333333333333333	0.19642857142857106	-0.0011310126505	0
806	Iter0807	0	1	8	3	0	0	0.2222222222222222	0.3333333333333341	-0.00028086123392	0
807	Iter0808	4	2	7	2	0	0	0.5714285714285714	1.0	-7.1260426e-05	0
808	Iter0809	2	1	7	2	0	0	0.5714285714285714	1.0	-3.205995e-05	0
809	Iter0810	1	1	5	1	0	0	0.2	0.464285714285714	-5.0221644000000014e-05	0
810	Iter0811	1	0	4	4	0	0	2.0	1.0	-1.1081445109000002e-06	0
811	Iter0812	1	3	3	5	0	0	0.5555555555555556	1.0	-3.921687039534479e-05	0
812	Iter0813	2	2	3	2	0	0	0.6666666666666666	1.0	-3.67407e-10	0
813	Iter0814	0	1	8	1	0	0	0.1111111111111111	0.1999999999999998	-5.235401400000001e-07	0
814	Iter0815	0	0	7	4	0	0	0.625	1.0	-0.0010794597321222	0
815	Iter0816	0	1	5	4	0	0	0.4166666666666667	1.0	-0.000621114	0
816	Iter0817	1	1	6	1	0	0	0.16666666666666666	0.4166666666666671	-7.054443000000001e-05	0
817	Iter0818	1	4	0	2	0	0	1.2000000000000002	1.0	-0.00017116365	0
818	Iter0819	1	2	6	4	0	0	0.3333333333333333	0.5594405594405605	-0.000563472	0
819	Iter0820	1	0	8	2	0	0	0.6666666666666666	1.0	-0.0001795464235	0
820	Iter0821	0	1	5	6	0	0	0.5833333333333334	1.0	-0.000510984004	0
821	Iter0822	3	2	2	3	0	0	2.25	1.0	-1.8683896700000003e-05	0
822	Iter0823	0	3	6	2	0	0	0.10714285714285714	0.060606060606060635	-7.116150000000002e-07	0
823	Iter0824	2	2	7	3	0	0	0.42857142857142855	0.5804195804195794	0.0	0
824	Iter0825	2	0	8	2	0	0	1.0	1.0	-0.00055380348198119	0
825	Iter0826	2	3	7	6	0	0	0.5714285714285714	1.0	-0.0009529946879999999	0
826	Iter0827	0	1	3	2	0	0	0.375	1.0	-8.489594999999999e-05	0
827	Iter0828	0	0	2	1	0	0	0.6666666666666666	1.0	-0.0007836117300000001	0
828	Iter0829	0	0	10	3	0	0	0.3636363636363637	1.0	-0.00043964670899999996	0
829	Iter0830	0	1	5	0	0	0	0.08333333333333333	0.1666666666666666	-0.000118218433	0
830	Iter0831	1	1	5	4	0	0	0.8	1.0	-0.000278991	0
831	Iter0832	0	0	11	3	0	0	0.3333333333333333	1.0	-1.36295e-07	0
832	Iter0833	0	0	9	7	0	0	0.8	1.0	-1.612851717124694e-06	0
833	Iter0834	1	1	8	7	0	0	0.875	1.0	0.0	0
834	Iter0835	1	4	3	1	0	0	0.08333333333333333	0.20634920634920634	-7.06482e-15	0
835	Iter0836	2	2	7	3	0	0	0.42857142857142855	0.5804195804195794	-1.525334397e-05	0
836	Iter0837	3	0	5	4	0	0	3.333333333333333	0.4909090909090912	-5.0913278350999997e-05	0
837	Iter0838	0	0	8	3	0	0	0.4444444444444444	1.0	0.0	0
838	Iter0839	0	1	9	4	0	0	0.25	0.3571428571428561	0.0	0
839	Iter0840	2	1	4	1	0	0	0.5	1.0	-0.00021111179	0
840	Iter0841	1	2	9	3	0	0	0.16666666666666666	0.2417582417582416	-8.02943e-06	0
841	Iter0842	3	5	1	5	0	0	3.0	0.5804195804195802	0.0	0
842	Iter0843	0	0	6	8	0	0	1.2857142857142856	1.0	-0.0008301133175878001	0
843	Iter0844	4	1	6	1	0	0	0.6666666666666666	1.0	-0.00010375894999999999	0
844	Iter0845	0	0	3	3	0	0	1.0	1.0	-5.87692e-05	0
845	Iter0846	2	1	5	1	0	0	0.4	1.0	-0.0008103156705000001	0
846	Iter0847	0	3	3	5	0	0	0.375	0.4909090909090909	-0.0006433464000000001	0
847	Iter0848	1	2	7	1	0	0	0.07142857142857142	0.15151515151515138	-0.00010920945473000001	0
848	Iter0849	1	1	9	6	0	0	0.6666666666666666	1.0	-0.0004406428062	0
849	Iter0850	1	1	3	4	0	0	1.3333333333333333	1.0	-1.828202e-05	0
850	Iter0851	1	1	6	1	0	0	0.16666666666666666	0.4166666666666671	-0.0005651854198	0
851	Iter0852	0	2	7	0	0	0	0.04166666666666666	0.027777777777777804	-7.01313e-05	0
852	Iter0853	2	2	6	3	0	0	0.5	1.0	-0.0005619234600000001	0
853	Iter0854	1	1	4	2	0	0	0.5	1.0	-0.000329824	0
854	Iter0855	2	1	5	6	0	0	2.4	1.0	-0.0008312395613729101	0
855	Iter0856	1	2	5	7	0	0	0.7	1.0	-7.337358999999999e-05	0
856	Iter0857	0	2	7	3	0	0	0.16666666666666666	0.15151515151515202	-0.0007631419733419999	0
857	Iter0858	2	5	4	3	0	0	0.30000000000000004	0.5920745920745918	-3.01113e-14	0
858	Iter0859	1	2	5	0	0	0	0.1111111111111111	0.10714285714285704	-1.067713e-05	0
859	Iter0860	0	0	10	2	0	0	0.2727272727272728	1.0	-0.0003390732132	0
860	Iter0861	2	2	3	5	0	0	1.6666666666666667	1.0	-0.00016961	0
861	Iter0862	0	1	4	5	0	0	0.6	1.0	-0.0005787542	0
862	Iter0863	1	2	3	2	0	0	0.3333333333333333	1.0	-0.00018520166432000002	0
863	Iter0864	1	2	2	1	0	0	0.25	1.0	-9.85092785e-05	0
864	Iter0865	2	1	9	0	0	0	0.15	0.25000000000000083	-1.1667198e-05	0
865	Iter0866	0	0	3	2	0	0	0.75	1.0	-0.0003212205988642001	0
866	Iter0867	0	1	6	0	0	0	0.07142857142857142	0.14285714285714285	-0.0008276113879999999	0
867	Iter0868	1	0	4	5	0	0	2.4	1.0	-0.000876715909	0
868	Iter0869	3	3	0	2	0	0	3.0	0.4642857142857145	-8.900006600000002e-05	0
869	Iter0870	3	1	2	0	0	0	0.6666666666666666	1.0	-6.20419e-06	0
870	Iter0871	0	4	4	0	0	0	0.04	0.028571428571428536	-0.00013063299999999998	0
871	Iter0872	3	0	9	2	0	0	1.2	1.0	-0.0007623469810000002	0
872	Iter0873	1	1	2	2	0	0	1.0	1.0	-0.0002714816	0
873	Iter0874	2	1	11	5	0	0	0.9090909090909092	1.0	-0.000104269	0
874	Iter0875	1	3	2	4	0	0	0.6666666666666666	1.0	-0.000148728213415	0
875	Iter0876	0	2	8	1	0	0	0.07407407407407407	0.05454545454545445	-5.19173e-06	0
876	Iter0877	0	1	4	3	0	0	0.4	1.0	-0.00016812707	0
877	Iter0878	1	2	8	2	0	0	0.125	0.2027972027972029	-1.708109e-05	0
878	Iter0879	2	2	2	3	0	0	1.5	1.0	-2.6041199e-06	0
879	Iter0880	1	2	3	2	0	0	0.3333333333333333	1.0	-0.000143628385	0
880	Iter0881	0	1	9	3	0	0	0.2	0.3076923076923073	-0.000311764	0
881	Iter0882	4	2	8	4	0	0	1.0	1.0	-9.814074899510001e-06	0
882	Iter0883	1	0	5	1	0	0	0.6666666666666666	1.0	-6.542875050000001e-05	0
883	Iter0884	0	1	5	3	0	0	0.3333333333333333	0.4444444444444454	-0.0001552172	0
884	Iter0885	0	2	7	0	0	0	0.04166666666666666	0.027777777777777804	-0.000447501000524511	0
885	Iter0886	4	2	6	4	0	0	1.3333333333333333	1.0	-0.000255549	0
886	Iter0887	1	3	4	4	0	0	0.3333333333333333	0.5757575757575774	0.0	0
887	Iter0888	1	3	2	4	0	0	0.6666666666666666	1.0	0.0	0
888	Iter0889	1	1	8	2	0	0	0.25	0.4545454545454548	-0.00017222250600000002	0
889	Iter0890	3	0	7	3	0	0	2.0	0.5279720279720299	-0.0011327174323000001	0
890	Iter0891	0	2	9	4	0	0	0.16666666666666666	0.14285714285714254	-0.000135173	0
891	Iter0892	0	0	4	4	0	0	1.0	1.0	-0.0001494693	0
892	Iter0893	0	0	8	0	0	0	0.1111111111111111	1.0	-1.6806979999999998e-06	0
893	Iter0894	2	1	6	3	0	0	1.0	1.0	-8.8465300690073e-06	0
894	Iter0895	0	0	9	6	0	0	0.7	1.0	-0.00035566405	0
895	Iter0896	1	2	1	1	0	0	0.5	1.0	-0.0003984713	0
896	Iter0897	1	4	6	1	0	0	0.04166666666666666	0.07196969696969706	-0.000475517	0
897	Iter0898	0	0	2	2	0	0	1.0	1.0	-0.0013406014142	0
898	Iter0899	0	0	9	3	0	0	0.4	1.0	-5.4488694e-05	0
899	Iter0900	2	2	9	4	0	0	0.4444444444444444	0.5840336134453747	-0.00011323458	0
900	Iter0901	1	3	3	4	0	0	0.4444444444444444	1.0	-0.00017335454	0
901	Iter0902	1	2	8	4	0	0	0.25	0.5252747252747239	-0.0003837777935	0
902	Iter0903	2	0	3	2	0	0	2.25	1.0	-4.791227e-05	0
903	Iter0904	5	4	6	0	0	0	0.17142857142857146	0.10329670329670336	-0.0005182926638999999	0
904	Iter0905	3	0	8	2	0	0	1.3333333333333333	1.0	-0.00053532758315	0
905	Iter0906	0	0	8	0	0	0	0.1111111111111111	1.0	-5.18249e-05	0
906	Iter0907	0	2	7	1	0	0	0.08333333333333333	0.06666666666666664	0.0	0
907	Iter0908	2	0	5	2	0	0	1.5	1.0	-4.13684e-05	0
908	Iter0909	0	0	4	2	0	0	0.6	1.0	-4.80584e-05	0
909	Iter0910	3	2	6	1	0	0	0.25	0.5227272727272729	-8.677365952299998e-05	0
910	Iter0911	2	0	10	3	0	0	1.0909090909090908	1.0	-1.33639e-05	0
911	Iter0912	3	1	1	3	0	0	9.0	0.4857142857142854	-0.00018215514724300003	0
912	Iter0913	0	1	5	3	0	0	0.3333333333333333	0.4444444444444454	-0.0002068707	0
913	Iter0914	1	2	4	2	0	0	0.25	0.5238095238095238	-0.00016916302	0
914	Iter0915	1	0	10	0	0	0	0.18181818181818185	1.0	-0.00034312480000000005	0
915	Iter0916	1	0	6	2	0	0	0.8571428571428571	1.0	-0.0007446868459999999	0
916	Iter0917	0	2	5	3	0	0	0.2222222222222222	0.4444444444444446	-1.24838e-05	0
917	Iter0918	1	1	3	1	0	0	0.3333333333333333	1.0	-0.000527357992	0
918	Iter0919	2	2	6	6	0	0	1.0	1.0	-5.75912e-05	0
919	Iter0920	2	2	2	1	0	0	0.5	1.0	-0.00033055252312975535	0
920	Iter0921	1	2	3	1	0	0	0.16666666666666666	0.4857142857142852	-3.9167052e-05	0
921	Iter0922	1	1	9	5	0	0	0.5555555555555556	1.0	-2.189893e-05	0
922	Iter0923	1	0	2	0	0	0	0.6666666666666666	1.0	-0.000266153454591	0
923	Iter0924	0	0	7	1	0	0	0.25	1.0	-0.000494376	0
924	Iter0925	1	0	7	5	0	0	1.5	1.0	-7.492089999999998e-06	0
925	Iter0926	0	1	4	1	0	0	0.2	0.3333333333333331	-1.9220586566e-05	0
926	Iter0927	1	0	2	2	0	0	2.0	1.0	-4.088382e-05	0
927	Iter0928	2	0	3	1	0	0	1.5	1.0	-0.0004078345293	0
928	Iter0929	1	1	7	2	0	0	0.2857142857142857	0.4909090909090902	-3.69702e-05	0
929	Iter0930	0	3	3	6	0	0	0.4375	0.509090909090909	-1.195550113e-05	0
930	Iter0931	2	3	3	1	0	0	0.2222222222222222	0.5238095238095235	-7.79176e-07	0
931	Iter0932	1	0	2	0	0	0	0.6666666666666666	1.0	-0.00044798860000000006	0
932	Iter0933	2	0	3	4	0	0	3.75	0.444444444444445	-0.0002561675925434669	0
933	Iter0934	4	2	7	4	0	0	1.1428571428571428	1.0	-0.00030906490563755893	0
934	Iter0935	3	0	4	2	0	0	2.4	0.5000000000000007	-0.000126063	0
935	Iter0936	1	0	4	5	0	0	2.4	1.0	-3.5451590000000004e-05	0
936	Iter0937	0	2	4	4	0	0	0.3333333333333333	0.46666666666666706	-0.000992227611	0
937	Iter0938	1	1	2	2	0	0	1.0	1.0	-3.19695716e-05	0
938	Iter0939	1	2	2	0	0	0	0.2222222222222222	0.4000000000000001	-6.0364964833e-05	0
939	Iter0940	0	4	5	2	0	0	0.1	0.06060606060606055	-0.0006686337000000001	0
940	Iter0941	0	1	1	2	0	0	0.75	1.0	-0.00016558319800000004	0
941	Iter0942	1	0	6	1	0	0	0.5714285714285714	1.0	-2.75983e-05	0
942	Iter0943	3	4	4	4	0	0	0.75	1.0	-8.053478512038e-05	0
943	Iter0944	2	2	4	2	0	0	0.5	1.0	-0.00015071015742	0
944	Iter0945	2	0	3	5	0	0	4.5	0.4444444444444446	-0.000496692639	0
945	Iter0946	3	5	4	2	0	0	0.3	0.5920745920745929	-0.00072266509	0
946	Iter0947	2	1	5	4	0	0	1.6	1.0	-0.00037674826710000004	0
947	Iter0948	2	1	9	0	0	0	0.15	0.25000000000000083	-9.652324026e-05	0
948	Iter0949	2	3	8	3	0	0	0.25	0.2994505494505492	-2.63407e-05	0
949	Iter0950	0	5	8	0	0	0	0.018518518518518517	0.0007770007770007782	-0.0002806409	0
950	Iter0951	4	1	3	3	0	0	4.0	0.5454545454545454	-0.0005188707000000001	0
951	Iter0952	4	1	8	3	0	0	1.5	1.0	-3.93937704127e-05	0
952	Iter0953	0	0	3	1	0	0	0.5	1.0	-0.00020803931689999998	0
953	Iter0954	2	3	7	2	0	0	0.19047619047619047	0.26573426573426473	-0.0010330400566615	0
954	Iter0955	0	2	5	4	0	0	0.2777777777777778	0.45454545454545403	0.0	0
955	Iter0956	3	0	6	4	0	0	2.8571428571428568	0.4965034965034971	-0.00045402580000000005	0
956	Iter0957	2	4	10	3	0	0	0.15	0.12874097007223875	-0.0002482198	0
957	Iter0958	0	2	4	3	0	0	0.26666666666666666	0.4444444444444452	-6.932689999999999e-08	0
958	Iter0959	1	3	6	2	0	0	0.1111111111111111	0.2222222222222228	-0.0005377730000000001	0
959	Iter0960	2	1	6	3	0	0	1.0	1.0	-1.34029632e-05	0
960	Iter0961	1	1	5	1	0	0	0.2	0.464285714285714	-3.279e-05	0
961	Iter0962	5	4	7	1	0	0	0.17857142857142858	0.2941176470588226	-0.0013935732309	0
962	Iter0963	1	2	7	4	0	0	0.2857142857142857	0.5384615384615384	-0.000654541585	0
963	Iter0964	4	0	8	3	0	0	2.2222222222222223	0.5164835164835135	-0.00016893599999999998	0
964	Iter0965	1	2	7	4	0	0	0.2857142857142857	0.5384615384615384	-6.66611278e-05	0
965	Iter0966	2	5	3	3	0	0	0.4	0.5920745920745943	-4.78787e-05	0
966	Iter0967	1	1	4	1	0	0	0.25	1.0	-0.000609564024869	0
967	Iter0968	3	1	5	2	0	0	1.2	1.0	-0.0008347490000000001	0
968	Iter0969	7	0	4	4	0	0	8.0	0.07692307692307697	-1.0858557e-05	0
969	Iter0970	0	0	5	1	0	0	0.3333333333333333	1.0	-1.2655832e-05	0
970	Iter0971	3	1	3	3	0	0	3.0	0.5714285714285717	-0.00031388818640000005	0
971	Iter0972	0	1	8	3	0	0	0.2222222222222222	0.3333333333333341	-0.000292866656	0
972	Iter0973	3	0	4	3	0	0	3.2	0.4749999999999999	-0.0001303370234272013	0
973	Iter0974	0	0	6	2	0	0	0.42857142857142855	1.0	-0.000263224754721	0
974	Iter0975	3	0	2	4	0	0	6.666666666666668	0.16666666666666674	-3.4183813599999995e-05	0
975	Iter0976	3	4	4	3	0	0	0.5625	1.0	-1.0722049999999998e-05	0
976	Iter0977	3	0	6	2	0	0	1.7142857142857142	1.0	-0.0013317360000000002	0
977	Iter0978	2	4	3	2	0	0	0.3333333333333333	0.5670995670995667	-0.000732812	0
978	Iter0979	2	1	7	2	0	0	0.5714285714285714	1.0	-3.96021133e-05	0
979	Iter0980	1	0	6	1	0	0	0.5714285714285714	1.0	-0.000743128	0
980	Iter0981	0	0	5	6	0	0	1.1666666666666667	1.0	-0.0003110269320224	0
981	Iter0982	0	2	4	0	0	0	0.06666666666666668	0.06666666666666668	-0.0005232769999999999	0
982	Iter0983	2	0	7	3	0	0	1.5	1.0	-2.50473e-05	0
983	Iter0984	0	4	4	4	0	0	0.2	0.20808080808080864	-1.49542e-09	0
984	Iter0985	1	4	3	0	0	0	0.1	0.14285714285714265	-5.92377997e-05	0
985	Iter0986	4	3	5	5	0	0	1.3333333333333333	1.0	-0.00085184856965	0
986	Iter0987	1	0	1	2	0	0	3.0	1.0	-0.000119808	0
987	Iter0988	1	1	5	1	0	0	0.2	0.464285714285714	-2.3577913000000006e-05	0
988	Iter0989	1	3	2	3	0	0	0.5	1.0	0.0	0
989	Iter0990	3	1	5	1	0	0	0.6	1.0	-6.951721800000002e-06	0
990	Iter0991	2	0	8	3	0	0	1.3333333333333333	1.0	-0.0005640164	0
991	Iter0992	4	1	6	1	0	0	0.6666666666666666	1.0	-0.0005220022000000001	0
992	Iter0993	0	2	2	1	0	0	0.2222222222222222	0.4000000000000001	-3.300715700014618e-05	0
993	Iter0994	0	0	5	2	0	0	0.5	1.0	-0.00059431308993	0
994	Iter0995	1	0	3	4	0	0	2.5	1.0	-0.00021920470000000002	0
995	Iter0996	0	0	7	8	0	0	1.125	1.0	0.0	0
996	Iter0997	1	2	4	3	0	0	0.375	1.0	-5.021583706e-06	0
997	Iter0998	4	1	7	1	0	0	0.5714285714285714	1.0	-2.47884e-08	0
998	Iter0999	4	3	9	3	0	0	0.4444444444444444	0.6168730650154763	-1.8688802589999998e-08	0
999	Iter1000	3	0	4	2	0	0	2.4	0.5000000000000007	-1.5973921163e-05	0
