	IterId	dN	dS	pN	pS	bdN	bpN	MkScore	FSPVal	SelCoef	PosSel
0	Iter0001	6	5	5	3	0	0	0.72	1.0	-0.000235477	0
1	Iter0002	5	6	12	1	0	0	0.06944444444444445	0.023264683447749776	-1.37863e-07	0
2	Iter0003	6	3	4	3	0	0	1.5	1.0	-0.00012788148020999998	0
3	Iter0004	4	9	6	1	0	0	0.07407407407407407	0.05727554179566554	-0.0018534432	0
4	Iter0005	7	8	1	1	0	0	0.875	1.0	-0.0005105420001393549	0
5	Iter0006	3	4	3	4	0	0	1.0	1.0	-0.001477791	0
6	Iter0007	4	7	5	2	0	0	0.22857142857142854	0.3348416289592765	-0.00024346533510000002	0
7	Iter0008	3	4	7	3	0	0	0.3214285714285714	0.34995886466474685	-2.5995305820310005e-07	0
8	Iter0009	3	6	5	0	0	0	0.09523809523809523	0.030969030969030927	-0.000256021	0
9	Iter0010	3	5	2	3	0	0	0.9	1.0	-0.000155234	0
10	Iter0011	10	5	7	4	0	0	1.1428571428571428	1.0	-6.065870020427901e-05	0
11	Iter0012	6	7	3	8	0	0	2.2857142857142856	0.4225333153856514	-0.000206658	0
12	Iter0013	4	13	5	0	0	0	0.05952380952380953	0.004784688995215303	-2.14019e-07	0
13	Iter0014	6	7	2	2	0	0	0.8571428571428571	1.0	-1.85976e-09	0
14	Iter0015	2	6	7	2	0	0	0.09523809523809523	0.05668449197860938	0.0	0
15	Iter0016	5	7	7	3	0	0	0.30612244897959184	0.2305310788282913	-7.609766e-06	0
16	Iter0017	8	8	1	2	0	0	2.0	1.0	-0.00105629623	0
17	Iter0018	6	6	3	0	0	0	0.25	0.22857142857142754	-0.001046920281883	0
18	Iter0019	2	5	5	5	0	0	0.4	0.6220691073632254	-7.20062e-09	0
19	Iter0020	6	3	7	0	0	0	0.21875	0.2124999999999989	-4.92785726e-08	0
20	Iter0021	6	8	4	2	0	0	0.375	0.628482972136224	-0.0002045406098	0
21	Iter0022	4	7	7	2	0	0	0.16326530612244894	0.0922838771135984	-2.2579e-05	0
22	Iter0023	7	4	2	3	0	0	2.625	0.5961538461538446	-0.0012101587505010001	0
23	Iter0024	4	5	9	1	0	0	0.08888888888888889	0.05727554179566529	0.0	0
24	Iter0025	4	10	3	3	0	0	0.4	0.6126160990712081	-0.0003558615	0
25	Iter0026	12	11	4	1	0	0	0.2727272727272727	0.3553113553113548	-0.00065776996813	0
26	Iter0027	5	8	2	2	0	0	0.625	1.0	-1.260365e-05	0
27	Iter0028	4	9	5	0	0	0	0.08333333333333333	0.029411764705882318	-4.0239190016e-07	0
28	Iter0029	5	2	5	5	0	0	2.5	0.6220691073632256	-0.0007005920000000001	0
29	Iter0030	8	5	5	3	0	0	0.96	1.0	-0.0003215852879999999	0
30	Iter0031	8	4	4	1	0	0	0.5	1.0	-0.0002438614	0
31	Iter0032	6	6	7	3	0	0	0.42857142857142855	0.4148606811145487	-0.00024143325403	0
32	Iter0033	5	8	3	3	0	0	0.625	1.0	-0.000321194	0
33	Iter0034	4	6	7	3	0	0	0.2857142857142857	0.3698499642772109	-0.00024782819999	0
34	Iter0035	3	4	8	2	0	0	0.1875	0.161764705882353	0.0	0
35	Iter0036	3	6	10	1	0	0	0.05	0.016640866873064954	-1.35317e-06	0
36	Iter0037	9	6	6	4	0	0	1.0	1.0	-1.21025e-05	0
37	Iter0038	3	4	3	6	0	0	1.5	1.0	0.0	0
38	Iter0039	4	4	6	2	0	0	0.3333333333333333	0.6083916083916072	0.0	0
39	Iter0040	7	5	8	5	0	0	0.8749999999999999	1.0	-0.0001989087	0
40	Iter0041	6	4	8	3	0	0	0.5625	0.6594427244582068	-8.918380252203e-05	0
41	Iter0042	6	5	4	4	0	0	1.2	1.0	-0.0008222	0
42	Iter0043	5	5	8	3	0	0	0.375	0.3869969040247671	-0.0003983078688	0
43	Iter0044	8	7	7	2	0	0	0.32653061224489793	0.3890664961636856	-0.000298503200503086	0
44	Iter0045	5	7	12	4	0	0	0.2380952380952381	0.12115070284406658	0.0	0
45	Iter0046	7	5	6	1	0	0	0.2333333333333333	0.3330753353973148	-5.430426100000001e-08	0
46	Iter0047	5	7	3	1	0	0	0.2380952380952381	0.5692307692307679	-3.88415e-05	0
47	Iter0048	8	6	5	1	0	0	0.26666666666666666	0.35436016511867924	-0.0002033913012	0
48	Iter0049	5	7	6	2	0	0	0.2380952380952381	0.19680876399142705	-1.8977015122e-07	0
49	Iter0050	8	4	8	0	0	0	0.2	0.11661506707946405	-0.0006386901	0
50	Iter0051	6	4	6	3	0	0	0.75	1.0	-1.4486700000000004e-06	0
51	Iter0052	6	7	2	1	0	0	0.42857142857142855	1.0	-7.23711e-07	0
52	Iter0053	4	8	6	4	0	0	0.3333333333333333	0.3912836389616556	-0.000668938	0
53	Iter0054	4	5	4	6	0	0	1.2000000000000002	1.0	-0.000127562	0
54	Iter0055	6	8	4	2	0	0	0.375	0.628482972136224	-1.3128799999999998e-06	0
55	Iter0056	8	8	4	1	0	0	0.25	0.33834586466165395	-2.2188032740000003e-05	0
56	Iter0057	8	6	4	4	0	0	1.3333333333333333	1.0	-0.00020815400000000005	0
57	Iter0058	3	9	4	4	0	0	0.3333333333333333	0.35634674922600523	0.0	0
58	Iter0059	4	10	6	4	0	0	0.26666666666666666	0.2112330057881284	-0.000395599	0
59	Iter0060	7	11	4	2	0	0	0.3181818181818182	0.35722458319712297	-0.0017540517	0
60	Iter0061	7	3	4	3	0	0	1.7500000000000002	0.6436651583710411	-0.00023539279132254702	0
61	Iter0062	5	8	4	1	0	0	0.15625	0.2941176470588233	-5.876729999999998e-06	0
62	Iter0063	6	7	6	6	0	0	0.8571428571428571	1.0	-0.00013987982	0
63	Iter0064	6	10	3	0	0	0	0.1590909090909091	0.0866873065015481	-1.05047e-05	0
64	Iter0065	5	8	2	1	0	0	0.3125	0.5499999999999977	-3.076008e-05	0
65	Iter0066	5	5	1	4	0	0	4.0	0.5804195804195791	-0.000174521822	0
66	Iter0067	4	4	9	4	0	0	0.4444444444444444	0.6458204334365318	-6.1579143e-05	0
67	Iter0068	9	4	6	3	0	0	1.125	1.0	-5.61767987e-08	0
68	Iter0069	7	2	7	5	0	0	2.5	0.6424148606811163	-1.1694641899999999e-06	0
69	Iter0070	1	5	5	3	0	0	0.12	0.1375291375291378	0.0	0
70	Iter0071	9	5	9	2	0	0	0.4	0.4065217391304383	-8.574180709714002e-05	0
71	Iter0072	9	7	9	3	0	0	0.4285714285714286	0.4343249427917592	-0.00010237890000000001	0
72	Iter0073	4	4	7	1	0	0	0.14285714285714285	0.28205128205128155	-0.00014088586	0
73	Iter0074	5	6	7	5	0	0	0.5952380952380953	0.6842726529090739	-0.00017923287546499998	0
74	Iter0075	4	1	5	4	0	0	3.2	0.5804195804195778	-9.44492e-09	0
75	Iter0076	3	5	7	3	0	0	0.2571428571428571	0.34156040038393043	-1.227147e-05	0
76	Iter0077	3	5	8	3	0	0	0.225	0.1809160911328097	-2.39703e-06	0
77	Iter0078	5	2	4	1	0	0	0.625	1.0	-0.001023514	0
78	Iter0079	5	6	8	3	0	0	0.3125000000000001	0.3869969040247673	-0.00016572868799999998	0
79	Iter0080	3	8	2	4	0	0	0.75	1.0	-7.05836e-07	0
80	Iter0081	7	10	8	3	0	0	0.2625	0.1367331371908031	-4.0318189321999995e-05	0
81	Iter0082	3	5	7	4	0	0	0.3428571428571429	0.3698499642772085	-0.000348221621155	0
82	Iter0083	5	7	6	4	0	0	0.4761904761904762	0.6699214098594888	-0.00015120120999999998	0
83	Iter0084	6	2	4	1	0	0	0.75	1.0	-0.0003564876	0
84	Iter0085	9	2	5	1	0	0	0.9	1.0	-0.0006990523148690002	0
85	Iter0086	4	4	7	3	0	0	0.42857142857142855	0.6304675716440447	-3.1470400000000004e-07	0
86	Iter0087	6	8	9	4	0	0	0.3333333333333333	0.2518598285996341	-6.47451e-05	0
87	Iter0088	8	3	5	5	0	0	2.6666666666666665	0.3869969040247678	-1.3641049999999999e-05	0
88	Iter0089	5	7	7	4	0	0	0.4081632653061225	0.4136492125454283	-1.3370179999999996e-05	0
89	Iter0090	8	8	4	3	0	0	0.75	1.0	-2.251729e-05	0
90	Iter0091	3	4	7	2	0	0	0.21428571428571427	0.30244755244755184	-8.700399999999999e-06	0
91	Iter0092	2	8	6	1	0	0	0.04166666666666666	0.015220074043603428	0.0	0
92	Iter0093	10	6	2	1	0	0	0.8333333333333334	1.0	-0.000247591376	0
93	Iter0094	0	9	2	2	0	0	0.1	0.0769230769230771	0.0	0
94	Iter0095	3	5	5	0	0	0	0.1111111111111111	0.07536907536907554	0.0	0
95	Iter0096	4	4	7	9	0	0	1.2857142857142856	1.0	0.0	0
96	Iter0097	7	3	4	4	0	0	2.333333333333333	0.6304675716440442	-4.929619999999999e-10	0
97	Iter0098	13	3	7	1	0	0	0.6190476190476191	1.0	-0.00055393244433459	0
98	Iter0099	13	6	3	1	0	0	0.7222222222222222	1.0	-0.00031682226	0
99	Iter0100	6	7	7	2	0	0	0.24489795918367346	0.20309597523219752	-1.7407889999999996e-05	0
100	Iter0101	11	7	1	2	0	0	3.1428571428571432	0.5533834586466145	-0.0008060338	0
101	Iter0102	12	5	3	2	0	0	1.6	1.0	-0.0026002450999999993	0
102	Iter0103	5	7	4	1	0	0	0.17857142857142858	0.29411764705882265	-1.23842e-07	0
103	Iter0104	4	6	7	5	0	0	0.4761904761904762	0.6699214098594888	-1.139652e-05	0
104	Iter0105	8	3	4	5	0	0	3.333333333333333	0.36184805906168094	-1.55068577e-05	0
105	Iter0106	0	6	2	3	0	0	0.19047619047619047	0.1818181818181815	0.0	0
106	Iter0107	4	3	5	3	0	0	0.7999999999999999	1.0	-0.0017979127825	0
107	Iter0108	3	6	13	3	0	0	0.1153846153846154	0.0308104602356861	0.0	0
108	Iter0109	6	5	2	1	0	0	0.6	1.0	-1.66281e-05	0
109	Iter0110	9	4	4	0	0	0	0.4	0.5193277310924337	-0.0014841314000000002	0
110	Iter0111	6	6	4	0	0	0	0.2	0.23351648351648305	-0.00033781926534	0
111	Iter0112	5	3	10	5	0	0	0.8333333333333334	1.0	-0.000673730494	0
112	Iter0113	7	6	6	2	0	0	0.3888888888888889	0.39986240110079024	-7.0354199999999984e-06	0
113	Iter0114	10	11	6	0	0	0	0.13095238095238096	0.053586027499071626	-0.0005708616	0
114	Iter0115	12	3	5	2	0	0	1.6	1.0	-9.900935499999999e-05	0
115	Iter0116	8	5	3	1	0	0	0.5333333333333333	1.0	-0.0024495263	0
116	Iter0117	3	3	3	0	0	0	0.25	0.4642857142857149	-2.71313e-07	0
117	Iter0118	5	5	8	5	0	0	0.625	0.6850181720285324	-2.38754e-05	0
118	Iter0119	4	4	5	2	0	0	0.4	0.6083916083916073	-1.6424244999999999e-06	0
119	Iter0120	9	7	6	3	0	0	0.6428571428571429	0.69131780858797	-0.0001356210516	0
120	Iter0121	5	5	5	1	0	0	0.2	0.3069430569430568	-0.0007348831920000001	0
121	Iter0122	6	7	3	4	0	0	1.1428571428571428	1.0	-4.643116e-05	0
122	Iter0123	6	2	7	0	0	0	0.2916666666666667	0.4666666666666644	-6.0521481e-08	0
123	Iter0124	6	2	4	5	0	0	3.75	0.3348416289592763	-0.00035225770000000005	0
124	Iter0125	7	5	7	0	0	0	0.16666666666666666	0.10603715170278656	-8.228212627999999e-05	0
125	Iter0126	1	7	7	3	0	0	0.061224489795918366	0.024818318935966067	0.0	0
126	Iter0127	9	4	2	2	0	0	2.25	0.5840336134453747	-0.001151232000004001	0
127	Iter0128	9	6	5	5	0	0	1.5	0.6968299905774697	-0.00029385654091	0
128	Iter0129	6	7	6	3	0	0	0.42857142857142855	0.414860681114548	-0.0002017321099	0
129	Iter0130	2	5	4	5	0	0	0.5	0.6328671328671325	0.0	0
130	Iter0131	5	3	6	1	0	0	0.2777777777777778	0.5692307692307679	-0.0003779541	0
131	Iter0132	4	6	3	3	0	0	0.6666666666666666	1.0	-8.89350603e-05	0
132	Iter0133	3	6	5	2	0	0	0.2	0.3146853146853139	-1.326338e-06	0
133	Iter0134	3	5	5	2	0	0	0.24	0.3146853146853145	-1.2980549999999997e-06	0
134	Iter0135	5	10	10	0	0	0	0.049586776859504134	0.0009648918856080019	-0.00022319134	0
135	Iter0136	6	5	5	1	0	0	0.24	0.3333872010342601	-5.0643013182114e-05	0
136	Iter0137	3	7	7	3	0	0	0.18367346938775508	0.17889540799757472	-5.03346e-05	0
137	Iter0138	6	11	6	4	0	0	0.3636363636363636	0.2565980167810856	-4.600307e-05	0
138	Iter0139	6	8	5	3	0	0	0.45	0.6594427244582044	-0.00010167372894	0
139	Iter0140	4	8	5	6	0	0	0.6	0.680172297752053	-0.000302029	0
140	Iter0141	4	11	3	2	0	0	0.24242424242424246	0.2897961816305466	-0.0002968952	0
141	Iter0142	3	4	3	0	0	0	0.2	0.20000000000000007	0.0	0
142	Iter0143	7	4	5	3	0	0	1.05	1.0	-0.0005181523809999999	0
143	Iter0144	10	4	5	8	0	0	4.0	0.12834612105711968	-0.000825882	0
144	Iter0145	3	6	2	3	0	0	0.75	1.0	0.0	0
145	Iter0146	9	8	4	3	0	0	0.84375	1.0	-0.00027252220000000005	0
146	Iter0147	3	3	2	4	0	0	2.0	1.0	0.0	0
147	Iter0148	5	2	9	4	0	0	1.1111111111111112	1.0	-0.0005848701299999999	0
148	Iter0149	6	5	0	3	0	0	4.666666666666667	0.2087912087912085	-0.000373308	0
149	Iter0150	6	6	6	3	0	0	0.5	0.6604905929983331	-4.4918524744e-05	0
150	Iter0151	4	5	3	3	0	0	0.8	1.0	-0.00023732781	0
151	Iter0152	5	6	4	3	0	0	0.6250000000000001	1.0	-0.0004014124	0
152	Iter0153	5	7	3	0	0	0	0.1875	0.19999999999999934	-0.00069758574	0
153	Iter0154	3	1	12	1	0	0	0.25	0.4264705882352935	-2.30819e-05	0
154	Iter0155	6	4	3	1	0	0	0.5	1.0	-0.0004190817	0
155	Iter0156	6	6	3	2	0	0	0.6666666666666666	1.0	-0.0001209683761	0
156	Iter0157	6	5	3	2	0	0	0.7999999999999999	1.0	-1.82112326094e-05	0
157	Iter0158	4	3	6	1	0	0	0.2222222222222222	0.5594405594405601	-8.68381e-08	0
158	Iter0159	8	1	4	4	0	0	8.0	0.1312217194570132	-1.2316419e-05	0
159	Iter0160	2	4	4	2	0	0	0.25	0.5670995670995689	-0.000493744220928	0
160	Iter0161	7	5	2	1	0	0	0.7	1.0	-3.9514085e-05	0
161	Iter0162	5	8	8	1	0	0	0.078125	0.030605926581158623	-6.608412299999999e-07	0
162	Iter0163	6	4	3	2	0	0	1.0	1.0	-0.00015141864	0
163	Iter0164	5	7	7	2	0	0	0.20408163265306126	0.1842343415098833	-0.000155566	0
164	Iter0165	2	3	1	3	0	0	2.0	1.0	-1.2553e-06	0
165	Iter0166	5	4	5	4	0	0	1.0	1.0	-0.000196527	0
166	Iter0167	6	8	7	2	0	0	0.21428571428571427	0.1967963386727676	-0.0007530530000000001	0
167	Iter0168	6	5	7	1	0	0	0.17142857142857146	0.17698658410732676	-0.00028024682000000003	0
168	Iter0169	4	7	3	6	0	0	1.1428571428571428	1.0	-3.96880343e-07	0
169	Iter0170	8	4	5	3	0	0	1.2	1.0	-0.0005594239441	0
170	Iter0171	3	3	4	3	0	0	0.75	1.0	-3.44548e-06	0
171	Iter0172	6	2	4	4	0	0	3.0	0.6083916083916072	-0.0002165027	0
172	Iter0173	2	2	4	4	0	0	1.0	1.0	0.0	0
173	Iter0174	2	8	7	2	0	0	0.07142857142857142	0.023014137565221054	0.0	0
174	Iter0175	5	1	1	2	0	0	10.0	0.2261904761904764	-1.47193e-08	0
175	Iter0176	8	7	4	4	0	0	1.1428571428571428	1.0	-0.0001600067561	0
176	Iter0177	5	4	2	2	0	0	1.25	1.0	-0.0006918232	0
177	Iter0178	9	8	6	3	0	0	0.5625	0.6828375286041237	-0.00022113512909891598	0
178	Iter0179	5	5	6	1	0	0	0.16666666666666666	0.30429864253393674	-0.000291996240584008	0
179	Iter0180	3	8	7	4	0	0	0.21428571428571427	0.1983805668016192	0.0	0
180	Iter0181	4	10	1	2	0	0	0.8	1.0	0.0	0
181	Iter0182	9	7	4	6	0	0	1.9285714285714288	0.6881679903082522	-0.00097611047	0
182	Iter0183	3	6	4	4	0	0	0.5	0.6371863430686965	-8.399380000000001e-08	0
183	Iter0184	4	6	7	1	0	0	0.09523809523809523	0.06561085972850708	-1.2960999999999997e-05	0
184	Iter0185	4	6	5	7	0	0	0.9333333333333332	1.0	-2.124717675e-05	0
185	Iter0186	3	4	6	2	0	0	0.25	0.3146853146853137	-4.48779e-07	0
186	Iter0187	9	9	5	2	0	0	0.4	0.4065217391304364	-0.00017779910013733101	0
187	Iter0188	8	7	7	3	0	0	0.4897959183673469	0.6784560506124684	-3.30133165e-05	0
188	Iter0189	5	9	4	2	0	0	0.2777777777777778	0.3359133126934998	-4.110556e-06	0
189	Iter0190	11	7	0	3	0	0	6.0	0.09022556390977424	-0.00151442363	0
190	Iter0191	7	6	4	4	0	0	1.1666666666666667	1.0	-4.6150337888e-05	0
191	Iter0192	8	5	5	2	0	0	0.64	1.0	-3.9252973e-05	0
192	Iter0193	9	6	2	0	0	0	0.4761904761904762	0.5147058823529396	-0.0013506481516	0
193	Iter0194	9	5	8	4	0	0	0.9	1.0	-5.785318715e-05	0
194	Iter0195	6	5	3	3	0	0	1.2	1.0	-4.685770227074e-06	0
195	Iter0196	6	8	5	4	0	0	0.6	0.6801722977520519	-0.00010840564000000001	0
196	Iter0197	7	10	5	2	0	0	0.28	0.3707093821510299	-2.6366298104999996e-05	0
197	Iter0198	6	11	4	5	0	0	0.6818181818181818	0.6924485125858162	-2.2145268e-05	0
198	Iter0199	7	7	6	5	0	0	0.8333333333333334	1.0	-2.80043537118e-05	0
199	Iter0200	3	3	5	3	0	0	0.6	1.0	-0.000188694	0
200	Iter0201	9	4	9	2	0	0	0.5	0.6493952271984307	-6.8268714e-05	0
201	Iter0202	5	5	5	1	0	0	0.2	0.3069430569430568	-1.4739513555199997e-05	0
202	Iter0203	7	5	8	5	0	0	0.8749999999999999	1.0	-0.0005831868134910001	0
203	Iter0204	4	9	4	2	0	0	0.2222222222222222	0.3188854489164083	-3.9196600000000003e-05	0
204	Iter0205	4	3	8	1	0	0	0.16666666666666666	0.2615384615384597	-1.50097e-05	0
205	Iter0206	4	4	10	3	0	0	0.3	0.34575163398692954	-4.272874e-05	0
206	Iter0207	4	2	8	2	0	0	0.5	0.6043956043956026	-1.73367e-05	0
207	Iter0208	5	7	5	3	0	0	0.42857142857142855	0.6499166468206725	-9.2878685e-05	0
208	Iter0209	5	4	5	1	0	0	0.25	0.5804195804195798	-2.01352e-06	0
209	Iter0210	5	6	7	4	0	0	0.4761904761904762	0.6699214098594872	-0.0004883503999999999	0
210	Iter0211	3	8	8	5	0	0	0.234375	0.1228006076572504	-7.11914e-10	0
211	Iter0212	7	2	6	0	0	0	0.3809523809523809	0.4857142857142826	-1.16693761e-06	0
212	Iter0213	5	6	2	2	0	0	0.8333333333333334	1.0	-0.0005191531	0
213	Iter0214	9	5	3	2	0	0	1.2	1.0	-0.00059991800056	0
214	Iter0215	4	5	5	1	0	0	0.16	0.2867132867132856	0.0	0
215	Iter0216	4	7	5	2	0	0	0.22857142857142854	0.3348416289592765	-6.404393e-08	0
216	Iter0217	6	4	1	2	0	0	3.0	0.5594405594405605	-2.007679e-05	0
217	Iter0218	6	11	0	1	0	0	1.1666666666666667	1.0	-2.9962682e-05	0
218	Iter0219	3	6	2	5	0	0	1.25	1.0	-1.02965e-09	0
219	Iter0220	8	5	4	2	0	0	0.8	1.0	-0.0003667914128	0
220	Iter0221	2	4	4	1	0	0	0.125	0.2424242424242421	-7.71746e-05	0
221	Iter0222	12	7	5	1	0	0	0.3428571428571429	0.6237154150197661	-0.0010269802369699999	0
222	Iter0223	0	9	7	3	0	0	0.05	0.003095975232198134	0.0	0
223	Iter0224	3	10	4	3	0	0	0.225	0.1735810113519089	-8.9540700768761e-05	0
224	Iter0225	6	6	4	2	0	0	0.5	0.6380090497737558	-0.00029193903	0
225	Iter0226	4	5	5	1	0	0	0.16	0.2867132867132856	-8.9209418e-06	0
226	Iter0227	7	5	2	1	0	0	0.7	1.0	-0.0009316779999999999	0
227	Iter0228	10	6	3	1	0	0	0.5555555555555556	1.0	-0.0009256998190000001	0
228	Iter0229	4	3	8	3	0	0	0.5	0.6266968325791855	-2.9953406e-05	0
229	Iter0230	11	6	4	3	0	0	1.375	1.0	-0.00030953550302300004	0
230	Iter0231	3	7	8	3	0	0	0.16071428571428573	0.08610893750212645	-7.03826e-06	0
231	Iter0232	6	3	2	1	0	0	1.0	1.0	-0.00168889786	0
232	Iter0233	4	4	5	3	0	0	0.6	1.0	-1.68927e-09	0
233	Iter0234	9	7	4	6	0	0	1.9285714285714288	0.6881679903082522	-0.001057647076	0
234	Iter0235	6	5	2	1	0	0	0.6	1.0	-2.040277e-06	0
235	Iter0236	6	3	4	3	0	0	1.5	1.0	-1.20329e-08	0
236	Iter0237	8	5	3	4	0	0	2.1333333333333333	0.6424148606811149	-0.000157597298582	0
237	Iter0238	7	7	4	4	0	0	1.0	1.0	-0.00020168210738	0
238	Iter0239	1	7	5	4	0	0	0.11428571428571427	0.13122171945701366	-1.64653e-07	0
239	Iter0240	10	3	7	1	0	0	0.4761904761904762	1.0	-0.000340743830199984	0
240	Iter0241	5	4	8	2	0	0	0.3125	0.3498452012383897	-0.00043901898000000005	0
241	Iter0242	2	5	6	1	0	0	0.06666666666666668	0.10256410256410242	0.0	0
242	Iter0243	7	5	4	4	0	0	1.4	1.0	-6.10058e-08	0
243	Iter0244	4	7	3	5	0	0	0.9523809523809524	1.0	-4.9191355e-05	0
244	Iter0245	4	8	8	0	0	0	0.0617283950617284	0.004699531634516143	-2.7099669e-05	0
245	Iter0246	3	9	7	5	0	0	0.2380952380952381	0.21375689864046296	-0.00068438095	0
246	Iter0247	8	7	3	3	0	0	1.1428571428571428	1.0	-2.86584527e-05	0
247	Iter0248	10	6	5	5	0	0	1.6666666666666667	0.6890564005922777	-0.0005053775	0
248	Iter0249	5	8	4	2	0	0	0.3125	0.34984520123838925	-0.000531330891259	0
249	Iter0250	8	4	7	5	0	0	1.4285714285714286	1.0	-0.00028239387784	0
250	Iter0251	9	8	10	1	0	0	0.1125	0.049147953495779564	-3.1204254999e-05	0
251	Iter0252	9	6	6	2	0	0	0.5	0.6570197873199626	-8.562298299999999e-05	0
252	Iter0253	8	9	3	1	0	0	0.2962962962962963	0.5864661654135335	-0.00037481271	0
253	Iter0254	6	7	2	5	0	0	2.142857142857143	0.6424148606811125	-0.001279660372951	0
254	Iter0255	4	1	7	2	0	0	1.1428571428571428	1.0	-0.000169576682	0
255	Iter0256	11	3	7	9	0	0	4.714285714285714	0.07171677319235192	-0.0004620501859	0
256	Iter0257	5	7	9	3	0	0	0.2380952380952381	0.21375689864046254	-0.0005340010000000001	0
257	Iter0258	3	6	5	1	0	0	0.1	0.1188811188811186	-1.2767529e-06	0
258	Iter0259	4	7	3	0	0	0	0.15625	0.1923076923076922	-2.487647e-06	0
259	Iter0260	3	3	3	2	0	0	0.6666666666666666	1.0	0.0	0
260	Iter0261	7	2	2	1	0	0	1.75	1.0	-0.0009344280200000001	0
261	Iter0262	2	9	7	4	0	0	0.12698412698412698	0.08049535603715141	0.0	0
262	Iter0263	4	10	5	0	0	0	0.07575757575757576	0.010835913312693509	-0.000112817111	0
263	Iter0264	8	4	8	2	0	0	0.5	0.6461742591773529	-0.0005612763	0
264	Iter0265	7	5	4	0	0	0	0.26666666666666666	0.2445054945054937	-0.00124239156617	0
265	Iter0266	7	7	3	3	0	0	1.0	1.0	-1.73354857e-05	0
266	Iter0267	3	6	4	6	0	0	0.75	1.0	0.0	0
267	Iter0268	8	5	10	4	0	0	0.64	0.6945842868039729	-0.001157255770555	0
268	Iter0269	2	8	12	3	0	0	0.0625	0.00513864584735503	-5.6655335e-06	0
269	Iter0270	2	2	5	4	0	0	0.8	1.0	-0.0007652421569999999	0
270	Iter0271	8	11	3	4	0	0	0.9696969696969696	1.0	-0.0006948490815522101	0
271	Iter0272	10	4	5	4	0	0	2.0	0.6570197873199619	-0.0007275509099999999	0
272	Iter0273	5	9	7	3	0	0	0.2380952380952381	0.21375689864046335	-0.00041679377999999997	0
273	Iter0274	5	4	6	2	0	0	0.4166666666666667	0.6199095022624428	-0.000176247794943	0
274	Iter0275	6	5	3	5	0	0	2.0	0.6499166468206735	-0.0010446553000000001	0
275	Iter0276	2	6	4	2	0	0	0.16666666666666666	0.2773892773892779	-2.27806e-14	0
276	Iter0277	8	8	5	1	0	0	0.2	0.33303847854931445	-0.00038246543	0
277	Iter0278	7	2	7	2	0	0	1.0	1.0	-8.811865000444134e-05	0
278	Iter0279	8	1	5	1	0	0	1.6	1.0	-1.3401071800000001e-05	0
279	Iter0280	8	6	2	1	0	0	0.6666666666666666	1.0	-1.73839e-05	0
280	Iter0281	4	8	5	2	0	0	0.2	0.16980233388902108	-0.00013811728	0
281	Iter0282	9	9	4	6	0	0	1.5	0.7054919908466758	-0.000584851550015102	0
282	Iter0283	4	8	6	3	0	0	0.25	0.19838056680161925	-8.191090300000001e-06	0
283	Iter0284	6	6	7	2	0	0	0.2857142857142857	0.36656346749225854	-0.0003279897	0
284	Iter0285	11	7	6	2	0	0	0.5238095238095238	0.6672852090701082	-0.0005388350049545699	0
285	Iter0286	7	10	6	3	0	0	0.35	0.4109839816933635	-3.4678276e-05	0
286	Iter0287	8	9	4	3	0	0	0.6666666666666666	1.0	-1.391333047438e-05	0
287	Iter0288	9	4	6	7	0	0	2.625	0.4283079822317955	-1.036689e-10	0
288	Iter0289	3	11	8	1	0	0	0.03409090909090909	0.002759456185220073	-2.90347e-09	0
289	Iter0290	2	6	3	3	0	0	0.3333333333333333	0.5804195804195802	0.0	0
290	Iter0291	3	4	9	3	0	0	0.25	0.3260895451297916	-0.000556474	0
291	Iter0292	7	4	1	1	0	0	1.75	1.0	-1.4038399877456e-05	0
292	Iter0293	4	4	8	3	0	0	0.375	0.3765182186234817	-0.00057147	0
293	Iter0294	9	2	8	3	0	0	1.6875	1.0	-2.8881302e-06	0
294	Iter0295	6	7	6	4	0	0	0.5714285714285714	0.6801722977520499	-0.0001189715619	0
295	Iter0296	4	4	11	2	0	0	0.18181818181818185	0.14617425917735505	-0.000451112734	0
296	Iter0297	4	4	6	4	0	0	0.6666666666666666	1.0	-1.16553e-12	0
297	Iter0298	6	6	9	4	0	0	0.4444444444444444	0.42830798223179417	0.0	0
298	Iter0299	8	4	2	2	0	0	2.0	0.604395604395601	-0.00072688295287	0
299	Iter0300	5	4	6	2	0	0	0.4166666666666667	0.6199095022624428	-1.453799e-06	0
300	Iter0301	6	6	1	3	0	0	3.0	0.5846153846153823	-0.0016984998283400001	0
301	Iter0302	7	5	3	1	0	0	0.4666666666666666	1.0	-0.0001015235216985	0
302	Iter0303	7	4	7	3	0	0	0.75	1.0	-0.00021712100000005407	0
303	Iter0304	5	8	8	3	0	0	0.234375	0.1228006076572504	-2.64139e-05	0
304	Iter0305	6	5	6	3	0	0	0.6	0.669921409859489	-0.0005228664999999999	0
305	Iter0306	7	7	6	2	0	0	0.3333333333333333	0.3801857585139316	-0.0008449447999999999	0
306	Iter0307	5	7	7	4	0	0	0.4081632653061225	0.4136492125454283	-0.0001865262	0
307	Iter0308	5	4	5	6	0	0	1.5	1.0	-1.60659e-06	0
308	Iter0309	4	7	4	3	0	0	0.42857142857142855	0.6304675716440449	-9.26059e-06	0
309	Iter0310	3	6	8	3	0	0	0.1875	0.17480352464872584	-3.20574e-05	0
310	Iter0311	4	5	5	1	0	0	0.16	0.2867132867132856	0.0	0
311	Iter0312	4	3	6	3	0	0	0.6666666666666666	1.0	-0.00166661	0
312	Iter0313	3	9	6	2	0	0	0.1111111111111111	0.06477732793522263	-0.00023865363029999998	0
313	Iter0314	10	7	3	1	0	0	0.4761904761904762	1.0	-0.00185695601050087	0
314	Iter0315	4	3	6	4	0	0	0.8888888888888888	1.0	-3.710194e-05	0
315	Iter0316	5	10	5	3	0	0	0.3	0.22129492529277067	-0.0008334974812	0
316	Iter0317	2	6	9	4	0	0	0.14814814814814814	0.08049535603715191	-2.66569e-05	0
317	Iter0318	6	3	5	3	0	0	1.2	1.0	-0.000208163665	0
318	Iter0319	4	9	5	2	0	0	0.17777777777777776	0.15967492260061886	-3.97251e-05	0
319	Iter0320	4	4	10	4	0	0	0.4	0.3864465084279329	-0.000126481624353	0
320	Iter0321	9	4	6	2	0	0	0.75	1.0	-0.000908411879	0
321	Iter0322	11	4	3	4	0	0	3.6666666666666665	0.3426212590299271	-0.00247612249	0
322	Iter0323	11	6	3	2	0	0	1.2222222222222219	1.0	-1.791197500125118e-05	0
323	Iter0324	4	6	9	2	0	0	0.14814814814814814	0.08049535603715162	-2.94429e-09	0
324	Iter0325	6	10	6	3	0	0	0.3	0.2261946426167725	-4.34508630704e-07	0
325	Iter0326	6	2	9	1	0	0	0.3333333333333333	0.5588235294117672	-4.3107960000000005e-05	0
326	Iter0327	3	7	4	1	0	0	0.10714285714285714	0.11888111888111895	-4.54476e-06	0
327	Iter0328	5	5	7	5	0	0	0.7142857142857143	1.0	-2.100433721e-06	0
328	Iter0329	6	4	4	3	0	0	1.125	1.0	-0.00026417248	0
329	Iter0330	5	6	5	2	0	0	0.33333333333333337	0.36651583710407337	-0.0011891534000000002	0
330	Iter0331	9	3	7	0	0	0	0.3125	0.2631578947368428	-0.00019639863398843304	0
331	Iter0332	6	8	7	4	0	0	0.42857142857142855	0.428307982231794	-0.00028215	0
332	Iter0333	9	7	6	2	0	0	0.4285714285714286	0.6570197873199679	-0.00048254164319999995	0
333	Iter0334	2	5	6	0	0	0	0.07142857142857142	0.02097902097902106	-1.40392e-08	0
334	Iter0335	7	7	4	4	0	0	1.0	1.0	-5.572868935443e-05	0
335	Iter0336	6	6	6	3	0	0	0.5	0.6604905929983331	-5.5739985439999996e-05	0
336	Iter0337	8	6	5	1	0	0	0.26666666666666666	0.35436016511867924	-0.0005406029919	0
337	Iter0338	2	8	10	6	0	0	0.15	0.05109705209314887	-1.6447e-08	0
338	Iter0339	6	4	5	1	0	0	0.3	0.5879120879120863	-0.00046923238	0
339	Iter0340	9	5	12	3	0	0	0.45	0.4269865067466314	-0.000627056721846	0
340	Iter0341	6	4	7	4	0	0	0.8571428571428571	1.0	-1.98573819e-05	0
341	Iter0342	4	5	1	4	0	0	3.2	0.5804195804195783	-0.0003671414568542	0
342	Iter0343	9	8	6	1	0	0	0.1875	0.1907114624505943	-6.188375045866e-05	0
343	Iter0344	11	8	4	2	0	0	0.6875	1.0	-0.0005447649000000001	0
344	Iter0345	3	7	9	5	0	0	0.2380952380952381	0.21375689864046335	0.0	0
345	Iter0346	11	1	6	3	0	0	5.5	0.27218045112782063	-9.529563499999998e-06	0
346	Iter0347	6	6	8	3	0	0	0.375	0.4003230582850995	-2.216921e-05	0
347	Iter0348	6	4	5	1	0	0	0.3	0.5879120879120863	-7.963592000000001e-08	0
348	Iter0349	5	6	8	3	0	0	0.3125000000000001	0.3869969040247673	-0.000337366	0
349	Iter0350	3	9	6	1	0	0	0.05555555555555555	0.019766611097880457	-6.9023367352e-05	0
350	Iter0351	7	4	6	2	0	0	0.5833333333333334	1.0	-6.1049054501e-05	0
351	Iter0352	9	5	3	0	0	0	0.4166666666666667	0.5147058823529412	-5.3467813000000006e-05	0
352	Iter0353	5	7	7	2	0	0	0.20408163265306126	0.1842343415098833	-9.558365999999999e-05	0
353	Iter0354	4	8	8	3	0	0	0.1875	0.09953271926619606	-0.000562010883	0
354	Iter0355	5	7	1	5	0	0	3.571428571428571	0.6000323206205553	-0.0015618277899999999	0
355	Iter0356	7	6	9	4	0	0	0.5185185185185186	0.6881679903082525	-0.0011920226	0
356	Iter0357	3	7	5	2	0	0	0.17142857142857146	0.153434800493624	-5.934494975000001e-05	0
357	Iter0358	6	11	4	3	0	0	0.40909090909090906	0.39263920671243707	-3.88782e-07	0
358	Iter0359	5	7	13	4	0	0	0.21978021978021975	0.11858807438386187	-0.00025566749999999996	0
359	Iter0360	7	6	1	6	0	0	7.000000000000001	0.15768833849329145	-0.0011424946825	0
360	Iter0361	4	4	3	2	0	0	0.6666666666666666	1.0	0.0	0
361	Iter0362	9	13	3	2	0	0	0.4615384615384615	0.6280193236715079	-0.0009305361392263	0
362	Iter0363	3	9	7	5	0	0	0.2380952380952381	0.21375689864046296	-1.0601e-08	0
363	Iter0364	4	6	5	5	0	0	0.6666666666666666	1.0	-1.58337e-05	0
364	Iter0365	3	4	6	0	0	0	0.1142857142857143	0.06993006993007007	-8.39246e-15	0
365	Iter0366	7	8	3	2	0	0	0.5833333333333334	1.0	-3.281814e-05	0
366	Iter0367	4	4	2	0	0	0	0.3333333333333333	0.4666666666666668	-0.000241598128	0
367	Iter0368	4	9	7	3	0	0	0.19047619047619047	0.09953271926619588	-0.0003490716	0
368	Iter0369	8	6	8	2	0	0	0.3333333333333333	0.3875353344999344	-0.0007006161	0
369	Iter0370	4	11	4	1	0	0	0.09090909090909093	0.10887512899896816	-3.4332298e-05	0
370	Iter0371	6	4	3	1	0	0	0.5	1.0	-0.0002687785	0
371	Iter0372	3	9	7	4	0	0	0.19047619047619047	0.099532719266196	-2.70148e-07	0
372	Iter0373	10	2	7	2	0	0	1.4285714285714286	1.0	-0.000278087492	0
373	Iter0374	4	6	1	1	0	0	0.6666666666666666	1.0	-0.000450883	0
374	Iter0375	12	5	4	0	0	0	0.4333333333333333	0.5321637426900605	-0.001515188252	0
375	Iter0376	2	9	6	4	0	0	0.14814814814814814	0.08049535603715177	-0.0006031025299999999	0
376	Iter0377	9	4	7	9	0	0	2.8928571428571432	0.2641677392175231	-4.80904902241e-05	0
377	Iter0378	6	11	7	6	0	0	0.4675324675324674	0.4600883518140706	-8.501010000000001e-06	0
378	Iter0379	4	9	2	3	0	0	0.6666666666666666	1.0	-0.00038444107999999997	0
379	Iter0380	7	4	6	4	0	0	1.1666666666666667	1.0	-0.0004312628	0
380	Iter0381	7	8	4	1	0	0	0.21875	0.3188854489164087	-0.0008555306760171892	0
381	Iter0382	9	2	5	3	0	0	2.7	0.6026831785345741	-0.00010245833460000001	0
382	Iter0383	9	11	6	5	0	0	0.6818181818181819	0.7159871677064755	-0.0005583305000000001	0
383	Iter0384	7	5	6	4	0	0	0.9333333333333332	1.0	-0.00084624611	0
384	Iter0385	8	3	3	3	0	0	2.6666666666666665	0.6000323206205558	-8.25644e-08	0
385	Iter0386	3	4	6	2	0	0	0.25	0.3146853146853137	-3.50512e-05	0
386	Iter0387	7	3	7	3	0	0	1.0	1.0	-0.000175052586662	0
387	Iter0388	10	6	5	5	0	0	1.6666666666666667	0.6890564005922777	-0.00022359004	0
388	Iter0389	4	1	7	4	0	0	2.2857142857142856	1.0	-0.0001113827228	0
389	Iter0390	5	7	6	2	0	0	0.2380952380952381	0.19680876399142705	-0.00010381536589999999	0
390	Iter0391	8	6	1	5	0	0	6.666666666666666	0.157120743034056	-0.0007437985137808001	0
391	Iter0392	4	10	5	3	0	0	0.24	0.1869969040247672	-0.00109355659	0
392	Iter0393	2	7	7	0	0	0	0.046875	0.003234265734265722	0.0	0
393	Iter0394	7	4	2	3	0	0	2.625	0.5961538461538446	-0.0008227023999999999	0
394	Iter0395	3	1	11	1	0	0	0.2727272727272727	0.4499999999999981	-1.8446e-06	0
395	Iter0396	7	6	7	2	0	0	0.33333333333333337	0.38018575851393066	-0.0001681917425136	0
396	Iter0397	5	5	7	2	0	0	0.2857142857142857	0.3498452012383896	-0.0003881469240000001	0
397	Iter0398	8	8	4	2	0	0	0.5	0.6461742591773529	-0.0002663031385	0
398	Iter0399	11	7	4	4	0	0	1.5714285714285714	0.6828375286041221	-6.439926e-08	0
399	Iter0400	6	6	2	1	0	0	0.5	1.0	-0.00026204838	0
400	Iter0401	6	6	5	4	0	0	0.8	1.0	-1.4004894029999998e-05	0
401	Iter0402	9	4	5	0	0	0	0.3333333333333333	0.2777777777777785	-0.0017133460377000004	0
402	Iter0403	6	8	4	1	0	0	0.1875	0.3034055727554179	-4.661056e-05	0
403	Iter0404	8	3	5	0	0	0	0.375	0.5089285714285694	-9.012584500000001e-05	0
404	Iter0405	6	3	5	1	0	0	0.4	0.6043956043956029	-0.0006871712966000001	0
405	Iter0406	8	4	1	3	0	0	6.0	0.2615384615384607	-0.0001367781633	0
406	Iter0407	6	9	6	0	0	0	0.1	0.01857585139318897	-1.0545778924e-05	0
407	Iter0408	4	4	2	1	0	0	0.5	1.0	-7.918976221249999e-05	0
408	Iter0409	11	7	6	2	0	0	0.5238095238095238	0.6672852090701082	-0.000248391860323	0
409	Iter0410	11	8	6	2	0	0	0.4583333333333333	0.6655248133509075	-2.6822326e-05	0
410	Iter0411	5	6	5	2	0	0	0.33333333333333337	0.36651583710407337	-2.956836103e-05	0
411	Iter0412	7	9	3	3	0	0	0.7777777777777778	1.0	-6.13973e-11	0
412	Iter0413	6	4	6	0	0	0	0.2	0.23351648351648266	-0.000152220255	0
413	Iter0414	3	5	9	8	0	0	0.5333333333333333	0.6727688787185362	-0.00012930802000000002	0
414	Iter0415	10	6	4	1	0	0	0.4166666666666667	0.6243550051599609	-0.0002807836	0
415	Iter0416	7	7	6	0	0	0	0.14285714285714285	0.05149638802889595	-0.0001553727079	0
416	Iter0417	6	2	5	3	0	0	1.7999999999999998	1.0	-0.00041125484	0
417	Iter0418	5	6	3	4	0	0	1.1111111111111112	1.0	-0.0001066467	0
418	Iter0419	14	5	5	3	0	0	1.6799999999999995	0.6578061551974659	-0.00023550998935	0
419	Iter0420	3	8	6	1	0	0	0.0625	0.04977375565610855	-4.8426000000000014e-05	0
420	Iter0421	4	7	6	2	0	0	0.19047619047619047	0.16980233388902174	-0.000118384	0
421	Iter0422	5	5	3	4	0	0	1.3333333333333333	1.0	-0.00021685664199109998	0
422	Iter0423	9	4	3	1	0	0	0.75	1.0	-3.2612471e-07	0
423	Iter0424	7	7	5	1	0	0	0.2	0.32456140350877233	-0.0002921323400078174	0
424	Iter0425	3	5	9	3	0	0	0.2	0.16746844486782547	-2.88929e-05	0
425	Iter0426	4	6	6	2	0	0	0.2222222222222222	0.18798848210612984	0.0	0
426	Iter0427	5	4	1	3	0	0	3.75	0.5594405594405606	-2.15211e-05	0
427	Iter0428	5	6	6	2	0	0	0.2777777777777778	0.3520679526871482	-4.084709e-05	0
428	Iter0429	1	4	5	6	0	0	0.3	0.5879120879120873	0.0	0
429	Iter0430	7	8	4	1	0	0	0.21875	0.3188854489164087	-0.000281770711402	0
430	Iter0431	4	4	3	1	0	0	0.3333333333333333	0.5757575757575777	-5.71379e-05	0
431	Iter0432	2	10	9	4	0	0	0.08888888888888889	0.015419302732534687	-2.20198e-06	0
432	Iter0433	8	8	8	0	0	0	0.1111111111111111	0.022242889250561976	-8.551719999999999e-05	0
433	Iter0434	8	8	3	0	0	0	0.25	0.2280701754385969	0.0	0
434	Iter0435	13	4	2	6	0	0	9.75	0.02804243811108816	-4.61967648e-06	0
435	Iter0436	5	8	2	2	0	0	0.625	1.0	-2.0244963e-05	0
436	Iter0437	2	4	2	2	0	0	0.5	1.0	-2.77161e-05	0
437	Iter0438	5	5	5	3	0	0	0.6	0.6640614287673134	-0.00047704600368	0
438	Iter0439	4	7	11	2	0	0	0.10389610389610388	0.032743303270965245	-1.0747e-07	0
439	Iter0440	9	6	3	0	0	0	0.35714285714285715	0.5147058823529399	-5.16235e-08	0
440	Iter0441	10	11	7	2	0	0	0.2597402597402597	0.229265367316342	-0.00045483613240000006	0
441	Iter0442	8	3	5	5	0	0	2.6666666666666665	0.3869969040247678	-0.0002610003932	0
442	Iter0443	2	6	4	3	0	0	0.25	0.3146853146853137	-5.676809e-05	0
443	Iter0444	8	7	6	3	0	0	0.5714285714285714	0.6784560506124666	-6.394230000001831e-05	0
444	Iter0445	5	5	10	3	0	0	0.3	0.22129492529277056	0.0	0
445	Iter0446	4	7	10	1	0	0	0.057142857142857134	0.02373581011351909	-0.00014084	0
446	Iter0447	7	6	4	2	0	0	0.5833333333333334	1.0	-0.0007117168389999999	0
447	Iter0448	6	3	5	1	0	0	0.4	0.6043956043956029	-4.0154252e-05	0
448	Iter0449	4	3	4	3	0	0	1.0	1.0	-1.39837e-05	0
449	Iter0450	6	7	10	0	0	0	0.07954545454545454	0.007489078427293497	-0.0002708242935	0
450	Iter0451	3	4	8	3	0	0	0.28125	0.33220211161387736	-0.0001855425	0
451	Iter0452	2	4	10	1	0	0	0.05	0.027634130575306986	-0.000339613	0
452	Iter0453	17	5	2	3	0	0	5.1000000000000005	0.13578595317725858	-0.0009145186655000001	0
453	Iter0454	9	7	5	1	0	0	0.2571428571428572	0.3511586452762931	-0.00026697043800000004	0
454	Iter0455	8	4	4	4	0	0	2.0	0.6479161705167873	-0.000165405499	0
455	Iter0456	4	7	2	1	0	0	0.2857142857142857	0.5384615384615372	-0.00017461060000000003	0
456	Iter0457	8	4	5	4	0	0	1.6	0.6730650154798735	-2.9587e-07	0
457	Iter0458	6	9	4	4	0	0	0.6666666666666666	0.6850181720285363	-0.0007421328	0
458	Iter0459	7	4	8	3	0	0	0.65625	1.0	-6.10298657e-05	0
459	Iter0460	3	3	9	1	0	0	0.1111111111111111	0.11813186813186766	-8.201738e-06	0
460	Iter0461	6	7	4	1	0	0	0.21428571428571427	0.3137254901960782	-0.000127003103	0
461	Iter0462	7	5	3	3	0	0	1.4	1.0	-5.51007e-06	0
462	Iter0463	1	13	4	2	0	0	0.038461538461538464	0.013931888544891729	-3.5336900000000004e-05	0
463	Iter0464	9	9	7	3	0	0	0.42857142857142855	0.4343249427917626	-0.001329874400980329	0
464	Iter0465	7	5	4	1	0	0	0.35	0.6000323206205536	-1.9926827e-05	0
465	Iter0466	5	2	3	2	0	0	1.6666666666666667	1.0	-8.268803168900001e-05	0
466	Iter0467	7	7	5	4	0	0	0.8	1.0	-6.334197e-05	0
467	Iter0468	6	3	5	3	0	0	1.2	1.0	-0.00028858204999999997	0
468	Iter0469	6	6	6	5	0	0	0.8333333333333334	1.0	-0.001448711	0
469	Iter0470	8	4	6	2	0	0	0.6666666666666666	1.0	-1.11247e-05	0
470	Iter0471	5	4	3	2	0	0	0.8333333333333334	1.0	-9.968270000000001e-05	0
471	Iter0472	4	9	5	4	0	0	0.3555555555555555	0.3842105263157859	0.0	0
472	Iter0473	7	4	6	4	0	0	1.1666666666666667	1.0	-0.000526594	0
473	Iter0474	2	6	6	0	0	0	0.061224489795918366	0.009657009657009668	0.0	0
474	Iter0475	7	4	8	4	0	0	0.875	1.0	-0.000283469576932	0
475	Iter0476	9	9	3	4	0	0	1.3333333333333333	1.0	-1.025946e-05	0
476	Iter0477	5	2	5	3	0	0	1.5	1.0	-0.0010520059999999999	0
477	Iter0478	4	5	9	3	0	0	0.26666666666666666	0.2030959752321975	-0.00022797565	0
478	Iter0479	2	12	7	3	0	0	0.07142857142857142	0.010372434807082906	-2.118e-08	0
479	Iter0480	5	2	10	2	0	0	0.5	0.6026831785345729	-1.26848e-05	0
480	Iter0481	10	8	5	1	0	0	0.25	0.3509465363012286	-2.9532981925e-05	0
481	Iter0482	7	4	8	3	0	0	0.65625	1.0	-2.002237e-05	0
482	Iter0483	11	1	7	5	0	0	7.857142857142858	0.15495259888852492	-0.00139911512	0
483	Iter0484	9	8	5	1	0	0	0.225	0.3401289785729149	-0.00016407449999999998	0
484	Iter0485	6	7	6	8	0	0	1.1428571428571428	1.0	-4.02463e-05	0
485	Iter0486	12	5	4	1	0	0	0.6	1.0	-0.0004046606943649655	0
486	Iter0487	6	4	6	2	0	0	0.5	0.6380090497737562	-1.014837e-05	0
487	Iter0488	6	10	8	0	0	0	0.0707070707070707	0.006428533551968762	-0.000332072	0
488	Iter0489	7	6	7	3	0	0	0.5	0.6692690806299653	-9.36826e-06	0
489	Iter0490	7	8	6	1	0	0	0.14583333333333334	0.16486068111455066	-0.0024567102	0
490	Iter0491	4	5	7	4	0	0	0.4571428571428572	0.6534174803524647	-8.12243e-07	0
491	Iter0492	8	6	5	4	0	0	1.0666666666666669	1.0	-0.000645467843	0
492	Iter0493	3	6	5	1	0	0	0.1	0.1188811188811186	-0.000180296780116262	0
493	Iter0494	4	6	5	2	0	0	0.26666666666666666	0.3348416289592753	-6.652340176483e-05	0
494	Iter0495	5	7	6	3	0	0	0.35714285714285715	0.3869969040247671	-0.00011777006000000001	0
495	Iter0496	2	2	5	3	0	0	0.6	1.0	0.0	0
496	Iter0497	4	5	4	2	0	0	0.4	0.6083916083916074	-1.35443e-05	0
497	Iter0498	10	10	4	2	0	0	0.5	0.6521739130434809	-0.0005972678125920999	0
498	Iter0499	8	3	3	4	0	0	3.555555555555556	0.33220211161387697	-0.00014693577760000002	0
499	Iter0500	1	11	2	2	0	0	0.09090909090909093	0.13571428571428476	0.0	0
500	Iter0501	6	9	7	1	0	0	0.09523809523809523	0.07430340557275512	-0.0002239637	0
501	Iter0502	8	8	6	2	0	0	0.3333333333333333	0.3875353344999344	-6.881149999999998e-13	0
502	Iter0503	7	5	5	6	0	0	1.6799999999999995	0.6842726529090746	-0.000684005	0
503	Iter0504	3	6	7	2	0	0	0.14285714285714285	0.15343480049362446	0.0	0
504	Iter0505	7	5	8	1	0	0	0.175	0.17779743476337898	-0.000711476916	0
505	Iter0506	6	8	4	2	0	0	0.375	0.628482972136224	-0.0001150771039	0
506	Iter0507	10	8	2	2	0	0	1.25	1.0	-0.00049309155	0
507	Iter0508	8	7	5	1	0	0	0.22857142857142854	0.33591331269349894	-0.000896669	0
508	Iter0509	8	6	3	0	0	0	0.32142857142857145	0.5147058823529405	-0.0006749582900000001	0
509	Iter0510	3	11	1	2	0	0	0.5454545454545454	1.0	0.0	0
510	Iter0511	7	7	6	4	0	0	0.6666666666666666	0.6968299905774686	-0.0009411986829129001	0
511	Iter0512	6	1	6	3	0	0	3.0	0.5846153846153819	-4.5042299999999996e-06	0
512	Iter0513	9	2	5	0	0	0	0.5555555555555556	1.0	-0.00015557627	0
513	Iter0514	5	8	3	0	0	0	0.16666666666666666	0.1999999999999998	-2.1699856000000003e-06	0
514	Iter0515	1	8	5	4	0	0	0.1	0.1312217194570135	0.0	0
515	Iter0516	9	5	6	3	0	0	0.9	1.0	-0.0005829263439704351	0
516	Iter0517	6	6	7	2	0	0	0.2857142857142857	0.36656346749225854	-7.13693e-05	0
517	Iter0518	6	11	6	3	0	0	0.2727272727272727	0.21766590389016066	-0.0002610388614	0
518	Iter0519	6	12	5	1	0	0	0.1	0.060804184373978575	-2.7156154e-06	0
519	Iter0520	4	4	8	5	0	0	0.625	0.6730650154798771	-7.97796e-05	0
520	Iter0521	6	2	2	4	0	0	6.0	0.2773892773892775	-6.246548e-05	0
521	Iter0522	9	7	3	2	0	0	0.8571428571428572	1.0	-0.000472468471	0
522	Iter0523	9	7	4	1	0	0	0.32142857142857145	0.6064671482628156	-0.001155768587944	0
523	Iter0524	6	8	4	6	0	0	1.125	1.0	-0.0005355800000007282	0
524	Iter0525	3	10	6	1	0	0	0.05	0.01664086687306499	-0.0002521121	0
525	Iter0526	6	2	7	3	0	0	1.2857142857142856	1.0	-9.527681255043e-06	0
526	Iter0527	5	8	9	3	0	0	0.20833333333333331	0.11070130569390252	-2.8939653950000002e-05	0
527	Iter0528	6	11	6	3	0	0	0.2727272727272727	0.21766590389016066	-1.2337694737e-05	0
528	Iter0529	7	4	5	0	0	0	0.26666666666666666	0.2445054945054935	-0.0004756744000000001	0
529	Iter0530	4	4	5	2	0	0	0.4	0.6083916083916073	-0.0001625670679648	0
530	Iter0531	12	4	4	1	0	0	0.75	1.0	-0.00027078834259546496	0
531	Iter0532	11	4	5	3	0	0	1.65	0.657019787319963	-0.00045404614050000003	0
532	Iter0533	4	8	7	2	0	0	0.14285714285714285	0.08049535603715162	-1.1044985600000003e-06	0
533	Iter0534	11	8	4	2	0	0	0.6875	1.0	-6.783397e-05	0
534	Iter0535	6	5	3	3	0	0	1.2	1.0	-0.00081213106	0
535	Iter0536	5	4	8	4	0	0	0.625	0.6730650154798735	-0.00028670910999953006	0
536	Iter0537	6	5	8	2	0	0	0.3	0.361455108359135	-1.73648e-06	0
537	Iter0538	3	4	6	5	0	0	0.625	1.0	-0.0001096898910903	0
538	Iter0539	6	4	6	0	0	0	0.2	0.23351648351648266	-0.00023133988599999999	0
539	Iter0540	3	7	6	6	0	0	0.42857142857142855	0.4148606811145495	-1.19113e-08	0
540	Iter0541	9	7	0	3	0	0	5.0	0.21052631578947428	-0.0006478921422240001	0
541	Iter0542	7	8	9	0	0	0	0.08888888888888888	0.009495955652908152	-0.000420288	0
542	Iter0543	6	5	3	6	0	0	2.4	0.4058585377470821	-7.822526000000001e-05	0
543	Iter0544	5	8	3	3	0	0	0.625	1.0	-3.43471e-05	0
544	Iter0545	8	4	5	2	0	0	0.8	1.0	-3.41383216e-06	0
545	Iter0546	6	7	7	4	0	0	0.4897959183673469	0.4441883160586887	-0.0004121471	0
546	Iter0547	5	5	3	1	0	0	0.3333333333333333	0.5804195804195801	-0.0008636942068	0
547	Iter0548	7	5	1	3	0	0	4.2	0.5692307692307679	-1.0727819999999999e-05	0
548	Iter0549	8	9	2	2	0	0	0.8888888888888888	1.0	-6.847e-09	0
549	Iter0550	11	7	4	5	0	0	1.9642857142857144	0.4479023646071749	-1.2882664e-05	0
550	Iter0551	4	1	10	4	0	0	1.6	1.0	-1.60248e-06	0
551	Iter0552	5	8	8	1	0	0	0.078125	0.030605926581158623	-0.000850933	0
552	Iter0553	8	1	10	5	0	0	4.0	0.3509465363012273	-7.91242e-06	0
553	Iter0554	8	6	4	2	0	0	0.6666666666666666	1.0	-4.79762598e-05	0
554	Iter0555	2	6	6	3	0	0	0.16666666666666666	0.15343480049362382	0.0	0
555	Iter0556	7	6	8	2	0	0	0.2916666666666667	0.37878583927850296	-3.300122e-05	0
556	Iter0557	3	6	6	4	0	0	0.3333333333333333	0.3698499642772087	-0.000135284	0
557	Iter0558	5	4	9	2	0	0	0.2777777777777778	0.3359133126934992	-2.903959146e-05	0
558	Iter0559	12	7	7	6	0	0	1.469387755102041	0.7199728649500208	-0.00034261443471220003	0
559	Iter0560	1	3	0	1	0	0	1.0	1.0	0.0	0
560	Iter0561	7	2	4	1	0	0	0.875	1.0	-4.813870199999999e-05	0
561	Iter0562	6	6	4	0	0	0	0.2	0.23351648351648305	-0.00023210790199999998	0
562	Iter0563	6	8	3	5	0	0	1.25	1.0	-2.8888370050000003e-05	0
563	Iter0564	4	4	7	2	0	0	0.2857142857142857	0.3348416289592767	-2.423063e-05	0
564	Iter0565	8	7	8	1	0	0	0.14285714285714285	0.1781837761108202	-0.0006158075000000001	0
565	Iter0566	6	3	3	2	0	0	1.3333333333333333	1.0	-0.0015234124235699999	0
566	Iter0567	7	6	4	2	0	0	0.5833333333333334	1.0	-0.00059513231	0
567	Iter0568	1	5	7	3	0	0	0.08571428571428573	0.11888111888111895	0.0	0
568	Iter0569	6	5	8	0	0	0	0.12962962962962965	0.04454764361885119	-4.9932e-06	0
569	Iter0570	9	5	6	0	0	0	0.2380952380952381	0.26044891640867074	-0.0007354517312680001	0
570	Iter0571	6	2	6	1	0	0	0.5	1.0	-0.00013188706	0
571	Iter0572	5	8	11	5	0	0	0.28409090909090906	0.14363829437190725	-4.65529504e-05	0
572	Iter0573	5	7	9	3	0	0	0.2380952380952381	0.21375689864046254	-1.25248e-05	0
573	Iter0574	2	5	5	1	0	0	0.08	0.10256410256410303	-6.061703e-08	0
574	Iter0575	9	5	4	4	0	0	1.8	0.6619195046439627	-0.0001769320200084545	0
575	Iter0576	6	11	4	3	0	0	0.40909090909090906	0.39263920671243707	-0.00028655499	0
576	Iter0577	5	0	6	2	0	0	2.5714285714285707	0.4871794871794886	-5.561619999999998e-06	0
577	Iter0578	5	6	3	6	0	0	1.6666666666666667	0.6699214098594902	-0.0005289746500000001	0
578	Iter0579	9	7	3	3	0	0	1.2857142857142858	1.0	-0.0006401703970175168	0
579	Iter0580	6	3	4	1	0	0	0.5	1.0	-0.0001414977	0
580	Iter0581	8	6	5	1	0	0	0.26666666666666666	0.35436016511867924	-5.010336230007611e-05	0
581	Iter0582	6	1	10	4	0	0	2.4	0.6243550051599609	-6.039017009e-05	0
582	Iter0583	7	2	7	5	0	0	2.5	0.6424148606811163	-9.3261e-05	0
583	Iter0584	4	9	3	1	0	0	0.14814814814814814	0.2499999999999995	-0.000177452	0
584	Iter0585	6	5	4	2	0	0	0.6	1.0	-0.000165107	0
585	Iter0586	1	6	2	4	0	0	0.3333333333333333	0.5594405594405605	0.0	0
586	Iter0587	6	4	4	2	0	0	0.75	1.0	-8.71346e-05	0
587	Iter0588	6	7	0	2	0	0	2.625	0.4857142857142842	-0.0005035709	0
588	Iter0589	5	10	2	2	0	0	0.5	0.6026831785345711	-2.20489e-06	0
589	Iter0590	8	4	4	1	0	0	0.5	1.0	-4.67941107e-05	0
590	Iter0591	3	7	6	2	0	0	0.14285714285714285	0.15343480049362412	-2.8423979999999996e-06	0
591	Iter0592	6	6	6	2	0	0	0.3333333333333333	0.37285067873303024	-0.00019981480280000002	0
592	Iter0593	7	8	4	1	0	0	0.21875	0.3188854489164087	-1.19253629e-05	0
593	Iter0594	6	6	3	3	0	0	1.0	1.0	-1.38899e-08	0
594	Iter0595	9	5	2	3	0	0	2.7	0.6026831785345723	-0.00019230987449036	0
595	Iter0596	8	3	5	1	0	0	0.5333333333333333	1.0	-1.0399100000000002e-09	0
596	Iter0597	4	2	10	2	0	0	0.4	0.5686274509803939	-0.000372556	0
597	Iter0598	4	1	6	4	0	0	2.6666666666666665	0.6003996003995999	-1.2528e-07	0
598	Iter0599	5	2	4	2	0	0	1.25	1.0	-9.06838e-06	0
599	Iter0600	10	3	6	3	0	0	1.6666666666666667	0.6550199026979191	-0.00011482380000000001	0
600	Iter0601	4	3	3	0	0	0	0.3125	0.4749999999999999	-8.45047e-06	0
601	Iter0602	10	6	6	2	0	0	0.5555555555555556	0.6674131270981487	-0.00023714297	0
602	Iter0603	4	3	4	2	0	0	0.6666666666666666	1.0	-0.0005604624314	0
603	Iter0604	3	7	8	4	0	0	0.21428571428571427	0.1983805668016188	0.0	0
604	Iter0605	10	7	3	2	0	0	0.9523809523809524	1.0	-0.00011197555023	0
605	Iter0606	7	6	4	1	0	0	0.2916666666666667	0.5955882352941189	-6.0546109e-05	0
606	Iter0607	9	9	8	0	0	0	0.1111111111111111	0.02327055095933817	-0.00013876721442	0
607	Iter0608	8	4	4	4	0	0	2.0	0.6479161705167873	-3.15637955e-05	0
608	Iter0609	5	9	6	2	0	0	0.1851851851851852	0.18266253869969068	-0.0002027940657	0
609	Iter0610	10	9	7	1	0	0	0.15873015873015875	0.18954089388872172	-0.0003820821	0
610	Iter0611	6	8	6	0	0	0	0.11111111111111112	0.04189886480908152	-9.53903e-08	0
611	Iter0612	4	7	6	6	0	0	0.5714285714285714	0.680172297752049	-0.0002480353	0
612	Iter0613	6	4	6	2	0	0	0.5	0.6380090497737562	-0.00049503928	0
613	Iter0614	3	8	7	3	0	0	0.1607142857142857	0.08610893750212661	-9.00732e-05	0
614	Iter0615	9	9	7	1	0	0	0.14285714285714285	0.09885263477940852	-0.00037388265644222954	0
615	Iter0616	1	5	1	4	0	0	0.8	1.0	-1.50374e-05	0
616	Iter0617	6	5	3	1	0	0	0.4	0.6043956043956045	-0.000475650934	0
617	Iter0618	6	5	6	1	0	0	0.2	0.3156108597285074	-0.00140476921	0
618	Iter0619	3	4	8	0	0	0	0.08888888888888889	0.025641025641025626	-0.000671627592245	0
619	Iter0620	2	3	5	4	0	0	0.5333333333333333	1.0	-0.000208772	0
620	Iter0621	3	6	5	0	0	0	0.09523809523809523	0.030969030969030927	0.0	0
621	Iter0622	2	9	5	8	0	0	0.3555555555555555	0.3864416475972532	-0.00126154706	0
622	Iter0623	6	11	10	4	0	0	0.21818181818181814	0.07317275148503913	-1.33489076191e-06	0
623	Iter0624	1	6	3	3	0	0	0.16666666666666666	0.26573426573426645	0.0	0
624	Iter0625	10	7	1	2	0	0	2.8571428571428568	0.5657894736842122	-0.0007724096960000001	0
625	Iter0626	2	3	5	3	0	0	0.4	0.5920745920745939	0.0	0
626	Iter0627	5	8	3	2	0	0	0.4166666666666667	0.6078431372549024	-0.000375169	0
627	Iter0628	9	4	8	3	0	0	0.84375	1.0	-1.2238e-06	0
628	Iter0629	9	2	3	1	0	0	1.5	1.0	-2.440629648e-05	0
629	Iter0630	2	3	5	4	0	0	0.5333333333333333	1.0	-7.889669999999998e-07	0
630	Iter0631	6	6	2	1	0	0	0.5	1.0	-2.74195e-09	0
631	Iter0632	7	7	3	2	0	0	0.6666666666666666	1.0	-0.0001634226737	0
632	Iter0633	5	8	4	2	0	0	0.3125	0.34984520123838925	-0.00012084784	0
633	Iter0634	3	3	3	2	0	0	0.6666666666666666	1.0	-2.5582e-05	0
634	Iter0635	6	5	4	1	0	0	0.3	0.5879120879120874	-0.0005109588958	0
635	Iter0636	7	7	4	2	0	0	0.5	0.6424148606811164	-0.000159370435	0
636	Iter0637	4	5	7	4	0	0	0.4571428571428572	0.6534174803524647	-1.0691979999999999e-05	0
637	Iter0638	6	9	4	1	0	0	0.16666666666666666	0.3034055727554185	-0.000344008801	0
638	Iter0639	9	4	7	0	0	0	0.25	0.24871001031991885	-0.0005293852241908001	0
639	Iter0640	4	1	12	5	0	0	1.6666666666666667	1.0	-2.18486e-08	0
640	Iter0641	7	7	6	4	0	0	0.6666666666666666	0.6968299905774686	-7.261164300000001e-06	0
641	Iter0642	5	5	2	1	0	0	0.5	1.0	-2.177433e-05	0
642	Iter0643	6	6	2	4	0	0	2.0	0.6380090497737565	-0.00047444267968999997	0
643	Iter0644	5	3	7	1	0	0	0.2380952380952381	0.5692307692307681	-0.000113325946	0
644	Iter0645	6	6	6	3	0	0	0.5	0.6604905929983331	-0.000360721412	0
645	Iter0646	5	2	7	0	0	0	0.25	0.461538461538459	-1.14718e-08	0
646	Iter0647	8	8	1	2	0	0	2.0	1.0	-6.598865154900001e-05	0
647	Iter0648	4	9	3	5	0	0	0.7407407407407407	1.0	-8.02828336e-05	0
648	Iter0649	4	4	5	4	0	0	0.8	1.0	-3.34564e-11	0
649	Iter0650	4	3	6	4	0	0	0.8888888888888888	1.0	-2.9426470940477003e-05	0
650	Iter0651	4	5	7	3	0	0	0.3428571428571429	0.3698499642772078	-4.24447e-05	0
651	Iter0652	9	7	7	2	0	0	0.3673469387755102	0.4013436287766654	-3.471810000000001e-05	0
652	Iter0653	5	6	9	4	0	0	0.3703703703703704	0.40809664827029213	-4.01076e-05	0
653	Iter0654	9	3	4	4	0	0	3.0	0.3563467492260055	-1.01236352e-05	0
654	Iter0655	10	9	7	2	0	0	0.3174603174603175	0.24949832775919664	-0.0009157101090000001	0
655	Iter0656	2	6	6	1	0	0	0.05555555555555555	0.040559440559440524	0.0	0
656	Iter0657	10	7	6	2	0	0	0.4761904761904762	0.660761389640115	-5.301112999999999e-05	0
657	Iter0658	8	5	8	1	0	0	0.2	0.33303847854931323	-0.0017065550748	0
658	Iter0659	5	4	5	3	0	0	0.75	1.0	-0.00029311105108	0
659	Iter0660	6	9	4	2	0	0	0.3333333333333333	0.3614551083591357	-0.00010998533600023294	0
660	Iter0661	12	9	2	1	0	0	0.6666666666666666	1.0	-2.003637915e-05	0
661	Iter0662	8	2	5	2	0	0	1.6	1.0	-3.4971630000000005e-05	0
662	Iter0663	8	12	5	1	0	0	0.13333333333333333	0.16024844720496936	-0.000798152053	0
663	Iter0664	3	8	5	4	0	0	0.3	0.3618480590616816	-0.0010061363772	0
664	Iter0665	7	10	4	4	0	0	0.7	1.0	-0.00021868559960869997	0
665	Iter0666	8	14	4	4	0	0	0.5714285714285714	0.6779456425633402	-3.4114891e-05	0
666	Iter0667	5	1	3	3	0	0	5.0	0.5454545454545476	-1.4152601486890004e-06	0
667	Iter0668	6	6	4	1	0	0	0.25	0.3382352941176461	-9.882440580000001e-05	0
668	Iter0669	3	6	4	0	0	0	0.11428571428571427	0.06993006993007007	-7.40175e-09	0
669	Iter0670	7	7	1	2	0	0	2.0	1.0	-4.99472e-05	0
670	Iter0671	4	6	10	1	0	0	0.06666666666666668	0.023735810113519145	-5.70450504e-07	0
671	Iter0672	8	4	4	3	0	0	1.5	1.0	-0.0002509707749	0
672	Iter0673	10	1	7	0	0	0	0.6875	1.0	-0.00016105627300000002	0
673	Iter0674	9	10	9	3	0	0	0.3	0.15814535128748966	-0.0010051538999999998	0
674	Iter0675	7	8	6	3	0	0	0.4375	0.4225333153856515	-0.00112153948	0
675	Iter0676	7	3	6	4	0	0	1.5555555555555556	1.0	-5.7805219808e-05	0
676	Iter0677	6	3	1	2	0	0	4.0	0.5227272727272733	-7.88603e-06	0
677	Iter0678	6	5	9	3	0	0	0.4	0.4003230582850977	-6.5153716e-06	0
678	Iter0679	3	7	5	3	0	0	0.2571428571428571	0.3415604003839314	-5.72388399e-05	0
679	Iter0680	8	6	4	1	0	0	0.3333333333333333	0.6026831785345711	-5.256301484e-05	0
680	Iter0681	7	9	5	5	0	0	0.7777777777777778	1.0	-0.00014750327	0
681	Iter0682	5	6	9	2	0	0	0.1851851851851852	0.18266253869969007	-2.65100353e-06	0
682	Iter0683	8	8	5	3	0	0	0.6	0.6791851752142517	-0.00013131831172	0
683	Iter0684	9	11	6	5	0	0	0.6818181818181819	0.7159871677064755	-4.11926218e-05	0
684	Iter0685	4	5	12	3	0	0	0.2	0.09943831911795296	-2.655931e-05	0
685	Iter0686	5	2	4	4	0	0	2.5	0.6083916083916074	-1.3648158499999999e-05	0
686	Iter0687	6	6	3	1	0	0	0.3333333333333333	0.5846153846153823	-9.974843e-05	0
687	Iter0688	5	3	7	3	0	0	0.7142857142857143	1.0	-2.0187883e-06	0
688	Iter0689	5	7	2	4	0	0	1.4285714285714286	1.0	-0.000247692	0
689	Iter0690	9	7	6	4	0	0	0.8571428571428572	1.0	-2.5235440000000005e-05	0
690	Iter0691	12	9	6	1	0	0	0.2222222222222222	0.3642444512009701	-0.000141443912166	0
691	Iter0692	7	4	6	3	0	0	0.875	1.0	-0.00025387125513999997	0
692	Iter0693	10	7	3	2	0	0	0.9523809523809524	1.0	-0.0004455501774	0
693	Iter0694	7	4	6	2	0	0	0.5833333333333334	1.0	-5.513784e-05	0
694	Iter0695	5	7	7	1	0	0	0.1020408163265306	0.06966738112248938	-5.3521467185000014e-05	0
695	Iter0696	4	11	4	2	0	0	0.18181818181818185	0.1461742591773553	0.0	0
696	Iter0697	9	9	9	1	0	0	0.1111111111111111	0.04838365296031169	-0.0005502012599	0
697	Iter0698	12	2	5	3	0	0	3.6	0.3088782562466774	-0.0018790969901	0
698	Iter0699	4	7	10	3	0	0	0.1714285714285714	0.09530219410418624	-0.00029876362000000003	0
699	Iter0700	6	3	10	2	0	0	0.4	0.6107916850950903	-1.0570868200000001e-05	0
700	Iter0701	5	5	10	3	0	0	0.3	0.22129492529277056	-5.6172466e-05	0
701	Iter0702	6	5	4	0	0	0	0.2333333333333333	0.23076923076923045	-0.0021284506662299996	0
702	Iter0703	7	6	4	2	0	0	0.5833333333333334	1.0	-0.00021087225054800001	0
703	Iter0704	3	3	8	3	0	0	0.375	0.6000323206205559	-3.483414815000001e-06	0
704	Iter0705	8	6	4	2	0	0	0.6666666666666666	1.0	-2.267456300975023e-05	0
705	Iter0706	7	2	9	0	0	0	0.26666666666666666	0.4705882352941198	-0.000144312116	0
706	Iter0707	4	0	5	8	0	0	7.5	0.08235294117647013	-0.000258617	0
707	Iter0708	8	7	2	1	0	0	0.5714285714285714	1.0	-0.0006720090311808199	0
708	Iter0709	5	6	9	1	0	0	0.0925925925925926	0.06346749226006211	-0.00018136269999999998	0
709	Iter0710	6	3	3	5	0	0	3.333333333333333	0.34693541752365226	-0.0005605097000000001	0
710	Iter0711	4	3	6	2	0	0	0.4444444444444444	0.6083916083916068	-0.00010697405009999999	0
711	Iter0712	7	4	3	2	0	0	1.1666666666666667	1.0	-0.0004983312693	0
712	Iter0713	5	7	4	4	0	0	0.7142857142857143	1.0	-2.85401871e-05	0
713	Iter0714	10	5	5	3	0	0	1.2	1.0	-4.6795877659999996e-05	0
714	Iter0715	2	13	4	2	0	0	0.07692307692307693	0.03070175438596508	-0.000286663	0
715	Iter0716	2	9	8	3	0	0	0.08333333333333333	0.0299731228523798	-8.6219655e-07	0
716	Iter0717	5	7	8	2	0	0	0.17857142857142858	0.0990712074303402	-3.28394e-10	0
717	Iter0718	6	7	6	1	0	0	0.14285714285714285	0.15768833849329114	-0.00017817264	0
718	Iter0719	5	4	6	2	0	0	0.4166666666666667	0.6199095022624428	-0.000373566	0
719	Iter0720	4	6	2	2	0	0	0.6666666666666666	1.0	0.0	0
720	Iter0721	6	7	5	1	0	0	0.17142857142857146	0.1769865841073273	-3.1001319e-05	0
721	Iter0722	9	9	3	3	0	0	1.0	1.0	-1.9429230000000002e-05	0
722	Iter0723	9	9	6	4	0	0	0.6666666666666666	0.7054919908466782	-0.00047908463592	0
723	Iter0724	6	6	4	0	0	0	0.2	0.23351648351648305	-0.0002584416	0
724	Iter0725	9	1	5	3	0	0	5.4	0.27450980392156965	-0.0005144342929999999	0
725	Iter0726	6	6	2	5	0	0	2.5	0.6332460109549884	-4.585717e-05	0
726	Iter0727	11	5	3	1	0	0	0.7333333333333334	1.0	-0.00017946545759999998	0
727	Iter0728	3	8	5	3	0	0	0.225	0.18091609113281004	-0.00012249392940000002	0
728	Iter0729	6	8	5	4	0	0	0.6	0.6801722977520519	-0.00010962694432	0
729	Iter0730	14	9	8	2	0	0	0.3888888888888889	0.4299756139300061	-9.4571668663343e-05	0
730	Iter0731	7	6	4	1	0	0	0.2916666666666667	0.5955882352941189	-9.771947149999999e-05	0
731	Iter0732	6	2	4	3	0	0	2.25	0.6083916083916068	-0.000490170963	0
732	Iter0733	5	3	13	1	0	0	0.12820512820512822	0.1167464114832539	-0.0007664880000000001	0
733	Iter0734	6	7	5	2	0	0	0.3428571428571429	0.3742260061919498	-0.00014121270315	0
734	Iter0735	9	6	4	2	0	0	0.75	1.0	-0.00110381485311	0
735	Iter0736	2	4	6	2	0	0	0.16666666666666666	0.2773892773892779	0.0	0
736	Iter0737	6	5	5	3	0	0	0.72	1.0	-9.296949905000001e-05	0
737	Iter0738	9	7	8	4	0	0	0.6428571428571429	0.7046529366895484	-0.000231375758	0
738	Iter0739	5	9	8	2	0	0	0.1388888888888889	0.04717997038632398	-8.09778e-05	0
739	Iter0740	7	12	4	4	0	0	0.5833333333333334	0.6753623188405893	-1.294769e-05	0
740	Iter0741	3	4	5	3	0	0	0.45	0.6192696192696198	-5.4067522e-05	0
741	Iter0742	0	9	7	3	0	0	0.05	0.003095975232198134	0.0	0
742	Iter0743	6	4	4	0	0	0	0.28	0.2507492507492505	-1.629709999431e-05	0
743	Iter0744	4	3	7	0	0	0	0.15625	0.1923076923076922	-0.000101928	0
744	Iter0745	5	6	6	2	0	0	0.2777777777777778	0.3520679526871482	-0.00013481299	0
745	Iter0746	11	7	3	3	0	0	1.5714285714285714	0.6653318077803205	-0.0002998258971	0
746	Iter0747	8	1	2	2	0	0	8.0	0.2027972027972029	-0.00017731774	0
747	Iter0748	9	6	4	2	0	0	0.75	1.0	-0.0003170812900002626	0
748	Iter0749	7	6	9	5	0	0	0.6481481481481481	0.7035671018979761	-0.0006386938199999999	0
749	Iter0750	7	6	2	3	0	0	1.7500000000000002	1.0	-0.0001655303	0
750	Iter0751	3	3	8	3	0	0	0.375	0.6000323206205559	-4.5115012000000004e-05	0
751	Iter0752	5	6	6	5	0	0	0.6944444444444445	1.0	-2.37093e-06	0
752	Iter0753	7	8	6	2	0	0	0.2916666666666667	0.3787858392785009	-0.0011991850000000002	0
753	Iter0754	4	5	3	5	0	0	1.3333333333333337	1.0	-7.21965109e-05	0
754	Iter0755	7	5	8	2	0	0	0.35	0.3808049535603714	-0.000457743	0
755	Iter0756	11	5	5	4	0	0	1.7600000000000002	0.670738995827171	-0.0007841609199999998	0
756	Iter0757	8	9	5	2	0	0	0.3555555555555555	0.3864416475972546	-0.0010347151099999998	0
757	Iter0758	6	9	4	2	0	0	0.3333333333333333	0.3614551083591357	-7.469219e-06	0
758	Iter0759	1	8	3	4	0	0	0.16666666666666666	0.26153846153846044	0.0	0
759	Iter0760	6	4	4	0	0	0	0.28	0.2507492507492505	-1.4719637e-05	0
760	Iter0761	5	6	4	3	0	0	0.6250000000000001	1.0	-1.5740235069e-05	0
761	Iter0762	5	8	4	1	0	0	0.15625	0.2941176470588233	-1.5394600039583e-06	0
762	Iter0763	8	8	11	8	0	0	0.7272727272727273	0.7396988141873878	0.0	0
763	Iter0764	3	5	3	2	0	0	0.4	0.5920745920745942	-8.17954e-07	0
764	Iter0765	6	4	5	2	0	0	0.6	1.0	-0.00017305	0
765	Iter0766	12	6	1	1	0	0	2.0	1.0	-0.0006339490992999999	0
766	Iter0767	3	7	5	1	0	0	0.08571428571428573	0.11888111888111895	-2.68612e-05	0
767	Iter0768	1	6	5	9	0	0	0.3	0.6126160990712104	0.0	0
768	Iter0769	4	3	6	3	0	0	0.6666666666666666	1.0	-1.04228e-05	0
769	Iter0770	11	6	6	1	0	0	0.3055555555555555	0.6245406005131441	-0.000596960754876459	0
770	Iter0771	6	4	5	6	0	0	1.7999999999999998	0.6699214098594903	-0.0002938427	0
771	Iter0772	5	5	1	1	0	0	1.0	1.0	-0.0001843565268	0
772	Iter0773	9	12	7	2	0	0	0.21428571428571427	0.11844077961019632	-0.00026375092999999996	0
773	Iter0774	9	7	3	1	0	0	0.4285714285714286	0.6185758513931885	-0.001400841898551	0
774	Iter0775	9	4	7	4	0	0	1.2857142857142858	1.0	-5.6206379999999996e-05	0
775	Iter0776	4	4	7	6	0	0	0.8571428571428571	1.0	-5.5134e-05	0
776	Iter0777	5	3	8	5	0	0	1.0416666666666667	1.0	-2.64453e-06	0
777	Iter0778	6	8	1	3	0	0	2.25	1.0	-4.11412008e-05	0
778	Iter0779	8	4	10	6	0	0	1.2	1.0	-0.00020639509521	0
779	Iter0780	8	4	5	3	0	0	1.2	1.0	-5.95227296e-05	0
780	Iter0781	9	3	3	2	0	0	2.0	0.6000323206205526	-0.00031041676487	0
781	Iter0782	2	6	3	2	0	0	0.2222222222222222	0.2929292929292936	-0.00021891800000671134	0
782	Iter0783	8	4	5	3	0	0	1.2	1.0	-0.00048146800000000003	0
783	Iter0784	6	5	3	1	0	0	0.4	0.6043956043956045	-0.001000203758	0
784	Iter0785	3	6	4	2	0	0	0.25	0.3146853146853142	-1.08221e-06	0
785	Iter0786	3	3	4	0	0	0	0.2	0.20000000000000007	0.0	0
786	Iter0787	2	9	5	5	0	0	0.2222222222222222	0.1826625386996916	-1.62594e-07	0
787	Iter0788	7	7	0	1	0	0	2.0	1.0	-0.0001835905922	0
788	Iter0789	7	7	7	2	0	0	0.2857142857142857	0.2282945214699148	-0.000197171	0
789	Iter0790	6	8	2	6	0	0	2.25	0.6493980048159621	-4.3228e-06	0
790	Iter0791	4	9	4	3	0	0	0.3333333333333333	0.3563467492260058	-6.89924e-06	0
791	Iter0792	1	4	5	2	0	0	0.1	0.2424242424242426	0.0	0
792	Iter0793	3	8	4	1	0	0	0.09375	0.10576923076923063	0.0	0
793	Iter0794	4	3	7	3	0	0	0.5714285714285714	0.6436651583710411	-0.00136628901	0
794	Iter0795	6	5	7	2	0	0	0.3428571428571429	0.3742260061919506	-1.3254152200000001e-05	0
795	Iter0796	6	6	5	4	0	0	0.8	1.0	-0.000398115	0
796	Iter0797	5	6	4	5	0	0	1.0416666666666667	1.0	-7.6901e-09	0
797	Iter0798	5	7	5	2	0	0	0.2857142857142857	0.3498452012383895	0.0	0
798	Iter0799	8	9	2	3	0	0	1.3333333333333333	1.0	-1.719547e-07	0
799	Iter0800	5	7	5	1	0	0	0.14285714285714285	0.15158371040724014	-6.3334419e-05	0
800	Iter0801	6	7	6	4	0	0	0.5714285714285714	0.6801722977520499	-0.00039508184899999995	0
801	Iter0802	4	3	5	4	0	0	1.0666666666666669	1.0	0.0	0
802	Iter0803	4	8	4	0	0	0	0.11111111111111112	0.07692307692307654	-0.001417541	0
803	Iter0804	8	7	5	3	0	0	0.6857142857142856	1.0	-0.0009339068	0
804	Iter0805	9	10	5	8	0	0	1.44	0.7248856217052837	-0.00012051657366	0
805	Iter0806	11	9	2	3	0	0	1.8333333333333333	0.6447204968944079	-0.0011310126505	0
806	Iter0807	4	6	8	3	0	0	0.25	0.1983805668016196	-0.00028086123392	0
807	Iter0808	6	5	7	2	0	0	0.3428571428571429	0.3742260061919506	-7.1260426e-05	0
808	Iter0809	9	6	7	2	0	0	0.42857142857142855	0.6570197873199661	-3.205995e-05	0
809	Iter0810	7	5	5	1	0	0	0.28	0.6000323206205556	-5.0221644000000014e-05	0
810	Iter0811	6	5	4	4	0	0	1.2	1.0	-1.1081445109000002e-06	0
811	Iter0812	11	7	3	5	0	0	2.619047619047619	0.40091533180778055	-3.921687039534479e-05	0
812	Iter0813	7	4	3	2	0	0	1.1666666666666667	1.0	-3.67407e-10	0
813	Iter0814	3	8	8	1	0	0	0.046875	0.009764229578471059	-5.235401400000001e-07	0
814	Iter0815	8	7	7	4	0	0	0.6530612244897959	0.7007167855700661	-0.0010794597321222	0
815	Iter0816	2	5	5	4	0	0	0.32	0.3575174825174822	-0.000621114	0
816	Iter0817	3	7	6	1	0	0	0.07142857142857142	0.04977375565610845	-7.054443000000001e-05	0
817	Iter0818	4	7	0	2	0	0	1.875	1.0	-0.00017116365	0
818	Iter0819	5	7	6	4	0	0	0.4761904761904762	0.6699214098594888	-0.000563472	0
819	Iter0820	10	5	8	2	0	0	0.5	0.6592469315581482	-0.0001795464235	0
820	Iter0821	4	6	5	6	0	0	0.7999999999999999	1.0	-0.000510984004	0
821	Iter0822	10	7	2	3	0	0	2.1428571428571432	0.6240601503759357	-1.8683896700000003e-05	0
822	Iter0823	1	5	6	2	0	0	0.06666666666666668	0.10256410256410263	-7.116150000000002e-07	0
823	Iter0824	4	7	7	3	0	0	0.24489795918367346	0.19838056680161986	0.0	0
824	Iter0825	8	1	8	2	0	0	2.0	1.0	-0.00055380348198119	0
825	Iter0826	13	8	7	6	0	0	1.3928571428571428	0.7282366881075708	-0.0009529946879999999	0
826	Iter0827	4	6	3	2	0	0	0.4444444444444444	0.6083916083916072	-8.489594999999999e-05	0
827	Iter0828	8	8	2	1	0	0	0.5	1.0	-0.0007836117300000001	0
828	Iter0829	7	4	10	3	0	0	0.525	0.6591342486651426	-0.00043964670899999996	0
829	Iter0830	8	8	5	0	0	0	0.16666666666666666	0.11071797139908593	-0.000118218433	0
830	Iter0831	2	8	5	4	0	0	0.2	0.16980233388902097	-0.000278991	0
831	Iter0832	4	10	11	3	0	0	0.1090909090909091	0.021300907853606603	-1.36295e-07	0
832	Iter0833	7	8	9	7	0	0	0.6805555555555555	0.7244346966634612	-1.612851717124694e-06	0
833	Iter0834	5	6	8	7	0	0	0.7291666666666667	1.0	0.0	0
834	Iter0835	3	8	3	1	0	0	0.125	0.2351648351648349	-7.06482e-15	0
835	Iter0836	6	7	7	3	0	0	0.36734693877551017	0.401534526854218	-1.525334397e-05	0
836	Iter0837	5	6	5	4	0	0	0.6666666666666667	1.0	-5.0913278350999997e-05	0
837	Iter0838	1	4	8	3	0	0	0.09375	0.10576923076923063	0.0	0
838	Iter0839	3	4	9	4	0	0	0.3333333333333333	0.3563467492260052	0.0	0
839	Iter0840	7	5	4	1	0	0	0.35	0.6000323206205536	-0.00021111179	0
840	Iter0841	2	3	9	3	0	0	0.2222222222222222	0.28005817711699943	-8.02943e-06	0
841	Iter0842	4	11	1	5	0	0	1.818181818181818	1.0	0.0	0
842	Iter0843	5	6	6	8	0	0	1.1111111111111112	1.0	-0.0008301133175878001	0
843	Iter0844	11	4	6	1	0	0	0.4583333333333333	1.0	-0.00010375894999999999	0
844	Iter0845	7	8	3	3	0	0	0.875	1.0	-5.87692e-05	0
845	Iter0846	7	3	5	1	0	0	0.4666666666666667	1.0	-0.0008103156705000001	0
846	Iter0847	9	14	3	5	0	0	1.0714285714285716	1.0	-0.0006433464000000001	0
847	Iter0848	7	7	7	1	0	0	0.14285714285714285	0.16732026143790876	-0.00010920945473000001	0
848	Iter0849	5	6	9	6	0	0	0.5555555555555556	0.6921658365863537	-0.0004406428062	0
849	Iter0850	4	3	3	4	0	0	1.7777777777777777	1.0	-1.828202e-05	0
850	Iter0851	8	5	6	1	0	0	0.26666666666666666	0.3543601651186789	-0.0005651854198	0
851	Iter0852	4	5	7	0	0	0	0.10416666666666667	0.03365384615384602	-7.01313e-05	0
852	Iter0853	7	6	6	3	0	0	0.5833333333333334	0.673993808049532	-0.0005619234600000001	0
853	Iter0854	3	5	4	2	0	0	0.3	0.5920745920745929	-0.000329824	0
854	Iter0855	9	6	5	6	0	0	1.7999999999999998	0.6921658365863523	-0.0008312395613729101	0
855	Iter0856	4	5	5	7	0	0	1.12	1.0	-7.337358999999999e-05	0
856	Iter0857	6	8	7	3	0	0	0.3214285714285714	0.2396688652577737	-0.0007631419733419999	0
857	Iter0858	4	7	4	3	0	0	0.42857142857142855	0.6304675716440449	-3.01113e-14	0
858	Iter0859	10	8	5	0	0	0	0.20370370370370366	0.12211358435614693	-1.067713e-05	0
859	Iter0860	6	4	10	2	0	0	0.3	0.3476337903582473	-0.0003390732132	0
860	Iter0861	7	6	3	5	0	0	1.9444444444444449	0.6594427244582057	-0.00016961	0
861	Iter0862	4	8	4	5	0	0	0.625	0.6730650154798746	-0.0005787542	0
862	Iter0863	8	7	3	2	0	0	0.7619047619047619	1.0	-0.00018520166432000002	0
863	Iter0864	4	8	2	1	0	0	0.25	0.5252747252747227	-9.85092785e-05	0
864	Iter0865	5	6	9	0	0	0	0.08571428571428573	0.014086687306501585	-1.1667198e-05	0
865	Iter0866	9	5	3	2	0	0	1.2	1.0	-0.0003212205988642001	0
866	Iter0867	5	4	6	0	0	0	0.17142857142857146	0.10329670329670336	-0.0008276113879999999	0
867	Iter0868	7	6	4	5	0	0	1.4583333333333333	1.0	-0.000876715909	0
868	Iter0869	10	6	0	2	0	0	4.714285714285714	0.1830065359477128	-8.900006600000002e-05	0
869	Iter0870	6	6	2	0	0	0	0.3333333333333333	0.4725274725274709	-6.20419e-06	0
870	Iter0871	5	9	4	0	0	0	0.12	0.08235294117647103	-0.00013063299999999998	0
871	Iter0872	9	3	9	2	0	0	0.6666666666666666	1.0	-0.0007623469810000002	0
872	Iter0873	6	4	2	2	0	0	1.5	1.0	-0.0002714816	0
873	Iter0874	4	9	11	5	0	0	0.202020202020202	0.06559547883437122	-0.000104269	0
874	Iter0875	8	7	2	4	0	0	2.2857142857142856	0.6351172047766505	-0.000148728213415	0
875	Iter0876	1	4	8	1	0	0	0.03125	0.022977022977022855	-5.19173e-06	0
876	Iter0877	7	6	4	3	0	0	0.8750000000000001	1.0	-0.00016812707	0
877	Iter0878	7	7	8	2	0	0	0.25	0.20992058150491452	-1.708109e-05	0
878	Iter0879	4	8	2	3	0	0	0.75	1.0	-2.6041199e-06	0
879	Iter0880	6	6	3	2	0	0	0.6666666666666666	1.0	-0.000143628385	0
880	Iter0881	2	7	9	3	0	0	0.09523809523809523	0.0299731228523798	-0.000311764	0
881	Iter0882	7	7	8	4	0	0	0.5	0.4527392650424026	-9.814074899510001e-06	0
882	Iter0883	8	6	5	1	0	0	0.26666666666666666	0.35436016511867924	-6.542875050000001e-05	0
883	Iter0884	8	10	5	3	0	0	0.48	0.6727688787185335	-0.0001552172	0
884	Iter0885	3	6	7	0	0	0	0.07142857142857142	0.011363636363636315	-0.000447501000524511	0
885	Iter0886	9	4	6	4	0	0	1.5	0.6850181720285364	-0.000255549	0
886	Iter0887	3	11	4	4	0	0	0.2727272727272727	0.34262125902992835	0.0	0
887	Iter0888	3	7	2	4	0	0	0.8571428571428571	1.0	0.0	0
888	Iter0889	6	8	8	2	0	0	0.1875	0.10405168932561604	-0.00017222250600000002	0
889	Iter0890	13	7	7	3	0	0	0.7959183673469388	1.0	-0.0011327174323000001	0
890	Iter0891	4	7	9	4	0	0	0.25396825396825395	0.2173264042459088	-0.000135173	0
891	Iter0892	8	5	4	4	0	0	1.6	0.6730650154798768	-0.0001494693	0
892	Iter0893	9	3	8	0	0	0	0.2777777777777778	0.2421052631578953	-1.6806979999999998e-06	0
893	Iter0894	10	4	6	3	0	0	1.25	1.0	-8.8465300690073e-06	0
894	Iter0895	4	4	9	6	0	0	0.6666666666666666	0.6850181720285355	-0.00035566405	0
895	Iter0896	2	4	1	1	0	0	0.5	1.0	-0.0003984713	0
896	Iter0897	3	7	6	1	0	0	0.07142857142857142	0.04977375565610845	-0.000475517	0
897	Iter0898	10	3	2	2	0	0	3.333333333333333	0.5378151260504158	-0.0013406014142	0
898	Iter0899	6	11	9	3	0	0	0.1818181818181818	0.060432941424025576	-5.4488694e-05	0
899	Iter0900	6	8	9	4	0	0	0.3333333333333333	0.2518598285996341	-0.00011323458	0
900	Iter0901	7	9	3	4	0	0	1.037037037037037	1.0	-0.00017335454	0
901	Iter0902	4	5	8	4	0	0	0.4	0.3964277208859251	-0.0003837777935	0
902	Iter0903	4	5	3	2	0	0	0.5333333333333333	1.0	-4.791227e-05	0
903	Iter0904	11	6	6	0	0	0	0.24489795918367346	0.1438279493199401	-0.0005182926638999999	0
904	Iter0905	6	3	8	2	0	0	0.5	0.6284829721362238	-0.00053532758315	0
905	Iter0906	4	4	8	0	0	0	0.1111111111111111	0.07692307692307683	-5.18249e-05	0
906	Iter0907	6	8	7	1	0	0	0.10714285714285714	0.07430340557275522	0.0	0
907	Iter0908	6	6	5	2	0	0	0.4	0.6332460109549873	-4.13684e-05	0
908	Iter0909	3	4	4	2	0	0	0.375	0.5920745920745949	-4.80584e-05	0
909	Iter0910	6	5	6	1	0	0	0.2	0.3156108597285074	-8.677365952299998e-05	0
910	Iter0911	5	2	10	3	0	0	0.75	1.0	-1.33639e-05	0
911	Iter0912	7	5	1	3	0	0	4.2	0.5692307692307679	-0.00018215514724300003	0
912	Iter0913	7	5	5	3	0	0	0.8399999999999999	1.0	-0.0002068707	0
913	Iter0914	6	5	4	2	0	0	0.6	1.0	-0.00016916302	0
914	Iter0915	5	3	10	0	0	0	0.13636363636363635	0.06862745098039237	-0.00034312480000000005	0
915	Iter0916	14	7	6	2	0	0	0.6666666666666666	1.0	-0.0007446868459999999	0
916	Iter0917	7	7	5	3	0	0	0.6	0.6749226006191936	-1.24838e-05	0
917	Iter0918	8	4	3	1	0	0	0.6666666666666666	1.0	-0.000527357992	0
918	Iter0919	5	5	6	6	0	0	1.0	1.0	-5.75912e-05	0
919	Iter0920	9	6	2	1	0	0	0.75	1.0	-0.00033055252312975535	0
920	Iter0921	7	6	3	1	0	0	0.3888888888888889	0.6029411764705872	-3.9167052e-05	0
921	Iter0922	5	9	9	5	0	0	0.308641975308642	0.2568003769013332	-2.189893e-05	0
922	Iter0923	5	3	2	0	0	0	0.5	1.0	-0.000266153454591	0
923	Iter0924	5	6	7	1	0	0	0.11904761904761905	0.1472969754703503	-0.000494376	0
924	Iter0925	5	3	7	5	0	0	1.190476190476191	1.0	-7.492089999999998e-06	0
925	Iter0926	9	6	4	1	0	0	0.375	0.6126160990712072	-1.9220586566e-05	0
926	Iter0927	6	7	2	2	0	0	0.8571428571428571	1.0	-4.088382e-05	0
927	Iter0928	8	7	3	1	0	0	0.3809523809523809	0.602683178534573	-0.0004078345293	0
928	Iter0929	9	5	7	2	0	0	0.5142857142857143	0.6570197873199637	-3.69702e-05	0
929	Iter0930	5	9	3	6	0	0	1.1111111111111112	1.0	-1.195550113e-05	0
930	Iter0931	5	5	3	1	0	0	0.3333333333333333	0.5804195804195801	-7.79176e-07	0
931	Iter0932	7	4	2	0	0	0	0.5333333333333333	1.0	-0.00044798860000000006	0
932	Iter0933	7	8	3	4	0	0	1.1666666666666667	1.0	-0.0002561675925434669	0
933	Iter0934	13	3	7	4	0	0	2.4761904761904763	0.3913043478260912	-0.00030906490563755893	0
934	Iter0935	8	6	4	2	0	0	0.6666666666666666	1.0	-0.000126063	0
935	Iter0936	9	5	4	5	0	0	2.25	0.41728361825279137	-3.5451590000000004e-05	0
936	Iter0937	6	8	4	4	0	0	0.75	1.0	-0.000992227611	0
937	Iter0938	8	6	2	2	0	0	1.3333333333333333	1.0	-3.19695716e-05	0
938	Iter0939	5	6	2	0	0	0	0.2857142857142857	0.4615384615384627	-6.0364964833e-05	0
939	Iter0940	4	5	5	2	0	0	0.32	0.3575174825174812	-0.0006686337000000001	0
940	Iter0941	8	6	1	2	0	0	2.6666666666666665	0.5764705882352932	-0.00016558319800000004	0
941	Iter0942	4	4	6	1	0	0	0.16666666666666666	0.28205128205128144	-2.75983e-05	0
942	Iter0943	6	7	4	4	0	0	0.8571428571428571	1.0	-8.053478512038e-05	0
943	Iter0944	9	7	4	2	0	0	0.6428571428571429	1.0	-0.00015071015742	0
944	Iter0945	5	4	3	5	0	0	2.083333333333333	0.6371863430686958	-0.000496692639	0
945	Iter0946	7	12	4	2	0	0	0.2916666666666667	0.35000000000000264	-0.00072266509	0
946	Iter0947	5	4	5	4	0	0	1.0	1.0	-0.00037674826710000004	0
947	Iter0948	6	3	9	0	0	0	0.175	0.20588235294117666	-9.652324026e-05	0
948	Iter0949	2	5	8	3	0	0	0.15000000000000002	0.14479638009049833	-2.63407e-05	0
949	Iter0950	6	7	8	0	0	0	0.09722222222222222	0.017956656346749204	-0.0002806409	0
950	Iter0951	9	5	3	3	0	0	1.8	0.6424148606811155	-0.0005188707000000001	0
951	Iter0952	9	4	8	3	0	0	0.84375	1.0	-3.93937704127e-05	0
952	Iter0953	8	7	3	1	0	0	0.3809523809523809	0.602683178534573	-0.00020803931689999998	0
953	Iter0954	6	6	7	2	0	0	0.2857142857142857	0.36656346749225854	-0.0010330400566615	0
954	Iter0955	3	6	5	4	0	0	0.4	0.6371863430686975	0.0	0
955	Iter0956	10	1	6	4	0	0	6.666666666666668	0.14860681114551114	-0.00045402580000000005	0
956	Iter0957	6	6	10	3	0	0	0.3	0.2261946426167723	-0.0002482198	0
957	Iter0958	2	4	4	3	0	0	0.375	0.592074592074594	-6.932689999999999e-08	0
958	Iter0959	8	7	6	2	0	0	0.3809523809523809	0.3997846278099353	-0.0005377730000000001	0
959	Iter0960	9	2	6	3	0	0	2.25	0.616873065015481	-1.34029632e-05	0
960	Iter0961	8	6	5	1	0	0	0.26666666666666666	0.35436016511867924	-3.279e-05	0
961	Iter0962	11	7	7	1	0	0	0.22448979591836732	0.3601638635963564	-0.0013935732309	0
962	Iter0963	7	4	7	4	0	0	1.0	1.0	-0.000654541585	0
963	Iter0964	6	6	8	3	0	0	0.375	0.4003230582850995	-0.00016893599999999998	0
964	Iter0965	6	8	7	4	0	0	0.42857142857142855	0.428307982231794	-6.66611278e-05	0
965	Iter0966	6	10	3	3	0	0	0.6	0.6550199026979192	-4.78787e-05	0
966	Iter0967	8	9	4	1	0	0	0.2222222222222222	0.3233082706766893	-0.000609564024869	0
967	Iter0968	7	6	5	2	0	0	0.4666666666666667	0.6424148606811135	-0.0008347490000000001	0
968	Iter0969	15	4	4	4	0	0	3.75	0.1829249011857719	-1.0858557e-05	0
969	Iter0970	7	4	5	1	0	0	0.35	0.6000323206205543	-1.2655832e-05	0
970	Iter0971	8	6	3	3	0	0	1.3333333333333333	1.0	-0.00031388818640000005	0
971	Iter0972	3	6	8	3	0	0	0.1875	0.17480352464872584	-0.000292866656	0
972	Iter0973	10	6	4	3	0	0	1.2500000000000002	1.0	-0.0001303370234272013	0
973	Iter0974	5	7	6	2	0	0	0.2380952380952381	0.19680876399142705	-0.000263224754721	0
974	Iter0975	7	3	2	4	0	0	4.666666666666667	0.3024475524475521	-3.4183813599999995e-05	0
975	Iter0976	11	8	4	3	0	0	1.03125	1.0	-1.0722049999999998e-05	0
976	Iter0977	8	6	6	2	0	0	0.4444444444444444	0.649398004815961	-0.0013317360000000002	0
977	Iter0978	7	10	3	2	0	0	0.4666666666666666	0.6240601503759382	-0.000732812	0
978	Iter0979	7	5	7	2	0	0	0.4	0.6424148606811168	-3.96021133e-05	0
979	Iter0980	9	7	6	1	0	0	0.2142857142857143	0.34521959397447466	-0.000743128	0
980	Iter0981	7	6	5	6	0	0	1.4	1.0	-0.0003110269320224	0
981	Iter0982	2	5	4	0	0	0	0.1	0.060606060606060684	-0.0005232769999999999	0
982	Iter0983	5	5	7	3	0	0	0.42857142857142855	0.6499166468206703	-2.50473e-05	0
983	Iter0984	5	8	4	4	0	0	0.625	0.6730650154798745	-1.49542e-09	0
984	Iter0985	3	6	3	0	0	0	0.14285714285714285	0.18181818181818213	-5.92377997e-05	0
985	Iter0986	7	8	5	5	0	0	0.875	1.0	-0.00085184856965	0
986	Iter0987	1	4	1	2	0	0	0.5	1.0	-0.000119808	0
987	Iter0988	7	4	5	1	0	0	0.35	0.6000323206205543	-2.3577913000000006e-05	0
988	Iter0989	3	5	2	3	0	0	0.9	1.0	0.0	0
989	Iter0990	5	6	5	1	0	0	0.16666666666666669	0.30429864253393724	-6.951721800000002e-06	0
990	Iter0991	4	2	8	3	0	0	0.75	1.0	-0.0005640164	0
991	Iter0992	9	9	6	1	0	0	0.16666666666666666	0.179353026835865	-0.0005220022000000001	0
992	Iter0993	6	6	2	1	0	0	0.5	1.0	-3.300715700014618e-05	0
993	Iter0994	7	3	5	2	0	0	0.9333333333333332	1.0	-0.00059431308993	0
994	Iter0995	9	6	3	4	0	0	2.0	0.6517027863777056	-0.00021920470000000002	0
995	Iter0996	0	7	7	8	0	0	0.140625	0.05128295337273663	0.0	0
996	Iter0997	6	6	4	3	0	0	0.75	1.0	-5.021583706e-06	0
997	Iter0998	7	6	7	1	0	0	0.16666666666666669	0.1735810113519097	-2.47884e-08	0
998	Iter0999	7	7	9	3	0	0	0.3333333333333333	0.24751648943330246	-1.8688802589999998e-08	0
999	Iter1000	6	4	4	2	0	0	0.75	1.0	-1.5973921163e-05	0
