	IterId	dN	dS	pN	pS	bdN	bpN	MkScore	FSPVal	SelCoef	PosSel
0	Iter0001	6	6	6	3	0	0	0.5	0.6604905929983331	-0.000235477	0
1	Iter0002	5	5	14	3	0	0	0.21428571428571427	0.10194024976633773	-1.37863e-07	0
2	Iter0003	6	3	8	4	0	0	1.0	1.0	-0.00012788148020999998	0
3	Iter0004	4	9	9	2	0	0	0.09876543209876544	0.018822231409726383	-0.0018534432	0
4	Iter0005	6	8	1	1	0	0	0.75	1.0	-0.0005105420001393549	0
5	Iter0006	3	4	4	4	0	0	0.75	1.0	-0.001477791	0
6	Iter0007	5	7	7	2	0	0	0.20408163265306126	0.1842343415098833	-0.00024346533510000002	0
7	Iter0008	4	4	10	3	0	0	0.3	0.34575163398692954	-2.5995305820310005e-07	0
8	Iter0009	4	6	6	0	0	0	0.1020408163265306	0.033841158841158736	-0.000256021	0
9	Iter0010	3	5	5	5	0	0	0.6	0.6640614287673139	-0.000155234	0
10	Iter0011	10	5	7	3	0	0	0.8571428571428571	1.0	-6.065870020427901e-05	0
11	Iter0012	6	8	4	8	0	0	1.5	0.7014941445685857	-0.000206658	0
12	Iter0013	3	11	7	0	0	0	0.04166666666666666	0.0010319917440660472	-2.14019e-07	0
13	Iter0014	6	6	6	3	0	0	0.5	0.6604905929983331	-1.85976e-09	0
14	Iter0015	2	6	9	2	0	0	0.07407407407407407	0.02373581011351913	0.0	0
15	Iter0016	5	6	8	5	0	0	0.5208333333333334	0.6823933234621076	-7.609766e-06	0
16	Iter0017	8	8	3	2	0	0	0.6666666666666666	1.0	-0.00105629623	0
17	Iter0018	6	7	6	1	0	0	0.14285714285714285	0.15768833849329114	-0.001046920281883	0
18	Iter0019	2	5	7	5	0	0	0.2857142857142857	0.34984520123838925	-7.20062e-09	0
19	Iter0020	8	5	8	0	0	0	0.16666666666666666	0.11071797139908593	-4.92785726e-08	0
20	Iter0021	6	8	4	4	0	0	0.75	1.0	-0.0002045406098	0
21	Iter0022	4	8	10	4	0	0	0.2	0.11314443397496285	-2.2579e-05	0
22	Iter0023	7	4	5	5	0	0	1.75	0.6699214098594926	-0.0012101587505010001	0
23	Iter0024	3	4	7	2	0	0	0.21428571428571427	0.30244755244755184	0.0	0
24	Iter0025	4	9	4	4	0	0	0.4444444444444444	0.6458204334365296	-0.0003558615	0
25	Iter0026	11	10	8	1	0	0	0.1375	0.10002537192942072	-0.00065776996813	0
26	Iter0027	5	8	5	4	0	0	0.5	0.6656346749225981	-1.260365e-05	0
27	Iter0028	4	10	7	0	0	0	0.05681818181818181	0.003869969040247685	-4.0239190016e-07	0
28	Iter0029	5	2	7	8	0	0	2.8571428571428568	0.3808049535603691	-0.0007005920000000001	0
29	Iter0030	8	5	7	4	0	0	0.9142857142857144	1.0	-0.0003215852879999999	0
30	Iter0031	8	4	8	2	0	0	0.5	0.6461742591773529	-0.0002438614	0
31	Iter0032	5	6	13	4	0	0	0.25641025641025644	0.1245287130870652	-0.00024143325403	0
32	Iter0033	5	9	3	4	0	0	0.7407407407407408	1.0	-0.000321194	0
33	Iter0034	5	5	10	4	0	0	0.4	0.4028469511374375	-0.00024782819999	0
34	Iter0035	4	4	12	3	0	0	0.25	0.18189568317445695	0.0	0
35	Iter0036	3	5	12	1	0	0	0.05	0.01393188854489166	-1.35317e-06	0
36	Iter0037	9	6	8	5	0	0	0.9375	1.0	-1.21025e-05	0
37	Iter0038	3	4	9	7	0	0	0.5833333333333333	0.6668461434917216	0.0	0
38	Iter0039	5	4	9	3	0	0	0.4166666666666667	0.3972136222910224	0.0	0
39	Iter0040	6	4	9	5	0	0	0.8333333333333333	1.0	-0.0001989087	0
40	Iter0041	6	4	10	4	0	0	0.6	0.6733521783999671	-8.918380252203e-05	0
41	Iter0042	6	5	7	7	0	0	1.2	1.0	-0.0008222	0
42	Iter0043	5	5	10	3	0	0	0.3	0.22129492529277056	-0.0003983078688	0
43	Iter0044	8	7	12	2	0	0	0.19047619047619047	0.10864567716142076	-0.000298503200503086	0
44	Iter0045	5	8	14	6	0	0	0.26785714285714285	0.1482094974018357	0.0	0
45	Iter0046	7	5	7	2	0	0	0.4	0.6424148606811168	-5.430426100000001e-08	0
46	Iter0047	4	5	7	3	0	0	0.3428571428571429	0.3698499642772078	-3.88415e-05	0
47	Iter0048	8	6	7	2	0	0	0.3809523809523809	0.3997846278099336	-0.0002033913012	0
48	Iter0049	5	8	9	3	0	0	0.20833333333333331	0.11070130569390252	-1.8977015122e-07	0
49	Iter0050	8	4	8	0	0	0	0.2	0.11661506707946405	-0.0006386901	0
50	Iter0051	5	4	11	4	0	0	0.4545454545454545	0.412033921119938	-1.4486700000000004e-06	0
51	Iter0052	5	7	2	0	0	0	0.25	0.4615384615384607	-7.23711e-07	0
52	Iter0053	4	8	8	6	0	0	0.375	0.2670615156817881	-0.000668938	0
53	Iter0054	3	5	5	6	0	0	0.72	1.0	-0.000127562	0
54	Iter0055	5	8	6	3	0	0	0.3125	0.3869969040247671	-1.3128799999999998e-06	0
55	Iter0056	9	8	5	1	0	0	0.225	0.3401289785729149	-2.2188032740000003e-05	0
56	Iter0057	8	6	8	6	0	0	1.0	1.0	-0.00020815400000000005	0
57	Iter0058	4	10	5	5	0	0	0.4	0.4028469511374366	0.0	0
58	Iter0059	4	10	8	5	0	0	0.25	0.12834612105711968	-0.000395599	0
59	Iter0060	7	10	3	5	0	0	1.1666666666666667	1.0	-0.0017540517	0
60	Iter0061	7	3	8	5	0	0	1.4583333333333333	1.0	-0.00023539279132254702	0
61	Iter0062	6	8	8	1	0	0	0.09375	0.039687220842154335	-5.876729999999998e-06	0
62	Iter0063	6	7	7	6	0	0	0.7346938775510203	1.0	-0.00013987982	0
63	Iter0064	6	10	6	0	0	0	0.09090909090909093	0.015198423867154472	-1.05047e-05	0
64	Iter0065	6	7	3	1	0	0	0.2857142857142857	0.5764705882352927	-3.076008e-05	0
65	Iter0066	6	5	4	5	0	0	1.4999999999999998	1.0	-0.000174521822	0
66	Iter0067	4	4	10	6	0	0	0.6	0.6733521783999691	-6.1579143e-05	0
67	Iter0068	9	5	6	5	0	0	1.5	0.6968299905774726	-5.61767987e-08	0
68	Iter0069	8	2	11	5	0	0	1.818181818181818	0.667984189723324	-1.1694641899999999e-06	0
69	Iter0070	2	4	7	4	0	0	0.2857142857142857	0.3348416289592757	0.0	0
70	Iter0071	9	5	12	2	0	0	0.3	0.3845410628019317	-8.574180709714002e-05	0
71	Iter0072	8	8	12	6	0	0	0.5	0.4867147071625588	-0.00010237890000000001	0
72	Iter0073	4	5	8	2	0	0	0.2	0.16980233388902055	-0.00014088586	0
73	Iter0074	5	6	8	5	0	0	0.5208333333333334	0.6823933234621076	-0.00017923287546499998	0
74	Iter0075	4	1	5	5	0	0	4.0	0.5804195804195801	-9.44492e-09	0
75	Iter0076	3	6	10	3	0	0	0.15	0.07890314020344928	-1.227147e-05	0
76	Iter0077	4	5	8	4	0	0	0.4	0.3964277208859251	-2.39703e-06	0
77	Iter0078	5	2	9	2	0	0	0.5555555555555556	1.0	-0.001023514	0
78	Iter0079	5	6	8	4	0	0	0.4166666666666667	0.4136492125454262	-0.00016572868799999998	0
79	Iter0080	3	8	5	4	0	0	0.3	0.3618480590616816	-7.05836e-07	0
80	Iter0081	7	10	7	3	0	0	0.3	0.23646071700991836	-4.0318189321999995e-05	0
81	Iter0082	3	6	7	9	0	0	0.6428571428571428	0.691317808587971	-0.000348221621155	0
82	Iter0083	4	7	12	5	0	0	0.2380952380952381	0.12115070284406725	-1.769621e-05	0
83	Iter0084	6	1	9	2	0	0	1.3333333333333333	1.0	-0.0003564876	0
84	Iter0085	8	2	6	3	0	0	2.0	0.6284829721362238	-0.0006990523148690002	0
85	Iter0086	3	4	7	3	0	0	0.3214285714285714	0.34995886466474685	-3.1470400000000004e-07	0
86	Iter0087	6	8	11	4	0	0	0.2727272727272727	0.13941976380231105	-6.47451e-05	0
87	Iter0088	8	3	6	5	0	0	2.2222222222222223	0.6594427244582055	-1.3641049999999999e-05	0
88	Iter0089	4	6	7	4	0	0	0.3809523809523809	0.39485591807573217	-1.3370179999999996e-05	0
89	Iter0090	8	8	5	6	0	0	1.2	1.0	-2.251729e-05	0
90	Iter0091	4	4	9	2	0	0	0.2222222222222222	0.3188854489164083	-8.700399999999999e-06	0
91	Iter0092	1	8	7	4	0	0	0.07142857142857142	0.02810192903072157	0.0	0
92	Iter0093	8	6	3	2	0	0	0.8888888888888888	1.0	-0.000247591376	0
93	Iter0094	0	9	2	2	0	0	0.1	0.0769230769230771	0.0	0
94	Iter0095	3	5	7	2	0	0	0.17142857142857146	0.15343480049362426	0.0	0
95	Iter0096	4	4	8	9	0	0	1.125	1.0	0.0	0
96	Iter0097	7	3	5	6	0	0	2.8000000000000003	0.3869969040247684	-4.929619999999999e-10	0
97	Iter0098	13	4	8	1	0	0	0.40625	0.6278504104591074	-0.00055393244433459	0
98	Iter0099	12	8	7	1	0	0	0.21428571428571427	0.21435086652477944	-8.991326000000001e-05	0
99	Iter0100	7	6	8	3	0	0	0.4375000000000001	0.4225333153856522	-1.7407889999999996e-05	0
100	Iter0101	8	7	3	3	0	0	1.1428571428571428	1.0	-0.0008060338	0
101	Iter0102	12	5	4	2	0	0	1.2	1.0	-0.0026002450999999993	0
102	Iter0103	5	7	5	1	0	0	0.14285714285714285	0.15158371040724014	-1.23842e-07	0
103	Iter0104	4	4	9	5	0	0	0.5555555555555556	0.661919504643963	-1.139652e-05	0
104	Iter0105	8	3	7	5	0	0	1.9047619047619049	0.6668461434917192	-1.55068577e-05	0
105	Iter0106	0	6	4	4	0	0	0.14285714285714285	0.08491508491508502	0.0	0
106	Iter0107	4	3	5	3	0	0	0.7999999999999999	1.0	-0.0017979127825	0
107	Iter0108	3	6	14	3	0	0	0.10714285714285714	0.027677585572322395	0.0	0
108	Iter0109	7	7	7	1	0	0	0.14285714285714285	0.16732026143790876	-1.66281e-05	0
109	Iter0110	8	4	7	1	0	0	0.2857142857142857	0.6026831785345728	-0.0014841314000000002	0
110	Iter0111	5	6	7	0	0	0	0.10714285714285714	0.037707390648567145	-0.00033781926534	0
111	Iter0112	5	3	13	8	0	0	1.0256410256410258	1.0	-0.000673730494	0
112	Iter0113	7	6	9	2	0	0	0.2592592592592593	0.21079553102705634	-7.0354199999999984e-06	0
113	Iter0114	10	12	8	2	0	0	0.20833333333333331	0.12406055036997872	-0.0005708616	0
114	Iter0115	12	3	7	2	0	0	1.1428571428571428	1.0	-9.900935499999999e-05	0
115	Iter0116	8	5	3	2	0	0	1.0666666666666669	1.0	-0.0024495263	0
116	Iter0117	4	2	6	0	0	0	0.2380952380952381	0.4545454545454549	-2.71313e-07	0
117	Iter0118	5	5	11	7	0	0	0.6363636363636364	0.6979405034324899	-2.38754e-05	0
118	Iter0119	4	3	6	2	0	0	0.4444444444444444	0.6083916083916068	-1.6424244999999999e-06	0
119	Iter0120	9	7	6	4	0	0	0.8571428571428572	1.0	-0.0001356210516	0
120	Iter0121	4	5	8	1	0	0	0.1	0.1312217194570135	-0.0007348831920000001	0
121	Iter0122	5	7	5	4	0	0	0.5714285714285714	0.6699214098594893	-4.643116e-05	0
122	Iter0123	6	2	6	2	0	0	1.0	1.0	-6.0521481e-08	0
123	Iter0124	5	3	6	6	0	0	1.6666666666666667	0.6699214098594914	-5.87987e-05	0
124	Iter0125	5	5	7	0	0	0	0.125	0.044117647058823366	-8.228212627999999e-05	0
125	Iter0126	1	5	10	3	0	0	0.06	0.040763673890608684	0.0	0
126	Iter0127	8	4	3	2	0	0	1.3333333333333333	1.0	-0.001151232000004001	0
127	Iter0128	9	6	7	5	0	0	1.0714285714285714	1.0	-0.00029385654091	0
128	Iter0129	6	7	12	5	0	0	0.35714285714285715	0.2641222246019861	-0.0002017321099	0
129	Iter0130	1	4	6	6	0	0	0.25	0.3382352941176459	0.0	0
130	Iter0131	5	3	6	1	0	0	0.2777777777777778	0.5692307692307679	-0.0003779541	0
131	Iter0132	4	6	5	3	0	0	0.4	0.6371863430686966	-8.89350603e-05	0
132	Iter0133	2	6	9	2	0	0	0.07407407407407407	0.02373581011351913	-1.326338e-06	0
133	Iter0134	3	4	5	2	0	0	0.3	0.5920745920745918	-1.2980549999999997e-06	0
134	Iter0135	5	11	12	0	0	0	0.038461538461538464	0.00025314121423961316	-0.00022319134	0
135	Iter0136	5	4	8	1	0	0	0.15625	0.2941176470588228	-5.0643013182114e-05	0
136	Iter0137	3	7	11	5	0	0	0.1948051948051948	0.10537084398977056	-5.03346e-05	0
137	Iter0138	5	11	7	4	0	0	0.2597402597402597	0.1302463319423894	-4.600307e-05	0
138	Iter0139	6	8	6	3	0	0	0.375	0.4003230582850986	-0.00010167372894	0
139	Iter0140	4	8	7	6	0	0	0.42857142857142855	0.4283079822317944	-0.000302029	0
140	Iter0141	3	11	5	2	0	0	0.10909090909090907	0.05552115583075351	-0.0002968952	0
141	Iter0142	3	2	6	3	0	0	0.75	1.0	0.0	0
142	Iter0143	7	4	7	3	0	0	0.75	1.0	-0.0005181523809999999	0
143	Iter0144	10	5	8	8	0	0	2.0	0.4725475971691591	-0.000825882	0
144	Iter0145	4	6	3	4	0	0	0.8888888888888888	1.0	0.0	0
145	Iter0146	8	7	6	3	0	0	0.5714285714285714	0.6784560506124666	-0.00027252220000000005	0
146	Iter0147	4	4	4	2	0	0	0.5	0.6270396270396279	0.0	0
147	Iter0148	5	3	10	5	0	0	0.8333333333333334	1.0	-0.0005848701299999999	0
148	Iter0149	6	6	3	5	0	0	1.6666666666666667	0.6699214098594902	-0.000373308	0
149	Iter0150	8	4	10	2	0	0	0.4	0.6404053612291554	-4.4918524744e-05	0
150	Iter0151	4	4	5	3	0	0	0.6	1.0	-0.00023732781	0
151	Iter0152	4	7	7	5	0	0	0.4081632653061225	0.4136492125454276	-0.0004014124	0
152	Iter0153	5	5	5	0	0	0	0.16666666666666666	0.1008991008991007	-0.00069758574	0
153	Iter0154	3	1	15	1	0	0	0.2	0.3684210526315782	-2.30819e-05	0
154	Iter0155	7	3	4	1	0	0	0.5833333333333334	1.0	-0.0004190817	0
155	Iter0156	7	6	4	3	0	0	0.8750000000000001	1.0	-0.0001209683761	0
156	Iter0157	6	4	6	1	0	0	0.25	0.3382352941176455	-1.82112326094e-05	0
157	Iter0158	5	3	11	1	0	0	0.15151515151515152	0.2553147574819419	-8.68381e-08	0
158	Iter0159	6	1	6	3	0	0	3.0	0.5846153846153819	-1.2316419e-05	0
159	Iter0160	3	4	7	3	0	0	0.3214285714285714	0.34995886466474685	-0.000493744220928	0
160	Iter0161	6	4	3	1	0	0	0.5	1.0	-3.9514085e-05	0
161	Iter0162	5	8	12	1	0	0	0.052083333333333336	0.011167048054919913	-6.608412299999999e-07	0
162	Iter0163	6	4	4	2	0	0	0.75	1.0	-0.00015141864	0
163	Iter0164	4	7	9	2	0	0	0.12698412698412698	0.0804953560371518	-0.000155566	0
164	Iter0165	3	4	4	3	0	0	0.5625	1.0	-1.2553e-06	0
165	Iter0166	5	4	10	5	0	0	0.625	0.6784560506124686	-0.000196527	0
166	Iter0167	6	8	12	2	0	0	0.125	0.04607170099160927	-0.0007530530000000001	0
167	Iter0168	6	6	8	2	0	0	0.25	0.20433436532507632	-0.00028024682000000003	0
168	Iter0169	5	7	4	6	0	0	1.0714285714285716	1.0	-3.96880343e-07	0
169	Iter0170	7	5	7	6	0	0	1.2	1.0	-0.0005594239441	0
170	Iter0171	2	5	5	3	0	0	0.24	0.3146853146853151	-3.44548e-06	0
171	Iter0172	6	2	5	6	0	0	3.6	0.3520679526871482	-0.0002165027	0
172	Iter0173	2	2	8	4	0	0	0.5	0.604395604395601	0.0	0
173	Iter0174	2	8	10	2	0	0	0.05	0.008284285374068598	0.0	0
174	Iter0175	5	3	5	3	0	0	1.0	1.0	-1.47193e-08	0
175	Iter0176	8	7	7	4	0	0	0.6530612244897959	0.7007167855700661	-0.0001600067561	0
176	Iter0177	5	5	4	4	0	0	1.0	1.0	-0.0006918232	0
177	Iter0178	9	8	9	4	0	0	0.5	0.4650818951426569	-0.00022113512909891598	0
178	Iter0179	4	5	9	1	0	0	0.08888888888888889	0.05727554179566529	-0.000291996240584008	0
179	Iter0180	3	8	11	6	0	0	0.20454545454545456	0.12011187388761806	0.0	0
180	Iter0181	4	10	4	2	0	0	0.2	0.16109391124871045	0.0	0
181	Iter0182	8	7	8	6	0	0	0.8571428571428571	1.0	-0.00097611047	0
182	Iter0183	3	6	7	4	0	0	0.2857142857142857	0.3698499642772088	-8.399380000000001e-08	0
183	Iter0184	5	3	11	2	0	0	0.30303030303030304	0.3253722541648241	-1.2960999999999997e-05	0
184	Iter0185	4	5	8	7	0	0	0.7000000000000001	1.0	-2.124717675e-05	0
185	Iter0186	4	4	12	2	0	0	0.16666666666666666	0.13650436251055492	-4.48779e-07	0
186	Iter0187	9	9	7	2	0	0	0.2857142857142857	0.2311212814645328	-0.00017779910013733101	0
187	Iter0188	8	7	11	6	0	0	0.6233766233766234	0.7197909109961221	-3.30133165e-05	0
188	Iter0189	5	9	5	3	0	0	0.3333333333333333	0.3777089783281729	-4.110556e-06	0
189	Iter0190	11	7	2	5	0	0	3.928571428571429	0.201556064073226	-0.00151442363	0
190	Iter0191	7	6	7	4	0	0	0.6666666666666667	0.6968299905774674	-4.6150337888e-05	0
191	Iter0192	8	5	10	2	0	0	0.32	0.3782608695652167	-3.9252973e-05	0
192	Iter0193	9	6	4	1	0	0	0.375	0.6126160990712072	-0.0013506481516	0
193	Iter0194	9	5	10	3	0	0	0.54	0.6776167471819705	-5.785318715e-05	0
194	Iter0195	6	5	5	3	0	0	0.72	1.0	-4.685770227074e-06	0
195	Iter0196	6	8	6	4	0	0	0.5	0.6801722977520527	-0.00010840564000000001	0
196	Iter0197	7	9	6	5	0	0	0.6481481481481481	0.7035671018979768	-2.6366298104999996e-05	0
197	Iter0198	6	11	7	5	0	0	0.3896103896103896	0.2741809546354665	-2.2145268e-05	0
198	Iter0199	8	8	10	6	0	0	0.6	0.7223934721943052	-2.80043537118e-05	0
199	Iter0200	4	3	7	3	0	0	0.5714285714285714	0.6436651583710411	-0.000188694	0
200	Iter0201	10	3	9	2	0	0	0.7407407407407408	1.0	-6.8268714e-05	0
201	Iter0202	5	5	5	1	0	0	0.2	0.3069430569430568	-1.4739513555199997e-05	0
202	Iter0203	7	5	12	4	0	0	0.4666666666666666	0.4318840579710146	-0.0005831868134910001	0
203	Iter0204	4	9	4	2	0	0	0.2222222222222222	0.3188854489164083	-3.9196600000000003e-05	0
204	Iter0205	4	3	9	3	0	0	0.4444444444444444	0.6168730650154763	-1.50097e-05	0
205	Iter0206	4	4	11	5	0	0	0.4545454545454545	0.4120339211199392	-4.272874e-05	0
206	Iter0207	5	2	9	2	0	0	0.5555555555555556	1.0	-1.73367e-05	0
207	Iter0208	5	6	9	5	0	0	0.462962962962963	0.434660115762555	-9.2878685e-05	0
208	Iter0209	4	4	5	3	0	0	0.6	1.0	-2.01352e-06	0
209	Iter0210	7	7	9	4	0	0	0.4444444444444444	0.4400711924739435	-0.0004883503999999999	0
210	Iter0211	4	8	8	5	0	0	0.3125	0.2377439763090581	-7.11914e-10	0
211	Iter0212	7	2	6	0	0	0	0.3809523809523809	0.4857142857142826	-1.16693761e-06	0
212	Iter0213	5	5	6	2	0	0	0.3333333333333333	0.3665158371040734	-0.0005191531	0
213	Iter0214	9	5	5	2	0	0	0.72	1.0	-0.00059991800056	0
214	Iter0215	4	5	11	6	0	0	0.4363636363636364	0.4185354691075537	0.0	0
215	Iter0216	5	8	6	3	0	0	0.3125	0.3869969040247671	-6.404393e-08	0
216	Iter0217	6	4	4	3	0	0	1.125	1.0	-2.007679e-05	0
217	Iter0218	5	11	2	1	0	0	0.2272727272727273	0.5232198142414874	-2.9962682e-05	0
218	Iter0219	3	6	6	5	0	0	0.4166666666666667	0.4058585377470822	-1.02965e-09	0
219	Iter0220	8	5	4	4	0	0	1.6	0.6730650154798768	-0.0003667914128	0
220	Iter0221	1	3	4	2	0	0	0.16666666666666666	0.5238095238095236	-7.71746e-05	0
221	Iter0222	12	6	5	2	0	0	0.8	1.0	-0.0010269802369699999	0
222	Iter0223	0	9	10	6	0	0	0.06363636363636364	0.0027851540033529717	0.0	0
223	Iter0224	3	9	6	3	0	0	0.16666666666666666	0.08723165379512092	-8.9540700768761e-05	0
224	Iter0225	6	6	9	2	0	0	0.2222222222222222	0.1930273253466147	-0.00029193903	0
225	Iter0226	5	6	8	2	0	0	0.20833333333333331	0.18266253869969015	-8.9209418e-06	0
226	Iter0227	7	5	6	4	0	0	0.9333333333333332	1.0	-0.0009316779999999999	0
227	Iter0228	9	6	3	0	0	0	0.35714285714285715	0.5147058823529399	-0.0009256998190000001	0
228	Iter0229	4	3	9	3	0	0	0.4444444444444444	0.6168730650154763	-2.9953406e-05	0
229	Iter0230	11	6	5	4	0	0	1.4666666666666666	0.6924485125858159	-0.00030953550302300004	0
230	Iter0231	3	7	9	4	0	0	0.19047619047619047	0.09953271926619604	-7.03826e-06	0
231	Iter0232	6	4	4	1	0	0	0.375	0.6003996003995986	-0.00168889786	0
232	Iter0233	4	3	9	3	0	0	0.4444444444444444	0.6168730650154763	-1.68927e-09	0
233	Iter0234	9	6	5	7	0	0	2.1	0.4494817606676577	-0.001057647076	0
234	Iter0235	8	3	5	2	0	0	1.0666666666666669	1.0	-2.040277e-06	0
235	Iter0236	7	3	9	4	0	0	1.0370370370370372	1.0	-1.20329e-08	0
236	Iter0237	8	5	4	4	0	0	1.6	0.6730650154798768	-0.000157597298582	0
237	Iter0238	7	6	6	5	0	0	0.9722222222222224	1.0	-0.00020168210738	0
238	Iter0239	2	7	5	4	0	0	0.22857142857142854	0.3348416289592766	-1.64653e-07	0
239	Iter0240	9	3	8	1	0	0	0.375	0.6030075187969942	-0.000340743830199984	0
240	Iter0241	5	4	9	3	0	0	0.4166666666666667	0.3972136222910224	-0.00043901898000000005	0
241	Iter0242	2	5	10	1	0	0	0.04	0.012820512820512813	0.0	0
242	Iter0243	6	5	5	4	0	0	0.96	1.0	-6.10058e-08	0
243	Iter0244	5	7	4	4	0	0	0.7142857142857143	1.0	-4.9191355e-05	0
244	Iter0245	4	7	10	2	0	0	0.11428571428571427	0.03607484183604783	-2.7099669e-05	0
245	Iter0246	3	9	8	5	0	0	0.2083333333333333	0.1107013056939025	-0.00068438095	0
246	Iter0247	8	7	4	3	0	0	0.8571428571428571	1.0	-2.86584527e-05	0
247	Iter0248	11	6	9	5	0	0	1.0185185185185184	1.0	-0.0005053775	0
248	Iter0249	6	8	7	3	0	0	0.3214285714285714	0.2396688652577737	-0.000531330891259	0
249	Iter0250	8	4	9	6	0	0	1.3333333333333333	1.0	-0.00028239387784	0
250	Iter0251	9	9	12	1	0	0	0.08333333333333333	0.01997388402572913	-3.1204254999e-05	0
251	Iter0252	11	5	9	3	0	0	0.7333333333333334	1.0	-8.562298299999999e-05	0
252	Iter0253	8	9	5	3	0	0	0.5333333333333333	0.6727688787185362	-0.00037481271	0
253	Iter0254	6	7	6	5	0	0	0.7142857142857143	1.0	-0.001279660372951	0
254	Iter0255	4	1	9	3	0	0	1.3333333333333333	1.0	-0.000169576682	0
255	Iter0256	10	3	10	10	0	0	3.333333333333333	0.1594914908137306	-0.0004620501859	0
256	Iter0257	5	7	12	4	0	0	0.2380952380952381	0.12115070284406658	-0.0005340010000000001	0
257	Iter0258	3	6	7	4	0	0	0.2857142857142857	0.3698499642772088	-1.2767529e-06	0
258	Iter0259	5	7	5	0	0	0	0.125	0.04411764705882346	-2.487647e-06	0
259	Iter0260	3	4	5	3	0	0	0.45	0.6192696192696198	0.0	0
260	Iter0261	7	2	4	3	0	0	2.625	0.5961538461538439	-0.0009344280200000001	0
261	Iter0262	2	9	12	4	0	0	0.07407407407407407	0.006329549363605165	0.0	0
262	Iter0263	4	10	5	1	0	0	0.08	0.04984520123839028	-0.000112817111	0
263	Iter0264	7	5	10	3	0	0	0.4199999999999999	0.4109839816933642	-0.0005612763	0
264	Iter0265	7	5	6	1	0	0	0.2333333333333333	0.3330753353973148	-0.00124239156617	0
265	Iter0266	5	7	4	3	0	0	0.5357142857142858	0.6499166468206719	-1.73354857e-05	0
266	Iter0267	2	6	6	6	0	0	0.3333333333333333	0.3728506787330324	0.0	0
267	Iter0268	6	5	13	3	0	0	0.2769230769230769	0.2064412238325305	-0.001157255770555	0
268	Iter0269	2	8	13	3	0	0	0.0576923076923077	0.003984385516220246	-5.6655335e-06	0
269	Iter0270	2	2	6	6	0	0	1.0	1.0	-0.0007652421569999999	0
270	Iter0271	8	11	4	4	0	0	0.7272727272727273	1.0	-0.0006948490815522101	0
271	Iter0272	10	4	9	4	0	0	1.1111111111111112	1.0	-0.0007275509099999999	0
272	Iter0273	5	8	8	3	0	0	0.234375	0.1228006076572504	-0.00041679377999999997	0
273	Iter0274	6	4	9	2	0	0	0.3333333333333333	0.3614551083591342	-0.000176247794943	0
274	Iter0275	6	5	2	8	0	0	4.8	0.1826625386996905	-0.0010446553000000001	0
275	Iter0276	2	6	4	3	0	0	0.25	0.3146853146853137	-2.27806e-14	0
276	Iter0277	8	8	9	1	0	0	0.1111111111111111	0.08733097566049552	-0.00038246543	0
277	Iter0278	7	2	7	2	0	0	1.0	1.0	-8.811865000444134e-05	0
278	Iter0279	8	1	5	2	0	0	3.2	0.5499999999999967	-1.3401071800000001e-05	0
279	Iter0280	9	6	2	1	0	0	0.75	1.0	-1.73839e-05	0
280	Iter0281	4	8	7	2	0	0	0.14285714285714285	0.08049535603715162	-0.00013811728	0
281	Iter0282	9	8	7	6	0	0	0.9642857142857142	1.0	-0.000584851550015102	0
282	Iter0283	4	8	7	6	0	0	0.42857142857142855	0.4283079822317944	-8.191090300000001e-06	0
283	Iter0284	7	6	8	2	0	0	0.2916666666666667	0.37878583927850296	-0.0003279897	0
284	Iter0285	10	7	9	4	0	0	0.6349206349206349	0.7084257871064534	-0.0005388350049545699	0
285	Iter0286	6	10	6	3	0	0	0.3	0.2261946426167725	-3.4678276e-05	0
286	Iter0287	8	9	6	4	0	0	0.5925925925925926	0.6945842868039733	-1.391333047438e-05	0
287	Iter0288	9	4	8	9	0	0	2.53125	0.28275666677939304	-1.036689e-10	0
288	Iter0289	3	11	11	1	0	0	0.024793388429752063	0.00047920312289675466	-2.90347e-09	0
289	Iter0290	2	5	3	3	0	0	0.4	0.5920745920745943	0.0	0
290	Iter0291	3	4	14	5	0	0	0.26785714285714285	0.1880936454849495	-0.000556474	0
291	Iter0292	7	4	3	1	0	0	0.5833333333333334	1.0	-1.4038399877456e-05	0
292	Iter0293	3	2	10	3	0	0	0.45	0.5827497665732946	-0.00057147	0
293	Iter0294	9	1	8	5	0	0	5.625	0.17902463669054014	-2.8881302e-06	0
294	Iter0295	7	7	7	5	0	0	0.7142857142857143	0.7126881141472621	-0.0001189715619	0
295	Iter0296	4	4	10	2	0	0	0.2	0.16109391124871014	-0.000451112734	0
296	Iter0297	4	5	7	4	0	0	0.4571428571428572	0.6534174803524647	-1.16553e-12	0
297	Iter0298	5	6	11	4	0	0	0.30303030303030304	0.2279714631848177	0.0	0
298	Iter0299	8	4	5	4	0	0	1.6	0.6730650154798735	-0.00072688295287	0
299	Iter0300	6	4	10	2	0	0	0.3	0.3476337903582473	-1.453799e-06	0
300	Iter0301	6	6	1	6	0	0	6.0	0.17327538302770476	-0.0016984998283400001	0
301	Iter0302	6	5	6	1	0	0	0.2	0.3156108597285074	-0.0001015221036185	0
302	Iter0303	7	4	9	4	0	0	0.7777777777777778	1.0	-0.00021712100000005407	0
303	Iter0304	5	8	9	3	0	0	0.20833333333333331	0.11070130569390252	-2.64139e-05	0
304	Iter0305	6	5	10	4	0	0	0.48	0.4340826490779408	-0.0005228664999999999	0
305	Iter0306	7	7	8	2	0	0	0.25	0.20992058150491452	-0.0008449447999999999	0
306	Iter0307	4	7	9	4	0	0	0.25396825396825395	0.2173264042459088	-0.0001865262	0
307	Iter0308	5	4	5	7	0	0	1.75	0.6699214098594892	-1.60659e-06	0
308	Iter0309	5	8	6	2	0	0	0.20833333333333331	0.18266253869969049	-9.26059e-06	0
309	Iter0310	3	7	9	3	0	0	0.14285714285714285	0.08355730956350094	-3.20574e-05	0
310	Iter0311	4	5	5	1	0	0	0.16	0.2867132867132856	0.0	0
311	Iter0312	4	3	6	3	0	0	0.6666666666666666	1.0	-0.00166661	0
312	Iter0313	3	8	8	2	0	0	0.09375	0.02997312285237985	-0.00023865363029999998	0
313	Iter0314	12	7	3	3	0	0	1.7142857142857142	0.653162055335973	-0.00185695601050087	0
314	Iter0315	4	4	8	6	0	0	0.75	1.0	-3.710194e-05	0
315	Iter0316	5	10	6	4	0	0	0.3333333333333333	0.240631309732132	-0.0008334974812	0
316	Iter0317	3	6	10	5	0	0	0.25	0.20598330865527065	-2.66569e-05	0
317	Iter0318	6	3	9	4	0	0	0.8888888888888888	1.0	-0.000208163665	0
318	Iter0319	4	9	6	2	0	0	0.14814814814814814	0.08049535603715205	-3.97251e-05	0
319	Iter0320	4	4	12	6	0	0	0.5	0.6644892864572518	-0.000126481624353	0
320	Iter0321	9	4	7	2	0	0	0.6428571428571429	1.0	-0.000908411879	0
321	Iter0322	12	4	4	4	0	0	3.0	0.3625418269381144	-0.00247612249	0
322	Iter0323	12	6	3	3	0	0	2.0	0.6349074266694441	-1.791197500125118e-05	0
323	Iter0324	5	6	10	2	0	0	0.16666666666666669	0.08937945887737207	-2.94429e-09	0
324	Iter0325	6	10	11	5	0	0	0.2727272727272727	0.15561347792431185	-4.34508630704e-07	0
325	Iter0326	6	2	15	3	0	0	0.6	0.6278504104591024	-3.17296e-06	0
326	Iter0327	3	7	4	2	0	0	0.21428571428571427	0.3024475524475521	-4.54476e-06	0
327	Iter0328	4	6	10	5	0	0	0.3333333333333333	0.240631309732133	-2.100433721e-06	0
328	Iter0329	7	4	8	3	0	0	0.65625	1.0	-0.00026417248	0
329	Iter0330	5	6	6	3	0	0	0.4166666666666667	0.40585853774708297	-0.0011891534000000002	0
330	Iter0331	9	3	9	1	0	0	0.3333333333333333	0.5939849624060141	-0.00019639863398843304	0
331	Iter0332	6	7	8	7	0	0	0.75	1.0	-0.00028215	0
332	Iter0333	9	7	8	3	0	0	0.4821428571428572	0.4475464022374841	-0.00048254164319999995	0
333	Iter0334	2	5	12	2	0	0	0.06666666666666668	0.01728586171310636	-1.40392e-08	0
334	Iter0335	5	6	6	5	0	0	0.6944444444444445	1.0	-5.572868935443e-05	0
335	Iter0336	5	5	7	4	0	0	0.5714285714285714	0.6699214098594904	-5.5739985439999996e-05	0
336	Iter0337	8	5	8	4	0	0	0.8	1.0	-0.0005406029919	0
337	Iter0338	3	9	14	6	0	0	0.14285714285714285	0.026880108332930808	-1.6447e-08	0
338	Iter0339	6	3	7	3	0	0	0.8571428571428571	1.0	-0.00046923238	0
339	Iter0340	8	4	15	3	0	0	0.4	0.3915473032714455	-0.000627056721846	0
340	Iter0341	5	4	6	4	0	0	0.8333333333333334	1.0	-1.98573819e-05	0
341	Iter0342	4	5	5	5	0	0	0.8	1.0	-4.3174568542e-06	0
342	Iter0343	9	10	7	2	0	0	0.2571428571428572	0.22318840579710145	-6.188375045866e-05	0
343	Iter0344	11	9	5	2	0	0	0.4888888888888889	0.6618357487922802	-0.0005447649000000001	0
344	Iter0345	3	7	11	5	0	0	0.1948051948051948	0.10537084398977056	0.0	0
345	Iter0346	9	1	8	4	0	0	4.5	0.32330827067669016	-9.529563499999998e-06	0
346	Iter0347	6	6	9	5	0	0	0.5555555555555556	0.692165836586352	-2.216921e-05	0
347	Iter0348	6	4	3	1	0	0	0.5	1.0	-7.963592000000001e-08	0
348	Iter0349	5	6	9	4	0	0	0.3703703703703704	0.40809664827029213	-0.000337366	0
349	Iter0350	3	9	6	1	0	0	0.05555555555555555	0.019766611097880457	-6.9023367352e-05	0
350	Iter0351	7	4	6	2	0	0	0.5833333333333334	1.0	-6.1049054501e-05	0
351	Iter0352	8	5	6	0	0	0	0.21428571428571427	0.12796697626418954	-5.3467813000000006e-05	0
352	Iter0353	4	7	6	2	0	0	0.19047619047619047	0.16980233388902174	-9.558365999999999e-05	0
353	Iter0354	4	8	9	2	0	0	0.1111111111111111	0.03607484183604784	-0.000562010883	0
354	Iter0355	5	7	2	5	0	0	1.7857142857142856	0.656168135270302	-0.0015618277899999999	0
355	Iter0356	7	5	10	6	0	0	0.8399999999999999	1.0	-0.0011920226	0
356	Iter0357	3	8	8	3	0	0	0.140625	0.08610893750212661	-5.934494975000001e-05	0
357	Iter0358	6	12	5	3	0	0	0.3	0.2183066361556081	-3.88782e-07	0
358	Iter0359	5	7	16	4	0	0	0.17857142857142858	0.052933396825160905	-0.00025566749999999996	0
359	Iter0360	7	6	1	6	0	0	7.000000000000001	0.15768833849329145	-0.0011424946825	0
360	Iter0361	4	4	7	2	0	0	0.2857142857142857	0.3348416289592767	0.0	0
361	Iter0362	9	12	5	3	0	0	0.45	0.4269865067466336	-0.0009305361392263	0
362	Iter0363	3	9	10	5	0	0	0.16666666666666666	0.05423789653161088	-1.0601e-08	0
363	Iter0364	4	3	8	7	0	0	1.1666666666666667	1.0	-1.58337e-05	0
364	Iter0365	3	4	7	0	0	0	0.1	0.0699300699300699	-8.39246e-15	0
365	Iter0366	6	6	6	2	0	0	0.3333333333333333	0.37285067873303024	-3.281814e-05	0
366	Iter0367	4	4	4	1	0	0	0.25	0.5648795648795664	-0.000241598128	0
367	Iter0368	4	9	8	5	0	0	0.2777777777777777	0.2377439763090595	-0.0003490716	0
368	Iter0369	10	6	9	5	0	0	0.925925925925926	1.0	-0.0007006161	0
369	Iter0370	4	11	5	1	0	0	0.07272727272727272	0.04643962848297209	-3.4332298e-05	0
370	Iter0371	6	3	4	3	0	0	1.5	1.0	-0.0002687785	0
371	Iter0372	3	9	9	7	0	0	0.25925925925925924	0.13581652340570044	-2.70148e-07	0
372	Iter0373	11	2	6	3	0	0	2.75	0.6090225563909761	-0.000278087492	0
373	Iter0374	5	6	0	3	0	0	3.4285714285714284	0.25824175824175755	-0.000450883	0
374	Iter0375	11	5	6	1	0	0	0.3666666666666667	0.6213854795090501	-0.001515188252	0
375	Iter0376	3	9	7	6	0	0	0.2857142857142857	0.22619464261677266	-0.0006031025299999999	0
376	Iter0377	7	6	8	9	0	0	1.3125000000000002	1.0	-4.80904902241e-05	0
377	Iter0378	5	11	9	6	0	0	0.30303030303030304	0.15561347792431102	-8.501010000000001e-06	0
378	Iter0379	3	9	2	3	0	0	0.5	0.6000323206205531	-0.00038444107999999997	0
379	Iter0380	5	4	7	5	0	0	0.8928571428571429	1.0	-0.0004312628	0
380	Iter0381	7	7	6	2	0	0	0.3333333333333333	0.3801857585139316	-0.0008555306760171892	0
381	Iter0382	8	2	5	5	0	0	4.0	0.3498452012383904	-0.00010245833460000001	0
382	Iter0383	9	12	11	6	0	0	0.4090909090909091	0.20968913973701925	-0.0005583305000000001	0
383	Iter0384	7	5	7	5	0	0	1.0	1.0	-0.00084624611	0
384	Iter0385	8	3	5	3	0	0	1.6	1.0	-8.25644e-08	0
385	Iter0386	3	4	8	3	0	0	0.28125	0.33220211161387736	-3.50512e-05	0
386	Iter0387	7	1	8	3	0	0	2.625	0.6026831785345736	-0.000175052586662	0
387	Iter0388	9	6	9	6	0	0	1.0	1.0	-0.00022359004	0
388	Iter0389	5	1	11	5	0	0	2.2727272727272725	0.6341120180129493	-0.0001113827228	0
389	Iter0390	5	7	10	2	0	0	0.14285714285714285	0.08937945887737253	-0.00010381536589999999	0
390	Iter0391	7	6	2	5	0	0	2.9166666666666665	0.3742260061919491	-0.0007437985137808001	0
391	Iter0392	4	10	6	4	0	0	0.26666666666666666	0.2112330057881284	-0.00109355659	0
392	Iter0393	3	7	10	1	0	0	0.042857142857142864	0.0075187969924811904	0.0	0
393	Iter0394	7	4	3	4	0	0	2.333333333333333	0.6304675716440438	-0.0008227023999999999	0
394	Iter0395	3	2	14	1	0	0	0.10714285714285714	0.14035087719298334	-1.8446e-06	0
395	Iter0396	7	6	8	3	0	0	0.4375000000000001	0.4225333153856522	-0.0001681917425136	0
396	Iter0397	5	5	9	2	0	0	0.2222222222222222	0.1826625386996916	-0.0003881469240000001	0
397	Iter0398	6	7	6	4	0	0	0.5714285714285714	0.6801722977520499	-0.0002663031385	0
398	Iter0399	11	7	7	4	0	0	0.8979591836734694	1.0	-6.439926e-08	0
399	Iter0400	6	6	6	1	0	0	0.16666666666666666	0.17327538302770476	-0.00026204838	0
400	Iter0401	5	3	6	5	0	0	1.3888888888888893	1.0	-1.4004894029999998e-05	0
401	Iter0402	9	4	6	1	0	0	0.375	0.6126160990712084	-0.0017133460377000004	0
402	Iter0403	6	8	6	2	0	0	0.25	0.20433436532507632	-4.661056e-05	0
403	Iter0404	10	3	7	0	0	0	0.34375	0.5210526315789468	-9.012584500000001e-05	0
404	Iter0405	6	4	6	1	0	0	0.25	0.3382352941176455	-0.0006871712966000001	0
405	Iter0406	6	4	4	4	0	0	1.5	1.0	-0.0001367781633	0
406	Iter0407	7	9	11	1	0	0	0.0707070707070707	0.0158707806305059	-1.0545778924e-05	0
407	Iter0408	4	4	3	1	0	0	0.3333333333333333	0.5757575757575777	-7.918976221249999e-05	0
408	Iter0409	11	7	8	4	0	0	0.7857142857142857	1.0	-0.000248391860323	0
409	Iter0410	10	9	8	3	0	0	0.4166666666666667	0.442484472049691	-2.6822326e-05	0
410	Iter0411	6	6	11	3	0	0	0.2727272727272728	0.21766590389016066	-2.956836103e-05	0
411	Iter0412	6	9	3	2	0	0	0.4444444444444444	0.6168730650154812	-6.13973e-11	0
412	Iter0413	7	4	7	1	0	0	0.25	0.33780529755762045	-0.000152220255	0
413	Iter0414	2	5	12	8	0	0	0.26666666666666666	0.20869565217391453	-0.000126596	0
414	Iter0415	9	6	4	2	0	0	0.75	1.0	-0.0002807836	0
415	Iter0416	8	7	7	0	0	0	0.140625	0.051282953372736716	-0.0001553727079	0
416	Iter0417	5	3	6	4	0	0	1.1111111111111112	1.0	-0.00041125484	0
417	Iter0418	5	6	6	5	0	0	0.6944444444444445	1.0	-0.0001066467	0
418	Iter0419	13	6	5	3	0	0	1.2999999999999998	1.0	-0.00023550998935	0
419	Iter0420	4	7	7	2	0	0	0.16326530612244894	0.0922838771135984	-4.8426000000000014e-05	0
420	Iter0421	4	6	8	2	0	0	0.16666666666666666	0.16980233388902116	-0.000118384	0
421	Iter0422	5	5	7	3	0	0	0.42857142857142855	0.6499166468206703	-0.00021685664199109998	0
422	Iter0423	10	4	5	1	0	0	0.5	1.0	-3.2612471e-07	0
423	Iter0424	8	6	5	3	0	0	0.7999999999999999	1.0	-0.0002921323400078174	0
424	Iter0425	3	4	11	5	0	0	0.3409090909090909	0.3630367478799316	-2.88929e-05	0
425	Iter0426	5	6	9	4	0	0	0.3703703703703704	0.40809664827029213	0.0	0
426	Iter0427	6	4	2	4	0	0	3.0	0.6083916083916083	-2.15211e-05	0
427	Iter0428	4	6	9	2	0	0	0.14814814814814814	0.08049535603715162	-4.084709e-05	0
428	Iter0429	1	4	8	8	0	0	0.25	0.33834586466165484	0.0	0
429	Iter0430	7	8	6	1	0	0	0.14583333333333334	0.16486068111455066	-0.000281770711402	0
430	Iter0431	4	4	5	2	0	0	0.4	0.6083916083916073	-5.71379e-05	0
431	Iter0432	2	10	11	5	0	0	0.09090909090909093	0.009323821061605385	-2.20198e-06	0
432	Iter0433	9	8	13	1	0	0	0.08653846153846154	0.02071931776047485	-8.551719999999999e-05	0
433	Iter0434	9	8	6	1	0	0	0.1875	0.1907114624505943	0.0	0
434	Iter0435	13	4	5	5	0	0	3.25	0.219138755980864	-4.61967648e-06	0
435	Iter0436	5	8	4	2	0	0	0.3125	0.34984520123838925	-2.0244963e-05	0
436	Iter0437	2	4	4	2	0	0	0.25	0.5670995670995689	-2.77161e-05	0
437	Iter0438	4	4	8	6	0	0	0.75	1.0	-0.00047704600368	0
438	Iter0439	5	7	14	2	0	0	0.1020408163265306	0.016594999203694834	-1.0747e-07	0
439	Iter0440	9	6	5	1	0	0	0.3	0.6126160990712112	-5.16235e-08	0
440	Iter0441	9	11	9	4	0	0	0.3636363636363637	0.2844247231223077	-0.00045483613240000006	0
441	Iter0442	8	3	6	5	0	0	2.2222222222222223	0.6594427244582055	-0.0002610003932	0
442	Iter0443	2	6	5	5	0	0	0.3333333333333333	0.3665158371040742	-5.676809e-05	0
443	Iter0444	9	6	12	4	0	0	0.5	0.4577936838032627	-6.394230000001831e-05	0
444	Iter0445	5	5	9	3	0	0	0.3333333333333333	0.3777089783281732	0.0	0
445	Iter0446	2	6	11	2	0	0	0.0606060606060606	0.017573345127524606	-0.00014084	0
446	Iter0447	7	6	8	3	0	0	0.4375000000000001	0.4225333153856522	-0.0007117168389999999	0
447	Iter0448	5	3	4	2	0	0	0.8333333333333334	1.0	-4.0154252e-05	0
448	Iter0449	4	3	7	4	0	0	0.7619047619047619	1.0	-1.39837e-05	0
449	Iter0450	6	8	10	1	0	0	0.075	0.03300578812760836	-0.0002708242935	0
450	Iter0451	3	4	8	5	0	0	0.46875	0.6424148606811144	-0.0001855425	0
451	Iter0452	2	3	11	3	0	0	0.18181818181818185	0.2621259029927756	-0.000339613	0
452	Iter0453	17	5	2	4	0	0	6.8	0.06376811594202897	-0.0009145186655000001	0
453	Iter0454	9	7	8	2	0	0	0.32142857142857145	0.3988766382359093	-0.00026697043800000004	0
454	Iter0455	8	4	8	3	0	0	0.75	1.0	-0.000165405499	0
455	Iter0456	4	7	5	1	0	0	0.11428571428571427	0.13122171945701336	-0.00017461060000000003	0
456	Iter0457	8	4	8	5	0	0	1.25	1.0	-2.9587e-07	0
457	Iter0458	6	9	7	5	0	0	0.4761904761904762	0.4494817606676585	-0.0007421328	0
458	Iter0459	7	4	8	3	0	0	0.65625	1.0	-6.10298657e-05	0
459	Iter0460	4	4	10	3	0	0	0.3	0.34575163398692954	-8.201738e-06	0
460	Iter0461	6	7	6	2	0	0	0.2857142857142857	0.3665634674922597	-0.000127003103	0
461	Iter0462	7	5	7	4	0	0	0.7999999999999999	1.0	-5.51007e-06	0
462	Iter0463	1	11	6	2	0	0	0.030303030303030307	0.0044375644994839964	-3.5336900000000004e-05	0
463	Iter0464	9	9	7	4	0	0	0.5714285714285714	0.7021068413161887	-0.001329874400980329	0
464	Iter0465	6	7	5	3	0	0	0.5142857142857142	0.6594427244582042	-1.9926827e-05	0
465	Iter0466	5	2	4	3	0	0	1.875	1.0	-8.268803168900001e-05	0
466	Iter0467	6	7	7	5	0	0	0.6122448979591837	0.6950975905236215	-6.334197e-05	0
467	Iter0468	6	3	9	4	0	0	0.8888888888888888	1.0	-0.00028858204999999997	0
468	Iter0469	6	6	10	6	0	0	0.6	0.7021710285945046	-0.001448711	0
469	Iter0470	7	3	8	2	0	0	0.5833333333333334	1.0	-1.11247e-05	0
470	Iter0471	5	4	5	2	0	0	0.5	0.632867132867131	-9.968270000000001e-05	0
471	Iter0472	4	9	7	6	0	0	0.3809523809523809	0.42830798223179467	0.0	0
472	Iter0473	7	4	8	4	0	0	0.875	1.0	-0.000526594	0
473	Iter0474	1	6	7	2	0	0	0.047619047619047616	0.0405594405594404	0.0	0
474	Iter0475	8	5	11	6	0	0	0.8727272727272728	1.0	-0.000283469576932	0
475	Iter0476	8	10	4	4	0	0	0.8	1.0	-1.025946e-05	0
476	Iter0477	4	3	9	3	0	0	0.4444444444444444	0.6168730650154763	-0.0010520059999999999	0
477	Iter0478	5	5	12	4	0	0	0.3333333333333333	0.23411691283544975	-0.00022797565	0
478	Iter0479	2	12	9	4	0	0	0.07407407407407407	0.006329549363605192	-2.118e-08	0
479	Iter0480	6	2	15	3	0	0	0.6	0.6278504104591024	-1.26848e-05	0
480	Iter0481	10	8	7	1	0	0	0.17857142857142858	0.19015026163767634	-2.9532981925e-05	0
481	Iter0482	8	4	10	3	0	0	0.6	0.6727688787185342	-2.002237e-05	0
482	Iter0483	10	1	8	5	0	0	6.25	0.16598561621444846	-0.00139911512	0
483	Iter0484	9	8	8	2	0	0	0.28125	0.23045558560432994	-0.00016407449999999998	0
484	Iter0485	4	7	7	9	0	0	0.7346938775510203	1.0	-4.02463e-05	0
485	Iter0486	13	4	7	2	0	0	0.9285714285714286	1.0	-0.0004046606943649655	0
486	Iter0487	6	4	10	2	0	0	0.3	0.3476337903582473	-1.014837e-05	0
487	Iter0488	6	9	11	2	0	0	0.1212121212121212	0.02376048817696421	-0.000332072	0
488	Iter0489	6	7	8	4	0	0	0.42857142857142855	0.4283079822317952	-9.36826e-06	0
489	Iter0490	7	8	12	1	0	0	0.07291666666666667	0.015734989648033056	-0.0024567102	0
490	Iter0491	4	5	10	5	0	0	0.4	0.4028469511374347	-8.12243e-07	0
491	Iter0492	8	7	10	4	0	0	0.4571428571428571	0.44972513743129017	-0.000645467843	0
492	Iter0493	3	6	6	2	0	0	0.16666666666666666	0.1534348004936238	-0.000180296780116262	0
493	Iter0494	3	6	7	3	0	0	0.21428571428571427	0.1788954079975755	-6.652340176483e-05	0
494	Iter0495	4	10	7	4	0	0	0.2285714285714286	0.11599475030286782	-0.00011777006000000001	0
495	Iter0496	2	2	6	3	0	0	0.5	1.0	0.0	0
496	Iter0497	5	5	5	2	0	0	0.4	0.6220691073632253	-1.35443e-05	0
497	Iter0498	11	13	7	4	0	0	0.4835164835164835	0.4705228031145781	-0.0005972678125920999	0
498	Iter0499	8	3	5	9	0	0	4.8	0.11070130569390213	-0.00014693577760000002	0
499	Iter0500	1	12	3	3	0	0	0.08333333333333333	0.07094943240454082	0.0	0
500	Iter0501	6	9	7	1	0	0	0.09523809523809523	0.07430340557275512	-0.0002239637	0
501	Iter0502	6	8	7	2	0	0	0.21428571428571427	0.1967963386727676	-6.881149999999998e-13	0
502	Iter0503	6	4	8	8	0	0	1.5	0.7014941445685872	-0.000684005	0
503	Iter0504	3	6	8	4	0	0	0.25	0.19838056680161886	0.0	0
504	Iter0505	8	5	11	2	0	0	0.2909090909090909	0.3782608695652175	-0.000711476916	0
505	Iter0506	6	8	7	2	0	0	0.21428571428571427	0.1967963386727676	-0.0001150771039	0
506	Iter0507	10	7	3	5	0	0	2.380952380952381	0.4109839816933643	-0.00049309155	0
507	Iter0508	9	6	6	2	0	0	0.5	0.6570197873199626	-0.000896669	0
508	Iter0509	9	5	3	2	0	0	1.2	1.0	-0.0006749582900000001	0
509	Iter0510	2	12	5	4	0	0	0.13333333333333333	0.06571299208262457	0.0	0
510	Iter0511	7	7	7	4	0	0	0.5714285714285714	0.6887454569928717	-0.0009411986829129001	0
511	Iter0512	6	1	8	3	0	0	2.25	1.0	-4.5042299999999996e-06	0
512	Iter0513	10	3	7	0	0	0	0.34375	0.5210526315789468	-0.00015557627	0
513	Iter0514	5	9	3	1	0	0	0.1851851851851852	0.2745098039215697	-2.1699856000000003e-06	0
514	Iter0515	2	7	6	4	0	0	0.19047619047619047	0.16980233388902097	0.0	0
515	Iter0516	9	5	7	2	0	0	0.5142857142857143	0.6570197873199637	-0.0005829263439704351	0
516	Iter0517	5	6	11	3	0	0	0.2272727272727273	0.11532103917081801	-7.13693e-05	0
517	Iter0518	6	11	7	3	0	0	0.2337662337662337	0.12011187388761875	-0.0002610388614	0
518	Iter0519	6	12	7	1	0	0	0.07142857142857142	0.0302059496567505	-2.7156154e-06	0
519	Iter0520	4	4	8	6	0	0	0.75	1.0	-7.97796e-05	0
520	Iter0521	5	2	4	4	0	0	2.5	0.6083916083916074	-6.246548e-05	0
521	Iter0522	10	7	4	3	0	0	1.0714285714285716	1.0	-0.000472468471	0
522	Iter0523	9	7	4	2	0	0	0.6428571428571429	1.0	-0.001155768587944	0
523	Iter0524	6	7	5	7	0	0	1.2	1.0	-0.0005355800000007282	0
524	Iter0525	3	10	11	1	0	0	0.027272727272727268	0.0009826356171759336	-0.0002521121	0
525	Iter0526	5	2	9	5	0	0	1.3888888888888888	1.0	-9.527681255043e-06	0
526	Iter0527	4	8	9	4	0	0	0.2222222222222222	0.11523854393015745	-2.8939653950000002e-05	0
527	Iter0528	5	10	6	3	0	0	0.25	0.20598330865527006	-1.2337694737e-05	0
528	Iter0529	7	4	7	1	0	0	0.25	0.33780529755762045	-0.0004756744000000001	0
529	Iter0530	4	5	5	2	0	0	0.32	0.3575174825174812	-0.0001625670679648	0
530	Iter0531	12	4	8	1	0	0	0.375	0.6205533596837964	-0.00027078834259546496	0
531	Iter0532	10	5	7	4	0	0	1.1428571428571428	1.0	-0.00045404614050000003	0
532	Iter0533	3	7	8	3	0	0	0.16071428571428573	0.08610893750212645	-1.1044985600000003e-06	0
533	Iter0534	11	9	7	2	0	0	0.34920634920634924	0.4118325452658306	-6.783397e-05	0
534	Iter0535	6	5	4	3	0	0	0.9	1.0	-0.00081213106	0
535	Iter0536	5	3	9	4	0	0	0.7407407407407408	1.0	-0.00028670910999953006	0
536	Iter0537	6	5	9	2	0	0	0.26666666666666666	0.3614551083591352	-1.73648e-06	0
537	Iter0538	3	4	8	7	0	0	0.65625	1.0	-0.0001096898910903	0
538	Iter0539	6	4	7	3	0	0	0.6428571428571428	1.0	-0.00023133988599999999	0
539	Iter0540	3	6	8	7	0	0	0.4375	0.4225333153856515	-1.19113e-08	0
540	Iter0541	8	7	8	4	0	0	0.5714285714285714	0.6959662583568986	-0.0006478921422240001	0
541	Iter0542	8	8	13	0	0	0	0.07142857142857142	0.0032983508245877325	-0.000420288	0
542	Iter0543	6	5	4	7	0	0	2.1	0.6699214098594883	-7.822526000000001e-05	0
543	Iter0544	5	9	3	4	0	0	0.7407407407407408	1.0	-3.43471e-05	0
544	Iter0545	8	4	6	2	0	0	0.6666666666666666	1.0	-3.41383216e-06	0
545	Iter0546	8	6	8	6	0	0	1.0	1.0	-0.0004121471	0
546	Iter0547	5	5	4	1	0	0	0.25	0.5804195804195791	-0.0008636942068	0
547	Iter0548	7	5	2	4	0	0	2.8	0.6199095022624423	-1.0727819999999999e-05	0
548	Iter0549	8	9	6	2	0	0	0.2962962962962963	0.2336842105263172	-6.847e-09	0
549	Iter0550	7	7	5	6	0	0	1.2	1.0	-1.2882664e-05	0
550	Iter0551	4	1	12	8	0	0	2.6666666666666665	0.6205533596837987	-1.60248e-06	0
551	Iter0552	5	7	9	1	0	0	0.07936507936507936	0.03095975232198135	-0.000850933	0
552	Iter0553	8	1	11	7	0	0	5.090909090909091	0.20111888111888165	-7.91242e-06	0
553	Iter0554	10	6	6	2	0	0	0.5555555555555556	0.6674131270981487	-4.79762598e-05	0
554	Iter0555	2	6	6	4	0	0	0.2222222222222222	0.18798848210612995	0.0	0
555	Iter0556	7	5	7	3	0	0	0.6	0.6749226006191936	-3.300122e-05	0
556	Iter0557	3	6	7	5	0	0	0.35714285714285715	0.3869969040247677	-0.000135284	0
557	Iter0558	5	4	9	3	0	0	0.4166666666666667	0.3972136222910224	-2.903959146e-05	0
558	Iter0559	12	6	9	7	0	0	1.5555555555555554	0.7253760216665925	-0.00034261443471220003	0
559	Iter0560	1	3	3	1	0	0	0.1111111111111111	0.4857142857142854	0.0	0
560	Iter0561	7	2	6	2	0	0	1.1666666666666667	1.0	-4.813870199999999e-05	0
561	Iter0562	6	6	7	1	0	0	0.14285714285714285	0.15768833849329153	-0.00023210790199999998	0
562	Iter0563	6	8	6	5	0	0	0.625	0.6950975905236245	-2.8888370050000003e-05	0
563	Iter0564	4	4	6	3	0	0	0.5	0.6371863430686968	-2.423063e-05	0
564	Iter0565	9	7	10	2	0	0	0.2571428571428572	0.2231884057971008	-0.0006158075000000001	0
565	Iter0566	6	3	4	2	0	0	1.0	1.0	-0.0015234124235699999	0
566	Iter0567	9	3	5	2	0	0	1.2	1.0	-0.00059513231	0
567	Iter0568	2	4	8	5	0	0	0.3125	0.3498452012383894	0.0	0
568	Iter0569	6	5	15	0	0	0	0.07291666666666667	0.007023411371237476	-4.9932e-06	0
569	Iter0570	9	6	10	3	0	0	0.45	0.4347826086956518	-0.0007354517312680001	0
570	Iter0571	6	2	8	1	0	0	0.375	0.5764705882352942	-0.00013188706	0
571	Iter0572	5	7	13	6	0	0	0.3296703296703297	0.2623306779789829	-4.65529504e-05	0
572	Iter0573	5	7	11	4	0	0	0.25974025974025977	0.13024633194238913	-1.25248e-05	0
573	Iter0574	2	7	5	3	0	0	0.1714285714285714	0.1534348004936239	-6.061703e-08	0
574	Iter0575	8	5	11	5	0	0	0.7272727272727273	0.7141429285357392	-0.0001769320200084545	0
575	Iter0576	7	11	6	5	0	0	0.5303030303030303	0.4656836995036368	-0.00028655499	0
576	Iter0577	5	0	13	3	0	0	1.7142857142857142	0.54887218045113	-5.561619999999998e-06	0
577	Iter0578	5	6	7	7	0	0	0.8333333333333334	1.0	-0.0005289746500000001	0
578	Iter0579	10	7	8	3	0	0	0.5357142857142858	0.6887871853546896	-0.0006401703970175168	0
579	Iter0580	6	4	5	1	0	0	0.3	0.5879120879120863	-0.0001414977	0
580	Iter0581	9	3	4	2	0	0	1.5	1.0	-5.010336230007611e-05	0
581	Iter0582	7	1	10	4	0	0	2.8	0.6129718234981395	-6.039017009e-05	0
582	Iter0583	7	2	8	5	0	0	2.1875	0.6478328173374585	-9.3261e-05	0
583	Iter0584	4	9	6	2	0	0	0.14814814814814814	0.08049535603715205	-0.000177452	0
584	Iter0585	6	5	5	3	0	0	0.72	1.0	-0.000165107	0
585	Iter0586	1	5	9	6	0	0	0.13333333333333333	0.14860681114551105	0.0	0
586	Iter0587	4	5	4	2	0	0	0.4	0.6083916083916074	-8.71346e-05	0
587	Iter0588	6	8	4	2	0	0	0.375	0.628482972136224	-0.0005035709	0
588	Iter0589	5	10	4	3	0	0	0.375	0.3761609907120736	-2.20489e-06	0
589	Iter0590	9	4	6	1	0	0	0.375	0.6126160990712084	-4.67941107e-05	0
590	Iter0591	3	7	8	6	0	0	0.32142857142857145	0.23966886525777475	-2.8423979999999996e-06	0
591	Iter0592	6	6	9	2	0	0	0.2222222222222222	0.1930273253466147	-0.00019981480280000002	0
592	Iter0593	7	8	3	3	0	0	0.875	1.0	-1.19253629e-05	0
593	Iter0594	6	5	4	3	0	0	0.9	1.0	-1.38899e-08	0
594	Iter0595	10	5	4	4	0	0	2.0	0.6570197873199637	-0.00019230987449036	0
595	Iter0596	8	3	10	1	0	0	0.26666666666666666	0.586466165413535	-1.0399100000000002e-09	0
596	Iter0597	4	2	11	2	0	0	0.3636363636363637	0.5572755417956656	-0.000372556	0
597	Iter0598	3	1	8	5	0	0	1.875	1.0	-1.2528e-07	0
598	Iter0599	5	2	7	2	0	0	0.7142857142857143	1.0	-9.06838e-06	0
599	Iter0600	10	3	6	3	0	0	1.6666666666666667	0.6550199026979191	-0.00011482380000000001	0
600	Iter0601	3	4	6	0	0	0	0.1142857142857143	0.06993006993007007	-8.45047e-06	0
601	Iter0602	10	5	11	2	0	0	0.3636363636363637	0.3955314009661825	-0.00023714297	0
602	Iter0603	4	2	5	3	0	0	1.2	1.0	-0.0005604624314	0
603	Iter0604	5	7	8	8	0	0	0.7142857142857143	0.7176829541885388	0.0	0
604	Iter0605	9	7	4	2	0	0	0.6428571428571429	1.0	-0.00011197555023	0
605	Iter0606	7	6	7	4	0	0	0.6666666666666667	0.6968299905774674	-6.0546109e-05	0
606	Iter0607	9	9	8	0	0	0	0.1111111111111111	0.02327055095933817	-0.00013876721442	0
607	Iter0608	8	4	6	5	0	0	1.6666666666666667	0.6801722977520543	-3.15637955e-05	0
608	Iter0609	5	8	9	2	0	0	0.1388888888888889	0.04717997038632398	-0.0002027940657	0
609	Iter0610	10	9	9	1	0	0	0.1234567901234568	0.09756779951682552	-0.0003820821	0
610	Iter0611	6	9	10	2	0	0	0.13333333333333333	0.04732803876699482	-9.53903e-08	0
611	Iter0612	5	6	8	6	0	0	0.6250000000000001	0.6950975905236252	-0.0002480353	0
612	Iter0613	6	4	8	2	0	0	0.375	0.6284829721362245	-0.00049503928	0
613	Iter0614	3	8	9	3	0	0	0.125	0.0391257013278817	-9.00732e-05	0
614	Iter0615	10	9	11	3	0	0	0.30303030303030304	0.16035933646079908	-0.00037388265644222954	0
615	Iter0616	2	6	6	4	0	0	0.2222222222222222	0.18798848210612995	-1.50374e-05	0
616	Iter0617	7	5	4	2	0	0	0.7	1.0	-0.000475650934	0
617	Iter0618	6	5	8	1	0	0	0.15	0.1571207430340557	-0.00140476921	0
618	Iter0619	3	5	11	0	0	0	0.05555555555555555	0.004815961472308224	-0.000671627592245	0
619	Iter0620	2	3	10	4	0	0	0.26666666666666666	0.3046955624355003	-0.000208772	0
620	Iter0621	2	6	7	0	0	0	0.05357142857142857	0.006993006993006971	0.0	0
621	Iter0622	2	10	8	8	0	0	0.2	0.11439468235806866	-0.00126154706	0
622	Iter0623	6	10	14	4	0	0	0.17142857142857146	0.03487611033193132	-1.33489076191e-06	0
623	Iter0624	2	6	5	4	0	0	0.26666666666666666	0.33484162895927594	0.0	0
624	Iter0625	11	7	2	3	0	0	2.357142857142857	0.6175220660346468	-0.0007724096960000001	0
625	Iter0626	3	4	9	5	0	0	0.4166666666666666	0.3972136222910229	0.0	0
626	Iter0627	5	8	7	3	0	0	0.26785714285714285	0.21375689864046188	-0.000375169	0
627	Iter0628	8	4	12	3	0	0	0.5	0.6618357487922761	-1.2238e-06	0
628	Iter0629	9	2	5	2	0	0	1.8	1.0	-2.440629648e-05	0
629	Iter0630	2	3	8	5	0	0	0.4166666666666666	0.6078431372549022	-7.889669999999998e-07	0
630	Iter0631	5	6	8	1	0	0	0.10416666666666667	0.07027863777089761	-2.74195e-09	0
631	Iter0632	6	8	6	3	0	0	0.375	0.4003230582850986	-0.0001634226737	0
632	Iter0633	5	8	9	2	0	0	0.1388888888888889	0.04717997038632398	-0.00010570184	0
633	Iter0634	3	3	4	2	0	0	0.5	1.0	-2.5582e-05	0
634	Iter0635	6	5	8	3	0	0	0.45	0.6594427244582055	-0.0005109588958	0
635	Iter0636	7	7	5	2	0	0	0.4	0.6424148606811169	-0.000159370435	0
636	Iter0637	4	5	8	4	0	0	0.4	0.3964277208859251	-1.0691979999999999e-05	0
637	Iter0638	6	9	6	1	0	0	0.1111111111111111	0.0743034055727551	-0.000344008801	0
638	Iter0639	8	4	12	1	0	0	0.16666666666666666	0.16024844720496814	-0.0005293852241908001	0
639	Iter0640	4	1	14	5	0	0	1.4285714285714286	1.0	-2.18486e-08	0
640	Iter0641	6	8	7	4	0	0	0.42857142857142855	0.428307982231794	-7.261164300000001e-06	0
641	Iter0642	5	5	3	5	0	0	1.6666666666666667	0.6640614287673139	-2.177433e-05	0
642	Iter0643	7	7	6	4	0	0	0.6666666666666666	0.6968299905774686	-0.00047444267968999997	0
643	Iter0644	5	3	8	2	0	0	0.4166666666666667	0.6078431372549032	-0.000113325946	0
644	Iter0645	7	6	6	4	0	0	0.7777777777777778	1.0	-0.000360721412	0
645	Iter0646	4	2	10	0	0	0	0.15151515151515152	0.1249999999999993	-1.14718e-08	0
646	Iter0647	8	8	4	2	0	0	0.5	0.6461742591773529	-6.598865154900001e-05	0
647	Iter0648	4	8	6	7	0	0	0.5833333333333334	0.6881679903082536	-8.02828336e-05	0
648	Iter0649	5	5	10	6	0	0	0.6	0.689056400592279	-3.34564e-11	0
649	Iter0650	4	3	10	6	0	0	0.7999999999999999	1.0	-2.9426470940477003e-05	0
650	Iter0651	5	5	12	4	0	0	0.3333333333333333	0.23411691283544975	-4.24447e-05	0
651	Iter0652	9	7	8	3	0	0	0.4821428571428572	0.4475464022374841	-3.471810000000001e-05	0
652	Iter0653	3	7	7	5	0	0	0.30612244897959184	0.2305310788282917	-4.01076e-05	0
653	Iter0654	9	3	6	3	0	0	1.5	1.0	-1.01236352e-05	0
654	Iter0655	10	9	8	3	0	0	0.4166666666666667	0.442484472049691	-0.0009157101090000001	0
655	Iter0656	2	6	5	1	0	0	0.06666666666666668	0.10256410256410263	0.0	0
656	Iter0657	10	7	10	2	0	0	0.2857142857142857	0.23407527005728115	-5.301112999999999e-05	0
657	Iter0658	8	5	9	1	0	0	0.17777777777777778	0.17902463669054014	-0.0017065550748	0
658	Iter0659	6	3	8	3	0	0	0.75	1.0	-0.00029311105108	0
659	Iter0660	6	9	7	6	0	0	0.5714285714285714	0.705079514643384	-0.00010998533600023294	0
660	Iter0661	13	9	4	2	0	0	0.7222222222222222	1.0	-2.003637915e-05	0
661	Iter0662	10	2	7	5	0	0	3.571428571428572	0.3707093821510294	-3.4971630000000005e-05	0
662	Iter0663	8	11	7	2	0	0	0.2077922077922078	0.11449275362318785	-0.000798152053	0
663	Iter0664	5	8	5	4	0	0	0.5	0.6656346749225981	-0.0010061363772	0
664	Iter0665	7	10	9	4	0	0	0.3111111111111111	0.15897840553407722	-0.00021868559960869997	0
665	Iter0666	8	14	5	6	0	0	0.6857142857142856	0.7136109364672434	-3.4114891e-05	0
666	Iter0667	3	1	9	5	0	0	1.6666666666666663	1.0	-1.4152600000000004e-06	0
667	Iter0668	6	6	5	1	0	0	0.2	0.3156108597285071	-9.882440580000001e-05	0
668	Iter0669	4	8	9	0	0	0	0.05555555555555556	0.004599734630694357	-7.40175e-09	0
669	Iter0670	7	7	3	2	0	0	0.6666666666666666	1.0	-4.99472e-05	0
670	Iter0671	6	7	11	2	0	0	0.15584415584415584	0.09684210526315776	-5.70450504e-07	0
671	Iter0672	8	4	8	5	0	0	1.25	1.0	-0.0002509707749	0
672	Iter0673	8	1	10	1	0	0	0.8	1.0	-0.00016105627300000002	0
673	Iter0674	8	9	13	3	0	0	0.20512820512820512	0.07072915155325474	-0.0010051538999999998	0
674	Iter0675	7	8	7	4	0	0	0.5	0.452739265042402	-0.00112153948	0
675	Iter0676	7	3	7	3	0	0	1.0	1.0	-5.7805219808e-05	0
676	Iter0677	4	2	2	2	0	0	2.0	1.0	-7.88603e-06	0
677	Iter0678	6	5	12	5	0	0	0.5	0.4442628309905203	-6.5153716e-06	0
678	Iter0679	4	7	12	3	0	0	0.14285714285714285	0.04261677210930154	-5.72388399e-05	0
679	Iter0680	8	6	5	2	0	0	0.5333333333333333	0.6556587547299609	-5.256301484e-05	0
680	Iter0681	7	9	7	6	0	0	0.6666666666666666	0.7152491865522437	-0.00014750327	0
681	Iter0682	5	6	11	2	0	0	0.15151515151515152	0.08246960111275621	-2.65100353e-06	0
682	Iter0683	10	8	7	4	0	0	0.7142857142857143	0.7166890239091039	-0.00013131831172	0
683	Iter0684	9	11	10	5	0	0	0.4090909090909091	0.3063564991697755	-4.11926218e-05	0
684	Iter0685	4	5	13	4	0	0	0.24615384615384614	0.1936758893280633	-2.655931e-05	0
685	Iter0686	4	2	6	4	0	0	1.3333333333333333	1.0	-1.3648158499999999e-05	0
686	Iter0687	6	6	5	2	0	0	0.4	0.6332460109549873	-9.974843e-05	0
687	Iter0688	5	3	12	3	0	0	0.4166666666666667	0.6213854795090508	-2.0187883e-06	0
688	Iter0689	5	7	6	5	0	0	0.5952380952380952	0.6842726529090746	-0.000247692	0
689	Iter0690	8	7	9	7	0	0	0.8888888888888887	1.0	-2.5235440000000005e-05	0
690	Iter0691	12	9	8	1	0	0	0.16666666666666666	0.2035143267527079	-0.000141443912166	0
691	Iter0692	6	3	7	6	0	0	1.7142857142857142	0.673993808049531	-0.00025387125513999997	0
692	Iter0693	10	7	5	2	0	0	0.5714285714285714	0.6687122945704231	-0.0004455501774	0
693	Iter0694	8	4	8	2	0	0	0.5	0.6461742591773529	-5.513784e-05	0
694	Iter0695	4	7	10	2	0	0	0.11428571428571427	0.03607484183604783	-5.3521467185000014e-05	0
695	Iter0696	4	12	4	3	0	0	0.25	0.1818956831744564	0.0	0
696	Iter0697	8	9	10	3	0	0	0.26666666666666666	0.14135413496259486	-0.0005502012599	0
697	Iter0698	13	2	6	3	0	0	3.25	0.3255928853754953	-0.0018790969901	0
698	Iter0699	4	7	12	3	0	0	0.14285714285714285	0.04261677210930154	-0.00029876362000000003	0
699	Iter0700	6	2	11	1	0	0	0.2727272727272727	0.5368421052631589	-1.0570868200000001e-05	0
700	Iter0701	5	5	15	4	0	0	0.26666666666666666	0.2046753845854309	-5.6172466e-05	0
701	Iter0702	6	5	7	0	0	0	0.14583333333333334	0.1013071895424836	-0.0021284506662299996	0
702	Iter0703	7	6	5	2	0	0	0.4666666666666667	0.6424148606811135	-0.00021087225054800001	0
703	Iter0704	3	3	10	3	0	0	0.3	0.320101724900484	-3.483414815000001e-06	0
704	Iter0705	8	6	8	3	0	0	0.5	0.6766186566159713	-2.267456300975023e-05	0
705	Iter0706	7	2	12	1	0	0	0.2916666666666667	0.5441558441558411	-0.000144312116	0
706	Iter0707	4	0	6	8	0	0	6.428571428571429	0.0915032679738564	-0.000258617	0
707	Iter0708	10	6	2	2	0	0	1.6666666666666667	1.0	-0.0006720090311808199	0
708	Iter0709	5	6	14	2	0	0	0.11904761904761905	0.033221850613155086	-0.00018136269999999998	0
709	Iter0710	6	5	5	7	0	0	1.68	0.6842726529090739	-0.0005605097000000001	0
710	Iter0711	5	2	8	2	0	0	0.625	1.0	-0.00010697405009999999	0
711	Iter0712	7	4	4	3	0	0	1.3125	1.0	-0.0004983312693	0
712	Iter0713	5	6	5	4	0	0	0.6666666666666667	1.0	-2.85401871e-05	0
713	Iter0714	9	5	7	3	0	0	0.7714285714285714	1.0	-4.6795877659999996e-05	0
714	Iter0715	2	13	5	3	0	0	0.09230769230769233	0.02573045028288001	-0.000286663	0
715	Iter0716	2	9	12	4	0	0	0.07407407407407407	0.006329549363605165	-8.6219655e-07	0
716	Iter0717	5	7	12	3	0	0	0.17857142857142858	0.05675057208238035	-3.28394e-10	0
717	Iter0718	6	7	8	2	0	0	0.21428571428571427	0.19679633867276894	-0.00017817264	0
718	Iter0719	5	4	7	3	0	0	0.5357142857142857	0.6499166468206706	-0.000373566	0
719	Iter0720	6	6	5	3	0	0	0.6	0.6699214098594914	0.0	0
720	Iter0721	4	8	5	2	0	0	0.2	0.16980233388902108	-3.1001319e-05	0
721	Iter0722	11	9	4	3	0	0	0.9166666666666669	1.0	-1.9429230000000002e-05	0
722	Iter0723	9	9	7	4	0	0	0.5714285714285714	0.7021068413161887	-0.00047908463592	0
723	Iter0724	7	7	5	0	0	0	0.16666666666666666	0.10603715170278633	-0.0002584416	0
724	Iter0725	10	1	5	3	0	0	6.0	0.2621259029927772	-0.0005144342929999999	0
725	Iter0726	5	6	5	6	0	0	1.0	1.0	-4.585717e-05	0
726	Iter0727	10	5	5	2	0	0	0.8	1.0	-0.00017946545759999998	0
727	Iter0728	4	8	12	3	0	0	0.125	0.021991893630068527	-0.00012249392940000002	0
728	Iter0729	6	9	8	4	0	0	0.3333333333333333	0.2518598285996341	-0.00010962694432	0
729	Iter0730	11	9	11	3	0	0	0.33333333333333337	0.2747618126420708	-9.4571668663343e-05	0
730	Iter0731	7	4	5	2	0	0	0.7	1.0	-9.771947149999999e-05	0
731	Iter0732	7	3	6	3	0	0	1.1666666666666667	1.0	-0.000490170963	0
732	Iter0733	6	3	14	3	0	0	0.42857142857142855	0.6278504104591047	-0.0007664880000000001	0
733	Iter0734	5	7	5	2	0	0	0.2857142857142857	0.3498452012383895	-0.00014121270315	0
734	Iter0735	9	6	4	4	0	0	1.5	0.6850181720285342	-0.00110381485311	0
735	Iter0736	2	4	10	3	0	0	0.15	0.12874097007223875	0.0	0
736	Iter0737	6	5	8	3	0	0	0.45	0.6594427244582055	-9.296949905000001e-05	0
737	Iter0738	9	7	12	4	0	0	0.4285714285714286	0.4577936838032662	-0.000231375758	0
738	Iter0739	5	9	10	1	0	0	0.05555555555555556	0.011875757167855758	-8.09778e-05	0
739	Iter0740	6	12	6	4	0	0	0.3333333333333333	0.24254113544731346	-1.294769e-05	0
740	Iter0741	3	4	7	3	0	0	0.3214285714285714	0.34995886466474685	-5.4067522e-05	0
741	Iter0742	0	9	10	3	0	0	0.03636363636363637	0.0004623859113023163	0.0	0
742	Iter0743	7	4	4	1	0	0	0.4375	1.0	-1.629709999431e-05	0
743	Iter0744	3	5	10	0	0	0	0.0606060606060606	0.00653594771241829	-0.000101928	0
744	Iter0745	5	6	7	2	0	0	0.2380952380952381	0.19680876399142636	-0.00013481299	0
745	Iter0746	11	7	7	4	0	0	0.8979591836734694	1.0	-0.0002998258971	0
746	Iter0747	10	0	7	2	0	0	4.125	0.21052631578947412	-0.00017731774	0
747	Iter0748	9	6	10	4	0	0	0.6	0.6998500749625285	-0.0003170812900002626	0
748	Iter0749	7	6	10	5	0	0	0.5833333333333334	0.7000381388253242	-0.0006386938199999999	0
749	Iter0750	5	6	7	3	0	0	0.35714285714285715	0.3869969040247684	-0.0001655303	0
750	Iter0751	3	2	8	4	0	0	0.75	1.0	-4.5115012000000004e-05	0
751	Iter0752	5	7	7	6	0	0	0.6122448979591837	0.6950975905236215	-2.37093e-06	0
752	Iter0753	8	7	9	2	0	0	0.25396825396825395	0.21670480549199272	-0.0011991850000000002	0
753	Iter0754	4	6	5	6	0	0	0.7999999999999999	1.0	-7.21965109e-05	0
754	Iter0755	8	5	9	2	0	0	0.3555555555555556	0.38644164759725536	-0.000457743	0
755	Iter0756	11	5	9	4	0	0	0.977777777777778	1.0	-0.0007841609199999998	0
756	Iter0757	8	9	6	2	0	0	0.2962962962962963	0.2336842105263172	-0.0010347151099999998	0
757	Iter0758	6	8	7	5	0	0	0.5357142857142857	0.6950975905236217	-7.469219e-06	0
758	Iter0759	2	8	4	5	0	0	0.3125	0.34984520123838925	0.0	0
759	Iter0760	6	5	7	0	0	0	0.14583333333333334	0.1013071895424836	-1.4719637e-05	0
760	Iter0761	6	6	5	4	0	0	0.8	1.0	-1.5740235069e-05	0
761	Iter0762	5	7	5	1	0	0	0.14285714285714285	0.15158371040724014	-1.5394600039583e-06	0
762	Iter0763	6	8	14	9	0	0	0.4821428571428572	0.32767450431522777	0.0	0
763	Iter0764	3	5	6	2	0	0	0.2	0.3146853146853145	-8.17954e-07	0
764	Iter0765	6	4	6	3	0	0	0.75	1.0	-0.00017305	0
765	Iter0766	10	6	2	1	0	0	0.8333333333333334	1.0	-0.0006339490992999999	0
766	Iter0767	3	7	5	2	0	0	0.17142857142857146	0.153434800493624	-2.68612e-05	0
767	Iter0768	1	6	10	7	0	0	0.11666666666666665	0.0778032036613275	0.0	0
768	Iter0769	4	3	8	5	0	0	0.8333333333333333	1.0	-1.04228e-05	0
769	Iter0770	9	5	9	2	0	0	0.4	0.4065217391304383	-0.000596960754876459	0
770	Iter0771	6	4	7	6	0	0	1.2857142857142856	1.0	-0.0002938427	0
771	Iter0772	5	5	3	2	0	0	0.6666666666666666	1.0	-0.0001843565268	0
772	Iter0773	9	12	11	1	0	0	0.06818181818181818	0.008963663329625268	-0.00026375092999999996	0
773	Iter0774	8	7	2	1	0	0	0.5714285714285714	1.0	-0.001400841898551	0
774	Iter0775	9	4	8	4	0	0	1.125	1.0	-5.6206379999999996e-05	0
775	Iter0776	4	4	10	6	0	0	0.6	0.6733521783999691	-5.5134e-05	0
776	Iter0777	6	3	7	5	0	0	1.4285714285714286	1.0	-2.64453e-06	0
777	Iter0778	6	8	1	4	0	0	3.0	0.6026831785345711	-4.11412008e-05	0
778	Iter0779	6	4	10	9	0	0	1.35	1.0	-0.00020639509521	0
779	Iter0780	7	4	7	5	0	0	1.25	1.0	-5.95227296e-05	0
780	Iter0781	9	3	4	4	0	0	3.0	0.3563467492260055	-0.00031041676487	0
781	Iter0782	2	6	5	2	0	0	0.13333333333333333	0.13193473193473193	-0.00021891800000671134	0
782	Iter0783	7	5	7	3	0	0	0.6	0.6749226006191936	-0.00048146800000000003	0
783	Iter0784	7	6	6	1	0	0	0.19444444444444445	0.3285345717234254	-0.001000203758	0
784	Iter0785	3	8	4	3	0	0	0.28125	0.3322021116138772	-1.08221e-06	0
785	Iter0786	2	3	7	1	0	0	0.09523809523809523	0.21678321678321727	0.0	0
786	Iter0787	2	7	9	5	0	0	0.15873015873015872	0.08937945887737238	-1.62594e-07	0
787	Iter0788	6	6	3	1	0	0	0.3333333333333333	0.5846153846153823	-0.0001835905922	0
788	Iter0789	7	7	9	3	0	0	0.3333333333333333	0.24751648943330246	-0.000197171	0
789	Iter0790	3	8	4	8	0	0	0.75	1.0	-4.3228e-06	0
790	Iter0791	4	10	8	3	0	0	0.15000000000000002	0.047179970386324	-6.89924e-06	0
791	Iter0792	1	4	8	3	0	0	0.09375	0.10576923076923063	0.0	0
792	Iter0793	4	8	5	1	0	0	0.1	0.13122171945701352	0.0	0
793	Iter0794	4	3	7	4	0	0	0.7619047619047619	1.0	-0.00136628901	0
794	Iter0795	7	6	10	4	0	0	0.4666666666666667	0.4400711924739422	-1.3254152200000001e-05	0
795	Iter0796	6	6	7	4	0	0	0.5714285714285714	0.6801722977520481	-0.000398115	0
796	Iter0797	4	6	6	5	0	0	0.5555555555555556	0.6699214098594914	-7.6901e-09	0
797	Iter0798	5	7	5	3	0	0	0.42857142857142855	0.6499166468206725	0.0	0
798	Iter0799	8	9	3	3	0	0	0.8888888888888888	1.0	-1.719547e-07	0
799	Iter0800	5	7	9	3	0	0	0.2380952380952381	0.21375689864046254	-6.3334419e-05	0
800	Iter0801	7	8	7	5	0	0	0.625	0.7035671018979721	-0.00039508184899999995	0
801	Iter0802	4	3	6	4	0	0	0.8888888888888888	1.0	0.0	0
802	Iter0803	4	8	6	0	0	0	0.07936507936507937	0.012820512820512829	-0.001417541	0
803	Iter0804	7	6	5	5	0	0	1.1666666666666667	1.0	-0.0009339068	0
804	Iter0805	9	9	8	8	0	0	1.0	1.0	-0.00012051657366	0
805	Iter0806	11	8	5	3	0	0	0.825	1.0	-0.0011310126505	0
806	Iter0807	4	6	12	3	0	0	0.16666666666666666	0.0872208421542125	-0.00028086123392	0
807	Iter0808	6	5	12	3	0	0	0.3	0.2183066361556071	-7.1260426e-05	0
808	Iter0809	9	6	6	3	0	0	0.75	1.0	-3.205995e-05	0
809	Iter0810	6	6	8	1	0	0	0.125	0.15882352941176514	-5.0221644000000014e-05	0
810	Iter0811	6	3	4	4	0	0	2.0	0.6371863430686958	-1.1081445109000002e-06	0
811	Iter0812	10	7	4	5	0	0	1.7857142857142856	0.6828375286041211	-3.921687039534479e-05	0
812	Iter0813	6	4	3	2	0	0	1.0	1.0	-3.67407e-10	0
813	Iter0814	3	7	11	1	0	0	0.03896103896103896	0.0061919504643962705	-5.235401400000001e-07	0
814	Iter0815	8	7	11	5	0	0	0.5194805194805194	0.4725475971691616	-0.0010794597321222	0
815	Iter0816	2	5	6	4	0	0	0.26666666666666666	0.3348416289592764	-0.000621114	0
816	Iter0817	3	6	9	2	0	0	0.1111111111111111	0.06477732793522252	-7.054443000000001e-05	0
817	Iter0818	5	7	2	3	0	0	1.0714285714285716	1.0	-0.00017116365	0
818	Iter0819	5	7	6	4	0	0	0.4761904761904762	0.6699214098594888	-0.000563472	0
819	Iter0820	9	5	9	3	0	0	0.6	0.6828375286041177	-0.0001795464235	0
820	Iter0821	4	6	5	7	0	0	0.9333333333333332	1.0	-0.000510984004	0
821	Iter0822	6	7	4	3	0	0	0.6428571428571429	1.0	-1.8683896700000003e-05	0
822	Iter0823	1	6	12	2	0	0	0.027777777777777776	0.003199174406604749	-7.116150000000002e-07	0
823	Iter0824	4	7	9	4	0	0	0.25396825396825395	0.2173264042459088	0.0	0
824	Iter0825	7	1	10	2	0	0	1.4	1.0	-0.00055380348198119	0
825	Iter0826	11	7	11	7	0	0	1.0	1.0	-0.0009529946879999999	0
826	Iter0827	5	6	6	2	0	0	0.2777777777777778	0.3520679526871482	-8.489594999999999e-05	0
827	Iter0828	8	8	3	2	0	0	0.6666666666666666	1.0	-0.0007836117300000001	0
828	Iter0829	7	4	10	4	0	0	0.7	1.0	-0.00043964670899999996	0
829	Iter0830	7	8	7	0	0	0	0.1111111111111111	0.022469274791256155	-0.000118218433	0
830	Iter0831	2	8	10	4	0	0	0.1	0.03607484183604789	-0.000278991	0
831	Iter0832	4	9	13	4	0	0	0.13675213675213674	0.02467573230928395	-1.36295e-07	0
832	Iter0833	7	8	9	8	0	0	0.7777777777777778	1.0	-1.612851717124694e-06	0
833	Iter0834	5	6	11	7	0	0	0.5303030303030304	0.4656836995036364	0.0	0
834	Iter0835	3	9	6	1	0	0	0.05555555555555555	0.019766611097880457	-7.06482e-15	0
835	Iter0836	7	7	8	3	0	0	0.375	0.4138713151164382	-1.525334397e-05	0
836	Iter0837	6	6	6	5	0	0	0.8333333333333334	1.0	-5.0913278350999997e-05	0
837	Iter0838	1	3	9	5	0	0	0.1851851851851852	0.2745098039215692	0.0	0
838	Iter0839	2	4	12	4	0	0	0.16666666666666666	0.1365043625105543	0.0	0
839	Iter0840	6	5	4	2	0	0	0.6	1.0	-0.00021111179	0
840	Iter0841	2	3	11	3	0	0	0.18181818181818185	0.2621259029927756	-8.02943e-06	0
841	Iter0842	4	12	5	6	0	0	0.4	0.4105263157894789	0.0	0
842	Iter0843	6	6	9	6	0	0	0.6666666666666666	0.7068246062727207	-0.0008301133175878001	0
843	Iter0844	11	6	8	1	0	0	0.22916666666666666	0.3574217087260585	-0.00010375894999999999	0
844	Iter0845	7	8	6	3	0	0	0.4375	0.4225333153856515	-5.87692e-05	0
845	Iter0846	5	3	7	2	0	0	0.4761904761904762	0.6199095022624421	-0.0008103156705000001	0
846	Iter0847	8	15	6	6	0	0	0.5333333333333333	0.4769187986651904	-0.0006433464000000001	0
847	Iter0848	7	7	8	1	0	0	0.125	0.08575729022626306	-0.00010920945473000001	0
848	Iter0849	3	6	9	6	0	0	0.3333333333333333	0.4003230582850987	-0.0004406428062	0
849	Iter0850	3	3	5	3	0	0	0.6	1.0	-1.828202e-05	0
850	Iter0851	7	5	10	2	0	0	0.28	0.3707093821510294	-0.0005651854198	0
851	Iter0852	4	5	8	1	0	0	0.1	0.1312217194570135	-7.01313e-05	0
852	Iter0853	7	6	7	3	0	0	0.5	0.6692690806299653	-0.0005619234600000001	0
853	Iter0854	3	4	5	1	0	0	0.15	0.26573426573426623	-0.000329824	0
854	Iter0855	9	5	10	8	0	0	1.44	0.7248856217052861	-0.0008312395613729101	0
855	Iter0856	5	5	9	7	0	0	0.7777777777777777	1.0	-7.337358999999999e-05	0
856	Iter0857	5	7	6	3	0	0	0.35714285714285715	0.3869969040247671	-0.0007631419733419999	0
857	Iter0858	4	7	4	4	0	0	0.5714285714285714	0.6576962768913258	-3.01113e-14	0
858	Iter0859	10	7	7	0	0	0	0.171875	0.06478977417192554	-1.067713e-05	0
859	Iter0860	6	4	12	2	0	0	0.25	0.19206365716663254	-0.0003390732132	0
860	Iter0861	7	5	5	5	0	0	1.4	1.0	-0.00016961	0
861	Iter0862	4	8	7	6	0	0	0.42857142857142855	0.4283079822317944	-0.0005787542	0
862	Iter0863	8	7	4	4	0	0	1.1428571428571428	1.0	-0.00018520166432000002	0
863	Iter0864	4	7	2	1	0	0	0.2857142857142857	0.5384615384615372	-9.85092785e-05	0
864	Iter0865	5	7	12	3	0	0	0.17857142857142858	0.05675057208238035	-1.1667198e-05	0
865	Iter0866	9	6	4	3	0	0	1.125	1.0	-0.0003212205988642001	0
866	Iter0867	5	4	8	1	0	0	0.15625	0.2941176470588228	-0.0008276113879999999	0
867	Iter0868	7	7	7	6	0	0	0.8571428571428571	1.0	-0.000876715909	0
868	Iter0869	11	7	4	3	0	0	1.1785714285714286	1.0	-8.900006600000002e-05	0
869	Iter0870	5	6	4	1	0	0	0.20833333333333331	0.3076923076923075	-6.20419e-06	0
870	Iter0871	3	9	4	2	0	0	0.16666666666666666	0.1414027149321271	-0.00013063299999999998	0
871	Iter0872	10	3	10	3	0	0	1.0	1.0	-0.0007623469810000002	0
872	Iter0873	6	4	7	3	0	0	0.6428571428571428	1.0	-0.0002714816	0
873	Iter0874	4	10	14	7	0	0	0.2	0.04091180216343488	-0.000104269	0
874	Iter0875	8	7	3	6	0	0	2.2857142857142856	0.4225333153856515	-0.000148728213415	0
875	Iter0876	1	4	8	1	0	0	0.03125	0.022977022977022855	-5.19173e-06	0
876	Iter0877	8	6	7	3	0	0	0.5714285714285714	0.6784560506124687	-0.00016812707	0
877	Iter0878	7	7	9	3	0	0	0.3333333333333333	0.24751648943330246	-1.708109e-05	0
878	Iter0879	6	8	3	4	0	0	1.0	1.0	-2.6041199e-06	0
879	Iter0880	4	6	4	1	0	0	0.16666666666666666	0.2820512820512819	-0.000143628385	0
880	Iter0881	2	7	10	3	0	0	0.0857142857142857	0.027421494913754733	-0.000311764	0
881	Iter0882	7	7	9	5	0	0	0.5555555555555556	0.7035671018979681	-9.814074899510001e-06	0
882	Iter0883	9	5	6	1	0	0	0.3	0.6126160990712111	-6.542875050000001e-05	0
883	Iter0884	8	10	8	3	0	0	0.30000000000000004	0.24903412955176876	-0.0001552172	0
884	Iter0885	4	6	13	0	0	0	0.051020408163265314	0.002080299563137094	-0.000447501000524511	0
885	Iter0886	9	4	7	4	0	0	1.2857142857142858	1.0	-0.000255549	0
886	Iter0887	1	11	8	4	0	0	0.045454545454545456	0.00942253331538562	0.0	0
887	Iter0888	3	6	2	4	0	0	1.0	1.0	0.0	0
888	Iter0889	6	8	12	3	0	0	0.1875	0.060432941424025416	-0.00017222250600000002	0
889	Iter0890	12	7	9	3	0	0	0.5714285714285714	0.6971886265304085	-0.0011327174323000001	0
890	Iter0891	3	6	11	6	0	0	0.2727272727272728	0.21766590389016052	-0.000135173	0
891	Iter0892	8	8	9	4	0	0	0.4444444444444444	0.4514983109948822	-0.0001494693	0
892	Iter0893	7	3	8	0	0	0	0.2222222222222222	0.2156862745098044	-1.6806979999999998e-06	0
893	Iter0894	10	4	8	4	0	0	1.25	1.0	-8.8465300690073e-06	0
894	Iter0895	4	5	10	8	0	0	0.64	0.6945842868039706	-0.00035566405	0
895	Iter0896	3	4	4	1	0	0	0.1875	0.2929292929292933	-0.0003984713	0
896	Iter0897	3	7	10	2	0	0	0.08571428571428573	0.027421494913754847	-0.000475517	0
897	Iter0898	9	4	3	2	0	0	1.5	1.0	-0.0013406014142	0
898	Iter0899	7	12	9	3	0	0	0.19444444444444445	0.06589286002160252	-5.4488694e-05	0
899	Iter0900	6	7	12	4	0	0	0.2857142857142857	0.14264371573611795	-0.00011323458	0
900	Iter0901	5	9	6	5	0	0	0.46296296296296297	0.43466011576255503	-0.00017335454	0
901	Iter0902	5	5	12	4	0	0	0.3333333333333333	0.23411691283544975	-0.0003837777935	0
902	Iter0903	6	4	5	3	0	0	0.8999999999999999	1.0	-4.791227e-05	0
903	Iter0904	11	6	8	1	0	0	0.22916666666666666	0.3574217087260585	-0.0005182926638999999	0
904	Iter0905	6	3	13	2	0	0	0.3076923076923077	0.32559288537549563	-0.00053532758315	0
905	Iter0906	6	2	10	0	0	0	0.21212121212121213	0.1830065359477132	-5.18249e-05	0
906	Iter0907	6	8	12	1	0	0	0.0625	0.012753623188405904	0.0	0
907	Iter0908	6	5	8	4	0	0	0.6	0.6801722977520512	-4.13684e-05	0
908	Iter0909	5	3	6	2	0	0	0.5555555555555556	1.0	-4.80584e-05	0
909	Iter0910	6	5	7	2	0	0	0.3428571428571429	0.3742260061919506	-8.677365952299998e-05	0
910	Iter0911	4	2	14	3	0	0	0.42857142857142855	0.5756188891200311	-1.33639e-05	0
911	Iter0912	8	5	4	5	0	0	2.0	0.6656346749225968	-0.00018215514724300003	0
912	Iter0913	7	5	7	3	0	0	0.6	0.6749226006191936	-0.0002068707	0
913	Iter0914	7	5	6	2	0	0	0.4666666666666666	0.6424148606811138	-0.00016916302	0
914	Iter0915	5	2	14	0	0	0	0.13333333333333333	0.10000000000000024	-0.00034312480000000005	0
915	Iter0916	15	7	10	3	0	0	0.6428571428571428	0.7093993325917775	-0.0007446868459999999	0
916	Iter0917	8	7	9	5	0	0	0.6349206349206349	0.7103816512796319	-1.24838e-05	0
917	Iter0918	8	4	4	2	0	0	1.0	1.0	-0.000527357992	0
918	Iter0919	4	3	10	8	0	0	1.0666666666666669	1.0	-5.75912e-05	0
919	Iter0920	8	6	3	3	0	0	1.3333333333333333	1.0	-0.00030776772312975537	0
920	Iter0921	7	6	5	3	0	0	0.7000000000000001	1.0	-3.9167052e-05	0
921	Iter0922	5	9	12	8	0	0	0.3703703703703704	0.2960036110976825	-2.189893e-05	0
922	Iter0923	5	3	4	0	0	0	0.3	0.4909090909090921	-0.000266153454591	0
923	Iter0924	6	6	9	2	0	0	0.2222222222222222	0.1930273253466147	-0.000494376541552	0
924	Iter0925	5	5	13	5	0	0	0.3846153846153846	0.4119290320663293	-7.492089999999998e-06	0
925	Iter0926	8	6	5	2	0	0	0.5333333333333333	0.6556587547299609	-1.9220586566e-05	0
926	Iter0927	6	7	3	5	0	0	1.4285714285714286	1.0	-4.088382e-05	0
927	Iter0928	8	7	6	2	0	0	0.3809523809523809	0.3997846278099353	-0.0004078345293	0
928	Iter0929	9	4	8	2	0	0	0.5625	0.6600196142530221	-3.69702e-05	0
929	Iter0930	5	9	5	7	0	0	0.7777777777777778	1.0	-1.195550113e-05	0
930	Iter0931	7	5	7	1	0	0	0.2	0.32456140350877233	-7.79176e-07	0
931	Iter0932	7	5	4	3	0	0	1.05	1.0	-0.00044798860000000006	0
932	Iter0933	7	8	7	4	0	0	0.5	0.452739265042402	-0.0002561675925434669	0
933	Iter0934	13	3	9	4	0	0	1.9259259259259256	0.6665000832916959	-0.00030906490563755893	0
934	Iter0935	8	6	7	2	0	0	0.3809523809523809	0.3997846278099336	-0.000126063	0
935	Iter0936	9	6	4	7	0	0	2.625	0.4283079822317932	-3.5451590000000004e-05	0
936	Iter0937	6	8	8	5	0	0	0.46875	0.4494817606676572	-0.000992227611	0
937	Iter0938	8	6	3	3	0	0	1.3333333333333333	1.0	-3.19695716e-05	0
938	Iter0939	4	5	5	1	0	0	0.16	0.2867132867132856	-6.0364964833e-05	0
939	Iter0940	4	5	6	5	0	0	0.6666666666666667	1.0	-0.0006686337000000001	0
940	Iter0941	8	6	1	3	0	0	4.0	0.5764705882352943	-0.00016558319800000004	0
941	Iter0942	4	4	6	1	0	0	0.16666666666666666	0.28205128205128144	-2.75983e-05	0
942	Iter0943	8	7	6	5	0	0	0.9523809523809524	1.0	-8.053478512038e-05	0
943	Iter0944	9	7	9	3	0	0	0.4285714285714286	0.4343249427917592	-0.00015071015742	0
944	Iter0945	4	4	3	6	0	0	2.0	0.6371863430686965	-0.000496692639	0
945	Iter0946	6	10	7	2	0	0	0.17142857142857146	0.0968421052631582	-0.0006865488900000001	0
946	Iter0947	5	4	8	5	0	0	0.78125	1.0	-0.00037674826710000004	0
947	Iter0948	6	5	15	1	0	0	0.08	0.02653288740245269	-9.652324026e-05	0
948	Iter0949	4	6	12	4	0	0	0.2222222222222222	0.10869687587953923	-2.63407e-05	0
949	Iter0950	7	6	9	0	0	0	0.11428571428571427	0.04607776124803965	-0.0002806409	0
950	Iter0951	9	6	4	4	0	0	1.5	0.6850181720285342	-0.0005188707000000001	0
951	Iter0952	9	4	8	4	0	0	1.125	1.0	-3.93937704127e-05	0
952	Iter0953	8	7	7	1	0	0	0.16326530612244894	0.1763278225790001	-0.00020803931689999998	0
953	Iter0954	6	6	8	2	0	0	0.25	0.20433436532507632	-0.0010330400566615	0
954	Iter0955	4	4	8	4	0	0	0.5	0.6479161705167888	0.0	0
955	Iter0956	10	1	9	4	0	0	4.4444444444444455	0.3271221532091099	-0.00045402580000000005	0
956	Iter0957	6	6	10	4	0	0	0.4	0.4216449051016287	-0.0002482198	0
957	Iter0958	3	3	5	4	0	0	0.8	1.0	-6.932689999999999e-08	0
958	Iter0959	8	7	8	4	0	0	0.5714285714285714	0.6959662583568986	-0.0005377730000000001	0
959	Iter0960	6	2	7	4	0	0	1.7142857142857142	1.0	-1.34029632e-05	0
960	Iter0961	8	6	8	1	0	0	0.16666666666666666	0.17595663187263624	-3.279e-05	0
961	Iter0962	11	7	9	2	0	0	0.3492063492063492	0.41183254526583213	-0.0013935732309	0
962	Iter0963	8	4	10	4	0	0	0.8	1.0	-0.000654541585	0
963	Iter0964	6	3	13	4	0	0	0.6153846153846154	0.6613438735177879	-0.00016893599999999998	0
964	Iter0965	6	8	10	4	0	0	0.3	0.25185982859963163	-6.66611278e-05	0
965	Iter0966	6	11	4	4	0	0	0.5454545454545454	0.6668192219679687	-4.78787e-05	0
966	Iter0967	8	9	7	2	0	0	0.25396825396825395	0.21670480549199214	-0.000609564024869	0
967	Iter0968	5	5	7	3	0	0	0.42857142857142855	0.6499166468206703	-0.0008347490000000001	0
968	Iter0969	15	5	4	4	0	0	3.0	0.3714806932198232	-1.0858557e-05	0
969	Iter0970	7	3	7	1	0	0	0.33333333333333337	0.5882352941176492	-1.2655832e-05	0
970	Iter0971	9	6	4	5	0	0	1.875	0.6751749899044306	-0.00031388818640000005	0
971	Iter0972	3	6	11	3	0	0	0.13636363636363638	0.07710324404361307	-0.000292866656	0
972	Iter0973	10	6	5	3	0	0	1.0	1.0	-0.0001303370234272013	0
973	Iter0974	5	7	9	2	0	0	0.15873015873015872	0.08937945887737242	-0.000263224754721	0
974	Iter0975	7	2	6	4	0	0	2.333333333333333	0.6284829721362204	-3.4183813599999995e-05	0
975	Iter0976	10	8	6	3	0	0	0.625	0.6924485125858182	-1.0722049999999998e-05	0
976	Iter0977	8	6	8	2	0	0	0.3333333333333333	0.3875353344999344	-0.0013317360000000002	0
977	Iter0978	7	10	2	2	0	0	0.7	1.0	-0.000732812	0
978	Iter0979	7	5	12	4	0	0	0.4666666666666666	0.4318840579710146	-3.96021133e-05	0
979	Iter0980	8	7	8	1	0	0	0.14285714285714285	0.1781837761108202	-0.000743128	0
980	Iter0981	7	6	8	6	0	0	0.8750000000000001	1.0	-0.0003110269320224	0
981	Iter0982	2	5	6	1	0	0	0.06666666666666668	0.10256410256410242	-0.0005232769999999999	0
982	Iter0983	5	5	9	3	0	0	0.3333333333333333	0.3777089783281732	-2.50473e-05	0
983	Iter0984	4	7	8	4	0	0	0.2857142857142857	0.22034675514282293	-1.49542e-09	0
984	Iter0985	3	6	5	1	0	0	0.1	0.1188811188811186	-5.92377997e-05	0
985	Iter0986	7	6	8	5	0	0	0.7291666666666666	1.0	-0.00085184856965	0
986	Iter0987	2	4	4	2	0	0	0.25	0.5670995670995689	-0.000119808	0
987	Iter0988	6	3	6	1	0	0	0.3333333333333333	0.5846153846153825	-2.3577913000000006e-05	0
988	Iter0989	3	4	4	4	0	0	0.75	1.0	0.0	0
989	Iter0990	5	6	9	1	0	0	0.0925925925925926	0.06346749226006211	-6.951721800000002e-06	0
990	Iter0991	4	2	13	3	0	0	0.4615384615384616	0.5853269537480075	-0.0005640164	0
991	Iter0992	8	9	9	1	0	0	0.09876543209876544	0.0415394927980744	-0.0005220022000000001	0
992	Iter0993	6	6	7	3	0	0	0.42857142857142855	0.4148606811145487	-3.300715700014618e-05	0
993	Iter0994	7	3	8	2	0	0	0.5833333333333334	1.0	-0.00059431308993	0
994	Iter0995	9	6	4	5	0	0	1.875	0.6751749899044306	-0.00021920470000000002	0
995	Iter0996	0	8	12	6	0	0	0.05982905982905984	0.002239042422108796	0.0	0
996	Iter0997	6	6	5	3	0	0	0.6	0.6699214098594914	-5.021583706e-06	0
997	Iter0998	7	6	11	2	0	0	0.21212121212121213	0.2015560640732252	-2.47884e-08	0
998	Iter0999	8	7	13	4	0	0	0.3516483516483516	0.26616570746885004	-1.8688802589999998e-08	0
999	Iter1000	8	6	6	2	0	0	0.4444444444444444	0.649398004815961	-1.5973921163e-05	0
