	IterId	dN	dS	pN	pS	bdN	bpN	MkScore	FSPVal	SelCoef	PosSel
0	Iter0001	26	4	1	3	21	0	19.5	0.02113161980334654	0.30462282809169994	1
1	Iter0002	28	4	1	0	25	0	2.9	1.0	0.4317005019252099	1
2	Iter0003	24	0	10	0	19	1	2.272727272727273	1.0	0.44821053699999985	1
3	Iter0004	26	3	4	1	20	2	2.1666666666666665	0.4878601000517533	0.33954351912266995	1
4	Iter0005	20	5	8	0	18	0	0.3888888888888889	0.30225503084234906	0.48210741700000004	1
5	Iter0006	35	4	7	2	30	1	2.5	0.3118667039562828	0.6337253793400002	1
6	Iter0007	26	2	6	1	23	2	2.1666666666666665	0.4994652406417148	0.527932709257	1
7	Iter0008	18	2	5	0	16	0	1.0555555555555556	1.0	0.3353598906	1
8	Iter0009	30	6	6	2	26	0	1.6666666666666667	0.6231989497058087	0.576253297274	1
9	Iter0010	20	3	6	0	15	2	0.75	1.0	0.3225165747999999	1
10	Iter0011	25	4	4	1	24	1	1.5625	1.0	0.5306643418	1
11	Iter0012	26	2	4	2	22	1	6.5	0.13466016905296033	0.485707978	1
12	Iter0013	25	1	6	2	20	0	8.333333333333334	0.1310160427807505	0.303375992633	1
13	Iter0014	21	1	1	1	17	0	21.0	0.1630434782608714	0.5427623632299999	1
14	Iter0015	21	1	7	0	16	2	1.375	1.0	0.4120380527	1
15	Iter0016	23	6	7	0	21	0	0.42857142857142855	0.3171468000689945	0.4983954313	1
16	Iter0017	21	3	6	1	20	0	1.1666666666666667	1.0	0.53682985	1
17	Iter0018	18	2	4	1	14	2	2.25	0.5043478260869565	0.2503276141	1
18	Iter0019	28	2	5	2	20	0	5.6	0.1547429782723939	0.47508848269999987	1
19	Iter0020	29	4	2	3	25	1	10.875	0.034627506763730435	0.4963553821000001	1
20	Iter0021	30	1	4	3	21	0	22.5	0.015173067804646676	0.41273124605333	1
21	Iter0022	26	4	4	1	26	2	1.625	0.5610229429015064	0.6503325900000001	1
22	Iter0023	23	1	6	5	18	2	19.166666666666668	0.007115749525616723	0.336689180379	1
23	Iter0024	26	1	5	2	24	0	10.4	0.10060160427807556	0.3956351899999999	1
24	Iter0025	19	3	4	2	16	1	3.1666666666666665	0.2854700854700856	0.311850181438	1
25	Iter0026	29	2	9	1	21	1	1.6111111111111112	1.0	0.41048511739790006	1
26	Iter0027	28	2	5	0	23	2	1.6111111111111107	1.0	0.40491993582	1
27	Iter0028	21	3	1	3	14	0	21.0	0.02222222222222208	0.27774739986	1
28	Iter0029	25	2	0	2	20	0	26.0	0.014778325123152638	0.5442196465946971	1
29	Iter0030	25	1	7	4	20	0	14.285714285714285	0.02074343250813903	0.39935056600000013	1
30	Iter0031	24	1	5	2	22	2	9.6	0.11290322580645132	0.45647132004899993	1
31	Iter0032	18	0	9	2	14	0	5.7	0.13546798029556656	0.30468581982400006	1
32	Iter0033	30	5	1	1	25	0	6.0	0.3018018018018072	0.5266194142485301	1
33	Iter0034	24	2	8	0	22	4	0.9259259259259259	1.0	0.5693352204691001	1
34	Iter0035	27	3	8	3	23	3	3.375	0.31615309888737203	0.5090303989998219	1
35	Iter0036	20	4	5	2	16	1	2.0	0.5959042811100655	0.39814280510920164	1
36	Iter0037	27	4	3	0	23	1	1.4	1.0	0.4376084443452279	1
37	Iter0038	28	1	0	2	28	0	43.5	0.006451612903225771	0.7031966599999999	1
38	Iter0039	20	7	5	6	17	1	3.4285714285714284	0.13546793708187155	0.3307446154550001	1
39	Iter0040	18	4	4	1	14	0	1.125	1.0	0.33889668214999996	1
40	Iter0041	23	1	5	3	17	0	13.8	0.039321468298109806	0.40941321592	1
41	Iter0042	30	1	3	2	25	0	20.0	0.04481792717086923	0.6078781332000002	1
42	Iter0043	24	5	5	2	19	3	1.92	0.6016689667069077	0.2995451480211	1
43	Iter0044	26	1	5	3	21	2	15.6	0.03021390374331572	0.35069801860600996	1
44	Iter0045	29	3	2	3	25	0	14.5	0.022415845945258486	0.592404977976394	1
45	Iter0046	25	1	2	2	21	0	25.0	0.03940886699507413	0.38857299573630005	1
46	Iter0047	21	3	8	3	20	1	2.625	0.3518975332068357	0.5526489	1
47	Iter0048	30	3	3	2	23	1	6.666666666666668	0.11954767682322395	0.5448162750349905	1
48	Iter0049	21	2	2	0	17	0	2.4444444444444438	1.0	0.3361684236010502	1
49	Iter0050	30	4	11	1	24	6	0.6818181818181818	1.0	0.47388682043999997	1
50	Iter0051	22	1	8	4	19	5	11.0	0.03751016535646567	0.408778988	1
51	Iter0052	16	2	4	4	11	1	8.0	0.051018546670720415	0.250754746	1
52	Iter0053	28	2	3	0	23	2	2.4166666666666665	1.0	0.4752914204879999	1
53	Iter0054	31	0	5	1	26	0	10.666666666666666	0.1621621621621665	0.5683295569996814	1
54	Iter0055	21	5	6	2	19	3	1.4	1.0	0.3796683623000001	1
55	Iter0056	20	3	7	1	17	2	0.9523809523809524	1.0	0.39305301570000006	1
56	Iter0057	22	6	5	2	20	1	1.4666666666666666	0.6478440096839713	0.433696647	1
57	Iter0058	24	3	7	1	22	2	1.1428571428571428	1.0	0.4213847167	1
58	Iter0059	27	3	7	0	20	1	0.875	1.0	0.46099460985388496	1
59	Iter0060	30	1	4	2	25	2	15.0	0.06241956241956361	0.6080990083009542	1
60	Iter0061	29	2	7	0	25	0	1.25	1.0	0.6099382384600001	1
61	Iter0062	19	3	6	3	17	0	3.1666666666666665	0.3204415162145987	0.46492062970000003	1
62	Iter0063	18	4	6	1	11	0	0.75	1.0	0.22550813373295003	1
63	Iter0064	32	4	2	2	27	1	8.0	0.09968267863004723	0.6858046326270001	1
64	Iter0065	21	3	8	0	17	2	0.6111111111111112	0.5548387096774166	0.3740476146270001	1
65	Iter0066	27	2	6	1	20	0	2.25	0.4882352941176494	0.36317136352999996	1
66	Iter0067	23	2	5	0	17	0	1.3333333333333333	1.0	0.31515739086329003	1
67	Iter0068	23	5	5	3	18	1	2.76	0.33837359395169186	0.48900280451999995	1
68	Iter0069	19	0	2	2	17	0	20.0	0.023715415019762792	0.20800142454899997	1
69	Iter0070	14	3	9	1	10	3	0.5185185185185186	1.0	0.20805410463	1
70	Iter0071	27	1	4	0	23	1	2.8	1.0	0.4517476222541899	1
71	Iter0072	24	3	12	3	18	5	2.0	0.6487180376782509	0.437245933623	1
72	Iter0073	34	5	13	5	21	1	2.6153846153846154	0.26018132810585776	0.44340576056457565	1
73	Iter0074	23	5	0	0	18	0	4.0	1.0	0.30605684432300007	1
74	Iter0075	28	2	10	5	25	2	7.0	0.032236717716013184	0.49543419663999994	1
75	Iter0076	29	3	5	1	26	1	1.933333333333333	0.5128361444150888	0.4456228498729999	1
76	Iter0077	21	3	2	0	19	0	1.8333333333333333	1.0	0.41707011800000005	1
77	Iter0078	28	1	6	2	26	0	9.333333333333334	0.11171171171171193	0.5246494825	1
78	Iter0079	17	1	7	1	14	0	2.4285714285714284	0.5292307692307683	0.25844548200000006	1
79	Iter0080	23	5	2	0	20	1	1.3333333333333333	1.0	0.4329727968	1
80	Iter0081	19	1	7	4	18	2	10.857142857142858	0.041562935889966436	0.317545731	1
81	Iter0082	25	3	8	3	21	1	3.1250000000000004	0.323487574261581	0.54917626865	1
82	Iter0083	30	1	6	2	21	1	10.0	0.101105153736734	0.5706723146112002	1
83	Iter0084	23	2	6	0	17	1	1.1428571428571428	1.0	0.32539704998833296	1
84	Iter0085	26	7	6	1	21	2	0.6190476190476191	1.0	0.40389218169999996	1
85	Iter0086	26	1	5	1	25	2	5.2	0.3352272727272657	0.42152126409999996	1
86	Iter0087	18	2	13	1	15	5	0.6923076923076923	1.0	0.3537153327999999	1
87	Iter0088	24	3	8	1	20	0	1.0	1.0	0.569000508138511	1
88	Iter0089	23	2	9	1	18	3	1.2777777777777777	1.0	0.36458280437090007	1
89	Iter0090	26	4	7	3	24	2	2.7857142857142856	0.3375449753158765	0.502956825	1
90	Iter0091	19	6	3	2	17	0	2.1111111111111107	0.5893506238333855	0.40099317050000005	1
91	Iter0092	17	2	10	3	14	4	2.55	0.3744537581439701	0.3430828678413	1
92	Iter0093	26	4	6	0	20	1	0.7714285714285715	1.0	0.40067947971600004	1
93	Iter0094	31	0	7	2	25	2	12.0	0.04615384615384627	0.62467961825	1
94	Iter0095	34	2	1	1	27	0	17.0	0.1536273115220483	0.608989669805	1
95	Iter0096	23	1	3	2	21	1	15.333333333333336	0.06841817186644783	0.49501032872	1
96	Iter0097	23	2	7	3	16	0	4.928571428571427	0.12784321939919668	0.4466125794999999	1
97	Iter0098	29	5	6	2	24	1	1.9333333333333331	0.6011898142835211	0.48302904063800006	1
98	Iter0099	38	6	10	3	30	3	1.9	0.41165447310999176	0.64438712892968	1
99	Iter0100	22	1	1	3	20	0	66.0	0.005299145299145357	0.4675470577517	1
100	Iter0101	22	2	5	0	19	2	1.2777777777777781	1.0	0.379066114223	1
101	Iter0102	27	2	7	0	24	0	1.1666666666666667	1.0	0.43127420844400005	1
102	Iter0103	26	5	4	0	22	2	0.9	1.0	0.44604891443000005	1
103	Iter0104	32	2	6	2	27	0	5.333333333333333	0.157973733583491	0.6099687529000001	1
104	Iter0105	33	5	5	2	28	2	2.64	0.29604912954316104	0.6290820625442148	1
105	Iter0106	18	4	9	2	16	6	1.0	1.0	0.4735310399999895	1
106	Iter0107	22	3	4	2	19	0	3.6666666666666665	0.2406024330384743	0.37174666544499996	1
107	Iter0108	15	2	2	4	12	0	15.0	0.0212289617323942	0.24456971279	1
108	Iter0109	18	3	5	1	16	2	1.2	1.0	0.401634523	1
109	Iter0110	26	2	13	1	21	2	1.0	1.0	0.4599817908	1
110	Iter0111	25	1	2	1	22	0	12.5	0.19950738916256328	0.44298240235650005	1
111	Iter0112	23	6	3	0	17	0	0.8571428571428571	1.0	0.33119438430720005	1
112	Iter0113	24	4	8	1	19	3	0.75	1.0	0.34043792050599997	1
113	Iter0114	25	4	7	0	22	3	0.65	0.5657754010695096	0.44182395	1
114	Iter0115	30	6	6	1	24	1	0.8333333333333334	1.0	0.42730852436	1
115	Iter0116	20	4	6	2	16	4	1.6666666666666667	0.6247682610307774	0.3054916756	1
116	Iter0117	20	6	9	1	17	4	0.3703703703703704	0.6453984819734283	0.44639480681200006	1
117	Iter0118	25	3	0	0	22	0	6.5	1.0	0.540435256819	1
118	Iter0119	23	4	5	1	19	0	1.15	1.0	0.51522160481635	1
119	Iter0120	24	2	6	1	21	1	2.0	0.5234604105571717	0.48036568421802	1
120	Iter0121	34	5	8	2	26	0	1.7	0.6201861677680766	0.5791233296229998	1
121	Iter0122	27	5	5	0	21	1	0.7777777777777778	1.0	0.42403678699999997	1
122	Iter0123	16	1	6	3	15	2	8.0	0.10394648829431502	0.46843055654967003	1
123	Iter0124	29	0	7	1	22	2	7.5	0.2162162162162233	0.5222108673870001	1
124	Iter0125	34	6	4	1	27	3	1.4166666666666667	1.0	0.6964506537699999	1
125	Iter0126	24	0	8	1	20	1	5.5555555555555545	0.27272727272726577	0.3860207046	1
126	Iter0127	23	3	4	2	19	2	3.8333333333333335	0.22791196567615055	0.43458025836	1
127	Iter0128	21	4	3	0	21	2	1.1	1.0	0.47188478999999994	1
128	Iter0129	26	2	2	3	21	1	19.5	0.01652088178784521	0.46173434878038994	1
129	Iter0130	15	1	4	3	12	3	11.25	0.06719367588932795	0.20730140700000002	1
130	Iter0131	31	1	1	3	26	0	93.0	0.0021899668958492357	0.5903566385715399	1
131	Iter0132	27	5	7	1	24	2	0.7714285714285715	1.0	0.613437535470471	1
132	Iter0133	23	3	4	2	19	0	3.8333333333333335	0.22791196567615055	0.40919894509999993	1
133	Iter0134	34	0	5	0	28	1	5.833333333333332	1.0	0.5371503151000001	1
134	Iter0135	18	4	8	0	15	4	0.4222222222222222	0.5504469987228665	0.29791702696000005	1
135	Iter0136	23	8	5	4	21	1	2.3	0.4110953058321489	0.552648620034	1
136	Iter0137	25	4	6	1	21	0	1.0416666666666667	1.0	0.452144198	1
137	Iter0138	26	1	2	1	21	1	13.0	0.19310344827586284	0.36581640908756996	1
138	Iter0139	31	2	6	0	28	1	1.5238095238095235	1.0	0.6651071002000001	1
139	Iter0140	24	3	4	2	23	1	4.0	0.21617453736474695	0.5413321654395	1
140	Iter0141	30	5	7	3	27	2	2.5714285714285707	0.3491750377441419	0.7431693547200001	1
141	Iter0142	22	3	1	2	18	1	14.666666666666664	0.07326007326007253	0.4791668941899843	1
142	Iter0143	24	5	4	2	19	0	2.4	0.5761600828014528	0.38850678439499997	1
143	Iter0144	20	4	4	1	18	0	1.25	1.0	0.41019662349999997	1
144	Iter0145	25	3	6	1	21	0	1.3888888888888893	1.0	0.41612940623920003	1
145	Iter0146	17	2	4	1	14	1	2.125	0.5212450592885342	0.39581339625	1
146	Iter0147	30	4	4	3	25	0	5.625	0.08204896908362799	0.5200575179000001	1
147	Iter0148	28	2	8	2	22	1	3.5	0.2558813874603338	0.47574136803999995	1
148	Iter0149	22	3	4	0	19	0	1.15	1.0	0.34916118687400005	1
149	Iter0150	25	3	6	0	22	4	0.9285714285714286	1.0	0.4997531404	1
150	Iter0151	27	3	6	2	24	3	3.0	0.2793071709480433	0.46564134356199993	1
151	Iter0152	21	3	13	5	19	6	2.692307692307692	0.2561901686420332	0.4546961599999993	1
152	Iter0153	20	1	13	7	16	8	10.769230769230768	0.020485776583338132	0.3259571438086091	1
153	Iter0154	24	6	2	1	20	0	2.0	0.5234604105571717	0.40861725992759995	1
154	Iter0155	32	4	4	0	26	0	1.3199999999999998	1.0	0.5273432354099999	1
155	Iter0156	26	2	12	0	22	1	0.6923076923076923	1.0	0.5043296932018799	1
156	Iter0157	25	3	8	4	20	5	4.166666666666667	0.16797757509832156	0.45814797739429985	1
157	Iter0158	25	3	4	5	23	1	10.416666666666666	0.011540218845722056	0.5283142544823999	1
158	Iter0159	29	3	9	3	25	2	3.2222222222222214	0.3214567621827999	0.5803005489109999	1
159	Iter0160	24	6	5	2	19	1	1.6	0.6308901621994711	0.5307487353	1
160	Iter0161	23	5	6	1	18	1	0.7666666666666666	1.0	0.46821205040999997	1
161	Iter0162	26	6	5	1	23	0	0.8666666666666666	1.0	0.46752462860000005	1
162	Iter0163	24	0	5	1	20	2	8.333333333333334	0.19999999999999946	0.471378197563	1
163	Iter0164	26	5	6	4	23	0	3.466666666666667	0.18488057572857	0.445155614	1
164	Iter0165	22	2	1	0	21	0	3.8333333333333335	1.0	0.43539139530000004	1
165	Iter0166	24	1	3	3	20	0	24.0	0.016367392340695966	0.3744128655173331	1
166	Iter0167	27	2	5	2	23	1	5.4	0.16256684491978565	0.4059875930000001	1
167	Iter0168	32	3	8	2	28	2	2.6666666666666665	0.3057288712421884	0.711055257	1
168	Iter0169	29	5	6	3	26	2	2.9	0.3322248053119391	0.52837655876	1
169	Iter0170	23	7	4	2	20	1	1.6428571428571428	0.6269776238941229	0.44399214763	1
170	Iter0171	28	5	6	2	24	3	1.8666666666666665	0.6058816988213693	0.6838445544799999	1
171	Iter0172	36	3	3	0	30	1	2.3125	1.0	0.7110592881623802	1
172	Iter0173	23	3	12	3	20	4	1.9166666666666667	0.6508864448530686	0.49692106310000006	1
173	Iter0174	24	2	11	0	21	4	0.6944444444444445	1.0	0.3502060418	1
174	Iter0175	30	4	5	2	25	1	3.0	0.26770198657233296	0.5023033893576	1
175	Iter0176	24	2	4	3	22	0	9.0	0.051850541005156986	0.48054291856796	1
176	Iter0177	29	6	5	2	26	1	1.933333333333333	0.6011898142835252	0.52882951766	1
177	Iter0178	22	5	4	2	15	0	2.2	0.5842602892102186	0.2443856339971	1
178	Iter0179	18	4	4	2	16	1	2.25	0.5806020066889631	0.34296759779999997	1
179	Iter0180	24	1	3	0	21	1	3.125	1.0	0.500721039331	1
180	Iter0181	33	2	1	1	28	0	16.5	0.15765765765765613	0.5362286761665	1
181	Iter0182	23	5	10	5	19	5	2.3	0.2805954717820455	0.2959743655359988	1
182	Iter0183	24	2	8	1	20	3	1.5	1.0	0.501541640998413	1
183	Iter0184	30	2	10	0	25	7	0.9393939393939394	1.0	0.564111450150172	1
184	Iter0185	27	3	4	2	23	0	4.5	0.1858288770053484	0.559361559	1
185	Iter0186	21	3	6	1	21	0	1.1666666666666667	1.0	0.43076495000000004	1
186	Iter0187	22	6	3	3	21	1	3.6666666666666665	0.3058463652424295	0.4408122400000001	1
187	Iter0188	35	3	9	0	29	0	0.9	1.0	0.6553808434589999	1
188	Iter0189	29	2	6	2	18	3	4.833333333333333	0.18025312762154946	0.5126554788899788	1
189	Iter0190	31	5	4	6	23	0	9.3	0.006488716196658898	0.42393932466097	1
190	Iter0191	23	1	4	4	20	1	23.0	0.008620689655172495	0.33507190219999994	1
191	Iter0192	30	1	6	1	25	2	5.0	0.3385490753911816	0.48896563817699984	1
192	Iter0193	26	1	5	1	20	1	5.2	0.3352272727272657	0.4135670665412797	1
193	Iter0194	19	2	9	1	17	5	1.0555555555555556	1.0	0.279609677	1
194	Iter0195	31	3	5	2	22	0	4.133333333333334	0.19550359088228428	0.4449070066	1
195	Iter0196	22	3	12	4	19	2	2.4444444444444438	0.4013150110711069	0.3420883189	1
196	Iter0197	37	8	4	1	25	0	1.15625	1.0	0.5885258196170202	1
197	Iter0198	32	4	3	2	28	0	5.333333333333333	0.14759313475616573	0.6139780253000001	1
198	Iter0199	20	6	6	0	18	1	0.42857142857142855	0.5644631601250072	0.434097541	1
199	Iter0200	23	2	6	1	18	4	1.9166666666666667	0.5362903225806394	0.31186614273400004	1
200	Iter0201	30	5	2	0	24	0	1.7222222222222223	1.0	0.596194935367	1
201	Iter0202	23	3	4	0	19	1	1.2	1.0	0.38503649436780013	1
202	Iter0203	21	2	2	1	19	0	5.25	0.3188461538461547	0.36246389199999995	1
203	Iter0204	25	5	8	2	22	3	1.25	1.0	0.40047842070000006	1
204	Iter0205	27	5	3	1	23	3	1.8	0.5347593582887668	0.5657191845854584	1
205	Iter0206	26	3	4	1	22	1	2.1666666666666665	0.4878601000517533	0.48096543840000006	1
206	Iter0207	22	4	6	2	20	0	1.8333333333333333	0.6087155663155241	0.439960535278	1
207	Iter0208	22	2	5	2	19	0	4.4	0.21201334816462475	0.5777372399	1
208	Iter0209	28	4	6	2	23	0	2.333333333333333	0.5802896013422242	0.5372705653899998	1
209	Iter0210	35	2	9	4	30	1	7.777777777777778	0.033071230342274584	0.6417265757799999	1
210	Iter0211	26	2	6	0	22	0	1.2857142857142858	1.0	0.49504348621125777	1
211	Iter0212	27	2	4	3	24	2	10.125	0.04044117647058811	0.5605509800000001	1
212	Iter0213	24	3	10	2	19	3	1.6	0.6342206868522641	0.3613946411507	1
213	Iter0214	27	3	3	1	22	1	3.0	0.4090693462135634	0.543607132	1
214	Iter0215	25	8	5	4	23	1	2.5	0.40570045455646175	0.5135607247970002	1
215	Iter0216	26	4	2	3	23	0	9.75	0.04383732965326962	0.5676393638518	1
216	Iter0217	23	3	2	0	18	0	2.0	1.0	0.4457160094628999	1
217	Iter0218	35	3	6	2	29	3	3.888888888888889	0.20302111100898196	0.7281911561135368	1
218	Iter0219	19	2	2	0	18	1	2.2222222222222223	1.0	0.43829185500000006	1
219	Iter0220	27	1	5	1	26	2	5.4	0.32620320855615503	0.5880295724387999	1
220	Iter0221	28	2	5	1	25	3	2.8	0.4313725490196084	0.5168952477641322	1
221	Iter0222	26	6	7	3	24	1	1.857142857142857	0.6603132943841352	0.4381076848	1
222	Iter0223	30	3	5	4	24	2	8.0	0.02805184961796079	0.5659448553999196	1
223	Iter0224	25	3	5	3	20	2	5.0	0.10859065033638236	0.43196047998750003	1
224	Iter0225	25	1	12	2	19	1	4.166666666666667	0.27631578947368024	0.4173877466833	1
225	Iter0226	20	1	4	1	16	1	5.0	0.3538461538461529	0.3244179596518	1
226	Iter0227	27	3	5	0	24	0	1.1666666666666667	1.0	0.425497375	1
227	Iter0228	33	4	6	3	27	1	4.125	0.12356654911341396	0.6686449890242	1
228	Iter0229	23	2	9	3	21	4	3.8333333333333335	0.30350518585813363	0.37284584000000004	1
229	Iter0230	24	6	4	1	21	0	1.0	1.0	0.486889511721	1
230	Iter0231	32	1	6	1	23	1	5.333333333333333	0.32307692307692903	0.45891674221100004	1
231	Iter0232	23	3	10	2	17	1	1.5333333333333334	0.6425881874798415	0.3298202169710901	1
232	Iter0233	26	2	2	4	22	0	26.0	0.004341573822369593	0.3764180432	1
233	Iter0234	34	2	1	1	29	0	17.0	0.1536273115220483	0.7208206654839091	1
234	Iter0235	26	2	2	4	20	0	26.0	0.004341573822369593	0.46849655374044	1
235	Iter0236	23	3	4	3	19	0	5.750000000000001	0.09293154009505382	0.50387435077	1
236	Iter0237	29	3	6	4	27	1	6.444444444444443	0.0434953567174363	0.47512443168300006	1
237	Iter0238	27	2	3	3	20	1	13.5	0.026371398999482928	0.35358254013409995	1
238	Iter0239	25	5	2	2	23	0	5.0	0.18007158875280324	0.4094218741000001	1
239	Iter0240	22	2	6	1	16	2	1.8333333333333333	0.5497219132369291	0.349848896231968	1
240	Iter0241	25	0	4	1	18	2	10.4	0.16666666666666674	0.3230265258357999	1
241	Iter0242	24	2	7	1	19	1	1.7142857142857142	1.0	0.41084454082999994	1
242	Iter0243	25	2	8	1	22	1	1.5625	1.0	0.5706737445232101	1
243	Iter0244	24	1	9	2	19	0	5.333333333333333	0.2156862745098071	0.36623922588130003	1
244	Iter0245	31	3	1	0	27	0	4.0	1.0	0.6619901525999998	1
245	Iter0246	32	2	6	0	27	2	1.5714285714285714	1.0	0.7761407891715779	1
246	Iter0247	27	4	2	2	19	0	6.75	0.12767379679144522	0.502775175969	1
247	Iter0248	29	6	6	0	26	3	0.6122448979591837	0.5668096258596852	0.4588710900999997	1
248	Iter0249	26	4	7	0	25	2	0.675	0.5696873343932349	0.5476357800000001	1
249	Iter0250	21	3	6	1	19	0	1.1666666666666667	1.0	0.42469899188500004	1
250	Iter0251	21	3	4	1	18	0	1.75	0.5526083112290037	0.4160593480638	1
251	Iter0252	27	3	9	4	20	0	4.0	0.17228529541572424	0.533401018426	1
252	Iter0253	24	3	3	3	22	0	8.0	0.05771925516085604	0.39601333850000003	1
253	Iter0254	21	1	2	1	20	0	10.5	0.23000000000000195	0.48344103000000005	1
254	Iter0255	21	1	2	4	16	0	42.0	0.003418803418803423	0.3443242060979999	1
255	Iter0256	28	2	8	3	25	1	5.25	0.10960397545763402	0.5447614618144999	1
256	Iter0257	23	2	3	1	22	1	3.8333333333333335	0.3705528188286827	0.3938347548999999	1
257	Iter0258	30	4	4	0	25	2	1.24	1.0	0.6598840079139999	1
258	Iter0259	18	5	5	2	15	0	1.44	1.0	0.477312387079	1
259	Iter0260	27	1	6	1	23	1	4.5	0.36470588235295415	0.4617883473686999	1
260	Iter0261	29	1	8	5	26	0	18.125	0.006614664852715839	0.5533470627000001	1
261	Iter0262	29	4	6	0	24	1	0.8571428571428571	1.0	0.4781145730400001	1
262	Iter0263	26	3	6	3	18	0	4.333333333333333	0.13106548710263766	0.390249389962	1
263	Iter0264	24	0	10	2	19	5	6.8181818181818175	0.10476190476190322	0.5599104823400001	1
264	Iter0265	20	2	5	6	19	0	12.0	0.008221385585122988	0.4638554100000001	1
265	Iter0266	17	8	10	2	15	1	0.425	0.4447264821209837	0.29729456465299997	1
266	Iter0267	19	2	2	4	16	0	19.0	0.011070571940137195	0.34226473663000007	1
267	Iter0268	28	6	3	0	24	1	1.0357142857142858	1.0	0.5093368450000001	1
268	Iter0269	33	3	7	0	27	3	1.0625	1.0	0.6687239623799607	1
269	Iter0270	30	8	6	1	21	1	0.625	1.0	0.500709371381997	1
270	Iter0271	26	8	4	0	22	3	0.6	0.5599810336652357	0.5195050965463001	1
271	Iter0272	31	0	12	3	23	5	9.846153846153848	0.02997364953886773	0.34432877880000007	1
272	Iter0273	22	3	3	2	19	0	4.8888888888888875	0.18333263160849303	0.41252767463600004	1
273	Iter0274	24	1	7	1	22	2	3.4285714285714284	0.4318181818181745	0.4638944933964822	1
274	Iter0275	24	5	6	2	22	3	1.6	0.6308901621994665	0.3984758292	1
275	Iter0276	26	3	5	2	23	2	3.4666666666666663	0.2439839572192517	0.5206296533227001	1
276	Iter0277	24	3	3	0	20	1	1.5625	1.0	0.4047795708170459	1
277	Iter0278	24	4	2	3	20	1	9.0	0.05185054100515694	0.4743075499779999	1
278	Iter0279	19	6	4	0	19	0	0.5714285714285714	0.5526083112290052	0.35504517	1
279	Iter0280	26	4	3	2	23	0	4.333333333333333	0.19520872865275293	0.5812535378517001	1
280	Iter0281	25	4	4	2	23	0	3.125	0.2683715715025005	0.49201785622800004	1
281	Iter0282	25	3	3	0	22	1	1.625	1.0	0.44658130041893007	1
282	Iter0283	26	0	6	2	20	0	11.571428571428573	0.04991087344028537	0.41384654582043984	1
283	Iter0284	30	2	3	3	26	0	15.0	0.020731478935813792	0.5912080820199999	1
284	Iter0285	30	4	8	1	24	2	0.9375	1.0	0.629722814933	1
285	Iter0286	15	1	8	2	15	3	3.75	0.538461538461541	0.38939258000000015	1
286	Iter0287	27	3	11	0	23	3	0.5833333333333334	0.5511257035647326	0.3764256785397	1
287	Iter0288	19	1	12	3	15	1	4.75	0.2923987776928985	0.34142892144	1
288	Iter0289	33	4	3	3	26	0	8.25	0.04473305301737462	0.7095539232753567	1
289	Iter0290	33	4	4	1	30	2	2.0625	0.4875826997136172	0.7262730199999999	1
290	Iter0291	21	3	3	3	19	1	7.0	0.07539050987326876	0.38606182181800003	1
291	Iter0292	26	4	8	2	24	4	1.625	0.6287339971550443	0.48107550399969184	1
292	Iter0293	23	3	8	2	16	4	1.9166666666666667	0.6034398607928035	0.35104426257	1
293	Iter0294	30	4	4	0	26	0	1.24	1.0	0.6259002678000002	1
294	Iter0295	26	4	7	6	20	1	5.571428571428571	0.04413446037191111	0.446624697299	1
295	Iter0296	30	3	4	1	20	0	2.5	0.4456411298516635	0.4614079128022956	1
296	Iter0297	27	6	2	1	22	0	2.25	0.4882352941176482	0.539920013685	1
297	Iter0298	32	0	7	0	23	2	4.125	1.0	0.4687780363236	1
298	Iter0299	28	1	3	3	24	1	28.0	0.011363636363636435	0.48765932979645005	1
299	Iter0300	21	7	1	3	17	0	9.0	0.07925472747497321	0.44717056818780004	1
300	Iter0301	34	2	2	2	26	0	17.0	0.04294780610570153	0.5505681972504297	1
301	Iter0302	27	5	4	1	24	2	1.35	1.0	0.4522114890200001	1
302	Iter0303	23	2	3	4	18	0	15.333333333333336	0.012174020516623458	0.320053958793	1
303	Iter0304	21	1	2	3	18	0	31.5	0.01282051282051302	0.3780769	1
304	Iter0305	29	2	5	3	26	1	8.7	0.049093628040997005	0.578245405	1
305	Iter0306	22	0	12	3	18	4	7.0769230769230775	0.05855855855855974	0.30363618329637665	1
306	Iter0307	26	2	4	1	19	2	3.25	0.3995601173020483	0.46754812640000004	1
307	Iter0308	31	3	7	2	27	5	2.952380952380953	0.2773307237289058	0.6131988914730001	1
308	Iter0309	30	1	11	1	24	2	2.727272727272727	0.48504983388703793	0.47396240399999995	1
309	Iter0310	24	3	6	2	21	0	2.6666666666666665	0.5675102885729076	0.31290737360000004	1
310	Iter0311	24	4	9	4	18	1	2.6666666666666665	0.23717782571517496	0.35292476228941	1
311	Iter0312	22	0	5	1	18	2	7.666666666666668	0.21428571428571144	0.39315737999999995	1
312	Iter0313	21	6	7	1	17	2	0.5	1.0	0.4203644740000001	1
313	Iter0314	31	2	8	2	27	5	3.875	0.22631877481565515	0.7131700629999999	1
314	Iter0315	29	4	4	3	26	1	5.4375	0.0876699514470441	0.6068836471583599	1
315	Iter0316	27	2	2	1	20	1	6.75	0.2633064516129015	0.5088957331	1
316	Iter0317	19	8	0	1	16	0	4.4444444444444455	0.3214285714285681	0.28660673933840003	1
317	Iter0318	14	3	10	0	10	1	0.3409090909090909	0.2735042735042762	0.17794450200000003	1
318	Iter0319	24	5	9	2	20	5	1.0666666666666669	1.0	0.49839156300000004	1
319	Iter0320	26	4	1	1	20	0	6.5	0.2923387096774195	0.31490343894100004	1
320	Iter0321	32	0	5	1	28	2	11.0	0.15789473684210129	0.6619133211999999	1
321	Iter0322	22	2	8	1	21	1	1.375	1.0	0.47140926529999994	1
322	Iter0323	24	3	3	2	18	0	5.333333333333333	0.1633561099634521	0.2880586672	1
323	Iter0324	20	2	6	1	17	1	1.6666666666666667	1.0	0.33655914970300005	1
324	Iter0325	33	6	3	1	26	2	1.8333333333333333	0.5226885989789987	0.47819575783209	1
325	Iter0326	25	3	9	1	21	0	0.9259259259259259	1.0	0.5363007463199999	1
326	Iter0327	25	2	8	2	20	4	3.125	0.2913922325687145	0.5034475890783001	1
327	Iter0328	19	5	5	2	17	2	1.52	0.6417017959175946	0.35204153938	1
328	Iter0329	25	5	4	6	25	1	7.5	0.014448446748955956	0.56856067	1
329	Iter0330	27	4	4	2	25	1	3.375	0.2447698366816089	0.48793988793000004	1
330	Iter0331	19	2	3	5	16	1	15.833333333333336	0.007916554543241281	0.4547725506000001	1
331	Iter0332	31	4	5	5	27	0	7.75	0.016523091992536234	0.523279814128	1
332	Iter0333	28	5	3	0	23	1	1.2083333333333333	1.0	0.41085604259509506	1
333	Iter0334	22	2	4	4	21	0	11.0	0.022834013100976568	0.43455512235000004	1
334	Iter0335	30	7	7	3	28	2	1.8367346938775508	0.4242258272502276	0.6602341299999999	1
335	Iter0336	22	3	3	1	22	1	2.4444444444444438	0.4673908467011923	0.64860273	1
336	Iter0337	30	1	3	1	26	0	10.0	0.21848739495799066	0.5832004598	1
337	Iter0338	27	2	6	1	23	1	2.25	0.4882352941176494	0.39134240548244986	1
338	Iter0339	22	0	4	1	20	2	9.2	0.18518518518518698	0.494151514691	1
339	Iter0340	23	2	4	1	20	2	2.875	0.4334975369458101	0.38008265930000007	1
340	Iter0341	24	2	4	3	23	0	9.0	0.051850541005156986	0.4433968567804	1
341	Iter0342	30	1	3	0	27	0	3.875	1.0	0.4940557376979999	1
342	Iter0343	22	6	3	1	19	1	1.2222222222222219	1.0	0.42198661875	1
343	Iter0344	31	5	10	2	28	1	1.24	1.0	0.5903186442444002	1
344	Iter0345	25	2	3	6	23	1	25.0	0.0010067633080130698	0.624457674721	1
345	Iter0346	30	2	9	3	25	2	5.0	0.1157928855036059	0.46663961270949994	1
346	Iter0347	28	1	6	3	26	2	14.0	0.0347083926031287	0.62615331487	1
347	Iter0348	18	2	7	1	16	1	1.2857142857142858	1.0	0.28989794461	1
348	Iter0349	28	3	3	0	25	1	1.8125	1.0	0.6332199700000001	1
349	Iter0350	26	2	3	1	21	0	4.333333333333333	0.3395161290322606	0.578498724921	1
350	Iter0351	22	3	8	0	20	0	0.6388888888888888	0.5601173020527707	0.523947442984	1
351	Iter0352	25	2	0	0	21	0	8.666666666666666	1.0	0.35606738356057	1
352	Iter0353	27	4	7	2	24	1	1.9285714285714288	0.6016030200240707	0.43779365600000003	1
353	Iter0354	23	3	7	0	22	3	0.75	1.0	0.6212181699999999	1
354	Iter0355	21	1	4	1	18	1	5.25	0.3418803418803442	0.48533768854039994	1
355	Iter0356	25	2	8	3	21	3	4.6875	0.13405333683971665	0.4957863097	1
356	Iter0357	21	2	4	3	19	1	7.875	0.06793398172708537	0.38258501265000006	1
357	Iter0358	27	6	1	2	24	0	9.0	0.11764705882353213	0.4572645555997009	1
358	Iter0359	28	4	5	3	21	2	4.2	0.12817509102338867	0.4932465238631	1
359	Iter0360	29	3	2	2	24	0	9.666666666666666	0.08428826075884926	0.4806576134216329	1
360	Iter0361	28	2	1	0	22	0	4.833333333333333	1.0	0.56642218109776	1
361	Iter0362	13	2	7	3	9	0	2.7857142857142856	0.35770750988142525	0.17722431499999997	1
362	Iter0363	25	3	4	2	23	2	4.166666666666667	0.2053001552527192	0.3795806547296	1
363	Iter0364	18	1	3	3	15	1	18.0	0.03122529644268793	0.381271781091	1
364	Iter0365	22	3	2	3	19	0	11.0	0.041303524062144624	0.376700028	1
365	Iter0366	22	5	10	0	20	1	0.3484848484848485	0.2954184130654752	0.39473029699677	1
366	Iter0367	32	7	3	3	24	1	4.571428571428571	0.11287577992058401	0.4704697308410001	1
367	Iter0368	27	4	8	3	19	1	2.53125	0.3533996621288014	0.42491295522140005	1
368	Iter0369	26	1	9	0	23	1	1.35	1.0	0.5498507972730001	1
369	Iter0370	27	12	4	0	22	2	0.4307692307692307	0.5629203468114332	0.5275336335	1
370	Iter0371	20	2	5	1	16	2	2.0	0.5299145299145268	0.38055582361500134	1
371	Iter0372	31	3	5	0	28	0	1.3333333333333333	1.0	0.742858182	1
372	Iter0373	19	1	9	2	18	5	4.222222222222221	0.2814238042269219	0.276078439225	1
373	Iter0374	27	3	4	2	21	0	4.5	0.1858288770053484	0.32904543416750004	1
374	Iter0375	25	3	8	6	19	3	6.250000000000001	0.040655848780897334	0.46479833881160004	1
375	Iter0376	20	5	4	0	16	1	0.7	1.0	0.29090372382	1
376	Iter0377	38	1	6	0	34	0	2.7857142857142856	1.0	0.7727152715999999	1
377	Iter0378	19	3	9	0	17	4	0.5	0.5374860956618537	0.25730375418773	1
378	Iter0379	19	4	6	1	16	3	0.7916666666666666	1.0	0.3629270204	1
379	Iter0380	27	3	5	1	25	0	1.8	0.5347593582887668	0.41132676934293005	1
380	Iter0381	27	3	3	0	20	0	1.75	1.0	0.34734389933320003	1
381	Iter0382	27	3	2	2	24	0	9.0	0.09390633086079096	0.5067849376	1
382	Iter0383	30	0	3	0	24	0	7.75	1.0	0.5506794241999999	1
383	Iter0384	19	1	2	2	18	0	19.0	0.061264822134387276	0.34953676199999995	1
384	Iter0385	24	0	3	2	20	1	18.75	0.024630541871921364	0.413329699	1
385	Iter0386	24	2	5	0	16	2	1.3888888888888893	1.0	0.30564304371100004	1
386	Iter0387	30	2	5	1	30	2	3.0	0.4120436225699319	0.5488224399999999	1
387	Iter0388	35	6	3	3	32	0	5.833333333333332	0.07469788563951822	0.6603038052000001	1
388	Iter0389	26	4	3	2	22	0	4.333333333333333	0.19520872865275293	0.5600959995329213	1
389	Iter0390	26	1	2	1	22	1	13.0	0.19310344827586284	0.4902940275895	1
390	Iter0391	21	2	6	3	18	1	5.25	0.12055061179087935	0.35370380791999995	1
391	Iter0392	30	3	1	1	26	0	10.0	0.21848739495799066	0.667841689945	1
392	Iter0393	25	2	1	2	19	0	25.0	0.03940886699507413	0.21024769920299996	1
393	Iter0394	20	2	5	1	16	2	2.0	0.5299145299145268	0.300308329762	1
394	Iter0395	26	3	10	4	24	1	3.4666666666666663	0.18997465686721307	0.5654226279997949	1
395	Iter0396	27	3	3	0	21	2	1.75	1.0	0.5339091324190001	1
396	Iter0397	30	4	5	1	26	2	1.5	1.0	0.5438943963	1
397	Iter0398	30	1	10	3	24	1	9.0	0.07057774896685955	0.48400122139868007	1
398	Iter0399	24	3	8	3	20	1	3.0	0.3286873782229792	0.4210581809058999	1
399	Iter0400	24	6	9	3	20	4	1.3333333333333333	0.6986650192117362	0.3848565924980001	1
400	Iter0401	33	3	3	0	27	1	2.125	1.0	0.6807372713720296	1
401	Iter0402	19	3	9	0	19	3	0.5	0.5374860956618537	0.45051505000000003	1
402	Iter0403	19	3	4	4	18	2	6.333333333333332	0.05961292857844658	0.36641756999999997	1
403	Iter0404	23	1	5	3	18	2	13.8	0.039321468298109806	0.3630273726	1
404	Iter0405	27	2	6	2	25	1	4.5	0.1977742448330759	0.58301573948	1
405	Iter0406	19	3	4	2	16	1	3.1666666666666665	0.2854700854700856	0.41201496242	1
406	Iter0407	30	2	4	3	21	2	11.25	0.032133347922821645	0.4558444257268999	1
407	Iter0408	14	4	4	4	12	0	3.5	0.19720151701845	0.2647475563	1
408	Iter0409	24	3	7	6	20	1	6.857142857142858	0.037828947368420636	0.46871193883300005	1
409	Iter0410	22	2	6	0	15	1	1.0952380952380951	1.0	0.47953579397607116	1
410	Iter0411	31	3	7	4	28	2	5.904761904761906	0.049580406358623236	0.5092057913800001	1
411	Iter0412	25	2	4	3	21	1	9.375	0.04762161462825626	0.4267367187016901	1
412	Iter0413	18	2	12	0	15	5	0.4871794871794872	0.5161290322580655	0.31739831153784964	1
413	Iter0414	19	1	4	4	17	0	19.0	0.01481481481481476	0.419808147391	1
414	Iter0415	33	4	6	2	24	1	2.75	0.28644356211001804	0.5076155015869	1
415	Iter0416	21	2	5	2	16	4	4.2	0.22452107279693592	0.2635023572683	1
416	Iter0417	31	10	5	0	29	0	0.4848484848484849	0.5702730030333716	0.7116319247910001	1
417	Iter0418	36	2	7	5	31	2	12.857142857142858	0.005933659310162685	0.6542165765999998	1
418	Iter0419	25	2	7	1	19	1	1.7857142857142858	0.5530939648586686	0.48503812868949997	1
419	Iter0420	22	3	7	2	17	0	2.095238095238096	0.5908444022770442	0.408836090639	1
420	Iter0421	22	2	8	1	19	0	1.375	1.0	0.3168700063404599	1
421	Iter0422	23	5	9	1	20	0	0.5111111111111111	1.0	0.49733324659329986	1
422	Iter0423	27	1	6	1	23	2	4.5	0.36470588235295415	0.6178423391973401	1
423	Iter0424	21	2	7	3	18	1	4.5	0.1493325917686327	0.42045610519999993	1
424	Iter0425	29	1	6	2	22	1	9.666666666666666	0.10621147463252614	0.4933425799070304	1
425	Iter0426	30	3	1	1	28	0	10.0	0.21848739495799066	0.5833722334729	1
426	Iter0427	17	6	5	2	14	0	1.1333333333333333	1.0	0.268278671113271	1
427	Iter0428	21	2	5	0	17	0	1.2222222222222219	1.0	0.34836647831741624	1
428	Iter0429	25	1	7	2	24	3	7.142857142857142	0.15584415584415762	0.7269377790800001	1
429	Iter0430	23	3	6	2	21	5	2.5555555555555562	0.5701799781496234	0.45129944599999994	1
430	Iter0431	27	4	4	1	20	1	1.6875	0.5492981283422489	0.5424685381737555	1
431	Iter0432	28	4	2	2	24	0	7.0	0.12121212121211933	0.4608004335611882	1
432	Iter0433	29	6	5	5	24	0	4.833333333333333	0.04766151212101382	0.38728508242709997	1
433	Iter0434	28	4	2	1	24	0	3.5	0.3796791443850255	0.495369021906709	1
434	Iter0435	15	0	6	2	15	4	6.857142857142858	0.1106719367588929	0.26873024	1
435	Iter0436	24	2	9	0	22	1	0.8333333333333334	1.0	0.487337048818	1
436	Iter0437	27	0	4	2	22	1	16.8	0.02840909090909052	0.4538630207905999	1
437	Iter0438	34	4	6	1	26	2	1.4166666666666667	1.0	0.5860370365472002	1
438	Iter0439	20	2	1	2	16	1	20.0	0.056521739130435025	0.4216762947728231	1
439	Iter0440	27	4	2	2	25	1	6.75	0.12767379679144522	0.47133052868119996	1
440	Iter0441	18	1	7	0	15	3	1.1875	1.0	0.3563946707498001	1
441	Iter0442	26	3	2	1	18	0	4.333333333333333	0.3395161290322606	0.3374740560300001	1
442	Iter0443	27	5	4	2	27	2	2.7	0.30246993404887845	0.50268523	1
443	Iter0444	28	2	6	0	23	3	1.380952380952381	1.0	0.480937921107	1
444	Iter0445	25	1	7	2	24	1	7.142857142857142	0.15584415584415762	0.5352654561999999	1
445	Iter0446	28	1	4	1	24	1	7.0	0.27629233511586315	0.5221095658858064	1
446	Iter0447	23	4	0	3	20	0	19.2	0.008620689655172315	0.45695554939215505	1
447	Iter0448	31	4	8	5	27	1	4.84375	0.047513567771694264	0.6629578669673839	1
448	Iter0449	19	5	4	0	17	2	0.6666666666666667	1.0	0.41557389299999997	1
449	Iter0450	24	2	3	1	19	1	4.0	0.35960591133004943	0.35294563299856796	1
450	Iter0451	21	4	2	2	18	0	5.25	0.1797819039198358	0.36954131310000005	1
451	Iter0452	23	3	6	0	18	2	0.8571428571428571	1.0	0.4187850960850001	1
452	Iter0453	31	2	5	2	24	0	6.2	0.1343473027683574	0.4626383059609999	1
453	Iter0454	21	2	8	3	19	1	3.9375	0.2998893105629378	0.5310231044	1
454	Iter0455	27	2	1	4	25	0	54.0	0.0015309642918751414	0.5319040859999999	1
455	Iter0456	17	4	4	1	14	2	1.0625	1.0	0.28889733959999997	1
456	Iter0457	25	2	5	0	21	1	1.4444444444444444	1.0	0.4508056183415601	1
457	Iter0458	25	1	6	2	19	0	8.333333333333334	0.1310160427807505	0.6281127729225999	1
458	Iter0459	23	2	11	2	21	2	2.090909090909091	0.5949332791437962	0.5270296826	1
459	Iter0460	21	3	3	0	19	1	1.375	1.0	0.492202236	1
460	Iter0461	26	4	6	2	21	0	2.1666666666666665	0.5870410235735259	0.43574807784856995	1
461	Iter0462	23	2	2	0	21	1	2.6666666666666665	1.0	0.5557943472019999	1
462	Iter0463	28	7	4	0	24	3	0.725	1.0	0.5339874134358044	1
463	Iter0464	22	3	3	3	15	0	7.333333333333332	0.06879302874853448	0.284481543054	1
464	Iter0465	28	6	8	1	26	2	0.5833333333333334	1.0	0.592072399	1
465	Iter0466	28	2	1	2	24	0	28.0	0.03262463343108397	0.5180427170179799	1
466	Iter0467	24	3	3	3	22	1	8.0	0.05771925516085604	0.41604721908000003	1
467	Iter0468	26	1	4	5	24	2	32.5	0.0017897188200793493	0.574642604	1
468	Iter0469	15	6	14	1	15	5	0.17857142857142858	0.20034428727502585	0.31945330999999993	1
469	Iter0470	31	4	4	1	24	1	1.9375	0.5066442961179742	0.4846977557630999	1
470	Iter0471	24	3	3	2	21	1	5.333333333333333	0.1633561099634521	0.5056757490346	1
471	Iter0472	20	6	8	1	18	3	0.4166666666666667	0.6478440096839744	0.3428036960000001	1
472	Iter0473	31	4	2	3	27	0	11.625	0.029871977240398563	0.5581067158	1
473	Iter0474	33	4	10	1	28	4	0.825	1.0	0.5983740072468008	1
474	Iter0475	26	3	12	2	22	4	1.4444444444444444	1.0	0.4359393369	1
475	Iter0476	30	5	5	6	26	0	7.199999999999998	0.01262083473858434	0.5676632108615787	1
476	Iter0477	32	2	1	1	29	0	16.0	0.16190476190476336	0.5229043769399999	1
477	Iter0478	25	4	6	2	23	1	2.083333333333333	0.5913426795779844	0.6743568324000002	1
478	Iter0479	29	4	4	1	28	0	1.8125	0.527164493108788	0.7017714670000001	1
479	Iter0480	27	0	4	5	20	1	33.6	0.00033422459893048435	0.5387254709597308	1
480	Iter0481	28	2	5	1	24	0	2.8	0.4313725490196084	0.5801920501618267	1
481	Iter0482	28	2	5	5	24	0	14.0	0.006224133159117673	0.6405024056	1
482	Iter0483	20	4	1	2	17	0	10.0	0.11452991452991453	0.3403791970000001	1
483	Iter0484	18	2	7	3	17	0	3.8571428571428568	0.3000294724432677	0.417270035	1
484	Iter0485	31	2	5	2	28	1	6.2	0.1343473027683574	0.632361242	1
485	Iter0486	16	4	7	4	15	2	2.2857142857142856	0.4054856773432985	0.23874612979999996	1
486	Iter0487	28	3	5	1	25	0	1.8666666666666667	0.5235824059353668	0.6986087696503801	1
487	Iter0488	30	2	4	0	30	1	2.066666666666667	1.0	0.69655132	1
488	Iter0489	32	9	2	5	25	1	8.888888888888888	0.016687104245996794	0.5576222633514	1
489	Iter0490	22	3	20	2	20	10	0.7333333333333333	1.0	0.5266843577000001	1
490	Iter0491	23	2	8	3	20	0	4.3125	0.15441176470588128	0.42842015439	1
491	Iter0492	20	2	4	5	18	0	12.5	0.011785174410313584	0.418497635	1
492	Iter0493	18	3	8	1	15	0	0.75	1.0	0.35472483	1
493	Iter0494	27	5	6	1	19	0	0.9	1.0	0.4376804155	1
494	Iter0495	26	3	4	2	20	2	4.333333333333333	0.19520872865275293	0.47835836104	1
495	Iter0496	26	1	5	2	23	3	10.4	0.10060160427807556	0.545053236	1
496	Iter0497	28	3	6	1	26	1	1.5555555555555556	1.0	0.46487632617399993	1
497	Iter0498	17	0	3	1	14	2	9.0	0.1904761904761899	0.34595203846167943	1
498	Iter0499	22	0	5	3	17	0	15.333333333333336	0.013793103448275841	0.40783228976461705	1
499	Iter0500	30	3	3	0	27	1	1.9375	1.0	0.7365846627994367	1
500	Iter0501	27	2	1	3	23	0	40.5	0.006964809384164218	0.505434004	1
501	Iter0502	24	1	5	2	22	1	9.6	0.11290322580645132	0.43885977276665006	1
502	Iter0503	22	2	3	4	18	0	14.666666666666664	0.013814019375754532	0.37276047262000006	1
503	Iter0504	26	4	4	2	24	2	3.25	0.2561777643608748	0.538394381	1
504	Iter0505	15	2	3	2	14	1	5.0	0.2098427887901568	0.27362153580000004	1
505	Iter0506	29	2	8	2	24	4	3.625	0.2454330008887105	0.4940886299811439	1
506	Iter0507	18	4	13	1	16	6	0.3461538461538461	0.6282679738562159	0.343041538	1
507	Iter0508	23	4	4	1	23	0	1.4375	1.0	0.6781546000000002	1
508	Iter0509	26	2	8	3	21	1	4.875	0.1251778093883367	0.474149225552	1
509	Iter0510	22	1	7	2	22	2	6.2857142857142865	0.18387096774193395	0.47824244000000005	1
510	Iter0511	25	4	3	2	20	0	4.166666666666667	0.2053001552527192	0.362110733757	1
511	Iter0512	30	6	5	0	24	1	0.7380952380952381	1.0	0.5856122571000002	1
512	Iter0513	32	3	10	2	27	3	2.1333333333333333	0.5903878837424207	0.5726274339371998	1
513	Iter0514	18	1	5	4	17	1	14.4	0.025641025641025585	0.4415255	1
514	Iter0515	26	8	4	1	24	1	0.8125	1.0	0.43091960300000004	1
515	Iter0516	24	5	6	2	21	0	1.6	0.6308901621994665	0.40054207394100005	1
516	Iter0517	22	2	8	3	21	4	4.125	0.2970317159121739	0.47548122433000006	1
517	Iter0518	23	4	5	2	20	0	2.3	0.5798138751910984	0.48885622544	1
518	Iter0519	20	4	5	5	16	4	5.0	0.08473593082308745	0.30403837241	1
519	Iter0520	25	3	6	2	20	0	2.7777777777777786	0.30481283422460337	0.3430579200899999	1
520	Iter0521	18	0	5	0	16	0	3.1666666666666665	1.0	0.370588991	1
521	Iter0522	34	4	4	0	28	2	1.4	1.0	0.6524095395378602	1
522	Iter0523	24	4	4	1	21	2	1.5	1.0	0.51553766	1
523	Iter0524	25	4	5	4	20	1	5.0	0.07132797387965621	0.4108285792893001	1
524	Iter0525	26	4	5	2	20	0	2.6	0.3154989882931146	0.40412472292359997	1
525	Iter0526	22	1	1	1	17	1	22.0	0.1566666666666681	0.35482735807924587	1
526	Iter0527	16	3	5	1	13	1	1.0666666666666669	1.0	0.18872873059999995	1
527	Iter0528	22	4	1	2	17	0	11.0	0.0998905309250138	0.3647591150000001	1
528	Iter0529	25	4	3	1	18	0	2.083333333333333	0.4996334310850373	0.40674607845099997	1
529	Iter0530	21	2	8	2	17	3	2.625	0.5672043010752585	0.47229375152	1
530	Iter0531	23	2	8	1	20	2	1.4375	1.0	0.4187985175491638	1
531	Iter0532	23	4	4	3	21	1	4.3125	0.1346166715245096	0.43280175572690005	1
532	Iter0533	24	2	3	3	23	1	12.0	0.03424439853805853	0.42113535404	1
533	Iter0534	23	5	3	2	18	1	3.0666666666666664	0.2819041359085838	0.32309878653999996	1
534	Iter0535	26	1	5	1	20	1	5.2	0.3352272727272657	0.503085921808386	1
535	Iter0536	24	6	4	3	21	0	3.0	0.3270109422860916	0.551930242414	1
536	Iter0537	15	1	2	1	14	1	7.5	0.29824561403508804	0.3413921585	1
537	Iter0538	34	1	4	3	29	0	25.5	0.011257035647279685	0.70983321919972	1
538	Iter0539	23	5	4	1	19	0	1.15	1.0	0.41183819447969205	1
539	Iter0540	20	2	1	1	18	0	10.0	0.23913043478260945	0.35906818800000007	1
540	Iter0541	32	6	11	1	25	1	0.4848484848484848	1.0	0.532581831560882	1
541	Iter0542	25	4	6	1	21	1	1.0416666666666667	1.0	0.45304831425916997	1
542	Iter0543	22	1	11	4	14	5	8.0	0.06852983013973933	0.205295966594	1
543	Iter0544	23	8	9	2	17	5	0.6388888888888888	1.0	0.40396898953	1
544	Iter0545	34	3	4	5	27	0	14.166666666666664	0.0039715395704446425	0.5004280838400001	1
545	Iter0546	27	4	13	1	23	3	0.5192307692307693	1.0	0.48424317051399	1
546	Iter0547	24	3	4	2	19	1	4.0	0.21617453736474695	0.4272643599999999	1
547	Iter0548	34	1	6	1	29	1	5.666666666666668	0.3089430894308965	0.5908202998410002	1
548	Iter0549	28	4	6	3	25	2	3.5	0.16505781974331132	0.48568706280000007	1
549	Iter0550	30	6	4	0	27	0	0.8857142857142858	1.0	0.6093278569259999	1
550	Iter0551	25	4	3	0	21	0	1.3	1.0	0.44402270360000007	1
551	Iter0552	25	4	1	0	22	0	2.6	1.0	0.5214708472069999	1
552	Iter0553	20	3	2	0	17	0	1.75	1.0	0.33295133121	1
553	Iter0554	28	2	2	0	26	0	3.2222222222222214	1.0	0.6354924710000001	1
554	Iter0555	27	5	4	4	24	0	5.4	0.05943909659079901	0.48795055	1
555	Iter0556	26	3	13	2	22	6	1.3333333333333333	1.0	0.45666674872999985	1
556	Iter0557	22	11	4	0	20	0	0.38333333333333336	0.29631311984254216	0.36980248179999997	1
557	Iter0558	24	1	1	0	21	0	6.25	1.0	0.4023014505	1
558	Iter0559	34	0	6	4	30	0	25.0	0.0015469499303872641	0.7297417609050999	1
559	Iter0560	20	3	3	2	17	1	4.4444444444444455	0.20712250712250674	0.40286221199999994	1
560	Iter0561	20	2	1	1	18	0	10.0	0.23913043478260945	0.440166755089193	1
561	Iter0562	30	1	3	3	22	1	30.0	0.009614656673480706	0.47895777198100004	1
562	Iter0563	23	2	8	0	19	3	0.8888888888888888	1.0	0.416481634612	1
563	Iter0564	23	6	5	1	18	1	0.7666666666666667	1.0	0.4241282020000001	1
564	Iter0565	25	3	6	0	21	1	0.9285714285714286	1.0	0.4873513955328721	1
565	Iter0566	20	4	10	1	19	1	0.5	1.0	0.32857843800799996	1
566	Iter0567	29	2	5	0	26	1	1.6666666666666667	1.0	0.5279049010000001	1
567	Iter0568	17	2	3	3	16	1	8.5	0.06984754376058706	0.45165491680000003	1
568	Iter0569	23	3	6	4	17	0	5.1111111111111125	0.07588695302167743	0.46927523234862006	1
569	Iter0570	28	4	4	2	25	0	3.5	0.2340846334654355	0.49543920880899994	1
570	Iter0571	29	1	4	1	24	0	7.25	0.268907563025219	0.5609209638268	1
571	Iter0572	21	0	4	2	18	1	13.2	0.04273504273504308	0.513633607379	1
572	Iter0573	28	2	2	2	23	1	14.0	0.05888821804381551	0.5705151548599999	1
573	Iter0574	23	0	2	3	21	1	32.0	0.0030525030525030434	0.5703823016590001	1
574	Iter0575	28	6	2	1	24	1	2.333333333333333	0.4774774774774774	0.5391394970178999	1
575	Iter0576	31	5	3	2	25	1	4.133333333333334	0.19550359088228192	0.52132945035	1
576	Iter0577	24	3	6	0	23	0	0.8928571428571429	1.0	0.4335819800000001	1
577	Iter0578	27	1	1	0	26	0	7.0	1.0	0.6526628390000002	1
578	Iter0579	30	4	2	1	23	0	3.75	0.36164736164736705	0.5115194797794246	1
579	Iter0580	17	2	5	2	16	0	3.4	0.2870234113712389	0.3611455669810001	1
580	Iter0581	27	2	5	1	24	3	2.7	0.4417112299465242	0.41056204300000004	1
581	Iter0582	31	3	3	1	27	0	3.4444444444444446	0.3717266138318736	0.6804749227000001	1
582	Iter0583	27	2	6	2	23	0	4.5	0.1977742448330759	0.4669738674506681	1
583	Iter0584	36	5	4	2	26	0	3.6	0.21356194737860493	0.63074676638	1
584	Iter0585	27	3	3	0	24	0	1.75	1.0	0.5246138120000001	1
585	Iter0586	29	3	2	7	25	1	33.833333333333336	0.00016328257663302792	0.567810419762	1
586	Iter0587	20	2	6	6	13	0	10.0	0.012742916966564287	0.34471402461000006	1
587	Iter0588	28	2	11	1	24	4	1.2727272727272727	1.0	0.54644689863	1
588	Iter0589	20	3	8	3	19	2	2.5000000000000004	0.3626578551331639	0.3879268638	1
589	Iter0590	24	3	9	1	20	1	0.8888888888888888	1.0	0.3429767219853514	1
590	Iter0591	37	7	8	0	24	1	0.5277777777777778	0.5778854002285551	0.53285716122	1
591	Iter0592	23	5	4	1	18	1	1.15	1.0	0.37903094939000004	1
592	Iter0593	22	3	9	4	17	1	3.2592592592592586	0.20252489331436585	0.47959267928199995	1
593	Iter0594	21	4	3	0	16	0	1.1	1.0	0.54827715303	1
594	Iter0595	20	4	3	2	18	1	3.333333333333333	0.2692602416740361	0.35077323797124244	1
595	Iter0596	25	2	7	2	19	1	3.571428571428572	0.2551566080977827	0.37290395917221003	1
596	Iter0597	26	2	6	2	24	1	4.333333333333333	0.2074866310160426	0.564755089817568	1
597	Iter0598	37	2	1	2	29	0	37.0	0.020209059233450014	0.6020167536511	1
598	Iter0599	33	1	3	0	30	0	4.25	1.0	0.6601404594000001	1
599	Iter0600	33	3	4	3	28	2	8.25	0.0447330530173752	0.7388783498000002	1
600	Iter0601	25	1	6	2	24	1	8.333333333333334	0.1310160427807505	0.46481300903999995	1
601	Iter0602	19	0	3	2	16	0	15.0	0.03623188405797114	0.4878557820919999	1
602	Iter0603	23	0	14	4	21	5	8.0	0.03021625357953913	0.37343785020000003	1
603	Iter0604	21	2	3	2	18	1	7.0	0.13504273504273462	0.36834511251560004	1
604	Iter0605	27	1	3	2	23	1	18.0	0.053152492668621584	0.48327344598121014	1
605	Iter0606	30	3	11	2	26	4	1.818181818181818	0.6119216139438729	0.53274597200019	1
606	Iter0607	17	6	7	1	14	1	0.4047619047619048	0.641701795917592	0.39713484080000006	1
607	Iter0608	34	3	10	1	25	6	1.1333333333333333	1.0	0.45428698847999993	1
608	Iter0609	31	3	8	2	25	1	2.583333333333333	0.31674904788914804	0.4872178342981999	1
609	Iter0610	27	2	8	0	23	2	1.0370370370370372	1.0	0.4314181134	1
610	Iter0611	22	1	3	0	17	1	2.875	1.0	0.39844317813187036	1
611	Iter0612	21	0	4	0	16	1	4.4	1.0	0.337050981106	1
612	Iter0613	30	2	10	3	24	0	4.5	0.13588850174215636	0.5607874086303452	1
613	Iter0614	21	2	4	2	15	1	5.25	0.17978190391983706	0.36567247501790207	1
614	Iter0615	32	1	5	2	27	2	12.8	0.07368421052631596	0.6482969412020001	1
615	Iter0616	26	5	2	0	21	1	1.5	1.0	0.5036101834516002	1
616	Iter0617	26	3	4	0	19	1	1.35	1.0	0.40940985637743993	1
617	Iter0618	34	5	1	1	27	0	6.8	0.2743902439024382	0.5023465735859999	1
618	Iter0619	24	0	5	3	21	2	16.666666666666668	0.011290322580645159	0.48857439024399996	1
619	Iter0620	20	3	12	1	19	3	0.5555555555555556	1.0	0.4443062806700001	1
620	Iter0621	24	6	5	1	23	2	0.8	1.0	0.3920916136869999	1
621	Iter0622	22	1	9	5	21	2	12.222222222222221	0.0210983041865402	0.53854488	1
622	Iter0623	21	0	1	1	18	0	22.0	0.0869565217391306	0.292779881	1
623	Iter0624	25	6	5	3	19	0	2.5	0.35475159933364425	0.3828074140513001	1
624	Iter0625	25	2	5	2	22	2	5.0	0.18007158875280324	0.5794922733527311	1
625	Iter0626	31	3	2	3	27	0	15.500000000000002	0.01921122973754607	0.678702212929368	1
626	Iter0627	22	5	5	1	19	1	0.8800000000000001	1.0	0.376316584197	1
627	Iter0628	30	2	1	1	28	0	15.0	0.1711229946524073	0.514278553	1
628	Iter0629	21	2	4	1	18	1	2.625	0.4594017094017076	0.36848557086655	1
629	Iter0630	19	2	2	2	19	1	9.5	0.10632411067193696	0.55011899	1
630	Iter0631	20	6	5	1	17	2	0.6666666666666667	1.0	0.323190087711	1
631	Iter0632	29	3	5	2	24	0	3.866666666666666	0.21304300251668945	0.47153513702400013	1
632	Iter0633	21	7	6	4	20	0	2.0	0.4317539807755957	0.459370786	1
633	Iter0634	22	2	4	4	20	1	11.0	0.022834013100976568	0.37913165502	1
634	Iter0635	24	5	3	0	19	1	1.0416666666666667	1.0	0.36408530947299994	1
635	Iter0636	21	1	6	1	15	3	3.5	0.4310344827586244	0.275576262321819	1
636	Iter0637	27	1	9	1	22	3	3.0	0.4623044096728395	0.6701971390765001	1
637	Iter0638	27	0	3	3	24	0	28.0	0.003665689149560071	0.5059021780000001	1
638	Iter0639	33	2	4	1	29	1	4.125	0.33755060728743386	0.6285926789999999	1
639	Iter0640	22	4	2	1	19	1	2.75	0.4460864805692383	0.4498715626255	1
640	Iter0641	30	3	5	5	26	1	10.0	0.010273858887167545	0.5317282228119999	1
641	Iter0642	27	4	4	5	24	1	8.4375	0.015942100113926858	0.5098843218752501	1
642	Iter0643	27	4	3	2	23	0	4.5	0.1858288770053484	0.52995544221541	1
643	Iter0644	30	4	5	3	29	0	4.5	0.11299113866507905	0.8864567600000001	1
644	Iter0645	24	2	2	1	21	1	6.0	0.2884510125889448	0.58080346392071	1
645	Iter0646	20	6	4	4	13	1	3.333333333333333	0.1948570306876948	0.30683764199999997	1
646	Iter0647	29	3	1	1	22	0	9.666666666666666	0.2245989304812858	0.51164977942456	1
647	Iter0648	27	2	11	5	21	3	6.136363636363637	0.07884288145206746	0.5541973836399999	1
648	Iter0649	24	2	1	0	22	1	4.166666666666667	1.0	0.49795894135999996	1
649	Iter0650	18	2	8	1	15	3	1.125	1.0	0.36544011697000006	1
650	Iter0651	23	7	4	2	19	0	1.6428571428571428	0.6269776238941229	0.4501968575615096	1
651	Iter0652	25	6	7	0	19	3	0.4642857142857143	0.5691726063243066	0.36579779991669986	1
652	Iter0653	24	1	5	4	20	0	19.2	0.011773331033293156	0.468657204612	1
653	Iter0654	29	5	3	1	25	0	1.9333333333333331	0.5128361444150888	0.49380089237000013	1
654	Iter0655	23	1	3	0	18	1	3.0	1.0	0.3098740757729395	1
655	Iter0656	22	1	4	2	18	1	11.0	0.09989053092501383	0.387670219121971	1
656	Iter0657	19	3	3	2	15	1	4.222222222222221	0.2207481729220883	0.40366650151	1
657	Iter0658	21	4	0	3	17	0	17.6	0.010683760683760576	0.39204671747776204	1
658	Iter0659	24	1	7	1	19	1	3.4285714285714284	0.4318181818181745	0.32542643419999995	1
659	Iter0660	20	3	8	2	15	2	1.6666666666666667	0.6269002595476496	0.24900347025	1
660	Iter0661	21	2	8	1	18	1	1.3125	1.0	0.35550359919999996	1
661	Iter0662	29	5	3	1	23	0	1.9333333333333331	0.5128361444150888	0.5628549656551999	1
662	Iter0663	23	0	2	0	21	2	8.0	1.0	0.3626377289999999	1
663	Iter0664	25	3	3	1	20	0	2.7777777777777786	0.4306173526140246	0.4599643361200001	1
664	Iter0665	23	2	5	2	17	0	4.6	0.2005005561735295	0.4138177620999998	1
665	Iter0666	31	0	4	0	28	1	6.4	1.0	0.8088235991	1
666	Iter0667	27	1	4	3	24	1	20.25	0.01938502673796837	0.4926734750000001	1
667	Iter0668	18	0	7	0	15	0	2.375	1.0	0.37558462923219993	1
668	Iter0669	23	2	13	1	19	4	0.8846153846153846	1.0	0.3272145208911436	1
669	Iter0670	25	4	9	2	22	1	1.3888888888888888	1.0	0.43907255581500004	1
670	Iter0671	23	3	2	1	20	1	3.8333333333333335	0.3705528188286825	0.3459715387973762	1
671	Iter0672	25	3	1	2	24	0	16.666666666666668	0.06006674082313807	0.5640380039000001	1
672	Iter0673	29	7	9	2	22	1	0.9206349206349208	1.0	0.52741869220094	1
673	Iter0674	33	6	4	0	27	3	0.9714285714285712	1.0	0.5737735720000001	1
674	Iter0675	26	5	6	0	22	1	0.6428571428571429	0.5668930963048708	0.408913205446	1
675	Iter0676	28	2	2	4	25	0	28.0	0.0034428727502730863	0.45140203419999997	1
676	Iter0677	20	1	7	3	14	1	8.571428571428571	0.08676307007786407	0.25497432277699994	1
677	Iter0678	35	3	3	0	26	0	2.25	1.0	0.49426067105610005	1
678	Iter0679	23	3	4	2	19	2	3.8333333333333335	0.22791196567615055	0.42560768377009994	1
679	Iter0680	24	1	7	2	21	0	6.857142857142858	0.16443850267379864	0.36945641481	1
680	Iter0681	31	5	5	1	27	1	1.24	1.0	0.4942244417	1
681	Iter0682	32	1	3	7	31	1	74.66666666666667	2.761906813015907e-05	0.8224274888389003	1
682	Iter0683	20	4	6	2	16	1	1.6666666666666667	0.6247682610307774	0.2671256779999999	1
683	Iter0684	20	5	6	1	19	0	0.6666666666666666	1.0	0.41460544000000005	1
684	Iter0685	22	3	10	2	17	6	1.4666666666666666	1.0	0.37551986347806804	1
685	Iter0686	20	5	5	1	16	0	0.8	1.0	0.27275103348	1
686	Iter0687	25	1	5	2	21	0	10.0	0.10648826979471944	0.47919842776000005	1
687	Iter0688	24	3	7	3	19	3	3.4285714285714284	0.3130329527388413	0.5142173991093	1
688	Iter0689	28	1	4	1	25	2	7.0	0.27629233511586315	0.544448328414	1
689	Iter0690	27	0	2	1	24	1	18.666666666666668	0.09999999999999952	0.6724872402	1
690	Iter0691	28	1	5	3	26	0	16.8	0.025649178590355846	0.45503325262000005	1
691	Iter0692	27	2	12	1	23	5	1.125	1.0	0.6078195803	1
692	Iter0693	29	2	2	1	25	1	7.25	0.2488302139037453	0.6028135801478	1
693	Iter0694	34	5	5	4	29	0	5.44	0.049909594299859014	0.710761226728	1
694	Iter0695	24	3	5	0	18	2	1.0416666666666667	1.0	0.26640876663290003	1
695	Iter0696	26	6	4	0	25	0	0.7714285714285715	1.0	0.37071501694	1
696	Iter0697	22	1	8	2	18	6	5.5	0.21169354838709384	0.31414639752651	1
697	Iter0698	25	1	7	3	20	2	10.714285714285714	0.05653170359052686	0.4143801184465401	1
698	Iter0699	26	4	5	4	20	3	5.2	0.06505161226523548	0.42075665660000006	1
699	Iter0700	16	2	7	2	16	2	2.2857142857142856	0.5815384615384667	0.42296540000000005	1
700	Iter0701	20	2	4	2	19	1	5.0	0.19145299145299136	0.30339688991138397	1
701	Iter0702	25	2	5	0	19	1	1.4444444444444444	1.0	0.4189779748348052	1
702	Iter0703	28	1	2	0	25	0	4.833333333333333	1.0	0.5681121334510001	1
703	Iter0704	36	2	4	1	27	1	4.5	0.31642492504659003	0.556913783367	1
704	Iter0705	25	4	2	2	19	0	6.25	0.14222873900293004	0.4307166129999999	1
705	Iter0706	21	2	3	0	17	0	1.8333333333333333	1.0	0.45666175974999995	1
706	Iter0707	29	3	9	0	23	2	0.75	1.0	0.4207318942453564	1
707	Iter0708	24	3	10	0	15	5	0.5681818181818182	0.5482625482625532	0.21656888709999997	1
708	Iter0709	25	6	1	4	21	0	16.666666666666668	0.015151515151515069	0.5123097137253001	1
709	Iter0710	22	5	7	3	17	0	1.8857142857142857	0.6549823067849749	0.33509604399993004	1
710	Iter0711	33	3	9	2	26	3	2.4444444444444446	0.5775875051093764	0.5732559758242	1
711	Iter0712	25	4	4	2	21	0	3.125	0.2683715715025005	0.521591417	1
712	Iter0713	17	3	2	0	15	1	1.5	1.0	0.3991902560112	1
713	Iter0714	25	2	11	1	21	4	1.1363636363636365	1.0	0.48088881751100004	1
714	Iter0715	23	3	2	4	18	1	15.333333333333336	0.012174020516623536	0.3594767274551	1
715	Iter0716	24	5	8	2	21	0	1.2	1.0	0.46038498150999996	1
716	Iter0717	17	2	9	7	14	4	6.611111111111112	0.04976669604033411	0.336885729	1
717	Iter0718	32	8	3	5	25	2	6.666666666666668	0.025190956253085626	0.5790912606570501	1
718	Iter0719	25	0	4	1	20	0	10.4	0.16666666666666674	0.318576953836	1
719	Iter0720	22	3	5	0	16	0	0.9583333333333334	1.0	0.295452371207	1
720	Iter0721	32	1	3	7	25	1	74.66666666666667	2.761906813015907e-05	0.6625682816599999	1
721	Iter0722	17	2	5	2	15	1	3.4	0.2870234113712389	0.404715457908	1
722	Iter0723	24	3	5	2	20	1	3.2	0.2683715715025004	0.35550565300000003	1
723	Iter0724	21	2	2	1	19	1	5.25	0.3188461538461547	0.39560147	1
724	Iter0725	15	6	9	2	14	4	0.5555555555555556	0.6807863438008102	0.34693202737142	1
725	Iter0726	29	1	4	2	26	1	14.5	0.0658263305322139	0.6739815543132538	1
726	Iter0727	30	4	7	4	26	0	4.285714285714286	0.08507994975439298	0.47653321759999995	1
727	Iter0728	25	3	10	2	21	4	1.6666666666666667	0.6266002844950234	0.5135688734400001	1
728	Iter0729	29	3	0	1	24	0	15.0	0.12121212121211912	0.5622095382855803	1
729	Iter0730	34	3	6	2	27	1	3.7777777777777786	0.2107633338489738	0.5939084255285951	1
730	Iter0731	26	2	9	4	23	2	5.777777777777778	0.06850431946709297	0.5137643595873	1
731	Iter0732	36	3	2	2	33	1	12.0	0.060084271939064175	0.8502217186000002	1
732	Iter0733	25	2	6	0	22	2	1.2380952380952381	1.0	0.49752062575905	1
733	Iter0734	25	2	7	0	24	0	1.0833333333333333	1.0	0.6050007061799999	1
734	Iter0735	21	2	5	0	16	0	1.2222222222222219	1.0	0.4761820010688	1
735	Iter0736	40	1	3	3	33	1	40.0	0.004681411711938906	0.7220761014000001	1
736	Iter0737	28	4	3	1	23	1	2.333333333333333	0.4658348187759917	0.4885203988	1
737	Iter0738	30	3	4	1	23	2	2.5	0.4456411298516635	0.4583335547798123	1
738	Iter0739	21	3	4	1	18	0	1.75	0.5526083112290037	0.4270741638400001	1
739	Iter0740	18	5	6	1	14	0	0.6	1.0	0.290821072865668	1
740	Iter0741	25	3	5	1	19	3	1.6666666666666667	0.5585000862515209	0.32197525979080005	1
741	Iter0742	16	0	4	7	13	0	27.2	0.00037160906726124314	0.237178965696	1
742	Iter0743	26	3	4	2	22	0	4.333333333333333	0.19520872865275293	0.48895693199999996	1
743	Iter0744	29	1	9	2	26	4	6.4444444444444455	0.17026266416510433	0.4873313539900001	1
744	Iter0745	22	3	5	1	17	2	1.4666666666666666	1.0	0.40080137316551	1
745	Iter0746	15	4	9	2	12	2	0.8333333333333334	1.0	0.23710683802149998	1
746	Iter0747	23	2	4	2	19	0	5.75	0.15938344191959206	0.458896226015	1
747	Iter0748	25	0	2	3	23	0	34.666666666666664	0.002463054187192125	0.5672492790000001	1
748	Iter0749	21	5	3	2	12	1	2.8000000000000003	0.5622296378692421	0.2433149198822	1
749	Iter0750	21	5	4	1	19	0	1.05	1.0	0.450604905	1
750	Iter0751	26	4	5	5	24	2	6.5	0.02857026038140557	0.5629845247999999	1
751	Iter0752	31	1	3	0	27	1	4.0	1.0	0.5713746755999999	1
752	Iter0753	17	1	8	4	15	1	8.5	0.12820512820512786	0.27749746	1
753	Iter0754	24	2	8	1	17	3	1.5	1.0	0.27154539685999995	1
754	Iter0755	26	4	7	1	17	3	0.9285714285714286	1.0	0.33322421328546503	1
755	Iter0756	24	4	4	0	15	1	1.0	1.0	0.30021198117414605	1
756	Iter0757	32	2	8	2	27	3	4.0	0.2175674580666072	0.6293327936909001	1
757	Iter0758	34	3	3	2	29	0	7.555555555555557	0.0993877752542691	0.6457141008080001	1
758	Iter0759	28	6	12	2	25	4	0.7777777777777778	1.0	0.37193108210000014	1
759	Iter0760	21	2	9	1	18	4	1.1666666666666667	1.0	0.41311650839599995	1
760	Iter0761	45	2	3	0	35	1	3.8333333333333335	1.0	0.7393665178613229	1
761	Iter0762	27	1	3	5	22	0	45.0	0.0008193893393134483	0.5739943620000001	1
762	Iter0763	30	4	5	3	22	1	4.5	0.11299113866507905	0.6578440131947617	1
763	Iter0764	29	3	7	1	27	0	1.380952380952381	1.0	0.6409627676457301	1
764	Iter0765	33	5	5	5	28	0	6.6	0.021868381424038283	0.6037235464763999	1
765	Iter0766	30	7	10	2	27	3	0.8571428571428571	1.0	0.5774013767969999	1
766	Iter0767	28	7	5	8	25	1	6.4	0.012037368381635764	0.48070546720000007	1
767	Iter0768	28	5	5	5	22	0	5.6	0.03602953621480344	0.4208040405499653	1
768	Iter0769	27	4	7	1	21	3	0.9642857142857144	1.0	0.408793776400014	1
769	Iter0770	23	2	2	0	22	0	2.6666666666666665	1.0	0.49970495960000005	1
770	Iter0771	22	2	5	1	19	1	2.2	0.5014778325123121	0.5062764789	1
771	Iter0772	24	2	5	1	20	0	2.4	0.4758064516129016	0.46689456153400005	1
772	Iter0773	26	2	8	4	22	2	6.5	0.05476529160739669	0.35163569930789007	1
773	Iter0774	25	3	3	3	22	1	8.333333333333334	0.053058805684273416	0.5172408531129957	1
774	Iter0775	28	2	6	2	25	1	4.666666666666667	0.18871503082029065	0.49345951890000006	1
775	Iter0776	24	3	4	3	24	0	6.0	0.08568195202036842	0.45625215999999996	1
776	Iter0777	18	1	6	0	18	1	1.3571428571428572	1.0	0.52421204	1
777	Iter0778	32	5	3	1	26	2	2.1333333333333333	0.4829663276389738	0.6991672597188512	1
778	Iter0779	25	5	10	1	22	3	0.5	1.0	0.461965037097793	1
779	Iter0780	30	1	6	0	25	1	2.2142857142857144	1.0	0.5232278531145779	1
780	Iter0781	18	4	5	1	15	2	0.9	1.0	0.3157505527	1
781	Iter0782	32	1	8	2	26	0	8.0	0.13005429057612944	0.41412933114	1
782	Iter0783	33	3	2	1	25	0	5.5	0.2838384943648071	0.6717900739999999	1
783	Iter0784	25	5	2	1	20	0	2.5	0.4638929618768232	0.40686371112535796	1
784	Iter0785	24	6	7	0	19	1	0.44642857142857145	0.5709098135568857	0.41656983540000014	1
785	Iter0786	26	2	6	1	21	0	2.1666666666666665	0.4994652406417148	0.48753006699999996	1
786	Iter0787	31	3	6	0	26	0	1.1428571428571428	1.0	0.5166936102	1
787	Iter0788	23	5	2	1	20	1	2.3	0.488320355951057	0.40355215014	1
788	Iter0789	31	6	4	2	27	1	2.583333333333333	0.30775890378241605	0.6359643148069751	1
789	Iter0790	31	1	12	1	27	6	2.583333333333333	0.4989898989898876	0.5372741620100001	1
790	Iter0791	31	0	5	2	25	0	16.0	0.029871977240398626	0.562637537440146	1
791	Iter0792	24	4	7	3	20	2	2.5714285714285707	0.35104327519188394	0.533536043240014	1
792	Iter0793	21	1	3	3	19	1	21.0	0.02222222222222224	0.3767623732	1
793	Iter0794	18	5	1	0	16	0	1.5833333333333333	1.0	0.37134650476000003	1
794	Iter0795	27	1	2	2	23	0	27.0	0.03467741935483911	0.44294972271999994	1
795	Iter0796	27	2	6	4	23	1	9.0	0.028436629055824787	0.4183032815399838	1
796	Iter0797	35	5	4	1	28	1	1.75	0.528747486206346	0.48891153159287004	1
797	Iter0798	26	2	5	4	22	0	10.4	0.022040757334875868	0.467526588432	1
798	Iter0799	24	1	4	4	18	2	24.0	0.007609465062190341	0.3720998087054051	1
799	Iter0800	26	2	6	1	22	1	2.1666666666666665	0.4994652406417148	0.31920967999999994	1
800	Iter0801	19	0	9	6	17	4	14.0	0.003721455211673179	0.31793405236	1
801	Iter0802	20	3	5	1	17	2	1.3333333333333337	1.0	0.34189485833999994	1
802	Iter0803	30	5	4	1	24	2	1.5	1.0	0.5770077150393	1
803	Iter0804	21	1	5	2	18	0	8.4	0.1360153256704995	0.42069385109999996	1
804	Iter0805	17	1	7	3	14	4	7.2857142857142865	0.11575091575091505	0.32017990989999995	1
805	Iter0806	26	4	3	1	21	1	2.1666666666666665	0.4878601000517533	0.46342919163000007	1
806	Iter0807	26	2	11	3	24	1	3.5454545454545454	0.3125802310654689	0.6179553530000002	1
807	Iter0808	17	3	4	1	14	1	1.4166666666666667	1.0	0.36831701955	1
808	Iter0809	15	2	11	4	13	7	2.727272727272727	0.3828018786305799	0.3002716818	1
809	Iter0810	23	4	7	3	20	1	2.4642857142857135	0.3596262512296702	0.39761106669999996	1
810	Iter0811	27	1	6	2	21	1	9.0	0.11764705882353213	0.543829042607	1
811	Iter0812	24	3	4	4	21	1	8.0	0.03348491788261505	0.42283325408651	1
812	Iter0813	23	3	4	3	21	3	5.750000000000001	0.09293154009505382	0.50154019617	1
813	Iter0814	21	2	5	0	20	1	1.2222222222222219	1.0	0.43493235189999985	1
814	Iter0815	25	2	5	1	20	1	2.5	0.4638929618768232	0.5093627962	1
815	Iter0816	27	1	7	1	24	1	3.8571428571428568	0.4000000000000029	0.4887933199999999	1
816	Iter0817	24	1	4	4	20	1	24.0	0.007609465062190341	0.51574052388	1
817	Iter0818	27	3	6	5	23	2	7.5	0.02183980459295792	0.5312249480618999	1
818	Iter0819	28	6	3	0	24	1	1.0357142857142858	1.0	0.4793270784000001	1
819	Iter0820	29	4	7	1	22	3	1.0357142857142858	1.0	0.4782124401	1
820	Iter0821	28	4	14	3	23	7	1.5	0.6811763701164063	0.5801272982699999	1
821	Iter0822	30	3	7	3	23	1	4.285714285714286	0.12697971640563466	0.415472274	1
822	Iter0823	22	3	6	1	19	0	1.2222222222222219	1.0	0.3380044433	1
823	Iter0824	31	2	4	1	30	0	3.875	0.3532479848269345	0.5827354425000001	1
824	Iter0825	31	7	3	0	24	0	1.0	1.0	0.5125237354999999	1
825	Iter0826	20	4	6	3	16	2	2.5	0.35826844642194394	0.3564370430999976	1
826	Iter0827	21	0	8	1	20	2	4.888888888888889	0.2999999999999979	0.5019821927	1
827	Iter0828	22	3	6	3	21	3	3.6666666666666665	0.3058463652424335	0.44838645	1
828	Iter0829	30	2	5	1	24	1	3.0	0.4120436225699319	0.45231810299993636	1
829	Iter0830	27	3	3	2	23	2	6.0	0.13892961876833104	0.5660659004299999	1
830	Iter0831	31	2	4	1	28	0	3.875	0.3532479848269345	0.7222756599645997	1
831	Iter0832	27	3	4	0	23	2	1.4	1.0	0.5375029078299054	1
832	Iter0833	22	1	7	4	22	0	12.571428571428573	0.02893738140417495	0.50452244	1
833	Iter0834	25	4	12	1	22	3	0.5208333333333334	1.0	0.5438134625000001	1
834	Iter0835	22	3	6	1	20	2	1.2222222222222219	1.0	0.33859340999	1
835	Iter0836	24	3	11	2	16	7	1.4545454545454546	1.0	0.3610181482969999	1
836	Iter0837	22	4	4	1	19	1	1.375	1.0	0.489102423	1
837	Iter0838	35	5	6	1	34	0	1.1666666666666667	1.0	0.7733746599999999	1
838	Iter0839	21	1	2	3	20	1	31.5	0.01282051282051302	0.48580143999999986	1
839	Iter0840	30	4	11	1	24	1	0.6818181818181818	1.0	0.5571423471550799	1
840	Iter0841	29	1	5	1	24	1	5.8	0.3095238095238073	0.634339677995899	1
841	Iter0842	26	4	4	1	23	0	1.625	0.5610229429015064	0.533400914852886	1
842	Iter0843	23	6	5	2	18	2	1.5333333333333334	0.6389511816456769	0.4321754687	1
843	Iter0844	34	3	2	2	28	0	11.333333333333336	0.06581416016589314	0.7339545062800001	1
844	Iter0845	22	3	3	1	19	1	2.4444444444444438	0.4673908467011923	0.434049164528	1
845	Iter0846	25	1	4	1	21	1	6.25	0.30107526881720265	0.5279451854999999	1
846	Iter0847	31	1	3	1	25	1	10.333333333333334	0.21269841269841053	0.5880388758999999	1
847	Iter0848	33	2	5	3	30	1	9.9	0.03721802870980307	0.6267484465609998	1
848	Iter0849	23	3	5	1	19	2	1.5333333333333334	1.0	0.3050013592037	1
849	Iter0850	21	6	9	8	17	5	3.111111111111111	0.106680584870254	0.31925675446099994	1
850	Iter0851	23	6	3	1	19	3	1.2777777777777781	1.0	0.4579873240000001	1
851	Iter0852	17	7	5	1	14	3	0.4857142857142857	1.0	0.3410594569605	1
852	Iter0853	26	1	3	2	21	0	17.333333333333332	0.05645161290322565	0.4390819632999999	1
853	Iter0854	22	2	8	0	19	1	0.8518518518518519	1.0	0.35202621614275	1
854	Iter0855	21	3	3	0	21	0	1.375	1.0	0.49454853	1
855	Iter0856	19	5	6	2	18	2	1.2666666666666666	1.0	0.4136581192	1
856	Iter0857	25	3	5	1	22	2	1.6666666666666667	0.5585000862515209	0.6695475305	1
857	Iter0858	23	3	4	5	19	0	9.583333333333334	0.01511929476007221	0.39310745717791	1
858	Iter0859	15	2	7	4	14	0	4.285714285714286	0.1740510697032429	0.22710155060700002	1
859	Iter0860	26	1	7	1	21	2	3.7142857142857135	0.4100840336134563	0.5406054091836772	1
860	Iter0861	33	5	8	2	26	1	1.65	0.6250555758736087	0.5727348910000001	1
861	Iter0862	25	3	4	4	22	0	8.333333333333334	0.03010177678109345	0.43845091	1
862	Iter0863	22	3	7	4	18	1	4.190476190476192	0.1665348935273015	0.2924397426759999	1
863	Iter0864	16	1	5	2	15	3	6.4	0.19367588932806354	0.22447337378	1
864	Iter0865	19	4	5	3	17	1	2.85	0.33458904956124225	0.35010124699999995	1
865	Iter0866	26	4	8	4	23	3	3.25	0.19537472554160715	0.386726565486	1
866	Iter0867	32	4	6	3	26	1	4.0	0.13067760373488824	0.5630557641917651	1
867	Iter0868	19	3	5	5	15	1	6.333333333333332	0.07216422805966828	0.38798358047631987	1
868	Iter0869	22	3	9	2	18	1	1.6296296296296295	0.6308940242763774	0.33650515652699997	1
869	Iter0870	26	1	1	2	22	1	52.0	0.020197044334975142	0.496162766224369	1
870	Iter0871	23	1	5	0	20	0	2.0	1.0	0.37164703587732006	1
871	Iter0872	25	3	2	2	22	0	8.333333333333334	0.10525583982202663	0.41752084380000004	1
872	Iter0873	22	2	6	6	21	4	11.0	0.00907217169403911	0.4670401226630001	1
873	Iter0874	26	2	1	4	23	0	52.0	0.001731722115481835	0.46921493489999994	1
874	Iter0875	15	9	5	2	13	1	0.6666666666666667	1.0	0.24288432989999995	1
875	Iter0876	26	4	4	1	22	0	1.625	0.5610229429015064	0.5065056566999973	1
876	Iter0877	26	3	4	3	23	1	6.5	0.07327065723650092	0.42556206623540005	1
877	Iter0878	29	2	2	2	24	1	14.5	0.05567226890756393	0.49245582051829	1
878	Iter0879	28	2	4	3	27	2	10.5	0.03738497856144955	0.5451473437487	1
879	Iter0880	31	4	3	1	25	0	2.583333333333333	0.4361649098491196	0.44246287496136	1
880	Iter0881	25	3	4	1	20	2	2.083333333333333	0.4996334310850373	0.4249404983800001	1
881	Iter0882	18	6	9	0	14	1	0.27142857142857146	0.15572858731924247	0.31014101116399995	1
882	Iter0883	25	3	6	1	22	1	1.3888888888888893	1.0	0.480392054692	1
883	Iter0884	27	4	5	2	24	1	2.7	0.3024699340488827	0.55837851598	1
884	Iter0885	31	6	6	2	27	1	1.7222222222222223	0.6178958238127221	0.5252227436967001	1
885	Iter0886	28	0	5	1	24	0	9.666666666666666	0.17647058823529824	0.59878060212	1
886	Iter0887	20	5	6	4	19	2	2.6666666666666665	0.3926491620007321	0.30670352781599997	1
887	Iter0888	29	7	6	1	26	0	0.6904761904761906	1.0	0.7144048207100001	1
888	Iter0889	20	4	6	2	18	2	1.6666666666666667	0.6247682610307774	0.37847194069999995	1
889	Iter0890	24	3	13	4	21	3	2.4615384615384617	0.4020631426966243	0.5534171570901136	1
890	Iter0891	22	5	5	1	18	0	0.8800000000000001	1.0	0.3773035191206999	1
891	Iter0892	25	2	3	4	24	1	16.666666666666668	0.00956127723614492	0.58927095	1
892	Iter0893	25	5	6	1	18	3	0.8333333333333334	1.0	0.42352900592752146	1
893	Iter0894	31	2	3	2	24	0	10.333333333333334	0.07606854975276134	0.37831265264299996	1
894	Iter0895	25	3	4	2	22	0	4.166666666666667	0.2053001552527192	0.51100132465	1
895	Iter0896	25	1	4	3	20	2	18.75	0.023093841642228462	0.3891004642020394	1
896	Iter0897	24	3	6	1	22	3	1.3333333333333333	1.0	0.39333511400000004	1
897	Iter0898	20	2	3	1	17	0	3.333333333333333	0.4076923076923111	0.39299399789031	1
898	Iter0899	25	4	3	2	20	0	4.166666666666667	0.2053001552527192	0.3417869267342952	1
899	Iter0900	26	2	2	2	21	1	13.0	0.06621245828698692	0.5703123920500001	1
900	Iter0901	22	4	2	2	19	0	5.5	0.1691297208538582	0.42775926510599993	1
901	Iter0902	16	5	9	4	15	0	1.4222222222222225	0.7041156840934446	0.261405223	1
902	Iter0903	40	4	2	1	34	0	5.0	0.2920135676842325	0.812473892367865	1
903	Iter0904	26	0	3	1	19	0	13.5	0.13333333333333353	0.4517276303203999	1
904	Iter0905	27	2	3	2	23	1	9.0	0.09390633086079096	0.4594989308600449	1
905	Iter0906	36	6	5	1	28	0	1.2	1.0	0.6350878449297999	1
906	Iter0907	22	3	6	0	20	3	0.8214285714285714	1.0	0.4628659809932001	1
907	Iter0908	20	2	8	4	16	2	5.0	0.15414185696525845	0.354697826303	1
908	Iter0909	21	3	10	2	18	3	1.4	1.0	0.4210281493	1
909	Iter0910	22	4	9	0	21	0	0.46	0.5530939648586757	0.5334547617	1
910	Iter0911	20	2	6	0	19	1	1.0	1.0	0.32739671831701994	1
911	Iter0912	24	3	5	0	19	1	1.0416666666666667	1.0	0.41557115575	1
912	Iter0913	14	2	4	2	12	0	3.5	0.2918660287081352	0.21181479244999998	1
913	Iter0914	29	4	6	2	21	2	2.4166666666666665	0.5777303915943303	0.42518860914520007	1
914	Iter0915	30	3	4	1	23	1	2.5	0.4456411298516635	0.525461539668664	1
915	Iter0916	27	1	6	0	24	2	2.0	1.0	0.5369262069999999	1
916	Iter0917	18	2	4	1	16	0	2.25	0.5043478260869565	0.42187326121499996	1
917	Iter0918	28	2	7	5	24	1	10.0	0.013827098551103494	0.5183515657000001	1
918	Iter0919	29	8	9	2	26	1	0.8055555555555556	1.0	0.55964267433	1
919	Iter0920	27	5	5	2	23	0	2.16	0.587584033404465	0.456425128008	1
920	Iter0921	24	4	9	1	19	1	0.6666666666666666	1.0	0.3230062743831	1
921	Iter0922	23	2	4	3	20	1	8.625	0.05659065628476074	0.34360423688999997	1
922	Iter0923	27	2	5	3	23	0	8.1	0.05694464517994055	0.4921890421	1
923	Iter0924	32	2	5	2	28	1	6.4	0.1284289523057155	0.7221195790009998	1
924	Iter0925	20	4	5	1	17	2	1.0	1.0	0.44226579499999996	1
925	Iter0926	31	2	6	2	24	1	5.166666666666667	0.1649254468253184	0.5097948357000001	1
926	Iter0927	26	2	5	1	24	3	2.6	0.4525401069518773	0.6136549394999999	1
927	Iter0928	27	3	6	1	23	3	1.5	1.0	0.49505462451079996	1
928	Iter0929	24	5	3	1	20	1	1.6	1.0	0.48296275795899996	1
929	Iter0930	26	2	3	1	20	0	4.333333333333333	0.3395161290322606	0.33771164819383	1
930	Iter0931	23	2	4	2	21	0	5.75	0.15938344191959206	0.43324020708	1
931	Iter0932	26	6	8	0	25	1	0.4285714285714286	0.3179706021811249	0.5162189249999999	1
932	Iter0933	22	4	7	3	19	2	2.357142857142857	0.3695973012861021	0.46222243691120585	1
933	Iter0934	40	4	7	5	32	2	7.142857142857142	0.015908656641175876	0.7411562396899999	1
934	Iter0935	32	6	3	2	27	0	3.555555555555556	0.2275986445016482	0.6918286127000002	1
935	Iter0936	19	2	3	4	17	0	12.666666666666664	0.020698625046450963	0.33205408	1
936	Iter0937	34	0	4	2	27	1	21.0	0.019230769230769305	0.5357112867189001	1
937	Iter0938	27	2	7	1	23	2	1.9285714285714288	0.5297297297297378	0.50716556192	1
938	Iter0939	24	4	3	3	20	0	6.0	0.0856819520203683	0.47073402329999986	1
939	Iter0940	31	3	8	1	28	0	1.2916666666666667	1.0	0.556068018529846	1
940	Iter0941	27	3	5	1	23	2	1.8	0.5347593582887668	0.4072096187709999	1
941	Iter0942	23	2	8	2	22	8	2.875	0.5607333842628001	0.49533781710000013	1
942	Iter0943	23	3	2	3	20	0	11.500000000000002	0.03755495524127318	0.4068712438	1
943	Iter0944	27	2	7	3	23	6	5.7857142857142865	0.09563409563409644	0.5211610357001001	1
944	Iter0945	18	4	17	1	17	7	0.2647058823529412	0.3554546449283281	0.479628957	1
945	Iter0946	30	1	2	0	24	0	5.166666666666667	1.0	0.4657894783447	1
946	Iter0947	26	4	5	1	21	0	1.3	1.0	0.44325201126600006	1
947	Iter0948	23	5	2	0	20	1	1.3333333333333333	1.0	0.422351375	1
948	Iter0949	28	5	4	2	23	0	2.8	0.2901956493287787	0.6944939447719	1
949	Iter0950	26	1	4	1	21	0	6.5	0.2923387096774195	0.54213556113	1
950	Iter0951	15	2	10	0	13	3	0.4848484848484848	0.5156695156695197	0.246772328	1
951	Iter0952	20	4	2	1	17	0	2.5	0.4735042735042756	0.366292670993	1
952	Iter0953	28	3	4	3	21	0	7.000000000000001	0.06312138200683033	0.439581240603	1
953	Iter0954	18	7	2	2	17	0	2.571428571428572	0.5680181887078466	0.4280376249999999	1
954	Iter0955	24	3	4	0	19	0	1.25	1.0	0.3563355284	1
955	Iter0956	28	2	2	1	23	1	7.0	0.2558651026392876	0.4640432383180001	1
956	Iter0957	23	2	8	1	19	4	1.4375	1.0	0.44042842754000006	1
957	Iter0958	22	3	4	4	18	1	7.333333333333332	0.04178511102871454	0.49679190114387267	1
958	Iter0959	30	7	5	2	27	0	1.7142857142857142	0.61878331239765	0.7347925871600001	1
959	Iter0960	25	6	6	2	19	1	1.3888888888888893	0.6580734970827906	0.35024123230000004	1
960	Iter0961	24	3	3	0	21	1	1.5625	1.0	0.45559205584947	1
961	Iter0962	28	7	4	1	22	0	1.0	1.0	0.4848231951100001	1
962	Iter0963	21	3	1	5	17	1	35.0	0.002122015915119366	0.4236906990479999	1
963	Iter0964	28	0	3	2	24	1	21.75	0.01893939393939376	0.553522040187359	1
964	Iter0965	25	2	3	2	22	0	8.333333333333334	0.10525583982202526	0.581644118	1
965	Iter0966	25	5	6	2	21	1	1.6666666666666667	0.6236050996112862	0.5238600956	1
966	Iter0967	25	3	5	2	22	0	3.333333333333333	0.2557572882525495	0.537913827	1
967	Iter0968	20	1	8	3	17	0	7.5	0.10553392658509647	0.37153967144	1
968	Iter0969	31	2	4	3	28	0	11.625	0.029871977240398563	0.5862362699888871	1
969	Iter0970	26	5	4	3	23	1	3.9	0.14612128311818612	0.4107369195999999	1
970	Iter0971	26	5	7	1	24	5	0.7428571428571429	1.0	0.5725676336710002	1
971	Iter0972	29	1	6	1	27	2	4.833333333333333	0.3468468468468517	0.448072984407	1
972	Iter0973	21	4	3	4	16	1	7.0	0.04688732970156773	0.43956513007303094	1
973	Iter0974	15	1	5	4	13	2	12.0	0.040316205533596855	0.23953669399999997	1
974	Iter0975	19	3	12	3	16	7	1.5833333333333333	0.669614467408605	0.27081746928098005	1
975	Iter0976	31	5	6	0	24	3	0.7619047619047619	1.0	0.6403519076489999	1
976	Iter0977	27	2	6	0	20	1	1.3333333333333337	1.0	0.41765512683620193	1
977	Iter0978	25	2	6	0	22	1	1.2380952380952381	1.0	0.36402661960194005	1
978	Iter0979	25	4	8	3	21	0	2.34375	0.36939377457953626	0.4288245479000001	1
979	Iter0980	35	3	6	1	30	0	1.9444444444444444	0.504580690627185	0.6939006678539997	1
980	Iter0981	31	5	4	2	27	1	3.1	0.25738793004518296	0.5860151712653601	1
981	Iter0982	27	3	2	2	24	0	9.0	0.09390633086079096	0.5279544420694	1
982	Iter0983	21	6	4	0	18	2	0.6285714285714286	0.5614174479580452	0.36673624471	1
983	Iter0984	31	2	1	0	23	0	5.333333333333333	1.0	0.50580222956056	1
984	Iter0985	31	1	4	3	26	0	23.25	0.014042382463435027	0.5191687102236	1
985	Iter0986	30	4	4	4	25	1	7.5	0.03047868644787778	0.68078508533	1
986	Iter0987	27	4	8	3	23	1	2.53125	0.3533996621288014	0.5159483721000001	1
987	Iter0988	18	1	6	0	16	2	1.3571428571428572	1.0	0.27857352180000006	1
988	Iter0989	25	0	5	1	23	1	8.666666666666666	0.1935483870967736	0.5159835899732016	1
989	Iter0990	23	4	8	2	18	4	1.4375	0.6527419321537101	0.4523698663000001	1
990	Iter0991	27	4	7	4	24	3	3.8571428571428568	0.17431210499246474	0.5417389129000001	1
991	Iter0992	35	2	1	3	26	0	52.5	0.0036042263256640798	0.5917403909499999	1
992	Iter0993	33	4	6	5	29	2	6.875	0.02046886535491782	0.655121721368	1
993	Iter0994	22	1	2	4	22	2	44.0	0.0029556650246305434	0.5406864499999999	1
994	Iter0995	25	4	8	1	21	4	0.78125	1.0	0.6374983908	1
995	Iter0996	25	2	6	4	18	1	8.333333333333334	0.034723225899697424	0.31004128791680996	1
996	Iter0997	25	4	4	1	21	1	1.5625	1.0	0.4621728010379001	1
997	Iter0998	34	3	10	4	27	3	4.533333333333333	0.07968591691995681	0.68694194047387	1
998	Iter0999	25	2	5	1	22	1	2.5	0.4638929618768232	0.5754374055009001	1
999	Iter1000	27	0	6	3	23	1	16.0	0.011764705882353043	0.557932912	1
