	IterId	dN	dS	pN	pS	bdN	bpN	MkScore	FSPVal	SelCoef	PosSel
0	Iter0001	26	4	0	0	21	0	5.4	1.0	0.30462282809169994	1
1	Iter0002	28	4	1	0	25	0	2.9	1.0	0.4317005019252099	1
2	Iter0003	25	0	1	0	20	0	13.0	1.0	0.4531616669999999	1
3	Iter0004	26	3	3	1	20	2	2.888888888888889	0.419574780058642	0.33954351912266995	1
4	Iter0005	20	5	0	0	18	0	3.5	1.0	0.48210741700000004	1
5	Iter0006	37	7	3	1	30	1	1.761904761904762	0.5303217185733495	0.6337253793400002	1
6	Iter0007	26	2	4	0	23	2	1.8	1.0	0.527932709257	1
7	Iter0008	18	3	1	0	16	0	2.375	1.0	0.3353598906	1
8	Iter0009	30	7	2	0	26	0	1.2916666666666667	1.0	0.576253297274	1
9	Iter0010	21	3	0	0	16	0	5.5	1.0	0.3576407747999999	1
10	Iter0011	25	4	1	0	24	1	2.6	1.0	0.5306643418	1
11	Iter0012	26	2	2	1	22	1	6.5	0.2711902113459427	0.485707978	1
12	Iter0013	25	1	1	1	20	0	25.0	0.14021164021164015	0.303375992633	1
13	Iter0014	21	1	0	0	17	0	11.0	1.0	0.5427623632299999	1
14	Iter0015	22	1	1	0	17	0	5.75	1.0	0.44752815269999996	1
15	Iter0016	23	6	1	0	21	0	1.7142857142857142	1.0	0.4983954313	1
16	Iter0017	21	3	1	1	20	0	7.0	0.2892307692307718	0.53682985	1
17	Iter0018	18	2	2	1	14	2	4.5	0.35629587803500595	0.2503276141	1
18	Iter0019	28	2	2	0	20	0	3.2222222222222214	1.0	0.47508848269999987	1
19	Iter0020	29	4	4	0	25	1	1.2	1.0	0.4963553821000001	1
20	Iter0021	30	1	4	2	21	0	15.0	0.06241956241956361	0.41273124605333	1
21	Iter0022	26	4	3	0	26	2	1.35	1.0	0.6503325900000001	1
22	Iter0023	23	1	4	1	18	2	5.75	0.320197044334974	0.336689180379	1
23	Iter0024	26	1	2	0	24	0	4.5	1.0	0.3956351899999999	1
24	Iter0025	19	3	2	2	16	0	6.333333333333332	0.15484949832775954	0.311850181438	1
25	Iter0026	30	2	2	0	22	0	3.4444444444444446	1.0	0.42969991739790003	1
26	Iter0027	28	2	1	0	23	1	4.833333333333333	1.0	0.40491993582	1
27	Iter0028	21	3	1	1	14	0	7.0	0.2892307692307718	0.27774739986	1
28	Iter0029	25	2	0	0	20	0	8.666666666666666	1.0	0.5442196465946971	1
29	Iter0030	25	1	3	3	20	0	25.0	0.014877641824249428	0.39935056600000013	1
30	Iter0031	24	1	0	0	22	0	12.5	1.0	0.45647132004899993	1
31	Iter0032	18	0	2	0	14	0	6.333333333333332	1.0	0.30468581982400006	1
32	Iter0033	30	5	0	0	25	0	5.166666666666667	1.0	0.5266194142485301	1
33	Iter0034	24	2	2	0	22	2	2.7777777777777786	1.0	0.5693352204691001	1
34	Iter0035	27	3	3	2	23	3	6.0	0.13892961876833104	0.5090303989998219	1
35	Iter0036	21	4	2	0	16	1	1.4666666666666668	1.0	0.39814280510920164	1
36	Iter0037	27	4	1	0	23	1	2.8	1.0	0.4376084443452279	1
37	Iter0038	28	1	0	1	28	0	29.0	0.06666666666666664	0.7031966599999999	1
38	Iter0039	20	7	2	2	17	1	2.8571428571428568	0.5595105672969971	0.3307446154550001	1
39	Iter0040	18	4	1	0	14	0	1.9	1.0	0.33889668214999996	1
40	Iter0041	23	1	3	1	17	0	7.666666666666668	0.269841269841267	0.40941321592	1
41	Iter0042	30	1	2	0	25	0	5.166666666666667	1.0	0.6078781332000002	1
42	Iter0043	24	5	4	0	19	3	0.8333333333333334	1.0	0.2995451480211	1
43	Iter0044	26	1	1	1	21	1	26.0	0.13546798029556614	0.35069801860600996	1
44	Iter0045	29	3	0	1	25	0	15.0	0.12121212121211912	0.592404977976394	1
45	Iter0046	25	1	1	1	21	0	25.0	0.14021164021164015	0.38857299573630005	1
46	Iter0047	21	3	1	0	20	0	2.75	1.0	0.5526489	1
47	Iter0048	30	3	2	2	23	1	10.0	0.08002119766825999	0.5448162750349905	1
48	Iter0049	21	2	0	0	17	0	7.333333333333332	1.0	0.3361684236010502	1
49	Iter0050	30	4	6	0	24	5	0.8857142857142858	1.0	0.47388682043999997	1
50	Iter0051	22	1	5	1	19	4	4.4	0.3768472906403974	0.408778988	1
51	Iter0052	16	2	3	2	11	1	5.333333333333333	0.19367588932806248	0.250754746	1
52	Iter0053	28	2	1	0	23	1	4.833333333333333	1.0	0.4752914204879999	1
53	Iter0054	31	0	0	0	26	0	32.0	1.0	0.5683295569996814	1
54	Iter0055	21	5	2	1	19	2	2.1	0.5153256704980881	0.3796683623000001	1
55	Iter0056	20	3	3	1	17	2	2.2222222222222223	0.4954415954416028	0.39305301570000006	1
56	Iter0057	23	6	1	0	21	0	1.7142857142857142	1.0	0.481988447	1
57	Iter0058	24	3	2	0	22	1	2.083333333333333	1.0	0.4213847167	1
58	Iter0059	28	3	2	0	21	0	2.4166666666666665	1.0	0.488100709853885	1
59	Iter0060	30	1	3	0	25	2	3.875	1.0	0.6080990083009542	1
60	Iter0061	29	2	1	0	25	0	5.0	1.0	0.6099382384600001	1
61	Iter0062	19	3	2	0	17	0	1.6666666666666667	1.0	0.46492062970000003	1
62	Iter0063	18	4	1	1	11	0	4.5	0.3804347826086968	0.22550813373295003	1
63	Iter0064	34	4	0	0	28	0	7.0	1.0	0.709537900627	1
64	Iter0065	22	3	4	0	17	2	1.15	1.0	0.374036382627	1
65	Iter0066	27	2	0	0	20	0	9.333333333333334	1.0	0.36317136352999996	1
66	Iter0067	23	2	2	0	17	0	2.6666666666666665	1.0	0.31515739086329003	1
67	Iter0068	24	5	1	1	19	0	4.8	0.3548387096774149	0.5040713045199999	1
68	Iter0069	19	0	0	1	17	0	40.0	0.05000000000000003	0.20800142454899997	1
69	Iter0070	14	3	6	0	10	3	0.5357142857142857	0.5392433653303208	0.20805410463	1
70	Iter0071	27	1	3	0	23	1	3.5	1.0	0.4517476222541899	1
71	Iter0072	24	3	10	3	18	4	2.4	0.3699451331030254	0.437245933623	1
72	Iter0073	34	5	6	2	21	1	2.2666666666666666	0.5849839101465698	0.44340576056457565	1
73	Iter0074	23	5	0	0	18	0	4.0	1.0	0.30605684432300007	1
74	Iter0075	28	2	4	2	25	2	7.0	0.12121212121211933	0.49543419663999994	1
75	Iter0076	29	3	3	0	26	1	1.875	1.0	0.4456228498729999	1
76	Iter0077	21	3	0	0	19	0	5.5	1.0	0.41707011800000005	1
77	Iter0078	28	1	3	1	26	0	9.333333333333334	0.2310606060606006	0.5246494825	1
78	Iter0079	17	1	1	0	14	0	4.5	1.0	0.25844548200000006	1
79	Iter0080	23	5	1	0	20	1	2.0	1.0	0.4329727968	1
80	Iter0081	19	1	3	2	18	1	12.666666666666664	0.09130434782608714	0.317545731	1
81	Iter0082	25	3	1	1	21	1	8.333333333333334	0.2528735632183937	0.54917626865	1
82	Iter0083	30	1	2	2	21	1	30.0	0.029029793735676292	0.5706723146112002	1
83	Iter0084	23	2	3	0	17	1	2.0	1.0	0.32539704998833296	1
84	Iter0085	26	7	0	0	21	0	3.375	1.0	0.40389218169999996	1
85	Iter0086	26	1	1	0	25	1	6.75	1.0	0.42152126409999996	1
86	Iter0087	23	2	0	0	18	0	8.0	1.0	0.4063561287999998	1
87	Iter0088	24	3	2	1	20	0	4.0	0.35960591133004943	0.569000508138511	1
88	Iter0089	23	2	6	0	18	3	1.1428571428571428	1.0	0.36458280437090007	1
89	Iter0090	26	4	4	2	24	2	3.25	0.2561777643608748	0.502956825	1
90	Iter0091	19	6	0	0	17	0	2.8571428571428568	1.0	0.40099317050000005	1
91	Iter0092	17	2	6	2	14	4	2.833333333333333	0.5582905982906048	0.3430828678413	1
92	Iter0093	28	4	1	0	21	0	2.9	1.0	0.424054473716	1
93	Iter0094	31	0	1	0	25	1	16.0	1.0	0.62467961825	1
94	Iter0095	34	2	0	0	27	0	11.666666666666664	1.0	0.608989669805	1
95	Iter0096	23	1	3	1	21	1	7.666666666666668	0.269841269841267	0.49501032872	1
96	Iter0097	23	2	2	1	16	0	5.75	0.2979242979242929	0.4466125794999999	1
97	Iter0098	29	5	3	2	24	0	3.8666666666666663	0.21304300251668684	0.48302904063800006	1
98	Iter0099	37	3	5	3	30	3	7.4	0.04972068641582331	0.64438712892968	1
99	Iter0100	22	1	0	1	20	0	23.0	0.08333333333333381	0.4675470577517	1
100	Iter0101	23	2	2	0	20	0	2.6666666666666665	1.0	0.39062211422300014	1
101	Iter0102	27	2	5	0	24	0	1.5555555555555556	1.0	0.43127420844400005	1
102	Iter0103	27	5	1	0	23	0	2.333333333333333	1.0	0.4685392144300001	1
103	Iter0104	32	2	2	0	27	0	3.6666666666666665	1.0	0.6099687529000001	1
104	Iter0105	34	5	1	1	29	1	6.8	0.2743902439024382	0.6409326625442149	1
105	Iter0106	18	4	8	1	16	6	0.5625	1.0	0.4735310399999895	1
106	Iter0107	22	3	2	1	19	0	3.6666666666666665	0.3821733821733784	0.37174666544499996	1
107	Iter0108	15	2	0	1	12	0	10.666666666666666	0.16666666666666674	0.24456971279	1
108	Iter0109	17	3	2	1	15	2	2.833333333333333	0.4528514963297557	0.401634523	1
109	Iter0110	26	2	8	1	21	2	1.625	1.0	0.4599817908	1
110	Iter0111	25	1	1	0	22	0	6.5	1.0	0.44298240235650005	1
111	Iter0112	24	6	0	0	17	0	3.571428571428572	1.0	0.33119438430720005	1
112	Iter0113	28	4	0	0	21	0	5.8	1.0	0.39577218730599995	1
113	Iter0114	29	4	1	0	25	0	3.0	1.0	0.48115217	1
114	Iter0115	32	6	0	1	25	0	9.428571428571429	0.17948717948718032	0.43640427486	1
115	Iter0116	20	4	4	0	16	3	0.8400000000000001	1.0	0.3054916756	1
116	Iter0117	22	6	1	1	19	0	3.6666666666666665	0.4183908045977073	0.49695310681200006	1
117	Iter0118	25	3	0	0	22	0	6.5	1.0	0.540435256819	1
118	Iter0119	23	4	1	1	19	0	5.75	0.3201970443349738	0.51522160481635	1
119	Iter0120	24	2	1	0	21	0	4.166666666666667	1.0	0.48036568421802	1
120	Iter0121	34	5	3	2	26	0	4.533333333333333	0.17292321971845187	0.5791233296229998	1
121	Iter0122	27	5	3	0	21	1	1.1666666666666667	1.0	0.42403678699999997	1
122	Iter0123	16	1	5	3	15	2	9.6	0.08079051383399273	0.46843055654967003	1
123	Iter0124	29	0	2	1	22	1	20.0	0.09375000000000024	0.5222108673870001	1
124	Iter0125	34	6	3	0	27	3	1.25	1.0	0.6964506537699999	1
125	Iter0126	25	0	3	0	21	0	6.5	1.0	0.3965360046	1
126	Iter0127	24	3	1	1	20	1	8.0	0.2610837438423657	0.43986676836000005	1
127	Iter0128	21	4	2	0	21	2	1.4666666666666668	1.0	0.47188478999999994	1
128	Iter0129	26	2	1	2	21	1	26.0	0.03692992213570637	0.46173434878038994	1
129	Iter0130	15	1	4	1	12	3	3.75	0.4285714285714309	0.20730140700000002	1
130	Iter0131	31	1	1	1	26	0	31.0	0.11586452762923373	0.5903566385715399	1
131	Iter0132	27	5	5	0	24	2	0.7777777777777778	1.0	0.613437535470471	1
132	Iter0133	23	4	0	1	19	0	9.6	0.17857142857142552	0.40875777609999997	1
133	Iter0134	34	0	2	0	28	1	11.666666666666664	1.0	0.5371503151000001	1
134	Iter0135	18	4	7	0	15	4	0.475	0.5461243737105868	0.29791702696000005	1
135	Iter0136	23	8	2	1	21	0	1.4375	1.0	0.552648620034	1
136	Iter0137	25	4	3	1	21	0	2.083333333333333	0.4996334310850373	0.452144198	1
137	Iter0138	26	1	0	0	21	0	13.5	1.0	0.36581640908756996	1
138	Iter0139	31	2	3	0	28	1	2.6666666666666665	1.0	0.6651071002000001	1
139	Iter0140	24	3	1	0	23	1	3.125	1.0	0.5413321654395	1
140	Iter0141	30	5	5	0	27	2	0.8611111111111112	1.0	0.7431693547200001	1
141	Iter0142	22	3	0	0	18	0	5.75	1.0	0.4791668941899843	1
142	Iter0143	24	6	1	0	19	0	1.7857142857142858	1.0	0.38850678439499997	1
143	Iter0144	20	4	2	1	18	0	2.5	0.4735042735042756	0.41019662349999997	1
144	Iter0145	25	3	2	1	21	0	4.166666666666667	0.3492769744160214	0.41612940623920003	1
145	Iter0146	17	2	1	0	14	1	3.0	1.0	0.39581339625	1
146	Iter0147	30	4	0	0	25	0	6.2	1.0	0.5200575179000001	1
147	Iter0148	28	2	1	1	22	0	14.0	0.18145161290322373	0.47574136803999995	1
148	Iter0149	22	3	1	0	19	0	2.875	1.0	0.34916118687400005	1
149	Iter0150	25	3	4	0	22	3	1.3	1.0	0.4997531404	1
150	Iter0151	28	3	1	0	25	1	3.625	1.0	0.4753552235619999	1
151	Iter0152	21	3	9	3	19	6	2.333333333333333	0.378083491461098	0.4546961599999993	1
152	Iter0153	29	3	0	1	23	0	15.0	0.12121212121211912	0.5103829047656091	1
153	Iter0154	24	6	0	0	20	0	3.571428571428572	1.0	0.40861725992759995	1
154	Iter0155	32	4	1	0	26	0	3.3	1.0	0.5273432354099999	1
155	Iter0156	26	2	8	0	22	1	1.0	1.0	0.5043296932018799	1
156	Iter0157	26	3	6	2	21	4	2.888888888888889	0.2916606446018262	0.46340899739429986	1
157	Iter0158	25	3	1	0	23	0	3.25	1.0	0.5283142544823999	1
158	Iter0159	29	3	4	1	25	1	2.4166666666666665	0.4555227496404178	0.5803005489109999	1
159	Iter0160	24	6	3	0	19	0	0.8928571428571429	1.0	0.5307487353	1
160	Iter0161	23	5	2	0	18	0	1.3333333333333333	1.0	0.46821205040999997	1
161	Iter0162	26	6	1	1	23	0	4.333333333333333	0.3743315508021364	0.46752462860000005	1
162	Iter0163	24	0	2	0	20	2	8.333333333333334	1.0	0.471378197563	1
163	Iter0164	26	5	2	1	23	0	2.6	0.4525401069518773	0.445155614	1
164	Iter0165	22	2	0	0	21	0	7.666666666666668	1.0	0.43539139530000004	1
165	Iter0166	24	1	0	2	20	0	37.5	0.008547008547008591	0.3744128655173331	1
166	Iter0167	27	2	0	0	23	0	9.333333333333334	1.0	0.4059875930000001	1
167	Iter0168	32	3	4	0	28	2	1.65	1.0	0.711055257	1
168	Iter0169	29	5	2	1	26	2	2.9	0.4214929214929294	0.52837655876	1
169	Iter0170	23	7	0	0	20	0	3.0	1.0	0.44399214763	1
170	Iter0171	28	5	4	1	24	3	1.4	1.0	0.6838445544799999	1
171	Iter0172	36	3	0	0	30	0	9.25	1.0	0.7110592881623802	1
172	Iter0173	27	3	3	1	23	0	3.0	0.4090693462135634	0.5375703847300001	1
173	Iter0174	24	1	3	0	21	1	3.125	1.0	0.3502060418	1
174	Iter0175	32	4	1	0	26	0	3.3	1.0	0.5367658893576	1
175	Iter0176	24	2	2	1	22	0	6.0	0.2884510125889448	0.48054291856796	1
176	Iter0177	29	6	2	2	26	1	4.833333333333333	0.18025312762154946	0.52882951766	1
177	Iter0178	22	5	0	0	15	0	3.8333333333333335	1.0	0.2443856339971	1
178	Iter0179	18	4	4	0	16	1	0.76	1.0	0.34296759779999997	1
179	Iter0180	24	1	2	0	21	1	4.166666666666667	1.0	0.500721039331	1
180	Iter0181	33	2	1	0	28	0	5.666666666666668	1.0	0.5362286761665	1
181	Iter0182	23	6	7	2	19	5	1.0952380952380951	1.0	0.2959743655359988	1
182	Iter0183	24	2	5	0	20	3	1.3888888888888893	1.0	0.501541640998413	1
183	Iter0184	30	2	9	0	25	7	1.0333333333333334	1.0	0.564111450150172	1
184	Iter0185	27	3	0	0	23	0	7.0	1.0	0.559361559	1
185	Iter0186	21	3	2	0	21	0	1.8333333333333333	1.0	0.43076495000000004	1
186	Iter0187	22	6	1	0	21	0	1.6428571428571428	1.0	0.4408122400000001	1
187	Iter0188	36	3	2	0	29	0	3.083333333333333	1.0	0.6553808433999707	1
188	Iter0189	29	2	4	2	18	3	7.25	0.11522446816565007	0.5126554788899788	1
189	Iter0190	31	5	1	2	23	0	12.4	0.07736076157128788	0.42393932466097	1
190	Iter0191	23	1	1	0	20	1	6.0	1.0	0.33507190219999994	1
191	Iter0192	30	1	5	0	25	1	2.583333333333333	1.0	0.48896563817699984	1
192	Iter0193	26	1	2	1	20	1	13.0	0.19310344827586284	0.4135670665412797	1
193	Iter0194	19	2	4	0	17	3	1.3333333333333337	1.0	0.279609677	1
194	Iter0195	31	3	0	2	22	0	24.0	0.015873015873015803	0.4449070066	1
195	Iter0196	22	3	4	3	19	2	5.5	0.10100729205289886	0.3420883189	1
196	Iter0197	37	8	0	0	25	0	4.222222222222221	1.0	0.5885258196170202	1
197	Iter0198	32	4	1	0	28	0	3.3	1.0	0.6139780253000001	1
198	Iter0199	20	6	1	0	18	1	1.5	1.0	0.434097541	1
199	Iter0200	23	2	4	1	18	4	2.875	0.4334975369458101	0.31186614273400004	1
200	Iter0201	30	5	0	0	24	0	5.166666666666667	1.0	0.596194935367	1
201	Iter0202	23	3	4	0	19	1	1.2	1.0	0.38503649436780013	1
202	Iter0203	21	2	0	1	19	0	14.666666666666664	0.1250000000000002	0.36246389199999995	1
203	Iter0204	25	5	3	1	22	2	1.6666666666666667	0.5585000862515149	0.40047842070000006	1
204	Iter0205	27	5	3	1	23	3	1.8	0.5347593582887668	0.5657191845854584	1
205	Iter0206	26	3	1	0	22	0	3.375	1.0	0.48096543840000006	1
206	Iter0207	22	4	1	1	20	0	5.5	0.33068783068782803	0.439960535278	1
207	Iter0208	22	2	2	1	19	0	5.5	0.30803418803418764	0.5777372399	1
208	Iter0209	28	4	2	1	23	0	3.5	0.3796791443850255	0.5372705653899998	1
209	Iter0210	35	2	5	2	30	0	7.0	0.11282421492290876	0.6417265757799999	1
210	Iter0211	26	2	4	1	22	0	3.25	0.3995601173020483	0.49504348621125777	1
211	Iter0212	27	2	3	1	24	1	4.5	0.3302785923753601	0.5605509800000001	1
212	Iter0213	24	3	5	1	19	1	1.6	1.0	0.3613946411507	1
213	Iter0214	27	3	1	0	22	1	3.5	1.0	0.543607132	1
214	Iter0215	25	8	2	2	23	1	3.125	0.2913922325687152	0.5135607247970002	1
215	Iter0216	26	4	1	0	23	0	2.7	1.0	0.5676393638518	1
216	Iter0217	23	3	0	0	18	0	6.0	1.0	0.4457160094628999	1
217	Iter0218	38	6	2	0	30	1	1.857142857142857	1.0	0.7338663161135368	1
218	Iter0219	19	2	1	0	18	1	3.333333333333333	1.0	0.43829185500000006	1
219	Iter0220	28	1	3	1	27	1	9.333333333333334	0.2310606060606006	0.5948112624388	1
220	Iter0221	28	2	4	0	25	2	1.933333333333333	1.0	0.5168952477641322	1
221	Iter0222	28	6	1	0	25	0	2.071428571428572	1.0	0.45390208368	1
222	Iter0223	30	3	3	1	24	1	3.333333333333333	0.3804224392459934	0.5659448553999196	1
223	Iter0224	25	3	4	2	20	2	4.166666666666667	0.2053001552527192	0.43196047998750003	1
224	Iter0225	26	1	8	1	20	0	3.25	0.4428571428571343	0.43085234668329997	1
225	Iter0226	20	1	2	0	16	1	3.5	1.0	0.3244179596518	1
226	Iter0227	27	3	1	0	24	0	3.5	1.0	0.425497375	1
227	Iter0228	34	4	1	1	28	0	8.5	0.2371794871794881	0.6740560990242	1
228	Iter0229	23	2	6	2	21	4	3.8333333333333335	0.2412023460410499	0.37284584000000004	1
229	Iter0230	24	6	0	0	21	0	3.571428571428572	1.0	0.486889511721	1
230	Iter0231	32	1	4	0	23	1	3.3	1.0	0.45891674221100004	1
231	Iter0232	23	3	2	1	17	0	3.8333333333333335	0.3705528188286825	0.3298202169710901	1
232	Iter0233	26	2	0	1	22	0	18.0	0.10344827586207013	0.3764180432	1
233	Iter0234	34	2	0	0	29	0	11.666666666666664	1.0	0.7208206654839091	1
234	Iter0235	26	2	2	3	20	0	19.5	0.01652088178784521	0.46849655374044	1
235	Iter0236	23	3	0	1	19	0	12.0	0.14814814814814975	0.50387435077	1
236	Iter0237	30	4	2	1	28	0	3.75	0.36164736164736705	0.48005231168300005	1
237	Iter0238	28	2	0	0	21	0	9.666666666666666	1.0	0.3572903001341	1
238	Iter0239	25	5	0	2	23	0	13.0	0.04233870967741951	0.4094218741000001	1
239	Iter0240	22	2	5	1	16	2	2.2	0.5014778325123121	0.349848896231968	1
240	Iter0241	26	0	2	1	19	1	18.0	0.10344827586207013	0.3329045458357999	1
241	Iter0242	24	2	2	0	19	1	2.7777777777777786	1.0	0.41084454082999994	1
242	Iter0243	25	2	1	1	22	0	12.5	0.19950738916256056	0.5706737445232101	1
243	Iter0244	24	1	3	1	19	0	8.0	0.26108374384236405	0.36623922588130003	1
244	Iter0245	31	3	0	0	27	0	8.0	1.0	0.6619901525999998	1
245	Iter0246	33	2	3	0	28	1	2.833333333333333	1.0	0.781863479171578	1
246	Iter0247	27	4	0	0	19	0	5.6	1.0	0.502775175969	1
247	Iter0248	30	6	2	0	27	2	1.4761904761904765	1.0	0.49681069009999973	1
248	Iter0249	27	4	3	0	25	2	1.4	1.0	0.5476098972000001	1
249	Iter0250	21	3	2	0	19	0	1.8333333333333333	1.0	0.42469899188500004	1
250	Iter0251	21	3	1	0	18	0	2.75	1.0	0.4160593480638	1
251	Iter0252	27	3	3	0	20	0	1.75	1.0	0.533401018426	1
252	Iter0253	24	3	1	1	22	0	8.0	0.2610837438423657	0.39601333850000003	1
253	Iter0254	21	1	1	1	20	0	21.0	0.1630434782608714	0.48344103000000005	1
254	Iter0255	21	1	0	1	16	0	22.0	0.0869565217391306	0.3443242060979999	1
255	Iter0256	28	2	3	3	25	1	14.0	0.02428698752228156	0.5447614618144999	1
256	Iter0257	23	2	1	0	22	1	4.0	1.0	0.3938347548999999	1
257	Iter0258	30	4	2	1	25	2	3.75	0.36164736164736705	0.6598840079139999	1
258	Iter0259	19	5	2	1	16	0	1.9	0.5452991452991468	0.477312387079	1
259	Iter0260	27	1	2	0	23	0	4.666666666666667	1.0	0.4617883473686999	1
260	Iter0261	29	1	4	2	26	0	14.5	0.0658263305322139	0.5533470627000001	1
261	Iter0262	30	4	3	0	25	0	1.55	1.0	0.49200587304000004	1
262	Iter0263	26	3	0	0	18	0	6.75	1.0	0.390249389962	1
263	Iter0264	24	0	7	2	19	5	9.375	0.06818181818181715	0.5599104823400001	1
264	Iter0265	20	2	0	2	19	0	21.0	0.021739130434782726	0.4638554100000001	1
265	Iter0266	18	8	2	0	15	1	0.7037037037037037	1.0	0.29727810415300004	1
266	Iter0267	19	2	0	0	16	0	6.666666666666668	1.0	0.34226473663000007	1
267	Iter0268	28	6	0	0	24	0	4.142857142857143	1.0	0.5093368450000001	1
268	Iter0269	33	3	3	0	27	2	2.125	1.0	0.6687239623799607	1
269	Iter0270	30	8	1	0	21	0	1.7222222222222223	1.0	0.500709371381997	1
270	Iter0271	27	8	2	0	23	2	1.037037037037037	1.0	0.5307944965463001	1
271	Iter0272	34	1	10	2	23	5	6.8	0.15602836879432086	0.34432877880000007	1
272	Iter0273	22	3	0	1	19	0	11.5	0.1538461538461542	0.41252767463600004	1
273	Iter0274	24	1	5	0	22	2	2.083333333333333	1.0	0.4638944933964822	1
274	Iter0275	24	5	5	2	22	3	1.92	0.6016689667069077	0.3984758292	1
275	Iter0276	28	3	0	2	25	0	21.75	0.01893939393939376	0.5381456533227	1
276	Iter0277	25	3	0	0	21	0	6.5	1.0	0.4257639708170459	1
277	Iter0278	24	4	1	1	20	1	6.0	0.31034482758620946	0.4743075499779999	1
278	Iter0279	19	6	2	0	19	0	0.9523809523809524	1.0	0.35504517	1
279	Iter0280	26	4	0	0	23	0	5.4	1.0	0.5812535378517001	1
280	Iter0281	25	4	1	1	23	0	6.25	0.30107526881720065	0.49201785622800004	1
281	Iter0282	25	3	0	0	22	0	6.5	1.0	0.44658130041893007	1
282	Iter0283	26	0	3	1	20	0	13.5	0.13333333333333353	0.41384654582043984	1
283	Iter0284	30	2	0	0	26	0	10.333333333333334	1.0	0.5912080820199999	1
284	Iter0285	31	4	3	0	25	0	1.6	1.0	0.650074014933	1
285	Iter0286	17	1	1	1	17	0	17.0	0.19473684210526315	0.44395868000000016	1
286	Iter0287	27	3	7	0	23	3	0.875	1.0	0.3764256785397	1
287	Iter0288	20	1	2	3	16	0	30.0	0.0143812709030101	0.35930012144	1
288	Iter0289	30	3	1	3	26	0	30.0	0.009614656673480706	0.7095539232753567	1
289	Iter0290	33	4	2	0	30	2	2.2666666666666666	1.0	0.7262730199999999	1
290	Iter0291	22	3	0	0	20	0	5.75	1.0	0.398584221818	1
291	Iter0292	26	4	5	2	24	4	2.6	0.3154989882931146	0.48107550399969184	1
292	Iter0293	25	3	2	0	18	1	2.1666666666666665	1.0	0.40626036257000003	1
293	Iter0294	30	4	2	0	26	0	2.066666666666667	1.0	0.6259002678000002	1
294	Iter0295	26	4	1	2	20	0	13.0	0.07789589442815054	0.446624697299	1
295	Iter0296	30	3	1	1	20	0	10.0	0.21848739495799066	0.4614079128022956	1
296	Iter0297	27	6	1	0	22	0	2.0	1.0	0.539920013685	1
297	Iter0298	32	0	1	0	23	0	16.5	1.0	0.4687780363236	1
298	Iter0299	28	1	2	1	24	1	14.0	0.18145161290322373	0.48765932979645005	1
299	Iter0300	21	7	1	2	17	0	6.0	0.19488320355951255	0.44717056818780004	1
300	Iter0301	34	2	0	0	26	0	11.666666666666664	1.0	0.5505681972504297	1
301	Iter0302	27	5	4	1	24	2	1.35	1.0	0.4522114890200001	1
302	Iter0303	23	2	2	3	18	0	17.25	0.02193591848764264	0.320053958793	1
303	Iter0304	21	1	1	1	18	0	21.0	0.1630434782608714	0.3780769	1
304	Iter0305	29	2	1	0	26	0	5.0	1.0	0.578245405	1
305	Iter0306	23	0	6	1	19	3	6.857142857142858	0.2333333333333316	0.3092128332963767	1
306	Iter0307	26	2	2	1	19	1	6.5	0.2711902113459427	0.46754812640000004	1
307	Iter0308	31	3	5	0	27	4	1.3333333333333333	1.0	0.6131988914730001	1
308	Iter0309	31	1	2	0	25	1	5.333333333333333	1.0	0.48965810400000004	1
309	Iter0310	24	3	0	0	21	0	6.25	1.0	0.31290737360000004	1
310	Iter0311	25	4	0	0	19	0	5.2	1.0	0.35953302228941	1
311	Iter0312	22	0	4	0	18	2	4.6	1.0	0.39315737999999995	1
312	Iter0313	21	6	6	0	17	2	0.4489795918367347	0.5626634211172441	0.4203644740000001	1
313	Iter0314	31	2	8	1	27	5	1.9375	0.5247386759581956	0.7131700629999999	1
314	Iter0315	30	4	0	1	27	0	12.4	0.1428571428571436	0.6205728471583598	1
315	Iter0316	27	2	2	1	20	1	6.75	0.2633064516129015	0.5088957331	1
316	Iter0317	19	8	0	0	16	0	2.2222222222222223	1.0	0.28660673933840003	1
317	Iter0318	14	3	2	0	10	1	1.25	1.0	0.17794450200000003	1
318	Iter0319	25	5	5	0	21	4	0.7222222222222222	1.0	0.5044480530000001	1
319	Iter0320	26	4	1	0	20	0	2.7	1.0	0.31490343894100004	1
320	Iter0321	32	0	1	1	28	1	33.0	0.058823529411766225	0.6619133211999999	1
321	Iter0322	22	2	2	0	21	1	2.5555555555555562	1.0	0.47140926529999994	1
322	Iter0323	24	3	1	0	18	0	3.125	1.0	0.2880586672	1
323	Iter0324	20	2	3	0	17	1	1.75	1.0	0.33655914970300005	1
324	Iter0325	30	4	1	1	26	1	7.5	0.26190476190476103	0.47819575783209	1
325	Iter0326	26	3	2	0	21	0	2.25	1.0	0.53088806632	1
326	Iter0327	28	2	1	2	23	0	28.0	0.03262463343108397	0.5680746390783	1
327	Iter0328	19	5	3	0	17	2	0.8333333333333334	1.0	0.35204153938	1
328	Iter0329	26	5	0	0	26	0	4.5	1.0	0.5851705700000001	1
329	Iter0330	27	4	1	0	25	1	2.8	1.0	0.48793988793000004	1
330	Iter0331	19	2	3	1	16	1	3.1666666666666665	0.4217391304347824	0.4547725506000001	1
331	Iter0332	31	4	2	0	27	0	2.1333333333333333	1.0	0.523279814128	1
332	Iter0333	28	5	1	0	23	0	2.4166666666666665	1.0	0.41085604259509506	1
333	Iter0334	21	2	4	1	20	1	2.625	0.4594017094017076	0.40768632235	1
334	Iter0335	30	8	2	0	28	2	1.148148148148148	1.0	0.6602341299999999	1
335	Iter0336	23	3	0	0	23	0	6.0	1.0	0.6989037300000001	1
336	Iter0337	30	1	3	1	26	0	10.0	0.21848739495799066	0.5832004598	1
337	Iter0338	27	2	4	0	23	1	1.8666666666666667	1.0	0.39134240548244986	1
338	Iter0339	22	0	1	0	20	0	11.5	1.0	0.494151514691	1
339	Iter0340	23	2	2	0	20	1	2.6666666666666665	1.0	0.38008265930000007	1
340	Iter0341	24	2	1	1	23	0	12.0	0.2063492063492047	0.4433968567804	1
341	Iter0342	30	1	1	0	27	0	7.75	1.0	0.4940557376979999	1
342	Iter0343	22	6	1	0	19	0	1.6428571428571428	1.0	0.42198661875	1
343	Iter0344	31	5	5	1	28	1	1.24	1.0	0.5903186442444002	1
344	Iter0345	25	2	3	4	23	1	16.666666666666668	0.00956127723614492	0.624457674721	1
345	Iter0346	31	2	4	1	26	1	3.875	0.3532479848269345	0.5059429127095	1
346	Iter0347	28	1	1	0	26	0	7.25	1.0	0.62615331487	1
347	Iter0348	18	2	3	1	16	1	3.0	0.4367588932806333	0.28989794461	1
348	Iter0349	28	3	1	0	25	1	3.625	1.0	0.6332199700000001	1
349	Iter0350	26	2	1	1	21	0	13.0	0.19310344827586284	0.578498724921	1
350	Iter0351	22	3	1	0	20	0	2.875	1.0	0.523947442984	1
351	Iter0352	25	2	0	0	21	0	8.666666666666666	1.0	0.35606738356057	1
352	Iter0353	27	4	3	0	24	1	1.4	1.0	0.43779365600000003	1
353	Iter0354	25	3	1	0	24	0	3.25	1.0	0.64863607	1
354	Iter0355	21	1	1	0	18	1	5.5	1.0	0.48533768854039994	1
355	Iter0356	27	2	1	2	23	0	27.0	0.03467741935483911	0.5254001897	1
356	Iter0357	21	2	0	2	19	0	22.0	0.02000000000000014	0.38258501265000006	1
357	Iter0358	27	6	0	1	24	0	8.0	0.20588235294118032	0.4572645555997009	1
358	Iter0359	28	4	2	1	21	1	3.5	0.3796791443850255	0.4932465238631	1
359	Iter0360	29	3	1	1	24	0	9.666666666666666	0.2245989304812858	0.4806576134216329	1
360	Iter0361	28	2	0	0	22	0	9.666666666666666	1.0	0.56642218109776	1
361	Iter0362	13	2	4	2	9	0	3.25	0.5438596491228112	0.17722431499999997	1
362	Iter0363	25	3	2	1	23	2	4.166666666666667	0.3492769744160214	0.3795806547296	1
363	Iter0364	18	1	1	1	15	1	18.0	0.1857142857142869	0.381271781091	1
364	Iter0365	22	3	1	0	19	0	2.875	1.0	0.376700028	1
365	Iter0366	23	5	1	0	21	0	2.0	1.0	0.40758639699676996	1
366	Iter0367	32	7	1	1	24	1	4.571428571428571	0.3560975609756181	0.4704697308410001	1
367	Iter0368	26	4	3	1	19	1	2.1666666666666665	0.4878601000517533	0.42491295522140005	1
368	Iter0369	25	1	3	0	22	1	3.25	1.0	0.5498507972730001	1
369	Iter0370	27	12	2	0	22	1	0.7179487179487181	1.0	0.5275336335	1
370	Iter0371	21	2	0	1	17	0	14.666666666666664	0.1250000000000002	0.42968352361500134	1
371	Iter0372	31	3	1	0	28	0	4.0	1.0	0.742858182	1
372	Iter0373	22	1	0	0	21	0	11.5	1.0	0.31140494922500006	1
373	Iter0374	27	4	1	1	21	0	6.75	0.2840909090909093	0.32904543416750004	1
374	Iter0375	25	3	4	4	19	2	8.333333333333334	0.03010177678109345	0.46479833881160004	1
375	Iter0376	20	5	1	0	16	0	1.75	1.0	0.29090372382	1
376	Iter0377	38	1	1	0	34	0	9.75	1.0	0.7727152715999999	1
377	Iter0378	19	3	3	0	17	3	1.25	1.0	0.25730375418773	1
378	Iter0379	19	4	4	0	16	2	0.8	1.0	0.3629270204	1
379	Iter0380	27	3	1	0	25	0	3.5	1.0	0.41132676934293005	1
380	Iter0381	27	3	1	0	20	0	3.5	1.0	0.34734389933320003	1
381	Iter0382	27	3	1	0	24	0	3.5	1.0	0.5067849376	1
382	Iter0383	30	0	0	0	24	0	31.0	1.0	0.5506794241999999	1
383	Iter0384	19	1	0	0	18	0	10.0	1.0	0.34953676199999995	1
384	Iter0385	24	0	1	2	20	1	37.5	0.008547008547008591	0.413329699	1
385	Iter0386	24	2	1	0	16	1	4.166666666666667	1.0	0.30564304371100004	1
386	Iter0387	30	2	3	1	30	2	5.0	0.3053221288515442	0.5488224399999999	1
387	Iter0388	35	6	1	3	32	0	17.5	0.0211416490486252	0.6603038052000001	1
388	Iter0389	26	4	2	1	22	0	3.25	0.3995601173020483	0.5600959995329213	1
389	Iter0390	26	1	0	0	22	0	13.5	1.0	0.4902940275895	1
390	Iter0391	21	2	3	1	18	1	3.5	0.39452991452991903	0.35370380791999995	1
391	Iter0392	30	3	0	0	26	0	7.75	1.0	0.667841689945	1
392	Iter0393	25	2	0	2	19	0	26.0	0.014778325123152638	0.21024769920299996	1
393	Iter0394	20	2	2	0	16	2	2.333333333333333	1.0	0.300308329762	1
394	Iter0395	27	3	2	1	24	0	4.5	0.3302785923753601	0.5647345169997949	1
395	Iter0396	27	3	3	0	21	2	1.75	1.0	0.5339091324190001	1
396	Iter0397	31	4	3	1	27	1	2.583333333333333	0.4361649098491196	0.5566629963	1
397	Iter0398	30	1	4	3	24	1	22.5	0.015173067804646676	0.48400122139868007	1
398	Iter0399	24	3	2	1	20	1	4.0	0.35960591133004943	0.4210581809058999	1
399	Iter0400	24	6	4	1	20	4	1.0	1.0	0.3848565924980001	1
400	Iter0401	33	1	2	0	27	0	5.666666666666668	1.0	0.6807372713720296	1
401	Iter0402	19	3	6	0	19	3	0.7142857142857143	1.0	0.45051505000000003	1
402	Iter0403	19	3	2	1	18	1	3.1666666666666665	0.42173913043478495	0.36641756999999997	1
403	Iter0404	23	1	2	3	18	1	34.5	0.010315355142941388	0.3630273726	1
404	Iter0405	27	2	3	1	25	1	4.5	0.3302785923753601	0.58301573948	1
405	Iter0406	19	3	2	0	16	1	1.6666666666666667	1.0	0.41201496242	1
406	Iter0407	30	2	2	4	21	2	30.0	0.002764897501739597	0.4558444257268999	1
407	Iter0408	14	4	2	2	12	0	3.5	0.2918660287081307	0.2647475563	1
408	Iter0409	24	3	0	3	20	0	25.0	0.004926108374384224	0.46871193883300005	1
409	Iter0410	22	2	1	0	15	1	3.8333333333333335	1.0	0.47953579397607116	1
410	Iter0411	31	3	4	1	28	2	2.583333333333333	0.4361649098491196	0.5092057913800001	1
411	Iter0412	26	2	1	0	22	0	4.5	1.0	0.4364579887016901	1
412	Iter0413	18	2	6	0	15	4	0.9047619047619048	1.0	0.31739831153784964	1
413	Iter0414	19	1	1	2	17	0	38.0	0.03444381705251247	0.419808147391	1
414	Iter0415	34	4	0	0	25	0	7.0	1.0	0.5255502015869	1
415	Iter0416	21	2	4	1	16	4	2.625	0.4594017094017076	0.2635023572683	1
416	Iter0417	31	10	0	0	29	0	2.9090909090909087	1.0	0.7116319247910001	1
417	Iter0418	36	2	2	3	31	2	27.0	0.0075015738657258765	0.6542165765999998	1
418	Iter0419	26	2	0	0	20	0	9.0	1.0	0.4945219686895	1
419	Iter0420	22	3	4	1	17	0	1.8333333333333333	0.5384054004743666	0.408836090639	1
420	Iter0421	22	2	3	0	19	0	1.9166666666666667	1.0	0.3168700063404599	1
421	Iter0422	23	5	3	1	20	0	1.5333333333333332	1.0	0.49733324659329986	1
422	Iter0423	28	1	2	0	24	1	4.833333333333333	1.0	0.63630493919734	1
423	Iter0424	21	2	4	1	18	1	2.625	0.4594017094017076	0.42045610519999993	1
424	Iter0425	30	1	2	0	23	0	5.166666666666667	1.0	0.5094444799070303	1
425	Iter0426	30	3	0	0	28	0	7.75	1.0	0.5833722334729	1
426	Iter0427	17	6	1	0	14	0	1.2857142857142858	1.0	0.268278671113271	1
427	Iter0428	21	2	3	0	17	0	1.8333333333333333	1.0	0.34836647831741624	1
428	Iter0429	25	1	6	0	24	3	1.8571428571428568	1.0	0.7269377790800001	1
429	Iter0430	26	3	1	0	23	1	3.375	1.0	0.489922429	1
430	Iter0431	27	4	1	0	20	1	2.8	1.0	0.5424685381737555	1
431	Iter0432	28	4	1	1	24	0	7.0	0.27629233511586315	0.4608004335611882	1
432	Iter0433	29	6	1	1	24	0	4.833333333333333	0.3468468468468512	0.38728508242709997	1
433	Iter0434	28	4	0	1	24	0	11.6	0.15151515151514874	0.495369021906709	1
434	Iter0435	15	0	5	1	15	4	5.333333333333333	0.2857142857142857	0.26873024	1
435	Iter0436	24	2	4	0	22	1	1.6666666666666667	1.0	0.487337048818	1
436	Iter0437	28	0	2	2	23	0	29.0	0.01209677419354843	0.4726148207905999	1
437	Iter0438	31	4	2	0	26	2	2.1333333333333333	1.0	0.5860370365472002	1
438	Iter0439	19	2	1	1	15	1	9.5	0.2490118577075087	0.4216762947728231	1
439	Iter0440	27	4	1	1	25	0	6.75	0.2840909090909093	0.47133052868119996	1
440	Iter0441	20	1	3	0	17	0	2.625	1.0	0.4043519707498	1
441	Iter0442	26	3	1	0	18	0	3.375	1.0	0.3374740560300001	1
442	Iter0443	27	5	2	0	27	1	1.5555555555555556	1.0	0.50268523	1
443	Iter0444	28	2	4	0	23	3	1.933333333333333	1.0	0.480937921107	1
444	Iter0445	26	1	0	0	25	0	13.5	1.0	0.5473489561999999	1
445	Iter0446	28	1	0	0	24	0	14.5	1.0	0.5221095658858064	1
446	Iter0447	23	4	0	0	20	0	4.8	1.0	0.45695554939215505	1
447	Iter0448	32	4	3	0	28	0	1.65	1.0	0.695205366967384	1
448	Iter0449	21	5	1	0	19	0	1.8333333333333333	1.0	0.45663507299999995	1
449	Iter0450	24	2	1	1	19	1	12.0	0.2063492063492047	0.35294563299856796	1
450	Iter0451	21	4	0	0	18	0	4.4	1.0	0.36954131310000005	1
451	Iter0452	24	3	0	0	19	0	6.25	1.0	0.457775296085	1
452	Iter0453	31	2	2	1	24	0	7.75	0.2358543417367005	0.4626383059609999	1
453	Iter0454	21	2	2	0	19	0	2.4444444444444438	1.0	0.5310231044	1
454	Iter0455	27	2	0	1	25	0	18.666666666666668	0.09999999999999952	0.5319040859999999	1
455	Iter0456	17	4	3	0	14	2	0.9	1.0	0.28889733959999997	1
456	Iter0457	25	2	2	0	21	1	2.888888888888889	1.0	0.4508056183415601	1
457	Iter0458	25	1	0	2	19	0	39.0	0.00793650793650783	0.6281127729225999	1
458	Iter0459	23	2	5	0	21	2	1.3333333333333333	1.0	0.5270296826	1
459	Iter0460	21	3	1	0	19	0	2.75	1.0	0.492202236	1
460	Iter0461	26	4	1	2	21	0	13.0	0.07789589442815054	0.43574807784856995	1
461	Iter0462	23	2	1	0	21	1	4.0	1.0	0.5557943472019999	1
462	Iter0463	30	10	2	0	25	2	0.9393939393939394	1.0	0.5562711134358044	1
463	Iter0464	22	3	3	2	15	0	4.8888888888888875	0.18333263160849303	0.284481543054	1
464	Iter0465	28	8	5	0	26	2	0.5370370370370371	0.5631693706148272	0.592072399	1
465	Iter0466	28	2	0	1	24	0	19.33333333333333	0.0967741935483866	0.5180427170179799	1
466	Iter0467	24	3	0	2	22	0	18.75	0.02463054187192119	0.41604721908000003	1
467	Iter0468	26	1	2	4	24	1	52.0	0.001731722115481835	0.574642604	1
468	Iter0469	19	7	0	0	18	0	2.5	1.0	0.37019527999999996	1
469	Iter0470	31	4	3	1	24	1	2.583333333333333	0.4361649098491196	0.4846977557630999	1
470	Iter0471	24	3	1	1	21	1	8.0	0.2610837438423657	0.5056757490346	1
471	Iter0472	20	6	5	1	18	3	0.6666666666666667	1.0	0.3428036960000001	1
472	Iter0473	31	4	0	2	27	0	19.200000000000006	0.02252252252252289	0.5581067158	1
473	Iter0474	36	5	5	0	29	3	1.027777777777778	1.0	0.6246982072468008	1
474	Iter0475	26	3	7	1	22	4	1.2380952380952381	1.0	0.4359393369	1
475	Iter0476	30	5	1	2	26	0	12.0	0.08131816026552738	0.5676632108615787	1
476	Iter0477	32	2	0	0	29	0	11.0	1.0	0.5229043769399999	1
477	Iter0478	25	4	2	0	23	0	1.7333333333333334	1.0	0.6743568324000002	1
478	Iter0479	29	4	3	0	28	0	1.5	1.0	0.7017714670000001	1
479	Iter0480	27	0	2	4	20	1	46.66666666666667	0.0003665689149560054	0.5387254709597308	1
480	Iter0481	28	2	0	0	24	0	9.666666666666666	1.0	0.5801920501618267	1
481	Iter0482	28	2	2	3	24	0	21.0	0.013864930136277459	0.6405024056	1
482	Iter0483	20	4	2	0	17	0	1.4	1.0	0.3403791970000001	1
483	Iter0484	18	2	2	2	17	0	9.0	0.1149068322981369	0.417270035	1
484	Iter0485	31	2	1	0	28	0	5.333333333333333	1.0	0.632361242	1
485	Iter0486	16	4	1	3	15	1	12.0	0.05928853754940695	0.23874612979999996	1
486	Iter0487	28	3	1	1	25	0	9.333333333333334	0.2310606060606006	0.6986087696503801	1
487	Iter0488	30	2	1	0	30	0	5.166666666666667	1.0	0.69655132	1
488	Iter0489	32	9	2	3	25	1	5.333333333333333	0.10289373585632504	0.5576222633514	1
489	Iter0490	22	3	16	1	20	10	0.4583333333333333	0.6354864647547647	0.5266843577000001	1
490	Iter0491	23	2	2	3	20	0	17.25	0.02193591848764264	0.42842015439	1
491	Iter0492	20	3	3	0	18	0	1.3125	1.0	0.418497635	1
492	Iter0493	19	3	1	1	15	0	6.333333333333332	0.3115942028985534	0.3547073023	1
493	Iter0494	27	5	2	0	19	0	1.5555555555555556	1.0	0.4376804155	1
494	Iter0495	26	3	2	0	20	2	2.25	1.0	0.47835836104	1
495	Iter0496	26	1	4	1	23	3	6.5	0.2923387096774195	0.545053236	1
496	Iter0497	29	3	0	1	27	0	15.0	0.12121212121211912	0.528652326174	1
497	Iter0498	18	0	0	0	15	0	19.0	1.0	0.35269226846167945	1
498	Iter0499	22	0	0	0	17	0	23.0	1.0	0.40783228976461705	1
499	Iter0500	31	3	0	0	28	0	8.0	1.0	0.7699935627994368	1
500	Iter0501	27	2	0	1	23	0	18.666666666666668	0.09999999999999952	0.505434004	1
501	Iter0502	25	1	1	1	23	0	25.0	0.14021164021164015	0.44524484276665005	1
502	Iter0503	22	2	1	0	18	0	3.8333333333333335	1.0	0.37276047262000006	1
503	Iter0504	27	4	1	1	25	1	6.75	0.2840909090909093	0.571741781	1
504	Iter0505	16	2	1	1	15	0	8.0	0.2842105263157879	0.2781459458	1
505	Iter0506	32	2	0	0	27	0	11.0	1.0	0.5365136199811439	1
506	Iter0507	18	4	7	0	16	6	0.475	0.5461243737105868	0.343041538	1
507	Iter0508	23	4	1	0	23	0	2.4	1.0	0.6781546000000002	1
508	Iter0509	27	2	3	0	22	0	2.333333333333333	1.0	0.5289498255519999	1
509	Iter0510	22	1	4	0	22	2	2.3	1.0	0.47824244000000005	1
510	Iter0511	25	4	0	1	20	0	10.4	0.16666666666666674	0.362110733757	1
511	Iter0512	30	6	1	0	24	1	2.2142857142857144	1.0	0.5856122571000002	1
512	Iter0513	32	3	7	1	27	3	1.5238095238095235	1.0	0.5726274339371998	1
513	Iter0514	18	1	1	0	17	0	4.75	1.0	0.4415255	1
514	Iter0515	26	8	1	0	24	1	1.5	1.0	0.43091960300000004	1
515	Iter0516	24	5	1	1	21	0	4.8	0.3548387096774149	0.40054207394100005	1
516	Iter0517	22	2	6	0	21	4	1.0952380952380951	1.0	0.47548122433000006	1
517	Iter0518	23	5	1	0	20	0	2.0	1.0	0.48885622544	1
518	Iter0519	20	4	4	4	16	4	5.0	0.1521686964623565	0.30403837241	1
519	Iter0520	25	3	1	2	20	0	16.666666666666668	0.06006674082313807	0.3430579200899999	1
520	Iter0521	18	0	0	0	16	0	19.0	1.0	0.370588991	1
521	Iter0522	36	9	4	0	28	2	0.74	1.0	0.6524095395378602	1
522	Iter0523	25	4	2	1	21	2	3.125	0.4102822580645166	0.51464841	1
523	Iter0524	25	4	3	0	20	0	1.3	1.0	0.4108285792893001	1
524	Iter0525	26	4	1	1	20	0	6.5	0.2923387096774195	0.40412472292359997	1
525	Iter0526	23	2	0	0	18	0	8.0	1.0	0.3648699580792459	1
526	Iter0527	16	3	2	1	13	1	2.6666666666666665	0.470129870129869	0.18872873059999995	1
527	Iter0528	22	4	1	1	17	0	5.5	0.33068783068782803	0.3647591150000001	1
528	Iter0529	25	4	1	0	18	0	2.6	1.0	0.40674607845099997	1
529	Iter0530	21	2	3	1	17	2	3.5	0.39452991452991903	0.47229375152	1
530	Iter0531	25	2	1	0	21	1	4.333333333333333	1.0	0.4373274855491638	1
531	Iter0532	23	4	3	0	21	1	1.2	1.0	0.43280175572690005	1
532	Iter0533	25	2	0	0	24	0	8.666666666666666	1.0	0.44117925404	1
533	Iter0534	23	5	0	1	18	0	8.0	0.20689655172414065	0.32309878653999996	1
534	Iter0535	27	1	1	1	21	0	27.0	0.1310344827586243	0.524307121808386	1
535	Iter0536	24	6	1	1	21	0	4.0	0.3951612903225799	0.551930242414	1
536	Iter0537	15	1	2	1	14	1	7.5	0.29824561403508804	0.3413921585	1
537	Iter0538	34	1	0	3	29	0	70.0	0.0004741583688952074	0.70983321919972	1
538	Iter0539	23	5	2	1	19	0	2.3	0.488320355951057	0.41183819447969205	1
539	Iter0540	20	2	0	1	18	0	14.0	0.13043478260869534	0.35906818800000007	1
540	Iter0541	32	6	2	1	25	1	2.6666666666666665	0.43864915572232377	0.532581831560882	1
541	Iter0542	26	4	2	0	22	0	1.8	1.0	0.47608861425916993	1
542	Iter0543	22	1	7	1	14	5	3.1428571428571432	0.4559139784946216	0.205295966594	1
543	Iter0544	23	8	7	1	17	5	0.4107142857142857	0.6525585534873457	0.40396898953	1
544	Iter0545	34	3	2	1	27	0	5.666666666666668	0.277327935222669	0.5004280838400001	1
545	Iter0546	28	4	3	0	24	1	1.45	1.0	0.49348947051399006	1
546	Iter0547	27	3	0	0	20	0	7.0	1.0	0.4531835328969999	1
547	Iter0548	35	1	1	0	29	0	9.0	1.0	0.5908202998410002	1
548	Iter0549	28	4	4	2	25	2	3.5	0.2340846334654355	0.48568706280000007	1
549	Iter0550	30	6	1	0	27	0	2.2142857142857144	1.0	0.6093278569259999	1
550	Iter0551	25	4	0	0	21	0	5.2	1.0	0.44402270360000007	1
551	Iter0552	25	4	0	0	22	0	5.2	1.0	0.5214708472069999	1
552	Iter0553	20	3	0	0	17	0	5.25	1.0	0.33295133121	1
553	Iter0554	28	2	1	0	26	0	4.833333333333333	1.0	0.6354924710000001	1
554	Iter0555	27	5	0	3	24	0	18.666666666666668	0.008556149732620366	0.48795055	1
555	Iter0556	26	3	10	0	22	6	0.6136363636363636	0.555750082065873	0.45666674872999985	1
556	Iter0557	22	11	0	0	20	0	1.9166666666666667	1.0	0.36980248179999997	1
557	Iter0558	24	1	0	0	21	0	12.5	1.0	0.4023014505	1
558	Iter0559	35	6	1	1	30	0	5.833333333333332	0.3023255813953469	0.7297417609050999	1
559	Iter0560	21	3	0	1	18	0	11.0	0.16000000000000086	0.41775571199999995	1
560	Iter0561	20	2	0	1	18	0	14.0	0.13043478260869534	0.440166755089193	1
561	Iter0562	30	1	1	2	22	1	60.0	0.015708556149732742	0.47895777198100004	1
562	Iter0563	24	2	2	0	20	1	2.7777777777777786	1.0	0.44854593461199993	1
563	Iter0564	23	6	3	1	18	1	1.2777777777777781	1.0	0.4241282020000001	1
564	Iter0565	26	3	1	0	22	0	3.375	1.0	0.5093697955328721	1
565	Iter0566	21	4	1	0	19	1	2.2	1.0	0.32646341800799994	1
566	Iter0567	29	2	1	0	26	1	5.0	1.0	0.5279049010000001	1
567	Iter0568	17	2	0	0	16	0	6.0	1.0	0.45165491680000003	1
568	Iter0569	23	3	2	1	17	0	3.8333333333333335	0.3705528188286825	0.46927523234862006	1
569	Iter0570	28	4	1	1	25	0	7.0	0.27629233511586315	0.49543920880899994	1
570	Iter0571	29	1	1	1	24	0	29.0	0.12298387096774295	0.5609209638268	1
571	Iter0572	21	0	2	1	18	1	14.666666666666664	0.1250000000000002	0.513633607379	1
572	Iter0573	29	2	0	1	24	0	20.0	0.09375000000000024	0.57590538486	1
573	Iter0574	23	0	1	1	21	1	24.0	0.08000000000000028	0.5703823016590001	1
574	Iter0575	28	6	0	1	24	0	8.285714285714286	0.19999999999999946	0.5391394970178999	1
575	Iter0576	31	5	1	0	25	1	2.6666666666666665	1.0	0.52132945035	1
576	Iter0577	24	3	2	0	23	0	2.083333333333333	1.0	0.4335819800000001	1
577	Iter0578	27	1	0	0	26	0	14.0	1.0	0.6526628390000002	1
578	Iter0579	30	4	0	0	23	0	6.2	1.0	0.5115194797794246	1
579	Iter0580	17	2	3	1	16	0	2.833333333333333	0.4528514963297557	0.3611455669810001	1
580	Iter0581	27	2	3	0	24	2	2.333333333333333	1.0	0.41056204300000004	1
581	Iter0582	31	3	1	0	27	0	4.0	1.0	0.6804749227000001	1
582	Iter0583	27	2	1	1	23	0	13.5	0.18709677419354967	0.4669738674506681	1
583	Iter0584	36	5	1	1	26	0	7.2	0.2624584717607871	0.63074676638	1
584	Iter0585	27	3	1	0	24	0	3.5	1.0	0.5246138120000001	1
585	Iter0586	29	3	1	3	25	1	29.0	0.0104405398523046	0.567810419762	1
586	Iter0587	20	3	1	1	13	0	6.666666666666668	0.3000000000000031	0.34471402461000006	1
587	Iter0588	31	2	0	0	25	0	10.666666666666666	1.0	0.5557752136299999	1
588	Iter0589	20	3	3	3	19	2	6.666666666666668	0.08284703801945292	0.3879268638	1
589	Iter0590	24	3	4	0	20	1	1.25	1.0	0.3429767219853514	1
590	Iter0591	32	4	4	0	24	1	1.3199999999999998	1.0	0.53285716122	1
591	Iter0592	23	5	1	0	18	1	2.0	1.0	0.37903094939000004	1
592	Iter0593	22	4	2	0	17	1	1.5333333333333332	1.0	0.47959267928199995	1
593	Iter0594	21	4	1	0	16	0	2.2	1.0	0.54827715303	1
594	Iter0595	20	4	1	1	18	1	5.0	0.3538461538461529	0.35077323797124244	1
595	Iter0596	25	2	3	0	19	1	2.1666666666666665	1.0	0.37290395917221003	1
596	Iter0597	26	2	2	0	24	1	3.0	1.0	0.564755089817568	1
597	Iter0598	37	2	0	0	29	0	12.666666666666664	1.0	0.6020167536511	1
598	Iter0599	33	1	0	0	30	0	17.0	1.0	0.6601404594000001	1
599	Iter0600	33	3	2	1	28	2	5.5	0.2838384943648071	0.7388783498000002	1
600	Iter0601	26	1	2	1	25	0	13.0	0.19310344827586284	0.47214798903999994	1
601	Iter0602	19	0	1	1	16	0	20.0	0.09523809523809544	0.4878557820919999	1
602	Iter0603	25	0	6	1	22	4	7.428571428571429	0.21874999999999994	0.3805545002	1
603	Iter0604	21	2	1	0	18	1	3.6666666666666665	1.0	0.36834511251560004	1
604	Iter0605	27	1	2	0	23	1	4.666666666666667	1.0	0.48327344598121014	1
605	Iter0606	33	3	1	0	28	0	4.25	1.0	0.5749555520001901	1
606	Iter0607	19	6	2	0	15	0	0.9523809523809524	1.0	0.4175093527000001	1
607	Iter0608	35	3	6	1	26	5	1.9444444444444444	0.504580690627185	0.4625904384799999	1
608	Iter0609	32	3	4	1	26	0	2.6666666666666665	0.42707079549184895	0.4966371142981999	1
609	Iter0610	27	2	5	0	23	2	1.5555555555555556	1.0	0.4314181134	1
610	Iter0611	22	1	0	0	17	0	11.5	1.0	0.39844317813187036	1
611	Iter0612	21	0	2	0	16	1	7.333333333333332	1.0	0.337050981106	1
612	Iter0613	30	2	6	1	24	0	2.5	0.4572710362184067	0.5607874086303452	1
613	Iter0614	22	2	1	0	16	0	3.8333333333333335	1.0	0.3893592750179021	1
614	Iter0615	32	1	2	0	27	1	5.5	1.0	0.6482969412020001	1
615	Iter0616	26	5	2	0	21	1	1.5	1.0	0.5036101834516002	1
616	Iter0617	26	3	2	0	19	1	2.25	1.0	0.40940985637743993	1
617	Iter0618	31	2	0	1	27	0	21.33333333333333	0.08823529411764895	0.5023465735859999	1
618	Iter0619	25	0	2	1	22	1	17.333333333333332	0.10714285714285553	0.510627990244	1
619	Iter0620	20	3	7	0	19	3	0.65625	1.0	0.4443062806700001	1
620	Iter0621	24	6	3	0	23	2	0.8928571428571429	1.0	0.3920916136869999	1
621	Iter0622	24	2	2	1	23	0	6.0	0.2884510125889448	0.57165228	1
622	Iter0623	21	0	1	0	18	0	11.0	1.0	0.292779881	1
623	Iter0624	25	6	1	2	19	0	8.333333333333334	0.13101604278074966	0.3828074140513001	1
624	Iter0625	26	2	2	1	23	1	6.5	0.2711902113459427	0.5849485433527312	1
625	Iter0626	31	3	0	3	27	0	32.0	0.002574002574002632	0.678702212929368	1
626	Iter0627	23	6	1	0	20	0	1.7142857142857142	1.0	0.389676084197	1
627	Iter0628	30	2	1	0	28	0	5.166666666666667	1.0	0.514278553	1
628	Iter0629	22	2	0	0	19	0	7.666666666666668	1.0	0.37978957086655	1
629	Iter0630	19	2	2	1	19	1	4.75	0.3428853754940693	0.55011899	1
630	Iter0631	20	6	2	0	17	1	1.0	1.0	0.323190087711	1
631	Iter0632	29	3	1	0	24	0	3.75	1.0	0.47153513702400013	1
632	Iter0633	21	7	4	1	20	0	0.75	1.0	0.459370786	1
633	Iter0634	22	2	1	4	20	1	44.0	0.002955665024630564	0.37913165502	1
634	Iter0635	25	5	0	0	20	0	4.333333333333333	1.0	0.42179270947299996	1
635	Iter0636	21	1	4	1	15	2	5.25	0.3418803418803442	0.275576262321819	1
636	Iter0637	28	1	1	0	23	1	7.25	1.0	0.6832790390765001	1
637	Iter0638	27	0	0	1	24	0	56.0	0.03571428571428526	0.5059021780000001	1
638	Iter0639	33	2	1	0	29	0	5.666666666666668	1.0	0.6285926789999999	1
639	Iter0640	22	4	2	0	19	1	1.5333333333333332	1.0	0.4498715626255	1
640	Iter0641	30	3	3	2	26	1	6.666666666666668	0.11954767682322395	0.5317282228119999	1
641	Iter0642	27	4	2	5	24	1	16.875	0.004249359125520126	0.5098843218752501	1
642	Iter0643	27	4	2	0	23	0	1.8666666666666665	1.0	0.52995544221541	1
643	Iter0644	30	4	1	0	29	0	3.1	1.0	0.8864567600000001	1
644	Iter0645	24	2	0	0	21	0	8.333333333333334	1.0	0.58080346392071	1
645	Iter0646	20	6	0	0	13	0	3.0	1.0	0.30683764199999997	1
646	Iter0647	29	3	1	0	22	0	3.75	1.0	0.51164977942456	1
647	Iter0648	27	2	8	1	21	3	1.6875	1.0	0.5541973836399999	1
648	Iter0649	24	2	1	0	22	1	4.166666666666667	1.0	0.49795894135999996	1
649	Iter0650	18	2	3	0	15	1	1.5833333333333333	1.0	0.36544011697000006	1
650	Iter0651	23	7	2	0	19	0	1.0	1.0	0.4501968575615096	1
651	Iter0652	25	6	1	0	19	1	1.8571428571428568	1.0	0.36579779991669986	1
652	Iter0653	24	1	1	3	20	0	72.0	0.004252452528314618	0.468657204612	1
653	Iter0654	29	5	1	0	25	0	2.5	1.0	0.49380089237000013	1
654	Iter0655	23	1	1	0	18	0	6.0	1.0	0.3098740757729395	1
655	Iter0656	22	1	3	0	18	1	2.875	1.0	0.387670219121971	1
656	Iter0657	19	3	1	1	15	1	6.333333333333332	0.3115942028985534	0.40366650151	1
657	Iter0658	21	4	0	0	17	0	4.4	1.0	0.39204671747776204	1
658	Iter0659	24	1	4	1	19	1	6.0	0.31034482758620946	0.32542643419999995	1
659	Iter0660	20	3	5	1	15	2	1.3333333333333337	1.0	0.24900347025	1
660	Iter0661	22	3	2	0	19	0	1.9166666666666667	1.0	0.36459736919999997	1
661	Iter0662	29	5	1	0	23	0	2.5	1.0	0.5628549656551999	1
662	Iter0663	23	0	2	0	21	2	8.0	1.0	0.3626377289999999	1
663	Iter0664	25	3	2	0	20	0	2.1666666666666665	1.0	0.4599643361200001	1
664	Iter0665	23	2	3	1	17	0	3.8333333333333335	0.3705528188286827	0.4138177620999998	1
665	Iter0666	31	0	0	0	28	0	32.0	1.0	0.8088235991	1
666	Iter0667	27	1	1	1	24	1	27.0	0.1310344827586243	0.4926734750000001	1
667	Iter0668	18	0	1	0	15	0	9.5	1.0	0.37558462923219993	1
668	Iter0669	24	2	5	1	20	3	2.4	0.4758064516129016	0.33195442089114363	1
669	Iter0670	25	4	3	1	22	1	2.083333333333333	0.4996334310850373	0.43907255581500004	1
670	Iter0671	23	3	1	0	20	1	3.0	1.0	0.3459715387973762	1
671	Iter0672	25	3	0	1	24	0	13.0	0.13793103448276098	0.5640380039000001	1
672	Iter0673	29	7	2	1	22	1	2.071428571428572	0.5081518765729389	0.52741869220094	1
673	Iter0674	29	5	3	0	27	3	1.25	1.0	0.5737735720000001	1
674	Iter0675	26	5	3	0	22	0	1.125	1.0	0.408913205446	1
675	Iter0676	28	2	0	3	25	0	38.66666666666666	0.001832844574780032	0.45140203419999997	1
676	Iter0677	20	1	2	3	14	0	30.0	0.0143812709030101	0.25497432277699994	1
677	Iter0678	35	3	2	0	26	0	3.0	1.0	0.49426067105610005	1
678	Iter0679	23	3	3	2	19	2	5.1111111111111125	0.17291994043940612	0.42560768377009994	1
679	Iter0680	24	1	1	0	21	0	6.25	1.0	0.36945641481	1
680	Iter0681	31	5	1	0	27	1	2.6666666666666665	1.0	0.4942244417	1
681	Iter0682	32	1	0	3	31	0	66.0	0.0005602240896358634	0.8224274888389003	1
682	Iter0683	20	4	3	0	16	1	1.05	1.0	0.2671256779999999	1
683	Iter0684	20	5	1	1	19	0	4.0	0.4017094017094041	0.41460544000000005	1
684	Iter0685	22	3	7	2	17	6	2.095238095238096	0.5908444022770442	0.37551986347806804	1
685	Iter0686	20	5	1	1	16	0	4.0	0.4017094017094041	0.27275103348	1
686	Iter0687	25	1	2	1	21	0	12.5	0.19950738916256328	0.47919842776000005	1
687	Iter0688	24	3	5	1	19	3	1.6	1.0	0.5142173991093	1
688	Iter0689	29	1	2	1	25	2	14.5	0.17613636363636115	0.544448328414	1
689	Iter0690	27	0	1	0	24	1	14.0	1.0	0.6724872402	1
690	Iter0691	28	1	2	0	26	0	4.833333333333333	1.0	0.45503325262000005	1
691	Iter0692	28	2	7	0	24	3	1.2083333333333333	1.0	0.6291898802999999	1
692	Iter0693	30	2	0	0	26	0	10.333333333333334	1.0	0.6268263801478	1
693	Iter0694	34	5	1	1	29	0	6.8	0.2743902439024382	0.710761226728	1
694	Iter0695	24	3	1	0	18	1	3.125	1.0	0.26640876663290003	1
695	Iter0696	26	6	1	0	25	0	1.9285714285714288	1.0	0.37071501694	1
696	Iter0697	22	1	6	1	18	6	3.6666666666666665	0.4183908045977077	0.31414639752651	1
697	Iter0698	25	1	0	0	20	0	13.0	1.0	0.4143801184465401	1
698	Iter0699	26	4	4	3	20	3	4.875	0.10787470453030357	0.42075665660000006	1
699	Iter0700	17	2	2	0	16	1	2.0	1.0	0.42288230680000005	1
700	Iter0701	20	2	1	2	19	0	20.0	0.056521739130435025	0.30339688991138397	1
701	Iter0702	26	2	0	0	20	0	9.0	1.0	0.4455103748348052	1
702	Iter0703	28	1	0	0	25	0	14.5	1.0	0.5681121334510001	1
703	Iter0704	37	3	1	0	28	0	4.75	1.0	0.584166483367	1
704	Iter0705	25	4	2	0	19	0	1.7333333333333334	1.0	0.4307166129999999	1
705	Iter0706	21	2	0	0	17	0	7.333333333333332	1.0	0.45666175974999995	1
706	Iter0707	29	3	1	0	23	0	3.75	1.0	0.4207318942453564	1
707	Iter0708	27	3	1	0	18	0	3.5	1.0	0.2981754871	1
708	Iter0709	25	6	1	3	21	0	12.500000000000002	0.044117647058823706	0.5123097137253001	1
709	Iter0710	22	5	2	2	17	0	4.4	0.2120133481646244	0.33509604399993004	1
710	Iter0711	34	3	5	0	26	2	1.4583333333333333	1.0	0.5732539252941999	1
711	Iter0712	25	4	2	2	21	0	6.25	0.14222873900293004	0.521591417	1
712	Iter0713	17	3	0	0	15	0	4.5	1.0	0.3991902560112	1
713	Iter0714	25	2	8	0	21	4	0.9629629629629628	1.0	0.48088881751100004	1
714	Iter0715	23	3	0	1	18	0	12.0	0.14814814814814975	0.3594767274551	1
715	Iter0716	24	5	4	2	21	0	2.4	0.5761600828014528	0.46038498150999996	1
716	Iter0717	17	2	5	3	14	4	5.1	0.13578595317725858	0.336885729	1
717	Iter0718	31	5	3	2	25	2	4.133333333333334	0.19550359088228192	0.5790912606570501	1
718	Iter0719	25	0	1	1	20	0	26.0	0.07407407407407474	0.318576953836	1
719	Iter0720	22	3	1	0	16	0	2.875	1.0	0.295452371207	1
720	Iter0721	32	1	1	0	25	1	8.25	1.0	0.6625682816599999	1
721	Iter0722	17	2	2	1	15	1	4.25	0.3707792207792177	0.404715457908	1
722	Iter0723	24	3	2	0	20	1	2.083333333333333	1.0	0.35550565300000003	1
723	Iter0724	21	2	0	0	19	0	7.333333333333332	1.0	0.39560147	1
724	Iter0725	15	6	6	0	14	4	0.32653061224489793	0.2842505320766211	0.34693202737142	1
725	Iter0726	29	1	1	0	26	1	7.5	1.0	0.6739815543132538	1
726	Iter0727	31	4	0	2	26	0	19.200000000000006	0.02252252252252289	0.47594341459999995	1
727	Iter0728	25	3	5	0	21	4	1.0833333333333333	1.0	0.5135688734400001	1
728	Iter0729	29	3	0	0	24	0	7.5	1.0	0.5622095382855803	1
729	Iter0730	34	3	2	2	27	1	11.333333333333336	0.06581416016589314	0.5939084255285951	1
730	Iter0731	26	2	4	2	23	2	6.5	0.13466016905296033	0.5137643595873	1
731	Iter0732	36	3	3	0	33	1	2.3125	1.0	0.8502217186000002	1
732	Iter0733	25	2	3	0	22	1	2.1666666666666665	1.0	0.49752062575905	1
733	Iter0734	25	2	1	0	24	0	4.333333333333333	1.0	0.6050007061799999	1
734	Iter0735	21	2	2	0	16	0	2.4444444444444438	1.0	0.4761820010688	1
735	Iter0736	40	1	3	0	33	1	5.125	1.0	0.7220761014000001	1
736	Iter0737	28	4	1	0	23	1	2.9	1.0	0.4885203988	1
737	Iter0738	30	3	3	0	23	2	1.9375	1.0	0.4583335547798123	1
738	Iter0739	21	3	2	2	18	0	7.0	0.13504273504273462	0.4270741638400001	1
739	Iter0740	18	5	3	0	14	0	0.7916666666666666	1.0	0.290821072865668	1
740	Iter0741	27	3	3	0	21	1	1.75	1.0	0.3577243597908001	1
741	Iter0742	15	0	0	0	12	0	16.0	1.0	0.237178965696	1
742	Iter0743	26	3	2	0	22	0	2.25	1.0	0.48895693199999996	1
743	Iter0744	29	1	4	1	26	4	7.25	0.268907563025219	0.4873313539900001	1
744	Iter0745	22	3	2	0	17	2	1.9166666666666667	1.0	0.40080137316551	1
745	Iter0746	15	4	5	1	12	2	0.75	1.0	0.23710683802149998	1
746	Iter0747	23	2	2	1	19	0	5.75	0.2979242979242929	0.458896226015	1
747	Iter0748	25	0	1	1	23	0	26.0	0.07407407407407474	0.5672492790000001	1
748	Iter0749	21	5	0	1	12	0	7.333333333333332	0.22222222222222368	0.2433149198822	1
749	Iter0750	21	5	1	0	19	0	1.8333333333333333	1.0	0.450604905	1
750	Iter0751	26	4	2	2	24	2	6.5	0.13466016905296033	0.5629845247999999	1
751	Iter0752	31	1	1	0	27	1	8.0	1.0	0.5713746755999999	1
752	Iter0753	17	1	4	0	15	1	1.8	1.0	0.27749746	1
753	Iter0754	24	2	2	1	17	2	6.0	0.2884510125889448	0.27154539685999995	1
754	Iter0755	26	4	3	1	17	3	2.1666666666666665	0.4878601000517533	0.33322421328546503	1
755	Iter0756	24	4	1	0	15	0	2.5	1.0	0.30021198117414605	1
756	Iter0757	33	2	5	2	28	2	6.6	0.12288930581613307	0.6513901936909001	1
757	Iter0758	34	3	0	1	29	0	17.5	0.10526315789473464	0.6457141008080001	1
758	Iter0759	28	6	3	0	25	3	1.0357142857142858	1.0	0.37193108210000014	1
759	Iter0760	20	2	8	1	17	4	1.25	1.0	0.41311650839599995	1
760	Iter0761	45	2	2	0	35	1	5.1111111111111125	1.0	0.7393665178613229	1
761	Iter0762	27	1	1	3	22	0	81.0	0.003142380422691984	0.5739943620000001	1
762	Iter0763	30	4	3	1	22	1	2.5	0.4456411298516635	0.6578440131947617	1
763	Iter0764	29	3	3	1	27	0	3.2222222222222214	0.3895255071725654	0.6409627676457301	1
764	Iter0765	33	5	0	2	28	0	17.000000000000004	0.02692307692307681	0.6037235464763999	1
765	Iter0766	30	7	5	2	27	2	1.7142857142857142	0.61878331239765	0.5774013767969999	1
766	Iter0767	28	7	3	1	25	1	1.3333333333333333	1.0	0.48070546720000007	1
767	Iter0768	28	5	0	2	22	0	14.5	0.035294117647059545	0.4208040405499653	1
768	Iter0769	27	4	5	1	21	3	1.35	1.0	0.408793776400014	1
769	Iter0770	23	2	0	0	22	0	8.0	1.0	0.49970495960000005	1
770	Iter0771	23	2	0	0	20	0	8.0	1.0	0.5276076789	1
771	Iter0772	24	2	2	0	20	0	2.7777777777777786	1.0	0.46689456153400005	1
772	Iter0773	26	2	3	1	22	0	4.333333333333333	0.3395161290322606	0.35163569930789007	1
773	Iter0774	25	3	0	2	22	0	19.5	0.022988505747126846	0.5172408531129957	1
774	Iter0775	29	2	3	0	26	1	2.5	1.0	0.49345951890000006	1
775	Iter0776	24	3	3	0	24	0	1.5625	1.0	0.45625215999999996	1
776	Iter0777	18	1	1	0	18	1	4.75	1.0	0.52421204	1
777	Iter0778	32	5	3	0	26	2	1.375	1.0	0.6991672597188512	1
778	Iter0779	26	5	3	0	23	2	1.125	1.0	0.47206993709779305	1
779	Iter0780	30	1	2	0	25	1	5.166666666666667	1.0	0.5232278531145779	1
780	Iter0781	18	4	5	2	15	2	1.8	0.6119363395225561	0.3157505527	1
781	Iter0782	32	1	5	0	26	0	2.75	1.0	0.41412933114	1
782	Iter0783	33	3	0	0	25	0	8.5	1.0	0.6717900739999999	1
783	Iter0784	25	5	0	0	20	0	4.333333333333333	1.0	0.40686371112535796	1
784	Iter0785	25	6	2	0	20	0	1.238095238095238	1.0	0.43408873540000015	1
785	Iter0786	26	2	3	0	21	0	2.25	1.0	0.48753006699999996	1
786	Iter0787	31	3	2	0	26	0	2.6666666666666665	1.0	0.5166936102	1
787	Iter0788	24	5	1	0	21	0	2.083333333333333	1.0	0.44822585014	1
788	Iter0789	31	6	3	0	27	1	1.1428571428571428	1.0	0.6359643148069751	1
789	Iter0790	31	1	9	0	27	5	1.6	1.0	0.5372741620100001	1
790	Iter0791	31	0	1	1	25	0	32.0	0.06060606060605945	0.562637537440146	1
791	Iter0792	24	4	4	0	20	2	1.0	1.0	0.533536043240014	1
792	Iter0793	21	1	1	3	19	1	63.0	0.005953177257525128	0.3767623732	1
793	Iter0794	18	5	0	0	16	0	3.1666666666666665	1.0	0.37134650476000003	1
794	Iter0795	27	1	1	1	23	0	27.0	0.1310344827586243	0.44294972271999994	1
795	Iter0796	28	3	3	1	24	0	3.111111111111111	0.3990641711229985	0.4427525815399838	1
796	Iter0797	36	5	0	0	29	0	6.166666666666668	1.0	0.50913693159287	1
797	Iter0798	26	2	1	2	22	0	26.0	0.03692992213570637	0.467526588432	1
798	Iter0799	24	1	1	2	18	0	48.0	0.023199023199022936	0.3720998087054051	1
799	Iter0800	26	2	3	0	22	1	2.25	1.0	0.31920967999999994	1
800	Iter0801	19	0	6	3	17	4	11.428571428571427	0.02564102564102535	0.31793405236	1
801	Iter0802	20	3	2	0	17	2	1.75	1.0	0.34189485833999994	1
802	Iter0803	29	3	1	0	25	1	3.75	1.0	0.6093452150393002	1
803	Iter0804	21	1	1	0	18	0	5.5	1.0	0.42069385109999996	1
804	Iter0805	19	1	1	0	16	0	5.0	1.0	0.35510328989999995	1
805	Iter0806	26	4	2	1	21	1	3.25	0.3995601173020483	0.46342919163000007	1
806	Iter0807	26	2	1	1	24	0	13.0	0.19310344827586284	0.6179553530000002	1
807	Iter0808	17	3	1	0	14	1	2.25	1.0	0.36831701955	1
808	Iter0809	15	2	8	3	13	7	2.8125	0.3530728530728517	0.3002716818	1
809	Iter0810	24	4	1	1	21	0	6.0	0.31034482758620946	0.40198506669999995	1
810	Iter0811	27	1	4	0	21	1	2.8	1.0	0.543829042607	1
811	Iter0812	25	3	0	0	22	0	6.5	1.0	0.43453495408651	1
812	Iter0813	23	3	4	1	21	3	1.9166666666666667	0.5248689019545493	0.50154019617	1
813	Iter0814	21	2	2	0	20	1	2.4444444444444438	1.0	0.43493235189999985	1
814	Iter0815	26	2	1	0	21	0	4.5	1.0	0.5305049962	1
815	Iter0816	27	1	2	0	24	1	4.666666666666667	1.0	0.4887933199999999	1
816	Iter0817	24	1	1	1	20	0	24.0	0.14529914529914642	0.51574052388	1
817	Iter0818	27	3	4	1	23	2	2.25	0.4766042780748739	0.5312249480618999	1
818	Iter0819	29	6	0	0	25	0	4.285714285714286	1.0	0.5024334784000001	1
819	Iter0820	29	4	2	0	22	2	2.0	1.0	0.4782124401	1
820	Iter0821	28	4	11	2	23	7	1.2727272727272727	1.0	0.5801272982699999	1
821	Iter0822	30	3	4	2	23	0	5.0	0.1613545297755868	0.415472274	1
822	Iter0823	22	3	1	1	19	0	7.333333333333332	0.27920227920228224	0.3380044433	1
823	Iter0824	32	2	0	0	30	0	11.0	1.0	0.5823427115	1
824	Iter0825	31	6	0	0	24	0	4.571428571428571	1.0	0.5125237354999999	1
825	Iter0826	20	4	3	0	16	2	1.05	1.0	0.3564370430999976	1
826	Iter0827	23	0	0	0	21	0	24.0	1.0	0.5152534124000001	1
827	Iter0828	22	3	1	1	21	1	7.333333333333332	0.27920227920228224	0.44838645	1
828	Iter0829	30	2	1	0	24	1	5.166666666666667	1.0	0.45231810299993636	1
829	Iter0830	27	3	3	1	23	2	3.0	0.4090693462135634	0.5660659004299999	1
830	Iter0831	31	2	0	0	28	0	10.666666666666666	1.0	0.7222756599645997	1
831	Iter0832	28	3	2	0	24	0	2.4166666666666665	1.0	0.5527534078299055	1
832	Iter0833	22	1	2	0	22	0	3.8333333333333335	1.0	0.50452244	1
833	Iter0834	26	4	4	1	23	2	1.625	0.5610229429015064	0.5562505625	1
834	Iter0835	24	3	0	1	21	0	12.5	0.14285714285714154	0.34985842199	1
835	Iter0836	24	3	8	2	16	7	2.0	0.5973819503231352	0.3610181482969999	1
836	Iter0837	23	4	3	1	19	1	1.9166666666666667	0.5248689019545456	0.48827668400000007	1
837	Iter0838	39	6	2	0	34	0	1.9047619047619049	1.0	0.77083445	1
838	Iter0839	22	1	0	0	21	0	11.5	1.0	0.5006234399999999	1
839	Iter0840	30	4	4	0	24	1	1.24	1.0	0.5571423471550799	1
840	Iter0841	30	1	0	1	25	0	31.0	0.06250000000000043	0.661097177995899	1
841	Iter0842	26	4	0	1	23	0	10.8	0.16129032258064402	0.533400914852886	1
842	Iter0843	23	6	4	2	18	2	1.9166666666666667	0.6021094654870708	0.4321754687	1
843	Iter0844	34	3	0	0	28	0	8.75	1.0	0.7339545062800001	1
844	Iter0845	22	3	0	0	19	0	5.75	1.0	0.434049164528	1
845	Iter0846	25	1	2	0	21	1	4.333333333333333	1.0	0.5279451854999999	1
846	Iter0847	31	1	2	0	25	1	5.333333333333333	1.0	0.5880388758999999	1
847	Iter0848	33	2	3	2	30	1	11.0	0.06899004267425217	0.6267484465609998	1
848	Iter0849	24	3	0	1	20	0	12.5	0.14285714285714154	0.3171015592037	1
849	Iter0850	21	6	8	5	17	5	2.1875	0.45069551474973796	0.31925675446099994	1
850	Iter0851	23	6	1	0	19	1	1.7142857142857142	1.0	0.4579873240000001	1
851	Iter0852	17	7	4	1	14	2	0.6071428571428571	1.0	0.3410594569605	1
852	Iter0853	26	1	1	1	21	0	26.0	0.13546798029556614	0.4390819632999999	1
853	Iter0854	22	2	3	0	19	0	1.9166666666666667	1.0	0.35202621614275	1
854	Iter0855	21	3	2	0	21	0	1.8333333333333333	1.0	0.49454853	1
855	Iter0856	21	5	2	0	19	1	1.2222222222222219	1.0	0.4395086192	1
856	Iter0857	25	3	4	1	22	2	2.083333333333333	0.4996334310850373	0.6695475305	1
857	Iter0858	23	3	1	3	19	0	23.000000000000004	0.018062397372742157	0.39310745717791	1
858	Iter0859	15	2	4	4	14	0	7.5	0.0592885375494072	0.22710155060700002	1
859	Iter0860	26	1	4	0	21	2	2.7	1.0	0.5406054091836772	1
860	Iter0861	33	5	3	2	26	1	4.4	0.18000349055368586	0.5727348910000001	1
861	Iter0862	25	3	1	2	22	0	16.666666666666668	0.06006674082313807	0.43845091	1
862	Iter0863	22	3	3	2	18	1	4.8888888888888875	0.18333263160849303	0.2924397426759999	1
863	Iter0864	16	1	3	0	15	2	2.125	1.0	0.22447337378	1
864	Iter0865	19	4	1	2	17	0	9.5	0.12307692307692268	0.35010124699999995	1
865	Iter0866	27	4	3	2	24	2	4.5	0.1858288770053484	0.400152465486	1
866	Iter0867	33	5	2	0	26	1	1.8888888888888893	1.0	0.5630557641917651	1
867	Iter0868	19	3	4	2	15	1	3.1666666666666665	0.2854700854700856	0.38798358047631987	1
868	Iter0869	21	3	3	2	18	0	4.666666666666667	0.1946949602122024	0.33650515652699997	1
869	Iter0870	26	1	0	1	22	0	27.0	0.07142857142857065	0.496162766224369	1
870	Iter0871	23	1	2	0	20	0	4.0	1.0	0.37164703587732006	1
871	Iter0872	25	3	0	0	22	0	6.5	1.0	0.41752084380000004	1
872	Iter0873	21	2	3	1	20	2	3.5	0.39452991452991903	0.4670401226630001	1
873	Iter0874	26	2	1	1	23	0	13.0	0.19310344827586284	0.46921493489999994	1
874	Iter0875	15	9	1	1	13	0	1.6666666666666667	1.0	0.24288432989999995	1
875	Iter0876	26	4	0	0	22	0	5.4	1.0	0.5065056566999973	1
876	Iter0877	26	3	2	0	23	1	2.25	1.0	0.42556206623540005	1
877	Iter0878	30	2	0	0	25	0	10.333333333333334	1.0	0.5013030005182901	1
878	Iter0879	28	2	1	0	27	1	4.833333333333333	1.0	0.5451473437487	1
879	Iter0880	31	4	0	0	25	0	6.4	1.0	0.44246287496136	1
880	Iter0881	26	3	3	0	21	1	1.6875	1.0	0.45211189838000004	1
881	Iter0882	19	6	1	0	15	0	1.4285714285714286	1.0	0.32205061116399997	1
882	Iter0883	25	3	1	1	22	1	8.333333333333334	0.2528735632183937	0.480392054692	1
883	Iter0884	27	4	1	1	24	0	6.75	0.2840909090909093	0.55837851598	1
884	Iter0885	31	6	4	0	27	1	0.9142857142857144	1.0	0.5252227436967001	1
885	Iter0886	28	0	2	0	24	0	9.666666666666666	1.0	0.59878060212	1
886	Iter0887	20	5	2	3	19	2	6.0	0.10197465369879216	0.30670352781599997	1
887	Iter0888	29	7	2	1	26	0	2.071428571428572	0.5081518765729389	0.7144048207100001	1
888	Iter0889	20	4	3	1	18	2	1.6666666666666667	1.0	0.37847194069999995	1
889	Iter0890	24	3	9	3	21	3	2.6666666666666665	0.3480521653896353	0.5534171570901136	1
890	Iter0891	22	5	1	0	18	0	1.9166666666666667	1.0	0.3773035191206999	1
891	Iter0892	25	1	0	3	24	0	52.0	0.001094690749863168	0.58927095	1
892	Iter0893	26	5	3	1	19	1	1.7333333333333334	0.5463903743315546	0.46122470592752146	1
893	Iter0894	31	2	1	1	24	0	15.5	0.16638655462185226	0.37831265264299996	1
894	Iter0895	25	3	2	0	22	0	2.1666666666666665	1.0	0.51100132465	1
895	Iter0896	25	1	2	0	20	2	4.333333333333333	1.0	0.3891004642020394	1
896	Iter0897	25	3	1	0	23	1	3.25	1.0	0.421438814	1
897	Iter0898	20	2	1	0	17	0	3.5	1.0	0.39299399789031	1
898	Iter0899	25	4	1	1	20	0	6.25	0.30107526881720065	0.3417869267342952	1
899	Iter0900	26	2	0	0	21	0	9.0	1.0	0.58289929205	1
900	Iter0901	22	4	0	1	19	0	9.2	0.1851851851851857	0.42775926510599993	1
901	Iter0902	16	5	0	1	15	0	5.666666666666668	0.2727272727272725	0.261405223	1
902	Iter0903	41	4	0	0	35	0	8.4	1.0	0.812473892367865	1
903	Iter0904	26	0	0	0	19	0	27.0	1.0	0.4517276303203999	1
904	Iter0905	28	2	0	1	24	0	19.33333333333333	0.0967741935483866	0.4896202308600449	1
905	Iter0906	36	6	2	0	28	0	1.761904761904762	1.0	0.6350878449297999	1
906	Iter0907	24	3	1	0	22	0	3.125	1.0	0.5123970809932	1
907	Iter0908	21	2	4	3	17	1	7.875	0.06793398172708537	0.364996726303	1
908	Iter0909	22	2	4	1	19	2	2.75	0.44608648056924105	0.42903447930000005	1
909	Iter0910	22	4	3	0	21	0	1.15	1.0	0.5334547617	1
910	Iter0911	20	2	2	0	19	1	2.333333333333333	1.0	0.32739671831701994	1
911	Iter0912	24	3	3	0	19	1	1.5625	1.0	0.41557115575	1
912	Iter0913	14	2	0	1	12	0	10.0	0.17647058823529446	0.21181479244999998	1
913	Iter0914	29	4	4	1	21	2	1.8125	0.527164493108788	0.42518860914520007	1
914	Iter0915	30	3	2	1	23	1	5.0	0.3053221288515442	0.525461539668664	1
915	Iter0916	28	1	2	0	25	1	4.833333333333333	1.0	0.545885207	1
916	Iter0917	18	2	0	0	16	0	6.333333333333332	1.0	0.42187326121499996	1
917	Iter0918	28	2	2	4	24	0	28.0	0.0034428727502730863	0.5183515657000001	1
918	Iter0919	30	8	1	0	26	0	1.7222222222222223	1.0	0.55963402795	1
919	Iter0920	27	5	0	1	23	0	9.333333333333334	0.18181818181817794	0.456425128008	1
920	Iter0921	24	4	3	0	19	1	1.25	1.0	0.3230062743831	1
921	Iter0922	23	2	2	1	20	1	5.75	0.2979242979242929	0.34360423688999997	1
922	Iter0923	27	2	1	1	23	0	13.5	0.18709677419354967	0.4921890421	1
923	Iter0924	32	2	2	1	28	1	8.0	0.22985842985843166	0.7221195790009998	1
924	Iter0925	21	4	3	0	18	1	1.1	1.0	0.46154529499999997	1
925	Iter0926	31	2	2	1	24	1	7.75	0.2358543417367005	0.5097948357000001	1
926	Iter0927	26	2	1	1	24	1	13.0	0.19310344827586284	0.6136549394999999	1
927	Iter0928	27	3	4	0	23	2	1.4	1.0	0.49505462451079996	1
928	Iter0929	25	5	2	0	21	0	1.4444444444444444	1.0	0.49545125795899997	1
929	Iter0930	26	2	2	1	20	0	6.5	0.2711902113459427	0.33771164819383	1
930	Iter0931	23	2	1	0	21	0	4.0	1.0	0.43324020708	1
931	Iter0932	27	6	0	0	26	0	4.0	1.0	0.5661923249999999	1
932	Iter0933	22	4	4	2	19	2	2.75	0.31040000353126096	0.46222243691120585	1
933	Iter0934	41	4	2	1	32	1	5.125	0.2864824236817922	0.7411515853399999	1
934	Iter0935	32	6	1	1	27	0	5.333333333333333	0.32307692307692865	0.6918286127000002	1
935	Iter0936	19	2	1	2	17	0	19.0	0.061264822134387276	0.33205408	1
936	Iter0937	36	0	0	0	28	0	37.0	1.0	0.5577220102669	1
937	Iter0938	27	2	3	1	23	1	4.5	0.3302785923753601	0.50716556192	1
938	Iter0939	24	4	0	1	20	0	10.0	0.1724137931034499	0.47073402329999986	1
939	Iter0940	31	3	4	1	28	1	2.583333333333333	0.4361649098491196	0.556068018529846	1
940	Iter0941	28	3	1	0	24	0	3.625	1.0	0.4176624187709999	1
941	Iter0942	23	2	7	1	22	6	1.6428571428571428	1.0	0.49533781710000013	1
942	Iter0943	23	3	1	1	20	0	7.666666666666668	0.2698412698412688	0.4068712438	1
943	Iter0944	30	2	4	2	25	4	7.5	0.10966605703447717	0.5442623357001001	1
944	Iter0945	23	4	2	0	20	1	1.6	1.0	0.560086577	1
945	Iter0946	30	1	1	0	24	0	7.75	1.0	0.4657894783447	1
946	Iter0947	26	4	3	0	21	0	1.35	1.0	0.44325201126600006	1
947	Iter0948	24	5	0	0	21	0	4.166666666666667	1.0	0.4601475749999999	1
948	Iter0949	28	5	1	2	23	0	11.2	0.09019607843137184	0.6944939447719	1
949	Iter0950	26	1	0	0	21	0	13.5	1.0	0.54213556113	1
950	Iter0951	15	2	3	0	13	2	1.3333333333333333	1.0	0.246772328	1
951	Iter0952	20	4	0	1	17	0	8.4	0.19999999999999946	0.366292670993	1
952	Iter0953	28	3	2	1	21	0	4.666666666666667	0.3215240641711227	0.439581240603	1
953	Iter0954	18	6	0	1	17	0	5.428571428571429	0.28000000000000097	0.4280376249999999	1
954	Iter0955	24	3	2	0	19	0	2.083333333333333	1.0	0.3563355284	1
955	Iter0956	28	2	1	0	23	1	4.833333333333333	1.0	0.4640432383180001	1
956	Iter0957	23	2	5	0	19	4	1.3333333333333333	1.0	0.44042842754000006	1
957	Iter0958	23	3	1	1	19	0	7.666666666666668	0.2698412698412688	0.5112713011438728	1
958	Iter0959	30	7	0	1	27	0	7.75	0.21052631578946965	0.7347925871600001	1
959	Iter0960	25	6	1	1	19	1	4.166666666666667	0.38446969696968747	0.35024123230000004	1
960	Iter0961	24	3	2	0	21	1	2.083333333333333	1.0	0.45559205584947	1
961	Iter0962	28	7	0	0	22	0	3.625	1.0	0.4848231951100001	1
962	Iter0963	21	3	1	1	17	1	7.0	0.2892307692307718	0.4236906990479999	1
963	Iter0964	28	0	2	0	24	1	9.666666666666666	1.0	0.553522040187359	1
964	Iter0965	25	2	1	1	22	0	12.5	0.19950738916256056	0.581644118	1
965	Iter0966	25	5	0	1	21	0	8.666666666666666	0.19354838709677086	0.5238600956	1
966	Iter0967	24	3	0	0	21	0	6.25	1.0	0.537913827	1
967	Iter0968	20	1	1	1	17	0	20.0	0.16996047430830033	0.37153967144	1
968	Iter0969	31	2	2	2	28	0	15.5	0.04998107351048815	0.5862362699888871	1
969	Iter0970	26	5	1	0	23	1	2.25	1.0	0.4107369195999999	1
970	Iter0971	26	5	7	1	24	5	0.7428571428571429	1.0	0.5725676336710002	1
971	Iter0972	29	1	3	0	27	2	3.75	1.0	0.448072984407	1
972	Iter0973	21	4	1	2	16	1	10.5	0.10683760683760572	0.43956513007303094	1
973	Iter0974	15	1	3	3	13	2	15.0	0.045796308954203634	0.23953669399999997	1
974	Iter0975	19	3	10	3	16	7	1.9	0.6484819734345431	0.27081746928098005	1
975	Iter0976	31	5	4	0	24	3	1.0666666666666669	1.0	0.6403519076489999	1
976	Iter0977	27	2	4	0	20	1	1.8666666666666667	1.0	0.41765512683620193	1
977	Iter0978	25	2	3	0	22	0	2.1666666666666665	1.0	0.36402661960194005	1
978	Iter0979	25	4	2	1	21	0	3.125	0.4102822580645166	0.4288245479000001	1
979	Iter0980	35	3	2	0	30	0	3.0	1.0	0.6939006678539997	1
980	Iter0981	31	5	1	0	27	1	2.6666666666666665	1.0	0.5860151712653601	1
981	Iter0982	27	3	0	1	24	0	14.0	0.12903225806451624	0.5279544420694	1
982	Iter0983	21	6	1	0	18	1	1.5714285714285714	1.0	0.36673624471	1
983	Iter0984	31	2	0	0	23	0	10.666666666666666	1.0	0.50580222956056	1
984	Iter0985	31	1	2	1	26	0	15.5	0.16638655462185226	0.5191687102236	1
985	Iter0986	30	4	0	1	25	0	12.4	0.1428571428571436	0.68078508533	1
986	Iter0987	27	4	2	1	23	0	3.375	0.3893716577540132	0.5159483721000001	1
987	Iter0988	18	1	4	0	16	2	1.9	1.0	0.27857352180000006	1
988	Iter0989	25	0	1	0	23	1	13.0	1.0	0.5159835899732016	1
989	Iter0990	25	5	2	0	20	1	1.4444444444444444	1.0	0.4793717463	1
990	Iter0991	29	4	3	3	25	1	7.25	0.058737708892508574	0.5463327129000001	1
991	Iter0992	33	3	1	0	26	0	4.25	1.0	0.5917403909499999	1
992	Iter0993	33	4	5	2	29	2	3.3	0.2384157249443645	0.655121721368	1
993	Iter0994	22	1	2	2	22	2	22.0	0.048547008547008864	0.5406864499999999	1
994	Iter0995	25	4	2	0	21	2	1.7333333333333334	1.0	0.6374983908	1
995	Iter0996	25	2	0	1	18	0	17.333333333333332	0.10714285714285553	0.31004128791680996	1
996	Iter0997	25	4	1	0	21	1	2.6	1.0	0.4621728010379001	1
997	Iter0998	35	3	4	3	28	2	8.75	0.03936987572835445	0.6998572404738701	1
998	Iter0999	26	2	0	0	23	0	9.0	1.0	0.5870455055009	1
999	Iter1000	27	0	1	2	23	1	42.0	0.006896551724138006	0.557932912	1
