	IterId	dN	dS	pN	pS	bdN	bpN	MkScore	FSPVal	SelCoef	PosSel
0	Iter0001	26	4	3	3	21	0	6.5	0.07327065723650092	0.30462282809169994	1
1	Iter0002	28	4	4	0	25	1	1.16	1.0	0.4317005019252099	1
2	Iter0003	24	0	12	1	19	1	3.8461538461538463	0.35135135135135825	0.44821053699999985	1
3	Iter0004	26	3	5	3	20	2	5.199999999999998	0.10095389507154448	0.33954351912266995	1
4	Iter0005	20	5	13	3	18	0	0.9230769230769232	1.0	0.48210741700000004	1
5	Iter0006	35	4	9	3	30	1	2.9166666666666665	0.3336094030581576	0.6337253793400002	1
6	Iter0007	26	2	9	1	23	2	1.4444444444444444	1.0	0.527932709257	1
7	Iter0008	17	2	10	0	15	1	0.5454545454545454	0.5320197044334946	0.3182756906	1
8	Iter0009	30	6	8	5	26	0	3.125	0.13266316463079408	0.576253297274	1
9	Iter0010	20	3	6	0	15	2	0.75	1.0	0.3225165747999999	1
10	Iter0011	25	4	6	2	24	1	2.083333333333333	0.5913426795779844	0.5306643418	1
11	Iter0012	26	2	5	5	22	1	13.0	0.008023292079019619	0.485707978	1
12	Iter0013	25	1	10	2	20	0	5.0	0.2294926505452801	0.303375992633	1
13	Iter0014	20	1	3	2	16	1	13.333333333333336	0.08461538461538466	0.50899776323	1
14	Iter0015	21	1	7	1	16	2	3.0	0.4689655172413864	0.4120380527	1
15	Iter0016	23	6	6	1	21	0	0.6388888888888891	1.0	0.4983954313	1
16	Iter0017	21	3	7	3	20	1	3.0	0.3284204671857682	0.53682985	1
17	Iter0018	18	2	7	2	14	2	2.571428571428572	0.5680181887078473	0.2503276141	1
18	Iter0019	28	2	6	2	20	0	4.666666666666667	0.18871503082029065	0.47508848269999987	1
19	Iter0020	29	4	7	4	25	3	4.142857142857143	0.09185251765184596	0.4963553821000001	1
20	Iter0021	30	1	7	6	21	0	25.71428571428571	0.0014329641460429136	0.41273124605333	1
21	Iter0022	26	4	7	2	26	2	1.8571428571428568	0.606894820517125	0.6503325900000001	1
22	Iter0023	23	1	8	8	18	2	23.0	0.001171450087858765	0.336689180379	1
23	Iter0024	26	1	8	2	24	0	6.5	0.17181467181467322	0.3956351899999999	1
24	Iter0025	19	3	8	2	16	1	1.5833333333333333	0.6367491657397186	0.311850181438	1
25	Iter0026	29	2	10	0	21	1	0.9090909090909092	1.0	0.41048511739790006	1
26	Iter0027	28	1	7	2	23	2	8.0	0.13371266002844615	0.40491993582	1
27	Iter0028	21	3	4	3	14	1	5.25	0.1100272857781204	0.27774739986	1
28	Iter0029	25	2	2	2	20	0	12.5	0.07039567773716719	0.5442196465946971	1
29	Iter0030	25	1	10	5	20	0	12.5	0.01847772033908114	0.39935056600000013	1
30	Iter0031	24	1	6	3	22	2	12.0	0.04799896498188769	0.45647132004899993	1
31	Iter0032	18	0	11	4	14	0	7.916666666666668	0.03335777126099654	0.30468581982400006	1
32	Iter0033	30	5	3	2	25	0	4.0	0.2039975197869952	0.5266194142485301	1
33	Iter0034	24	2	9	0	22	4	0.8333333333333334	1.0	0.5693352204691001	1
34	Iter0035	27	2	10	3	23	3	4.05	0.16238767650834296	0.5090303989998219	1
35	Iter0036	21	4	5	2	16	1	2.1	0.5895902855024155	0.39814280510920164	1
36	Iter0037	27	4	5	1	23	1	1.35	1.0	0.4376084443452279	1
37	Iter0038	28	1	4	5	28	0	35.0	0.001354013737914657	0.7031966599999999	1
38	Iter0039	20	7	6	7	17	1	3.333333333333333	0.15532238192865616	0.3307446154550001	1
39	Iter0040	18	4	4	2	14	0	2.25	0.5806020066889631	0.33889668214999996	1
40	Iter0041	23	1	9	5	17	0	12.777777777777775	0.018492176386913247	0.40941321592	1
41	Iter0042	30	1	8	2	25	0	7.5	0.1421200750469055	0.6078781332000002	1
42	Iter0043	24	5	10	3	19	3	1.44	0.6860840301148352	0.2995451480211	1
43	Iter0044	26	1	7	5	21	2	18.571428571428573	0.006837443369951244	0.35069801860600996	1
44	Iter0045	29	3	9	3	25	2	3.2222222222222214	0.3214567621827999	0.592404977976394	1
45	Iter0046	25	1	5	2	21	0	10.0	0.10648826979471944	0.38857299573630005	1
46	Iter0047	21	3	12	5	20	1	2.916666666666667	0.2412455508732855	0.5526489	1
47	Iter0048	30	3	5	5	23	1	10.0	0.010273858887167545	0.5448162750349905	1
48	Iter0049	21	2	3	1	17	0	3.5	0.39452991452991903	0.3361684236010502	1
49	Iter0050	30	4	12	1	24	6	0.625	1.0	0.47388682043999997	1
50	Iter0051	22	1	11	4	19	5	8.0	0.06852983013973933	0.408778988	1
51	Iter0052	16	2	8	4	11	1	4.0	0.1843779209296447	0.250754746	1
52	Iter0053	28	2	8	1	23	2	1.75	0.5557500820658705	0.4752914204879999	1
53	Iter0054	31	0	7	1	26	0	8.0	0.2051282051282083	0.5683295569996814	1
54	Iter0055	21	5	7	3	19	3	1.8	0.6576261205260818	0.3796683623000001	1
55	Iter0056	20	3	7	3	17	2	2.8571428571428568	0.3364154616240226	0.39305301570000006	1
56	Iter0057	22	6	7	2	20	1	1.0476190476190477	1.0	0.433696647	1
57	Iter0058	24	3	8	1	22	2	1.0	1.0	0.4213847167	1
58	Iter0059	27	3	9	1	20	1	1.0	1.0	0.46099460985388496	1
59	Iter0060	30	1	5	4	25	2	24.0	0.00612758507495353	0.6080990083009542	1
60	Iter0061	29	2	9	1	25	0	1.6111111111111112	1.0	0.6099382384600001	1
61	Iter0062	19	3	5	3	17	0	3.8	0.3002534630120862	0.46492062970000003	1
62	Iter0063	18	4	7	1	11	0	0.6428571428571429	1.0	0.22550813373295003	1
63	Iter0064	32	4	3	2	27	1	5.333333333333333	0.14759313475616573	0.6858046326270001	1
64	Iter0065	21	3	9	1	17	2	0.7777777777777778	1.0	0.3740476146270001	1
65	Iter0066	27	2	7	2	20	0	3.8571428571428568	0.23271692745376704	0.36317136352999996	1
66	Iter0067	23	2	10	0	17	0	0.7272727272727273	1.0	0.31515739086329003	1
67	Iter0068	23	5	7	5	18	2	3.2857142857142856	0.1329160604727374	0.48900280451999995	1
68	Iter0069	19	0	4	2	17	0	12.0	0.050000000000000384	0.20800142454899997	1
69	Iter0070	14	3	12	1	10	3	0.3888888888888889	0.6129173508483909	0.20805410463	1
70	Iter0071	27	1	4	1	23	1	6.75	0.2840909090909093	0.4517476222541899	1
71	Iter0072	24	3	13	3	18	5	1.8461538461538465	0.6545532862217726	0.437245933623	1
72	Iter0073	34	5	17	7	21	1	2.8000000000000003	0.18470431941844406	0.44340576056457565	1
73	Iter0074	23	5	2	0	18	0	1.3333333333333333	1.0	0.30605684432300007	1
74	Iter0075	28	2	13	5	25	2	5.384615384615384	0.08626516439049926	0.49543419663999994	1
75	Iter0076	29	3	7	1	26	1	1.380952380952381	1.0	0.4456228498729999	1
76	Iter0077	21	3	4	0	19	0	1.1	1.0	0.41707011800000005	1
77	Iter0078	28	1	6	2	26	0	9.333333333333334	0.11171171171171193	0.5246494825	1
78	Iter0079	17	1	11	1	14	1	1.5454545454545454	1.0	0.25844548200000006	1
79	Iter0080	23	5	3	2	20	1	3.0666666666666664	0.2819041359085838	0.4329727968	1
80	Iter0081	19	1	9	5	18	2	10.555555555555557	0.06082441572038011	0.317545731	1
81	Iter0082	25	3	6	3	21	1	4.166666666666667	0.1404104639398814	0.54917626865	1
82	Iter0083	30	1	10	3	21	1	9.0	0.07057774896685955	0.5706723146112002	1
83	Iter0084	23	2	8	0	17	1	0.8888888888888888	1.0	0.32539704998833296	1
84	Iter0085	26	7	8	2	21	3	0.9285714285714286	1.0	0.40389218169999996	1
85	Iter0086	26	1	10	2	25	1	5.2	0.2190611664295876	0.42152126409999996	1
86	Iter0087	18	2	12	2	15	5	1.5	1.0	0.3537153327999999	1
87	Iter0088	24	3	10	2	20	0	1.6	0.6342206868522641	0.569000508138511	1
88	Iter0089	23	2	11	1	18	3	1.0454545454545454	1.0	0.36458280437090007	1
89	Iter0090	28	5	9	3	24	2	1.8666666666666665	0.6608749501485878	0.502956825	1
90	Iter0091	19	6	4	3	17	0	2.375	0.3701789381363956	0.40099317050000005	1
91	Iter0092	17	2	10	3	14	4	2.55	0.3744537581439701	0.3430828678413	1
92	Iter0093	26	4	11	1	20	2	0.5909090909090909	1.0	0.40067947971600004	1
93	Iter0094	31	0	10	3	25	2	11.636363636363635	0.02159468438538213	0.62467961825	1
94	Iter0095	34	2	5	1	27	0	3.4	0.37804878048780943	0.608989669805	1
95	Iter0096	23	1	4	2	21	1	11.5	0.09359605911330067	0.49501032872	1
96	Iter0097	23	2	11	3	16	0	3.1363636363636367	0.3288835394098573	0.4466125794999999	1
97	Iter0098	29	5	8	2	24	1	1.45	0.6490386050645004	0.48302904063800006	1
98	Iter0099	36	3	15	5	29	5	4.0	0.10601499261998228	0.64438712892968	1
99	Iter0100	22	1	3	3	20	0	22.0	0.0199991579301926	0.4675470577517	1
100	Iter0101	22	2	8	0	19	2	0.8518518518518519	1.0	0.379066114223	1
101	Iter0102	27	2	10	0	24	1	0.8484848484848485	1.0	0.43127420844400005	1
102	Iter0103	26	5	6	1	22	2	0.8666666666666667	1.0	0.44604891443000005	1
103	Iter0104	32	2	7	4	27	0	9.142857142857142	0.024714366744995227	0.6099687529000001	1
104	Iter0105	33	5	6	2	28	3	2.2	0.5873782337418905	0.6290820625442148	1
105	Iter0106	17	4	17	3	15	7	0.75	1.0	0.44465833999998944	1
106	Iter0107	22	3	4	2	19	0	3.6666666666666665	0.2406024330384743	0.37174666544499996	1
107	Iter0108	15	2	8	4	12	0	3.75	0.19806323944255105	0.24456971279	1
108	Iter0109	17	3	5	1	15	2	1.1333333333333333	1.0	0.401634523	1
109	Iter0110	26	2	17	1	21	3	0.7647058823529411	1.0	0.4599817908	1
110	Iter0111	25	1	3	1	22	0	8.333333333333334	0.2528735632183937	0.44298240235650005	1
111	Iter0112	24	6	7	1	17	0	0.5714285714285714	1.0	0.33119438430720005	1
112	Iter0113	24	4	8	1	19	3	0.75	1.0	0.34043792050599997	1
113	Iter0114	26	4	8	1	23	3	0.8125	1.0	0.44182395	1
114	Iter0115	30	6	12	3	24	1	1.25	1.0	0.42730852436	1
115	Iter0116	20	4	8	1	16	4	0.625	1.0	0.3054916756	1
116	Iter0117	21	6	13	1	17	4	0.2692307692307692	0.3890816361933187	0.44639480681200006	1
117	Iter0118	24	3	5	1	21	1	1.6	1.0	0.5150607568189999	1
118	Iter0119	23	4	5	2	19	0	2.3	0.5798138751910984	0.51522160481635	1
119	Iter0120	24	2	8	2	21	1	3.0	0.3048128342245966	0.48036568421802	1
120	Iter0121	34	5	9	5	26	0	3.7777777777777777	0.10611156685807896	0.5791233296229998	1
121	Iter0122	27	6	5	0	21	1	0.6666666666666666	0.5701495391897965	0.42403678699999997	1
122	Iter0123	16	1	12	4	15	2	5.333333333333333	0.1748407321266068	0.46843055654967003	1
123	Iter0124	29	0	9	3	22	2	12.0	0.020637898686679347	0.5222108673870001	1
124	Iter0125	34	6	6	1	27	3	0.9444444444444444	1.0	0.6964506537699999	1
125	Iter0126	24	0	13	2	20	1	5.357142857142857	0.1417004048582991	0.3860207046	1
126	Iter0127	23	3	7	2	19	2	2.1904761904761907	0.5855306932157112	0.43458025836	1
127	Iter0128	21	4	5	0	21	2	0.7333333333333334	1.0	0.47188478999999994	1
128	Iter0129	26	2	3	4	21	1	17.333333333333332	0.008517336553389794	0.46173434878038994	1
129	Iter0130	15	1	5	5	12	3	15.0	0.018425053207661902	0.20730140700000002	1
130	Iter0131	31	1	3	3	26	0	31.0	0.008873535189324629	0.5903566385715399	1
131	Iter0132	27	5	10	2	24	2	1.08	1.0	0.613437535470471	1
132	Iter0133	23	3	6	2	19	0	2.5555555555555562	0.5701799781496234	0.40919894509999993	1
133	Iter0134	34	0	8	0	28	1	3.888888888888889	1.0	0.5371503151000001	1
134	Iter0135	18	4	12	0	15	4	0.2923076923076923	0.2727703984819756	0.29791702696000005	1
135	Iter0136	23	8	7	5	21	1	2.053571428571429	0.4604042061156189	0.552648620034	1
136	Iter0137	25	4	8	2	21	0	1.5625	0.6360137227010433	0.452144198	1
137	Iter0138	26	1	2	2	21	1	26.0	0.03692992213570637	0.36581640908756996	1
138	Iter0139	31	2	5	0	28	1	1.7777777777777777	1.0	0.6651071002000001	1
139	Iter0140	24	3	4	4	23	1	8.0	0.03348491788261505	0.5413321654395	1
140	Iter0141	30	5	11	5	27	2	2.727272727272727	0.2530602585891505	0.7431693547200001	1
141	Iter0142	22	3	3	2	18	2	4.8888888888888875	0.18333263160849303	0.4791668941899843	1
142	Iter0143	24	5	4	4	19	0	4.8	0.07836182741306247	0.38850678439499997	1
143	Iter0144	20	4	5	1	18	0	1.0	1.0	0.41019662349999997	1
144	Iter0145	24	3	11	1	20	1	0.7272727272727273	1.0	0.4079595162392	1
145	Iter0146	17	2	2	1	14	1	4.25	0.3707792207792177	0.39581339625	1
146	Iter0147	30	4	6	4	25	0	5.0	0.06414655807138749	0.5200575179000001	1
147	Iter0148	28	2	12	2	22	2	2.333333333333333	0.5812922188418512	0.47574136803999995	1
148	Iter0149	22	3	5	2	19	0	2.933333333333333	0.2964404894327033	0.34916118687400005	1
149	Iter0150	25	3	8	1	22	4	1.0416666666666667	1.0	0.4997531404	1
150	Iter0151	27	3	7	2	24	3	2.571428571428572	0.5716161505635218	0.46564134356199993	1
151	Iter0152	21	3	13	6	19	6	3.2307692307692313	0.15252119222623833	0.4546961599999993	1
152	Iter0153	20	1	12	7	16	8	11.666666666666668	0.01738801738801741	0.3259571438086091	1
153	Iter0154	24	6	2	3	20	0	6.0	0.09457478005865168	0.40861725992759995	1
154	Iter0155	32	4	3	0	26	0	1.65	1.0	0.5273432354099999	1
155	Iter0156	26	2	13	1	22	1	1.0	1.0	0.5043296932018799	1
156	Iter0157	25	3	8	5	20	5	5.208333333333333	0.08396072580925287	0.45814797739429985	1
157	Iter0158	25	3	6	5	23	1	6.9444444444444455	0.02759183331938804	0.5283142544823999	1
158	Iter0159	29	3	13	3	25	2	2.230769230769231	0.38579565419485257	0.5803005489109999	1
159	Iter0160	24	6	6	3	19	1	2.0	0.4055869261851471	0.5307487353	1
160	Iter0161	23	5	7	1	18	0	0.6571428571428571	1.0	0.46821205040999997	1
161	Iter0162	26	6	6	2	23	0	1.4444444444444444	0.6498672610127648	0.46752462860000005	1
162	Iter0163	24	0	5	2	20	2	12.5	0.0451612903225808	0.471378197563	1
163	Iter0164	26	5	7	5	23	1	3.7142857142857144	0.11046189735765136	0.445155614	1
164	Iter0165	22	2	2	3	21	0	16.5	0.02426003115658285	0.43539139530000004	1
165	Iter0166	24	1	5	3	20	0	14.4	0.03592375366568872	0.3744128655173331	1
166	Iter0167	27	2	6	2	23	1	4.5	0.1977742448330759	0.4059875930000001	1
167	Iter0168	32	3	12	3	28	2	2.6666666666666665	0.34758821197304296	0.711055257	1
168	Iter0169	29	5	9	4	26	2	2.577777777777777	0.2365729301506977	0.52837655876	1
169	Iter0170	23	7	5	3	20	1	1.9714285714285715	0.4112138249759338	0.44399214763	1
170	Iter0171	28	5	9	2	24	3	1.2444444444444445	1.0	0.6838445544799999	1
171	Iter0172	36	3	6	1	30	1	2.0	0.4959647026381065	0.7110592881623802	1
172	Iter0173	23	3	15	4	20	4	2.0444444444444447	0.4328967496862962	0.49692106310000006	1
173	Iter0174	24	1	13	1	21	4	1.8461538461538465	1.0	0.3502060418	1
174	Iter0175	28	4	6	2	25	1	2.333333333333333	0.5802896013422242	0.5023033893576	1
175	Iter0176	24	2	6	3	22	0	6.0	0.09457478005865183	0.48054291856796	1
176	Iter0177	29	6	6	2	26	1	1.6111111111111107	0.6290137807288441	0.52882951766	1
177	Iter0178	22	5	6	3	15	0	2.2	0.38372701694693584	0.2443856339971	1
178	Iter0179	18	4	6	4	16	1	3.0	0.21820969168021606	0.34296759779999997	1
179	Iter0180	24	1	4	0	21	1	2.5	1.0	0.500721039331	1
180	Iter0181	32	2	4	2	27	2	8.0	0.09968267863004723	0.5203331761665001	1
181	Iter0182	23	5	17	5	19	6	1.3529411764705879	0.7317193854768957	0.2959743655359988	1
182	Iter0183	24	2	9	4	20	3	5.333333333333333	0.15257141263333762	0.501541640998413	1
183	Iter0184	30	2	14	2	25	8	2.142857142857143	0.5921471888169288	0.564111450150172	1
184	Iter0185	27	3	7	2	23	0	2.571428571428572	0.5716161505635218	0.559361559	1
185	Iter0186	21	3	9	1	21	0	0.7777777777777778	1.0	0.43076495000000004	1
186	Iter0187	22	6	3	4	21	1	4.8888888888888875	0.155352352286858	0.4408122400000001	1
187	Iter0188	35	3	13	1	28	1	0.8974358974358974	1.0	0.6402038433999707	1
188	Iter0189	29	2	8	2	18	3	3.625	0.2454330008887105	0.5126554788899788	1
189	Iter0190	31	5	6	7	23	0	7.233333333333333	0.007890609558501564	0.42393932466097	1
190	Iter0191	23	1	4	4	20	1	23.0	0.008620689655172495	0.33507190219999994	1
191	Iter0192	30	1	8	3	25	2	11.25	0.048646475475744466	0.48896563817699984	1
192	Iter0193	26	1	6	1	20	1	4.333333333333333	0.37433155080213704	0.4135670665412797	1
193	Iter0194	19	2	8	1	17	4	1.1875	1.0	0.279609677	1
194	Iter0195	31	3	6	2	22	0	3.4444444444444446	0.2367598169908792	0.4449070066	1
195	Iter0196	21	3	13	4	18	4	2.1538461538461537	0.4214812422771336	0.3386079289	1
196	Iter0197	36	8	9	1	24	1	0.5	1.0	0.5485555196170201	1
197	Iter0198	32	4	4	2	28	0	4.0	0.1974998598875413	0.6139780253000001	1
198	Iter0199	20	6	9	0	18	1	0.3	0.303691564602385	0.434097541	1
199	Iter0200	23	2	7	2	18	4	3.2857142857142856	0.2808780403657069	0.31186614273400004	1
200	Iter0201	31	7	7	0	24	0	0.5	0.5741531771310341	0.596194935367	1
201	Iter0202	23	3	6	1	19	1	1.2777777777777781	1.0	0.38503649436780013	1
202	Iter0203	21	2	4	3	19	0	7.875	0.06793398172708537	0.36246389199999995	1
203	Iter0204	25	5	8	2	22	2	1.25	1.0	0.40047842070000006	1
204	Iter0205	26	6	8	2	23	3	1.0833333333333333	1.0	0.5657191879677884	1
205	Iter0206	26	3	6	1	22	2	1.4444444444444444	1.0	0.48096543840000006	1
206	Iter0207	22	4	6	3	20	0	2.75	0.33970751815743466	0.439960535278	1
207	Iter0208	22	2	7	3	19	0	4.714285714285714	0.13804554079696352	0.5777372399	1
208	Iter0209	28	4	8	4	23	0	3.5	0.18467797692802887	0.5372705653899998	1
209	Iter0210	35	2	8	4	30	1	8.75	0.025736751684947948	0.6417265757799999	1
210	Iter0211	26	2	6	1	22	0	2.1666666666666665	0.4994652406417148	0.49504348621125777	1
211	Iter0212	27	2	8	3	24	2	5.0625	0.11705328810591832	0.5605509800000001	1
212	Iter0213	24	3	12	2	19	4	1.3333333333333333	1.0	0.3613946411507	1
213	Iter0214	27	3	3	2	22	1	6.0	0.13892961876833104	0.543607132	1
214	Iter0215	25	8	7	5	23	1	2.232142857142857	0.28461472656649883	0.5135607247970002	1
215	Iter0216	26	4	7	5	23	2	4.642857142857143	0.08998357695782902	0.5676393638518	1
216	Iter0217	23	3	7	3	18	1	3.2857142857142856	0.31689317955921203	0.4457160094628999	1
217	Iter0218	35	3	7	2	29	3	3.333333333333333	0.2396848896859612	0.7281911561135368	1
218	Iter0219	19	2	6	0	18	1	0.9523809523809524	1.0	0.43829185500000006	1
219	Iter0220	27	1	10	1	26	2	2.7	0.4898785425101181	0.5880295724387999	1
220	Iter0221	28	2	7	1	25	3	2.0	0.5187292555713519	0.5168952477641322	1
221	Iter0222	26	6	9	3	24	1	1.4444444444444444	0.6866455971450366	0.4381076848	1
222	Iter0223	30	3	6	3	24	1	5.0	0.10085695451549488	0.5659448553999196	1
223	Iter0224	25	3	5	4	20	2	6.666666666666668	0.04495102312939255	0.43196047998750003	1
224	Iter0225	25	1	13	4	19	1	7.6923076923076925	0.07071280015125718	0.4173877466833	1
225	Iter0226	20	1	10	2	16	2	4.0	0.5381231671554138	0.3244179596518	1
226	Iter0227	27	3	6	1	24	1	1.5	1.0	0.425497375	1
227	Iter0228	33	4	5	3	27	1	4.95	0.09433221344735132	0.6686449890242	1
228	Iter0229	23	2	10	3	21	4	3.45	0.3149606926696768	0.37284584000000004	1
229	Iter0230	24	5	8	3	21	0	1.8	0.6602794745209553	0.486889511721	1
230	Iter0231	29	1	11	2	22	2	5.2727272727272725	0.2127866461388836	0.43809057991100003	1
231	Iter0232	22	3	13	2	16	1	1.1282051282051282	1.0	0.3298202169710901	1
232	Iter0233	26	2	3	4	22	0	17.333333333333332	0.008517336553389794	0.3764180432	1
233	Iter0234	34	2	4	2	29	0	8.5	0.09099437148217876	0.7208206654839091	1
234	Iter0235	25	2	4	5	20	0	15.625	0.005574003795066323	0.46849673815044	1
235	Iter0236	23	3	10	3	19	1	2.3	0.3804861916317133	0.50387435077	1
236	Iter0237	29	3	8	3	27	1	3.625	0.1635911629940895	0.47512443168300006	1
237	Iter0238	27	2	4	6	20	1	20.25	0.0014431012883025405	0.35358254013409995	1
238	Iter0239	25	5	4	2	23	0	2.5	0.5732167500431165	0.4094218741000001	1
239	Iter0240	22	2	10	1	16	2	1.1	1.0	0.349848896231968	1
240	Iter0241	25	0	6	1	18	2	7.428571428571429	0.21874999999999994	0.3230265258357999	1
241	Iter0242	24	2	11	0	19	1	0.6944444444444445	1.0	0.41084454082999994	1
242	Iter0243	25	2	10	3	22	1	3.75	0.3065433854907508	0.5706737445232101	1
243	Iter0244	24	1	13	3	19	0	5.538461538461538	0.2811296534017943	0.36623922588130003	1
244	Iter0245	31	3	6	2	27	0	3.4444444444444446	0.2367598169908792	0.6619901525999998	1
245	Iter0246	32	2	10	0	27	2	1.0	1.0	0.7761407891715779	1
246	Iter0247	27	4	3	3	19	0	6.75	0.06794695765284102	0.502775175969	1
247	Iter0248	29	6	8	1	26	3	0.6041666666666666	1.0	0.4588710900999997	1
248	Iter0249	26	4	11	0	25	2	0.45	0.5590006912214731	0.5476357800000001	1
249	Iter0250	21	3	5	2	19	0	2.8	0.5622296378692384	0.42469899188500004	1
250	Iter0251	21	3	6	2	18	0	2.333333333333333	0.5778642936596271	0.4160593480638	1
251	Iter0252	27	3	8	8	20	0	9.0	0.004308083502716146	0.533401018426	1
252	Iter0253	24	3	7	2	22	0	2.2857142857142856	0.5810255920550025	0.39601333850000003	1
253	Iter0254	21	1	2	2	20	0	21.0	0.052307692307692666	0.48344103000000005	1
254	Iter0255	21	2	3	5	16	0	17.5	0.005635891731553611	0.3443242060979999	1
255	Iter0256	28	2	10	3	25	1	4.2	0.15286443562109905	0.5447614618144999	1
256	Iter0257	23	2	7	2	22	1	3.2857142857142856	0.2808780403657069	0.3938347548999999	1
257	Iter0258	30	4	4	2	25	2	3.75	0.21465826728984447	0.6598840079139999	1
258	Iter0259	19	5	10	1	16	0	0.38	0.6399430740038012	0.477312387079	1
259	Iter0260	27	1	8	1	23	1	3.375	0.4324324324324422	0.4617883473686999	1
260	Iter0261	29	1	12	5	26	0	12.083333333333336	0.01844141129471233	0.5533470627000001	1
261	Iter0262	29	4	8	2	24	1	1.8125	0.6106982846093751	0.4781145730400001	1
262	Iter0263	26	3	8	4	18	0	4.333333333333333	0.1654060992956991	0.390249389962	1
263	Iter0264	24	0	13	4	19	5	8.928571428571429	0.02350153056186409	0.5599104823400001	1
264	Iter0265	20	2	8	7	19	0	8.75	0.017125546668176356	0.4638554100000001	1
265	Iter0266	17	7	10	5	15	1	1.2142857142857142	1.0	0.29729456465299997	1
266	Iter0267	19	2	3	4	16	0	12.666666666666664	0.020698625046450963	0.34226473663000007	1
267	Iter0268	28	6	5	0	24	1	0.6904761904761906	0.5735700998858974	0.5093368450000001	1
268	Iter0269	33	3	7	0	27	3	1.0625	1.0	0.6687239623799607	1
269	Iter0270	30	8	8	2	21	1	0.9375	1.0	0.500709371381997	1
270	Iter0271	26	8	4	0	22	3	0.6	0.5599810336652357	0.5195050965463001	1
271	Iter0272	34	1	13	3	23	5	7.8461538461538485	0.08571428571428594	0.34432877880000007	1
272	Iter0273	22	3	5	2	19	0	2.933333333333333	0.2964404894327033	0.41252767463600004	1
273	Iter0274	24	1	7	2	22	2	6.857142857142858	0.16443850267379864	0.4638944933964822	1
274	Iter0275	24	5	9	2	22	3	1.0666666666666669	1.0	0.3984758292	1
275	Iter0276	26	3	7	5	23	2	6.190476190476191	0.03445981660887708	0.5206296533227001	1
276	Iter0277	24	3	7	0	20	1	0.78125	1.0	0.4047795708170459	1
277	Iter0278	24	4	5	3	20	1	3.6	0.16745730550284546	0.4743075499779999	1
278	Iter0279	19	6	4	2	19	0	1.5833333333333333	0.6343895876710133	0.35504517	1
279	Iter0280	25	4	7	3	22	1	2.6785714285714284	0.3437217121427626	0.5579009378517	1
280	Iter0281	25	4	6	3	23	0	3.125	0.32248917930032217	0.49201785622800004	1
281	Iter0282	25	3	7	0	22	1	0.8125	1.0	0.44658130041893007	1
282	Iter0283	26	0	7	4	20	0	16.875	0.004996593231887552	0.41384654582043984	1
283	Iter0284	30	2	3	3	26	0	15.0	0.020731478935813792	0.5912080820199999	1
284	Iter0285	30	4	12	2	24	2	1.25	1.0	0.629722814933	1
285	Iter0286	15	1	10	1	15	3	1.5	1.0	0.38939258000000015	1
286	Iter0287	27	3	14	0	23	3	0.4666666666666667	0.5401691331923906	0.3764256785397	1
287	Iter0288	19	1	14	3	15	1	4.071428571428571	0.3153153153153297	0.34142892144	1
288	Iter0289	33	4	6	4	26	0	5.5	0.05079171351917998	0.7095539232753567	1
289	Iter0290	33	4	6	1	30	2	1.375	1.0	0.7262730199999999	1
290	Iter0291	21	3	8	3	19	2	2.625	0.3518975332068357	0.38606182181800003	1
291	Iter0292	26	4	7	2	24	4	1.8571428571428568	0.606894820517125	0.48107550399969184	1
292	Iter0293	23	3	8	1	16	4	0.9583333333333334	1.0	0.35104426257	1
293	Iter0294	30	4	6	1	26	0	1.25	1.0	0.6259002678000002	1
294	Iter0295	26	4	8	6	20	1	4.875	0.051443090103268765	0.446624697299	1
295	Iter0296	30	3	5	1	20	0	2.0	0.5024984498668811	0.4614079128022956	1
296	Iter0297	27	6	3	1	22	0	1.5	1.0	0.539920013685	1
297	Iter0298	32	0	7	0	23	1	4.125	1.0	0.4687780363236	1
298	Iter0299	28	1	4	4	24	2	28.0	0.004785534197298959	0.48765932979645005	1
299	Iter0300	21	7	4	2	17	1	1.5	0.6444578943924733	0.44717056818780004	1
300	Iter0301	34	2	3	2	26	0	11.333333333333336	0.06581416016589314	0.5505681972504297	1
301	Iter0302	27	5	6	1	24	2	0.9	1.0	0.4522114890200001	1
302	Iter0303	23	2	5	6	18	0	13.8	0.004858339331283164	0.320053958793	1
303	Iter0304	21	1	2	6	18	0	63.0	0.0003065134099616917	0.3780769	1
304	Iter0305	29	2	5	3	26	1	8.7	0.049093628040997005	0.578245405	1
305	Iter0306	22	0	16	5	18	4	8.117647058823529	0.021139665779484267	0.30363618329637665	1
306	Iter0307	26	2	8	2	19	2	3.25	0.2788051209103839	0.46754812640000004	1
307	Iter0308	31	3	9	3	27	6	3.4444444444444446	0.17316732606875598	0.6131988914730001	1
308	Iter0309	30	1	11	3	24	2	8.181818181818182	0.08245243128963811	0.47396240399999995	1
309	Iter0310	24	3	7	2	21	0	2.2857142857142856	0.5810255920550025	0.31290737360000004	1
310	Iter0311	24	4	14	3	18	1	1.2857142857142856	1.0	0.35292476228941	1
311	Iter0312	22	0	5	2	18	2	11.5	0.05172413793103497	0.39315737999999995	1
312	Iter0313	21	6	10	1	17	2	0.35	0.6481727470504489	0.4203644740000001	1
313	Iter0314	31	2	10	4	27	5	6.2	0.05565475550201104	0.7131700629999999	1
314	Iter0315	29	4	6	3	26	1	3.625	0.15546078318864232	0.6068836471583599	1
315	Iter0316	27	2	3	1	20	1	4.5	0.3302785923753601	0.5088957331	1
316	Iter0317	19	8	2	1	16	1	1.1875	1.0	0.28660673933840003	1
317	Iter0318	14	3	9	0	10	1	0.375	0.5292307692307705	0.17794450200000003	1
318	Iter0319	24	5	13	4	20	5	1.4769230769230768	0.7068087390517169	0.49839156300000004	1
319	Iter0320	26	4	5	1	20	2	1.3	1.0	0.31490343894100004	1
320	Iter0321	32	0	5	1	28	2	11.0	0.15789473684210129	0.6619133211999999	1
321	Iter0322	22	2	8	3	21	1	4.125	0.2970317159121739	0.47140926529999994	1
322	Iter0323	23	3	6	3	18	0	3.8333333333333335	0.16185095739175615	0.2880902803	1
323	Iter0324	20	2	9	1	17	2	1.1111111111111112	1.0	0.33655914970300005	1
324	Iter0325	30	4	5	1	26	2	1.5	1.0	0.47819575783209	1
325	Iter0326	25	3	13	1	21	1	0.6410256410256411	1.0	0.5363007463199999	1
326	Iter0327	25	2	8	2	20	4	3.125	0.2913922325687145	0.5034475890783001	1
327	Iter0328	19	5	11	3	17	2	1.0363636363636364	1.0	0.35204153938	1
328	Iter0329	24	5	7	9	24	2	6.171428571428571	0.016353033675040783	0.55791727	1
329	Iter0330	27	4	9	6	25	1	4.5	0.05738227184664491	0.48793988793000004	1
330	Iter0331	19	2	5	5	16	1	9.5	0.021847636975557076	0.4547725506000001	1
331	Iter0332	31	4	10	5	27	0	3.875	0.1056349325867214	0.523279814128	1
332	Iter0333	28	5	8	0	23	1	0.537037037037037	0.5631693706148272	0.41085604259509506	1
333	Iter0334	21	2	8	4	20	1	5.25	0.1511385199241001	0.40768632235	1
334	Iter0335	30	7	9	4	28	2	1.9047619047619049	0.4446238382969968	0.6602341299999999	1
335	Iter0336	22	3	6	3	22	1	3.6666666666666665	0.3058463652424335	0.64860273	1
336	Iter0337	30	1	3	1	26	0	10.0	0.21848739495799066	0.5832004598	1
337	Iter0338	27	2	7	1	23	1	1.9285714285714288	0.5297297297297378	0.39134240548244986	1
338	Iter0339	22	0	8	2	20	3	7.666666666666668	0.0907258064516131	0.494151514691	1
339	Iter0340	23	2	7	2	20	3	3.2857142857142856	0.2808780403657069	0.38008265930000007	1
340	Iter0341	24	2	5	4	23	0	9.6	0.027298602725548102	0.4433968567804	1
341	Iter0342	30	1	8	1	27	0	3.75	0.4038461538461545	0.4940557376979999	1
342	Iter0343	22	6	3	3	19	1	3.6666666666666665	0.3058463652424295	0.42198661875	1
343	Iter0344	31	5	10	2	28	1	1.24	1.0	0.5903186442444002	1
344	Iter0345	25	2	6	6	23	1	12.5	0.005627144172035845	0.624457674721	1
345	Iter0346	30	2	12	4	25	2	5.0	0.0856050990293606	0.46663961270949994	1
346	Iter0347	28	1	7	4	26	3	16.0	0.01524601524601496	0.62615331487	1
347	Iter0348	18	2	10	2	16	1	1.8	0.6195773081201403	0.28989794461	1
348	Iter0349	28	3	5	0	25	1	1.2083333333333333	1.0	0.6332199700000001	1
349	Iter0350	26	2	5	4	21	0	10.4	0.022040757334875868	0.578498724921	1
350	Iter0351	22	3	9	1	20	0	0.8148148148148148	1.0	0.523947442984	1
351	Iter0352	25	2	1	1	21	0	12.5	0.19950738916256056	0.35606738356057	1
352	Iter0353	27	4	8	2	24	1	1.6875	0.6221166856596864	0.43779365600000003	1
353	Iter0354	23	3	10	3	22	3	2.3	0.3804861916317133	0.6212181699999999	1
354	Iter0355	21	1	7	3	18	1	9.0	0.0792547274749737	0.48533768854039994	1
355	Iter0356	24	2	13	3	20	5	2.7692307692307696	0.35203863316828554	0.4762589097	1
356	Iter0357	21	2	4	3	19	2	7.875	0.06793398172708537	0.38258501265000006	1
357	Iter0358	27	6	3	2	24	0	3.0	0.2793071709480433	0.4572645555997009	1
358	Iter0359	28	4	7	4	21	3	4.0	0.1718278222741262	0.4932465238631	1
359	Iter0360	29	3	3	5	24	0	16.11111111111111	0.0037956725263226907	0.4806576134216329	1
360	Iter0361	28	2	3	3	22	0	14.0	0.02428698752228156	0.56642218109776	1
361	Iter0362	13	2	8	4	9	0	3.25	0.3574879227053165	0.17722431499999997	1
362	Iter0363	25	3	6	3	23	2	4.166666666666667	0.1404104639398814	0.3795806547296	1
363	Iter0364	17	1	13	4	14	1	5.230769230769232	0.17741935483871235	0.381271781091	1
364	Iter0365	22	3	5	3	19	0	4.4	0.13654060066740473	0.376700028	1
365	Iter0366	22	5	11	1	20	1	0.4	0.6449789019448593	0.39473029699677	1
366	Iter0367	32	7	3	3	24	1	4.571428571428571	0.11287577992058401	0.4704697308410001	1
367	Iter0368	27	4	9	4	19	1	3.0	0.20889882764080794	0.42491295522140005	1
368	Iter0369	25	1	11	2	22	1	4.545454545454546	0.2532005689900459	0.5498507972730001	1
369	Iter0370	26	10	5	0	22	1	0.4090909090909091	0.31021299763277016	0.5275336335	1
370	Iter0371	20	2	8	1	16	2	1.25	1.0	0.38055582361500134	1
371	Iter0372	31	3	9	1	28	0	1.148148148148148	1.0	0.742858182	1
372	Iter0373	19	1	11	4	18	5	6.909090909090909	0.14110438896966573	0.276078439225	1
373	Iter0374	27	3	5	3	21	1	5.4	0.09400506614128908	0.32904543416750004	1
374	Iter0375	25	3	10	7	19	3	5.833333333333334	0.027184631567112802	0.46479833881160004	1
375	Iter0376	20	5	6	1	16	1	0.6666666666666666	1.0	0.29090372382	1
376	Iter0377	38	1	6	1	34	0	6.333333333333332	0.2840579710144915	0.7727152715999999	1
377	Iter0378	19	3	8	2	17	4	1.5833333333333333	0.6367491657397186	0.25730375418773	1
378	Iter0379	19	4	7	5	16	3	3.3928571428571432	0.22040876417308025	0.3629270204	1
379	Iter0380	26	3	8	4	25	0	4.333333333333333	0.1654060992956991	0.41539544934293005	1
380	Iter0381	27	3	7	0	20	0	0.875	1.0	0.34734389933320003	1
381	Iter0382	27	3	10	2	24	0	1.8	0.6134096968499985	0.5067849376	1
382	Iter0383	30	0	6	2	24	0	13.285714285714285	0.039829302987197834	0.5506794241999999	1
383	Iter0384	19	1	1	3	18	0	57.0	0.007622811970638056	0.34953676199999995	1
384	Iter0385	24	0	4	2	20	1	15.0	0.034482758620690133	0.413329699	1
385	Iter0386	24	2	6	0	16	2	1.1904761904761905	1.0	0.30564304371100004	1
386	Iter0387	30	2	7	2	30	3	4.285714285714286	0.20410783055198572	0.5488224399999999	1
387	Iter0388	35	6	8	4	32	0	2.9166666666666665	0.20733089982541264	0.6603038052000001	1
388	Iter0389	26	4	4	4	22	0	6.5	0.04413040688382719	0.5600959995329213	1
389	Iter0390	26	1	3	2	22	0	17.333333333333332	0.05645161290322565	0.4902940275895	1
390	Iter0391	21	2	8	3	18	1	3.9375	0.2998893105629378	0.35370380791999995	1
391	Iter0392	30	3	5	3	26	0	6.0	0.07658858621631569	0.667841689945	1
392	Iter0393	25	2	4	2	19	0	6.25	0.1422287390029282	0.21024769920299996	1
393	Iter0394	20	2	6	2	16	2	3.333333333333333	0.28352490421456245	0.300308329762	1
394	Iter0395	26	3	12	5	24	1	3.611111111111111	0.12461466374016887	0.5654226279997949	1
395	Iter0396	27	3	7	2	21	3	2.571428571428572	0.5716161505635218	0.5339091324190001	1
396	Iter0397	30	4	6	3	26	2	3.75	0.14657178782324096	0.5438943963	1
397	Iter0398	30	1	11	4	24	1	10.909090909090908	0.03306063670067776	0.48400122139868007	1
398	Iter0399	24	3	14	4	20	1	2.2857142857142856	0.4122363739493453	0.4210581809058999	1
399	Iter0400	24	6	14	6	20	4	1.7142857142857142	0.5064197937797869	0.3848565924980001	1
400	Iter0401	33	1	5	0	27	1	2.833333333333333	1.0	0.6807372713720296	1
401	Iter0402	19	3	11	2	19	3	1.1515151515151514	1.0	0.45051505000000003	1
402	Iter0403	19	3	4	4	18	2	6.333333333333332	0.05961292857844658	0.36641756999999997	1
403	Iter0404	23	1	9	6	18	2	15.333333333333336	0.008228042283769894	0.3630273726	1
404	Iter0405	27	2	9	2	25	1	3.0	0.3003063792537476	0.58301573948	1
405	Iter0406	19	3	8	2	16	1	1.5833333333333333	0.6367491657397186	0.41201496242	1
406	Iter0407	30	2	4	5	21	2	18.75	0.002900995198812917	0.4558444257268999	1
407	Iter0408	14	4	6	5	12	0	2.916666666666667	0.2370627872876763	0.2647475563	1
408	Iter0409	24	3	8	6	20	1	6.0	0.04212526352524845	0.46871193883300005	1
409	Iter0410	22	2	7	4	15	1	6.2857142857142865	0.0632285172133371	0.47953579397607116	1
410	Iter0411	31	3	8	4	28	2	5.166666666666667	0.06424326123948751	0.5092057913800001	1
411	Iter0412	25	2	6	4	21	1	8.333333333333334	0.034723225899697424	0.4267367187016901	1
412	Iter0413	18	2	14	1	15	5	0.6428571428571429	1.0	0.31739831153784964	1
413	Iter0414	19	1	6	4	17	0	12.666666666666664	0.031240789861479726	0.419808147391	1
414	Iter0415	33	4	9	2	24	1	1.8333333333333333	0.6092684422261674	0.5076155015869	1
415	Iter0416	21	2	5	2	16	4	4.2	0.22452107279693592	0.2635023572683	1
416	Iter0417	31	9	6	3	29	0	1.7222222222222223	0.6692548912935057	0.7116319247910001	1
417	Iter0418	36	2	6	6	31	2	18.0	0.001266884052848802	0.6542165765999998	1
418	Iter0419	25	2	8	1	19	1	1.5625	1.0	0.48503812868949997	1
419	Iter0420	22	3	9	2	17	0	1.6296296296296295	0.6308940242763774	0.408836090639	1
420	Iter0421	22	2	8	1	19	0	1.375	1.0	0.3168700063404599	1
421	Iter0422	23	5	10	3	20	0	1.38	0.6924514940070573	0.49733324659329986	1
422	Iter0423	27	1	9	2	23	2	6.0	0.18656308129992727	0.6178423391973401	1
423	Iter0424	21	2	9	4	18	1	4.666666666666667	0.16077640733712914	0.42045610519999993	1
424	Iter0425	29	1	7	4	22	1	16.571428571428573	0.013827098551103902	0.4933425799070304	1
425	Iter0426	30	3	4	1	28	0	2.5	0.4456411298516635	0.5833722334729	1
426	Iter0427	17	6	7	2	14	0	0.8095238095238095	1.0	0.268278671113271	1
427	Iter0428	21	2	6	1	17	0	1.75	1.0	0.34836647831741624	1
428	Iter0429	25	1	7	4	24	3	14.285714285714285	0.02074343250813903	0.7269377790800001	1
429	Iter0430	23	3	8	2	21	5	1.9166666666666667	0.6034398607928035	0.45129944599999994	1
430	Iter0431	27	4	7	2	20	1	1.9285714285714288	0.6016030200240707	0.5424685381737555	1
431	Iter0432	28	4	4	3	24	0	5.25	0.09380709380709266	0.4608004335611882	1
432	Iter0433	29	6	5	5	24	0	4.833333333333333	0.04766151212101382	0.38728508242709997	1
433	Iter0434	28	4	5	1	24	0	1.4	1.0	0.495369021906709	1
434	Iter0435	15	0	8	2	15	4	5.333333333333333	0.1500000000000008	0.26873024	1
435	Iter0436	24	2	13	1	22	1	0.9230769230769232	1.0	0.487337048818	1
436	Iter0437	27	0	7	2	22	1	10.5	0.05714285714285657	0.4538630207905999	1
437	Iter0438	34	4	7	1	26	2	1.2142857142857142	1.0	0.5860370365472002	1
438	Iter0439	19	2	3	3	15	2	9.5	0.05600148643626943	0.4216762947728231	1
439	Iter0440	27	4	7	2	25	1	1.9285714285714288	0.6016030200240707	0.47133052868119996	1
440	Iter0441	18	1	12	1	15	3	1.5	1.0	0.3563946707498001	1
441	Iter0442	26	3	4	3	18	0	6.5	0.07327065723650092	0.3374740560300001	1
442	Iter0443	27	5	7	2	27	3	1.542857142857143	0.6372320182332966	0.50268523	1
443	Iter0444	28	2	9	1	23	3	1.5555555555555556	1.0	0.480937921107	1
444	Iter0445	25	1	9	3	24	1	8.333333333333334	0.08419697893382022	0.5352654561999999	1
445	Iter0446	28	1	7	1	24	1	4.0	0.3903903903903937	0.5221095658858064	1
446	Iter0447	23	4	0	3	20	0	19.2	0.008620689655172315	0.45695554939215505	1
447	Iter0448	31	4	12	5	27	1	3.229166666666667	0.13265799880045626	0.6629578669673839	1
448	Iter0449	19	5	9	0	17	2	0.33333333333333337	0.2900444938820898	0.41557389299999997	1
449	Iter0450	24	2	3	1	19	1	4.0	0.35960591133004943	0.35294563299856796	1
450	Iter0451	21	4	3	3	18	0	5.25	0.1100272857781206	0.36954131310000005	1
451	Iter0452	23	3	6	0	18	2	0.8571428571428571	1.0	0.4187850960850001	1
452	Iter0453	31	2	6	3	24	0	7.75	0.057173891576972814	0.4626383059609999	1
453	Iter0454	21	2	11	3	19	0	2.863636363636364	0.34587528705176845	0.5310231044	1
454	Iter0455	27	2	4	4	25	0	13.5	0.0129353952883368	0.5319040859999999	1
455	Iter0456	17	4	4	2	14	2	2.125	0.5875342049255114	0.28889733959999997	1
456	Iter0457	25	2	7	1	21	1	1.7857142857142858	0.5530939648586686	0.4508056183415601	1
457	Iter0458	25	1	7	3	19	0	10.714285714285714	0.05653170359052686	0.6281127729225999	1
458	Iter0459	23	2	13	1	21	2	0.8846153846153846	1.0	0.5270296826	1
459	Iter0460	21	3	7	1	19	1	1.0	1.0	0.492202236	1
460	Iter0461	26	4	6	3	21	0	3.25	0.3190147648351977	0.43574807784856995	1
461	Iter0462	23	2	4	0	21	1	1.6	1.0	0.5557943472019999	1
462	Iter0463	28	7	6	0	24	3	0.5178571428571429	0.5668096258596809	0.5339874134358044	1
463	Iter0464	22	3	7	3	15	1	3.1428571428571423	0.3219707237733815	0.284481543054	1
464	Iter0465	28	8	8	2	26	2	0.875	1.0	0.592072399	1
465	Iter0466	28	2	2	2	24	0	14.0	0.05888821804381551	0.5180427170179799	1
466	Iter0467	23	3	8	4	21	2	3.8333333333333335	0.1764636153181035	0.38730261908	1
467	Iter0468	26	1	7	9	24	2	33.42857142857143	0.00016527525751354474	0.574642604	1
468	Iter0469	15	6	18	1	15	5	0.1388888888888889	0.09480249480249668	0.31945330999999993	1
469	Iter0470	31	4	6	3	24	1	3.875	0.13832926484805333	0.4846977557630999	1
470	Iter0471	24	3	2	3	21	1	12.0	0.03424439853805853	0.5056757490346	1
471	Iter0472	20	6	15	2	18	4	0.4444444444444445	0.4461607919529464	0.3428036960000001	1
472	Iter0473	31	4	1	6	27	0	46.5	0.0002535368389026913	0.5581067158	1
473	Iter0474	35	5	13	2	28	4	1.0769230769230769	1.0	0.5983740072468008	1
474	Iter0475	26	3	16	4	22	4	2.1666666666666665	0.4221274444420488	0.4359393369	1
475	Iter0476	30	5	6	6	26	0	6.0	0.01979671813870955	0.5676632108615787	1
476	Iter0477	32	2	2	5	29	0	40.0	0.0005346513690544503	0.5229043769399999	1
477	Iter0478	25	4	9	2	23	1	1.3888888888888888	1.0	0.6743568324000002	1
478	Iter0479	29	4	6	0	28	0	0.8571428571428571	1.0	0.7017714670000001	1
479	Iter0480	27	0	9	6	20	1	19.6	0.0009540991569233098	0.5387254709597308	1
480	Iter0481	28	2	5	3	24	0	8.4	0.05282682062867873	0.5801920501618267	1
481	Iter0482	28	2	7	8	24	0	16.0	0.0009254560109860242	0.6405024056	1
482	Iter0483	20	4	2	2	17	0	5.0	0.19145299145299005	0.3403791970000001	1
483	Iter0484	18	2	9	3	17	0	3.0	0.3376569203877349	0.417270035	1
484	Iter0485	31	2	5	2	28	1	6.2	0.1343473027683574	0.632361242	1
485	Iter0486	16	4	9	4	15	2	1.7777777777777777	0.6806328018786152	0.23874612979999996	1
486	Iter0487	28	3	7	1	25	0	1.3333333333333337	1.0	0.6986087696503801	1
487	Iter0488	30	2	4	0	30	1	2.066666666666667	1.0	0.69655132	1
488	Iter0489	32	9	6	5	25	2	2.962962962962963	0.14101198445151775	0.5576222633514	1
489	Iter0490	22	3	22	3	20	10	1.0	1.0	0.5266843577000001	1
490	Iter0491	23	2	10	4	20	0	4.6	0.16258482821950676	0.42842015439	1
491	Iter0492	20	2	5	6	18	0	12.0	0.008221385585122988	0.418497635	1
492	Iter0493	18	3	9	1	15	0	0.6666666666666666	1.0	0.35472483	1
493	Iter0494	27	5	8	0	19	0	0.5185185185185186	0.5628016680648217	0.4376804155	1
494	Iter0495	26	3	7	2	20	3	2.4761904761904763	0.5741360555602104	0.47835836104	1
495	Iter0496	26	1	8	4	23	3	13.0	0.024588498272708648	0.545053236	1
496	Iter0497	27	3	9	1	25	1	1.0	1.0	0.46487632617399993	1
497	Iter0498	17	0	4	1	14	2	7.2	0.22727272727272704	0.34595203846167943	1
498	Iter0499	22	0	6	3	17	0	13.142857142857142	0.018687430478309317	0.40783228976461705	1
499	Iter0500	30	3	3	0	27	1	1.9375	1.0	0.7365846627994367	1
500	Iter0501	27	2	1	3	23	0	40.5	0.006964809384164218	0.505434004	1
501	Iter0502	24	1	6	4	22	1	16.0	0.016948421597378218	0.43885977276665006	1
502	Iter0503	22	2	6	5	18	0	9.166666666666668	0.02066021069161848	0.37276047262000006	1
503	Iter0504	26	4	6	2	24	2	2.1666666666666665	0.5870410235735259	0.538394381	1
504	Iter0505	15	2	6	3	14	2	3.75	0.3022195196108234	0.27362153580000004	1
505	Iter0506	29	2	9	3	24	4	4.833333333333333	0.12303890097423867	0.4940886299811439	1
506	Iter0507	18	4	14	3	16	6	0.9642857142857142	1.0	0.343041538	1
507	Iter0508	22	4	8	2	22	2	1.375	1.0	0.6213700000000002	1
508	Iter0509	26	2	9	4	21	2	5.777777777777778	0.06850431946709297	0.474149225552	1
509	Iter0510	22	1	10	2	22	2	4.4	0.2655462184873966	0.47824244000000005	1
510	Iter0511	25	4	9	4	20	1	2.7777777777777777	0.22642135992585485	0.362110733757	1
511	Iter0512	30	6	8	0	24	1	0.4920634920634921	0.5727562284567469	0.5856122571000002	1
512	Iter0513	32	3	13	3	27	3	2.4615384615384617	0.3627064887009368	0.5726274339371998	1
513	Iter0514	18	1	7	5	17	1	12.857142857142858	0.02169280478512969	0.4415255	1
514	Iter0515	26	8	5	2	24	1	1.3	1.0	0.43091960300000004	1
515	Iter0516	24	5	7	2	21	0	1.3714285714285714	1.0	0.40054207394100005	1
516	Iter0517	22	2	11	3	21	4	3.0	0.33668033358436544	0.47548122433000006	1
517	Iter0518	23	4	7	2	20	0	1.6428571428571428	0.6269776238941274	0.48885622544	1
518	Iter0519	20	4	6	6	16	4	5.0	0.053207526985580886	0.30403837241	1
519	Iter0520	25	3	9	3	20	0	2.7777777777777786	0.3406827880512085	0.3430579200899999	1
520	Iter0521	18	0	7	1	16	0	4.75	0.3076923076923068	0.370588991	1
521	Iter0522	36	9	5	1	28	2	0.8	1.0	0.6524095395378602	1
522	Iter0523	24	4	7	2	21	3	1.7142857142857142	0.6195259430553769	0.51553766	1
523	Iter0524	25	4	5	4	20	1	5.0	0.07132797387965621	0.4108285792893001	1
524	Iter0525	26	4	6	2	20	0	2.1666666666666665	0.5870410235735259	0.40412472292359997	1
525	Iter0526	22	1	3	1	17	1	7.333333333333332	0.2792022792022804	0.35482735807924587	1
526	Iter0527	16	3	6	2	13	1	1.7777777777777777	0.6159048680787876	0.18872873059999995	1
527	Iter0528	22	4	4	2	17	0	2.75	0.31040000353126096	0.3647591150000001	1
528	Iter0529	25	4	7	3	18	0	2.6785714285714284	0.3437217121427626	0.40674607845099997	1
529	Iter0530	21	2	9	3	17	3	3.5	0.3126185958254323	0.47229375152	1
530	Iter0531	23	2	11	4	20	3	4.181818181818182	0.17368785789838306	0.4187985175491638	1
531	Iter0532	22	4	9	5	21	2	3.055555555555556	0.2337984269098834	0.43515425572690003	1
532	Iter0533	24	2	5	3	23	2	7.199999999999998	0.07214938761428384	0.42113535404	1
533	Iter0534	23	5	9	1	18	1	0.5111111111111111	1.0	0.32309878653999996	1
534	Iter0535	26	1	8	4	20	1	13.0	0.024588498272708648	0.503085921808386	1
535	Iter0536	24	6	7	3	21	0	1.7142857142857142	0.6649671765770714	0.551930242414	1
536	Iter0537	15	1	6	1	14	1	2.5	0.5256916996047429	0.3413921585	1
537	Iter0538	34	1	3	3	29	0	34.0	0.00706033376123228	0.70983321919972	1
538	Iter0539	23	5	5	1	19	0	0.92	1.0	0.41183819447969205	1
539	Iter0540	20	2	4	1	18	0	2.5	0.4735042735042784	0.35906818800000007	1
540	Iter0541	32	6	11	3	25	1	1.4545454545454546	0.6878445883441193	0.532581831560882	1
541	Iter0542	25	4	8	2	21	1	1.5625	0.6360137227010433	0.45304831425916997	1
542	Iter0543	22	1	12	2	14	5	3.6666666666666665	0.5441441441441546	0.205295966594	1
543	Iter0544	23	8	12	3	17	5	0.71875	1.0	0.40396898953	1
544	Iter0545	34	3	6	5	27	0	9.444444444444443	0.010361249300163751	0.5004280838400001	1
545	Iter0546	27	4	15	1	23	3	0.45	0.6483562905695558	0.48424317051399	1
546	Iter0547	24	3	6	3	19	1	4.0	0.1506382611695689	0.4272643599999999	1
547	Iter0548	34	1	10	2	29	1	6.8	0.15602836879432086	0.5908202998410002	1
548	Iter0549	28	4	12	4	25	2	2.333333333333333	0.4129741869670903	0.48568706280000007	1
549	Iter0550	30	6	6	1	27	0	0.8333333333333334	1.0	0.6093278569259999	1
550	Iter0551	25	4	5	1	21	0	1.25	1.0	0.44402270360000007	1
551	Iter0552	25	4	3	0	22	0	1.3	1.0	0.5214708472069999	1
552	Iter0553	20	3	4	3	17	0	5.000000000000001	0.1201296787503698	0.33295133121	1
553	Iter0554	28	2	3	2	26	0	9.333333333333334	0.08890374331550854	0.6354924710000001	1
554	Iter0555	27	5	3	4	24	0	7.2	0.03698903389305861	0.48795055	1
555	Iter0556	26	3	13	3	22	6	2.0	0.6500799257463723	0.45666674872999985	1
556	Iter0557	22	11	7	0	20	0	0.2395833333333333	0.1591916994393785	0.36980248179999997	1
557	Iter0558	24	1	3	0	21	0	3.125	1.0	0.4023014505	1
558	Iter0559	35	6	10	3	30	0	1.7499999999999998	0.6702496543273693	0.7297417609050999	1
559	Iter0560	20	3	6	4	17	1	4.4444444444444455	0.16052558398220085	0.40286221199999994	1
560	Iter0561	20	2	2	2	18	0	10.0	0.09866220735786034	0.440166755089193	1
561	Iter0562	30	1	4	4	22	1	30.0	0.0038662143925302186	0.47895777198100004	1
562	Iter0563	23	2	9	1	19	3	1.2777777777777777	1.0	0.416481634612	1
563	Iter0564	23	6	10	1	18	1	0.38333333333333336	0.6496632080997442	0.4241282020000001	1
564	Iter0565	25	3	11	2	21	1	1.5151515151515154	0.6448149047635714	0.4873513955328721	1
565	Iter0566	21	4	13	2	19	2	0.8076923076923077	1.0	0.32646341800799994	1
566	Iter0567	28	2	9	0	25	2	0.9666666666666666	1.0	0.4937308010000001	1
567	Iter0568	17	2	4	5	16	1	10.625	0.01957535218404767	0.45165491680000003	1
568	Iter0569	23	3	9	4	17	0	3.4074074074074074	0.19383780064894646	0.46927523234862006	1
569	Iter0570	28	4	7	3	25	1	3.0	0.3282074411727764	0.49543920880899994	1
570	Iter0571	30	1	8	2	25	0	7.5	0.1421200750469055	0.5609209638268	1
571	Iter0572	21	0	7	2	18	2	8.25	0.08275862068965617	0.513633607379	1
572	Iter0573	28	2	3	3	23	1	14.0	0.02428698752228156	0.5705151548599999	1
573	Iter0574	23	0	4	2	21	1	14.4	0.036945812807881895	0.5703823016590001	1
574	Iter0575	28	6	3	2	24	1	3.111111111111111	0.2676927940085836	0.5391394970178999	1
575	Iter0576	31	5	6	2	25	1	2.066666666666667	0.5933688665575013	0.52132945035	1
576	Iter0577	24	3	7	2	23	0	2.2857142857142856	0.5810255920550025	0.4335819800000001	1
577	Iter0578	27	1	3	0	26	0	3.5	1.0	0.6526628390000002	1
578	Iter0579	30	4	3	1	23	0	2.5	0.4456411298516635	0.5115194797794246	1
579	Iter0580	17	2	6	3	16	0	4.25	0.2901098901098889	0.3611455669810001	1
580	Iter0581	27	2	8	3	24	3	5.0625	0.11705328810591832	0.41056204300000004	1
581	Iter0582	31	3	3	2	27	0	6.888888888888888	0.11397342976290402	0.6804749227000001	1
582	Iter0583	27	2	7	4	23	0	7.7142857142857135	0.03851624904256455	0.4669738674506681	1
583	Iter0584	36	5	6	3	26	0	3.6	0.1436506685449293	0.63074676638	1
584	Iter0585	27	3	6	0	24	0	1.0	1.0	0.5246138120000001	1
585	Iter0586	29	3	4	6	25	1	14.5	0.002472729875886329	0.567810419762	1
586	Iter0587	20	2	12	7	13	0	5.833333333333334	0.05699508138532571	0.34471402461000006	1
587	Iter0588	29	2	13	1	24	3	1.1153846153846154	1.0	0.54644689863	1
588	Iter0589	20	3	16	3	19	2	1.2500000000000002	1.0	0.3879268638	1
589	Iter0590	24	3	10	2	20	1	1.6	0.6342206868522641	0.3429767219853514	1
590	Iter0591	37	7	8	0	24	1	0.5277777777777778	0.5778854002285551	0.53285716122	1
591	Iter0592	23	5	9	2	18	3	1.022222222222222	1.0	0.37903094939000004	1
592	Iter0593	22	3	12	4	17	1	2.4444444444444438	0.4013150110711069	0.47959267928199995	1
593	Iter0594	21	4	5	2	16	0	2.1	0.5895902855024155	0.54827715303	1
594	Iter0595	20	4	3	3	18	1	5.0	0.12012967875036926	0.35077323797124244	1
595	Iter0596	25	2	10	3	19	1	3.75	0.3065433854907508	0.37290395917221003	1
596	Iter0597	26	2	11	3	24	1	3.5454545454545454	0.3125802310654689	0.564755089817568	1
597	Iter0598	37	2	3	2	29	0	12.333333333333336	0.05749497241272776	0.6020167536511	1
598	Iter0599	33	1	3	0	30	0	4.25	1.0	0.6601404594000001	1
599	Iter0600	33	3	5	3	28	2	6.6	0.06317902177232887	0.7388783498000002	1
600	Iter0601	25	1	9	2	24	1	5.5555555555555545	0.20527670527670955	0.46481300903999995	1
601	Iter0602	19	0	6	3	16	0	11.428571428571427	0.02564102564102535	0.4878557820919999	1
602	Iter0603	23	0	13	4	21	5	8.571428571428571	0.026042236568552653	0.37343785020000003	1
603	Iter0604	21	2	5	2	18	1	4.2	0.22452107279693592	0.36834511251560004	1
604	Iter0605	27	1	6	4	23	1	18.0	0.012216550916241692	0.48327344598121014	1
605	Iter0606	30	3	14	3	26	4	2.142857142857143	0.3958836300477715	0.53274597200019	1
606	Iter0607	17	6	9	2	14	1	0.6296296296296297	1.0	0.39713484080000006	1
607	Iter0608	34	3	11	1	25	6	1.0303030303030305	1.0	0.45428698847999993	1
608	Iter0609	31	3	12	3	25	1	2.583333333333333	0.3533009873699792	0.4872178342981999	1
609	Iter0610	27	2	9	1	23	2	1.5	1.0	0.4314181134	1
610	Iter0611	22	1	6	0	17	1	1.6428571428571428	1.0	0.39844317813187036	1
611	Iter0612	21	0	6	2	16	1	9.428571428571429	0.0689655172413794	0.337050981106	1
612	Iter0613	30	2	11	3	24	0	4.090909090909091	0.15654012317308788	0.5607874086303452	1
613	Iter0614	21	2	6	2	15	1	3.5	0.2682981090100113	0.36567247501790207	1
614	Iter0615	32	1	9	3	27	2	10.666666666666666	0.052048726467330254	0.6482969412020001	1
615	Iter0616	26	5	4	1	21	1	1.3	1.0	0.5036101834516002	1
616	Iter0617	25	3	8	0	18	2	0.7222222222222222	1.0	0.40083102637743995	1
617	Iter0618	30	2	6	2	26	2	5.0	0.17233833023306738	0.4863940735859999	1
618	Iter0619	24	0	6	4	21	2	17.857142857142858	0.004528204243574288	0.48857439024399996	1
619	Iter0620	18	3	21	2	17	6	0.5714285714285714	0.657543959160528	0.4184113406700001	1
620	Iter0621	24	6	8	1	23	3	0.5	1.0	0.3920916136869999	1
621	Iter0622	22	1	9	6	21	3	14.666666666666664	0.009631341868184028	0.53854488	1
622	Iter0623	21	0	3	2	18	1	16.5	0.030769230769230757	0.292779881	1
623	Iter0624	25	6	7	3	19	0	1.7857142857142858	0.6622433324842096	0.3828074140513001	1
624	Iter0625	25	2	8	5	22	2	7.8125	0.02680738013555384	0.5794922733527311	1
625	Iter0626	31	3	3	3	27	0	10.333333333333334	0.03342555974134913	0.678702212929368	1
626	Iter0627	22	5	5	2	19	1	1.7600000000000002	0.6148293855918308	0.376316584197	1
627	Iter0628	30	2	4	1	28	0	3.75	0.36164736164736705	0.514278553	1
628	Iter0629	21	2	7	3	18	1	4.5	0.1493325917686327	0.36848557086655	1
629	Iter0630	19	2	3	2	19	1	6.333333333333332	0.15484949832775954	0.55011899	1
630	Iter0631	20	6	5	2	17	2	1.3333333333333337	1.0	0.323190087711	1
631	Iter0632	29	3	6	2	24	0	3.2222222222222214	0.2567628357102029	0.47153513702400013	1
632	Iter0633	21	7	9	4	20	1	1.3333333333333333	0.7186489221888996	0.459370786	1
633	Iter0634	22	2	5	6	20	1	13.2	0.00576130340901661	0.37913165502	1
634	Iter0635	24	5	3	2	19	1	3.2	0.2683715715024997	0.36408530947299994	1
635	Iter0636	21	1	8	1	15	3	2.625	0.5032258064516139	0.275576262321819	1
636	Iter0637	27	1	15	5	22	4	9.0	0.06923450019850884	0.6701971390765001	1
637	Iter0638	27	0	4	4	24	0	28.0	0.0013368983957219426	0.5059021780000001	1
638	Iter0639	33	2	5	2	29	1	6.6	0.12288930581613307	0.6285926789999999	1
639	Iter0640	22	4	4	2	19	2	2.75	0.31040000353126096	0.4498715626255	1
640	Iter0641	30	3	9	4	26	1	4.4444444444444455	0.08666880399845689	0.5317282228119999	1
641	Iter0642	27	4	5	6	24	1	8.1	0.010940703306481636	0.5098843218752501	1
642	Iter0643	27	4	4	5	23	0	8.4375	0.015942100113926858	0.52995544221541	1
643	Iter0644	30	4	6	3	29	0	3.75	0.14657178782324096	0.8864567600000001	1
644	Iter0645	24	2	2	0	21	1	2.7777777777777786	1.0	0.58080346392071	1
645	Iter0646	20	6	5	4	13	0	2.666666666666667	0.3926491620007321	0.30683764199999997	1
646	Iter0647	29	3	3	1	22	0	3.2222222222222214	0.3895255071725654	0.51164977942456	1
647	Iter0648	27	2	11	5	21	3	6.136363636363637	0.07884288145206746	0.5541973836399999	1
648	Iter0649	24	2	5	3	22	1	7.199999999999998	0.07214938761428384	0.49795894135999996	1
649	Iter0650	18	2	11	2	15	3	1.6363636363636365	1.0	0.36544011697000006	1
650	Iter0651	23	7	7	2	19	0	0.9387755102040816	1.0	0.4501968575615096	1
651	Iter0652	25	6	8	0	19	3	0.4126984126984127	0.313341443372409	0.36579779991669986	1
652	Iter0653	24	1	6	5	20	0	20.0	0.006166982922201108	0.468657204612	1
653	Iter0654	29	5	5	1	25	0	1.16	1.0	0.49380089237000013	1
654	Iter0655	23	1	4	3	18	1	17.25	0.02780867630700778	0.3098740757729395	1
655	Iter0656	22	1	6	2	18	1	7.333333333333332	0.1557285873192457	0.387670219121971	1
656	Iter0657	19	3	7	3	15	1	2.714285714285714	0.3461484983314823	0.40366650151	1
657	Iter0658	20	3	3	6	16	2	13.333333333333336	0.00563589173155369	0.37116501747776204	1
658	Iter0659	24	1	8	3	19	1	9.0	0.07563025210084003	0.32542643419999995	1
659	Iter0660	20	3	10	3	15	2	2.0	0.6453984819734347	0.24900347025	1
660	Iter0661	21	2	10	2	18	1	2.1	0.5941176470588296	0.35550359919999996	1
661	Iter0662	29	5	5	1	23	0	1.16	1.0	0.5628549656551999	1
662	Iter0663	23	0	4	0	21	2	4.8	1.0	0.3626377289999999	1
663	Iter0664	25	3	6	2	20	0	2.7777777777777786	0.30481283422460337	0.4599643361200001	1
664	Iter0665	23	2	7	2	17	0	3.2857142857142856	0.2808780403657069	0.4138177620999998	1
665	Iter0666	31	0	5	0	28	2	5.333333333333333	1.0	0.8088235991	1
666	Iter0667	27	1	6	4	24	1	18.0	0.012216550916241692	0.4926734750000001	1
667	Iter0668	18	0	8	2	15	0	6.333333333333332	0.11904761904761835	0.37558462923219993	1
668	Iter0669	23	2	15	1	19	4	0.7666666666666667	1.0	0.3272145208911436	1
669	Iter0670	25	4	12	4	22	1	2.083333333333333	0.4270314573625056	0.43907255581500004	1
670	Iter0671	23	3	3	1	20	1	2.5555555555555562	0.4544791096515247	0.3459715387973762	1
671	Iter0672	25	3	3	4	24	0	11.111111111111114	0.01826078292577074	0.5640380039000001	1
672	Iter0673	29	7	14	2	22	1	0.5918367346938777	0.7035223795630772	0.52741869220094	1
673	Iter0674	33	6	7	0	27	3	0.6071428571428571	0.56972596566668	0.5737735720000001	1
674	Iter0675	26	5	9	2	22	1	1.1555555555555557	1.0	0.408913205446	1
675	Iter0676	27	2	4	6	24	1	20.25	0.0014431012883025405	0.43781883420000006	1
676	Iter0677	20	1	9	3	14	1	6.666666666666668	0.124999999999997	0.25497432277699994	1
677	Iter0678	35	3	6	2	26	0	3.888888888888889	0.20302111100898196	0.49426067105610005	1
678	Iter0679	23	3	7	5	19	2	5.476190476190476	0.08062536720281646	0.42560768377009994	1
679	Iter0680	24	1	10	3	21	0	7.199999999999998	0.1065501591817371	0.36945641481	1
680	Iter0681	30	5	13	1	26	3	0.4615384615384616	0.6592661116250499	0.4695581417	1
681	Iter0682	32	1	4	7	31	1	56.0	6.237564824901218e-05	0.8224274888389003	1
682	Iter0683	20	4	9	3	16	1	1.6666666666666667	0.6639468690702021	0.2671256779999999	1
683	Iter0684	20	5	9	3	19	0	1.3333333333333333	1.0	0.41460544000000005	1
684	Iter0685	22	3	14	3	17	7	1.5714285714285712	0.672041520565283	0.37551986347806804	1
685	Iter0686	20	5	6	2	16	0	1.3333333333333333	1.0	0.27275103348	1
686	Iter0687	25	1	5	2	21	0	10.0	0.10648826979471944	0.47919842776000005	1
687	Iter0688	24	3	10	3	19	3	2.4	0.3699451331030254	0.5142173991093	1
688	Iter0689	28	1	6	2	25	2	9.333333333333334	0.11171171171171193	0.544448328414	1
689	Iter0690	27	0	3	0	24	1	7.0	1.0	0.6724872402	1
690	Iter0691	28	1	7	4	26	0	16.0	0.01524601524601496	0.45503325262000005	1
691	Iter0692	27	2	12	2	23	5	2.25	0.5854792966534189	0.6078195803	1
692	Iter0693	29	2	6	1	25	2	2.4166666666666665	0.4671645329540013	0.6028135801478	1
693	Iter0694	34	5	6	5	29	0	5.666666666666668	0.02989988996764085	0.710761226728	1
694	Iter0695	24	3	8	1	18	2	1.0	1.0	0.26640876663290003	1
695	Iter0696	26	6	8	3	25	0	1.625	0.6717239589138361	0.37071501694	1
696	Iter0697	22	1	11	3	18	6	6.0	0.14191838897721834	0.31414639752651	1
697	Iter0698	25	1	9	3	20	2	8.333333333333334	0.08419697893382022	0.4143801184465401	1
698	Iter0699	26	4	6	4	20	3	4.333333333333333	0.08937251352111955	0.42075665660000006	1
699	Iter0700	16	2	8	3	16	2	3.0	0.3386383731211322	0.42296540000000005	1
700	Iter0701	20	2	7	3	19	1	4.285714285714286	0.2926167964404921	0.30339688991138397	1
701	Iter0702	25	2	6	0	19	1	1.2380952380952381	1.0	0.4189779748348052	1
702	Iter0703	28	1	2	1	25	0	14.0	0.18145161290322373	0.5681121334510001	1
703	Iter0704	36	2	5	2	27	1	7.2	0.10824524312895907	0.556913783367	1
704	Iter0705	25	4	4	3	19	0	4.6875	0.11594898223218755	0.4307166129999999	1
705	Iter0706	21	2	8	1	17	0	1.3125	1.0	0.45666175974999995	1
706	Iter0707	29	3	10	1	23	2	0.9666666666666666	1.0	0.4207318942453564	1
707	Iter0708	24	3	11	0	15	5	0.5208333333333334	0.5423186344238874	0.21656888709999997	1
708	Iter0709	25	6	2	5	21	0	10.416666666666666	0.01386390260229253	0.5123097137253001	1
709	Iter0710	22	5	10	3	17	1	1.32	1.0	0.33509604399993004	1
710	Iter0711	34	3	10	2	26	3	2.2666666666666666	0.5843795427514198	0.5732539252941999	1
711	Iter0712	25	4	6	3	21	0	3.125	0.32248917930032217	0.521591417	1
712	Iter0713	17	3	6	3	15	1	2.833333333333333	0.339067828723005	0.3991902560112	1
713	Iter0714	25	2	11	1	21	4	1.1363636363636365	1.0	0.48088881751100004	1
714	Iter0715	22	3	4	5	17	2	9.166666666666666	0.017399507077580936	0.3441144274551	1
715	Iter0716	24	5	9	2	21	0	1.0666666666666669	1.0	0.46038498150999996	1
716	Iter0717	17	2	12	7	14	4	4.958333333333334	0.12446698898311688	0.336885729	1
717	Iter0718	31	5	6	6	25	2	6.2	0.017643953118672052	0.5790912606570501	1
718	Iter0719	25	0	6	1	20	0	7.428571428571429	0.21874999999999994	0.318576953836	1
719	Iter0720	22	3	7	0	16	0	0.71875	1.0	0.295452371207	1
720	Iter0721	32	1	7	7	25	2	32.0	0.0003697129241584793	0.6625682816599999	1
721	Iter0722	17	2	7	2	15	1	2.4285714285714284	0.5740659340659324	0.404715457908	1
722	Iter0723	24	3	8	3	20	1	3.0	0.3286873782229792	0.35550565300000003	1
723	Iter0724	21	2	4	2	19	1	5.25	0.17978190391983706	0.39560147	1
724	Iter0725	15	6	15	3	14	4	0.5	0.4641844641844653	0.34693202737142	1
725	Iter0726	29	1	7	2	26	1	8.285714285714286	0.12736623262939215	0.6739815543132538	1
726	Iter0727	30	4	8	4	26	1	3.75	0.17781373722580884	0.47653321759999995	1
727	Iter0728	25	3	12	3	21	4	2.083333333333333	0.6473564796847331	0.5135688734400001	1
728	Iter0729	29	3	2	0	24	0	2.5	1.0	0.5622095382855803	1
729	Iter0730	34	3	9	2	27	1	2.5185185185185186	0.321153253160654	0.5939084255285951	1
730	Iter0731	26	2	11	4	23	2	4.727272727272728	0.16104427262142498	0.5137643595873	1
731	Iter0732	36	3	5	3	33	1	7.199999999999998	0.05269961843332602	0.8502217186000002	1
732	Iter0733	25	2	10	2	22	2	2.5	0.5732574679943048	0.49752062575905	1
733	Iter0734	25	2	9	2	24	0	2.7777777777777777	0.5641129851656073	0.6050007061799999	1
734	Iter0735	21	2	7	2	16	0	3.0	0.5567575083426126	0.4761820010688	1
735	Iter0736	39	1	10	3	32	2	11.7	0.04150943396226301	0.6888207014000001	1
736	Iter0737	28	4	6	1	23	1	1.1666666666666667	1.0	0.4885203988	1
737	Iter0738	30	3	8	2	23	2	2.5	0.5749004257228918	0.4583335547798123	1
738	Iter0739	21	3	6	3	18	0	3.5	0.30923248053392377	0.4270741638400001	1
739	Iter0740	18	5	11	2	14	1	0.6545454545454545	1.0	0.290821072865668	1
740	Iter0741	25	3	5	0	19	3	1.0833333333333333	1.0	0.32197525979080005	1
741	Iter0742	16	0	8	7	13	0	15.111111111111109	0.0024471635150166925	0.237178965696	1
742	Iter0743	26	3	7	2	22	0	2.4761904761904763	0.5741360555602104	0.48895693199999996	1
743	Iter0744	29	1	10	5	26	4	14.5	0.01167517489128348	0.4873313539900001	1
744	Iter0745	22	3	5	2	17	2	2.933333333333333	0.2964404894327033	0.40080137316551	1
745	Iter0746	15	4	11	3	12	2	1.0227272727272727	1.0	0.23710683802149998	1
746	Iter0747	23	2	8	4	19	0	5.75	0.07279127867363287	0.458896226015	1
747	Iter0748	25	0	7	5	23	1	19.5	0.00181694299341362	0.5672492790000001	1
748	Iter0749	21	5	6	3	12	1	2.1	0.3963040166010832	0.2433149198822	1
749	Iter0750	21	5	6	2	19	0	1.4	1.0	0.450604905	1
750	Iter0751	26	4	10	5	24	2	3.25	0.13532716524028754	0.5629845247999999	1
751	Iter0752	31	1	6	1	27	2	5.166666666666667	0.3306342780026919	0.5713746755999999	1
752	Iter0753	17	1	11	4	15	1	6.1818181818181825	0.15227778339569192	0.27749746	1
753	Iter0754	24	2	9	2	17	3	2.6666666666666665	0.5669619199031184	0.27154539685999995	1
754	Iter0755	26	4	9	2	17	3	1.4444444444444444	0.6513721680602249	0.33322421328546503	1
755	Iter0756	24	4	5	1	15	1	1.2	1.0	0.30021198117414605	1
756	Iter0757	32	2	11	4	27	3	5.8181818181818175	0.0624201577023061	0.6293327936909001	1
757	Iter0758	34	3	3	3	29	0	11.333333333333336	0.02716546372694585	0.6457141008080001	1
758	Iter0759	28	6	12	5	25	4	1.9444444444444449	0.4719334850982229	0.37193108210000014	1
759	Iter0760	21	2	13	2	18	4	1.6153846153846154	1.0	0.41311650839599995	1
760	Iter0761	45	2	2	0	35	1	5.1111111111111125	1.0	0.7393665178613229	1
761	Iter0762	27	1	2	5	22	0	67.5	0.0003665689149560227	0.5739943620000001	1
762	Iter0763	30	4	10	3	22	1	2.25	0.376899571116905	0.6578440131947617	1
763	Iter0764	29	3	9	1	27	0	1.074074074074074	1.0	0.6409627676457301	1
764	Iter0765	33	5	7	6	28	0	5.6571428571428575	0.02098369333781309	0.6037235464763999	1
765	Iter0766	30	7	16	2	27	3	0.5357142857142857	0.7016508661951684	0.5774013767969999	1
766	Iter0767	28	7	6	11	25	1	7.333333333333334	0.0041186776755262975	0.48070546720000007	1
767	Iter0768	28	5	5	6	22	0	6.719999999999999	0.01617903105657106	0.4208040405499653	1
768	Iter0769	27	4	7	1	21	3	0.9642857142857144	1.0	0.408793776400014	1
769	Iter0770	23	2	5	0	22	0	1.3333333333333333	1.0	0.49970495960000005	1
770	Iter0771	22	2	10	0	19	1	0.696969696969697	1.0	0.5062764789	1
771	Iter0772	24	2	6	3	20	0	6.0	0.09457478005865183	0.46689456153400005	1
772	Iter0773	26	2	8	4	22	2	6.5	0.05476529160739669	0.35163569930789007	1
773	Iter0774	25	3	8	3	22	1	3.1250000000000004	0.323487574261581	0.5172408531129957	1
774	Iter0775	28	2	8	2	25	1	3.5	0.2558813874603338	0.49345951890000006	1
775	Iter0776	24	3	7	3	24	2	3.4285714285714284	0.3130329527388413	0.45625215999999996	1
776	Iter0777	18	1	10	0	18	1	0.8636363636363636	1.0	0.52421204	1
777	Iter0778	31	5	8	0	25	4	0.5925925925925926	0.5660805445263747	0.677493659718851	1
778	Iter0779	25	5	12	1	22	3	0.4166666666666667	0.6493715855150995	0.461965037097793	1
779	Iter0780	30	1	9	2	25	1	6.666666666666668	0.1628919860627182	0.5232278531145779	1
780	Iter0781	18	4	9	3	15	2	1.5	0.676920434469676	0.3157505527	1
781	Iter0782	32	1	10	2	26	0	6.4	0.16899224806201002	0.41412933114	1
782	Iter0783	32	3	3	3	24	1	10.666666666666666	0.031144109449629413	0.6515042739999999	1
783	Iter0784	25	5	2	3	20	0	7.5	0.0665430395031913	0.40686371112535796	1
784	Iter0785	24	6	8	1	19	1	0.5	1.0	0.41656983540000014	1
785	Iter0786	26	2	7	1	21	0	1.8571428571428568	0.5411764705882472	0.48753006699999996	1
786	Iter0787	31	3	9	0	26	0	0.8	1.0	0.5166936102	1
787	Iter0788	23	5	7	1	20	2	0.6571428571428571	1.0	0.40355215014	1
788	Iter0789	31	6	7	4	27	1	2.952380952380953	0.20641197652777185	0.6359643148069751	1
789	Iter0790	31	1	14	2	27	6	4.428571428571429	0.2543940795559768	0.5372741620100001	1
790	Iter0791	31	0	5	3	25	0	21.33333333333333	0.006127585074953571	0.562637537440146	1
791	Iter0792	24	4	9	3	20	2	2.0	0.4095891557191952	0.533536043240014	1
792	Iter0793	21	1	4	3	19	1	15.75	0.03389330975537932	0.3767623732	1
793	Iter0794	18	5	3	1	16	0	1.2	1.0	0.37134650476000003	1
794	Iter0795	27	1	5	3	23	0	16.2	0.027807486631016263	0.44294972271999994	1
795	Iter0796	27	2	10	4	23	1	5.4	0.07667850852314867	0.4183032815399838	1
796	Iter0797	35	5	6	1	28	1	1.1666666666666667	1.0	0.48891153159287004	1
797	Iter0798	26	1	6	7	22	0	30.333333333333336	0.0006191950464396271	0.467526588432	1
798	Iter0799	24	1	5	4	18	2	19.2	0.011773331033293156	0.3720998087054051	1
799	Iter0800	26	2	9	2	22	1	2.888888888888889	0.5618776671408278	0.31920967999999994	1
800	Iter0801	19	0	14	5	17	4	8.0	0.04633204633204715	0.31793405236	1
801	Iter0802	20	3	9	1	17	2	0.7407407407407408	1.0	0.34189485833999994	1
802	Iter0803	30	5	10	5	24	3	3.0	0.14277603718747478	0.5770077150393	1
803	Iter0804	21	1	6	3	18	0	10.5	0.06273637374860995	0.42069385109999996	1
804	Iter0805	17	1	10	4	14	4	6.8	0.14196329254727505	0.32017990989999995	1
805	Iter0806	26	4	6	1	21	1	1.0833333333333333	1.0	0.46342919163000007	1
806	Iter0807	26	2	11	3	24	0	3.5454545454545454	0.3125802310654689	0.6179553530000002	1
807	Iter0808	17	3	6	1	14	2	0.9444444444444444	1.0	0.36831701955	1
808	Iter0809	15	2	11	7	13	7	4.7727272727272725	0.12120537971483565	0.3002716818	1
809	Iter0810	23	4	8	4	20	1	2.875	0.22056731654254935	0.39761106669999996	1
810	Iter0811	27	1	7	3	21	1	11.571428571428573	0.04836415362731212	0.543829042607	1
811	Iter0812	24	3	6	4	21	1	5.333333333333333	0.06881588333201323	0.42283325408651	1
812	Iter0813	23	3	7	2	21	3	2.1904761904761907	0.5855306932157112	0.50154019617	1
813	Iter0814	21	2	6	0	20	1	1.0476190476190477	1.0	0.43493235189999985	1
814	Iter0815	25	2	8	1	20	2	1.5625	1.0	0.5093627962	1
815	Iter0816	26	1	10	1	23	2	2.6	0.5007112375533396	0.48096199999999995	1
816	Iter0817	24	1	7	5	20	1	17.142857142857142	0.008914376561435662	0.51574052388	1
817	Iter0818	27	3	9	6	23	2	6.0	0.042458017619970936	0.5312249480618999	1
818	Iter0819	28	6	6	2	24	1	1.5555555555555556	0.6353735444877889	0.4793270784000001	1
819	Iter0820	29	4	10	2	22	3	1.45	0.6503362774491384	0.4782124401	1
820	Iter0821	28	4	17	3	23	7	1.2352941176470589	1.0	0.5801272982699999	1
821	Iter0822	30	3	12	2	23	0	1.6666666666666667	0.6265301292945751	0.415472274	1
822	Iter0823	22	3	7	2	19	1	2.095238095238096	0.5908444022770442	0.3380044433	1
823	Iter0824	31	2	9	1	30	1	1.7222222222222223	0.5578964427518079	0.5827354425000001	1
824	Iter0825	31	6	6	0	24	0	0.6530612244897959	0.570999469527662	0.5125237354999999	1
825	Iter0826	20	4	9	3	16	2	1.6666666666666667	0.6639468690702021	0.3564370430999976	1
826	Iter0827	21	0	11	1	20	2	3.6666666666666665	0.3636363636363565	0.5019821927	1
827	Iter0828	22	3	8	6	21	3	5.5	0.047455563484725724	0.44838645	1
828	Iter0829	30	2	6	1	24	1	2.5	0.4572710362184067	0.45231810299993636	1
829	Iter0830	27	3	4	4	23	2	9.0	0.024516776838758258	0.5660659004299999	1
830	Iter0831	31	2	4	1	28	0	3.875	0.3532479848269345	0.7222756599645997	1
831	Iter0832	27	3	8	1	23	2	1.125	1.0	0.5375029078299054	1
832	Iter0833	22	1	8	6	22	1	16.5	0.0070420277962974075	0.50452244	1
833	Iter0834	25	4	15	3	22	4	1.25	1.0	0.5438134625000001	1
834	Iter0835	22	3	6	2	20	2	2.4444444444444438	0.5736002966258794	0.33859340999	1
835	Iter0836	24	3	15	2	16	7	1.0666666666666669	1.0	0.3610181482969999	1
836	Iter0837	22	4	8	1	19	1	0.6875	1.0	0.489102423	1
837	Iter0838	35	5	9	1	34	0	0.7777777777777778	1.0	0.7733746599999999	1
838	Iter0839	21	1	3	3	20	1	21.0	0.02222222222222224	0.48580143999999986	1
839	Iter0840	29	4	17	1	23	3	0.4264705882352941	0.6446374294398443	0.5481584071550799	1
840	Iter0841	29	1	8	2	24	1	7.25	0.14878542510121118	0.634339677995899	1
841	Iter0842	26	4	5	1	23	0	1.3	1.0	0.533400914852886	1
842	Iter0843	23	6	6	3	18	2	1.9166666666666667	0.6553124672569322	0.4321754687	1
843	Iter0844	34	3	4	3	28	0	8.500000000000002	0.041938209266626544	0.7339545062800001	1
844	Iter0845	22	3	5	3	19	1	4.4	0.13654060066740473	0.434049164528	1
845	Iter0846	25	1	5	5	21	1	25.0	0.0034716232534069413	0.5279451854999999	1
846	Iter0847	31	1	4	1	25	1	7.75	0.2552552552552589	0.5880388758999999	1
847	Iter0848	33	2	6	3	30	1	8.25	0.050198525241065134	0.6267484465609998	1
848	Iter0849	23	3	6	4	19	2	5.1111111111111125	0.07588695302167743	0.3050013592037	1
849	Iter0850	21	6	12	8	17	5	2.333333333333333	0.21430288496821548	0.31925675446099994	1
850	Iter0851	23	6	7	1	19	3	0.5476190476190477	1.0	0.4579873240000001	1
851	Iter0852	17	7	5	1	14	3	0.4857142857142857	1.0	0.3410594569605	1
852	Iter0853	26	1	4	2	21	0	13.0	0.07789589442815054	0.4390819632999999	1
853	Iter0854	22	2	11	0	19	2	0.6388888888888891	1.0	0.35202621614275	1
854	Iter0855	21	3	6	1	21	0	1.1666666666666667	1.0	0.49454853	1
855	Iter0856	19	5	8	2	18	2	0.95	1.0	0.4136581192	1
856	Iter0857	25	3	6	1	22	2	1.3888888888888893	1.0	0.6695475305	1
857	Iter0858	23	3	6	7	19	0	8.944444444444445	0.007705523360172338	0.39310745717791	1
858	Iter0859	15	2	8	4	14	0	3.75	0.19806323944255105	0.22710155060700002	1
859	Iter0860	26	1	11	1	21	2	2.363636363636364	0.5263157894736744	0.5406054091836772	1
860	Iter0861	33	5	9	5	26	1	3.6666666666666665	0.10938217280428099	0.5727348910000001	1
861	Iter0862	25	3	5	4	22	0	6.666666666666668	0.04495102312939255	0.43845091	1
862	Iter0863	22	3	9	3	18	1	2.4444444444444438	0.3666250283897413	0.2924397426759999	1
863	Iter0864	16	1	8	2	15	3	4.0	0.5350427350427397	0.22447337378	1
864	Iter0865	19	4	8	5	17	1	2.96875	0.234654634935174	0.35010124699999995	1
865	Iter0866	26	4	11	4	23	3	2.363636363636364	0.4099525873415828	0.386726565486	1
866	Iter0867	33	5	10	4	26	1	2.64	0.2286159538888472	0.5630557641917651	1
867	Iter0868	19	3	8	5	15	1	3.958333333333333	0.11629868855217497	0.38798358047631987	1
868	Iter0869	22	3	10	4	18	1	2.933333333333333	0.22509077307838946	0.33650515652699997	1
869	Iter0870	26	1	2	4	22	1	52.0	0.001731722115481835	0.496162766224369	1
870	Iter0871	23	1	8	1	20	0	2.875	0.4772727272727199	0.37164703587732006	1
871	Iter0872	25	3	5	2	22	0	3.333333333333333	0.2557572882525495	0.41752084380000004	1
872	Iter0873	22	2	9	6	21	4	7.333333333333332	0.037021899251002084	0.4670401226630001	1
873	Iter0874	26	2	1	5	23	0	65.0	0.0004267962620380372	0.46921493489999994	1
874	Iter0875	15	9	5	3	13	1	1.0	1.0	0.24288432989999995	1
875	Iter0876	25	4	6	2	21	1	2.083333333333333	0.5913426795779844	0.47441725669999724	1
876	Iter0877	26	3	4	3	23	1	6.5	0.07327065723650092	0.42556206623540005	1
877	Iter0878	29	2	2	3	24	1	21.75	0.012748281130634209	0.49245582051829	1
878	Iter0879	28	2	5	3	27	2	8.4	0.05282682062867873	0.5451473437487	1
879	Iter0880	31	4	4	3	25	0	5.8125	0.07689194082005286	0.44246287496136	1
880	Iter0881	25	3	7	2	20	2	2.380952380952381	0.5772510478393023	0.4249404983800001	1
881	Iter0882	18	6	14	0	14	1	0.18095238095238092	0.06724681337684411	0.31014101116399995	1
882	Iter0883	25	3	13	1	22	1	0.6410256410256411	1.0	0.480392054692	1
883	Iter0884	27	4	6	3	24	1	3.375	0.3164757696491488	0.55837851598	1
884	Iter0885	31	6	7	3	27	1	2.2142857142857144	0.3766726797454361	0.5252227436967001	1
885	Iter0886	28	0	7	1	24	0	7.25	0.22222222222222046	0.59878060212	1
886	Iter0887	20	5	8	5	19	3	2.5	0.2628629845506547	0.30670352781599997	1
887	Iter0888	29	7	8	2	26	0	1.0357142857142858	1.0	0.7144048207100001	1
888	Iter0889	20	4	9	3	18	2	1.6666666666666667	0.6639468690702021	0.37847194069999995	1
889	Iter0890	24	3	14	4	21	3	2.2857142857142856	0.4122363739493453	0.5534171570901136	1
890	Iter0891	22	5	7	1	18	0	0.6285714285714287	1.0	0.3773035191206999	1
891	Iter0892	25	2	7	5	24	1	8.928571428571429	0.01974730148104759	0.58927095	1
892	Iter0893	25	4	6	2	18	3	2.083333333333333	0.5913426795779844	0.42352900592752146	1
893	Iter0894	31	2	8	6	24	0	11.625	0.00541199693777367	0.37831265264299996	1
894	Iter0895	25	3	6	3	22	0	4.166666666666667	0.1404104639398814	0.51100132465	1
895	Iter0896	25	1	6	5	20	2	20.833333333333336	0.005365659777424632	0.3891004642020394	1
896	Iter0897	24	3	8	0	22	3	0.6944444444444444	1.0	0.39333511400000004	1
897	Iter0898	20	2	3	2	17	0	6.666666666666668	0.1444444444444464	0.39299399789031	1
898	Iter0899	25	4	4	4	20	0	6.25	0.04866333471646608	0.3417869267342952	1
899	Iter0900	26	2	6	4	21	2	8.666666666666666	0.031385734172111934	0.5703123920500001	1
900	Iter0901	22	4	6	3	19	0	2.75	0.33970751815743466	0.42775926510599993	1
901	Iter0902	16	5	10	4	15	0	1.28	1.0	0.261405223	1
902	Iter0903	41	4	6	1	35	0	1.7083333333333333	0.5299046541693798	0.812473892367865	1
903	Iter0904	26	0	4	2	19	0	16.2	0.030241935483871107	0.4517276303203999	1
904	Iter0905	27	2	9	2	23	1	3.0	0.3003063792537476	0.4594989308600449	1
905	Iter0906	36	6	4	2	28	0	3.0	0.2582459276411886	0.6350878449297999	1
906	Iter0907	22	3	10	2	20	3	1.4666666666666666	1.0	0.4628659809932001	1
907	Iter0908	20	2	13	5	16	3	3.8461538461538463	0.21095852937958534	0.354697826303	1
908	Iter0909	21	2	12	3	18	3	2.625	0.3649067023680129	0.4210281493	1
909	Iter0910	22	4	11	0	21	0	0.3833333333333333	0.29631311984254305	0.5334547617	1
910	Iter0911	20	2	7	1	19	1	1.4285714285714286	1.0	0.32739671831701994	1
911	Iter0912	24	3	7	1	19	1	1.1428571428571428	1.0	0.41557115575	1
912	Iter0913	14	2	7	2	12	0	2.0	0.6015810276679863	0.21181479244999998	1
913	Iter0914	29	4	10	3	21	2	2.175	0.3851323912632549	0.42518860914520007	1
914	Iter0915	30	3	12	1	23	1	0.8333333333333334	1.0	0.525461539668664	1
915	Iter0916	27	1	7	0	24	2	1.75	1.0	0.5369262069999999	1
916	Iter0917	18	2	8	2	16	0	2.25	0.5840175150520016	0.42187326121499996	1
917	Iter0918	28	2	8	5	24	1	8.75	0.01902429342200029	0.5183515657000001	1
918	Iter0919	29	8	11	3	26	2	0.9886363636363636	1.0	0.55964267433	1
919	Iter0920	27	5	8	2	23	1	1.35	1.0	0.456425128008	1
920	Iter0921	24	4	12	1	19	1	0.5	1.0	0.3230062743831	1
921	Iter0922	23	2	3	5	20	1	19.166666666666668	0.0040982685587801606	0.34360423688999997	1
922	Iter0923	27	2	6	3	23	0	6.75	0.07547485566061529	0.4921890421	1
923	Iter0924	32	2	5	2	28	1	6.4	0.1284289523057155	0.7221195790009998	1
924	Iter0925	20	4	7	2	17	2	1.4285714285714286	1.0	0.44226579499999996	1
925	Iter0926	31	2	6	2	24	1	5.166666666666667	0.1649254468253184	0.5097948357000001	1
926	Iter0927	26	2	7	1	24	3	1.8571428571428568	0.5411764705882472	0.6136549394999999	1
927	Iter0928	27	3	6	1	23	3	1.5	1.0	0.49505462451079996	1
928	Iter0929	24	5	7	1	20	1	0.6857142857142857	1.0	0.48296275795899996	1
929	Iter0930	26	2	4	1	20	1	3.25	0.3995601173020483	0.33771164819383	1
930	Iter0931	23	2	6	3	21	0	5.75	0.1023374159047782	0.43324020708	1
931	Iter0932	26	6	8	2	25	1	1.0833333333333333	1.0	0.5162189249999999	1
932	Iter0933	22	4	10	3	19	2	1.65	0.6664156416478373	0.46222243691120585	1
933	Iter0934	40	4	8	5	32	2	6.25	0.02213302401397497	0.7411562396899999	1
934	Iter0935	32	6	7	3	27	0	2.2857142857142856	0.3697798250920995	0.6918286127000002	1
935	Iter0936	19	2	7	5	17	1	6.785714285714287	0.07087841709643597	0.33205408	1
936	Iter0937	34	0	4	2	27	1	21.0	0.019230769230769305	0.5357112867189001	1
937	Iter0938	27	2	11	3	23	2	3.6818181818181817	0.3091321610890504	0.50716556192	1
938	Iter0939	23	4	5	4	19	1	4.6	0.08626191906634216	0.4551817232999999	1
939	Iter0940	31	3	12	2	28	1	1.7222222222222223	0.6208243396032563	0.556068018529846	1
940	Iter0941	27	3	9	1	23	2	1.0	1.0	0.4072096187709999	1
941	Iter0942	23	2	10	2	22	8	2.3	0.582103111514896	0.49533781710000013	1
942	Iter0943	23	3	5	5	20	0	7.666666666666668	0.024012122798356083	0.4068712438	1
943	Iter0944	27	2	8	4	23	6	6.75	0.05000947427134805	0.5211610357001001	1
944	Iter0945	17	4	25	1	16	8	0.17	0.15759362008527947	0.420590357	1
945	Iter0946	30	1	5	2	24	0	12.0	0.08131816026552847	0.4657894783447	1
946	Iter0947	26	4	7	2	21	0	1.8571428571428568	0.606894820517125	0.44325201126600006	1
947	Iter0948	23	5	3	1	20	1	1.5333333333333332	1.0	0.422351375	1
948	Iter0949	28	5	4	4	23	0	5.6	0.054409633583537134	0.6944939447719	1
949	Iter0950	26	1	7	3	21	0	11.142857142857142	0.05223711106064199	0.54213556113	1
950	Iter0951	15	2	13	2	13	3	1.1538461538461535	1.0	0.246772328	1
951	Iter0952	20	4	6	1	17	0	0.8333333333333334	1.0	0.366292670993	1
952	Iter0953	28	3	7	3	21	0	4.0	0.1434644874952946	0.439581240603	1
953	Iter0954	17	6	7	2	16	1	0.8095238095238095	1.0	0.40284282499999996	1
954	Iter0955	24	3	4	0	19	0	1.25	1.0	0.3563355284	1
955	Iter0956	28	2	4	2	23	1	7.0	0.12121212121211933	0.4640432383180001	1
956	Iter0957	23	2	9	2	19	4	2.555555555555556	0.5704948646125054	0.44042842754000006	1
957	Iter0958	23	3	6	4	19	1	5.1111111111111125	0.07588695302167743	0.49679190114387267	1
958	Iter0959	30	7	5	4	27	0	3.4285714285714284	0.18621155411211596	0.7347925871600001	1
959	Iter0960	25	6	8	2	19	1	1.0416666666666667	1.0	0.35024123230000004	1
960	Iter0961	24	3	10	0	21	1	0.5681818181818182	0.5482625482625532	0.45559205584947	1
961	Iter0962	28	7	8	2	22	0	1.0	1.0	0.4848231951100001	1
962	Iter0963	21	3	5	5	17	1	7.0	0.031445614953434634	0.4236906990479999	1
963	Iter0964	28	0	6	3	24	1	16.571428571428573	0.010810810810810942	0.553522040187359	1
964	Iter0965	25	2	6	3	22	0	6.25	0.08756684491978603	0.581644118	1
965	Iter0966	25	5	7	2	21	1	1.4285714285714286	0.6525585534873457	0.5238600956	1
966	Iter0967	25	3	8	1	22	0	1.0416666666666667	1.0	0.537913827	1
967	Iter0968	20	1	8	4	17	0	10.0	0.0471357063403781	0.37153967144	1
968	Iter0969	31	2	7	3	28	0	6.642857142857142	0.07328292807589502	0.5862362699888871	1
969	Iter0970	26	5	5	3	23	1	3.12	0.3229855242239153	0.4107369195999999	1
970	Iter0971	26	5	10	1	24	5	0.52	1.0	0.5725676336710002	1
971	Iter0972	29	1	6	3	27	2	14.5	0.03216982164350589	0.448072984407	1
972	Iter0973	21	4	5	4	16	1	4.2	0.1647582280965799	0.43956513007303094	1
973	Iter0974	15	1	7	6	13	2	12.857142857142856	0.026020323171747687	0.23953669399999997	1
974	Iter0975	19	3	15	7	16	8	2.955555555555556	0.2805791960641685	0.27081746928098005	1
975	Iter0976	31	5	8	0	24	3	0.5925925925925926	0.5660805445263747	0.6403519076489999	1
976	Iter0977	27	2	6	1	20	1	2.25	0.4882352941176494	0.41765512683620193	1
977	Iter0978	25	2	10	3	22	1	3.75	0.3065433854907508	0.36402661960194005	1
978	Iter0979	25	4	10	4	21	0	2.5	0.4038030029312768	0.4288245479000001	1
979	Iter0980	35	3	9	2	30	0	2.592592592592593	0.310966477247707	0.6939006678539997	1
980	Iter0981	31	5	6	3	27	1	3.1	0.3261541217238552	0.5860151712653601	1
981	Iter0982	27	3	4	2	24	0	4.5	0.1858288770053484	0.5279544420694	1
982	Iter0983	21	6	6	1	18	2	0.5833333333333334	1.0	0.36673624471	1
983	Iter0984	31	2	4	0	23	0	2.1333333333333333	1.0	0.50580222956056	1
984	Iter0985	31	1	8	4	26	0	15.5	0.01531480431083369	0.5191687102236	1
985	Iter0986	30	4	4	3	25	1	5.625	0.08204896908362799	0.68078508533	1
986	Iter0987	27	4	11	3	23	1	1.8409090909090908	0.6592765430825351	0.5159483721000001	1
987	Iter0988	18	1	9	2	16	2	4.0	0.5366995073891617	0.27857352180000006	1
988	Iter0989	25	0	8	2	23	1	8.666666666666666	0.07563025210084233	0.5159835899732016	1
989	Iter0990	23	4	10	5	18	4	2.875	0.2416901534926199	0.4523698663000001	1
990	Iter0991	27	4	10	6	24	4	4.05	0.0683834141248959	0.5417389129000001	1
991	Iter0992	33	2	4	3	26	0	12.375	0.02594549224844386	0.5917403909499999	1
992	Iter0993	33	4	8	6	29	2	6.1875	0.01777116672454657	0.655121721368	1
993	Iter0994	22	1	4	4	22	2	22.0	0.00980513327565623	0.5406864499999999	1
994	Iter0995	25	4	9	2	21	4	1.3888888888888888	1.0	0.6374983908	1
995	Iter0996	24	2	7	6	17	1	10.285714285714283	0.009810894485817241	0.31004128791680996	1
996	Iter0997	25	4	6	1	21	1	1.0416666666666667	1.0	0.4621728010379001	1
997	Iter0998	34	3	13	5	27	4	4.35897435897436	0.09754396546849088	0.68694194047387	1
998	Iter0999	25	2	10	1	22	1	1.25	1.0	0.5754374055009001	1
999	Iter1000	27	0	8	4	23	1	15.555555555555555	0.0060181639129007255	0.557932912	1
