	IterId	dN	dS	pN	pS	bdN	bpN	MkScore	FSPVal	SelCoef	PosSel
0	Iter0001	28	7	3	3	21	0	4.0	0.14346448749529628	0.30462282809169994	1
1	Iter0002	31	7	4	0	25	1	0.8	1.0	0.4317005019252099	1
2	Iter0003	29	3	12	1	19	1	0.8055555555555555	1.0	0.44821053699999985	1
3	Iter0004	30	4	5	3	20	2	4.5	0.11299113866507905	0.33954351912266995	1
4	Iter0005	25	11	13	3	18	0	0.5244755244755246	0.5060177783328033	0.48210741700000004	1
5	Iter0006	38	7	9	3	30	1	1.809523809523809	0.4242999086427233	0.6337253793400002	1
6	Iter0007	33	5	9	1	23	2	0.7333333333333333	1.0	0.527932709257	1
7	Iter0008	24	4	10	0	15	1	0.4545454545454545	0.5561877667140815	0.3182756906	1
8	Iter0009	33	7	8	5	26	0	2.946428571428571	0.14027058438834974	0.576253297274	1
9	Iter0010	21	6	6	0	15	2	0.4489795918367347	0.5626634211172441	0.3225165747999999	1
10	Iter0011	30	8	6	2	24	1	1.25	1.0	0.5306643418	1
11	Iter0012	30	5	5	5	22	1	6.0	0.029344794398379618	0.485707978	1
12	Iter0013	28	2	10	2	20	0	2.8	0.5647279549718599	0.303375992633	1
13	Iter0014	22	3	3	2	16	1	4.8888888888888875	0.18333263160849303	0.50899776323	1
14	Iter0015	22	2	7	1	16	2	1.5714285714285714	1.0	0.4120380527	1
15	Iter0016	23	9	6	1	21	0	0.4259259259259259	0.6525585534873464	0.4983954313	1
16	Iter0017	25	6	7	3	20	1	1.7857142857142858	0.6622433324842096	0.53682985	1
17	Iter0018	18	5	7	2	14	2	1.0285714285714287	1.0	0.2503276141	1
18	Iter0019	32	6	6	2	20	0	1.7777777777777777	0.6130726294429566	0.47508848269999987	1
19	Iter0020	32	4	7	4	25	3	4.571428571428571	0.07327042721624275	0.4963553821000001	1
20	Iter0021	32	5	7	6	21	0	5.485714285714287	0.023339546187541672	0.41273124605333	1
21	Iter0022	30	6	7	2	26	2	1.4285714285714286	0.65145902847783	0.6503325900000001	1
22	Iter0023	32	6	8	8	18	2	5.333333333333333	0.015890622413242694	0.336689180379	1
23	Iter0024	30	3	8	2	24	0	2.5	0.5749004257228918	0.3956351899999999	1
24	Iter0025	21	6	8	2	16	1	0.875	1.0	0.311850181438	1
25	Iter0026	34	4	10	0	22	1	0.6363636363636364	0.5664508171446214	0.41048511739790006	1
26	Iter0027	31	3	7	2	23	2	2.952380952380953	0.2773307237289058	0.40491993582	1
27	Iter0028	24	8	4	3	14	1	2.25	0.37913145343486093	0.27774739986	1
28	Iter0029	32	3	2	2	20	0	10.666666666666666	0.07240033555823039	0.5442196465946971	1
29	Iter0030	32	4	10	5	20	0	4.0	0.10224506040610604	0.39935056600000013	1
30	Iter0031	29	8	6	3	22	2	1.8125	0.6642977961486614	0.45647132004899993	1
31	Iter0032	20	3	11	4	14	0	2.4242424242424243	0.4007910774551648	0.30468581982400006	1
32	Iter0033	32	8	3	2	25	0	2.6666666666666665	0.3057288712421892	0.5266194142485301	1
33	Iter0034	30	9	9	0	22	4	0.31	0.17626717165701367	0.5693352204691001	1
34	Iter0035	33	5	10	3	23	3	1.98	0.404179551561599	0.5090303989998219	1
35	Iter0036	28	11	5	2	17	1	1.018181818181818	1.0	0.39814280510920164	1
36	Iter0037	27	5	5	1	23	1	1.08	1.0	0.4376084443452279	1
37	Iter0038	30	4	4	5	28	0	9.375	0.011289744071784055	0.7031966599999999	1
38	Iter0039	22	10	6	7	17	1	2.566666666666667	0.18844204684726984	0.3307446154550001	1
39	Iter0040	22	11	4	2	14	0	1.0	1.0	0.33889668214999996	1
40	Iter0041	25	4	9	5	17	0	3.4722222222222223	0.12416602051494492	0.40941321592	1
41	Iter0042	34	6	8	2	25	0	1.4166666666666667	0.6527416391022502	0.6078781332000002	1
42	Iter0043	25	8	10	3	19	3	0.9375	1.0	0.2995451480211	1
43	Iter0044	28	6	7	5	21	2	3.333333333333334	0.12354505697192895	0.35069801860600996	1
44	Iter0045	31	3	9	3	25	2	3.4444444444444446	0.17316732606875598	0.592404977976394	1
45	Iter0046	27	3	5	2	21	0	3.6	0.2329816447463577	0.38857299573630005	1
46	Iter0047	29	4	12	5	20	1	3.020833333333333	0.2420456194869618	0.5526489	1
47	Iter0048	34	5	5	5	23	1	6.8	0.019895037801531804	0.5448162750349905	1
48	Iter0049	25	3	3	1	17	0	2.7777777777777786	0.4306173526140246	0.3361684236010502	1
49	Iter0050	33	5	12	1	24	6	0.5499999999999999	1.0	0.47388682043999997	1
50	Iter0051	25	1	11	4	19	5	9.090909090909092	0.05136522915727158	0.408778988	1
51	Iter0052	18	4	8	4	11	1	2.25	0.40968178150014506	0.250754746	1
52	Iter0053	30	6	8	1	23	2	0.625	1.0	0.4752914204879999	1
53	Iter0054	35	2	7	1	26	0	2.5	0.4524312896405597	0.5683295569996814	1
54	Iter0055	23	8	7	3	19	3	1.2321428571428568	1.0	0.3796683623000001	1
55	Iter0056	21	3	7	3	17	2	3.0	0.3284204671857682	0.39305301570000006	1
56	Iter0057	26	11	7	2	20	1	0.6753246753246753	1.0	0.433696647	1
57	Iter0058	27	5	8	1	22	2	0.675	1.0	0.4213847167	1
58	Iter0059	29	8	9	1	20	1	0.4027777777777778	0.6600032798611251	0.46099460985388496	1
59	Iter0060	33	2	5	4	25	2	13.2	0.011257035647279472	0.6080990083009542	1
60	Iter0061	34	4	9	1	25	0	0.9444444444444444	1.0	0.6099382384600001	1
61	Iter0062	26	9	5	3	17	0	1.7333333333333332	0.664884874724546	0.46492062970000003	1
62	Iter0063	20	7	7	1	11	0	0.4081632653061225	0.6478440096839646	0.22550813373295003	1
63	Iter0064	34	9	3	2	27	1	2.5185185185185186	0.3211532531606539	0.6858046326270001	1
64	Iter0065	23	8	9	1	17	2	0.3194444444444444	0.4100516874057577	0.3740476146270001	1
65	Iter0066	33	3	7	2	20	0	3.1428571428571432	0.2575155984117883	0.36317136352999996	1
66	Iter0067	27	6	10	0	18	0	0.3636363636363637	0.3086538502545879	0.31515739086329003	1
67	Iter0068	25	8	7	5	18	2	2.232142857142857	0.28461472656649883	0.48900280451999995	1
68	Iter0069	21	4	4	2	18	0	2.625	0.5670403011893521	0.20800142454899997	1
69	Iter0070	17	6	12	1	10	3	0.23611111111111116	0.38220535526037996	0.20805410463	1
70	Iter0071	31	3	4	1	23	1	2.583333333333333	0.4361649098491196	0.4517476222541899	1
71	Iter0072	28	5	13	3	18	5	1.2923076923076924	1.0	0.437245933623	1
72	Iter0073	38	10	17	7	21	1	1.5647058823529412	0.5573307420453224	0.44340576056457565	1
73	Iter0074	26	8	2	0	18	0	1.0	1.0	0.30605684432300007	1
74	Iter0075	29	4	13	5	25	2	2.7884615384615383	0.2493712908866797	0.49543419663999994	1
75	Iter0076	30	7	7	1	26	1	0.6122448979591837	1.0	0.4456228498729999	1
76	Iter0077	22	8	4	0	19	0	0.5111111111111111	0.5514921511126423	0.41707011800000005	1
77	Iter0078	30	4	6	2	26	0	2.5	0.31927226920808816	0.5246494825	1
78	Iter0079	22	6	11	1	14	1	0.3333333333333333	0.6520793239059615	0.25844548200000006	1
79	Iter0080	24	10	3	2	20	1	1.6	0.6342206868522621	0.4329727968	1
80	Iter0081	22	2	9	5	18	2	6.111111111111112	0.07719019328926405	0.317545731	1
81	Iter0082	28	8	6	3	21	1	1.75	0.6661124026559495	0.54917626865	1
82	Iter0083	32	2	10	3	21	1	4.8	0.12128448393319075	0.5706723146112002	1
83	Iter0084	23	8	8	0	17	1	0.2962962962962963	0.16832953675058934	0.32539704998833296	1
84	Iter0085	28	9	8	2	21	3	0.7777777777777778	1.0	0.40389218169999996	1
85	Iter0086	33	9	10	2	25	1	0.7333333333333333	1.0	0.42152126409999996	1
86	Iter0087	21	5	12	2	15	5	0.7000000000000001	1.0	0.3537153327999999	1
87	Iter0088	27	6	10	2	20	0	0.9	1.0	0.569000508138511	1
88	Iter0089	29	5	11	1	18	3	0.5272727272727272	1.0	0.36458280437090007	1
89	Iter0090	30	6	9	3	24	2	1.6666666666666667	0.6714896555415178	0.502956825	1
90	Iter0091	20	10	4	3	17	0	1.5	0.6779834863326442	0.40099317050000005	1
91	Iter0092	19	12	10	3	14	4	0.475	0.4884036609974776	0.3430828678413	1
92	Iter0093	28	8	11	1	20	2	0.3181818181818182	0.4159816098515912	0.40067947971600004	1
93	Iter0094	36	0	10	3	25	2	13.454545454545455	0.015523230568823113	0.62467961825	1
94	Iter0095	35	4	5	1	27	0	1.75	0.528747486206346	0.608989669805	1
95	Iter0096	26	2	4	2	21	1	6.5	0.13466016905296033	0.49501032872	1
96	Iter0097	24	5	11	3	16	0	1.3090909090909093	1.0	0.4466125794999999	1
97	Iter0098	34	5	8	2	24	1	1.7	0.6201861677680766	0.48302904063800006	1
98	Iter0099	39	7	15	5	30	5	1.857142857142857	0.4880686975304771	0.64438712892968	1
99	Iter0100	25	3	3	3	20	0	8.333333333333334	0.053058805684273416	0.4675470577517	1
100	Iter0101	25	7	8	0	19	2	0.3611111111111111	0.30871228456367883	0.379066114223	1
101	Iter0102	32	4	10	0	24	1	0.6	0.5624597849067073	0.43127420844400005	1
102	Iter0103	29	9	6	1	22	2	0.5370370370370371	1.0	0.44604891443000005	1
103	Iter0104	36	6	7	4	27	0	3.4285714285714284	0.18724994928765548	0.6099687529000001	1
104	Iter0105	37	10	6	2	28	3	1.2333333333333334	1.0	0.6290820625442148	1
105	Iter0106	19	8	17	3	15	7	0.4191176470588235	0.3098210386198629	0.44465833999998944	1
106	Iter0107	22	7	4	2	19	0	1.5714285714285714	0.6352670100298194	0.37174666544499996	1
107	Iter0108	18	5	8	4	12	0	1.8	0.6854675129228659	0.24456971279	1
108	Iter0109	20	8	5	1	16	2	0.5	1.0	0.401634523	1
109	Iter0110	30	6	17	1	21	3	0.29411764705882354	0.4029027576197368	0.4599817908	1
110	Iter0111	33	2	3	1	23	0	5.5	0.2838384943648071	0.44298240235650005	1
111	Iter0112	26	8	7	1	17	0	0.4642857142857143	0.6621843132754658	0.33119438430720005	1
112	Iter0113	25	6	8	1	19	3	0.5208333333333334	1.0	0.34043792050599997	1
113	Iter0114	28	7	8	1	23	3	0.5	1.0	0.44182395	1
114	Iter0115	32	14	12	3	24	1	0.5714285714285714	0.52357456948457	0.42730852436	1
115	Iter0116	26	12	8	1	16	4	0.2708333333333333	0.40978747541061455	0.3054916756	1
116	Iter0117	23	9	13	1	17	4	0.19658119658119655	0.14320667575404408	0.44639480681200006	1
117	Iter0118	27	5	5	1	21	1	1.08	1.0	0.5150607568189999	1
118	Iter0119	26	12	5	2	19	0	0.8666666666666666	1.0	0.51522160481635	1
119	Iter0120	28	6	8	2	21	1	1.1666666666666667	1.0	0.48036568421802	1
120	Iter0121	36	7	9	5	26	0	2.8571428571428568	0.14401379004118234	0.5791233296229998	1
121	Iter0122	31	7	5	0	21	1	0.6666666666666666	0.5716436144683401	0.42403678699999997	1
122	Iter0123	19	4	12	4	15	2	1.5833333333333333	0.6937208701914671	0.46843055654967003	1
123	Iter0124	34	4	9	3	22	2	2.833333333333333	0.336669750231279	0.5222108673870001	1
124	Iter0125	39	10	6	1	28	3	0.65	1.0	0.6964506537699999	1
125	Iter0126	30	6	13	2	20	1	0.7692307692307693	1.0	0.3860207046	1
126	Iter0127	28	5	7	2	19	2	1.6	0.6305140926450361	0.43458025836	1
127	Iter0128	22	8	5	0	21	2	0.4259259259259259	0.3152246235737688	0.47188478999999994	1
128	Iter0129	28	5	3	4	21	1	7.466666666666666	0.033663098678578675	0.46173434878038994	1
129	Iter0130	19	3	5	5	12	3	6.333333333333332	0.07216422805966828	0.20730140700000002	1
130	Iter0131	35	4	3	3	26	0	8.75	0.03936987572835392	0.5903566385715399	1
131	Iter0132	30	6	10	2	24	2	1.0	1.0	0.613437535470471	1
132	Iter0133	29	8	6	2	19	0	1.2083333333333333	1.0	0.40919894509999993	1
133	Iter0134	36	4	8	0	28	1	0.8222222222222223	1.0	0.5371503151000001	1
134	Iter0135	25	8	12	0	15	4	0.2222222222222222	0.08684543506765986	0.29791702696000005	1
135	Iter0136	25	11	7	5	21	1	1.6233766233766236	0.4997650766429194	0.552648620034	1
136	Iter0137	27	9	8	2	21	0	0.75	1.0	0.452144198	1
137	Iter0138	28	3	2	2	21	1	9.333333333333334	0.08890374331550854	0.36581640908756996	1
138	Iter0139	35	5	5	0	28	1	1.0	1.0	0.6651071002000001	1
139	Iter0140	28	6	4	4	23	1	4.666666666666667	0.07548547856635097	0.5413321654395	1
140	Iter0141	32	8	11	5	27	2	1.818181818181818	0.4855060550625359	0.7431693547200001	1
141	Iter0142	26	6	3	2	18	2	2.888888888888889	0.2916606446018262	0.4791668941899843	1
142	Iter0143	28	7	4	4	19	0	4.0	0.17182782227412596	0.38850678439499997	1
143	Iter0144	25	6	5	1	18	0	0.8333333333333334	1.0	0.41019662349999997	1
144	Iter0145	26	3	11	1	20	1	0.7878787878787878	1.0	0.4079595162392	1
145	Iter0146	19	3	2	1	14	1	3.1666666666666665	0.42173913043478495	0.39581339625	1
146	Iter0147	39	6	6	4	25	0	4.333333333333333	0.07013597752298165	0.5200575179000001	1
147	Iter0148	32	5	12	2	22	2	1.0666666666666669	1.0	0.47574136803999995	1
148	Iter0149	26	5	5	2	19	0	2.08	0.5916115330782497	0.34916118687400005	1
149	Iter0150	28	4	8	1	22	4	0.875	1.0	0.4997531404	1
150	Iter0151	31	7	7	2	24	3	1.2653061224489797	1.0	0.46564134356199993	1
151	Iter0152	27	4	13	6	19	6	3.1153846153846154	0.15047273160049388	0.4546961599999993	1
152	Iter0153	23	2	12	7	16	8	6.708333333333334	0.027000252893616385	0.3259571438086091	1
153	Iter0154	29	9	2	3	20	0	4.833333333333334	0.12303890097423867	0.40861725992759995	1
154	Iter0155	33	5	3	0	26	0	1.4166666666666667	1.0	0.5273432354099999	1
155	Iter0156	30	2	13	1	23	1	1.1538461538461535	1.0	0.5043296932018799	1
156	Iter0157	29	13	8	5	20	5	1.3942307692307692	0.7376794797251138	0.45814797739429985	1
157	Iter0158	29	5	6	5	23	1	4.833333333333333	0.04766151212101391	0.5283142544823999	1
158	Iter0159	34	4	13	3	25	2	1.9615384615384617	0.4104821802935016	0.5803005489109999	1
159	Iter0160	27	10	6	3	19	1	1.35	0.6975448807226072	0.5307487353	1
160	Iter0161	27	7	7	1	18	0	0.5510204081632654	1.0	0.46821205040999997	1
161	Iter0162	31	7	6	2	23	0	1.4761904761904765	0.6448923145216461	0.46752462860000005	1
162	Iter0163	28	2	5	2	20	2	5.6	0.1547429782723939	0.471378197563	1
163	Iter0164	27	9	7	5	23	1	2.142857142857143	0.2938091994658209	0.445155614	1
164	Iter0165	25	5	2	3	21	0	7.5	0.0665430395031913	0.43539139530000004	1
165	Iter0166	25	7	5	3	20	0	2.142857142857143	0.3878412609062725	0.3744128655173331	1
166	Iter0167	29	6	6	2	23	1	1.6111111111111107	0.6290137807288441	0.4059875930000001	1
167	Iter0168	33	9	12	3	28	2	0.9166666666666666	1.0	0.711055257	1
168	Iter0169	31	6	9	4	26	2	2.2962962962962963	0.4201938018584535	0.52837655876	1
169	Iter0170	25	9	5	3	20	1	1.6666666666666663	0.6679734933906957	0.44399214763	1
170	Iter0171	34	9	9	2	24	3	0.8395061728395061	1.0	0.6838445544799999	1
171	Iter0172	40	4	6	1	30	1	1.6666666666666667	0.5376840097740997	0.7110592881623802	1
172	Iter0173	27	9	15	4	20	4	0.8	1.0	0.49692106310000006	1
173	Iter0174	30	2	13	1	21	4	1.1538461538461535	1.0	0.3502060418	1
174	Iter0175	31	5	6	2	25	1	2.066666666666667	0.5933688665575013	0.5023033893576	1
175	Iter0176	25	6	6	3	22	0	2.083333333333333	0.3941489776435589	0.48054291856796	1
176	Iter0177	31	8	6	2	26	1	1.2916666666666667	1.0	0.52882951766	1
177	Iter0178	25	10	6	3	15	0	1.25	1.0	0.2443856339971	1
178	Iter0179	23	5	6	4	16	1	3.0666666666666664	0.20513866371751008	0.34296759779999997	1
179	Iter0180	27	6	4	0	21	1	0.8	1.0	0.500721039331	1
180	Iter0181	35	6	4	2	27	2	2.9166666666666665	0.2671827236936997	0.5203331761665001	1
181	Iter0182	28	11	17	5	19	6	0.7486631016042781	0.7661030835069156	0.2959743655359988	1
182	Iter0183	25	5	9	4	20	3	2.2222222222222223	0.4172739263344292	0.501541640998413	1
183	Iter0184	37	6	14	2	25	8	0.880952380952381	1.0	0.564111450150172	1
184	Iter0185	30	3	7	2	23	0	2.8571428571428568	0.2880700813948601	0.559361559	1
185	Iter0186	22	5	9	1	21	0	0.4888888888888889	1.0	0.43076495000000004	1
186	Iter0187	26	6	3	4	21	1	5.777777777777778	0.05694464517993909	0.4408122400000001	1
187	Iter0188	36	8	13	1	28	1	0.3461538461538461	0.4312387728093877	0.6402038433999707	1
188	Iter0189	33	8	8	2	18	3	1.03125	1.0	0.5126554788899788	1
189	Iter0190	34	7	6	7	23	0	5.666666666666668	0.02470336731151839	0.42393932466097	1
190	Iter0191	28	8	4	4	20	1	3.5	0.18467797692802887	0.33507190219999994	1
191	Iter0192	33	5	8	3	25	2	2.475	0.35548911817808937	0.48896563817699984	1
192	Iter0193	28	6	6	1	20	1	0.7777777777777778	1.0	0.4135670665412797	1
193	Iter0194	23	5	8	1	17	4	0.575	1.0	0.279609677	1
194	Iter0195	32	6	6	2	22	0	1.7777777777777777	0.6130726294429566	0.4449070066	1
195	Iter0196	25	5	13	4	18	4	1.5384615384615383	0.7036896830841777	0.3386079289	1
196	Iter0197	36	10	9	1	24	1	0.4	0.6670483729421113	0.5485555196170201	1
197	Iter0198	34	8	4	2	28	0	2.125	0.5909697191348547	0.6139780253000001	1
198	Iter0199	23	8	9	0	18	1	0.26666666666666666	0.16201704746596396	0.434097541	1
199	Iter0200	28	8	7	2	18	4	1.0	1.0	0.31186614273400004	1
200	Iter0201	31	10	7	0	24	0	0.3636363636363637	0.3182828652247591	0.596194935367	1
201	Iter0202	25	7	6	1	19	1	0.5952380952380952	1.0	0.38503649436780013	1
202	Iter0203	24	3	4	3	19	0	6.0	0.08568195202036842	0.36246389199999995	1
203	Iter0204	28	9	8	2	22	2	0.7777777777777778	1.0	0.40047842070000006	1
204	Iter0205	30	12	8	2	23	3	0.625	0.7096228728782406	0.5657191879677884	1
205	Iter0206	28	3	6	1	22	2	1.5555555555555556	1.0	0.48096543840000006	1
206	Iter0207	26	5	6	3	20	0	2.6	0.3476042324339519	0.439960535278	1
207	Iter0208	23	6	7	3	19	0	1.6428571428571428	0.6685696800547465	0.5777372399	1
208	Iter0209	33	8	8	4	23	0	2.0625	0.4337417737220839	0.5372705653899998	1
209	Iter0210	39	4	8	4	30	1	4.875	0.05891337667142399	0.6417265757799999	1
210	Iter0211	30	4	6	1	22	0	1.25	1.0	0.49504348621125777	1
211	Iter0212	34	7	8	3	24	2	1.8214285714285716	0.4242149971879014	0.5605509800000001	1
212	Iter0213	27	4	12	2	19	4	1.125	1.0	0.3613946411507	1
213	Iter0214	28	6	3	2	22	1	3.111111111111111	0.2676927940085836	0.543607132	1
214	Iter0215	28	9	7	5	23	1	2.2222222222222223	0.2850257317974795	0.5135607247970002	1
215	Iter0216	34	7	7	5	23	2	3.4693877551020407	0.11434405518105575	0.5676393638518	1
216	Iter0217	23	5	7	3	18	1	1.971428571428571	0.4112138249759341	0.4457160094628999	1
217	Iter0218	39	6	7	2	29	3	1.8571428571428568	0.6074675554686005	0.7281911561135368	1
218	Iter0219	25	5	6	0	18	1	0.6190476190476191	0.5638368983957174	0.43829185500000006	1
219	Iter0220	32	4	10	1	26	2	0.8	1.0	0.5880295724387999	1
220	Iter0221	29	3	7	1	25	3	1.380952380952381	1.0	0.5168952477641322	1
221	Iter0222	29	11	9	3	24	1	0.8787878787878788	1.0	0.4381076848	1
222	Iter0223	34	9	6	3	24	1	1.8888888888888888	0.4147086031452374	0.5659448553999196	1
223	Iter0224	26	6	5	4	20	2	3.4666666666666663	0.18488057572857144	0.43196047998750003	1
224	Iter0225	26	5	13	4	19	1	1.6	0.7014673557073214	0.4173877466833	1
225	Iter0226	27	2	10	2	16	2	2.7	0.5670188604719906	0.3244179596518	1
226	Iter0227	28	5	6	1	24	1	0.9333333333333332	1.0	0.425497375	1
227	Iter0228	35	6	5	3	27	1	3.5	0.15100437501100286	0.6686449890242	1
228	Iter0229	24	4	10	3	21	4	1.7999999999999998	0.6590223085730138	0.37284584000000004	1
229	Iter0230	30	10	8	3	21	0	1.125	1.0	0.486889511721	1
230	Iter0231	32	6	11	2	22	2	0.9696969696969696	1.0	0.43809057991100003	1
231	Iter0232	28	5	13	2	17	1	0.8615384615384615	1.0	0.3298202169710901	1
232	Iter0233	30	5	3	4	22	0	8.0	0.02805184961796043	0.3764180432	1
233	Iter0234	36	3	4	2	29	0	6.0	0.12481676009752694	0.7208206654839091	1
234	Iter0235	25	8	4	5	20	0	3.90625	0.1067244092238444	0.46849673815044	1
235	Iter0236	24	5	10	3	19	1	1.44	0.6860840301148352	0.50387435077	1
236	Iter0237	31	7	8	3	27	1	1.6607142857142858	0.6727001528425399	0.47512443168300006	1
237	Iter0238	28	5	4	6	20	1	8.4	0.0095621960038263	0.35358254013409995	1
238	Iter0239	27	11	4	2	23	0	1.2272727272727273	1.0	0.4094218741000001	1
239	Iter0240	23	3	10	1	16	2	0.7666666666666667	1.0	0.349848896231968	1
240	Iter0241	31	4	6	1	18	2	1.2916666666666667	1.0	0.3230265258357999	1
241	Iter0242	29	4	11	0	19	1	0.5	0.5578964427518169	0.41084454082999994	1
242	Iter0243	28	5	10	3	22	1	1.6799999999999995	0.6689174414494548	0.5706737445232101	1
243	Iter0244	27	5	13	3	19	0	1.2461538461538464	1.0	0.36623922588130003	1
244	Iter0245	33	5	6	2	27	0	2.2	0.5873782337418905	0.6619901525999998	1
245	Iter0246	35	7	10	0	27	2	0.4090909090909091	0.32176089677314257	0.7761407891715779	1
246	Iter0247	28	7	3	3	19	0	4.0	0.14346448749529628	0.502775175969	1
247	Iter0248	31	9	8	1	26	3	0.4305555555555556	0.6631019168555111	0.4588710900999997	1
248	Iter0249	28	6	11	0	25	2	0.3452380952380953	0.3110552899548761	0.5476357800000001	1
249	Iter0250	21	4	5	2	19	0	2.1	0.5895902855024155	0.42469899188500004	1
250	Iter0251	27	3	6	2	18	0	3.0	0.2793071709480433	0.4160593480638	1
251	Iter0252	31	5	8	8	21	0	6.2	0.012435238209675232	0.533401018426	1
252	Iter0253	25	9	7	2	22	0	0.7936507936507936	1.0	0.39601333850000003	1
253	Iter0254	29	4	2	2	20	0	7.25	0.11522446816565007	0.48344103000000005	1
254	Iter0255	24	6	3	5	16	0	6.666666666666668	0.03113452511734696	0.3443242060979999	1
255	Iter0256	31	5	10	3	25	1	1.86	0.42248274220946735	0.5447614618144999	1
256	Iter0257	26	3	7	2	22	1	2.4761904761904763	0.5741360555602104	0.3938347548999999	1
257	Iter0258	33	6	4	2	25	2	2.75	0.28644356211001804	0.6598840079139999	1
258	Iter0259	21	6	10	1	16	0	0.35	0.6481727470504489	0.477312387079	1
259	Iter0260	33	4	8	1	23	1	1.03125	1.0	0.4617883473686999	1
260	Iter0261	36	7	12	5	26	0	2.1428571428571432	0.293001397332294	0.5533470627000001	1
261	Iter0262	30	5	8	2	24	1	1.5	0.6423152066940765	0.4781145730400001	1
262	Iter0263	29	8	8	4	18	0	1.8125	0.45418873986063796	0.390249389962	1
263	Iter0264	25	2	13	4	19	5	3.8461538461538463	0.18569660628651094	0.5599104823400001	1
264	Iter0265	23	6	8	7	19	0	3.354166666666667	0.09241280213702532	0.4638554100000001	1
265	Iter0266	20	8	10	5	15	1	1.25	0.7422435509834762	0.29729456465299997	1
266	Iter0267	22	4	3	4	16	0	7.333333333333332	0.041785111028713996	0.34226473663000007	1
267	Iter0268	30	10	5	0	24	1	0.4696969696969697	0.571437574840842	0.5093368450000001	1
268	Iter0269	36	6	7	0	27	3	0.6607142857142857	0.5741737448490526	0.6687239623799607	1
269	Iter0270	35	14	8	2	21	1	0.625	0.712780901789023	0.500709371381997	1
270	Iter0271	27	10	4	0	22	3	0.509090909090909	0.5561370593462951	0.5195050965463001	1
271	Iter0272	34	2	13	3	23	5	3.9230769230769234	0.16263736263736206	0.34432877880000007	1
272	Iter0273	25	5	5	2	19	0	2.0	0.5962861149056651	0.41252767463600004	1
273	Iter0274	29	2	7	2	22	2	4.142857142857143	0.21304300251668865	0.4638944933964822	1
274	Iter0275	28	7	9	2	22	3	0.8888888888888888	1.0	0.3984758292	1
275	Iter0276	31	7	7	5	23	2	3.1632653061224483	0.12923897446028385	0.5206296533227001	1
276	Iter0277	26	10	7	0	20	1	0.3068181818181818	0.1724768600309709	0.4047795708170459	1
277	Iter0278	25	5	5	3	20	1	3.0	0.3269989799501393	0.4743075499779999	1
278	Iter0279	21	9	4	2	19	0	1.1666666666666667	1.0	0.35504517	1
279	Iter0280	33	7	7	3	22	1	2.020408163265306	0.39691083881541983	0.5579009378517	1
280	Iter0281	27	9	6	3	23	0	1.5	0.6818247601780401	0.49201785622800004	1
281	Iter0282	27	5	7	0	22	1	0.5833333333333334	0.5628016680648289	0.44658130041893007	1
282	Iter0283	26	7	7	4	20	0	2.122448979591837	0.42471232995934616	0.41384654582043984	1
283	Iter0284	31	2	3	3	26	0	15.5	0.01921122973754607	0.5912080820199999	1
284	Iter0285	30	7	12	2	24	2	0.7142857142857143	1.0	0.629722814933	1
285	Iter0286	17	5	10	1	15	3	0.34	0.6367491657397037	0.38939258000000015	1
286	Iter0287	29	6	14	0	23	3	0.2857142857142857	0.1638914585260583	0.3764256785397	1
287	Iter0288	23	3	14	3	15	1	1.6428571428571428	0.6664946541054686	0.34142892144	1
288	Iter0289	34	5	6	4	26	0	4.533333333333333	0.06991929863207799	0.7095539232753567	1
289	Iter0290	36	9	6	1	30	2	0.6666666666666666	1.0	0.7262730199999999	1
290	Iter0291	23	4	8	3	19	2	2.15625	0.3901660948874529	0.38606182181800003	1
291	Iter0292	27	8	7	2	24	4	0.9642857142857144	1.0	0.48107550399969184	1
292	Iter0293	27	6	8	1	16	4	0.5625	1.0	0.35104426257	1
293	Iter0294	33	8	6	1	26	0	0.6875	1.0	0.6259002678000002	1
294	Iter0295	29	5	8	6	20	1	4.3500000000000005	0.05753391918759234	0.446624697299	1
295	Iter0296	32	9	5	1	20	0	0.7111111111111109	1.0	0.4614079128022956	1
296	Iter0297	31	9	3	1	22	0	1.148148148148148	1.0	0.539920013685	1
297	Iter0298	34	2	7	0	23	1	1.4583333333333333	1.0	0.4687780363236	1
298	Iter0299	33	7	4	4	24	2	4.714285714285714	0.06811905532733221	0.48765932979645005	1
299	Iter0300	23	12	4	2	17	1	0.9583333333333334	1.0	0.44717056818780004	1
300	Iter0301	40	5	3	2	26	0	5.333333333333333	0.13795427514207098	0.5505681972504297	1
301	Iter0302	28	7	6	1	24	2	0.6666666666666666	1.0	0.4522114890200001	1
302	Iter0303	29	4	5	6	18	0	8.7	0.008380618315836613	0.320053958793	1
303	Iter0304	21	3	2	6	18	0	21.0	0.002100054191266689	0.3780769	1
304	Iter0305	30	6	5	3	26	1	3.0	0.3288231291634585	0.578245405	1
305	Iter0306	25	2	16	5	18	4	3.90625	0.21497143139329228	0.30363618329637665	1
306	Iter0307	32	3	8	2	19	2	2.6666666666666665	0.3057288712421884	0.46754812640000004	1
307	Iter0308	33	8	9	3	27	6	1.375	0.6966473787796579	0.6131988914730001	1
308	Iter0309	32	2	11	3	24	2	4.363636363636363	0.1403021893308687	0.47396240399999995	1
309	Iter0310	25	4	7	2	21	0	1.7857142857142858	0.6128509596001815	0.31290737360000004	1
310	Iter0311	29	8	14	3	18	1	0.7767857142857142	1.0	0.35292476228941	1
311	Iter0312	27	6	5	2	18	2	1.8	0.6111506600670795	0.39315737999999995	1
312	Iter0313	27	7	10	1	17	2	0.3857142857142857	0.6568377471741607	0.4203644740000001	1
313	Iter0314	35	7	10	4	27	5	2.0	0.4389664257653236	0.7131700629999999	1
314	Iter0315	32	4	6	3	26	1	4.0	0.13067760373488824	0.6068836471583599	1
315	Iter0316	28	5	3	1	20	1	1.8666666666666665	0.5235824059353668	0.5088957331	1
316	Iter0317	23	13	2	1	16	1	0.8846153846153846	1.0	0.28660673933840003	1
317	Iter0318	17	6	9	0	10	1	0.2571428571428572	0.1498655913978513	0.17794450200000003	1
318	Iter0319	26	6	13	4	20	5	1.3333333333333333	0.7214855796686442	0.49839156300000004	1
319	Iter0320	29	5	5	1	20	2	1.16	1.0	0.31490343894100004	1
320	Iter0321	33	7	5	1	28	2	0.9428571428571428	1.0	0.6619133211999999	1
321	Iter0322	29	4	8	3	21	1	2.71875	0.34143126479753544	0.47140926529999994	1
322	Iter0323	26	8	6	3	18	0	1.625	0.6717239589138437	0.2880902803	1
323	Iter0324	23	7	9	1	17	2	0.36507936507936506	0.6525585534873394	0.33655914970300005	1
324	Iter0325	33	7	5	1	26	2	0.9428571428571428	1.0	0.47819575783209	1
325	Iter0326	28	9	13	1	21	1	0.2393162393162393	0.24963166257401725	0.5363007463199999	1
326	Iter0327	30	5	8	2	20	4	1.5	0.6423152066940765	0.5034475890783001	1
327	Iter0328	24	9	11	3	17	2	0.7272727272727273	1.0	0.35204153938	1
328	Iter0329	29	7	7	9	24	2	5.326530612244898	0.020191425848110057	0.55791727	1
329	Iter0330	28	9	9	6	25	1	2.074074074074074	0.3180720023610817	0.48793988793000004	1
330	Iter0331	20	3	5	5	16	1	6.666666666666668	0.036172670488576635	0.4547725506000001	1
331	Iter0332	33	6	10	5	27	0	2.75	0.2557746534868466	0.523279814128	1
332	Iter0333	32	10	8	0	23	1	0.3333333333333333	0.18394285189027326	0.41085604259509506	1
333	Iter0334	22	4	8	4	20	1	2.75	0.2319489168585325	0.40768632235	1
334	Iter0335	31	8	9	4	28	2	1.7222222222222223	0.4660520140489769	0.6602341299999999	1
335	Iter0336	23	5	6	3	22	1	2.3	0.3726951032453988	0.64860273	1
336	Iter0337	33	5	3	1	27	0	2.2	0.4737335834896848	0.5832004598	1
337	Iter0338	28	4	7	1	23	1	1.0	1.0	0.39134240548244986	1
338	Iter0339	24	2	8	2	20	3	3.0	0.3048128342245966	0.494151514691	1
339	Iter0340	24	4	7	2	20	3	1.7142857142857142	0.6195259430553769	0.38008265930000007	1
340	Iter0341	26	4	5	4	23	0	5.2	0.06505161226523548	0.4433968567804	1
341	Iter0342	32	5	8	1	27	0	0.8	1.0	0.4940557376979999	1
342	Iter0343	25	6	3	3	20	1	4.166666666666667	0.1404104639398794	0.42198661875	1
343	Iter0344	33	7	10	2	28	1	0.9428571428571428	1.0	0.5903186442444002	1
344	Iter0345	28	3	6	6	23	1	9.333333333333334	0.00804583797090564	0.624457674721	1
345	Iter0346	31	7	12	4	25	2	1.4761904761904765	0.7139036838825572	0.46663961270949994	1
346	Iter0347	30	1	7	4	26	3	17.142857142857142	0.012568945816699277	0.62615331487	1
347	Iter0348	22	8	10	2	16	1	0.55	0.6956212315269947	0.28989794461	1
348	Iter0349	32	9	5	0	25	1	0.5499999999999999	0.5663663939700294	0.6332199700000001	1
349	Iter0350	29	9	5	4	21	0	2.5777777777777784	0.23657293015069705	0.578498724921	1
350	Iter0351	24	4	9	1	20	0	0.6666666666666666	1.0	0.523947442984	1
351	Iter0352	31	4	1	1	21	0	7.75	0.2552552552552589	0.35606738356057	1
352	Iter0353	29	9	8	2	24	1	0.8055555555555556	1.0	0.43779365600000003	1
353	Iter0354	23	4	10	3	22	3	1.725	0.6622458371684408	0.6212181699999999	1
354	Iter0355	21	3	7	3	18	1	3.0	0.3284204671857682	0.48533768854039994	1
355	Iter0356	26	5	13	3	20	5	1.2000000000000002	1.0	0.4762589097	1
356	Iter0357	22	5	4	3	19	2	3.3000000000000003	0.3152522410521508	0.38258501265000006	1
357	Iter0358	30	9	3	2	24	0	2.2222222222222223	0.5855279150798236	0.4572645555997009	1
358	Iter0359	35	6	7	4	21	3	3.333333333333333	0.1897324168571934	0.4932465238631	1
359	Iter0360	34	6	3	5	24	0	9.444444444444443	0.010361249300163591	0.4806576134216329	1
360	Iter0361	33	4	3	3	22	0	8.25	0.04473305301737462	0.56642218109776	1
361	Iter0362	20	4	8	4	9	0	2.5	0.397421972125894	0.17722431499999997	1
362	Iter0363	26	5	6	3	23	2	2.6	0.3476042324339519	0.3795806547296	1
363	Iter0364	22	5	13	4	15	1	1.353846153846154	0.7160697730897956	0.381271781091	1
364	Iter0365	24	4	5	3	19	0	3.6	0.16745730550284546	0.376700028	1
365	Iter0366	26	9	11	1	20	1	0.2626262626262626	0.4143067932806379	0.39473029699677	1
366	Iter0367	34	9	3	3	24	1	3.7777777777777777	0.14797806264041255	0.4704697308410001	1
367	Iter0368	32	9	9	4	19	1	1.5802469135802468	0.7106647309418728	0.42491295522140005	1
368	Iter0369	27	4	11	2	23	1	1.2272727272727273	1.0	0.5498507972730001	1
369	Iter0370	28	12	5	0	22	1	0.3717948717948718	0.3033519703967737	0.5275336335	1
370	Iter0371	22	4	8	1	16	2	0.6875	1.0	0.38055582361500134	1
371	Iter0372	39	4	9	1	28	0	1.0833333333333333	1.0	0.742858182	1
372	Iter0373	26	4	11	4	18	5	2.363636363636364	0.4099525873415828	0.276078439225	1
373	Iter0374	31	10	5	3	21	1	1.86	0.4224827422094636	0.32904543416750004	1
374	Iter0375	27	7	10	7	19	3	2.7	0.18318561221873006	0.46479833881160004	1
375	Iter0376	23	7	6	1	16	1	0.5476190476190476	1.0	0.29090372382	1
376	Iter0377	43	5	6	1	34	0	1.4333333333333331	0.5766937021542641	0.7727152715999999	1
377	Iter0378	26	7	8	2	18	4	0.9285714285714286	1.0	0.25730375418773	1
378	Iter0379	21	6	7	5	16	3	2.5	0.2617658553665901	0.3629270204	1
379	Iter0380	29	7	8	4	25	0	2.071428571428572	0.4303776434650231	0.41539544934293005	1
380	Iter0381	29	5	7	0	20	0	0.625	0.5668096258596955	0.34734389933320003	1
381	Iter0382	34	7	10	2	24	0	0.9714285714285712	1.0	0.5067849376	1
382	Iter0383	32	5	6	2	24	0	2.1333333333333333	0.5901624561862443	0.5506794241999999	1
383	Iter0384	23	6	1	3	18	0	11.500000000000002	0.0523460410557168	0.34953676199999995	1
384	Iter0385	29	2	4	2	20	1	7.25	0.11522446816565007	0.413329699	1
385	Iter0386	26	2	6	0	16	2	1.2857142857142858	1.0	0.30564304371100004	1
386	Iter0387	33	7	7	2	30	3	1.3469387755102042	0.6631019168555156	0.5488224399999999	1
387	Iter0388	39	7	8	4	32	0	2.7857142857142856	0.21369887063821386	0.6603038052000001	1
388	Iter0389	31	8	4	4	22	0	3.875	0.17559020178545254	0.5600959995329213	1
389	Iter0390	27	3	3	2	22	0	6.0	0.13892961876833104	0.4902940275895	1
390	Iter0391	26	9	8	3	19	1	1.0833333333333337	1.0	0.35370380791999995	1
391	Iter0392	32	5	5	3	26	0	3.84	0.13679893262541373	0.667841689945	1
392	Iter0393	26	3	4	2	19	0	4.333333333333333	0.19520872865275293	0.21024769920299996	1
393	Iter0394	25	2	6	2	16	2	4.166666666666667	0.2179144385026735	0.300308329762	1
394	Iter0395	28	5	12	5	24	1	2.333333333333333	0.2767670838882725	0.5654226279997949	1
395	Iter0396	31	6	7	2	21	3	1.4761904761904765	0.6448923145216486	0.5339091324190001	1
396	Iter0397	31	10	6	3	26	2	1.55	0.6794779219262328	0.5438943963	1
397	Iter0398	32	3	11	4	24	1	3.8787878787878793	0.17647240209682696	0.48400122139868007	1
398	Iter0399	28	6	14	4	20	1	1.3333333333333337	0.7225183353100771	0.4210581809058999	1
399	Iter0400	30	10	14	6	20	4	1.2857142857142856	0.7604267186175621	0.3848565924980001	1
400	Iter0401	36	4	5	0	27	1	1.2333333333333334	1.0	0.6807372713720296	1
401	Iter0402	23	5	11	2	19	3	0.8363636363636363	1.0	0.45051505000000003	1
402	Iter0403	21	8	4	4	18	2	2.625	0.3944988631895736	0.36641756999999997	1
403	Iter0404	25	3	9	6	18	2	5.555555555555557	0.045965391011215294	0.3630273726	1
404	Iter0405	34	5	9	2	25	1	1.5111111111111108	0.6406961147086105	0.58301573948	1
405	Iter0406	19	7	8	2	16	1	0.6785714285714286	1.0	0.41201496242	1
406	Iter0407	32	6	4	5	21	2	6.666666666666666	0.0225492270792858	0.4558444257268999	1
407	Iter0408	16	5	6	5	12	0	2.666666666666667	0.2515331974211435	0.2647475563	1
408	Iter0409	25	7	8	6	20	1	2.6785714285714293	0.1710593211015431	0.46871193883300005	1
409	Iter0410	26	4	7	4	15	1	3.7142857142857135	0.17774612186754765	0.47953579397607116	1
410	Iter0411	34	3	8	4	28	2	5.666666666666668	0.05132214235004412	0.5092057913800001	1
411	Iter0412	29	6	6	4	21	1	3.2222222222222214	0.1937373359590168	0.4267367187016901	1
412	Iter0413	19	6	14	1	15	5	0.2261904761904762	0.22365149145335167	0.31739831153784964	1
413	Iter0414	22	2	6	4	17	0	7.333333333333332	0.04774913302362168	0.419808147391	1
414	Iter0415	34	7	9	2	24	1	1.0793650793650793	1.0	0.5076155015869	1
415	Iter0416	26	4	5	2	16	4	2.6	0.3154989882931146	0.2635023572683	1
416	Iter0417	34	16	6	3	29	0	1.0625	1.0	0.7116319247910001	1
417	Iter0418	41	2	6	6	31	2	20.5	0.0007136555638220424	0.6542165765999998	1
418	Iter0419	30	6	8	1	19	1	0.625	1.0	0.48503812868949997	1
419	Iter0420	25	6	9	2	17	0	0.9259259259259259	1.0	0.408836090639	1
420	Iter0421	24	6	8	1	19	0	0.5	1.0	0.3168700063404599	1
421	Iter0422	28	7	10	3	20	0	1.2	1.0	0.49733324659329986	1
422	Iter0423	34	4	9	2	23	2	1.8888888888888888	0.6051605656138771	0.6178423391973401	1
423	Iter0424	26	6	9	4	18	1	1.9259259259259256	0.4410791417090246	0.42045610519999993	1
424	Iter0425	31	5	7	4	22	1	3.542857142857143	0.182935809936604	0.4933425799070304	1
425	Iter0426	33	7	4	1	28	0	1.1785714285714286	1.0	0.5833722334729	1
426	Iter0427	20	10	7	2	14	0	0.5714285714285714	0.6926967914683904	0.268278671113271	1
427	Iter0428	27	5	6	1	17	0	0.9	1.0	0.34836647831741624	1
428	Iter0429	30	2	7	4	24	3	8.571428571428571	0.029349192169742286	0.7269377790800001	1
429	Iter0430	28	5	8	2	21	5	1.4	0.6562921792046794	0.45129944599999994	1
430	Iter0431	35	9	7	2	20	1	1.1111111111111112	1.0	0.5424685381737555	1
431	Iter0432	33	6	4	3	24	0	4.125	0.12356654911341368	0.4608004335611882	1
432	Iter0433	31	10	5	5	24	0	3.1	0.13549346765791107	0.38728508242709997	1
433	Iter0434	32	6	5	1	24	0	1.0666666666666669	1.0	0.495369021906709	1
434	Iter0435	21	4	8	2	15	4	1.3125	1.0	0.26873024	1
435	Iter0436	27	4	13	1	22	1	0.5192307692307693	1.0	0.487337048818	1
436	Iter0437	27	4	7	2	22	1	1.9285714285714288	0.6016030200240707	0.4538630207905999	1
437	Iter0438	37	5	7	1	26	2	1.0571428571428572	1.0	0.5860370365472002	1
438	Iter0439	24	5	3	3	15	2	4.8	0.11700017250301775	0.4216762947728231	1
439	Iter0440	31	6	7	2	25	1	1.4761904761904765	0.6448923145216486	0.47133052868119996	1
440	Iter0441	22	2	12	1	15	3	0.9166666666666666	1.0	0.3563946707498001	1
441	Iter0442	33	6	4	3	18	0	4.125	0.12356654911341368	0.3374740560300001	1
442	Iter0443	30	8	7	2	27	3	1.0714285714285714	1.0	0.50268523	1
443	Iter0444	28	4	9	1	23	3	0.7777777777777778	1.0	0.480937921107	1
444	Iter0445	29	3	9	3	24	1	3.2222222222222214	0.3214567621827999	0.5352654561999999	1
445	Iter0446	32	5	7	1	24	1	0.9142857142857144	1.0	0.5221095658858064	1
446	Iter0447	27	8	0	3	20	0	12.444444444444445	0.01955903271692714	0.45695554939215505	1
447	Iter0448	33	5	12	5	27	1	2.75	0.2545614858497705	0.6629578669673839	1
448	Iter0449	20	6	9	0	17	2	0.3	0.303691564602385	0.41557389299999997	1
449	Iter0450	28	2	3	1	19	1	4.666666666666667	0.3215240641711227	0.35294563299856796	1
450	Iter0451	23	6	3	3	18	0	3.8333333333333335	0.1618509573917539	0.36954131310000005	1
451	Iter0452	29	5	6	0	18	2	0.7142857142857143	1.0	0.4187850960850001	1
452	Iter0453	34	3	6	3	24	0	5.666666666666668	0.0791455455688853	0.4626383059609999	1
453	Iter0454	22	4	11	3	19	0	1.5	0.6789250550860573	0.5310231044	1
454	Iter0455	28	5	4	4	25	0	5.6	0.054409633583537134	0.5319040859999999	1
455	Iter0456	19	9	4	2	14	2	1.0555555555555556	1.0	0.28889733959999997	1
456	Iter0457	26	4	7	1	21	1	0.9285714285714286	1.0	0.4508056183415601	1
457	Iter0458	28	4	7	3	19	0	3.0	0.3282074411727764	0.6281127729225999	1
458	Iter0459	27	7	13	1	21	2	0.2967032967032967	0.4072557458573781	0.5270296826	1
459	Iter0460	26	5	7	1	19	1	0.7428571428571429	1.0	0.492202236	1
460	Iter0461	31	7	6	3	21	0	2.2142857142857144	0.3766726797454373	0.43574807784856995	1
461	Iter0462	26	4	4	0	21	1	1.08	1.0	0.5557943472019999	1
462	Iter0463	30	12	6	0	24	3	0.3406593406593407	0.31453972420024146	0.5339874134358044	1
463	Iter0464	26	7	7	3	15	1	1.5918367346938775	0.6741377533336196	0.284481543054	1
464	Iter0465	30	10	8	2	26	2	0.75	1.0	0.592072399	1
465	Iter0466	30	2	2	2	24	0	15.0	0.05271199388846399	0.5180427170179799	1
466	Iter0467	26	3	8	4	21	2	4.333333333333333	0.1654060992956991	0.38730261908	1
467	Iter0468	27	7	7	9	24	2	4.959183673469388	0.02143016558290163	0.574642604	1
468	Iter0469	18	9	18	1	15	5	0.1111111111111111	0.03105764051780015	0.31945330999999993	1
469	Iter0470	32	6	6	3	24	1	2.6666666666666665	0.3435869774093546	0.4846977557630999	1
470	Iter0471	28	9	2	3	22	1	4.666666666666667	0.13088772588130526	0.5056757490346	1
471	Iter0472	21	11	15	2	18	4	0.2545454545454546	0.10512550799864256	0.3428036960000001	1
472	Iter0473	31	7	1	6	27	0	26.57142857142857	0.0012478729438456571	0.5581067158	1
473	Iter0474	35	5	13	2	28	4	1.0769230769230769	1.0	0.5983740072468008	1
474	Iter0475	27	11	16	4	22	4	0.6136363636363636	0.541297791776246	0.4359393369	1
475	Iter0476	32	5	6	6	26	0	6.4	0.015756209203800487	0.5676632108615787	1
476	Iter0477	35	6	2	5	29	0	14.583333333333332	0.004415592797366712	0.5229043769399999	1
477	Iter0478	28	7	9	2	23	1	0.8888888888888888	1.0	0.6743568324000002	1
478	Iter0479	33	6	6	0	28	0	0.6938775510204082	0.5758727375856928	0.7017714670000001	1
479	Iter0480	31	2	9	6	20	1	10.333333333333334	0.007582980332525031	0.5387254709597308	1
480	Iter0481	30	7	5	3	24	0	2.5714285714285707	0.34917503774414177	0.5801920501618267	1
481	Iter0482	34	4	7	8	24	0	9.714285714285714	0.001946843969794897	0.6405024056	1
482	Iter0483	22	6	2	2	17	0	3.6666666666666665	0.2542269187986693	0.3403791970000001	1
483	Iter0484	20	6	9	3	17	0	1.1111111111111112	1.0	0.417270035	1
484	Iter0485	34	5	5	2	28	1	2.72	0.2859499954039905	0.632361242	1
485	Iter0486	19	8	9	4	15	2	1.0555555555555556	1.0	0.23874612979999996	1
486	Iter0487	31	8	7	1	25	0	0.5535714285714286	1.0	0.6986087696503801	1
487	Iter0488	34	5	4	0	30	1	1.1666666666666663	1.0	0.69655132	1
488	Iter0489	40	12	6	5	25	2	2.7777777777777786	0.14913491268894782	0.5576222633514	1
489	Iter0490	25	6	22	3	20	10	0.5681818181818182	0.7162905074947202	0.5266843577000001	1
490	Iter0491	26	7	10	4	20	0	1.4857142857142858	0.7098355622036919	0.42842015439	1
491	Iter0492	23	6	5	6	18	0	4.6	0.056323063800842274	0.418497635	1
492	Iter0493	19	4	9	1	15	0	0.5277777777777778	1.0	0.35472483	1
493	Iter0494	31	8	8	0	19	0	0.3950617283950617	0.3181878523836637	0.4376804155	1
494	Iter0495	28	7	7	2	20	3	1.1428571428571428	1.0	0.47835836104	1
495	Iter0496	29	9	8	4	23	3	1.6111111111111112	0.706923084229506	0.545053236	1
496	Iter0497	36	6	9	1	26	1	0.6666666666666666	1.0	0.46487632617399993	1
497	Iter0498	18	3	4	1	14	2	1.5	1.0	0.34595203846167943	1
498	Iter0499	24	2	6	3	17	0	6.0	0.09457478005865183	0.40783228976461705	1
499	Iter0500	31	9	3	0	27	1	0.8	1.0	0.7365846627994367	1
500	Iter0501	29	4	1	3	23	0	21.75	0.016428192898781845	0.505434004	1
501	Iter0502	29	4	6	4	22	1	4.833333333333333	0.06953382798980927	0.43885977276665006	1
502	Iter0503	25	3	6	5	18	0	6.9444444444444455	0.02759183331938804	0.37276047262000006	1
503	Iter0504	31	9	6	2	24	2	1.148148148148148	1.0	0.538394381	1
504	Iter0505	18	6	6	3	14	2	1.5	0.6769333447420136	0.27362153580000004	1
505	Iter0506	34	4	9	3	24	4	2.833333333333333	0.336669750231279	0.4940886299811439	1
506	Iter0507	23	8	14	3	16	6	0.6160714285714285	0.7230213320496259	0.343041538	1
507	Iter0508	22	7	8	2	22	2	0.7857142857142857	1.0	0.6213700000000002	1
508	Iter0509	28	3	9	4	21	2	4.148148148148149	0.16953994523254126	0.474149225552	1
509	Iter0510	27	2	10	2	22	2	2.7	0.5670188604719906	0.47824244000000005	1
510	Iter0511	29	7	9	4	20	1	1.8412698412698412	0.4509308396191978	0.362110733757	1
511	Iter0512	34	7	8	0	24	1	0.4861111111111111	0.5812472706821157	0.5856122571000002	1
512	Iter0513	32	5	13	3	27	3	1.4769230769230768	0.685245479042269	0.5726274339371998	1
513	Iter0514	23	1	7	5	17	1	16.42857142857143	0.010233125508267814	0.4415255	1
514	Iter0515	30	11	5	2	24	1	1.0909090909090908	1.0	0.43091960300000004	1
515	Iter0516	25	8	7	2	21	0	0.8928571428571429	1.0	0.40054207394100005	1
516	Iter0517	26	5	11	3	21	4	1.4181818181818182	0.6891645656191367	0.47548122433000006	1
517	Iter0518	24	5	7	2	20	0	1.3714285714285714	1.0	0.48885622544	1
518	Iter0519	22	6	6	6	16	4	3.6666666666666665	0.12975793397753646	0.30403837241	1
519	Iter0520	27	6	9	3	20	0	1.5	0.6818247601780328	0.3430579200899999	1
520	Iter0521	20	5	7	1	16	0	0.5714285714285714	1.0	0.370588991	1
521	Iter0522	38	11	5	1	28	2	0.6909090909090909	1.0	0.6524095395378602	1
522	Iter0523	27	6	7	2	21	3	1.2857142857142858	1.0	0.51553766	1
523	Iter0524	27	8	5	4	20	1	2.7	0.22738783305401136	0.4108285792893001	1
524	Iter0525	29	9	6	2	20	0	1.0740740740740742	1.0	0.40412472292359997	1
525	Iter0526	24	3	3	1	17	1	2.6666666666666665	0.4422374066422985	0.35482735807924587	1
526	Iter0527	18	9	6	2	13	1	0.6666666666666666	1.0	0.18872873059999995	1
527	Iter0528	25	6	4	2	17	0	2.083333333333333	0.5913426795779804	0.3647591150000001	1
528	Iter0529	26	7	7	3	18	0	1.5918367346938775	0.6741377533336196	0.40674607845099997	1
529	Iter0530	24	4	9	3	17	3	2.0	0.4095891557191952	0.47229375152	1
530	Iter0531	26	5	11	4	20	3	1.8909090909090909	0.44530800410300975	0.4187985175491638	1
531	Iter0532	25	9	9	5	21	2	1.5432098765432098	0.7278588934093975	0.43515425572690003	1
532	Iter0533	27	3	5	3	23	2	5.4	0.09400506614128908	0.42113535404	1
533	Iter0534	28	7	9	1	18	1	0.4444444444444444	0.6611407221312166	0.32309878653999996	1
534	Iter0535	29	4	8	4	20	1	3.625	0.180814814644702	0.503085921808386	1
535	Iter0536	27	9	7	3	21	0	1.2857142857142856	0.7060337458166763	0.551930242414	1
536	Iter0537	16	3	6	1	14	1	0.8888888888888888	1.0	0.3413921585	1
537	Iter0538	36	1	3	3	29	0	36.0	0.006117818653269378	0.70983321919972	1
538	Iter0539	30	7	5	1	20	0	0.8571428571428571	1.0	0.41183819447969205	1
539	Iter0540	23	3	4	1	18	0	1.9166666666666667	0.5248689019545493	0.35906818800000007	1
540	Iter0541	33	7	11	3	25	1	1.2857142857142858	0.7075588059041293	0.532581831560882	1
541	Iter0542	28	7	8	2	21	1	1.0	1.0	0.45304831425916997	1
542	Iter0543	25	5	12	2	14	5	0.8333333333333334	1.0	0.205295966594	1
543	Iter0544	25	12	12	3	17	5	0.5208333333333334	0.5061568107621807	0.40396898953	1
544	Iter0545	36	6	6	5	27	0	5.0	0.037461297185828316	0.5004280838400001	1
545	Iter0546	28	10	15	1	23	3	0.18666666666666665	0.1436227551424836	0.48424317051399	1
546	Iter0547	24	5	6	3	19	1	2.4	0.36307738514869137	0.4272643599999999	1
547	Iter0548	36	5	10	2	29	1	1.44	0.6499573253628803	0.5908202998410002	1
548	Iter0549	30	8	12	4	25	2	1.25	0.7338638919837499	0.48568706280000007	1
549	Iter0550	32	8	6	1	27	0	0.6666666666666666	1.0	0.6093278569259999	1
550	Iter0551	28	9	5	1	21	0	0.6222222222222222	1.0	0.44402270360000007	1
551	Iter0552	26	6	3	0	22	0	0.9642857142857144	1.0	0.5214708472069999	1
552	Iter0553	25	7	4	3	17	0	2.6785714285714293	0.3437217121427653	0.33295133121	1
553	Iter0554	32	7	3	2	26	0	3.0476190476190474	0.267158252977877	0.6354924710000001	1
554	Iter0555	31	8	3	4	24	0	5.166666666666667	0.0642432612394876	0.48795055	1
555	Iter0556	29	5	13	3	22	6	1.3384615384615386	0.6993948632526118	0.45666674872999985	1
556	Iter0557	26	15	7	0	20	0	0.2109375	0.08188656784917897	0.36980248179999997	1
557	Iter0558	27	2	3	0	21	0	2.333333333333333	1.0	0.4023014505	1
558	Iter0559	37	6	10	3	30	0	1.85	0.4194020712916431	0.7297417609050999	1
559	Iter0560	21	5	6	4	17	1	2.8000000000000003	0.22616516016862576	0.40286221199999994	1
560	Iter0561	21	6	2	2	18	0	3.5	0.2682981090100107	0.440166755089193	1
561	Iter0562	35	2	4	4	22	1	17.5	0.00598153973083039	0.47895777198100004	1
562	Iter0563	26	4	9	1	19	3	0.7222222222222222	1.0	0.416481634612	1
563	Iter0564	26	9	10	1	18	1	0.2888888888888889	0.41025288512604585	0.4241282020000001	1
564	Iter0565	27	5	11	2	21	1	0.981818181818182	1.0	0.4873513955328721	1
565	Iter0566	23	7	13	2	19	2	0.5054945054945055	0.6951265355898335	0.32646341800799994	1
566	Iter0567	33	9	9	0	25	2	0.34	0.331596746468176	0.4937308010000001	1
567	Iter0568	20	6	4	5	16	1	4.166666666666667	0.1026364494629902	0.45165491680000003	1
568	Iter0569	24	7	9	4	17	0	1.5238095238095235	0.7058188050928491	0.46927523234862006	1
569	Iter0570	37	6	7	3	25	1	2.642857142857143	0.34557239089585545	0.49543920880899994	1
570	Iter0571	31	4	8	2	25	0	1.9375	0.6014369446019736	0.5609209638268	1
571	Iter0572	23	4	7	2	18	2	1.6428571428571428	0.6269776238941274	0.513633607379	1
572	Iter0573	34	4	3	3	23	1	8.5	0.041938209266626	0.5705151548599999	1
573	Iter0574	25	3	4	2	21	1	4.166666666666667	0.2053001552527192	0.5703823016590001	1
574	Iter0575	30	8	3	2	24	1	2.5	0.5749004257228928	0.5391394970178999	1
575	Iter0576	35	8	6	2	25	1	1.4583333333333333	0.6469339733202084	0.52132945035	1
576	Iter0577	25	8	7	2	23	0	0.8928571428571429	1.0	0.4335819800000001	1
577	Iter0578	33	3	3	0	26	0	2.125	1.0	0.6526628390000002	1
578	Iter0579	34	10	3	1	23	0	1.1333333333333333	1.0	0.5115194797794246	1
579	Iter0580	19	5	6	3	16	0	1.9	0.6510082427768618	0.3611455669810001	1
580	Iter0581	30	6	8	3	24	3	1.875	0.41878939057345815	0.41056204300000004	1
581	Iter0582	35	4	3	2	27	0	5.833333333333332	0.12999535915021082	0.6804749227000001	1
582	Iter0583	29	7	7	4	23	0	2.3673469387755106	0.25550941956696577	0.4669738674506681	1
583	Iter0584	37	11	6	3	26	0	1.681818181818182	0.6740502856374262	0.63074676638	1
584	Iter0585	33	6	6	0	24	0	0.6938775510204082	0.5758727375856928	0.5246138120000001	1
585	Iter0586	33	6	4	6	25	1	8.25	0.008215959362011405	0.567810419762	1
586	Iter0587	21	4	12	7	13	0	3.0625	0.16393300326936522	0.34471402461000006	1
587	Iter0588	31	7	13	1	24	3	0.3406593406593407	0.4233795868023352	0.54644689863	1
588	Iter0589	22	7	16	3	19	2	0.5892857142857143	0.7185051989299847	0.3879268638	1
589	Iter0590	28	7	10	2	20	1	0.8	1.0	0.3429767219853514	1
590	Iter0591	38	7	8	0	24	1	0.5416666666666666	0.5772727520430994	0.53285716122	1
591	Iter0592	27	7	9	2	18	3	0.8571428571428572	1.0	0.37903094939000004	1
592	Iter0593	22	8	12	4	17	1	0.9166666666666666	1.0	0.47959267928199995	1
593	Iter0594	23	5	5	2	16	0	1.84	0.6078262835117001	0.54827715303	1
594	Iter0595	23	8	3	3	18	1	2.875	0.3350651071239369	0.35077323797124244	1
595	Iter0596	30	5	10	3	19	1	1.7999999999999998	0.6644843844475654	0.37290395917221003	1
596	Iter0597	31	6	11	3	25	1	1.4090909090909092	0.6920474151840114	0.564755089817568	1
597	Iter0598	37	4	3	2	29	0	6.166666666666668	0.1199383696855934	0.6020167536511	1
598	Iter0599	38	10	3	0	30	0	0.8863636363636364	1.0	0.6601404594000001	1
599	Iter0600	36	5	5	3	28	2	4.32	0.11015045019950076	0.7388783498000002	1
600	Iter0601	26	7	9	2	24	1	0.8253968253968255	1.0	0.46481300903999995	1
601	Iter0602	21	3	6	3	16	0	3.5	0.30923248053392377	0.4878557820919999	1
602	Iter0603	25	4	13	4	21	5	1.9230769230769231	0.4429366041982933	0.37343785020000003	1
603	Iter0604	24	4	5	2	18	1	2.4	0.5761600828014609	0.36834511251560004	1
604	Iter0605	30	5	6	4	23	1	4.0	0.09345330642759836	0.48327344598121014	1
605	Iter0606	32	6	14	3	26	4	1.1428571428571428	1.0	0.53274597200019	1
606	Iter0607	25	7	9	2	14	1	0.7936507936507937	1.0	0.39713484080000006	1
607	Iter0608	37	4	11	1	25	6	0.8409090909090909	1.0	0.45428698847999993	1
608	Iter0609	34	4	12	3	25	1	2.125	0.3894365870981593	0.4872178342981999	1
609	Iter0610	33	5	9	1	23	2	0.7333333333333333	1.0	0.4314181134	1
610	Iter0611	23	3	6	0	17	1	0.8571428571428571	1.0	0.39844317813187036	1
611	Iter0612	24	1	6	2	16	1	8.0	0.1385630498533703	0.337050981106	1
612	Iter0613	35	4	11	3	24	0	2.386363636363636	0.3637689800930264	0.5607874086303452	1
613	Iter0614	21	6	6	2	15	1	1.1666666666666667	1.0	0.36567247501790207	1
614	Iter0615	35	2	9	3	27	2	5.833333333333332	0.08685740716267985	0.6482969412020001	1
615	Iter0616	27	8	4	1	21	1	0.84375	1.0	0.5036101834516002	1
616	Iter0617	28	6	8	0	18	2	0.4603174603174604	0.5756502457401081	0.40083102637743995	1
617	Iter0618	35	5	6	2	26	2	2.333333333333333	0.3297402960613165	0.4863940735859999	1
618	Iter0619	27	2	6	4	21	2	9.0	0.028436629055824787	0.48857439024399996	1
619	Iter0620	22	5	21	2	17	6	0.4190476190476191	0.4295212765957508	0.4184113406700001	1
620	Iter0621	29	8	8	1	23	3	0.453125	0.6635821927046969	0.3920916136869999	1
621	Iter0622	25	3	9	6	21	3	5.555555555555557	0.045965391011215294	0.53854488	1
622	Iter0623	24	4	3	2	18	1	4.0	0.21617453736474695	0.292779881	1
623	Iter0624	28	12	7	3	19	0	1.0	1.0	0.3828074140513001	1
624	Iter0625	27	3	8	5	22	2	5.625	0.04154547119588696	0.5794922733527311	1
625	Iter0626	35	4	3	3	27	0	8.75	0.03936987572835392	0.678702212929368	1
626	Iter0627	24	7	5	2	19	1	1.3714285714285714	1.0	0.376316584197	1
627	Iter0628	34	4	4	1	28	0	2.125	0.478554910772725	0.514278553	1
628	Iter0629	26	7	7	3	18	1	1.5918367346938775	0.6741377533336196	0.36848557086655	1
629	Iter0630	21	6	3	2	19	1	2.333333333333333	0.5778642936596228	0.55011899	1
630	Iter0631	24	9	5	2	17	2	1.0666666666666669	1.0	0.323190087711	1
631	Iter0632	30	4	6	2	24	0	2.5	0.31927226920808816	0.47153513702400013	1
632	Iter0633	25	10	9	4	20	1	1.1111111111111112	1.0	0.459370786	1
633	Iter0634	26	3	5	6	20	1	10.4	0.00668144925110868	0.37913165502	1
634	Iter0635	27	7	3	2	19	1	2.571428571428572	0.5716161505635181	0.36408530947299994	1
635	Iter0636	24	6	8	1	15	3	0.5	1.0	0.275576262321819	1
636	Iter0637	31	4	15	5	22	4	2.583333333333333	0.2606785159173617	0.6701971390765001	1
637	Iter0638	29	1	4	4	24	0	29.0	0.00429531698881554	0.5059021780000001	1
638	Iter0639	35	5	5	2	29	1	2.8	0.27633749038164584	0.6285926789999999	1
639	Iter0640	26	7	4	2	19	2	1.8571428571428568	0.6068948205171247	0.4498715626255	1
640	Iter0641	33	6	9	4	26	1	2.4444444444444446	0.2444577280172961	0.5317282228119999	1
641	Iter0642	28	12	5	6	24	1	2.8000000000000003	0.16448299413604958	0.5098843218752501	1
642	Iter0643	30	6	4	5	23	0	6.25	0.027513122626116847	0.52995544221541	1
643	Iter0644	31	8	6	3	29	0	1.9375	0.4091376443420302	0.8864567600000001	1
644	Iter0645	25	10	2	0	21	1	0.787878787878788	1.0	0.58080346392071	1
645	Iter0646	22	11	5	4	13	0	1.6	0.6979434316140689	0.30683764199999997	1
646	Iter0647	31	5	3	1	22	0	2.066666666666667	0.4925484188642082	0.51164977942456	1
647	Iter0648	31	6	11	5	21	3	2.3484848484848486	0.2746790544873557	0.5541973836399999	1
648	Iter0649	27	5	5	3	22	1	3.24	0.3199344877363425	0.49795894135999996	1
649	Iter0650	25	5	11	2	16	3	0.9090909090909092	1.0	0.36544011697000006	1
650	Iter0651	27	9	7	2	19	0	0.8571428571428571	1.0	0.4501968575615096	1
651	Iter0652	28	7	8	0	19	3	0.4027777777777778	0.3149547571734565	0.36579779991669986	1
652	Iter0653	26	3	6	5	20	0	7.222222222222222	0.024516776838758227	0.468657204612	1
653	Iter0654	31	9	5	1	25	0	0.6888888888888889	1.0	0.49380089237000013	1
654	Iter0655	25	3	4	3	18	1	6.250000000000001	0.07915732275314992	0.3098740757729395	1
655	Iter0656	23	1	6	2	18	1	7.666666666666668	0.14677419354838725	0.387670219121971	1
656	Iter0657	24	5	7	3	15	1	2.057142857142857	0.3988711480971541	0.40366650151	1
657	Iter0658	21	6	3	6	16	2	7.0	0.036204092315457535	0.37116501747776204	1
658	Iter0659	30	1	8	3	19	1	11.25	0.048646475475744466	0.32542643419999995	1
659	Iter0660	21	5	10	3	15	2	1.26	1.0	0.24900347025	1
660	Iter0661	24	4	10	2	18	1	1.2	1.0	0.35550359919999996	1
661	Iter0662	33	7	5	1	23	0	0.9428571428571428	1.0	0.5628549656551999	1
662	Iter0663	26	3	4	0	21	2	1.35	1.0	0.3626377289999999	1
663	Iter0664	26	8	6	2	20	0	1.0833333333333333	1.0	0.4599643361200001	1
664	Iter0665	26	4	7	2	17	0	1.8571428571428568	0.606894820517125	0.4138177620999998	1
665	Iter0666	36	5	5	0	28	2	1.027777777777778	1.0	0.8088235991	1
666	Iter0667	29	3	6	4	24	1	6.444444444444443	0.0434953567174363	0.4926734750000001	1
667	Iter0668	19	4	8	2	15	0	1.1875	1.0	0.37558462923219993	1
668	Iter0669	25	3	15	1	19	4	0.5555555555555556	1.0	0.3272145208911436	1
669	Iter0670	28	8	12	4	22	1	1.1666666666666667	1.0	0.43907255581500004	1
670	Iter0671	27	5	3	1	20	1	1.8	0.5347593582887668	0.3459715387973762	1
671	Iter0672	29	8	3	4	24	0	4.833333333333333	0.07511350040531599	0.5640380039000001	1
672	Iter0673	32	11	14	2	23	1	0.4155844155844156	0.4811341157983995	0.52741869220094	1
673	Iter0674	34	6	7	0	27	3	0.625	0.5710337894792326	0.5737735720000001	1
674	Iter0675	31	11	9	2	22	1	0.6262626262626263	0.7114450676196851	0.408913205446	1
675	Iter0676	31	3	4	6	24	1	15.500000000000002	0.001869717814429259	0.43781883420000006	1
676	Iter0677	23	3	9	3	14	1	2.5555555555555562	0.35665873746368804	0.25497432277699994	1
677	Iter0678	36	6	6	2	26	0	2.0	0.5979973798548308	0.49426067105610005	1
678	Iter0679	24	3	7	5	19	2	5.7142857142857135	0.07936574345243125	0.42560768377009994	1
679	Iter0680	29	1	10	3	21	0	8.7	0.07531804553925872	0.36945641481	1
680	Iter0681	31	8	13	1	26	3	0.2980769230769231	0.4161810343322746	0.4695581417	1
681	Iter0682	32	3	4	7	31	1	18.666666666666668	0.0005544079302793664	0.8224274888389003	1
682	Iter0683	24	9	9	3	16	1	0.8888888888888888	1.0	0.2671256779999999	1
683	Iter0684	21	7	9	3	19	0	1.0	1.0	0.41460544000000005	1
684	Iter0685	25	6	14	3	17	7	0.8928571428571429	1.0	0.37551986347806804	1
685	Iter0686	20	8	6	2	16	0	0.8333333333333334	1.0	0.27275103348	1
686	Iter0687	27	5	5	2	21	0	2.16	0.587584033404465	0.47919842776000005	1
687	Iter0688	26	8	10	3	19	3	0.975	1.0	0.5142173991093	1
688	Iter0689	35	3	6	2	25	2	3.888888888888889	0.20302111100898196	0.544448328414	1
689	Iter0690	28	1	3	0	24	1	3.625	1.0	0.6724872402	1
690	Iter0691	33	5	7	4	26	0	3.7714285714285714	0.17858296423061276	0.45503325262000005	1
691	Iter0692	31	5	12	2	23	5	1.0333333333333334	1.0	0.6078195803	1
692	Iter0693	31	5	6	1	25	2	1.0333333333333334	1.0	0.6028135801478	1
693	Iter0694	35	7	6	5	29	0	4.166666666666667	0.09837761029815872	0.710761226728	1
694	Iter0695	26	8	8	1	18	2	0.40625	0.6565727570175499	0.26640876663290003	1
695	Iter0696	27	7	8	3	25	0	1.4464285714285716	0.6869803774899411	0.37071501694	1
696	Iter0697	27	5	11	3	18	6	1.4727272727272729	0.6839666486562959	0.31414639752651	1
697	Iter0698	32	4	9	3	20	2	2.6666666666666665	0.3446206139879101	0.4143801184465401	1
698	Iter0699	27	7	6	4	20	3	2.571428571428572	0.2371790711940613	0.42075665660000006	1
699	Iter0700	19	6	8	3	16	2	1.1875	1.0	0.42296540000000005	1
700	Iter0701	26	5	7	3	19	1	2.2285714285714286	0.3780273515227915	0.30339688991138397	1
701	Iter0702	29	4	6	0	19	1	0.8571428571428571	1.0	0.4189779748348052	1
702	Iter0703	33	3	2	1	25	0	5.5	0.2838384943648071	0.5681121334510001	1
703	Iter0704	41	5	5	2	27	1	3.28	0.2273904673501971	0.556913783367	1
704	Iter0705	28	5	4	3	19	0	4.2	0.1281750910233887	0.4307166129999999	1
705	Iter0706	24	5	8	1	17	0	0.6	1.0	0.45666175974999995	1
706	Iter0707	30	7	10	1	23	2	0.42857142857142855	0.6611542046405932	0.4207318942453564	1
707	Iter0708	33	7	11	0	15	5	0.3541666666666667	0.3227160244301108	0.21656888709999997	1
708	Iter0709	30	9	2	5	21	0	8.333333333333334	0.020411518574235538	0.5123097137253001	1
709	Iter0710	30	7	10	3	17	1	1.2857142857142856	0.7068395627374138	0.33509604399993004	1
710	Iter0711	38	7	10	2	26	3	1.085714285714286	1.0	0.5732539252941999	1
711	Iter0712	29	8	6	3	21	0	1.8125	0.6642977961486614	0.521591417	1
712	Iter0713	24	3	6	3	16	1	4.0	0.1506382611695689	0.3991902560112	1
713	Iter0714	28	5	11	1	21	4	0.509090909090909	1.0	0.48088881751100004	1
714	Iter0715	25	6	4	5	17	2	5.208333333333333	0.08343705547652833	0.3441144274551	1
715	Iter0716	28	7	9	2	21	0	0.8888888888888888	1.0	0.46038498150999996	1
716	Iter0717	19	9	12	7	14	4	1.2314814814814816	0.7631396376282273	0.336885729	1
717	Iter0718	33	8	6	6	25	2	4.125	0.059788278391547475	0.5790912606570501	1
718	Iter0719	29	3	6	1	20	0	1.6111111111111107	0.5628016680648238	0.318576953836	1
719	Iter0720	27	6	7	0	16	0	0.5	0.5671736513841874	0.295452371207	1
720	Iter0721	36	3	7	7	25	2	12.0	0.001726713061431058	0.6625682816599999	1
721	Iter0722	18	11	7	2	15	1	0.4675324675324676	0.4562440449037824	0.404715457908	1
722	Iter0723	31	6	8	3	20	1	1.9375	0.4091376443420289	0.35550565300000003	1
723	Iter0724	22	4	4	2	19	1	2.75	0.31040000353126096	0.39560147	1
724	Iter0725	19	10	15	3	14	4	0.38	0.3147747149191392	0.34693202737142	1
725	Iter0726	31	3	7	2	26	1	2.952380952380953	0.2773307237289058	0.6739815543132538	1
726	Iter0727	31	5	8	4	26	1	3.1	0.19946342827668825	0.47653321759999995	1
727	Iter0728	29	8	12	3	22	4	0.90625	1.0	0.5135688734400001	1
728	Iter0729	29	4	2	0	24	0	2.0	1.0	0.5622095382855803	1
729	Iter0730	35	6	9	2	27	1	1.2962962962962965	1.0	0.5939084255285951	1
730	Iter0731	31	5	11	4	23	2	2.2545454545454544	0.42058817201986587	0.5137643595873	1
731	Iter0732	39	5	5	3	33	1	4.68	0.09446368001409297	0.8502217186000002	1
732	Iter0733	26	6	10	2	22	2	0.8666666666666666	1.0	0.49752062575905	1
733	Iter0734	27	9	9	2	24	0	0.6666666666666666	1.0	0.6050007061799999	1
734	Iter0735	26	8	7	2	16	0	0.9285714285714286	1.0	0.4761820010688	1
735	Iter0736	44	3	10	3	32	2	4.4	0.10931258596520364	0.6888207014000001	1
736	Iter0737	30	8	6	1	23	1	0.625	1.0	0.4885203988	1
737	Iter0738	30	4	8	2	23	2	1.875	0.6058167583975872	0.4583335547798123	1
738	Iter0739	25	7	6	3	18	0	1.7857142857142858	0.6622433324842181	0.4270741638400001	1
739	Iter0740	21	9	11	2	14	1	0.42424242424242425	0.4559229513544898	0.290821072865668	1
740	Iter0741	29	8	5	0	19	3	0.5555555555555556	0.5638627525662105	0.32197525979080005	1
741	Iter0742	20	5	8	7	13	0	3.5	0.0908924105165554	0.237178965696	1
742	Iter0743	26	6	7	2	22	0	1.2380952380952381	1.0	0.48895693199999996	1
743	Iter0744	31	2	10	5	26	4	7.75	0.02386535579315788	0.4873313539900001	1
744	Iter0745	26	3	5	2	17	2	3.4666666666666663	0.2439839572192517	0.40080137316551	1
745	Iter0746	21	6	11	3	12	2	0.9545454545454546	1.0	0.23710683802149998	1
746	Iter0747	28	5	8	4	19	0	2.8	0.21884586182881136	0.458896226015	1
747	Iter0748	29	4	7	5	23	1	5.178571428571429	0.04275140039536783	0.5672492790000001	1
748	Iter0749	23	9	6	3	12	1	1.2777777777777777	1.0	0.2433149198822	1
749	Iter0750	25	9	6	2	19	0	0.925925925925926	1.0	0.450604905	1
750	Iter0751	28	10	10	5	24	2	1.4	0.7372090340288194	0.5629845247999999	1
751	Iter0752	32	3	6	1	27	2	1.7777777777777777	0.532207629768606	0.5713746755999999	1
752	Iter0753	23	4	11	4	15	1	2.090909090909091	0.4254588349581928	0.27749746	1
753	Iter0754	28	6	9	2	17	3	1.0370370370370372	1.0	0.27154539685999995	1
754	Iter0755	28	10	9	2	17	3	0.6222222222222222	0.7084778689285604	0.33322421328546503	1
755	Iter0756	25	6	5	1	16	1	0.8333333333333334	1.0	0.30021198117414605	1
756	Iter0757	34	5	11	4	27	3	2.4727272727272727	0.2436261223634916	0.6293327936909001	1
757	Iter0758	37	5	3	3	29	0	7.4	0.04972068641582261	0.6457141008080001	1
758	Iter0759	32	14	12	5	25	4	0.9523809523809524	1.0	0.37193108210000014	1
759	Iter0760	25	8	13	2	18	4	0.4807692307692308	0.4716767682703933	0.41311650839599995	1
760	Iter0761	49	6	2	0	35	1	2.380952380952381	1.0	0.7393665178613229	1
761	Iter0762	31	2	2	5	22	0	38.75	0.0006071801737436642	0.5739943620000001	1
762	Iter0763	35	7	10	3	22	1	1.5	0.6852383064033767	0.6578440131947617	1
763	Iter0764	31	3	9	1	27	0	1.148148148148148	1.0	0.6409627676457301	1
764	Iter0765	39	8	7	6	28	0	4.178571428571428	0.05788935948882237	0.6037235464763999	1
765	Iter0766	31	10	16	2	27	3	0.3875	0.3113960337727267	0.5774013767969999	1
766	Iter0767	28	8	6	11	25	1	6.416666666666668	0.004989672148402123	0.48070546720000007	1
767	Iter0768	31	7	5	6	22	0	5.314285714285714	0.04662474108214365	0.4208040405499653	1
768	Iter0769	29	7	7	1	21	3	0.5918367346938777	1.0	0.408793776400014	1
769	Iter0770	24	8	5	0	22	0	0.462962962962963	0.5640988582165135	0.49970495960000005	1
770	Iter0771	25	7	10	0	19	1	0.2954545454545455	0.1682568319282041	0.5062764789	1
771	Iter0772	27	3	6	3	20	0	4.5	0.12251308226540772	0.46689456153400005	1
772	Iter0773	28	5	8	4	22	2	2.8	0.21884586182881136	0.35163569930789007	1
773	Iter0774	27	3	8	3	22	1	3.375	0.31615309888737203	0.5172408531129957	1
774	Iter0775	30	6	8	2	25	1	1.25	1.0	0.49345951890000006	1
775	Iter0776	28	5	7	3	24	2	2.4	0.3616854756658302	0.45625215999999996	1
776	Iter0777	23	8	10	0	18	1	0.2424242424242424	0.16463442107178716	0.52421204	1
777	Iter0778	34	8	8	0	25	4	0.4320987654320987	0.3244122633671498	0.677493659718851	1
778	Iter0779	26	8	12	1	22	3	0.2708333333333333	0.4097874754106152	0.461965037097793	1
779	Iter0780	31	4	9	2	25	1	1.7222222222222223	0.6187657730975726	0.5232278531145779	1
780	Iter0781	18	8	9	3	15	2	0.75	1.0	0.3157505527	1
781	Iter0782	32	5	10	2	26	0	1.28	1.0	0.41412933114	1
782	Iter0783	36	6	3	3	24	1	6.0	0.07057321053835712	0.6515042739999999	1
783	Iter0784	32	7	2	3	20	0	6.857142857142858	0.06879507333279332	0.40686371112535796	1
784	Iter0785	26	7	8	1	19	1	0.4642857142857143	0.6621843132754666	0.41656983540000014	1
785	Iter0786	32	3	7	1	21	0	1.5238095238095235	1.0	0.48753006699999996	1
786	Iter0787	37	8	9	0	27	0	0.4222222222222222	0.32564939016399985	0.5166936102	1
787	Iter0788	26	8	7	1	20	2	0.4642857142857143	0.6621843132754658	0.40355215014	1
788	Iter0789	37	10	7	4	27	1	2.1142857142857143	0.4333345483064207	0.6359643148069751	1
789	Iter0790	32	4	14	2	27	6	1.1428571428571428	1.0	0.5372741620100001	1
790	Iter0791	37	2	5	3	25	0	11.1	0.028868162293285086	0.562637537440146	1
791	Iter0792	26	9	9	3	20	2	0.9629629629629628	1.0	0.533536043240014	1
792	Iter0793	23	4	4	3	20	1	4.3125	0.1346166715245096	0.3767623732	1
793	Iter0794	22	7	3	1	16	0	1.0476190476190477	1.0	0.37134650476000003	1
794	Iter0795	30	4	5	3	23	0	4.5	0.11299113866507905	0.44294972271999994	1
795	Iter0796	28	6	10	4	23	1	1.8666666666666667	0.44801229018249145	0.4183032815399838	1
796	Iter0797	37	8	6	1	28	1	0.7708333333333334	1.0	0.48891153159287004	1
797	Iter0798	28	4	6	7	22	0	8.166666666666668	0.006743914407286888	0.467526588432	1
798	Iter0799	31	9	5	4	18	2	2.7555555555555555	0.2204397381501244	0.3720998087054051	1
799	Iter0800	27	4	9	2	22	1	1.5	0.6437100179077165	0.31920967999999994	1
800	Iter0801	20	3	14	5	17	4	2.3809523809523814	0.4329597890573577	0.31793405236	1
801	Iter0802	24	9	9	1	17	2	0.2962962962962963	0.4067636022227287	0.34189485833999994	1
802	Iter0803	32	6	10	5	24	3	2.6666666666666665	0.25752854946079023	0.5770077150393	1
803	Iter0804	26	7	6	3	18	0	1.8571428571428568	0.6603132943841425	0.42069385109999996	1
804	Iter0805	21	4	10	4	14	4	2.1	0.4237116373339331	0.32017990989999995	1
805	Iter0806	34	8	6	1	21	1	0.7083333333333334	1.0	0.46342919163000007	1
806	Iter0807	31	8	11	3	24	0	1.056818181818182	1.0	0.6179553530000002	1
807	Iter0808	23	10	6	1	14	2	0.3833333333333333	0.6496632080997442	0.36831701955	1
808	Iter0809	20	4	11	7	13	7	3.1818181818181817	0.15864181268545974	0.3002716818	1
809	Iter0810	25	7	8	4	20	1	1.7857142857142858	0.4568962555560154	0.39761106669999996	1
810	Iter0811	31	5	7	3	21	1	2.657142857142857	0.34417049078323736	0.543829042607	1
811	Iter0812	28	9	6	4	21	1	2.074074074074074	0.4293711861807288	0.42283325408651	1
812	Iter0813	25	5	7	2	21	3	1.4285714285714286	0.6525585534873457	0.50154019617	1
813	Iter0814	23	4	6	0	20	1	0.6857142857142857	1.0	0.43493235189999985	1
814	Iter0815	27	4	8	1	20	2	0.84375	1.0	0.5093627962	1
815	Iter0816	27	9	10	1	23	2	0.3	0.4125827173987932	0.48096199999999995	1
816	Iter0817	27	4	7	5	20	1	4.821428571428573	0.08798660176395309	0.51574052388	1
817	Iter0818	30	6	9	6	23	2	3.333333333333333	0.14396625164600335	0.5312249480618999	1
818	Iter0819	31	7	6	2	24	1	1.4761904761904765	0.6448923145216461	0.4793270784000001	1
819	Iter0820	33	7	10	2	22	3	0.9428571428571428	1.0	0.4782124401	1
820	Iter0821	32	4	17	3	23	7	1.4117647058823528	0.6911465892597732	0.5801272982699999	1
821	Iter0822	32	6	12	2	23	0	0.8888888888888888	1.0	0.415472274	1
822	Iter0823	27	7	7	2	19	1	1.1020408163265307	1.0	0.3380044433	1
823	Iter0824	33	4	9	1	30	1	0.9166666666666666	1.0	0.5827354425000001	1
824	Iter0825	35	9	6	0	24	0	0.5142857142857143	0.5755641979270865	0.5125237354999999	1
825	Iter0826	24	10	9	3	16	2	0.7999999999999999	1.0	0.3564370430999976	1
826	Iter0827	27	4	11	1	20	2	0.6136363636363636	1.0	0.5019821927	1
827	Iter0828	24	7	8	6	21	3	2.571428571428572	0.2861203003586128	0.44838645	1
828	Iter0829	33	4	6	1	24	1	1.375	1.0	0.45231810299993636	1
829	Iter0830	28	5	4	4	23	2	5.6	0.054409633583537134	0.5660659004299999	1
830	Iter0831	37	4	4	1	28	0	2.3125	0.4532950478349994	0.7222756599645997	1
831	Iter0832	33	4	8	1	23	2	1.03125	1.0	0.5375029078299054	1
832	Iter0833	22	6	8	6	22	1	2.75	0.16893844692736934	0.50452244	1
833	Iter0834	26	5	15	3	22	4	1.04	1.0	0.5438134625000001	1
834	Iter0835	25	4	6	2	20	2	2.083333333333333	0.5913426795779844	0.33859340999	1
835	Iter0836	26	9	15	2	16	7	0.3851851851851852	0.30380408482078786	0.3610181482969999	1
836	Iter0837	25	6	8	1	19	1	0.5208333333333334	1.0	0.489102423	1
837	Iter0838	38	7	9	1	34	0	0.6031746031746033	1.0	0.7733746599999999	1
838	Iter0839	27	4	3	3	20	1	6.75	0.06794695765284102	0.48580143999999986	1
839	Iter0840	34	6	17	1	23	3	0.33333333333333337	0.41714477238225184	0.5481584071550799	1
840	Iter0841	32	4	8	2	24	1	2.0	0.597523983328824	0.634339677995899	1
841	Iter0842	30	7	5	1	23	0	0.8571428571428571	1.0	0.533400914852886	1
842	Iter0843	28	10	6	3	18	2	1.4	0.6920630306490003	0.4321754687	1
843	Iter0844	41	5	4	3	28	0	6.15	0.0609416134671768	0.7339545062800001	1
844	Iter0845	23	5	5	3	19	1	2.76	0.33837359395169186	0.434049164528	1
845	Iter0846	28	6	5	5	21	1	4.666666666666667	0.0898757194246354	0.5279451854999999	1
846	Iter0847	38	2	4	1	25	1	4.75	0.3037350246652434	0.5880388758999999	1
847	Iter0848	35	6	6	3	30	1	2.9166666666666665	0.3337344967460113	0.6267484465609998	1
848	Iter0849	25	4	6	4	19	2	4.166666666666667	0.1672435170887197	0.3050013592037	1
849	Iter0850	23	8	12	8	17	5	1.9166666666666667	0.35958656910611075	0.31925675446099994	1
850	Iter0851	28	8	7	1	19	3	0.5	1.0	0.4579873240000001	1
851	Iter0852	19	11	5	1	14	3	0.34545454545454546	0.6399430740037927	0.3410594569605	1
852	Iter0853	29	4	4	2	21	0	3.625	0.22406480920413926	0.4390819632999999	1
853	Iter0854	28	5	11	0	19	2	0.4027777777777777	0.30921319179969464	0.35202621614275	1
854	Iter0855	23	4	6	1	21	0	0.9583333333333334	1.0	0.49454853	1
855	Iter0856	21	5	8	2	18	2	1.05	1.0	0.4136581192	1
856	Iter0857	30	4	6	1	22	2	1.25	1.0	0.6695475305	1
857	Iter0858	28	7	6	7	19	0	4.666666666666667	0.033579007364859935	0.39310745717791	1
858	Iter0859	16	3	8	4	14	0	2.6666666666666665	0.3838669747012361	0.22710155060700002	1
859	Iter0860	26	4	11	1	21	2	0.5909090909090909	1.0	0.5406054091836772	1
860	Iter0861	37	8	9	5	27	1	2.5694444444444438	0.2657016694631346	0.5727348910000001	1
861	Iter0862	27	5	5	4	22	0	4.32	0.08659819683001753	0.43845091	1
862	Iter0863	27	5	9	3	18	1	1.8	0.6625414123100517	0.2924397426759999	1
863	Iter0864	19	3	8	2	15	3	1.5833333333333333	0.6367491657397186	0.22447337378	1
864	Iter0865	22	10	8	5	17	1	1.375	0.7324986462731595	0.35010124699999995	1
865	Iter0866	29	7	11	4	23	3	1.5064935064935066	0.7109047622295743	0.386726565486	1
866	Iter0867	34	6	10	4	26	1	2.2666666666666666	0.4239794661748376	0.5630557641917651	1
867	Iter0868	20	5	8	5	15	1	2.5	0.2628629845506547	0.38798358047631987	1
868	Iter0869	23	6	10	4	18	1	1.5333333333333334	0.7036908081795359	0.33650515652699997	1
869	Iter0870	29	6	2	4	22	1	9.666666666666666	0.023501530561864374	0.496162766224369	1
870	Iter0871	23	4	8	1	20	0	0.71875	1.0	0.37164703587732006	1
871	Iter0872	29	7	5	2	22	0	1.6571428571428573	0.6243764529879663	0.41752084380000004	1
872	Iter0873	28	10	9	6	21	4	1.8666666666666665	0.3416394747248397	0.4670401226630001	1
873	Iter0874	28	5	1	5	23	0	28.0	0.0023042809420518663	0.46921493489999994	1
874	Iter0875	19	10	5	3	13	1	1.14	1.0	0.24288432989999995	1
875	Iter0876	27	9	6	2	21	1	1.0	1.0	0.47441725669999724	1
876	Iter0877	33	9	4	3	23	1	2.75	0.34032334401823355	0.42556206623540005	1
877	Iter0878	31	4	2	3	24	1	11.625	0.029871977240398563	0.49245582051829	1
878	Iter0879	31	4	5	3	27	2	4.65	0.10627500883344512	0.5451473437487	1
879	Iter0880	32	9	4	3	25	0	2.6666666666666665	0.3446206139879102	0.44246287496136	1
880	Iter0881	27	3	7	2	20	2	2.571428571428572	0.5716161505635218	0.4249404983800001	1
881	Iter0882	24	7	14	0	14	1	0.20833333333333331	0.08058749720689318	0.31014101116399995	1
882	Iter0883	26	6	13	1	22	1	0.3333333333333333	0.4130809189330996	0.480392054692	1
883	Iter0884	33	9	6	3	24	1	1.8333333333333333	0.4236532557217373	0.55837851598	1
884	Iter0885	32	7	7	3	27	1	1.9591836734693877	0.4052293100041684	0.5252227436967001	1
885	Iter0886	31	3	7	1	24	0	1.4761904761904765	1.0	0.59878060212	1
886	Iter0887	22	7	8	5	19	3	1.9642857142857144	0.4634552008182729	0.30670352781599997	1
887	Iter0888	33	7	8	2	27	0	1.1785714285714286	1.0	0.7144048207100001	1
888	Iter0889	24	11	9	3	18	2	0.7272727272727272	1.0	0.37847194069999995	1
889	Iter0890	28	10	14	4	21	3	0.7999999999999999	1.0	0.5534171570901136	1
890	Iter0891	24	8	7	1	18	0	0.42857142857142855	0.6553380850594368	0.3773035191206999	1
891	Iter0892	27	6	7	5	24	1	3.2142857142857144	0.13055950229428046	0.58927095	1
892	Iter0893	27	6	6	2	18	3	1.5	0.6423128022916851	0.42352900592752146	1
893	Iter0894	36	4	8	6	24	0	6.75	0.01298648096244707	0.37831265264299996	1
894	Iter0895	29	8	6	3	22	0	1.8125	0.6642977961486614	0.51100132465	1
895	Iter0896	29	4	6	5	20	2	6.041666666666668	0.030476121081250494	0.3891004642020394	1
896	Iter0897	28	4	8	0	22	3	0.6444444444444444	0.5658168289747203	0.39333511400000004	1
897	Iter0898	23	6	3	2	17	0	2.5555555555555562	0.5701799781496155	0.39299399789031	1
898	Iter0899	33	7	4	4	20	0	4.714285714285714	0.06811905532733221	0.3417869267342952	1
899	Iter0900	28	3	6	4	21	2	6.222222222222222	0.047494121948550266	0.5703123920500001	1
900	Iter0901	27	5	6	3	19	0	2.7	0.3415303860369263	0.42775926510599993	1
901	Iter0902	24	9	10	4	15	0	1.0666666666666669	1.0	0.261405223	1
902	Iter0903	42	6	6	1	35	0	1.1666666666666667	1.0	0.812473892367865	1
903	Iter0904	28	4	4	2	19	0	3.5	0.2340846334654355	0.4517276303203999	1
904	Iter0905	32	5	9	2	23	1	1.4222222222222225	0.6526830597565974	0.4594989308600449	1
905	Iter0906	38	7	4	2	28	0	2.7142857142857144	0.2836099472166295	0.6350878449297999	1
906	Iter0907	24	5	10	2	20	3	0.96	1.0	0.4628659809932001	1
907	Iter0908	22	9	13	5	16	3	0.9401709401709402	1.0	0.354697826303	1
908	Iter0909	25	6	12	3	18	3	1.0416666666666667	1.0	0.4210281493	1
909	Iter0910	24	9	11	0	21	0	0.20833333333333331	0.08487792713245855	0.5334547617	1
910	Iter0911	21	3	7	1	19	1	1.0	1.0	0.32739671831701994	1
911	Iter0912	26	7	7	1	19	1	0.5306122448979592	1.0	0.41557115575	1
912	Iter0913	18	6	7	2	12	0	0.8571428571428571	1.0	0.21181479244999998	1
913	Iter0914	31	7	10	3	21	2	1.3285714285714283	0.7014745351273756	0.42518860914520007	1
914	Iter0915	32	4	12	1	23	1	0.6666666666666666	1.0	0.525461539668664	1
915	Iter0916	30	3	7	0	24	2	0.96875	1.0	0.5369262069999999	1
916	Iter0917	21	6	8	2	16	0	0.875	1.0	0.42187326121499996	1
917	Iter0918	30	6	8	5	24	1	3.125	0.13266316463079408	0.5183515657000001	1
918	Iter0919	29	11	11	3	26	2	0.71900826446281	0.7385483202264922	0.55964267433	1
919	Iter0920	30	10	8	2	23	1	0.75	1.0	0.456425128008	1
920	Iter0921	26	5	12	1	19	1	0.43333333333333335	0.6523230031454681	0.3230062743831	1
921	Iter0922	25	6	3	5	20	1	6.9444444444444455	0.027591833319388	0.34360423688999997	1
922	Iter0923	32	2	6	3	23	0	8.0	0.053536367206247513	0.4921890421	1
923	Iter0924	34	8	5	2	28	1	1.7	0.6201861677680822	0.7221195790009998	1
924	Iter0925	21	11	7	2	17	2	0.5454545454545455	0.6924514940070357	0.44226579499999996	1
925	Iter0926	33	3	6	2	24	1	3.6666666666666665	0.21894498014747465	0.5097948357000001	1
926	Iter0927	31	4	7	1	24	3	1.1071428571428572	1.0	0.6136549394999999	1
927	Iter0928	34	4	6	1	23	3	1.4166666666666667	1.0	0.49505462451079996	1
928	Iter0929	27	11	7	1	20	1	0.35064935064935066	0.6598217667639936	0.48296275795899996	1
929	Iter0930	27	6	4	1	20	1	1.125	1.0	0.33771164819383	1
930	Iter0931	24	4	6	3	21	0	3.0	0.32701094228609323	0.43324020708	1
931	Iter0932	27	7	8	2	25	1	0.9642857142857144	1.0	0.5162189249999999	1
932	Iter0933	24	6	10	3	19	2	1.2	1.0	0.46222243691120585	1
933	Iter0934	40	6	8	5	32	2	4.166666666666667	0.0525513000071924	0.7411562396899999	1
934	Iter0935	37	7	7	3	27	0	2.265306122448979	0.370483729925537	0.6918286127000002	1
935	Iter0936	23	7	7	5	17	1	2.346938775510204	0.2740407841310215	0.33205408	1
936	Iter0937	38	4	4	2	27	1	4.75	0.15659993650333934	0.5357112867189001	1
937	Iter0938	33	4	11	3	23	2	2.25	0.3762596361393547	0.50716556192	1
938	Iter0939	27	6	5	4	19	1	3.6	0.18054211401640674	0.4551817232999999	1
939	Iter0940	34	7	12	2	28	1	0.8095238095238094	1.0	0.556068018529846	1
940	Iter0941	30	6	9	1	23	2	0.5555555555555556	1.0	0.4072096187709999	1
941	Iter0942	27	3	10	2	22	8	1.8	0.6134096968499985	0.49533781710000013	1
942	Iter0943	26	6	5	5	20	0	4.333333333333333	0.09443088896384938	0.4068712438	1
943	Iter0944	28	5	8	4	23	6	2.8	0.21884586182881136	0.5211610357001001	1
944	Iter0945	19	5	25	1	16	8	0.152	0.09250253292806557	0.420590357	1
945	Iter0946	33	4	5	2	24	0	3.3	0.2384157249443645	0.4657894783447	1
946	Iter0947	29	8	7	2	21	0	1.0357142857142858	1.0	0.44325201126600006	1
947	Iter0948	27	8	3	1	20	1	1.125	1.0	0.422351375	1
948	Iter0949	29	7	4	4	23	0	4.142857142857143	0.09185251765184572	0.6944939447719	1
949	Iter0950	27	3	7	3	21	0	3.8571428571428568	0.15275194222562685	0.54213556113	1
950	Iter0951	18	8	13	2	13	3	0.3461538461538461	0.2765134971866865	0.246772328	1
951	Iter0952	24	7	6	1	17	0	0.5714285714285714	1.0	0.366292670993	1
952	Iter0953	35	3	7	3	21	0	4.999999999999999	0.09532126114532603	0.439581240603	1
953	Iter0954	17	10	7	2	16	1	0.4857142857142857	0.6854675129228545	0.40284282499999996	1
954	Iter0955	26	5	4	0	19	0	0.9	1.0	0.3563355284	1
955	Iter0956	31	7	4	2	23	1	2.2142857142857144	0.5861075963174665	0.4640432383180001	1
956	Iter0957	30	6	9	2	19	4	1.1111111111111112	1.0	0.44042842754000006	1
957	Iter0958	27	5	6	4	19	1	3.6	0.18054211401640624	0.49679190114387267	1
958	Iter0959	32	10	5	4	27	0	2.56	0.2362317406363492	0.7347925871600001	1
959	Iter0960	30	7	8	2	19	1	1.0714285714285714	1.0	0.35024123230000004	1
960	Iter0961	27	3	10	0	21	1	0.6363636363636364	0.5597165991902711	0.45559205584947	1
961	Iter0962	31	7	8	2	22	0	1.1071428571428572	1.0	0.4848231951100001	1
962	Iter0963	25	10	5	5	18	1	2.5	0.2629432728545956	0.4236906990479999	1
963	Iter0964	34	2	6	3	24	1	8.5	0.04713040787913062	0.553522040187359	1
964	Iter0965	28	8	6	3	22	0	1.75	0.6661124026559495	0.581644118	1
965	Iter0966	27	11	7	2	21	1	0.7012987012987013	1.0	0.5238600956	1
966	Iter0967	29	5	8	1	23	0	0.725	1.0	0.537913827	1
967	Iter0968	23	3	8	4	17	0	3.8333333333333335	0.1764636153181035	0.37153967144	1
968	Iter0969	36	3	7	3	28	0	5.1428571428571415	0.09027063857247797	0.5862362699888871	1
969	Iter0970	31	7	5	3	23	1	2.657142857142857	0.34417049078323736	0.4107369195999999	1
970	Iter0971	26	7	10	1	24	5	0.37142857142857133	0.6562921792047004	0.5725676336710002	1
971	Iter0972	31	2	6	3	27	2	7.75	0.057173891576972814	0.448072984407	1
972	Iter0973	23	7	5	4	16	1	2.628571428571429	0.2380277261182105	0.43956513007303094	1
973	Iter0974	16	2	7	6	13	2	6.857142857142858	0.042906933629959024	0.23953669399999997	1
974	Iter0975	25	5	15	7	16	8	2.333333333333333	0.3181091089255481	0.27081746928098005	1
975	Iter0976	34	6	8	0	24	3	0.5555555555555556	0.5710337894792414	0.6403519076489999	1
976	Iter0977	33	9	6	1	20	1	0.6111111111111109	1.0	0.41765512683620193	1
977	Iter0978	27	7	10	3	22	1	1.1571428571428568	1.0	0.36402661960194005	1
978	Iter0979	29	6	10	4	21	0	1.933333333333333	0.441520563398062	0.4288245479000001	1
979	Iter0980	37	4	9	2	30	0	2.055555555555556	0.5950895251717524	0.6939006678539997	1
980	Iter0981	34	7	6	3	27	1	2.4285714285714284	0.35819213655504306	0.5860151712653601	1
981	Iter0982	30	3	4	2	24	0	5.0	0.1613545297755868	0.5279544420694	1
982	Iter0983	24	7	6	1	18	2	0.5714285714285714	1.0	0.36673624471	1
983	Iter0984	36	6	4	0	23	0	1.0571428571428572	1.0	0.50580222956056	1
984	Iter0985	33	5	8	4	26	0	3.3	0.19090709923794724	0.5191687102236	1
985	Iter0986	32	8	4	3	25	1	3.0	0.32963480485652985	0.68078508533	1
986	Iter0987	30	6	11	3	23	1	1.3636363636363638	0.696803439659973	0.5159483721000001	1
987	Iter0988	21	5	9	2	16	2	0.9333333333333332	1.0	0.27857352180000006	1
988	Iter0989	28	2	8	2	23	1	3.5	0.2558813874603338	0.5159835899732016	1
989	Iter0990	27	8	10	5	18	4	1.6875	0.493018246183656	0.4523698663000001	1
990	Iter0991	28	8	10	6	24	4	2.1	0.31582141491014065	0.5417389129000001	1
991	Iter0992	37	4	4	3	26	0	6.9375	0.053444351437704284	0.5917403909499999	1
992	Iter0993	35	6	8	6	29	2	4.375	0.05538610832420415	0.655121721368	1
993	Iter0994	24	7	4	4	22	2	3.4285714285714284	0.18793406409505764	0.5406864499999999	1
994	Iter0995	28	8	9	2	21	4	0.7777777777777778	1.0	0.6374983908	1
995	Iter0996	25	3	7	6	18	1	7.142857142857142	0.01800237147212921	0.31004128791680996	1
996	Iter0997	26	8	6	1	21	1	0.5416666666666666	1.0	0.4621728010379001	1
997	Iter0998	39	3	13	5	27	4	5.0	0.04522929226741245	0.68694194047387	1
998	Iter0999	31	6	10	1	22	1	0.5166666666666667	1.0	0.5754374055009001	1
999	Iter1000	28	4	8	4	23	1	3.5	0.18467797692802887	0.557932912	1
