	IterId	dN	dS	pN	pS	bdN	bpN	MkScore	FSPVal	SelCoef	PosSel
0	Iter0001	7	1	3	3	4	0	7.0	0.2447552447552448	0.30462282809169994	1
1	Iter0002	11	4	4	0	9	1	0.48	0.5304437564499502	0.4317005019252099	1
2	Iter0003	8	0	12	1	4	1	1.3846153846153846	1.0	0.44821053699999985	1
3	Iter0004	14	0	5	3	8	2	10.0	0.036363636363636265	0.33954351912266995	1
4	Iter0005	3	1	13	3	2	0	0.6923076923076924	1.0	0.48210741700000004	1
5	Iter0006	9	4	9	3	7	1	0.75	1.0	0.6337253793400002	1
6	Iter0007	10	0	9	1	7	2	2.2	1.0	0.527932709257	1
7	Iter0008	9	2	10	0	6	1	0.30303030303030304	0.4761904761904784	0.3182756906	1
8	Iter0009	6	2	8	5	5	0	1.875	0.6556587547299652	0.576253297274	1
9	Iter0010	4	0	6	0	3	2	0.7142857142857143	1.0	0.3225165747999999	1
10	Iter0011	12	4	6	2	11	1	1.0	1.0	0.5306643418	1
11	Iter0012	9	2	5	5	8	1	4.5	0.1826625386996916	0.485707978	1
12	Iter0013	5	0	10	2	2	0	1.6363636363636365	1.0	0.303375992633	1
13	Iter0014	5	0	3	2	4	1	4.5	0.4444444444444442	0.50899776323	1
14	Iter0015	0	0	7	1	0	2	0.25	1.0	0.4120380527	1
15	Iter0016	7	1	6	1	5	0	1.1666666666666667	1.0	0.4983954313	1
16	Iter0017	9	0	7	3	9	1	5.0	0.21052631578947414	0.53682985	1
17	Iter0018	2	1	7	2	2	2	0.5714285714285714	1.0	0.2503276141	1
18	Iter0019	10	1	6	2	5	0	3.333333333333333	0.5459236326109406	0.47508848269999987	1
19	Iter0020	3	1	7	4	3	3	1.7142857142857142	1.0	0.4963553821000001	1
20	Iter0021	13	0	7	6	10	0	12.25	0.014906832298136618	0.41273124605333	1
21	Iter0022	10	1	7	2	9	2	2.8571428571428568	0.5657894736842117	0.6503325900000001	1
22	Iter0023	11	1	8	8	4	2	11.0	0.03895524765089979	0.336689180379	1
23	Iter0024	8	0	8	2	7	0	3.0	0.4771241830065367	0.3956351899999999	1
24	Iter0025	5	1	8	2	3	1	1.25	1.0	0.311850181438	1
25	Iter0026	9	1	10	0	8	1	0.4545454545454545	1.0	0.41048511739790006	1
26	Iter0027	12	3	7	2	8	2	1.1428571428571428	1.0	0.40491993582	1
27	Iter0028	11	1	4	3	9	1	8.25	0.11738906088751296	0.27774739986	1
28	Iter0029	16	3	2	2	11	0	5.333333333333333	0.19367588932806248	0.5442196465946971	1
29	Iter0030	5	2	10	5	5	0	1.25	1.0	0.39935056600000013	1
30	Iter0031	0	0	6	3	0	2	0.5714285714285714	1.0	0.45647132004899993	1
31	Iter0032	3	1	11	4	3	0	1.0909090909090908	1.0	0.30468581982400006	1
32	Iter0033	7	0	3	2	6	0	6.0	0.15151515151515174	0.5266194142485301	1
33	Iter0034	11	1	9	0	9	4	0.6	1.0	0.5693352204691001	1
34	Iter0035	7	1	10	3	5	3	2.1	1.0	0.5090303989998219	1
35	Iter0036	0	0	5	2	0	1	0.5	1.0	0.39814280510920164	1
36	Iter0037	10	1	5	1	9	1	2.0	1.0	0.4376084443452279	1
37	Iter0038	8	0	4	5	8	0	10.8	0.029411764705882214	0.7031966599999999	1
38	Iter0039	8	4	6	7	8	1	2.333333333333333	0.4283079822317952	0.3307446154550001	1
39	Iter0040	7	2	4	2	5	0	1.75	1.0	0.33889668214999996	1
40	Iter0041	5	4	9	5	4	0	0.6944444444444444	1.0	0.40941321592	1
41	Iter0042	6	0	8	2	5	0	2.333333333333333	0.49999999999999895	0.6078781332000002	1
42	Iter0043	9	4	10	3	7	3	0.6749999999999999	1.0	0.2995451480211	1
43	Iter0044	13	0	7	5	9	2	10.5	0.014906832298136703	0.35069801860600996	1
44	Iter0045	12	0	9	3	11	2	5.2	0.2173913043478263	0.592404977976394	1
45	Iter0046	9	1	5	2	7	0	3.6	0.5367647058823528	0.38857299573630005	1
46	Iter0047	7	1	12	5	6	1	2.916666666666667	0.6237154150197666	0.5526489	1
47	Iter0048	10	1	5	5	7	1	10.0	0.0634674922600622	0.5448162750349905	1
48	Iter0049	12	0	3	1	8	0	6.5	0.24999999999999994	0.3361684236010502	1
49	Iter0050	13	5	12	1	12	6	0.21666666666666667	0.35886434662852795	0.47388682043999997	1
50	Iter0051	8	1	11	4	7	5	2.9090909090909087	0.6146245059288545	0.408778988	1
51	Iter0052	3	0	8	4	1	1	2.2222222222222223	0.5164835164835145	0.250754746	1
52	Iter0053	5	0	8	1	5	2	1.3333333333333333	1.0	0.4752914204879999	1
53	Iter0054	13	1	7	1	11	0	1.8571428571428568	1.0	0.5683295569996814	1
54	Iter0055	7	0	7	3	5	3	4.0	0.2279411764705878	0.3796683623000001	1
55	Iter0056	7	2	7	3	7	2	1.5	1.0	0.39305301570000006	1
56	Iter0057	12	1	7	2	12	1	3.4285714285714284	0.5441558441558411	0.433696647	1
57	Iter0058	0	0	8	1	0	2	0.2222222222222222	1.0	0.4213847167	1
58	Iter0059	12	2	9	1	8	1	0.6666666666666666	1.0	0.46099460985388496	1
59	Iter0060	12	0	5	4	9	2	10.833333333333336	0.02105263157894746	0.6080990083009542	1
60	Iter0061	16	0	9	1	13	0	3.4	0.38461538461538586	0.6099382384600001	1
61	Iter0062	2	3	5	3	1	0	0.4	0.5920745920745939	0.46492062970000003	1
62	Iter0063	6	2	7	1	3	0	0.42857142857142855	1.0	0.22550813373295003	1
63	Iter0064	2	0	3	2	2	1	2.25	1.0	0.6858046326270001	1
64	Iter0065	7	4	9	1	6	2	0.19444444444444445	0.3107769423558906	0.3740476146270001	1
65	Iter0066	17	1	7	2	11	0	4.857142857142857	0.2502564102564109	0.36317136352999996	1
66	Iter0067	7	0	10	0	5	0	0.7272727272727273	1.0	0.31515739086329003	1
67	Iter0068	9	2	7	5	5	2	3.2142857142857144	0.37070938215102905	0.48900280451999995	1
68	Iter0069	8	0	4	2	7	0	5.4	0.16483516483516408	0.20800142454899997	1
69	Iter0070	7	2	12	1	4	3	0.2916666666666667	0.5441558441558411	0.20805410463	1
70	Iter0071	11	1	4	1	10	1	2.75	0.5147058823529393	0.4517476222541899	1
71	Iter0072	10	2	13	3	8	5	1.153846153846154	1.0	0.437245933623	1
72	Iter0073	17	1	17	7	12	1	7.000000000000001	0.10926476985527124	0.44340576056457565	1
73	Iter0074	7	1	2	0	6	0	1.3333333333333333	1.0	0.30605684432300007	1
74	Iter0075	12	1	13	5	10	2	4.615384615384615	0.35886434662852795	0.49543419663999994	1
75	Iter0076	14	0	7	1	11	1	3.75	0.3636363636363617	0.4456228498729999	1
76	Iter0077	7	2	4	0	7	0	0.5333333333333333	1.0	0.41707011800000005	1
77	Iter0078	5	0	6	2	4	0	2.5714285714285707	0.4871794871794886	0.5246494825	1
78	Iter0079	9	3	11	1	6	1	0.2727272727272727	0.5900621118012419	0.25844548200000006	1
79	Iter0080	7	0	3	2	6	1	6.0	0.15151515151515174	0.4329727968	1
80	Iter0081	11	1	9	5	9	2	6.111111111111112	0.16956521739130442	0.317545731	1
81	Iter0082	2	1	6	3	2	1	1.0	1.0	0.54917626865	1
82	Iter0083	13	1	10	3	9	1	3.9	0.3259259259259303	0.5706723146112002	1
83	Iter0084	10	3	8	0	7	1	0.3055555555555556	0.2571428571428561	0.32539704998833296	1
84	Iter0085	8	2	8	2	6	3	1.0	1.0	0.40389218169999996	1
85	Iter0086	0	0	10	2	0	1	0.2727272727272728	1.0	0.42152126409999996	1
86	Iter0087	0	0	12	2	0	5	0.2307692307692308	1.0	0.3537153327999999	1
87	Iter0088	5	1	10	2	3	0	1.0	1.0	0.569000508138511	1
88	Iter0089	10	0	11	1	7	3	1.8333333333333333	1.0	0.36458280437090007	1
89	Iter0090	7	0	9	3	7	2	3.2	0.26315789473684303	0.502956825	1
90	Iter0091	4	1	4	3	4	0	3.0	0.5757575757575769	0.40099317050000005	1
91	Iter0092	7	4	10	3	5	4	0.525	0.6591342486651426	0.3430828678413	1
92	Iter0093	8	1	11	1	5	2	0.7272727272727273	1.0	0.40067947971600004	1
93	Iter0094	3	0	10	3	2	2	1.4545454545454546	1.0	0.62467961825	1
94	Iter0095	0	0	5	1	0	0	0.3333333333333333	1.0	0.608989669805	1
95	Iter0096	15	0	4	2	13	1	9.6	0.07142857142857166	0.49501032872	1
96	Iter0097	7	0	11	3	3	0	2.6666666666666665	0.5210526315789472	0.4466125794999999	1
97	Iter0098	8	2	8	2	7	1	1.0	1.0	0.48302904063800006	1
98	Iter0099	8	1	15	5	7	5	2.6666666666666665	0.6328154604016722	0.64438712892968	1
99	Iter0100	10	0	3	3	9	0	11.0	0.03571428571428551	0.4675470577517	1
100	Iter0101	6	3	8	0	5	2	0.19444444444444445	0.2058823529411764	0.379066114223	1
101	Iter0102	8	3	10	0	6	1	0.20454545454545456	0.21428571428571425	0.43127420844400005	1
102	Iter0103	9	3	6	1	7	2	0.5	1.0	0.44604891443000005	1
103	Iter0104	8	1	7	4	5	0	4.571428571428571	0.31888544891640913	0.6099687529000001	1
104	Iter0105	18	6	6	2	13	3	1.0	1.0	0.6290820625442148	1
105	Iter0106	4	1	17	3	4	7	0.7058823529411764	1.0	0.44465833999998944	1
106	Iter0107	8	1	4	2	5	0	4.0	0.5252747252747227	0.37174666544499996	1
107	Iter0108	5	0	8	4	2	0	3.333333333333333	0.2605042016806711	0.24456971279	1
108	Iter0109	9	2	5	1	6	2	0.9	1.0	0.401634523	1
109	Iter0110	15	1	17	1	11	3	0.8823529411764706	1.0	0.4599817908	1
110	Iter0111	13	1	3	1	12	0	4.333333333333333	0.4052287581699357	0.44298240235650005	1
111	Iter0112	7	1	7	1	6	0	1.0	1.0	0.33119438430720005	1
112	Iter0113	8	0	8	1	7	3	2.0	1.0	0.34043792050599997	1
113	Iter0114	3	0	8	1	2	3	0.8888888888888888	1.0	0.44182395	1
114	Iter0115	19	5	12	3	15	1	0.95	1.0	0.42730852436	1
115	Iter0116	6	5	8	1	3	4	0.15	0.1571207430340557	0.3054916756	1
116	Iter0117	5	3	13	1	5	4	0.12820512820512822	0.1167464114832539	0.44639480681200006	1
117	Iter0118	9	2	5	1	6	1	0.9	1.0	0.5150607568189999	1
118	Iter0119	8	3	5	2	7	0	1.0666666666666669	1.0	0.51522160481635	1
119	Iter0120	12	1	8	2	9	1	3.0	0.5595708639186864	0.48036568421802	1
120	Iter0121	6	3	9	5	6	0	1.1111111111111112	1.0	0.5791233296229998	1
121	Iter0122	8	1	5	0	7	1	0.75	1.0	0.42403678699999997	1
122	Iter0123	4	2	12	4	3	2	0.6666666666666666	1.0	0.46843055654967003	1
123	Iter0124	11	0	9	3	7	2	4.8	0.21739130434782564	0.5222108673870001	1
124	Iter0125	6	5	6	1	5	3	0.2	0.3156108597285074	0.6964506537699999	1
125	Iter0126	11	2	13	2	6	1	0.8461538461538461	1.0	0.3860207046	1
126	Iter0127	7	0	7	2	5	2	3.0	0.4749999999999991	0.43458025836	1
127	Iter0128	9	3	5	0	9	2	0.4166666666666667	0.5147058823529412	0.47188478999999994	1
128	Iter0129	1	0	3	4	0	1	2.5	1.0	0.46173434878038994	1
129	Iter0130	0	1	5	5	0	3	0.5	1.0	0.20730140700000002	1
130	Iter0131	17	0	3	3	14	0	18.0	0.011293054771315592	0.5903566385715399	1
131	Iter0132	3	1	10	2	2	2	0.6	1.0	0.613437535470471	1
132	Iter0133	9	3	6	2	5	0	1.0	1.0	0.40919894509999993	1
133	Iter0134	6	0	8	0	6	1	0.7777777777777778	1.0	0.5371503151000001	1
134	Iter0135	9	4	12	0	6	4	0.15384615384615385	0.0956521739130438	0.29791702696000005	1
135	Iter0136	7	2	7	5	6	1	2.5	0.6424148606811163	0.552648620034	1
136	Iter0137	4	3	8	2	4	0	0.3333333333333333	0.5927601809954732	0.452144198	1
137	Iter0138	7	0	2	2	6	1	8.0	0.10909090909090892	0.36581640908756996	1
138	Iter0139	17	1	5	0	15	1	1.5	1.0	0.6651071002000001	1
139	Iter0140	6	2	4	4	5	1	3.0	0.6083916083916072	0.5413321654395	1
140	Iter0141	13	3	11	5	13	2	1.9696969696969693	0.6850821900877588	0.7431693547200001	1
141	Iter0142	11	1	3	2	8	2	7.333333333333332	0.19117647058823506	0.4791668941899843	1
142	Iter0143	9	1	4	4	6	0	9.0	0.11764705882352955	0.38850678439499997	1
143	Iter0144	7	2	5	1	5	0	0.7	1.0	0.41019662349999997	1
144	Iter0145	11	2	11	1	8	1	0.5	1.0	0.4079595162392	1
145	Iter0146	3	0	2	1	2	1	2.6666666666666665	1.0	0.39581339625	1
146	Iter0147	0	0	6	4	0	0	0.7142857142857143	1.0	0.5200575179000001	1
147	Iter0148	7	0	12	2	5	2	1.8461538461538465	0.5333333333333385	0.47574136803999995	1
148	Iter0149	2	1	5	2	2	0	0.8	1.0	0.34916118687400005	1
149	Iter0150	11	2	8	1	10	4	0.6875	1.0	0.4997531404	1
150	Iter0151	7	1	7	2	5	3	2.0	1.0	0.46564134356199993	1
151	Iter0152	2	1	13	6	2	6	0.9230769230769232	1.0	0.4546961599999993	1
152	Iter0153	12	0	12	7	8	8	8.0	0.02613958529420172	0.3259571438086091	1
153	Iter0154	11	4	2	3	9	0	4.125	0.2897961816305465	0.40861725992759995	1
154	Iter0155	8	2	3	0	6	0	0.75	1.0	0.5273432354099999	1
155	Iter0156	0	0	13	1	0	1	0.14285714285714285	1.0	0.5043296932018799	1
156	Iter0157	14	2	8	5	12	5	4.375	0.1916708312510433	0.45814797739429985	1
157	Iter0158	10	1	6	5	10	1	8.333333333333334	0.14860681114551125	0.5283142544823999	1
158	Iter0159	9	2	13	3	7	2	1.0384615384615383	1.0	0.5803005489109999	1
159	Iter0160	7	2	6	3	3	1	1.75	1.0	0.5307487353	1
160	Iter0161	7	3	7	1	5	0	0.33333333333333337	0.5882352941176492	0.46821205040999997	1
161	Iter0162	10	1	6	2	7	0	3.333333333333333	0.5459236326109406	0.46752462860000005	1
162	Iter0163	2	0	5	2	2	2	1.5	1.0	0.471378197563	1
163	Iter0164	4	2	7	5	4	1	1.4285714285714286	1.0	0.445155614	1
164	Iter0165	10	1	2	3	9	0	15.0	0.06318681318681288	0.43539139530000004	1
165	Iter0166	13	2	5	3	9	0	3.9	0.296858747659662	0.3744128655173331	1
166	Iter0167	3	0	6	2	3	1	1.7142857142857142	1.0	0.4059875930000001	1
167	Iter0168	10	1	12	3	9	2	2.5	0.6137123745819434	0.711055257	1
168	Iter0169	8	2	9	4	8	2	1.7777777777777777	0.6600196142530221	0.52837655876	1
169	Iter0170	12	2	5	3	9	1	3.6	0.3088782562466774	0.44399214763	1
170	Iter0171	11	1	9	2	8	3	2.4444444444444446	0.59006211180124	0.6838445544799999	1
171	Iter0172	5	0	6	1	4	1	1.7142857142857142	1.0	0.7110592881623802	1
172	Iter0173	7	4	15	4	6	4	0.4666666666666667	0.4172349722574635	0.49692106310000006	1
173	Iter0174	5	0	13	1	4	4	0.8571428571428571	1.0	0.3502060418	1
174	Iter0175	10	2	6	2	8	1	1.6666666666666667	1.0	0.5023033893576	1
175	Iter0176	7	2	6	3	6	0	1.75	1.0	0.48054291856796	1
176	Iter0177	11	2	6	2	10	1	1.8333333333333333	0.6177109440267357	0.52882951766	1
177	Iter0178	4	4	6	3	4	0	0.5	0.6371863430686968	0.2443856339971	1
178	Iter0179	6	1	6	4	6	1	4.0	0.3382352941176455	0.34296759779999997	1
179	Iter0180	8	2	4	0	5	1	0.6	1.0	0.500721039331	1
180	Iter0181	9	2	4	2	8	2	2.25	0.5840336134453777	0.5203331761665001	1
181	Iter0182	14	4	17	5	9	6	1.0294117647058825	1.0	0.2959743655359988	1
182	Iter0183	6	1	9	4	4	3	2.6666666666666665	0.6126160990712084	0.501541640998413	1
183	Iter0184	0	0	14	2	0	8	0.2	1.0	0.564111450150172	1
184	Iter0185	3	1	7	2	3	0	0.8571428571428571	1.0	0.559361559	1
185	Iter0186	6	2	9	1	6	0	0.3333333333333333	0.5588235294117672	0.43076495000000004	1
186	Iter0187	10	0	3	4	10	1	13.75	0.014705882352941131	0.4408122400000001	1
187	Iter0188	0	0	13	1	0	1	0.14285714285714285	1.0	0.6402038433999707	1
188	Iter0189	10	2	8	2	5	3	1.25	1.0	0.5126554788899788	1
189	Iter0190	6	1	6	7	5	0	7.0	0.15768833849329114	0.42393932466097	1
190	Iter0191	11	1	4	4	8	1	11.0	0.10887512899896834	0.33507190219999994	1
191	Iter0192	10	1	8	3	8	2	3.75	0.586466165413535	0.48896563817699984	1
192	Iter0193	13	1	6	1	10	1	2.1666666666666665	1.0	0.4135670665412797	1
193	Iter0194	8	1	8	1	6	4	1.0	1.0	0.279609677	1
194	Iter0195	10	1	6	2	8	0	3.333333333333333	0.5459236326109406	0.4449070066	1
195	Iter0196	6	2	13	4	4	4	0.9230769230769232	1.0	0.3386079289	1
196	Iter0197	7	2	9	1	4	1	0.3888888888888889	0.5820433436532506	0.5485555196170201	1
197	Iter0198	14	2	4	2	13	0	3.5	0.2918660287081352	0.6139780253000001	1
198	Iter0199	4	1	9	0	2	1	0.25	0.35714285714285554	0.434097541	1
199	Iter0200	10	2	7	2	8	4	1.4285714285714286	1.0	0.31186614273400004	1
200	Iter0201	11	1	7	0	9	0	0.75	1.0	0.596194935367	1
201	Iter0202	7	2	6	1	5	1	0.5833333333333334	1.0	0.38503649436780013	1
202	Iter0203	9	0	4	3	8	0	8.0	0.062499999999999764	0.36246389199999995	1
203	Iter0204	3	1	8	2	1	2	0.75	1.0	0.40047842070000006	1
204	Iter0205	10	2	8	2	7	3	1.25	1.0	0.5657191879677884	1
205	Iter0206	6	0	6	1	3	2	2.0	1.0	0.48096543840000006	1
206	Iter0207	5	1	6	3	4	0	2.5	0.6043956043956027	0.439960535278	1
207	Iter0208	4	2	7	3	3	0	0.8571428571428571	1.0	0.5777372399	1
208	Iter0209	14	2	8	4	12	0	3.5	0.35414344109996176	0.5372705653899998	1
209	Iter0210	9	1	8	4	6	1	4.5	0.32330827067669016	0.6417265757799999	1
210	Iter0211	1	1	6	1	1	0	0.16666666666666666	0.4166666666666671	0.49504348621125777	1
211	Iter0212	6	2	8	3	5	2	1.125	1.0	0.5605509800000001	1
212	Iter0213	2	0	12	2	2	4	0.6923076923076924	1.0	0.3613946411507	1
213	Iter0214	13	1	3	2	12	1	8.666666666666666	0.15479876160990752	0.543607132	1
214	Iter0215	3	0	7	5	3	1	3.0	0.5054945054945044	0.5135607247970002	1
215	Iter0216	8	1	7	5	6	2	5.7142857142857135	0.17779743476337898	0.5676393638518	1
216	Iter0217	6	2	7	3	5	1	1.2857142857142856	1.0	0.4457160094628999	1
217	Iter0218	14	2	7	2	10	3	2.0	0.6015810276679863	0.7281911561135368	1
218	Iter0219	5	0	6	0	3	1	0.8571428571428571	1.0	0.43829185500000006	1
219	Iter0220	12	1	10	1	10	2	1.2	1.0	0.5880295724387999	1
220	Iter0221	5	0	7	1	4	3	1.5	1.0	0.5168952477641322	1
221	Iter0222	13	2	9	3	13	1	2.1666666666666665	0.6280193236715058	0.4381076848	1
222	Iter0223	10	5	6	3	6	1	1.0	1.0	0.5659448553999196	1
223	Iter0224	14	0	5	4	11	2	12.5	0.014229249011857703	0.43196047998750003	1
224	Iter0225	0	0	13	4	0	1	0.35714285714285715	1.0	0.4173877466833	1
225	Iter0226	3	1	10	2	2	2	0.6	1.0	0.3244179596518	1
226	Iter0227	13	1	6	1	12	1	2.1666666666666665	1.0	0.425497375	1
227	Iter0228	9	1	5	3	7	1	5.4	0.27450980392156965	0.6686449890242	1
228	Iter0229	2	1	10	3	2	4	0.6	1.0	0.37284584000000004	1
229	Iter0230	7	1	8	3	3	0	2.625	0.6026831785345736	0.486889511721	1
230	Iter0231	8	0	11	2	5	2	2.25	0.5047619047619066	0.43809057991100003	1
231	Iter0232	8	0	13	2	5	1	1.9285714285714284	0.5256916996047437	0.3298202169710901	1
232	Iter0233	0	0	3	4	0	0	1.25	1.0	0.3764180432	1
233	Iter0234	10	2	4	2	8	0	2.5	0.5686274509803942	0.7208206654839091	1
234	Iter0235	7	3	4	5	7	0	2.9166666666666665	0.36984996427720973	0.46849673815044	1
235	Iter0236	6	1	10	3	5	1	1.7999999999999998	1.0	0.50387435077	1
236	Iter0237	4	1	8	3	4	1	1.5	1.0	0.47512443168300006	1
237	Iter0238	0	0	4	6	0	1	1.4	1.0	0.35358254013409995	1
238	Iter0239	5	2	4	2	4	0	1.25	1.0	0.4094218741000001	1
239	Iter0240	9	1	10	1	8	2	0.9	1.0	0.349848896231968	1
240	Iter0241	0	0	6	1	0	2	0.2857142857142857	1.0	0.3230265258357999	1
241	Iter0242	10	0	11	0	8	1	0.9166666666666666	1.0	0.41084454082999994	1
242	Iter0243	8	1	10	3	6	1	2.4	0.6161312371838676	0.5706737445232101	1
243	Iter0244	2	0	13	3	2	0	0.8571428571428571	1.0	0.36623922588130003	1
244	Iter0245	12	2	6	2	11	0	2.0	0.6019138755980888	0.6619901525999998	1
245	Iter0246	15	2	10	0	13	2	0.4848484848484848	0.5156695156695197	0.7761407891715779	1
246	Iter0247	6	2	3	3	5	0	3.0	0.5804195804195795	0.502775175969	1
247	Iter0248	9	1	8	1	7	3	1.125	1.0	0.4588710900999997	1
248	Iter0249	11	1	11	0	10	2	0.5	1.0	0.5476357800000001	1
249	Iter0250	10	1	5	2	9	0	4.0	0.5281862745098062	0.42469899188500004	1
250	Iter0251	5	1	6	2	4	0	1.6666666666666667	1.0	0.4160593480638	1
251	Iter0252	14	3	8	8	9	0	4.666666666666667	0.07072915155325504	0.533401018426	1
252	Iter0253	11	2	7	2	10	0	1.5714285714285714	1.0	0.39601333850000003	1
253	Iter0254	5	1	2	2	4	0	5.0	0.5000000000000001	0.48344103000000005	1
254	Iter0255	4	0	3	5	3	0	7.5	0.08080808080808091	0.3443242060979999	1
255	Iter0256	7	0	10	3	6	1	2.9090909090909087	0.5210526315789468	0.5447614618144999	1
256	Iter0257	5	1	7	2	4	1	1.4285714285714286	1.0	0.3938347548999999	1
257	Iter0258	11	1	4	2	9	2	5.5	0.24509803921568654	0.6598840079139999	1
258	Iter0259	3	3	10	1	2	0	0.1	0.09873949579831903	0.477312387079	1
259	Iter0260	13	0	8	1	9	1	3.111111111111111	0.4090909090909056	0.4617883473686999	1
260	Iter0261	5	2	12	5	5	0	1.0416666666666667	1.0	0.5533470627000001	1
261	Iter0262	11	2	8	2	10	1	1.375	1.0	0.4781145730400001	1
262	Iter0263	8	2	8	4	5	0	2.0	0.6461742591773526	0.390249389962	1
263	Iter0264	9	1	13	4	8	5	2.769230769230769	0.6209587513935434	0.5599104823400001	1
264	Iter0265	0	0	8	7	0	0	0.8888888888888888	1.0	0.4638554100000001	1
265	Iter0266	8	3	10	5	6	1	1.3333333333333333	1.0	0.29729456465299997	1
266	Iter0267	10	1	3	4	8	0	13.333333333333336	0.04738562091503256	0.34226473663000007	1
267	Iter0268	6	3	5	0	5	1	0.2916666666666667	0.25824175824175777	0.5093368450000001	1
268	Iter0269	6	0	7	0	5	3	0.875	1.0	0.6687239623799607	1
269	Iter0270	16	3	8	2	9	1	1.3333333333333333	1.0	0.500709371381997	1
270	Iter0271	7	4	4	0	7	3	0.32	0.5164835164835158	0.5195050965463001	1
271	Iter0272	0	0	13	3	0	5	0.2857142857142857	1.0	0.34432877880000007	1
272	Iter0273	5	1	5	2	5	0	2.0	1.0	0.41252767463600004	1
273	Iter0274	2	0	7	2	2	2	1.125	1.0	0.4638944933964822	1
274	Iter0275	5	4	9	2	4	3	0.2777777777777778	0.3359133126934992	0.3984758292	1
275	Iter0276	11	1	7	5	10	2	7.857142857142858	0.15495259888852492	0.5206296533227001	1
276	Iter0277	0	0	7	0	0	1	0.125	1.0	0.4047795708170459	1
277	Iter0278	0	0	5	3	0	1	0.6666666666666666	1.0	0.4743075499779999	1
278	Iter0279	2	1	4	2	2	0	1.0	1.0	0.35504517	1
279	Iter0280	5	1	7	3	2	1	2.142857142857143	1.0	0.5579009378517	1
280	Iter0281	4	1	6	3	3	0	2.0	1.0	0.49201785622800004	1
281	Iter0282	9	2	7	0	8	1	0.4166666666666667	0.496732026143794	0.44658130041893007	1
282	Iter0283	0	0	7	4	0	0	0.625	1.0	0.41384654582043984	1
283	Iter0284	2	0	3	3	2	0	3.0	0.4642857142857143	0.5912080820199999	1
284	Iter0285	9	4	12	2	6	2	0.375	0.3845410628019367	0.629722814933	1
285	Iter0286	5	1	10	1	4	3	0.5	1.0	0.38939258000000015	1
286	Iter0287	0	0	14	0	0	3	0.06666666666666668	1.0	0.3764256785397	1
287	Iter0288	7	0	14	3	6	1	2.1333333333333333	0.5296442687747014	0.34142892144	1
288	Iter0289	13	1	6	4	12	0	8.666666666666666	0.12220026350461165	0.7095539232753567	1
289	Iter0290	6	1	6	1	4	2	1.0	1.0	0.7262730199999999	1
290	Iter0291	2	1	8	3	2	2	0.75	1.0	0.38606182181800003	1
291	Iter0292	5	2	7	2	4	4	0.7142857142857143	1.0	0.48107550399969184	1
292	Iter0293	10	2	8	1	4	4	0.625	1.0	0.35104426257	1
293	Iter0294	7	2	6	1	5	0	0.5833333333333334	1.0	0.6259002678000002	1
294	Iter0295	11	0	8	6	11	1	9.333333333333332	0.019565217391304374	0.446624697299	1
295	Iter0296	15	2	5	1	8	0	1.5	1.0	0.4614079128022956	1
296	Iter0297	5	2	3	1	5	0	0.8333333333333334	1.0	0.539920013685	1
297	Iter0298	5	0	7	0	4	1	0.75	1.0	0.4687780363236	1
298	Iter0299	14	0	4	4	11	2	15.0	0.009569377990430606	0.48765932979645005	1
299	Iter0300	9	1	4	2	6	1	4.5	0.5178571428571411	0.44717056818780004	1
300	Iter0301	11	2	3	2	10	0	3.6666666666666665	0.5326797385620919	0.5505681972504297	1
301	Iter0302	4	1	6	1	3	2	0.6666666666666666	1.0	0.4522114890200001	1
302	Iter0303	3	0	5	6	1	0	4.666666666666667	0.2087912087912085	0.320053958793	1
303	Iter0304	6	0	2	6	4	0	16.333333333333336	0.009657009657009668	0.3780769	1
304	Iter0305	11	1	5	3	9	1	6.6	0.2553147574819419	0.578245405	1
305	Iter0306	8	0	16	5	7	4	3.1764705882352944	0.2832301797819059	0.30363618329637665	1
306	Iter0307	7	0	8	2	3	2	2.6666666666666665	0.4852941176470576	0.46754812640000004	1
307	Iter0308	8	0	9	3	7	6	3.6	0.2421052631578953	0.6131988914730001	1
308	Iter0309	8	1	11	3	7	2	2.1818181818181817	1.0	0.47396240399999995	1
309	Iter0310	11	2	7	2	10	0	1.5714285714285714	1.0	0.31290737360000004	1
310	Iter0311	7	2	14	3	6	1	0.75	1.0	0.35292476228941	1
311	Iter0312	9	2	5	2	5	2	1.8	1.0	0.39315737999999995	1
312	Iter0313	12	4	10	1	9	2	0.3	0.6184813576118002	0.4203644740000001	1
313	Iter0314	17	1	10	4	16	5	6.8	0.14196329254727505	0.7131700629999999	1
314	Iter0315	10	3	6	3	7	1	1.6666666666666667	0.6550199026979191	0.6068836471583599	1
315	Iter0316	4	2	3	1	4	1	0.6666666666666666	1.0	0.5088957331	1
316	Iter0317	7	2	2	1	5	1	1.75	1.0	0.28660673933840003	1
317	Iter0318	1	0	9	0	0	1	0.2	1.0	0.17794450200000003	1
318	Iter0319	9	2	13	4	8	5	1.3846153846153846	1.0	0.49839156300000004	1
319	Iter0320	7	1	5	1	5	2	1.4	1.0	0.31490343894100004	1
320	Iter0321	12	2	5	1	10	2	1.2	1.0	0.6619133211999999	1
321	Iter0322	12	2	8	3	9	1	2.25	0.6231884057971045	0.47140926529999994	1
322	Iter0323	0	0	6	3	0	0	0.5714285714285714	1.0	0.2880902803	1
323	Iter0324	7	2	9	1	4	2	0.3888888888888889	0.5820433436532506	0.33655914970300005	1
324	Iter0325	9	3	5	1	8	2	0.6	1.0	0.47819575783209	1
325	Iter0326	6	2	13	1	5	1	0.2307692307692308	0.5272727272727292	0.5363007463199999	1
326	Iter0327	8	0	8	2	6	4	3.0	0.4771241830065367	0.5034475890783001	1
327	Iter0328	7	5	11	3	6	2	0.3818181818181817	0.40091533180778016	0.35204153938	1
328	Iter0329	14	3	7	9	12	2	6.0	0.0323612387354705	0.55791727	1
329	Iter0330	1	1	9	6	0	1	0.6666666666666666	1.0	0.48793988793000004	1
330	Iter0331	6	1	5	5	5	1	6.0	0.30429864253393674	0.4547725506000001	1
331	Iter0332	0	0	10	5	0	0	0.5454545454545455	1.0	0.523279814128	1
332	Iter0333	12	2	8	0	8	1	0.4814814814814815	0.5151515151515148	0.41085604259509506	1
333	Iter0334	1	0	8	4	1	1	1.1111111111111112	1.0	0.40768632235	1
334	Iter0335	6	2	9	4	5	2	1.3333333333333333	1.0	0.6602341299999999	1
335	Iter0336	8	1	6	3	8	1	4.0	0.5764705882352948	0.64860273	1
336	Iter0337	8	2	3	1	8	0	1.3333333333333333	1.0	0.5832004598	1
337	Iter0338	4	0	7	1	3	1	1.25	1.0	0.39134240548244986	1
338	Iter0339	9	1	8	2	9	3	2.25	1.0	0.494151514691	1
339	Iter0340	7	2	7	2	6	3	1.0	1.0	0.38008265930000007	1
340	Iter0341	8	0	5	4	6	0	7.5	0.08235294117647017	0.4433968567804	1
341	Iter0342	5	0	8	1	4	0	1.3333333333333333	1.0	0.4940557376979999	1
342	Iter0343	6	1	3	3	5	1	6.0	0.26573426573426634	0.42198661875	1
343	Iter0344	11	5	10	2	9	1	0.4400000000000001	0.6618357487922684	0.5903186442444002	1
344	Iter0345	13	1	6	6	10	1	13.0	0.02608695652173923	0.624457674721	1
345	Iter0346	6	2	12	4	3	2	1.0	1.0	0.46663961270949994	1
346	Iter0347	3	1	7	4	3	3	1.7142857142857142	1.0	0.62615331487	1
347	Iter0348	6	5	10	2	5	1	0.24	0.1930273253466139	0.28989794461	1
348	Iter0349	9	2	5	0	7	1	0.5555555555555556	1.0	0.6332199700000001	1
349	Iter0350	11	4	5	4	7	0	2.2	0.4120339211199391	0.578498724921	1
350	Iter0351	5	2	9	1	3	0	0.2777777777777778	0.5367647058823537	0.523947442984	1
351	Iter0352	10	1	1	1	7	0	10.0	0.2948717948717952	0.35606738356057	1
352	Iter0353	4	0	8	2	3	1	1.6666666666666667	1.0	0.43779365600000003	1
353	Iter0354	11	2	10	3	11	3	1.65	1.0	0.6212181699999999	1
354	Iter0355	9	1	7	3	8	1	3.8571428571428568	0.582043343653256	0.48533768854039994	1
355	Iter0356	3	3	13	3	3	5	0.2307692307692308	0.2828595553053769	0.4762589097	1
356	Iter0357	9	1	4	3	7	2	6.75	0.2499999999999994	0.38258501265000006	1
357	Iter0358	5	1	3	2	4	0	3.333333333333333	0.5454545454545453	0.4572645555997009	1
358	Iter0359	3	2	7	4	1	3	0.8571428571428571	1.0	0.4932465238631	1
359	Iter0360	15	3	3	5	11	0	8.333333333333334	0.06009377350338445	0.4806576134216329	1
360	Iter0361	3	0	3	3	2	0	4.0	0.4642857142857145	0.56642218109776	1
361	Iter0362	3	2	8	4	2	0	0.75	1.0	0.17722431499999997	1
362	Iter0363	11	0	6	3	11	2	6.857142857142858	0.07368421052631563	0.3795806547296	1
363	Iter0364	3	1	13	4	2	1	0.9230769230769232	1.0	0.381271781091	1
364	Iter0365	5	1	5	3	5	0	3.0	0.5804195804195811	0.376700028	1
365	Iter0366	3	1	11	1	3	1	0.2727272727272727	0.4499999999999981	0.39473029699677	1
366	Iter0367	11	5	3	3	8	1	2.2	0.6243550051599605	0.4704697308410001	1
367	Iter0368	20	5	9	4	13	1	1.7777777777777777	0.6892823113735846	0.42491295522140005	1
368	Iter0369	0	0	11	2	0	1	0.25	1.0	0.5498507972730001	1
369	Iter0370	11	2	5	0	10	1	0.6666666666666666	1.0	0.5275336335	1
370	Iter0371	0	0	8	1	0	2	0.2222222222222222	1.0	0.38055582361500134	1
371	Iter0372	7	2	9	1	5	0	0.3888888888888889	0.5820433436532506	0.742858182	1
372	Iter0373	0	0	11	4	0	5	0.4166666666666667	1.0	0.276078439225	1
373	Iter0374	14	2	5	3	12	1	4.2	0.28853754940711634	0.32904543416750004	1
374	Iter0375	6	1	10	7	5	3	4.2	0.3521484871599307	0.46479833881160004	1
375	Iter0376	4	2	6	1	4	1	0.3333333333333333	0.5594405594405605	0.29090372382	1
376	Iter0377	0	0	6	1	0	0	0.2857142857142857	1.0	0.7727152715999999	1
377	Iter0378	9	3	8	2	7	4	0.75	1.0	0.25730375418773	1
378	Iter0379	3	1	7	5	3	3	2.142857142857143	1.0	0.3629270204	1
379	Iter0380	14	1	8	4	13	0	7.0	0.13898179115570586	0.41539544934293005	1
380	Iter0381	7	0	7	0	6	0	1.0	1.0	0.34734389933320003	1
381	Iter0382	11	3	10	2	9	0	0.7333333333333333	1.0	0.5067849376	1
382	Iter0383	10	1	6	2	9	0	3.333333333333333	0.5459236326109406	0.5506794241999999	1
383	Iter0384	4	2	1	3	2	0	6.0	0.5238095238095236	0.34953676199999995	1
384	Iter0385	8	1	4	2	8	1	4.0	0.5252747252747227	0.413329699	1
385	Iter0386	11	1	6	0	8	2	0.8571428571428571	1.0	0.30564304371100004	1
386	Iter0387	5	1	7	2	5	3	1.4285714285714286	1.0	0.5488224399999999	1
387	Iter0388	18	3	8	4	17	0	3.0	0.3774100852799353	0.6603038052000001	1
388	Iter0389	6	3	4	4	6	0	2.0	0.6371863430686958	0.5600959995329213	1
389	Iter0390	9	1	3	2	7	0	6.0	0.2417582417582405	0.4902940275895	1
390	Iter0391	10	3	8	3	9	1	1.2500000000000002	1.0	0.35370380791999995	1
391	Iter0392	10	0	5	3	9	0	7.333333333333332	0.06862745098039237	0.667841689945	1
392	Iter0393	8	2	4	2	5	0	2.0	0.6043956043956026	0.21024769920299996	1
393	Iter0394	0	0	6	2	0	2	0.42857142857142855	1.0	0.300308329762	1
394	Iter0395	4	1	12	5	2	1	1.6666666666666667	1.0	0.5654226279997949	1
395	Iter0396	11	1	7	2	7	3	3.1428571428571432	0.5533834586466142	0.5339091324190001	1
396	Iter0397	11	1	6	3	10	2	5.5	0.27218045112782063	0.5438943963	1
397	Iter0398	2	1	11	4	1	1	0.7272727272727273	1.0	0.48400122139868007	1
398	Iter0399	0	0	14	4	0	1	0.3333333333333333	1.0	0.4210581809058999	1
399	Iter0400	7	0	14	6	5	4	3.733333333333333	0.15484949832776046	0.3848565924980001	1
400	Iter0401	14	1	5	0	10	1	1.25	1.0	0.6807372713720296	1
401	Iter0402	6	0	11	2	6	3	1.75	1.0	0.45051505000000003	1
402	Iter0403	5	1	4	4	4	2	5.0	0.30069930069930034	0.36641756999999997	1
403	Iter0404	6	2	9	6	5	2	2.0	0.6570197873199648	0.3630273726	1
404	Iter0405	7	0	9	2	5	1	2.4	0.496732026143794	0.58301573948	1
405	Iter0406	5	3	8	2	4	1	0.4166666666666667	0.6078431372549032	0.41201496242	1
406	Iter0407	0	0	4	5	0	2	1.2	1.0	0.4558444257268999	1
407	Iter0408	7	3	6	5	4	0	1.9444444444444449	0.6594427244582034	0.2647475563	1
408	Iter0409	9	2	8	6	7	1	3.375	0.2336842105263175	0.46871193883300005	1
409	Iter0410	7	0	7	4	3	1	5.0	0.11928104575163433	0.47953579397607116	1
410	Iter0411	16	0	8	4	15	2	9.444444444444443	0.024175824175824118	0.5092057913800001	1
411	Iter0412	11	1	6	4	8	1	7.333333333333332	0.13533834586466126	0.4267367187016901	1
412	Iter0413	4	1	14	1	4	5	0.2857142857142857	0.4473684210526335	0.31739831153784964	1
413	Iter0414	1	1	6	4	1	0	0.6666666666666666	1.0	0.419808147391	1
414	Iter0415	6	0	9	2	5	1	2.1	0.5147058823529425	0.5076155015869	1
415	Iter0416	0	0	5	2	0	4	0.5	1.0	0.2635023572683	1
416	Iter0417	15	5	6	3	12	0	1.5	0.6749038068378429	0.7116319247910001	1
417	Iter0418	16	1	6	6	12	2	16.0	0.010571637258294063	0.6542165765999998	1
418	Iter0419	10	0	8	1	5	1	2.4444444444444446	0.4736842105263162	0.48503812868949997	1
419	Iter0420	5	2	9	2	4	0	0.5555555555555556	1.0	0.408836090639	1
420	Iter0421	4	2	8	1	3	0	0.25	0.525274725274723	0.3168700063404599	1
421	Iter0422	2	1	10	3	2	0	0.6	1.0	0.49733324659329986	1
422	Iter0423	14	1	9	2	9	2	3.111111111111111	0.5557692307692352	0.6178423391973401	1
423	Iter0424	5	0	9	4	3	1	3.0	0.27777777777777785	0.42045610519999993	1
424	Iter0425	20	3	7	4	16	1	3.8095238095238098	0.17797348360924056	0.4933425799070304	1
425	Iter0426	6	1	4	1	5	0	1.5	1.0	0.5833722334729	1
426	Iter0427	11	2	7	2	10	0	1.5714285714285714	1.0	0.268278671113271	1
427	Iter0428	10	1	6	1	7	0	1.6666666666666667	1.0	0.34836647831741624	1
428	Iter0429	11	1	7	4	10	3	6.2857142857142865	0.15495259888852478	0.7269377790800001	1
429	Iter0430	11	3	8	2	8	5	0.9166666666666666	1.0	0.45129944599999994	1
430	Iter0431	12	5	7	2	8	1	0.6857142857142857	1.0	0.5424685381737555	1
431	Iter0432	3	2	4	3	2	0	1.125	1.0	0.4608004335611882	1
432	Iter0433	12	4	5	5	9	0	3.0	0.2341169128354505	0.38728508242709997	1
433	Iter0434	3	1	5	1	3	0	0.6	1.0	0.495369021906709	1
434	Iter0435	7	1	8	2	6	4	1.75	1.0	0.26873024	1
435	Iter0436	10	0	13	1	10	1	1.5714285714285714	1.0	0.487337048818	1
436	Iter0437	9	1	7	2	7	1	2.571428571428572	0.5820433436532506	0.4538630207905999	1
437	Iter0438	5	3	7	1	3	2	0.2380952380952381	0.5692307692307681	0.5860370365472002	1
438	Iter0439	5	1	3	3	4	2	5.0	0.5454545454545476	0.4216762947728231	1
439	Iter0440	4	2	7	2	4	1	0.5714285714285714	1.0	0.47133052868119996	1
440	Iter0441	11	0	12	1	7	3	1.8461538461538465	1.0	0.3563946707498001	1
441	Iter0442	9	1	4	3	6	0	6.75	0.2499999999999994	0.3374740560300001	1
442	Iter0443	0	0	7	2	0	3	0.375	1.0	0.50268523	1
443	Iter0444	5	2	9	1	4	3	0.2777777777777778	0.5367647058823537	0.480937921107	1
444	Iter0445	5	1	9	3	5	1	1.6666666666666667	1.0	0.5352654561999999	1
445	Iter0446	4	1	7	1	4	1	0.5714285714285714	1.0	0.5221095658858064	1
446	Iter0447	11	2	0	3	9	0	16.0	0.017857142857142787	0.45695554939215505	1
447	Iter0448	12	3	12	5	10	1	1.6666666666666667	0.6911383018168444	0.6629578669673839	1
448	Iter0449	4	2	9	0	4	2	0.16666666666666669	0.14285714285714207	0.41557389299999997	1
449	Iter0450	11	1	3	1	7	1	3.6666666666666665	0.4499999999999981	0.35294563299856796	1
450	Iter0451	4	1	3	3	3	0	4.0	0.5454545454545454	0.36954131310000005	1
451	Iter0452	12	0	6	0	9	2	1.8571428571428568	1.0	0.4187850960850001	1
452	Iter0453	14	0	6	3	9	0	8.571428571428571	0.04743083003952567	0.4626383059609999	1
453	Iter0454	5	0	11	3	3	0	2.0	0.5304437564499497	0.5310231044	1
454	Iter0455	10	2	4	4	9	0	5.0	0.16109391124871014	0.5319040859999999	1
455	Iter0456	1	4	4	2	1	2	0.125	0.2424242424242421	0.28889733959999997	1
456	Iter0457	5	1	7	1	4	1	0.7142857142857143	1.0	0.4508056183415601	1
457	Iter0458	10	1	7	3	9	0	4.285714285714286	0.31077694235589204	0.6281127729225999	1
458	Iter0459	4	0	13	1	3	2	0.7142857142857143	1.0	0.5270296826	1
459	Iter0460	5	2	7	1	3	1	0.35714285714285715	0.5692307692307675	0.492202236	1
460	Iter0461	7	1	6	3	6	0	3.5	0.5764705882352927	0.43574807784856995	1
461	Iter0462	2	1	4	0	2	1	0.3	0.42857142857142827	0.5557943472019999	1
462	Iter0463	8	4	6	0	7	3	0.2571428571428572	0.24509803921568696	0.5339874134358044	1
463	Iter0464	5	0	7	3	4	1	3.0	0.5054945054945037	0.284481543054	1
464	Iter0465	5	3	8	2	5	2	0.4166666666666667	0.6078431372549032	0.592072399	1
465	Iter0466	8	0	2	2	7	0	9.0	0.0909090909090909	0.5180427170179799	1
466	Iter0467	15	2	8	4	13	2	3.75	0.19806323944255105	0.38730261908	1
467	Iter0468	7	3	7	9	5	2	3.0	0.2475164894333033	0.574642604	1
468	Iter0469	8	4	18	1	7	5	0.1111111111111111	0.06001377191588597	0.31945330999999993	1
469	Iter0470	3	0	6	3	3	1	2.2857142857142856	0.5090909090909088	0.4846977557630999	1
470	Iter0471	8	3	2	3	8	1	4.0	0.2994505494505492	0.5056757490346	1
471	Iter0472	7	1	15	2	6	4	0.9333333333333332	1.0	0.3428036960000001	1
472	Iter0473	12	2	1	6	11	0	36.0	0.003199174406604749	0.5581067158	1
473	Iter0474	15	2	13	2	12	4	1.1538461538461535	1.0	0.5983740072468008	1
474	Iter0475	2	2	16	4	1	4	0.25	0.251270468661772	0.4359393369	1
475	Iter0476	16	3	6	6	10	0	5.333333333333333	0.056189820722393605	0.5676632108615787	1
476	Iter0477	5	0	2	5	4	0	12.0	0.027777777777777787	0.5229043769399999	1
477	Iter0478	10	1	9	2	9	1	2.2222222222222223	1.0	0.6743568324000002	1
478	Iter0479	5	2	6	0	4	0	0.2857142857142857	0.4615384615384629	0.7017714670000001	1
479	Iter0480	11	1	9	6	10	1	7.333333333333332	0.09137866963953983	0.5387254709597308	1
480	Iter0481	8	3	5	3	5	0	1.6	1.0	0.5801920501618267	1
481	Iter0482	4	0	7	8	4	0	5.625	0.10319917440660464	0.6405024056	1
482	Iter0483	1	2	2	2	1	0	0.5	1.0	0.3403791970000001	1
483	Iter0484	5	2	9	3	5	0	0.8333333333333334	1.0	0.417270035	1
484	Iter0485	0	0	5	2	0	1	0.5	1.0	0.632361242	1
485	Iter0486	6	1	9	4	5	2	2.6666666666666665	0.6126160990712084	0.23874612979999996	1
486	Iter0487	9	2	7	1	7	0	0.6428571428571429	1.0	0.6986087696503801	1
487	Iter0488	12	2	4	0	11	1	0.8666666666666666	1.0	0.69655132	1
488	Iter0489	14	6	6	5	10	2	1.9444444444444449	0.4523989334648542	0.5576222633514	1
489	Iter0490	4	0	22	3	4	10	0.8695652173913043	1.0	0.5266843577000001	1
490	Iter0491	8	5	10	4	6	0	0.64	0.6945842868039729	0.42842015439	1
491	Iter0492	4	3	5	6	3	0	1.6	1.0	0.418497635	1
492	Iter0493	8	2	9	1	6	0	0.4444444444444444	1.0	0.35472483	1
493	Iter0494	8	3	8	0	4	0	0.25	0.2280701754385973	0.4376804155	1
494	Iter0495	6	1	7	2	4	3	1.7142857142857142	1.0	0.47835836104	1
495	Iter0496	8	2	8	4	7	3	2.0	0.6461742591773526	0.545053236	1
496	Iter0497	10	2	9	1	8	1	0.5555555555555556	1.0	0.46487632617399993	1
497	Iter0498	5	1	4	1	5	2	1.25	1.0	0.34595203846167943	1
498	Iter0499	3	0	6	3	3	0	2.2857142857142856	0.5090909090909088	0.40783228976461705	1
499	Iter0500	7	3	3	0	6	1	0.5	0.5279720279720299	0.7365846627994367	1
500	Iter0501	11	0	1	3	9	0	24.0	0.008791208791208755	0.505434004	1
501	Iter0502	12	2	6	4	10	1	4.0	0.19206365716663254	0.43885977276665006	1
502	Iter0503	11	2	6	5	7	0	4.583333333333334	0.1819221967963392	0.37276047262000006	1
503	Iter0504	11	4	6	2	8	2	0.9166666666666666	1.0	0.538394381	1
504	Iter0505	4	1	6	3	3	2	2.0	1.0	0.27362153580000004	1
505	Iter0506	8	0	9	3	8	4	3.6	0.2421052631578953	0.4940886299811439	1
506	Iter0507	11	2	14	3	7	6	1.1785714285714286	1.0	0.343041538	1
507	Iter0508	6	2	8	2	6	2	0.75	1.0	0.6213700000000002	1
508	Iter0509	10	0	9	4	7	2	5.5	0.1044607566346696	0.474149225552	1
509	Iter0510	1	0	10	2	1	2	0.5454545454545455	1.0	0.47824244000000005	1
510	Iter0511	11	5	9	4	9	1	0.977777777777778	1.0	0.362110733757	1
511	Iter0512	9	1	8	0	7	1	0.5555555555555556	1.0	0.5856122571000002	1
512	Iter0513	15	0	13	3	14	3	4.571428571428571	0.2258064516129061	0.5726274339371998	1
513	Iter0514	9	1	7	5	7	1	6.428571428571429	0.16187527642635946	0.4415255	1
514	Iter0515	13	6	5	2	11	1	0.8666666666666666	1.0	0.43091960300000004	1
515	Iter0516	6	2	7	2	5	0	0.8571428571428571	1.0	0.40054207394100005	1
516	Iter0517	10	0	11	3	10	4	3.6666666666666665	0.2391304347826099	0.47548122433000006	1
517	Iter0518	3	1	7	2	2	0	0.8571428571428571	1.0	0.48885622544	1
518	Iter0519	9	4	6	6	7	4	2.25	0.4283079822317957	0.30403837241	1
519	Iter0520	0	0	9	3	0	0	0.4	1.0	0.3430579200899999	1
520	Iter0521	7	1	7	1	6	0	1.0	1.0	0.370588991	1
521	Iter0522	15	1	5	1	10	2	3.0	0.4805194805194798	0.6524095395378602	1
522	Iter0523	3	1	7	2	3	3	0.8571428571428571	1.0	0.51553766	1
523	Iter0524	3	3	5	4	2	1	0.8	1.0	0.4108285792893001	1
524	Iter0525	5	2	6	2	4	0	0.8333333333333334	1.0	0.40412472292359997	1
525	Iter0526	9	0	3	1	6	1	5.0	0.3076923076923079	0.35482735807924587	1
526	Iter0527	2	3	6	2	2	1	0.2222222222222222	0.2929292929292933	0.18872873059999995	1
527	Iter0528	0	0	4	2	0	0	0.6	1.0	0.3647591150000001	1
528	Iter0529	6	1	7	3	4	0	2.5714285714285707	0.6029411764705864	0.40674607845099997	1
529	Iter0530	4	1	9	3	3	3	1.3333333333333333	1.0	0.47229375152	1
530	Iter0531	6	1	11	4	6	3	2.1818181818181817	1.0	0.4187985175491638	1
531	Iter0532	4	1	9	5	4	2	2.2222222222222223	1.0	0.43515425572690003	1
532	Iter0533	0	0	5	3	0	2	0.6666666666666666	1.0	0.42113535404	1
533	Iter0534	9	3	9	1	5	1	0.3333333333333333	0.5939849624060141	0.32309878653999996	1
534	Iter0535	13	1	8	4	10	1	6.5	0.14782608695652188	0.503085921808386	1
535	Iter0536	7	3	7	3	6	0	1.0	1.0	0.551930242414	1
536	Iter0537	4	2	6	1	4	1	0.3333333333333333	0.5594405594405605	0.3413921585	1
537	Iter0538	9	0	3	3	7	0	10.0	0.043956043956043744	0.70983321919972	1
538	Iter0539	6	3	5	1	3	0	0.4	0.6043956043956029	0.41183819447969205	1
539	Iter0540	3	0	4	1	3	0	1.6	1.0	0.35906818800000007	1
540	Iter0541	12	4	11	3	10	1	0.8181818181818182	1.0	0.532581831560882	1
541	Iter0542	10	2	8	2	8	1	1.25	1.0	0.45304831425916997	1
542	Iter0543	8	0	12	2	4	5	2.0769230769230766	0.5151515151515148	0.205295966594	1
543	Iter0544	9	5	12	3	6	5	0.45	0.4269865067466314	0.40396898953	1
544	Iter0545	13	3	6	5	11	0	3.611111111111111	0.20644122383253105	0.5004280838400001	1
545	Iter0546	6	2	15	1	5	3	0.2	0.24901185770751114	0.48424317051399	1
546	Iter0547	6	1	6	3	4	1	3.0	0.5846153846153819	0.4272643599999999	1
547	Iter0548	7	0	10	2	7	1	2.1818181818181817	0.5087719298245634	0.5908202998410002	1
548	Iter0549	6	2	12	4	5	2	1.0	1.0	0.48568706280000007	1
549	Iter0550	3	2	6	1	3	0	0.25	0.5227272727272729	0.6093278569259999	1
550	Iter0551	11	1	5	1	7	0	2.2	1.0	0.44402270360000007	1
551	Iter0552	15	3	3	0	13	0	1.0	1.0	0.5214708472069999	1
552	Iter0553	10	2	4	3	8	0	3.75	0.30469556243550056	0.33295133121	1
553	Iter0554	6	1	3	2	4	0	4.0	0.5227272727272729	0.6354924710000001	1
554	Iter0555	4	2	3	4	4	0	2.6666666666666665	0.592074592074594	0.48795055	1
555	Iter0556	11	1	13	3	10	6	2.5384615384615388	0.6131868131868135	0.45666674872999985	1
556	Iter0557	4	3	7	0	2	0	0.15625	0.1923076923076922	0.36980248179999997	1
557	Iter0558	2	0	3	0	2	0	0.75	1.0	0.4023014505	1
558	Iter0559	10	1	10	3	8	0	3.0	0.5962732919254676	0.7297417609050999	1
559	Iter0560	0	1	6	4	0	1	0.35714285714285715	0.4545454545454545	0.40286221199999994	1
560	Iter0561	5	2	2	2	4	0	2.5	0.5757575757575759	0.440166755089193	1
561	Iter0562	3	0	4	4	1	1	4.0	0.2363636363636365	0.47895777198100004	1
562	Iter0563	10	0	9	1	9	3	2.2	1.0	0.416481634612	1
563	Iter0564	9	1	10	1	7	1	0.9	1.0	0.4241282020000001	1
564	Iter0565	0	0	11	2	0	1	0.25	1.0	0.4873513955328721	1
565	Iter0566	14	2	13	2	13	2	1.0769230769230769	1.0	0.32646341800799994	1
566	Iter0567	17	4	9	0	14	2	0.36	0.28735632183908355	0.4937308010000001	1
567	Iter0568	6	1	4	5	6	1	7.5	0.14510489510489505	0.45165491680000003	1
568	Iter0569	10	2	9	4	8	0	2.2222222222222223	0.6447204968944079	0.46927523234862006	1
569	Iter0570	10	0	7	3	8	1	5.5	0.21052631578947376	0.49543920880899994	1
570	Iter0571	4	1	8	2	4	0	1.0	1.0	0.5609209638268	1
571	Iter0572	3	0	7	2	3	2	1.5	1.0	0.513633607379	1
572	Iter0573	15	0	3	3	11	1	16.0	0.015037593984962381	0.5705151548599999	1
573	Iter0574	0	0	4	2	0	1	0.6	1.0	0.5703823016590001	1
574	Iter0575	4	0	3	2	4	1	3.75	0.4444444444444449	0.5391394970178999	1
575	Iter0576	4	2	6	2	3	1	0.6666666666666666	1.0	0.52132945035	1
576	Iter0577	8	2	7	2	8	0	1.1428571428571428	1.0	0.4335819800000001	1
577	Iter0578	7	0	3	0	6	0	2.0	1.0	0.6526628390000002	1
578	Iter0579	7	3	3	1	6	0	0.7777777777777778	1.0	0.5115194797794246	1
579	Iter0580	10	3	6	3	8	0	1.6666666666666667	0.6550199026979191	0.3611455669810001	1
580	Iter0581	12	2	8	3	9	3	2.25	0.6231884057971045	0.41056204300000004	1
581	Iter0582	11	0	3	2	11	0	9.0	0.08333333333333323	0.6804749227000001	1
582	Iter0583	13	2	7	4	10	0	3.7142857142857135	0.3478260869565229	0.4669738674506681	1
583	Iter0584	14	2	6	3	12	0	3.5	0.3122529644268781	0.63074676638	1
584	Iter0585	12	1	6	0	10	0	0.9285714285714286	1.0	0.5246138120000001	1
585	Iter0586	14	1	4	6	12	1	21.0	0.006802579571458285	0.567810419762	1
586	Iter0587	5	0	12	7	3	0	3.692307692307693	0.27206851119894626	0.34471402461000006	1
587	Iter0588	4	0	13	1	2	3	0.7142857142857143	1.0	0.54644689863	1
588	Iter0589	11	3	16	3	11	2	0.6875	1.0	0.3879268638	1
589	Iter0590	5	2	10	2	3	1	0.5	0.6026831785345729	0.3429767219853514	1
590	Iter0591	7	1	8	0	4	1	0.4444444444444444	1.0	0.53285716122	1
591	Iter0592	11	1	9	2	8	3	2.4444444444444446	0.59006211180124	0.37903094939000004	1
592	Iter0593	9	0	12	4	7	1	3.8461538461538463	0.26007905138340026	0.47959267928199995	1
593	Iter0594	7	1	5	2	5	0	2.8	0.5692307692307675	0.54827715303	1
594	Iter0595	8	1	3	3	8	1	8.0	0.2351648351648347	0.35077323797124244	1
595	Iter0596	11	2	10	3	7	1	1.65	1.0	0.37290395917221003	1
596	Iter0597	9	1	11	3	8	1	2.4545454545454546	0.6146245059288578	0.564755089817568	1
597	Iter0598	15	1	3	2	12	0	10.0	0.12781954887218006	0.6020167536511	1
598	Iter0599	13	1	3	0	12	0	1.75	1.0	0.6601404594000001	1
599	Iter0600	14	1	5	3	9	2	8.4	0.10276679841897246	0.7388783498000002	1
600	Iter0601	5	1	9	2	5	1	1.1111111111111112	1.0	0.46481300903999995	1
601	Iter0602	12	0	6	3	10	0	7.428571428571429	0.06315789473684225	0.4878557820919999	1
602	Iter0603	7	0	13	4	7	5	2.8571428571428568	0.2832674571805027	0.37343785020000003	1
603	Iter0604	6	1	5	2	6	1	2.4	1.0	0.36834511251560004	1
604	Iter0605	0	0	6	4	0	1	0.7142857142857143	1.0	0.48327344598121014	1
605	Iter0606	13	2	14	3	11	4	1.3928571428571428	1.0	0.53274597200019	1
606	Iter0607	9	4	9	2	7	1	0.5	0.6493952271984307	0.39713484080000006	1
607	Iter0608	13	1	11	1	8	6	1.181818181818182	1.0	0.45428698847999993	1
608	Iter0609	6	1	12	3	5	1	1.5	1.0	0.4872178342981999	1
609	Iter0610	13	2	9	1	9	2	0.7222222222222222	1.0	0.4314181134	1
610	Iter0611	8	1	6	0	5	1	0.6428571428571429	1.0	0.39844317813187036	1
611	Iter0612	10	0	6	2	8	1	4.714285714285714	0.1830065359477132	0.337050981106	1
612	Iter0613	0	0	11	3	0	0	0.3333333333333333	1.0	0.5607874086303452	1
613	Iter0614	11	1	6	2	7	1	3.6666666666666665	0.5368421052631589	0.36567247501790207	1
614	Iter0615	16	0	9	3	12	2	6.8	0.06715506715506674	0.6482969412020001	1
615	Iter0616	6	1	4	1	5	1	1.5	1.0	0.5036101834516002	1
616	Iter0617	4	1	8	0	2	2	0.2777777777777778	0.3846153846153845	0.40083102637743995	1
617	Iter0618	9	0	6	2	7	2	4.285714285714286	0.2058823529411759	0.4863940735859999	1
618	Iter0619	9	0	6	4	7	2	7.142857142857142	0.08668730650154831	0.48857439024399996	1
619	Iter0620	5	2	21	2	4	6	0.2380952380952381	0.22452107279693548	0.4184113406700001	1
620	Iter0621	5	3	8	1	5	3	0.20833333333333331	0.2941176470588229	0.3920916136869999	1
621	Iter0622	7	1	9	6	7	3	4.666666666666667	0.3452195939744757	0.53854488	1
622	Iter0623	12	0	3	2	9	1	9.75	0.07352941176470587	0.292779881	1
623	Iter0624	9	3	7	3	7	0	1.2857142857142856	1.0	0.3828074140513001	1
624	Iter0625	17	1	8	5	13	2	10.625	0.059007362678107925	0.5794922733527311	1
625	Iter0626	14	2	3	3	12	0	7.0	0.1004784688995218	0.678702212929368	1
626	Iter0627	7	2	5	2	6	1	1.4	1.0	0.376316584197	1
627	Iter0628	9	0	4	1	8	0	4.0	0.35714285714285554	0.514278553	1
628	Iter0629	9	1	7	3	8	1	3.8571428571428568	0.582043343653256	0.36848557086655	1
629	Iter0630	7	2	3	2	7	1	2.333333333333333	0.5804195804195791	0.55011899	1
630	Iter0631	6	2	5	2	5	2	1.2	1.0	0.323190087711	1
631	Iter0632	12	1	6	2	9	0	4.0	0.5308270676691711	0.47153513702400013	1
632	Iter0633	7	4	9	4	5	1	0.7777777777777778	1.0	0.459370786	1
633	Iter0634	5	1	5	6	4	1	6.0	0.3042986425339367	0.37913165502	1
634	Iter0635	7	1	3	2	6	1	4.666666666666667	0.5104895104895115	0.36408530947299994	1
635	Iter0636	6	1	8	1	3	3	0.75	1.0	0.275576262321819	1
636	Iter0637	12	1	15	5	7	4	4.0	0.3644182569377153	0.6701971390765001	1
637	Iter0638	11	0	4	4	10	0	12.0	0.018059855521155847	0.5059021780000001	1
638	Iter0639	13	1	5	2	11	1	5.2	0.247368421052632	0.6285926789999999	1
639	Iter0640	2	1	4	2	2	2	1.0	1.0	0.4498715626255	1
640	Iter0641	10	1	9	4	9	1	4.4444444444444455	0.3271221532091099	0.5317282228119999	1
641	Iter0642	16	6	5	6	16	1	3.2	0.14898388274845076	0.5098843218752501	1
642	Iter0643	2	0	4	5	1	0	3.6	0.4545454545454538	0.52995544221541	1
643	Iter0644	0	0	6	3	0	0	0.5714285714285714	1.0	0.8864567600000001	1
644	Iter0645	11	1	2	0	10	1	2.0	1.0	0.58080346392071	1
645	Iter0646	7	1	5	4	3	0	5.6	0.2941176470588226	0.30683764199999997	1
646	Iter0647	10	0	3	1	7	0	5.5	0.2857142857142847	0.51164977942456	1
647	Iter0648	5	1	11	5	3	3	2.2727272727272725	0.6341120180129493	0.5541973836399999	1
648	Iter0649	7	1	5	3	7	1	4.2	0.5692307692307681	0.49795894135999996	1
649	Iter0650	9	4	11	2	4	3	0.4090909090909091	0.6447204968944075	0.36544011697000006	1
650	Iter0651	9	5	7	2	8	0	0.5142857142857143	0.6570197873199637	0.4501968575615096	1
651	Iter0652	15	1	8	0	9	3	0.8888888888888888	1.0	0.36579779991669986	1
652	Iter0653	4	0	6	5	4	0	4.285714285714286	0.23076923076923045	0.468657204612	1
653	Iter0654	15	2	5	1	14	0	1.5	1.0	0.49380089237000013	1
654	Iter0655	0	0	4	3	0	1	0.8	1.0	0.3098740757729395	1
655	Iter0656	8	0	6	2	8	1	3.8571428571428568	0.4666666666666665	0.387670219121971	1
656	Iter0657	0	0	7	3	0	1	0.5	1.0	0.40366650151	1
657	Iter0658	3	1	3	6	3	2	6.0	0.26573426573426634	0.37116501747776204	1
658	Iter0659	6	0	8	3	4	1	3.111111111111111	0.514705882352942	0.32542643419999995	1
659	Iter0660	3	2	10	3	1	2	0.45	0.5827497665732946	0.24900347025	1
660	Iter0661	5	0	10	2	4	1	1.6363636363636365	1.0	0.35550359919999996	1
661	Iter0662	11	4	5	1	9	0	0.55	1.0	0.5628549656551999	1
662	Iter0663	13	0	4	0	10	2	2.8	1.0	0.3626377289999999	1
663	Iter0664	8	1	6	2	6	0	2.6666666666666665	0.5764705882352942	0.4599643361200001	1
664	Iter0665	4	0	7	2	1	0	1.875	1.0	0.4138177620999998	1
665	Iter0666	11	0	5	0	9	2	2.0	1.0	0.8088235991	1
666	Iter0667	15	0	6	4	14	1	11.428571428571427	0.016600790513834143	0.4926734750000001	1
667	Iter0668	8	0	8	2	7	0	3.0	0.4771241830065367	0.37558462923219993	1
668	Iter0669	8	1	15	1	6	4	0.5333333333333333	1.0	0.3272145208911436	1
669	Iter0670	16	1	12	4	12	1	5.333333333333333	0.1748407321266068	0.43907255581500004	1
670	Iter0671	7	5	3	1	4	1	0.4666666666666666	1.0	0.3459715387973762	1
671	Iter0672	7	4	3	4	7	0	2.333333333333333	0.6304675716440438	0.5640380039000001	1
672	Iter0673	12	6	14	2	10	1	0.2857142857142857	0.23268277884518346	0.52741869220094	1
673	Iter0674	11	2	7	0	9	3	0.5	0.5210526315789474	0.5737735720000001	1
674	Iter0675	7	3	9	2	7	1	0.5185185185185186	0.6351172047766502	0.408913205446	1
675	Iter0676	5	1	4	6	4	1	7.5	0.14510489510489474	0.43781883420000006	1
676	Iter0677	5	1	9	3	2	1	1.6666666666666667	1.0	0.25497432277699994	1
677	Iter0678	16	2	6	2	14	0	2.6666666666666665	0.5633444816053536	0.49426067105610005	1
678	Iter0679	5	0	7	5	4	2	4.5	0.2445054945054932	0.42560768377009994	1
679	Iter0680	9	0	10	3	7	0	3.636363636363636	0.24025974025973856	0.36945641481	1
680	Iter0681	8	0	13	1	6	3	1.2857142857142858	1.0	0.4695581417	1
681	Iter0682	4	1	4	7	4	1	7.0	0.28205128205128155	0.8224274888389003	1
682	Iter0683	6	2	9	3	5	1	1.0	1.0	0.2671256779999999	1
683	Iter0684	6	1	9	3	6	0	2.0	1.0	0.41460544000000005	1
684	Iter0685	7	1	14	3	5	7	1.5	1.0	0.37551986347806804	1
685	Iter0686	8	1	6	2	6	0	2.6666666666666665	0.5764705882352942	0.27275103348	1
686	Iter0687	9	2	5	2	5	0	1.8	1.0	0.47919842776000005	1
687	Iter0688	7	1	10	3	6	3	2.1	1.0	0.5142173991093	1
688	Iter0689	3	0	6	2	3	2	1.7142857142857142	1.0	0.544448328414	1
689	Iter0690	10	0	3	0	9	1	2.75	1.0	0.6724872402	1
690	Iter0691	13	1	7	4	10	0	7.428571428571429	0.13333333333333378	0.45503325262000005	1
691	Iter0692	11	1	12	2	9	5	1.8333333333333333	1.0	0.6078195803	1
692	Iter0693	6	1	6	1	6	2	1.0	1.0	0.6028135801478	1
693	Iter0694	12	2	6	5	9	0	5.0	0.17745995423341054	0.710761226728	1
694	Iter0695	8	2	8	1	5	2	0.5	1.0	0.26640876663290003	1
695	Iter0696	4	2	8	3	4	0	0.75	1.0	0.37071501694	1
696	Iter0697	9	2	11	3	7	6	1.2272727272727273	1.0	0.31414639752651	1
697	Iter0698	12	1	9	3	9	2	4.0	0.3217391304347842	0.4143801184465401	1
698	Iter0699	10	2	6	4	6	3	3.333333333333333	0.3476337903582476	0.42075665660000006	1
699	Iter0700	7	1	8	3	6	2	2.625	0.6026831785345736	0.42296540000000005	1
700	Iter0701	0	0	7	3	0	1	0.5	1.0	0.30339688991138397	1
701	Iter0702	7	2	6	0	4	1	0.3809523809523809	0.4857142857142826	0.4189779748348052	1
702	Iter0703	6	1	2	1	6	0	3.0	1.0	0.5681121334510001	1
703	Iter0704	4	0	5	2	3	1	2.5	0.4909090909090901	0.556913783367	1
704	Iter0705	8	1	4	3	4	0	6.0	0.26153846153846033	0.4307166129999999	1
705	Iter0706	9	0	8	1	8	0	2.2222222222222223	1.0	0.45666175974999995	1
706	Iter0707	9	0	10	1	6	2	1.818181818181818	1.0	0.4207318942453564	1
707	Iter0708	7	3	11	0	4	5	0.16666666666666666	0.09022556390977424	0.21656888709999997	1
708	Iter0709	14	3	2	5	7	0	11.666666666666664	0.02073365231259979	0.5123097137253001	1
709	Iter0710	9	1	10	3	5	1	2.7	0.6036137775268224	0.33509604399993004	1
710	Iter0711	7	2	10	2	6	3	0.7	1.0	0.5732539252941999	1
711	Iter0712	0	0	6	3	0	0	0.5714285714285714	1.0	0.521591417	1
712	Iter0713	7	1	6	3	5	1	3.5	0.5764705882352927	0.3991902560112	1
713	Iter0714	0	0	11	1	0	4	0.16666666666666666	1.0	0.48088881751100004	1
714	Iter0715	15	4	4	5	9	2	4.6875	0.09678408547973667	0.3441144274551	1
715	Iter0716	8	2	9	2	7	0	0.8888888888888888	1.0	0.46038498150999996	1
716	Iter0717	11	1	12	7	7	4	6.416666666666668	0.10822851601494536	0.336885729	1
717	Iter0718	12	3	6	6	10	2	4.0	0.12662090007627896	0.5790912606570501	1
718	Iter0719	7	1	6	1	5	0	1.1666666666666667	1.0	0.318576953836	1
719	Iter0720	5	0	7	0	4	0	0.75	1.0	0.295452371207	1
720	Iter0721	18	0	7	7	15	2	19.0	0.0010196514645902973	0.6625682816599999	1
721	Iter0722	0	0	7	2	0	1	0.375	1.0	0.404715457908	1
722	Iter0723	11	1	8	3	10	1	4.125	0.3167701863354033	0.35550565300000003	1
723	Iter0724	14	1	4	2	13	1	7.0	0.1842105263157894	0.39560147	1
724	Iter0725	5	2	15	3	4	4	0.5	0.5968379446640297	0.34693202737142	1
725	Iter0726	16	0	7	2	13	1	6.375	0.12000000000000074	0.6739815543132538	1
726	Iter0727	1	0	8	4	1	1	1.1111111111111112	1.0	0.47653321759999995	1
727	Iter0728	9	3	12	3	7	4	0.75	1.0	0.5135688734400001	1
728	Iter0729	4	1	2	0	3	0	0.8333333333333334	1.0	0.5622095382855803	1
729	Iter0730	6	1	9	2	5	1	1.3333333333333333	1.0	0.5939084255285951	1
730	Iter0731	9	1	11	4	7	2	3.272727272727273	0.6146245059288566	0.5137643595873	1
731	Iter0732	0	0	5	3	0	1	0.6666666666666666	1.0	0.8502217186000002	1
732	Iter0733	3	0	10	2	3	2	1.0909090909090908	1.0	0.49752062575905	1
733	Iter0734	7	2	9	2	7	0	0.7777777777777778	1.0	0.6050007061799999	1
734	Iter0735	5	1	7	2	2	0	1.4285714285714286	1.0	0.4761820010688	1
735	Iter0736	10	0	10	3	7	2	4.0	0.229249011857706	0.6888207014000001	1
736	Iter0737	2	0	6	1	2	1	0.8571428571428571	1.0	0.4885203988	1
737	Iter0738	8	0	8	2	6	2	3.0	0.4771241830065367	0.4583335547798123	1
738	Iter0739	0	0	6	3	0	0	0.5714285714285714	1.0	0.4270741638400001	1
739	Iter0740	7	5	11	2	5	1	0.2545454545454545	0.201556064073226	0.290821072865668	1
740	Iter0741	6	1	5	0	3	3	0.5833333333333334	1.0	0.32197525979080005	1
741	Iter0742	6	2	8	7	3	0	2.625	0.3997846278099359	0.237178965696	1
742	Iter0743	7	1	7	2	6	0	2.0	1.0	0.48895693199999996	1
743	Iter0744	11	1	10	5	10	4	5.5	0.18190263842437868	0.4873313539900001	1
744	Iter0745	8	0	5	2	4	2	4.5	0.19999999999999876	0.40080137316551	1
745	Iter0746	5	2	11	3	4	2	0.6818181818181819	1.0	0.23710683802149998	1
746	Iter0747	14	1	8	4	10	0	7.0	0.13898179115570586	0.458896226015	1
747	Iter0748	15	1	7	5	13	1	10.714285714285717	0.057344587779370335	0.5672492790000001	1
748	Iter0749	10	6	6	3	5	1	0.8333333333333334	1.0	0.2433149198822	1
749	Iter0750	9	3	6	2	9	0	1.0	1.0	0.450604905	1
750	Iter0751	4	3	10	5	4	2	0.6666666666666666	1.0	0.5629845247999999	1
751	Iter0752	13	0	6	1	12	2	4.0	0.3500000000000009	0.5713746755999999	1
752	Iter0753	9	3	11	4	7	1	1.0909090909090908	1.0	0.27749746	1
753	Iter0754	16	1	9	2	11	3	3.555555555555556	0.5433455433455389	0.27154539685999995	1
754	Iter0755	10	2	9	2	6	3	1.1111111111111112	1.0	0.33322421328546503	1
755	Iter0756	0	0	5	1	0	1	0.3333333333333333	1.0	0.30021198117414605	1
756	Iter0757	6	1	11	4	4	3	2.1818181818181817	1.0	0.6293327936909001	1
757	Iter0758	9	1	3	3	6	0	9.0	0.11813186813186767	0.6457141008080001	1
758	Iter0759	10	3	12	5	7	4	1.3888888888888893	1.0	0.37193108210000014	1
759	Iter0760	10	3	13	2	8	4	0.5128205128205129	0.6388888888888874	0.41311650839599995	1
760	Iter0761	14	1	2	0	12	1	2.5	1.0	0.7393665178613229	1
761	Iter0762	12	1	2	5	10	0	30.0	0.0072239422084623296	0.5739943620000001	1
762	Iter0763	9	2	10	3	7	1	1.35	1.0	0.6578440131947617	1
763	Iter0764	0	0	9	1	0	0	0.2	1.0	0.6409627676457301	1
764	Iter0765	10	4	7	6	7	0	2.142857142857143	0.4400711924739423	0.6037235464763999	1
765	Iter0766	7	3	16	2	7	3	0.2916666666666667	0.3150183150183119	0.5774013767969999	1
766	Iter0767	11	2	6	11	11	1	10.083333333333334	0.010466462675095243	0.48070546720000007	1
767	Iter0768	16	0	5	6	13	0	19.833333333333336	0.0015607580824972273	0.4208040405499653	1
768	Iter0769	11	1	7	1	8	3	1.5714285714285714	1.0	0.408793776400014	1
769	Iter0770	10	1	5	0	9	0	0.9166666666666666	1.0	0.49970495960000005	1
770	Iter0771	6	2	10	0	5	1	0.21212121212121213	0.1830065359477132	0.5062764789	1
771	Iter0772	12	0	6	3	9	0	7.428571428571429	0.06315789473684225	0.46689456153400005	1
772	Iter0773	8	1	8	4	7	2	4.0	0.33834586466165395	0.35163569930789007	1
773	Iter0774	7	0	8	3	3	1	3.555555555555556	0.2450980392156873	0.5172408531129957	1
774	Iter0775	0	0	8	2	0	1	0.3333333333333333	1.0	0.49345951890000006	1
775	Iter0776	6	3	7	3	5	2	0.8571428571428571	1.0	0.45625215999999996	1
776	Iter0777	8	1	10	0	6	1	0.4090909090909091	0.4736842105263162	0.52421204	1
777	Iter0778	11	1	8	0	8	4	0.6666666666666666	1.0	0.677493659718851	1
778	Iter0779	3	1	12	1	2	3	0.25	0.4264705882352935	0.461965037097793	1
779	Iter0780	2	0	9	2	1	1	0.8999999999999999	1.0	0.5232278531145779	1
780	Iter0781	9	5	9	3	8	2	0.6	0.6828375286041177	0.3157505527	1
781	Iter0782	3	0	10	2	2	0	1.0909090909090908	1.0	0.41412933114	1
782	Iter0783	3	0	3	3	2	1	4.0	0.4642857142857145	0.6515042739999999	1
783	Iter0784	8	2	2	3	6	0	6.0	0.25074925074925003	0.40686371112535796	1
784	Iter0785	8	2	8	1	6	1	0.5	1.0	0.41656983540000014	1
785	Iter0786	13	1	7	1	10	0	1.8571428571428568	1.0	0.48753006699999996	1
786	Iter0787	12	1	9	0	11	0	0.65	1.0	0.5166936102	1
787	Iter0788	0	0	7	1	0	2	0.25	1.0	0.40355215014	1
788	Iter0789	13	2	7	4	9	1	3.7142857142857135	0.3478260869565229	0.6359643148069751	1
789	Iter0790	18	1	14	2	15	6	2.571428571428572	0.5819709702062671	0.5372741620100001	1
790	Iter0791	15	0	5	3	14	0	10.666666666666666	0.03162055335968369	0.562637537440146	1
791	Iter0792	7	1	9	3	6	2	2.333333333333333	0.6185758513931914	0.533536043240014	1
792	Iter0793	2	1	4	3	2	1	1.5	1.0	0.3767623732	1
793	Iter0794	0	0	3	1	0	0	0.5	1.0	0.37134650476000003	1
794	Iter0795	7	1	5	3	6	0	4.2	0.5692307692307681	0.44294972271999994	1
795	Iter0796	7	3	10	4	7	1	0.9333333333333332	1.0	0.4183032815399838	1
796	Iter0797	1	0	6	1	1	1	0.5714285714285714	1.0	0.48891153159287004	1
797	Iter0798	15	0	6	7	11	0	18.285714285714285	0.001449275362318827	0.467526588432	1
798	Iter0799	4	2	5	4	4	2	1.6	1.0	0.3720998087054051	1
799	Iter0800	13	1	9	2	11	1	2.888888888888889	0.5647826086956577	0.31920967999999994	1
800	Iter0801	4	0	14	5	3	4	2.0	0.5392433653303202	0.31793405236	1
801	Iter0802	12	4	9	1	9	2	0.3333333333333333	0.6169048342961411	0.34189485833999994	1
802	Iter0803	9	3	10	5	8	3	1.5	0.6956521739130492	0.5770077150393	1
803	Iter0804	2	1	6	3	1	0	1.0	1.0	0.42069385109999996	1
804	Iter0805	6	1	10	4	5	4	2.4	0.6243550051599609	0.32017990989999995	1
805	Iter0806	6	0	6	1	2	1	2.0	1.0	0.46342919163000007	1
806	Iter0807	9	6	11	3	7	0	0.4090909090909091	0.4269865067466328	0.6179553530000002	1
807	Iter0808	7	6	6	1	4	2	0.19444444444444445	0.3285345717234254	0.36831701955	1
808	Iter0809	7	1	11	7	4	7	4.454545454545455	0.3601638635963552	0.3002716818	1
809	Iter0810	4	0	8	4	4	1	2.7777777777777777	0.5164835164835125	0.39761106669999996	1
810	Iter0811	10	0	7	3	6	1	5.5	0.21052631578947376	0.543829042607	1
811	Iter0812	7	4	6	4	6	1	1.1666666666666667	1.0	0.42283325408651	1
812	Iter0813	5	1	7	2	5	3	1.4285714285714286	1.0	0.50154019617	1
813	Iter0814	8	0	6	0	8	1	1.2857142857142858	1.0	0.43493235189999985	1
814	Iter0815	8	2	8	1	7	2	0.5	1.0	0.5093627962	1
815	Iter0816	16	2	10	1	14	2	0.8	1.0	0.48096199999999995	1
816	Iter0817	8	2	7	5	7	1	2.8571428571428568	0.3808049535603714	0.51574052388	1
817	Iter0818	8	2	9	6	7	2	2.6666666666666665	0.4017890576243006	0.5312249480618999	1
818	Iter0819	11	1	6	2	8	1	3.6666666666666665	0.5368421052631589	0.4793270784000001	1
819	Iter0820	10	2	10	2	8	3	1.0	1.0	0.4782124401	1
820	Iter0821	13	2	17	3	11	7	1.1470588235294117	1.0	0.5801272982699999	1
821	Iter0822	8	1	12	2	6	0	1.3333333333333333	1.0	0.415472274	1
822	Iter0823	0	0	7	2	0	1	0.375	1.0	0.3380044433	1
823	Iter0824	13	1	9	1	12	1	1.4444444444444444	1.0	0.5827354425000001	1
824	Iter0825	6	1	6	0	6	0	0.5	1.0	0.5125237354999999	1
825	Iter0826	8	2	9	3	6	2	1.3333333333333333	1.0	0.3564370430999976	1
826	Iter0827	8	0	11	1	6	2	1.5	1.0	0.5019821927	1
827	Iter0828	3	1	8	6	3	3	2.25	1.0	0.44838645	1
828	Iter0829	10	2	6	1	6	1	0.8333333333333334	1.0	0.45231810299993636	1
829	Iter0830	1	2	4	4	1	2	0.5	1.0	0.5660659004299999	1
830	Iter0831	10	2	4	1	5	0	1.25	1.0	0.7222756599645997	1
831	Iter0832	15	2	8	1	9	2	0.9375	1.0	0.5375029078299054	1
832	Iter0833	7	1	8	6	7	1	5.25	0.19321699971854867	0.50452244	1
833	Iter0834	9	0	15	3	6	4	2.5	0.5292307692307701	0.5438134625000001	1
834	Iter0835	11	0	6	2	9	2	5.1428571428571415	0.1637426900584798	0.33859340999	1
835	Iter0836	10	1	15	2	7	7	1.3333333333333333	1.0	0.3610181482969999	1
836	Iter0837	8	1	8	1	4	1	1.0	1.0	0.489102423	1
837	Iter0838	19	3	9	1	17	0	0.7037037037037037	1.0	0.7733746599999999	1
838	Iter0839	8	2	3	3	7	1	4.0	0.29945054945054866	0.48580143999999986	1
839	Iter0840	7	0	17	1	5	3	0.8888888888888888	1.0	0.5481584071550799	1
840	Iter0841	9	1	8	2	8	1	2.25	1.0	0.634339677995899	1
841	Iter0842	12	5	5	1	10	0	0.48	1.0	0.533400914852886	1
842	Iter0843	7	3	6	3	6	2	1.1666666666666667	1.0	0.4321754687	1
843	Iter0844	17	2	4	3	10	0	6.375	0.10141380358771676	0.7339545062800001	1
844	Iter0845	6	1	5	3	5	1	3.6	0.5692307692307691	0.434049164528	1
845	Iter0846	0	0	5	5	0	1	1.0	1.0	0.5279451854999999	1
846	Iter0847	5	0	4	1	4	1	2.4	1.0	0.5880388758999999	1
847	Iter0848	11	0	6	3	9	1	6.857142857142858	0.07368421052631563	0.6267484465609998	1
848	Iter0849	14	0	6	4	11	2	10.714285714285717	0.01976284584980239	0.3050013592037	1
849	Iter0850	6	6	12	8	4	5	0.6666666666666666	0.7178314068772141	0.31925675446099994	1
850	Iter0851	13	4	7	1	6	3	0.4642857142857143	1.0	0.4579873240000001	1
851	Iter0852	4	1	5	1	3	3	0.8	1.0	0.3410594569605	1
852	Iter0853	11	1	4	2	8	0	5.5	0.24509803921568654	0.4390819632999999	1
853	Iter0854	8	1	11	0	7	2	0.375	0.4499999999999981	0.35202621614275	1
854	Iter0855	8	2	6	1	7	0	0.6666666666666666	1.0	0.49454853	1
855	Iter0856	0	0	8	2	0	2	0.3333333333333333	1.0	0.4136581192	1
856	Iter0857	5	1	6	1	3	2	0.8333333333333334	1.0	0.6695475305	1
857	Iter0858	9	2	6	7	8	0	5.25	0.1049266388477592	0.39310745717791	1
858	Iter0859	5	2	8	4	4	0	1.25	1.0	0.22710155060700002	1
859	Iter0860	11	1	11	1	9	2	1.0	1.0	0.5406054091836772	1
860	Iter0861	3	1	9	5	3	1	1.6666666666666663	1.0	0.5727348910000001	1
861	Iter0862	8	2	5	4	7	0	3.2	0.3498452012383894	0.43845091	1
862	Iter0863	9	1	9	3	8	1	3.0	0.5939849624060141	0.2924397426759999	1
863	Iter0864	7	0	8	2	6	3	2.6666666666666665	0.4852941176470576	0.22447337378	1
864	Iter0865	8	4	8	5	6	1	1.25	1.0	0.35010124699999995	1
865	Iter0866	6	2	11	4	6	3	1.0909090909090908	1.0	0.386726565486	1
866	Iter0867	19	2	10	4	15	1	3.8	0.19068914956011845	0.5630557641917651	1
867	Iter0868	5	3	8	5	3	1	1.0416666666666667	1.0	0.38798358047631987	1
868	Iter0869	9	2	10	4	8	1	1.8	0.6608695652173936	0.33650515652699997	1
869	Iter0870	9	2	2	4	8	1	9.0	0.10940530058177136	0.496162766224369	1
870	Iter0871	7	2	8	1	6	0	0.4375	1.0	0.37164703587732006	1
871	Iter0872	10	2	5	2	6	0	2.0	0.6026831785345728	0.41752084380000004	1
872	Iter0873	12	2	9	6	11	4	4.0	0.21475928702315775	0.4670401226630001	1
873	Iter0874	6	1	1	5	4	0	30.0	0.029137529137529237	0.46921493489999994	1
874	Iter0875	4	1	5	3	3	1	2.4	1.0	0.24288432989999995	1
875	Iter0876	4	3	6	2	3	1	0.4444444444444444	0.6083916083916068	0.47441725669999724	1
876	Iter0877	11	5	4	3	7	1	1.65	0.6570197873199641	0.42556206623540005	1
877	Iter0878	12	2	2	3	9	1	9.0	0.08436532507739991	0.49245582051829	1
878	Iter0879	0	0	5	3	0	2	0.6666666666666666	1.0	0.5451473437487	1
879	Iter0880	11	1	4	3	9	0	8.25	0.11738906088751296	0.44246287496136	1
880	Iter0881	8	2	7	2	6	2	1.1428571428571428	1.0	0.4249404983800001	1
881	Iter0882	7	3	14	0	3	1	0.13333333333333333	0.05928853754940745	0.31014101116399995	1
882	Iter0883	8	1	13	1	7	1	0.6153846153846154	1.0	0.480392054692	1
883	Iter0884	5	1	6	3	5	1	2.5	0.6043956043956027	0.55837851598	1
884	Iter0885	6	2	7	3	5	1	1.2857142857142856	1.0	0.5252227436967001	1
885	Iter0886	3	1	7	1	3	0	0.42857142857142855	1.0	0.59878060212	1
886	Iter0887	11	3	8	5	11	3	2.2916666666666665	0.4197101449275399	0.30670352781599997	1
887	Iter0888	4	0	8	2	4	0	1.6666666666666667	1.0	0.7144048207100001	1
888	Iter0889	4	1	9	3	3	2	1.3333333333333333	1.0	0.37847194069999995	1
889	Iter0890	9	1	14	4	8	3	2.571428571428572	0.6263736263736208	0.5534171570901136	1
890	Iter0891	5	2	7	1	5	0	0.35714285714285715	0.5692307692307675	0.3773035191206999	1
891	Iter0892	6	1	7	5	5	1	4.285714285714286	0.3330753353973148	0.58927095	1
892	Iter0893	12	0	6	2	8	3	5.571428571428571	0.14736842105263148	0.42352900592752146	1
893	Iter0894	9	1	8	6	7	0	6.75	0.17178073642604708	0.37831265264299996	1
894	Iter0895	5	1	6	3	4	0	2.5	0.6043956043956027	0.51100132465	1
895	Iter0896	9	1	6	5	7	2	7.5	0.14860681114551128	0.3891004642020394	1
896	Iter0897	2	1	8	0	2	3	0.16666666666666666	0.27272727272727204	0.39333511400000004	1
897	Iter0898	0	0	3	2	0	0	0.75	1.0	0.39299399789031	1
898	Iter0899	11	2	4	4	7	0	5.5	0.14617425917735505	0.3417869267342952	1
899	Iter0900	9	1	6	4	8	2	6.0	0.3034055727554188	0.5703123920500001	1
900	Iter0901	6	2	6	3	5	0	1.5	1.0	0.42775926510599993	1
901	Iter0902	8	3	10	4	4	0	1.0666666666666669	1.0	0.261405223	1
902	Iter0903	0	0	6	1	0	0	0.2857142857142857	1.0	0.812473892367865	1
903	Iter0904	11	0	4	2	8	0	7.199999999999998	0.11029411764705874	0.4517276303203999	1
904	Iter0905	6	1	9	2	5	1	1.3333333333333333	1.0	0.4594989308600449	1
905	Iter0906	11	3	4	2	9	0	1.8333333333333333	0.6126160990712118	0.6350878449297999	1
906	Iter0907	9	0	10	2	7	3	2.7272727272727275	0.4857142857142874	0.4628659809932001	1
907	Iter0908	2	1	13	5	2	3	0.7692307692307692	1.0	0.354697826303	1
908	Iter0909	10	3	12	3	8	3	0.8333333333333334	1.0	0.4210281493	1
909	Iter0910	0	0	11	0	0	0	0.08333333333333333	1.0	0.5334547617	1
910	Iter0911	7	1	7	1	6	1	1.0	1.0	0.32739671831701994	1
911	Iter0912	4	0	7	1	3	1	1.25	1.0	0.41557115575	1
912	Iter0913	9	2	7	2	7	0	1.2857142857142858	1.0	0.21181479244999998	1
913	Iter0914	0	0	10	3	0	2	0.3636363636363637	1.0	0.42518860914520007	1
914	Iter0915	5	1	12	1	4	1	0.4166666666666667	1.0	0.525461539668664	1
915	Iter0916	6	0	7	0	5	2	0.875	1.0	0.5369262069999999	1
916	Iter0917	7	2	8	2	5	0	0.875	1.0	0.42187326121499996	1
917	Iter0918	10	1	8	5	8	1	6.25	0.16598561621444846	0.5183515657000001	1
918	Iter0919	13	0	11	3	11	2	4.666666666666667	0.22222222222222468	0.55964267433	1
919	Iter0920	8	1	8	2	5	1	2.0	1.0	0.456425128008	1
920	Iter0921	7	2	12	1	6	1	0.2916666666666667	0.5441558441558411	0.3230062743831	1
921	Iter0922	8	1	3	5	6	1	13.333333333333336	0.049773755656108594	0.34360423688999997	1
922	Iter0923	0	0	6	3	0	0	0.5714285714285714	1.0	0.4921890421	1
923	Iter0924	0	0	5	2	0	1	0.5	1.0	0.7221195790009998	1
924	Iter0925	7	2	7	2	5	2	1.0	1.0	0.44226579499999996	1
925	Iter0926	11	1	6	2	11	1	3.6666666666666665	0.5368421052631589	0.5097948357000001	1
926	Iter0927	6	1	7	1	5	3	0.8571428571428571	1.0	0.6136549394999999	1
927	Iter0928	2	0	6	1	2	3	0.8571428571428571	1.0	0.49505462451079996	1
928	Iter0929	9	4	7	1	6	1	0.32142857142857145	0.6064671482628156	0.48296275795899996	1
929	Iter0930	4	1	4	1	3	1	1.0	1.0	0.33771164819383	1
930	Iter0931	4	2	6	3	3	0	1.0	1.0	0.43324020708	1
931	Iter0932	8	2	8	2	7	1	1.0	1.0	0.5162189249999999	1
932	Iter0933	3	0	10	3	3	2	1.4545454545454546	1.0	0.46222243691120585	1
933	Iter0934	9	1	8	5	9	2	5.625	0.17902463669054014	0.7411562396899999	1
934	Iter0935	12	2	7	3	9	0	2.5714285714285707	0.6146245059288562	0.6918286127000002	1
935	Iter0936	5	3	7	5	4	1	1.190476190476191	1.0	0.33205408	1
936	Iter0937	15	2	4	2	12	1	3.75	0.2704686617730102	0.5357112867189001	1
937	Iter0938	2	0	11	3	2	2	1.0	1.0	0.50716556192	1
938	Iter0939	12	2	5	4	7	1	4.8	0.16163927605575168	0.4551817232999999	1
939	Iter0940	11	1	12	2	10	1	1.8333333333333333	1.0	0.556068018529846	1
940	Iter0941	9	1	9	1	8	2	1.0	1.0	0.4072096187709999	1
941	Iter0942	12	3	10	2	10	8	0.8	1.0	0.49533781710000013	1
942	Iter0943	8	1	5	5	8	0	8.0	0.14086687306501508	0.4068712438	1
943	Iter0944	5	1	8	4	4	6	2.5	0.6148459383753487	0.5211610357001001	1
944	Iter0945	3	2	25	1	2	8	0.06	0.060066740823137225	0.420590357	1
945	Iter0946	3	0	5	2	2	0	2.0	1.0	0.4657894783447	1
946	Iter0947	12	4	7	2	8	0	0.8571428571428571	1.0	0.44325201126600006	1
947	Iter0948	10	2	3	1	7	1	1.6666666666666667	1.0	0.422351375	1
948	Iter0949	12	2	4	4	10	0	6.0	0.13650436251055492	0.6944939447719	1
949	Iter0950	11	1	7	3	10	0	4.714285714285714	0.29323308270676657	0.54213556113	1
950	Iter0951	5	3	13	2	5	3	0.25641025641025644	0.2968587476596622	0.246772328	1
951	Iter0952	7	2	6	1	6	0	0.5833333333333334	1.0	0.366292670993	1
952	Iter0953	8	1	7	3	4	0	3.4285714285714284	0.5820433436532524	0.439581240603	1
953	Iter0954	2	4	7	2	2	1	0.14285714285714285	0.13566433566433514	0.40284282499999996	1
954	Iter0955	7	0	4	0	5	0	1.6	1.0	0.3563355284	1
955	Iter0956	13	1	4	2	10	1	6.5	0.2017543859649133	0.4640432383180001	1
956	Iter0957	9	0	9	2	5	4	3.0	0.4789473684210542	0.44042842754000006	1
957	Iter0958	14	0	6	4	13	1	10.714285714285717	0.01976284584980239	0.49679190114387267	1
958	Iter0959	7	4	5	4	5	0	1.4	1.0	0.7347925871600001	1
959	Iter0960	12	3	8	2	7	1	1.0	1.0	0.35024123230000004	1
960	Iter0961	5	1	10	0	5	1	0.2727272727272727	0.37500000000000105	0.45559205584947	1
961	Iter0962	12	1	8	2	9	0	3.0	0.5595708639186864	0.4848231951100001	1
962	Iter0963	12	3	5	5	6	1	4.0	0.1935510713542765	0.4236906990479999	1
963	Iter0964	6	1	6	3	3	1	3.0	0.5846153846153819	0.553522040187359	1
964	Iter0965	9	1	6	3	7	0	4.5	0.30340557275541835	0.581644118	1
965	Iter0966	14	3	7	2	11	1	1.3333333333333337	1.0	0.5238600956	1
966	Iter0967	7	2	8	1	4	0	0.4375	1.0	0.537913827	1
967	Iter0968	8	0	8	4	7	0	5.0	0.11661506707946405	0.37153967144	1
968	Iter0969	16	0	7	3	13	0	8.5	0.04615384615384627	0.5862362699888871	1
969	Iter0970	8	1	5	3	6	1	4.8	0.2941176470588221	0.4107369195999999	1
970	Iter0971	3	3	10	1	3	5	0.1	0.09873949579831903	0.5725676336710002	1
971	Iter0972	8	0	6	3	8	2	5.142857142857143	0.2058823529411764	0.448072984407	1
972	Iter0973	0	0	5	4	0	1	0.8333333333333334	1.0	0.43956513007303094	1
973	Iter0974	7	1	7	6	6	2	6.0	0.1735810113519097	0.23953669399999997	1
974	Iter0975	11	0	15	7	6	8	6.0	0.06735879372141804	0.27081746928098005	1
975	Iter0976	6	2	8	0	4	3	0.2592592592592593	0.4666666666666665	0.6403519076489999	1
976	Iter0977	12	2	6	1	9	1	1.0	1.0	0.41765512683620193	1
977	Iter0978	1	0	10	3	1	1	0.7272727272727273	1.0	0.36402661960194005	1
978	Iter0979	8	3	10	4	6	0	1.0666666666666669	1.0	0.4288245479000001	1
979	Iter0980	0	0	9	2	0	0	0.3	1.0	0.6939006678539997	1
980	Iter0981	12	6	6	3	12	1	1.0	1.0	0.5860151712653601	1
981	Iter0982	13	1	4	2	12	0	6.5	0.2017543859649133	0.5279544420694	1
982	Iter0983	5	2	6	1	5	2	0.4166666666666667	1.0	0.36673624471	1
983	Iter0984	1	0	4	0	0	0	0.4	1.0	0.50580222956056	1
984	Iter0985	3	1	8	4	1	0	1.5	1.0	0.5191687102236	1
985	Iter0986	0	0	4	3	0	1	0.8	1.0	0.68078508533	1
986	Iter0987	0	0	11	3	0	1	0.3333333333333333	1.0	0.5159483721000001	1
987	Iter0988	5	1	9	2	2	2	1.1111111111111112	1.0	0.27857352180000006	1
988	Iter0989	8	0	8	2	7	1	3.0	0.4771241830065367	0.5159835899732016	1
989	Iter0990	9	4	10	5	6	4	1.125	1.0	0.4523698663000001	1
990	Iter0991	4	1	10	6	3	4	2.4	0.6243550051599633	0.5417389129000001	1
991	Iter0992	15	1	4	3	12	0	11.25	0.06719367588932795	0.5917403909499999	1
992	Iter0993	14	1	8	6	13	2	10.5	0.03518240879560268	0.655121721368	1
993	Iter0994	12	2	4	4	10	2	6.0	0.13650436251055492	0.5406864499999999	1
994	Iter0995	11	0	9	2	10	4	3.6	0.4761904761904777	0.6374983908	1
995	Iter0996	12	0	7	6	9	1	11.375	0.014906832298136613	0.31004128791680996	1
996	Iter0997	8	1	6	1	7	1	1.3333333333333333	1.0	0.4621728010379001	1
997	Iter0998	11	0	13	5	6	4	5.1428571428571415	0.12605785019578172	0.68694194047387	1
998	Iter0999	14	2	10	1	10	1	0.7	1.0	0.5754374055009001	1
999	Iter1000	13	1	8	4	12	1	6.5	0.14782608695652188	0.557932912	1
