	IterId	dN	dS	pN	pS	bdN	bpN	MkScore	FSPVal	SelCoef	PosSel
0	Iter0001	28	7	1	3	21	0	12.0	0.04486267644162358	0.30462282809169994	1
1	Iter0002	31	8	1	0	25	0	1.7777777777777777	1.0	0.4317005019252099	1
2	Iter0003	29	3	10	0	19	1	0.6818181818181818	1.0	0.44821053699999985	1
3	Iter0004	30	4	4	1	20	2	1.875	0.516712779870676	0.33954351912266995	1
4	Iter0005	25	10	8	0	18	0	0.26262626262626265	0.16528100663993475	0.48210741700000004	1
5	Iter0006	38	8	7	2	30	1	1.3571428571428572	0.6609947069955887	0.6337253793400002	1
6	Iter0007	33	6	6	1	23	2	0.9166666666666666	1.0	0.527932709257	1
7	Iter0008	26	3	5	0	16	0	1.125	1.0	0.3353598906	1
8	Iter0009	32	6	6	2	26	0	1.7777777777777777	0.6130726294429566	0.576253297274	1
9	Iter0010	22	4	6	0	15	2	0.6571428571428571	0.5661846496106848	0.3225165747999999	1
10	Iter0011	30	8	4	1	24	1	0.9375	1.0	0.5306643418	1
11	Iter0012	29	5	4	2	22	1	2.9	0.2786227523069649	0.485707978	1
12	Iter0013	28	3	6	2	20	0	3.111111111111111	0.2676927940085836	0.303375992633	1
13	Iter0014	23	3	1	1	17	0	7.666666666666668	0.2698412698412688	0.5427623632299999	1
14	Iter0015	22	2	7	0	16	2	0.9583333333333334	1.0	0.4120380527	1
15	Iter0016	23	8	7	0	21	0	0.3333333333333333	0.30743338328477265	0.4983954313	1
16	Iter0017	25	6	6	1	20	0	0.6944444444444445	1.0	0.53682985	1
17	Iter0018	18	5	4	1	14	2	0.9	1.0	0.2503276141	1
18	Iter0019	32	6	5	2	20	0	2.1333333333333333	0.5901624561862482	0.47508848269999987	1
19	Iter0020	31	4	2	3	25	1	11.625	0.029871977240398563	0.4963553821000001	1
20	Iter0021	32	4	4	3	21	0	6.0	0.07215273630176426	0.41273124605333	1
21	Iter0022	28	6	4	1	26	2	1.1666666666666667	1.0	0.6503325900000001	1
22	Iter0023	33	5	6	5	18	2	5.5	0.03272177134782549	0.336689180379	1
23	Iter0024	29	3	5	2	24	0	3.866666666666666	0.21304300251668945	0.3956351899999999	1
24	Iter0025	22	6	4	2	16	1	1.8333333333333333	0.6087155663155184	0.311850181438	1
25	Iter0026	33	6	9	1	22	1	0.6111111111111112	1.0	0.41048511739790006	1
26	Iter0027	31	4	5	0	23	2	1.0666666666666669	1.0	0.40491993582	1
27	Iter0028	24	7	1	3	14	0	10.285714285714286	0.06130634071810604	0.27774739986	1
28	Iter0029	33	3	0	2	20	0	25.5	0.014224751066856457	0.5442196465946971	1
29	Iter0030	30	4	7	4	20	0	4.285714285714286	0.08507994975439298	0.39935056600000013	1
30	Iter0031	28	8	5	2	22	2	1.4	0.6562921792046863	0.45647132004899993	1
31	Iter0032	20	3	9	2	14	0	1.4814814814814816	1.0	0.30468581982400006	1
32	Iter0033	33	5	1	1	25	0	6.6	0.2807692307692254	0.5266194142485301	1
33	Iter0034	27	9	8	0	22	4	0.3111111111111111	0.17496270029332733	0.5693352204691001	1
34	Iter0035	33	5	8	3	23	3	2.475	0.35548911817808937	0.5090303989998219	1
35	Iter0036	24	8	5	2	17	1	1.2	1.0	0.39814280510920164	1
36	Iter0037	27	6	3	0	23	1	1.0	1.0	0.4376084443452279	1
37	Iter0038	30	4	0	2	28	0	18.6	0.02380952380952361	0.7031966599999999	1
38	Iter0039	23	10	5	6	17	1	2.76	0.16943040197274115	0.3307446154550001	1
39	Iter0040	22	11	4	1	14	0	0.5	1.0	0.33889668214999996	1
40	Iter0041	25	4	5	3	17	0	3.75	0.15632037074162602	0.40941321592	1
41	Iter0042	35	7	3	2	25	0	3.333333333333333	0.2396848896859612	0.6078781332000002	1
42	Iter0043	24	8	5	2	19	3	1.2	1.0	0.2995451480211	1
43	Iter0044	28	5	5	3	21	2	3.3599999999999994	0.17243436548730492	0.35069801860600996	1
44	Iter0045	31	3	2	3	25	0	15.500000000000002	0.01921122973754607	0.592404977976394	1
45	Iter0046	27	3	2	2	21	0	9.0	0.09390633086079096	0.38857299573630005	1
46	Iter0047	29	5	8	3	20	1	2.1750000000000003	0.3823079449135297	0.5526489	1
47	Iter0048	35	5	3	2	23	1	4.666666666666667	0.1662455525189459	0.5448162750349905	1
48	Iter0049	25	3	2	0	17	0	2.1666666666666665	1.0	0.3361684236010502	1
49	Iter0050	33	5	11	1	24	6	0.6	1.0	0.47388682043999997	1
50	Iter0051	25	1	8	4	19	5	12.5	0.027218284184229072	0.408778988	1
51	Iter0052	17	3	4	4	11	1	5.666666666666668	0.1423330292895505	0.250754746	1
52	Iter0053	30	6	3	0	23	2	1.1071428571428572	1.0	0.4752914204879999	1
53	Iter0054	34	2	5	1	26	0	3.4	0.37804878048780943	0.5683295569996814	1
54	Iter0055	23	9	6	2	19	3	0.8518518518518517	1.0	0.3796683623000001	1
55	Iter0056	22	3	7	1	17	2	1.0476190476190477	1.0	0.39305301570000006	1
56	Iter0057	24	10	5	2	20	1	0.96	1.0	0.433696647	1
57	Iter0058	28	5	7	1	22	2	0.7999999999999999	1.0	0.4213847167	1
58	Iter0059	30	8	7	0	20	1	0.4305555555555556	0.32120656805850595	0.46099460985388496	1
59	Iter0060	33	5	4	2	25	2	3.3	0.23841572494436125	0.6080990083009542	1
60	Iter0061	33	4	7	0	25	0	0.85	1.0	0.6099382384600001	1
61	Iter0062	24	8	6	3	17	0	1.5	0.6804022931033382	0.46492062970000003	1
62	Iter0063	20	7	6	1	11	0	0.4761904761904762	1.0	0.22550813373295003	1
63	Iter0064	34	9	2	2	27	1	3.7777777777777777	0.22941720629047185	0.6858046326270001	1
64	Iter0065	23	6	8	0	17	2	0.3809523809523809	0.30528255528255865	0.3740476146270001	1
65	Iter0066	31	3	6	1	20	0	1.7222222222222223	0.5420558901945165	0.36317136352999996	1
66	Iter0067	26	6	5	0	18	0	0.6428571428571429	0.5668930963048708	0.31515739086329003	1
67	Iter0068	25	9	5	3	18	1	1.6666666666666663	0.6679734933906957	0.48900280451999995	1
68	Iter0069	21	4	2	2	18	0	5.25	0.1797819039198358	0.20800142454899997	1
69	Iter0070	17	6	9	1	10	3	0.3148148148148148	0.3968220862686909	0.20805410463	1
70	Iter0071	31	3	4	0	23	1	1.6	1.0	0.4517476222541899	1
71	Iter0072	29	5	12	3	18	5	1.45	0.6868696492214833	0.437245933623	1
72	Iter0073	38	10	13	5	21	1	1.4615384615384617	0.5305282845876531	0.44340576056457565	1
73	Iter0074	24	8	0	0	18	0	2.7777777777777777	1.0	0.30605684432300007	1
74	Iter0075	29	3	10	5	25	2	4.833333333333333	0.08938573717252121	0.49543419663999994	1
75	Iter0076	30	7	5	1	26	1	0.8571428571428571	1.0	0.4456228498729999	1
76	Iter0077	21	8	2	0	19	0	0.8148148148148149	1.0	0.41707011800000005	1
77	Iter0078	30	4	6	2	26	0	2.5	0.31927226920808816	0.5246494825	1
78	Iter0079	22	6	7	1	14	0	0.5238095238095238	1.0	0.25844548200000006	1
79	Iter0080	23	10	2	0	20	1	0.7272727272727272	1.0	0.4329727968	1
80	Iter0081	22	2	7	4	18	2	6.2857142857142865	0.0632285172133371	0.317545731	1
81	Iter0082	28	8	8	3	21	1	1.3125	0.7027134019947873	0.54917626865	1
82	Iter0083	31	2	6	2	21	1	5.166666666666667	0.1649254468253184	0.5706723146112002	1
83	Iter0084	23	7	6	0	17	1	0.42857142857142855	0.3171468000689945	0.32539704998833296	1
84	Iter0085	28	9	6	1	21	2	0.5185185185185185	1.0	0.40389218169999996	1
85	Iter0086	32	10	5	1	25	2	0.64	1.0	0.42152126409999996	1
86	Iter0087	21	5	13	1	15	5	0.3230769230769231	0.3990042674253216	0.3537153327999999	1
87	Iter0088	27	6	8	1	20	0	0.5625	1.0	0.569000508138511	1
88	Iter0089	28	5	9	1	18	3	0.6222222222222222	1.0	0.36458280437090007	1
89	Iter0090	29	6	7	3	24	2	2.071428571428571	0.3929316411926612	0.502956825	1
90	Iter0091	21	10	3	2	17	0	1.4	1.0	0.40099317050000005	1
91	Iter0092	19	11	10	3	14	4	0.5181818181818182	0.4909923837754695	0.3430828678413	1
92	Iter0093	28	8	6	0	20	1	0.4603174603174604	0.5756502457401073	0.40067947971600004	1
93	Iter0094	37	0	7	2	25	2	14.25	0.03478260869565245	0.62467961825	1
94	Iter0095	35	4	1	1	27	0	8.75	0.23170731707317416	0.608989669805	1
95	Iter0096	26	2	3	2	21	1	8.666666666666666	0.09934017595307833	0.49501032872	1
96	Iter0097	24	5	7	3	16	0	2.057142857142857	0.3988711480971541	0.4466125794999999	1
97	Iter0098	34	6	6	2	24	1	1.8888888888888893	0.6047465810919912	0.48302904063800006	1
98	Iter0099	39	8	10	3	30	3	1.4625	0.68985528319558	0.64438712892968	1
99	Iter0100	25	3	1	3	20	0	25.000000000000004	0.014877641824249428	0.4675470577517	1
100	Iter0101	25	7	5	0	19	2	0.5416666666666666	0.5599075010839831	0.379066114223	1
101	Iter0102	31	5	7	0	24	0	0.6666666666666666	0.5716436144683423	0.43127420844400005	1
102	Iter0103	29	9	4	0	22	2	0.6	0.5612972393460383	0.44604891443000005	1
103	Iter0104	35	6	6	2	27	0	1.9444444444444444	0.6011878768401127	0.6099687529000001	1
104	Iter0105	38	10	5	2	28	2	1.52	0.639490128813085	0.6290820625442148	1
105	Iter0106	20	8	9	2	16	6	0.5555555555555556	0.6926967914684012	0.4735310399999895	1
106	Iter0107	22	7	4	2	19	0	1.5714285714285714	0.6352670100298194	0.37174666544499996	1
107	Iter0108	19	5	2	4	12	0	7.6	0.04916003536693226	0.24456971279	1
108	Iter0109	20	8	5	1	16	2	0.5	1.0	0.401634523	1
109	Iter0110	30	6	13	1	21	2	0.38461538461538464	0.6565402405180588	0.4599817908	1
110	Iter0111	32	2	2	1	23	0	8.0	0.22985842985843166	0.44298240235650005	1
111	Iter0112	26	8	3	0	17	0	0.75	1.0	0.33119438430720005	1
112	Iter0113	26	9	8	1	19	3	0.3611111111111111	0.6585240481708771	0.34043792050599997	1
113	Iter0114	28	7	7	0	23	3	0.453125	0.3261483068928462	0.44182395	1
114	Iter0115	33	14	6	1	24	1	0.3928571428571429	0.6586431742508279	0.42730852436	1
115	Iter0116	25	12	6	2	16	4	0.6944444444444445	1.0	0.3054916756	1
116	Iter0117	23	9	9	1	17	4	0.2839506172839506	0.4038326757499142	0.44639480681200006	1
117	Iter0118	28	5	0	0	22	0	4.833333333333333	1.0	0.540435256819	1
118	Iter0119	26	12	5	1	19	0	0.4333333333333333	0.6523230031454607	0.51522160481635	1
119	Iter0120	28	5	6	1	21	1	0.9333333333333332	1.0	0.48036568421802	1
120	Iter0121	36	7	8	2	26	0	1.2857142857142858	1.0	0.5791233296229998	1
121	Iter0122	30	7	5	0	21	1	0.6458333333333334	0.5691386063658097	0.42403678699999997	1
122	Iter0123	19	3	6	3	15	2	3.1666666666666665	0.3204415162145987	0.46843055654967003	1
123	Iter0124	35	6	7	1	22	2	0.8333333333333333	1.0	0.5222108673870001	1
124	Iter0125	39	10	4	1	28	3	0.975	1.0	0.6964506537699999	1
125	Iter0126	30	6	8	1	20	1	0.625	1.0	0.3860207046	1
126	Iter0127	28	5	4	2	19	2	2.8	0.2901956493287787	0.43458025836	1
127	Iter0128	23	7	3	0	21	2	0.75	1.0	0.47188478999999994	1
128	Iter0129	28	5	2	3	21	1	8.4	0.05282682062867873	0.46173434878038994	1
129	Iter0130	18	4	4	3	12	3	3.375	0.3110463998769882	0.20730140700000002	1
130	Iter0131	35	3	1	3	26	0	35.0	0.006566604127579973	0.5903566385715399	1
131	Iter0132	30	6	7	1	24	2	0.7142857142857143	1.0	0.613437535470471	1
132	Iter0133	29	8	4	2	19	0	1.8125	0.6106982846093736	0.40919894509999993	1
133	Iter0134	36	4	5	0	28	1	1.2333333333333334	1.0	0.5371503151000001	1
134	Iter0135	25	8	8	0	15	4	0.32098765432098764	0.3177447895563249	0.29791702696000005	1
135	Iter0136	25	11	5	4	21	1	1.8181818181818183	0.4539079703422632	0.552648620034	1
136	Iter0137	27	7	6	1	21	0	0.6428571428571429	1.0	0.452144198	1
137	Iter0138	28	3	2	1	21	1	4.666666666666667	0.3215240641711227	0.36581640908756996	1
138	Iter0139	35	5	6	0	28	1	0.8571428571428571	1.0	0.6651071002000001	1
139	Iter0140	28	6	4	2	23	1	2.333333333333333	0.5802896013422232	0.5413321654395	1
140	Iter0141	32	6	7	3	27	2	2.2857142857142856	0.3697798250920995	0.7431693547200001	1
141	Iter0142	27	6	1	2	18	1	9.0	0.11764705882353213	0.4791668941899843	1
142	Iter0143	28	6	4	2	19	0	2.333333333333333	0.5802896013422232	0.38850678439499997	1
143	Iter0144	25	6	4	1	18	0	1.0416666666666667	1.0	0.41019662349999997	1
144	Iter0145	27	3	6	1	21	0	1.5	1.0	0.41612940623920003	1
145	Iter0146	19	4	4	1	14	1	1.1875	1.0	0.39581339625	1
146	Iter0147	38	6	4	3	25	0	4.75	0.09467191131771416	0.5200575179000001	1
147	Iter0148	32	5	8	2	22	1	1.6	0.6303500414260785	0.47574136803999995	1
148	Iter0149	26	5	4	0	19	0	0.9	1.0	0.34916118687400005	1
149	Iter0150	28	4	6	0	22	4	0.8285714285714285	1.0	0.4997531404	1
150	Iter0151	31	7	6	2	24	3	1.4761904761904765	0.6448923145216461	0.46564134356199993	1
151	Iter0152	27	4	13	5	19	6	2.5961538461538463	0.2586562076131972	0.4546961599999993	1
152	Iter0153	23	2	13	7	16	8	6.1923076923076925	0.0567025223860148	0.3259571438086091	1
153	Iter0154	29	8	2	1	20	0	1.8125	0.545040485829946	0.40861725992759995	1
154	Iter0155	33	5	4	0	26	0	1.1333333333333333	1.0	0.5273432354099999	1
155	Iter0156	29	2	12	0	23	1	0.7692307692307693	1.0	0.5043296932018799	1
156	Iter0157	29	13	8	4	20	5	1.1153846153846154	1.0	0.45814797739429985	1
157	Iter0158	30	5	4	5	23	1	7.5	0.018354763764800438	0.5283142544823999	1
158	Iter0159	35	4	9	3	25	2	2.9166666666666665	0.3336094030581576	0.5803005489109999	1
159	Iter0160	28	10	5	2	19	1	1.12	1.0	0.5307487353	1
160	Iter0161	27	7	6	1	18	1	0.6428571428571429	1.0	0.46821205040999997	1
161	Iter0162	31	7	5	1	23	0	0.8857142857142858	1.0	0.46752462860000005	1
162	Iter0163	26	2	5	1	20	2	2.6	0.4525401069518773	0.471378197563	1
163	Iter0164	28	9	6	4	23	0	2.074074074074074	0.4293711861807288	0.445155614	1
164	Iter0165	25	6	1	0	21	0	1.8571428571428568	1.0	0.43539139530000004	1
165	Iter0166	25	6	3	3	20	0	4.166666666666667	0.1404104639398794	0.3744128655173331	1
166	Iter0167	30	6	5	2	23	1	2.0	0.5970322101020289	0.4059875930000001	1
167	Iter0168	33	8	8	2	28	2	1.03125	1.0	0.711055257	1
168	Iter0169	30	7	6	3	26	2	2.142857142857143	0.3843705666049257	0.52837655876	1
169	Iter0170	26	10	4	2	20	1	1.3	1.0	0.44399214763	1
170	Iter0171	34	9	6	2	24	3	1.2592592592592593	1.0	0.6838445544799999	1
171	Iter0172	39	4	3	0	30	1	2.0	1.0	0.7110592881623802	1
172	Iter0173	28	7	12	3	20	4	1.0	1.0	0.49692106310000006	1
173	Iter0174	29	2	11	0	21	4	0.8333333333333334	1.0	0.3502060418	1
174	Iter0175	31	5	5	2	25	1	2.48	0.3178330985298768	0.5023033893576	1
175	Iter0176	25	6	4	3	22	0	3.1250000000000004	0.3224891793003216	0.48054291856796	1
176	Iter0177	30	8	5	2	26	1	1.5	0.6423152066940809	0.52882951766	1
177	Iter0178	25	10	4	2	15	0	1.25	1.0	0.2443856339971	1
178	Iter0179	22	6	4	2	16	1	1.8333333333333333	0.6087155663155184	0.34296759779999997	1
179	Iter0180	27	6	3	0	21	1	1.0	1.0	0.500721039331	1
180	Iter0181	36	6	1	1	28	0	6.0	0.2959830866807511	0.5362286761665	1
181	Iter0182	28	11	10	5	19	5	1.2727272727272727	0.7469420327684869	0.2959743655359988	1
182	Iter0183	25	5	8	1	20	3	0.625	1.0	0.501541640998413	1
183	Iter0184	36	5	10	0	25	7	0.5606060606060607	0.5688913863417348	0.564111450150172	1
184	Iter0185	30	3	4	2	23	0	5.0	0.1613545297755868	0.559361559	1
185	Iter0186	23	5	6	1	21	0	0.7666666666666666	1.0	0.43076495000000004	1
186	Iter0187	26	6	3	3	21	1	4.333333333333333	0.13106548710263732	0.4408122400000001	1
187	Iter0188	36	6	9	0	29	0	0.5285714285714286	0.574889419227443	0.6553808434589999	1
188	Iter0189	33	8	6	2	18	3	1.375	0.658942681261129	0.5126554788899788	1
189	Iter0190	35	7	4	6	23	0	7.5	0.009975147686593985	0.42393932466097	1
190	Iter0191	28	7	4	4	20	1	4.0	0.17182782227412596	0.33507190219999994	1
191	Iter0192	33	5	6	1	25	2	1.1	1.0	0.48896563817699984	1
192	Iter0193	27	6	5	1	20	1	0.9	1.0	0.4135670665412797	1
193	Iter0194	23	4	9	1	17	5	0.6388888888888888	1.0	0.279609677	1
194	Iter0195	32	5	5	2	22	0	2.56	0.3066658093376781	0.4449070066	1
195	Iter0196	26	5	12	4	19	2	1.7333333333333334	0.4658446286993298	0.3420883189	1
196	Iter0197	37	9	4	1	25	0	1.0277777777777777	1.0	0.5885258196170202	1
197	Iter0198	34	8	3	2	28	0	2.833333333333333	0.28527340396194506	0.6139780253000001	1
198	Iter0199	23	9	6	0	18	1	0.3428571428571429	0.30313172728033083	0.434097541	1
199	Iter0200	27	8	6	1	18	4	0.5625	1.0	0.31186614273400004	1
200	Iter0201	31	10	2	0	24	0	0.9696969696969696	1.0	0.596194935367	1
201	Iter0202	25	7	4	0	19	1	0.65	0.5657754010695133	0.38503649436780013	1
202	Iter0203	24	3	2	1	19	0	4.0	0.35960591133004943	0.36246389199999995	1
203	Iter0204	28	9	8	2	22	3	0.7777777777777778	1.0	0.40047842070000006	1
204	Iter0205	28	9	3	1	23	3	1.037037037037037	1.0	0.5657191845854584	1
205	Iter0206	27	3	4	1	22	1	2.25	0.4766042780748739	0.48096543840000006	1
206	Iter0207	25	5	6	2	20	0	1.6666666666666667	0.6236050996112862	0.439960535278	1
207	Iter0208	23	6	5	2	19	0	1.5333333333333334	0.6389511816456769	0.5777372399	1
208	Iter0209	34	8	6	2	23	0	1.4166666666666667	0.6527416391022458	0.5372705653899998	1
209	Iter0210	39	4	9	4	30	1	4.333333333333333	0.07444285890456799	0.6417265757799999	1
210	Iter0211	30	4	6	0	22	0	0.8857142857142858	1.0	0.49504348621125777	1
211	Iter0212	33	7	4	3	24	2	3.535714285714286	0.15475576436808244	0.5605509800000001	1
212	Iter0213	27	4	10	2	19	3	1.35	1.0	0.3613946411507	1
213	Iter0214	28	6	3	1	22	1	1.5555555555555556	1.0	0.543607132	1
214	Iter0215	28	9	5	4	23	1	2.4888888888888894	0.2461959604429209	0.5135607247970002	1
215	Iter0216	33	7	2	3	23	0	7.071428571428572	0.06466250709018405	0.5676393638518	1
216	Iter0217	24	5	2	0	18	0	1.3888888888888893	1.0	0.4457160094628999	1
217	Iter0218	37	6	6	2	29	3	2.055555555555556	0.5951509560738588	0.7281911561135368	1
218	Iter0219	24	5	2	0	18	1	1.3888888888888893	1.0	0.43829185500000006	1
219	Iter0220	32	4	5	1	26	2	1.6	0.556828280833413	0.5880295724387999	1
220	Iter0221	29	4	5	1	25	3	1.45	1.0	0.5168952477641322	1
221	Iter0222	29	11	7	3	24	1	1.1298701298701297	1.0	0.4381076848	1
222	Iter0223	34	9	5	4	24	2	3.0222222222222217	0.20288885952160365	0.5659448553999196	1
223	Iter0224	27	6	5	3	20	2	2.7	0.34153038603692304	0.43196047998750003	1
224	Iter0225	27	5	12	2	19	1	0.9	1.0	0.4173877466833	1
225	Iter0226	27	2	4	1	16	1	3.375	0.3893716577540132	0.3244179596518	1
226	Iter0227	28	5	5	0	24	0	0.8055555555555555	1.0	0.425497375	1
227	Iter0228	35	6	6	3	27	1	2.9166666666666665	0.3337344967460113	0.6686449890242	1
228	Iter0229	24	4	9	3	21	4	2.0	0.4095891557191952	0.37284584000000004	1
229	Iter0230	30	13	4	1	21	0	0.5769230769230769	1.0	0.486889511721	1
230	Iter0231	35	8	6	1	23	1	0.7291666666666666	1.0	0.45891674221100004	1
231	Iter0232	27	5	10	2	17	1	1.08	1.0	0.3298202169710901	1
232	Iter0233	31	5	2	4	22	0	12.4	0.013490828638454171	0.3764180432	1
233	Iter0234	36	3	1	1	29	0	12.0	0.18780487804877616	0.7208206654839091	1
234	Iter0235	26	8	2	4	20	0	6.5	0.05476529160739668	0.46849655374044	1
235	Iter0236	25	5	4	3	19	0	3.75	0.15632037074162605	0.50387435077	1
236	Iter0237	31	7	6	4	27	1	2.952380952380953	0.20641197652777127	0.47512443168300006	1
237	Iter0238	28	5	3	3	20	1	5.6	0.08766995144704336	0.35358254013409995	1
238	Iter0239	27	12	2	2	23	0	2.25	0.5854792966534217	0.4094218741000001	1
239	Iter0240	23	3	6	1	16	2	1.2777777777777781	1.0	0.349848896231968	1
240	Iter0241	31	4	4	1	18	2	1.9375	0.5066442961179742	0.3230265258357999	1
241	Iter0242	28	4	7	1	19	1	1.0	1.0	0.41084454082999994	1
242	Iter0243	28	5	8	1	22	1	0.7	1.0	0.5706737445232101	1
243	Iter0244	27	5	9	2	19	0	1.2000000000000002	1.0	0.36623922588130003	1
244	Iter0245	32	5	1	0	27	0	2.75	1.0	0.6619901525999998	1
245	Iter0246	36	6	6	0	27	2	0.7551020408163265	1.0	0.7761407891715779	1
246	Iter0247	29	7	2	2	19	0	4.142857142857143	0.21304300251668865	0.502775175969	1
247	Iter0248	31	8	6	0	26	3	0.5079365079365079	0.5718661372659829	0.4588710900999997	1
248	Iter0249	28	6	7	0	25	2	0.5178571428571429	0.566809625859684	0.5476357800000001	1
249	Iter0250	21	4	6	1	19	0	0.875	1.0	0.42469899188500004	1
250	Iter0251	27	3	4	1	18	0	2.25	0.4766042780748739	0.4160593480638	1
251	Iter0252	30	6	9	4	21	0	2.2222222222222223	0.4222626517911001	0.533401018426	1
252	Iter0253	25	8	3	3	22	0	3.125	0.3234875742615769	0.39601333850000003	1
253	Iter0254	28	4	2	1	20	0	3.5	0.3796791443850255	0.48344103000000005	1
254	Iter0255	23	5	2	4	16	0	9.2	0.030510727903255968	0.3443242060979999	1
255	Iter0256	31	5	8	3	25	1	2.325	0.3673134106725512	0.5447614618144999	1
256	Iter0257	26	3	3	1	22	1	2.888888888888889	0.419574780058642	0.3938347548999999	1
257	Iter0258	33	6	4	0	25	2	0.9714285714285712	1.0	0.6598840079139999	1
258	Iter0259	20	6	5	2	15	0	1.3333333333333337	1.0	0.477312387079	1
259	Iter0260	33	4	6	1	23	1	1.375	1.0	0.4617883473686999	1
260	Iter0261	35	7	8	5	26	0	3.125	0.12853756288921275	0.5533470627000001	1
261	Iter0262	30	5	6	0	24	1	0.7380952380952381	1.0	0.4781145730400001	1
262	Iter0263	28	7	6	3	18	0	2.0	0.40241708429903855	0.390249389962	1
263	Iter0264	26	4	10	2	19	5	1.3	1.0	0.5599104823400001	1
264	Iter0265	22	6	5	6	19	0	4.4	0.061488936702883815	0.4638554100000001	1
265	Iter0266	21	9	10	2	15	1	0.4666666666666667	0.46377021647919797	0.29729456465299997	1
266	Iter0267	22	4	2	4	16	0	11.0	0.022834013100976387	0.34226473663000007	1
267	Iter0268	30	12	3	0	24	1	0.5961538461538461	0.5534883720930073	0.5093368450000001	1
268	Iter0269	36	6	7	0	27	3	0.6607142857142857	0.5741737448490526	0.6687239623799607	1
269	Iter0270	35	14	6	1	21	1	0.4166666666666667	0.6607120034977829	0.500709371381997	1
270	Iter0271	26	10	4	0	22	3	0.4909090909090909	0.5557500820658701	0.5195050965463001	1
271	Iter0272	34	2	12	3	23	5	4.25	0.14422492401215373	0.34432877880000007	1
272	Iter0273	25	5	3	2	19	0	3.333333333333333	0.2557572882525465	0.41252767463600004	1
273	Iter0274	30	2	7	1	22	2	2.142857142857143	0.4979757085020125	0.4638944933964822	1
274	Iter0275	28	7	6	2	22	3	1.3333333333333333	1.0	0.3984758292	1
275	Iter0276	31	8	5	2	23	2	1.55	0.636094601593143	0.5206296533227001	1
276	Iter0277	26	10	3	0	20	1	0.6136363636363636	0.555750082065873	0.4047795708170459	1
277	Iter0278	26	6	2	3	20	1	6.5	0.08122561063737742	0.4743075499779999	1
278	Iter0279	21	9	4	0	19	0	0.4400000000000001	0.5536484388476846	0.35504517	1
279	Iter0280	34	7	3	2	23	0	3.2380952380952377	0.24836841621472466	0.5812535378517001	1
280	Iter0281	28	9	4	2	23	0	1.5555555555555556	0.6366517323020631	0.49201785622800004	1
281	Iter0282	27	6	3	0	22	1	1.0	1.0	0.44658130041893007	1
282	Iter0283	26	7	6	2	20	0	1.238095238095238	1.0	0.41384654582043984	1
283	Iter0284	32	3	3	3	26	0	10.666666666666666	0.031144109449629413	0.5912080820199999	1
284	Iter0285	31	7	8	1	24	2	0.5535714285714286	1.0	0.629722814933	1
285	Iter0286	17	5	8	2	15	3	0.85	1.0	0.38939258000000015	1
286	Iter0287	28	6	11	0	23	3	0.3452380952380953	0.3110552899548761	0.3764256785397	1
287	Iter0288	23	3	12	3	15	1	1.9166666666666667	0.6508864448530686	0.34142892144	1
288	Iter0289	34	5	3	3	26	0	6.8	0.0594028773268674	0.7095539232753567	1
289	Iter0290	37	9	4	1	30	2	1.0277777777777777	1.0	0.7262730199999999	1
290	Iter0291	23	4	3	3	19	1	5.75	0.09293154009505264	0.38606182181800003	1
291	Iter0292	27	9	8	2	24	4	0.75	1.0	0.48107550399969184	1
292	Iter0293	29	6	8	2	16	4	1.2083333333333333	1.0	0.35104426257	1
293	Iter0294	34	8	4	0	26	0	0.7777777777777778	1.0	0.6259002678000002	1
294	Iter0295	29	5	7	6	20	1	4.9714285714285715	0.048875929628804334	0.446624697299	1
295	Iter0296	32	9	4	1	20	0	0.8888888888888888	1.0	0.4614079128022956	1
296	Iter0297	30	7	2	1	22	0	2.142857142857143	0.4979757085020125	0.539920013685	1
297	Iter0298	34	2	7	0	23	2	1.4583333333333333	1.0	0.4687780363236	1
298	Iter0299	33	7	3	3	24	1	4.714285714285714	0.10658709216010416	0.48765932979645005	1
299	Iter0300	24	11	1	3	17	0	6.545454545454545	0.12280701754386038	0.44717056818780004	1
300	Iter0301	40	5	2	2	26	0	8.0	0.09244086163605546	0.5505681972504297	1
301	Iter0302	28	7	4	1	24	2	1.0	1.0	0.4522114890200001	1
302	Iter0303	29	4	3	4	18	0	9.666666666666666	0.02016138548646325	0.320053958793	1
303	Iter0304	22	3	2	3	18	0	11.0	0.041303524062144624	0.3780769	1
304	Iter0305	30	6	5	3	26	1	3.0	0.3288231291634585	0.578245405	1
305	Iter0306	26	2	12	3	18	4	3.25	0.32359614293817546	0.30363618329637665	1
306	Iter0307	32	3	4	1	19	2	2.6666666666666665	0.42707079549184895	0.46754812640000004	1
307	Iter0308	33	8	7	2	27	5	1.1785714285714286	1.0	0.6131988914730001	1
308	Iter0309	31	2	11	1	24	2	1.4090909090909092	1.0	0.47396240399999995	1
309	Iter0310	25	4	6	2	21	0	2.083333333333333	0.5913426795779844	0.31290737360000004	1
310	Iter0311	28	9	9	4	18	1	1.3827160493827158	0.7192631648935025	0.35292476228941	1
311	Iter0312	25	4	5	1	18	2	1.25	1.0	0.39315737999999995	1
312	Iter0313	27	7	7	1	17	2	0.5510204081632654	1.0	0.4203644740000001	1
313	Iter0314	35	7	8	2	27	5	1.25	1.0	0.7131700629999999	1
314	Iter0315	33	5	4	3	26	1	4.95	0.09433221344735136	0.6068836471583599	1
315	Iter0316	28	7	2	1	20	1	2.0	0.5187292555713519	0.5088957331	1
316	Iter0317	23	13	0	1	16	0	3.4285714285714284	0.3783783783783901	0.28660673933840003	1
317	Iter0318	17	6	10	0	10	1	0.2337662337662338	0.1445355951056711	0.17794450200000003	1
318	Iter0319	26	6	9	2	20	5	0.9629629629629628	1.0	0.49839156300000004	1
319	Iter0320	29	6	1	1	20	0	4.833333333333333	0.3468468468468512	0.31490343894100004	1
320	Iter0321	33	6	5	1	28	2	1.1	1.0	0.6619133211999999	1
321	Iter0322	28	4	8	1	21	1	0.875	1.0	0.47140926529999994	1
322	Iter0323	27	8	3	2	18	0	2.25	0.5835157019367483	0.2880586672	1
323	Iter0324	22	6	6	1	17	1	0.6111111111111109	1.0	0.33655914970300005	1
324	Iter0325	33	7	3	1	26	2	1.5714285714285714	0.5660805445263793	0.47819575783209	1
325	Iter0326	27	7	9	1	21	0	0.4285714285714286	0.6585240481708876	0.5363007463199999	1
326	Iter0327	30	5	8	2	20	4	1.5	0.6423152066940765	0.5034475890783001	1
327	Iter0328	24	9	5	2	17	2	1.0666666666666669	1.0	0.35204153938	1
328	Iter0329	30	7	4	6	25	1	6.428571428571429	0.0174961751859415	0.56856067	1
329	Iter0330	29	10	4	2	25	1	1.45	0.6503362774491364	0.48793988793000004	1
330	Iter0331	20	5	3	5	16	1	6.666666666666668	0.036172670488576635	0.4547725506000001	1
331	Iter0332	33	6	5	5	27	0	5.5	0.032721771347825016	0.523279814128	1
332	Iter0333	32	10	3	0	23	1	0.75	1.0	0.41085604259509506	1
333	Iter0334	24	5	4	4	21	0	4.8	0.07836182741306247	0.43455512235000004	1
334	Iter0335	31	8	7	3	28	2	1.6607142857142856	0.6727001528425332	0.6602341299999999	1
335	Iter0336	24	5	3	1	22	1	1.6	1.0	0.64860273	1
336	Iter0337	34	4	3	1	27	0	2.833333333333333	0.40994371482176506	0.5832004598	1
337	Iter0338	28	4	6	1	23	1	1.1666666666666667	1.0	0.39134240548244986	1
338	Iter0339	24	2	4	1	20	2	3.0	0.42157953281424176	0.494151514691	1
339	Iter0340	25	4	4	1	20	2	1.5625	1.0	0.38008265930000007	1
340	Iter0341	26	4	4	3	23	0	4.875	0.10787470453030357	0.4433968567804	1
341	Iter0342	31	5	3	0	27	0	1.3333333333333333	1.0	0.4940557376979999	1
342	Iter0343	25	7	3	1	20	1	1.1904761904761905	1.0	0.42198661875	1
343	Iter0344	34	8	10	2	28	1	0.85	1.0	0.5903186442444002	1
344	Iter0345	29	4	3	6	23	1	14.5	0.002472729875886362	0.624457674721	1
345	Iter0346	31	6	9	3	25	2	1.7222222222222223	0.6692548912934986	0.46663961270949994	1
346	Iter0347	31	2	6	3	26	2	7.75	0.057173891576972814	0.62615331487	1
347	Iter0348	21	8	7	1	16	1	0.375	0.6487092578174349	0.28989794461	1
348	Iter0349	32	8	3	0	25	1	0.9166666666666666	1.0	0.6332199700000001	1
349	Iter0350	27	9	3	1	21	0	1.0	1.0	0.578498724921	1
350	Iter0351	25	5	8	0	20	0	0.4814814814814815	0.5632164672412416	0.523947442984	1
351	Iter0352	31	6	0	0	21	0	4.571428571428571	1.0	0.35606738356057	1
352	Iter0353	30	8	7	2	24	1	1.0714285714285714	1.0	0.43779365600000003	1
353	Iter0354	23	4	7	0	22	3	0.6	0.5585000862515046	0.6212181699999999	1
354	Iter0355	21	3	4	1	18	1	1.75	0.5526083112290037	0.48533768854039994	1
355	Iter0356	27	5	8	3	21	3	2.0250000000000004	0.4009663694710015	0.4957863097	1
356	Iter0357	25	4	4	3	19	1	4.6875	0.11594898223218755	0.38258501265000006	1
357	Iter0358	30	10	1	2	24	0	6.0	0.1836155903087248	0.4572645555997009	1
358	Iter0359	34	6	5	3	21	2	3.4	0.15885131788638066	0.4932465238631	1
359	Iter0360	33	6	2	2	24	0	5.5	0.1514463981849059	0.4806576134216329	1
360	Iter0361	33	4	1	0	22	0	3.4	1.0	0.56642218109776	1
361	Iter0362	20	4	7	3	9	0	2.142857142857143	0.3942615978538235	0.17722431499999997	1
362	Iter0363	26	6	4	2	23	2	2.1666666666666665	0.5870410235735259	0.3795806547296	1
363	Iter0364	23	4	3	3	15	1	5.75	0.09293154009505264	0.381271781091	1
364	Iter0365	24	4	2	3	19	0	9.0	0.05185054100515694	0.376700028	1
365	Iter0366	26	9	10	0	20	1	0.2454545454545455	0.17313102852105572	0.39473029699677	1
366	Iter0367	36	9	3	3	24	1	4.0	0.13377341685980595	0.4704697308410001	1
367	Iter0368	32	8	8	3	19	1	1.5	0.6842243093837921	0.42491295522140005	1
368	Iter0369	27	4	9	0	23	1	0.5599999999999999	0.5573366889156409	0.5498507972730001	1
369	Iter0370	29	12	4	0	22	2	0.4615384615384615	0.560575858250264	0.5275336335	1
370	Iter0371	22	4	5	1	16	2	1.1	1.0	0.38055582361500134	1
371	Iter0372	39	4	5	0	28	0	1.3333333333333333	1.0	0.742858182	1
372	Iter0373	26	3	9	2	18	5	1.9259259259259256	0.6029516358463641	0.276078439225	1
373	Iter0374	31	10	4	2	21	0	1.55	0.6372006970289997	0.32904543416750004	1
374	Iter0375	27	8	8	6	19	3	2.53125	0.1811545724772448	0.46479833881160004	1
375	Iter0376	23	7	4	0	16	1	0.6	0.5585000862515099	0.29090372382	1
376	Iter0377	44	5	6	0	34	0	1.0714285714285714	1.0	0.7727152715999999	1
377	Iter0378	24	7	9	0	18	4	0.3125	0.17470778113193225	0.25730375418773	1
378	Iter0379	21	6	6	1	16	3	0.5833333333333334	1.0	0.3629270204	1
379	Iter0380	30	9	5	1	25	0	0.6666666666666667	1.0	0.41132676934293005	1
380	Iter0381	30	5	3	0	20	0	1.2916666666666667	1.0	0.34734389933320003	1
381	Iter0382	34	7	2	2	24	0	4.857142857142857	0.1733615221987265	0.5067849376	1
382	Iter0383	32	4	3	0	24	0	1.65	1.0	0.5506794241999999	1
383	Iter0384	22	7	2	2	18	0	3.1428571428571432	0.29516129032257304	0.34953676199999995	1
384	Iter0385	27	2	3	2	20	1	9.0	0.09390633086079096	0.413329699	1
385	Iter0386	26	2	5	0	16	2	1.5	1.0	0.30564304371100004	1
386	Iter0387	33	7	5	1	30	2	0.9428571428571428	1.0	0.5488224399999999	1
387	Iter0388	39	7	3	3	32	0	5.571428571428571	0.07707849097085451	0.6603038052000001	1
388	Iter0389	30	8	3	2	22	0	2.5	0.5749004257228928	0.5600959995329213	1
389	Iter0390	27	3	2	1	22	1	4.5	0.3302785923753601	0.4902940275895	1
390	Iter0391	26	8	6	3	19	1	1.625	0.6717239589138437	0.35370380791999995	1
391	Iter0392	32	5	1	1	26	0	6.4	0.2874493927125523	0.667841689945	1
392	Iter0393	26	3	1	2	19	0	17.333333333333332	0.05645161290322565	0.21024769920299996	1
393	Iter0394	23	2	5	1	16	2	2.3	0.488320355951057	0.300308329762	1
394	Iter0395	27	5	10	4	24	1	2.16	0.4225856813795188	0.5654226279997949	1
395	Iter0396	32	6	3	0	21	2	1.1785714285714286	1.0	0.5339091324190001	1
396	Iter0397	31	11	5	1	26	2	0.5636363636363637	1.0	0.5438943963	1
397	Iter0398	32	3	10	3	24	1	3.2	0.3232866495994921	0.48400122139868007	1
398	Iter0399	28	6	8	3	20	1	1.7500000000000002	0.6661124026559481	0.4210581809058999	1
399	Iter0400	29	10	9	3	20	4	0.9666666666666668	1.0	0.3848565924980001	1
400	Iter0401	36	6	3	0	27	1	1.3214285714285714	1.0	0.6807372713720296	1
401	Iter0402	23	5	9	0	19	3	0.4	0.3066917184564329	0.45051505000000003	1
402	Iter0403	21	7	4	4	18	2	3.0	0.21366878230714054	0.36641756999999997	1
403	Iter0404	25	3	5	3	18	2	5.0	0.10859065033638236	0.3630273726	1
404	Iter0405	33	5	6	2	25	1	2.2	0.5873782337418905	0.58301573948	1
405	Iter0406	19	7	4	2	16	1	1.3571428571428572	1.0	0.41201496242	1
406	Iter0407	32	7	4	3	21	2	3.4285714285714284	0.16318528200449034	0.4558444257268999	1
407	Iter0408	16	5	4	4	12	0	3.2	0.20893259663874567	0.2647475563	1
408	Iter0409	25	6	7	6	20	1	3.571428571428572	0.13469127316196952	0.46871193883300005	1
409	Iter0410	25	4	6	0	15	1	0.7428571428571429	1.0	0.47953579397607116	1
410	Iter0411	33	4	7	4	28	2	4.714285714285714	0.06811905532733238	0.5092057913800001	1
411	Iter0412	29	6	4	3	21	1	3.625	0.15546078318864195	0.4267367187016901	1
412	Iter0413	18	6	12	0	15	5	0.2087912087912088	0.07933495979036738	0.31739831153784964	1
413	Iter0414	22	2	4	4	17	0	11.0	0.022834013100976568	0.419808147391	1
414	Iter0415	35	6	6	2	24	1	1.9444444444444444	0.6011878768401127	0.5076155015869	1
415	Iter0416	26	4	5	2	16	4	2.6	0.3154989882931146	0.2635023572683	1
416	Iter0417	34	15	5	0	29	0	0.3645833333333333	0.3064496238746952	0.7116319247910001	1
417	Iter0418	42	2	7	5	31	2	15.000000000000002	0.003409317282791122	0.6542165765999998	1
418	Iter0419	30	6	7	1	19	1	0.7142857142857143	1.0	0.48503812868949997	1
419	Iter0420	25	5	7	2	17	0	1.4285714285714286	0.6525585534873457	0.408836090639	1
420	Iter0421	23	6	8	1	19	0	0.4791666666666667	1.0	0.3168700063404599	1
421	Iter0422	28	9	9	1	20	0	0.34567901234567894	0.6644769209155709	0.49733324659329986	1
422	Iter0423	33	5	6	1	23	2	1.1	1.0	0.6178423391973401	1
423	Iter0424	25	5	7	3	18	1	2.142857142857143	0.3878412609062725	0.42045610519999993	1
424	Iter0425	31	5	6	2	22	1	2.066666666666667	0.5933688665575013	0.4933425799070304	1
425	Iter0426	33	7	1	1	28	0	4.714285714285714	0.3484320557491279	0.5833722334729	1
426	Iter0427	20	9	5	2	14	0	0.8888888888888891	1.0	0.268278671113271	1
427	Iter0428	27	5	5	0	17	0	0.7777777777777778	1.0	0.34836647831741624	1
428	Iter0429	31	2	7	2	24	3	4.428571428571429	0.1957116054677089	0.7269377790800001	1
429	Iter0430	29	5	6	2	21	5	1.9333333333333331	0.6011898142835211	0.45129944599999994	1
430	Iter0431	35	9	4	1	20	1	0.9722222222222222	1.0	0.5424685381737555	1
431	Iter0432	34	6	2	2	24	0	5.666666666666668	0.14531016346104525	0.4608004335611882	1
432	Iter0433	31	10	5	5	24	0	3.1	0.13549346765791107	0.38728508242709997	1
433	Iter0434	31	7	2	1	24	0	2.2142857142857144	0.4881801125703694	0.495369021906709	1
434	Iter0435	21	4	6	2	15	4	1.75	0.6162402669632787	0.26873024	1
435	Iter0436	27	4	9	0	22	1	0.5599999999999999	0.5573366889156409	0.487337048818	1
436	Iter0437	27	5	4	2	22	1	2.7	0.30246993404887845	0.4538630207905999	1
437	Iter0438	37	5	6	1	26	2	1.2333333333333334	1.0	0.5860370365472002	1
438	Iter0439	25	5	1	2	16	1	10.0	0.10648826979471944	0.4216762947728231	1
439	Iter0440	31	6	2	2	25	1	5.166666666666667	0.1649254468253184	0.47133052868119996	1
440	Iter0441	22	2	7	0	15	3	0.9583333333333334	1.0	0.3563946707498001	1
441	Iter0442	33	6	2	1	18	0	2.75	0.4298780487804764	0.3374740560300001	1
442	Iter0443	28	6	4	2	27	2	2.333333333333333	0.5802896013422232	0.50268523	1
443	Iter0444	28	4	6	0	23	3	0.8285714285714285	1.0	0.480937921107	1
444	Iter0445	29	3	7	2	24	1	2.761904761904762	0.29941633150876196	0.5352654561999999	1
445	Iter0446	32	5	4	1	24	1	1.6	0.556828280833413	0.5221095658858064	1
446	Iter0447	28	7	0	3	20	0	14.5	0.014224751066856256	0.45695554939215505	1
447	Iter0448	34	5	8	5	27	1	4.25	0.09700059315079526	0.6629578669673839	1
448	Iter0449	20	6	4	0	17	2	0.6	0.5568691844553928	0.41557389299999997	1
449	Iter0450	27	2	3	1	19	1	4.5	0.3302785923753601	0.35294563299856796	1
450	Iter0451	23	7	2	2	18	0	3.2857142857142856	0.28087804036570824	0.36954131310000005	1
451	Iter0452	29	5	6	0	18	2	0.7142857142857143	1.0	0.4187850960850001	1
452	Iter0453	34	4	5	2	24	0	3.4	0.2296833909142415	0.4626383059609999	1
453	Iter0454	22	4	8	3	19	1	2.0625	0.40260825341471135	0.5310231044	1
454	Iter0455	28	5	1	4	25	0	22.4	0.007530750564806294	0.5319040859999999	1
455	Iter0456	18	7	4	1	14	2	0.6428571428571429	1.0	0.28889733959999997	1
456	Iter0457	26	5	5	0	21	1	0.75	1.0	0.4508056183415601	1
457	Iter0458	28	5	6	2	19	0	1.8666666666666665	0.6058816988213693	0.6281127729225999	1
458	Iter0459	26	7	11	2	21	2	0.6753246753246753	1.0	0.5270296826	1
459	Iter0460	26	5	3	0	19	1	1.125	1.0	0.492202236	1
460	Iter0461	30	7	6	2	21	0	1.4285714285714286	0.6514590284778294	0.43574807784856995	1
461	Iter0462	26	4	2	0	21	1	1.8	1.0	0.5557943472019999	1
462	Iter0463	31	12	4	0	24	3	0.4923076923076923	0.5596669750231116	0.5339874134358044	1
463	Iter0464	25	4	3	3	15	0	6.25	0.0791573227531489	0.284481543054	1
464	Iter0465	30	9	8	1	26	2	0.4166666666666667	0.6613742343778477	0.592072399	1
465	Iter0466	30	2	1	2	24	0	30.0	0.029029793735676292	0.5180427170179799	1
466	Iter0467	27	3	3	3	22	1	9.0	0.04513110229429045	0.41604721908000003	1
467	Iter0468	27	7	4	5	24	2	4.821428571428571	0.08798660176395373	0.574642604	1
468	Iter0469	18	9	14	1	15	5	0.14285714285714285	0.06793185997293885	0.31945330999999993	1
469	Iter0470	32	6	4	1	24	1	1.3333333333333333	1.0	0.4846977557630999	1
470	Iter0471	28	10	3	2	22	1	1.8666666666666665	0.6077490291897487	0.5056757490346	1
471	Iter0472	21	11	8	1	18	3	0.23863636363636365	0.23989012043078276	0.3428036960000001	1
472	Iter0473	31	7	2	3	27	0	6.642857142857142	0.07328292807589595	0.5581067158	1
473	Iter0474	36	5	10	1	28	4	0.72	1.0	0.5983740072468008	1
474	Iter0475	26	9	12	2	22	4	0.4814814814814815	0.4749338630238199	0.4359393369	1
475	Iter0476	32	5	5	6	26	0	7.68	0.009935665466278923	0.5676632108615787	1
476	Iter0477	38	7	1	1	29	0	5.428571428571429	0.3145235892691993	0.5229043769399999	1
477	Iter0478	29	7	6	2	23	1	1.3809523809523812	0.6585240481708842	0.6743568324000002	1
478	Iter0479	32	6	4	1	28	0	1.3333333333333333	1.0	0.7017714670000001	1
479	Iter0480	32	3	4	5	20	1	13.333333333333332	0.004942199496935821	0.5387254709597308	1
480	Iter0481	31	7	5	1	24	0	0.8857142857142858	1.0	0.5801920501618267	1
481	Iter0482	34	4	5	5	24	0	8.5	0.01219899767375568	0.6405024056	1
482	Iter0483	22	6	1	2	17	0	7.333333333333332	0.1557285873192457	0.3403791970000001	1
483	Iter0484	19	5	7	3	17	0	1.6285714285714283	0.6664049379484871	0.417270035	1
484	Iter0485	36	4	5	2	28	1	3.6	0.21356194737860792	0.632361242	1
485	Iter0486	17	8	7	4	15	2	1.2142857142857142	1.0	0.23874612979999996	1
486	Iter0487	30	9	5	1	25	0	0.6666666666666667	1.0	0.6986087696503801	1
487	Iter0488	34	4	4	0	30	1	1.4	1.0	0.69655132	1
488	Iter0489	41	12	2	5	25	1	8.541666666666666	0.01589660796342058	0.5576222633514	1
489	Iter0490	25	6	20	2	20	10	0.4166666666666667	0.4450899097463109	0.5266843577000001	1
490	Iter0491	26	7	8	3	20	0	1.392857142857143	0.6922412114817527	0.42842015439	1
491	Iter0492	23	6	4	5	18	0	4.791666666666667	0.08751899557601991	0.418497635	1
492	Iter0493	20	4	8	1	15	0	0.625	1.0	0.35472483	1
493	Iter0494	31	8	6	1	19	0	0.6458333333333334	1.0	0.4376804155	1
494	Iter0495	28	7	4	2	20	2	2.0	0.5969244647036606	0.47835836104	1
495	Iter0496	30	8	5	2	23	3	1.5	0.6423152066940809	0.545053236	1
496	Iter0497	35	5	6	1	26	1	1.1666666666666667	1.0	0.46487632617399993	1
497	Iter0498	18	3	3	1	14	2	2.0	0.5268774703557355	0.34595203846167943	1
498	Iter0499	26	3	5	3	17	0	5.199999999999998	0.10095389507154448	0.40783228976461705	1
499	Iter0500	33	8	3	0	27	1	0.9444444444444444	1.0	0.7365846627994367	1
500	Iter0501	29	4	1	3	23	0	21.75	0.016428192898781845	0.505434004	1
501	Iter0502	29	4	5	2	22	1	2.9	0.2786227523069688	0.43885977276665006	1
502	Iter0503	25	3	3	4	18	0	11.111111111111114	0.01826078292577074	0.37276047262000006	1
503	Iter0504	32	9	4	2	24	2	1.7777777777777777	0.6137942903857194	0.538394381	1
504	Iter0505	18	6	3	2	14	1	2.0	0.5968169761273238	0.27362153580000004	1
505	Iter0506	33	5	8	2	24	4	1.65	0.6250555758736087	0.4940886299811439	1
506	Iter0507	22	9	13	1	16	6	0.1880341880341881	0.13728626840248306	0.343041538	1
507	Iter0508	23	7	4	1	23	0	0.8214285714285714	1.0	0.6781546000000002	1
508	Iter0509	29	3	8	3	21	1	3.625	0.1635911629940895	0.474149225552	1
509	Iter0510	28	2	7	2	22	2	4.0	0.22256264361527295	0.47824244000000005	1
510	Iter0511	29	7	3	2	20	0	2.7619047619047623	0.2994163315087619	0.362110733757	1
511	Iter0512	34	7	5	0	24	1	0.7291666666666666	1.0	0.5856122571000002	1
512	Iter0513	32	5	10	2	27	3	1.28	1.0	0.5726274339371998	1
513	Iter0514	22	1	5	4	17	1	17.6	0.015016685205784287	0.4415255	1
514	Iter0515	29	11	4	1	24	1	0.6590909090909091	1.0	0.43091960300000004	1
515	Iter0516	25	8	6	2	21	0	1.0416666666666667	1.0	0.40054207394100005	1
516	Iter0517	26	5	8	3	21	4	1.95	0.4118387597206626	0.47548122433000006	1
517	Iter0518	24	5	5	2	20	0	1.92	0.6016689667069077	0.48885622544	1
518	Iter0519	22	6	5	5	16	4	3.6666666666666665	0.1160617478731516	0.30403837241	1
519	Iter0520	27	6	6	2	20	0	1.5	0.6423128022916851	0.3430579200899999	1
520	Iter0521	20	5	5	0	16	0	0.5833333333333334	0.5561590389176597	0.370588991	1
521	Iter0522	37	11	4	0	28	2	0.6333333333333333	0.5668667466986811	0.6524095395378602	1
522	Iter0523	27	6	4	1	21	2	1.125	1.0	0.51553766	1
523	Iter0524	27	8	5	4	20	1	2.7	0.22738783305401136	0.4108285792893001	1
524	Iter0525	30	10	5	2	20	0	1.2	1.0	0.40412472292359997	1
525	Iter0526	25	3	1	1	17	1	8.333333333333334	0.2528735632183937	0.35482735807924587	1
526	Iter0527	19	9	5	1	13	1	0.4222222222222222	0.6444578943924691	0.18872873059999995	1
527	Iter0528	25	6	1	2	17	0	8.333333333333334	0.13101604278074966	0.3647591150000001	1
528	Iter0529	26	7	3	1	18	0	1.238095238095238	1.0	0.40674607845099997	1
529	Iter0530	24	6	8	2	17	3	1.0	1.0	0.47229375152	1
530	Iter0531	25	6	8	1	20	2	0.5208333333333334	1.0	0.4187985175491638	1
531	Iter0532	27	9	4	3	21	1	2.25	0.37781072894664897	0.43280175572690005	1
532	Iter0533	27	3	3	3	23	1	9.0	0.04513110229429045	0.42113535404	1
533	Iter0534	28	7	3	2	18	1	2.6666666666666665	0.3114126272020975	0.32309878653999996	1
534	Iter0535	29	4	5	1	20	1	1.45	1.0	0.503085921808386	1
535	Iter0536	28	9	4	3	21	0	2.333333333333333	0.3693955684581616	0.551930242414	1
536	Iter0537	16	3	2	1	14	1	2.6666666666666665	0.470129870129869	0.3413921585	1
537	Iter0538	36	2	4	3	29	0	13.5	0.021244779043984238	0.70983321919972	1
538	Iter0539	30	7	4	1	20	0	1.0714285714285714	1.0	0.41183819447969205	1
539	Iter0540	23	3	1	1	18	0	7.666666666666668	0.2698412698412688	0.35906818800000007	1
540	Iter0541	34	8	11	1	25	1	0.3863636363636364	0.6651765720862584	0.532581831560882	1
541	Iter0542	28	7	6	1	21	1	0.6666666666666666	1.0	0.45304831425916997	1
542	Iter0543	24	5	11	4	14	5	1.7454545454545454	0.4639587438942556	0.205295966594	1
543	Iter0544	25	12	9	2	17	5	0.46296296296296297	0.4691857705769078	0.40396898953	1
544	Iter0545	36	7	4	5	27	0	6.428571428571429	0.02232837630889512	0.5004280838400001	1
545	Iter0546	28	10	13	1	23	3	0.21538461538461534	0.2505792696356936	0.48424317051399	1
546	Iter0547	26	5	4	2	19	1	2.6	0.31549898829311024	0.4272643599999999	1
547	Iter0548	35	6	6	1	29	1	0.9722222222222222	1.0	0.5908202998410002	1
548	Iter0549	30	9	6	3	25	2	1.6666666666666667	0.6714896555415235	0.48568706280000007	1
549	Iter0550	32	8	4	0	27	0	0.7333333333333333	1.0	0.6093278569259999	1
550	Iter0551	27	9	3	0	21	0	0.7	1.0	0.44402270360000007	1
551	Iter0552	27	5	1	0	22	0	2.333333333333333	1.0	0.5214708472069999	1
552	Iter0553	25	7	2	0	17	0	1.0833333333333333	1.0	0.33295133121	1
553	Iter0554	31	7	2	0	26	0	1.3333333333333333	1.0	0.6354924710000001	1
554	Iter0555	30	8	4	4	24	0	3.75	0.17781373722580754	0.48795055	1
555	Iter0556	30	5	13	2	22	6	0.9230769230769232	1.0	0.45666674872999985	1
556	Iter0557	26	14	4	0	20	0	0.36	0.2896921569638545	0.36980248179999997	1
557	Iter0558	25	2	1	0	21	0	4.333333333333333	1.0	0.4023014505	1
558	Iter0559	36	6	6	4	30	0	4.0	0.08476001321823162	0.7297417609050999	1
559	Iter0560	21	5	3	2	17	1	2.8000000000000003	0.5622296378692421	0.40286221199999994	1
560	Iter0561	20	7	1	1	18	0	2.8571428571428568	0.4827586206896556	0.440166755089193	1
561	Iter0562	34	2	3	3	22	1	17.0	0.015453737533326904	0.47895777198100004	1
562	Iter0563	28	4	8	0	19	3	0.6444444444444444	0.5658168289747203	0.416481634612	1
563	Iter0564	26	9	5	1	18	1	0.5777777777777777	1.0	0.4241282020000001	1
564	Iter0565	28	5	6	0	21	1	0.6904761904761905	0.5735700998858974	0.4873513955328721	1
565	Iter0566	22	6	10	1	19	1	0.36666666666666653	0.6485649736423778	0.32857843800799996	1
566	Iter0567	34	10	5	0	26	1	0.5303030303030303	0.5686628027714361	0.5279049010000001	1
567	Iter0568	20	6	3	3	16	1	3.333333333333333	0.31402947719688923	0.45165491680000003	1
568	Iter0569	24	7	6	4	17	0	2.2857142857142856	0.413238584994419	0.46927523234862006	1
569	Iter0570	36	6	4	2	25	0	3.0	0.2582459276411886	0.49543920880899994	1
570	Iter0571	32	4	4	1	25	0	2.0	0.4969402106757794	0.5609209638268	1
571	Iter0572	23	4	4	2	18	1	2.875	0.2954021784666853	0.513633607379	1
572	Iter0573	34	4	2	2	23	1	8.5	0.09099437148217876	0.5705151548599999	1
573	Iter0574	25	3	2	3	21	1	12.500000000000002	0.03131004146020802	0.5703823016590001	1
574	Iter0575	30	7	2	1	24	1	2.142857142857143	0.4979757085020125	0.5391394970178999	1
575	Iter0576	35	8	3	2	25	1	2.9166666666666665	0.2757757968211328	0.52132945035	1
576	Iter0577	25	8	6	0	23	0	0.4126984126984127	0.313341443372409	0.4335819800000001	1
577	Iter0578	33	3	1	0	26	0	4.25	1.0	0.6526628390000002	1
578	Iter0579	34	8	2	1	23	0	2.125	0.4968287526426859	0.5115194797794246	1
579	Iter0580	19	6	5	2	16	0	1.2666666666666666	1.0	0.3611455669810001	1
580	Iter0581	30	6	5	1	24	3	1.0	1.0	0.41056204300000004	1
581	Iter0582	35	4	3	1	27	0	2.9166666666666665	0.4018718094157678	0.6804749227000001	1
582	Iter0583	29	9	6	2	23	0	1.0740740740740742	1.0	0.4669738674506681	1
583	Iter0584	37	10	4	2	26	0	1.85	0.6082855783822959	0.63074676638	1
584	Iter0585	33	6	3	0	24	0	1.2142857142857142	1.0	0.5246138120000001	1
585	Iter0586	33	6	2	7	25	1	19.25	0.0006360835826158054	0.567810419762	1
586	Iter0587	21	4	6	6	13	0	5.25	0.04861200410176468	0.34471402461000006	1
587	Iter0588	31	7	11	1	24	4	0.4025974025974026	0.6606217326764643	0.54644689863	1
588	Iter0589	21	7	8	3	19	2	1.125	1.0	0.3879268638	1
589	Iter0590	28	7	9	1	20	1	0.4444444444444444	0.6611407221312166	0.3429767219853514	1
590	Iter0591	38	7	8	0	24	1	0.5416666666666666	0.5772727520430994	0.53285716122	1
591	Iter0592	27	7	4	1	18	1	0.9642857142857144	1.0	0.37903094939000004	1
592	Iter0593	23	7	9	4	17	1	1.4603174603174602	0.7089820437477392	0.47959267928199995	1
593	Iter0594	24	5	3	0	16	0	1.0416666666666667	1.0	0.54827715303	1
594	Iter0595	22	8	3	2	18	1	1.8333333333333333	0.6103280021686088	0.35077323797124244	1
595	Iter0596	29	5	7	2	19	1	1.657142857142857	0.6243764529879622	0.37290395917221003	1
596	Iter0597	32	6	6	2	25	1	1.7777777777777777	0.6130726294429566	0.564755089817568	1
597	Iter0598	37	4	1	2	29	0	18.5	0.04454847478103402	0.6020167536511	1
598	Iter0599	37	10	3	0	30	0	0.8636363636363636	1.0	0.6601404594000001	1
599	Iter0600	36	5	4	3	28	2	5.4	0.07951000659087447	0.7388783498000002	1
600	Iter0601	26	7	6	2	24	1	1.238095238095238	1.0	0.46481300903999995	1
601	Iter0602	21	3	3	2	16	0	4.666666666666667	0.1946949602122024	0.4878557820919999	1
602	Iter0603	25	4	14	4	21	5	1.7857142857142858	0.6918372704075373	0.37343785020000003	1
603	Iter0604	24	4	3	2	18	1	4.0	0.21617453736474695	0.36834511251560004	1
604	Iter0605	31	3	3	2	23	1	6.888888888888888	0.11397342976290402	0.48327344598121014	1
605	Iter0606	33	6	11	2	26	4	1.0	1.0	0.53274597200019	1
606	Iter0607	23	7	7	1	14	1	0.4693877551020408	0.6600304125521272	0.39713484080000006	1
607	Iter0608	36	4	10	1	25	6	0.9	1.0	0.45428698847999993	1
608	Iter0609	33	4	8	2	25	1	2.0625	0.5940451347804258	0.4872178342981999	1
609	Iter0610	33	5	8	0	23	2	0.6296296296296297	0.5692006005453948	0.4314181134	1
610	Iter0611	23	3	3	0	17	1	1.5	1.0	0.39844317813187036	1
611	Iter0612	24	1	4	0	16	1	2.5	1.0	0.337050981106	1
612	Iter0613	36	4	10	3	24	0	2.7	0.3433142506299796	0.5607874086303452	1
613	Iter0614	21	6	4	2	15	1	1.75	0.6162402669632785	0.36567247501790207	1
614	Iter0615	35	2	5	2	27	2	7.0	0.11282421492290876	0.6482969412020001	1
615	Iter0616	27	8	2	0	21	1	1.037037037037037	1.0	0.5036101834516002	1
616	Iter0617	30	6	4	0	19	1	0.8857142857142858	1.0	0.40940985637743993	1
617	Iter0618	36	5	1	1	27	0	7.2	0.2624584717607871	0.5023465735859999	1
618	Iter0619	27	2	5	3	21	2	8.1	0.05694464517994055	0.48857439024399996	1
619	Iter0620	23	5	12	1	19	3	0.3833333333333333	0.6448149047635594	0.4443062806700001	1
620	Iter0621	28	8	5	1	23	2	0.7	1.0	0.3920916136869999	1
621	Iter0622	25	3	9	5	21	2	4.62962962962963	0.0923567983901762	0.53854488	1
622	Iter0623	24	4	1	1	18	0	6.0	0.31034482758620946	0.292779881	1
623	Iter0624	29	11	5	3	19	0	1.5818181818181816	0.6756682382993201	0.3828074140513001	1
624	Iter0625	27	3	5	2	22	2	3.6	0.2329816447463577	0.5794922733527311	1
625	Iter0626	35	5	2	3	27	0	10.5	0.032692208528849166	0.678702212929368	1
626	Iter0627	24	9	5	1	19	1	0.5333333333333333	1.0	0.376316584197	1
627	Iter0628	35	3	1	1	28	0	11.666666666666664	0.1923076923076961	0.514278553	1
628	Iter0629	26	7	4	1	18	1	0.9285714285714286	1.0	0.36848557086655	1
629	Iter0630	19	5	2	2	19	1	3.8	0.2529914529914516	0.55011899	1
630	Iter0631	23	8	5	1	17	2	0.575	1.0	0.323190087711	1
631	Iter0632	31	4	5	2	24	0	3.1	0.25738793004518656	0.47153513702400013	1
632	Iter0633	28	11	6	4	20	0	1.6969696969696968	0.4701605345058514	0.459370786	1
633	Iter0634	26	3	4	4	20	1	8.666666666666666	0.027131927511434544	0.37913165502	1
634	Iter0635	27	7	3	0	19	1	0.875	1.0	0.36408530947299994	1
635	Iter0636	23	7	6	1	15	3	0.5476190476190476	1.0	0.275576262321819	1
636	Iter0637	31	4	9	1	22	3	0.8611111111111112	1.0	0.6701971390765001	1
637	Iter0638	29	1	3	3	24	0	29.0	0.0104405398523046	0.5059021780000001	1
638	Iter0639	35	6	4	1	29	1	1.4583333333333333	1.0	0.6285926789999999	1
639	Iter0640	27	7	2	1	19	1	1.9285714285714288	0.5297297297297378	0.4498715626255	1
640	Iter0641	33	6	5	5	26	1	5.5	0.032721771347825016	0.5317282228119999	1
641	Iter0642	28	12	4	5	24	1	2.9166666666666665	0.24396427438257626	0.5098843218752501	1
642	Iter0643	30	6	3	2	23	0	3.333333333333333	0.24646716431056145	0.52995544221541	1
643	Iter0644	31	8	5	3	29	0	2.325	0.3673134106725511	0.8864567600000001	1
644	Iter0645	25	6	2	1	21	1	2.083333333333333	0.5111965240641712	0.58080346392071	1
645	Iter0646	22	11	4	4	13	1	2.0	0.43375150427933934	0.30683764199999997	1
646	Iter0647	31	5	1	1	22	0	6.2	0.2944523470839258	0.51164977942456	1
647	Iter0648	30	6	11	5	21	3	2.2727272727272725	0.2809092677861849	0.5541973836399999	1
648	Iter0649	27	5	1	0	22	1	2.333333333333333	1.0	0.49795894135999996	1
649	Iter0650	25	5	8	1	16	3	0.625	1.0	0.36544011697000006	1
650	Iter0651	26	8	4	2	19	0	1.625	0.6287339971550443	0.4501968575615096	1
651	Iter0652	28	6	7	0	19	3	0.5178571428571429	0.566809625859684	0.36579779991669986	1
652	Iter0653	26	3	5	4	20	0	6.933333333333333	0.04073071100934873	0.468657204612	1
653	Iter0654	31	8	3	1	25	0	1.2916666666666667	1.0	0.49380089237000013	1
654	Iter0655	25	3	3	0	18	1	1.625	1.0	0.3098740757729395	1
655	Iter0656	23	1	4	2	18	1	11.5	0.09359605911330067	0.387670219121971	1
656	Iter0657	23	5	3	2	15	1	3.0666666666666664	0.2819041359085838	0.40366650151	1
657	Iter0658	22	8	0	3	17	0	10.222222222222221	0.030241935483870244	0.39204671747776204	1
658	Iter0659	30	1	7	1	19	1	4.285714285714286	0.3724696356275283	0.32542643419999995	1
659	Iter0660	21	5	8	2	15	2	1.05	1.0	0.24900347025	1
660	Iter0661	24	4	8	1	18	1	0.75	1.0	0.35550359919999996	1
661	Iter0662	34	7	3	1	23	0	1.6190476190476188	0.5567300916137851	0.5628549656551999	1
662	Iter0663	27	4	2	0	21	2	1.8666666666666665	1.0	0.3626377289999999	1
663	Iter0664	26	7	3	1	20	0	1.238095238095238	1.0	0.4599643361200001	1
664	Iter0665	26	4	5	2	17	0	2.6	0.3154989882931146	0.4138177620999998	1
665	Iter0666	35	5	4	0	28	1	1.2	1.0	0.8088235991	1
666	Iter0667	29	3	4	3	24	1	7.25	0.05873770889250932	0.4926734750000001	1
667	Iter0668	19	4	7	0	15	0	0.5	0.5476372924648825	0.37558462923219993	1
668	Iter0669	25	3	13	1	19	4	0.6410256410256411	1.0	0.3272145208911436	1
669	Iter0670	28	8	9	2	22	1	0.7777777777777778	1.0	0.43907255581500004	1
670	Iter0671	27	5	2	1	20	1	2.7	0.4417112299465242	0.3459715387973762	1
671	Iter0672	28	8	1	2	24	0	7.0	0.15592515592515566	0.5640380039000001	1
672	Iter0673	31	11	9	2	23	1	0.6262626262626263	0.7114450676196851	0.52741869220094	1
673	Iter0674	34	6	4	0	27	3	1.0	1.0	0.5737735720000001	1
674	Iter0675	31	11	6	0	22	1	0.3809523809523809	0.3132596863369302	0.408913205446	1
675	Iter0676	32	4	2	4	25	0	16.0	0.007854304388322478	0.45140203419999997	1
676	Iter0677	25	2	7	3	14	1	5.357142857142857	0.11021411021411204	0.25497432277699994	1
677	Iter0678	36	5	3	0	26	0	1.5416666666666667	1.0	0.49426067105610005	1
678	Iter0679	24	3	4	2	19	2	4.0	0.21617453736474695	0.42560768377009994	1
679	Iter0680	29	1	7	2	21	0	8.285714285714286	0.12736623262939215	0.36945641481	1
680	Iter0681	32	8	5	1	27	1	0.8	1.0	0.4942244417	1
681	Iter0682	32	3	3	7	31	1	24.88888888888889	0.0002546953915733079	0.8224274888389003	1
682	Iter0683	23	9	6	2	16	1	0.8518518518518517	1.0	0.2671256779999999	1
683	Iter0684	21	7	6	1	19	0	0.5	1.0	0.41460544000000005	1
684	Iter0685	25	7	10	2	17	6	0.7142857142857143	1.0	0.37551986347806804	1
685	Iter0686	21	9	5	1	16	0	0.4666666666666667	0.6546089110130782	0.27275103348	1
686	Iter0687	27	5	5	2	21	0	2.16	0.587584033404465	0.47919842776000005	1
687	Iter0688	26	8	7	3	19	3	1.3928571428571428	0.6922412114817477	0.5142173991093	1
688	Iter0689	32	4	4	1	25	2	2.0	0.4969402106757794	0.544448328414	1
689	Iter0690	28	1	2	1	24	1	14.0	0.18145161290322373	0.6724872402	1
690	Iter0691	32	4	5	3	26	0	4.8	0.10007095928223056	0.45503325262000005	1
691	Iter0692	29	6	12	1	23	5	0.4027777777777777	0.6560964940587495	0.6078195803	1
692	Iter0693	31	3	2	1	25	1	5.166666666666667	0.29781209781210793	0.6028135801478	1
693	Iter0694	35	7	5	4	29	0	4.0	0.0868396813364659	0.710761226728	1
694	Iter0695	26	8	5	0	18	2	0.5	0.5628016680648256	0.26640876663290003	1
695	Iter0696	27	7	4	0	25	0	0.7	1.0	0.37071501694	1
696	Iter0697	27	5	8	2	18	6	1.35	1.0	0.31414639752651	1
697	Iter0698	32	4	7	3	20	2	3.4285714285714284	0.16318528200449034	0.4143801184465401	1
698	Iter0699	27	7	5	4	20	3	3.085714285714286	0.20140540005005086	0.42075665660000006	1
699	Iter0700	18	6	7	2	16	2	0.8571428571428571	1.0	0.42296540000000005	1
700	Iter0701	24	4	4	2	19	1	3.0	0.2814208300369467	0.30339688991138397	1
701	Iter0702	29	5	5	0	19	1	0.8333333333333334	1.0	0.4189779748348052	1
702	Iter0703	32	4	2	0	25	0	2.2	1.0	0.5681121334510001	1
703	Iter0704	38	7	4	1	27	1	1.3571428571428572	1.0	0.556913783367	1
704	Iter0705	28	5	2	2	19	0	5.6	0.1547429782723939	0.4307166129999999	1
705	Iter0706	24	5	3	0	17	0	1.0416666666666667	1.0	0.45666175974999995	1
706	Iter0707	31	7	9	0	23	2	0.4	0.3176177753371669	0.4207318942453564	1
707	Iter0708	33	7	10	0	15	5	0.3863636363636364	0.31927147782837306	0.21656888709999997	1
708	Iter0709	30	9	1	4	21	0	13.333333333333336	0.021594684385381983	0.5123097137253001	1
709	Iter0710	29	7	7	3	17	0	1.7755102040816326	0.6659474384280508	0.33509604399993004	1
710	Iter0711	35	8	9	2	26	3	0.9722222222222222	1.0	0.5732559758242	1
711	Iter0712	29	8	4	2	21	0	1.8125	0.6106982846093736	0.521591417	1
712	Iter0713	26	4	2	0	16	1	1.8	1.0	0.3991902560112	1
713	Iter0714	28	5	11	1	21	4	0.509090909090909	1.0	0.48088881751100004	1
714	Iter0715	27	7	2	4	18	1	7.7142857142857135	0.038516249042564496	0.3594767274551	1
715	Iter0716	27	6	8	2	21	0	1.125	1.0	0.46038498150999996	1
716	Iter0717	19	9	9	7	14	4	1.6419753086419753	0.5227213425168264	0.336885729	1
717	Iter0718	32	9	3	5	25	2	5.925925925925926	0.03328986292650443	0.5790912606570501	1
718	Iter0719	30	4	4	1	20	0	1.875	0.516712779870676	0.318576953836	1
719	Iter0720	27	5	5	0	16	0	0.7777777777777778	1.0	0.295452371207	1
720	Iter0721	36	3	3	7	25	1	28.0	0.00013755663316504695	0.6625682816599999	1
721	Iter0722	18	10	5	2	15	1	0.72	1.0	0.404715457908	1
722	Iter0723	31	6	5	2	20	1	2.066666666666667	0.5933688665575053	0.35550565300000003	1
723	Iter0724	22	4	2	1	19	1	2.75	0.4460864805692383	0.39560147	1
724	Iter0725	19	9	9	2	14	4	0.4691358024691358	0.4608948022742977	0.34693202737142	1
725	Iter0726	31	3	4	2	26	1	5.166666666666667	0.15424736477367915	0.6739815543132538	1
726	Iter0727	31	5	7	4	26	0	3.542857142857143	0.182935809936604	0.47653321759999995	1
727	Iter0728	27	7	10	2	22	4	0.7714285714285715	1.0	0.5135688734400001	1
728	Iter0729	29	4	0	1	24	0	12.0	0.14705882352941568	0.5622095382855803	1
729	Iter0730	35	6	6	2	27	1	1.9444444444444444	0.6011878768401127	0.5939084255285951	1
730	Iter0731	31	5	9	4	23	2	2.7555555555555555	0.2204397381501227	0.5137643595873	1
731	Iter0732	39	5	2	2	33	1	7.8	0.09605303731113107	0.8502217186000002	1
732	Iter0733	27	5	6	0	22	2	0.6666666666666667	0.5701495391897965	0.49752062575905	1
733	Iter0734	27	6	7	0	24	0	0.5	0.5671736513841874	0.6050007061799999	1
734	Iter0735	26	8	5	0	16	0	0.5	0.5628016680648256	0.4761820010688	1
735	Iter0736	44	2	3	3	33	1	22.0	0.00823252377874207	0.7220761014000001	1
736	Iter0737	31	7	3	1	23	1	1.4761904761904765	1.0	0.4885203988	1
737	Iter0738	30	4	4	1	23	2	1.875	0.516712779870676	0.4583335547798123	1
738	Iter0739	24	6	4	1	18	0	1.0	1.0	0.4270741638400001	1
739	Iter0740	21	9	6	1	14	0	0.3888888888888889	0.6471409955755442	0.290821072865668	1
740	Iter0741	29	8	5	1	19	3	0.725	1.0	0.32197525979080005	1
741	Iter0742	18	5	4	7	13	0	6.300000000000002	0.025562926462619415	0.237178965696	1
742	Iter0743	26	6	4	2	22	0	2.1666666666666665	0.5870410235735259	0.48895693199999996	1
743	Iter0744	31	2	9	2	26	4	3.4444444444444446	0.2564621991734924	0.4873313539900001	1
744	Iter0745	26	3	5	1	17	2	1.7333333333333332	0.5463903743315546	0.40080137316551	1
745	Iter0746	22	6	9	2	12	2	0.8148148148148148	1.0	0.23710683802149998	1
746	Iter0747	28	5	4	2	19	0	2.8	0.2901956493287787	0.458896226015	1
747	Iter0748	29	4	2	3	23	0	10.875	0.034627506763730435	0.5672492790000001	1
748	Iter0749	26	10	3	2	12	1	1.7333333333333334	0.6196787287929808	0.2433149198822	1
749	Iter0750	24	9	4	1	19	0	0.6666666666666666	1.0	0.450604905	1
750	Iter0751	28	10	5	5	24	2	2.8	0.24879040488445456	0.5629845247999999	1
751	Iter0752	32	3	3	0	27	1	2.0625	1.0	0.5713746755999999	1
752	Iter0753	22	4	8	4	15	1	2.75	0.2319489168585325	0.27749746	1
753	Iter0754	27	6	8	1	17	3	0.5625	1.0	0.27154539685999995	1
754	Iter0755	27	10	7	1	17	3	0.3857142857142857	0.6568377471741496	0.33322421328546503	1
755	Iter0756	25	7	4	0	16	1	0.65	0.5657754010695133	0.30021198117414605	1
756	Iter0757	33	5	8	2	27	3	1.65	0.6250555758736087	0.6293327936909001	1
757	Iter0758	37	7	3	2	29	0	3.523809523809524	0.22359304498858534	0.6457141008080001	1
758	Iter0759	32	14	12	2	25	4	0.3809523809523809	0.3135365339540029	0.37193108210000014	1
759	Iter0760	25	8	9	1	18	4	0.3472222222222222	0.659097957333618	0.41311650839599995	1
760	Iter0761	52	6	3	0	35	1	1.8928571428571428	1.0	0.7393665178613229	1
761	Iter0762	29	2	3	5	22	0	24.16666666666667	0.0017499584063051699	0.5739943620000001	1
762	Iter0763	34	7	5	3	22	1	2.914285714285714	0.3333879679194886	0.6578440131947617	1
763	Iter0764	31	4	7	1	27	0	1.1071428571428572	1.0	0.6409627676457301	1
764	Iter0765	38	9	5	5	28	0	4.222222222222221	0.09865473347715524	0.6037235464763999	1
765	Iter0766	31	10	10	2	27	3	0.62	0.7110927416949214	0.5774013767969999	1
766	Iter0767	29	8	5	8	25	1	5.8	0.014343981404528838	0.48070546720000007	1
767	Iter0768	31	8	5	5	22	0	3.875	0.10386517988930176	0.4208040405499653	1
768	Iter0769	29	7	7	1	21	3	0.5918367346938777	1.0	0.408793776400014	1
769	Iter0770	24	8	2	0	22	0	0.925925925925926	1.0	0.49970495960000005	1
770	Iter0771	26	7	5	1	19	1	0.7428571428571429	1.0	0.5062764789	1
771	Iter0772	26	3	5	1	20	0	1.7333333333333332	0.5463903743315546	0.46689456153400005	1
772	Iter0773	28	5	8	4	22	2	2.8	0.21884586182881136	0.35163569930789007	1
773	Iter0774	27	3	3	3	22	1	9.0	0.04513110229429045	0.5172408531129957	1
774	Iter0775	30	6	6	2	25	1	1.6666666666666667	0.6231989497058087	0.49345951890000006	1
775	Iter0776	28	5	4	3	24	0	4.2	0.1281750910233887	0.45625215999999996	1
776	Iter0777	22	8	6	0	18	1	0.36507936507936506	0.3020096601690523	0.52421204	1
777	Iter0778	35	8	3	1	26	2	1.4583333333333333	1.0	0.6991672597188512	1
778	Iter0779	26	7	10	1	22	3	0.37142857142857133	0.6562921792047004	0.461965037097793	1
779	Iter0780	31	4	6	0	25	1	0.9142857142857144	1.0	0.5232278531145779	1
780	Iter0781	18	7	5	1	15	2	0.5142857142857143	1.0	0.3157505527	1
781	Iter0782	32	5	8	2	26	0	1.6	0.6303500414260785	0.41412933114	1
782	Iter0783	37	6	2	1	25	0	3.083333333333333	0.3979578392621977	0.6717900739999999	1
783	Iter0784	32	7	2	1	20	0	2.2857142857142856	0.4787456445993027	0.40686371112535796	1
784	Iter0785	25	7	7	0	19	1	0.40625	0.31264005567410824	0.41656983540000014	1
785	Iter0786	34	3	6	1	21	0	1.8888888888888893	0.5134842468932028	0.48753006699999996	1
786	Iter0787	36	8	6	0	27	0	0.5873015873015872	0.5717404519624637	0.5166936102	1
787	Iter0788	26	8	2	1	20	1	1.625	1.0	0.40355215014	1
788	Iter0789	37	10	4	2	27	1	1.85	0.6082855783822959	0.6359643148069751	1
789	Iter0790	33	4	12	1	27	6	0.6875	1.0	0.5372741620100001	1
790	Iter0791	36	2	5	2	25	0	7.2	0.10824524312895907	0.562637537440146	1
791	Iter0792	25	9	7	3	20	2	1.1904761904761905	1.0	0.533536043240014	1
792	Iter0793	23	2	3	3	20	1	11.5	0.03755495524127367	0.3767623732	1
793	Iter0794	23	7	1	0	16	0	1.5	1.0	0.37134650476000003	1
794	Iter0795	30	4	2	2	23	0	7.5	0.10966605703447717	0.44294972271999994	1
795	Iter0796	28	7	6	4	23	1	2.6666666666666665	0.22788493114192615	0.4183032815399838	1
796	Iter0797	37	8	4	1	28	1	1.15625	1.0	0.48891153159287004	1
797	Iter0798	29	6	5	4	22	0	3.866666666666666	0.1747664497462973	0.467526588432	1
798	Iter0799	30	9	4	4	18	2	3.333333333333333	0.1909280584964197	0.3720998087054051	1
799	Iter0800	28	4	6	1	22	1	1.1666666666666667	1.0	0.31920967999999994	1
800	Iter0801	21	3	9	6	17	4	4.666666666666667	0.0631060598353125	0.31793405236	1
801	Iter0802	24	9	5	1	17	2	0.5333333333333333	1.0	0.34189485833999994	1
802	Iter0803	31	7	4	1	24	2	1.1071428571428572	1.0	0.5770077150393	1
803	Iter0804	24	6	5	2	18	0	1.6	0.6308901621994711	0.42069385109999996	1
804	Iter0805	21	4	7	3	14	4	2.25	0.3810933717202157	0.32017990989999995	1
805	Iter0806	32	8	3	1	21	1	1.3333333333333333	1.0	0.46342919163000007	1
806	Iter0807	29	8	11	3	24	1	0.9886363636363636	1.0	0.6179553530000002	1
807	Iter0808	24	9	4	1	14	1	0.6666666666666666	1.0	0.36831701955	1
808	Iter0809	22	5	11	4	13	7	1.6	0.6979434316140649	0.3002716818	1
809	Iter0810	25	8	7	3	20	1	1.3392857142857142	0.6982756975311141	0.39761106669999996	1
810	Iter0811	31	5	6	2	21	1	2.066666666666667	0.5933688665575013	0.543829042607	1
811	Iter0812	27	8	4	4	21	1	3.375	0.18949678492323666	0.42283325408651	1
812	Iter0813	25	5	4	3	21	3	3.75	0.15632037074162605	0.50154019617	1
813	Iter0814	23	4	5	0	20	1	0.7999999999999999	1.0	0.43493235189999985	1
814	Iter0815	27	4	5	1	20	1	1.35	1.0	0.5093627962	1
815	Iter0816	28	7	7	1	24	1	0.5714285714285714	1.0	0.4887933199999999	1
816	Iter0817	27	3	4	4	20	1	9.0	0.024516776838758258	0.51574052388	1
817	Iter0818	30	6	6	5	23	2	4.166666666666667	0.0973470915641988	0.5312249480618999	1
818	Iter0819	31	7	3	0	24	1	1.0	1.0	0.4793270784000001	1
819	Iter0820	33	6	7	1	22	3	0.7857142857142857	1.0	0.4782124401	1
820	Iter0821	34	4	14	3	23	7	1.8214285714285716	0.663603817566055	0.5801272982699999	1
821	Iter0822	32	6	7	3	23	1	2.2857142857142856	0.3697798250920995	0.415472274	1
822	Iter0823	28	8	6	1	19	0	0.5833333333333334	1.0	0.3380044433	1
823	Iter0824	33	4	4	1	30	0	2.0625	0.4875826997136172	0.5827354425000001	1
824	Iter0825	35	9	3	0	24	0	0.9	1.0	0.5125237354999999	1
825	Iter0826	24	9	6	3	16	2	1.3333333333333333	0.698665019211741	0.3564370430999976	1
826	Iter0827	27	4	8	1	20	2	0.84375	1.0	0.5019821927	1
827	Iter0828	24	8	6	3	21	3	1.5	0.6804022931033382	0.44838645	1
828	Iter0829	34	3	5	1	24	1	2.2666666666666666	0.4648326715825156	0.45231810299993636	1
829	Iter0830	28	5	3	2	23	2	3.733333333333333	0.22268708336819976	0.5660659004299999	1
830	Iter0831	36	4	4	1	28	0	2.25	0.4614256985215455	0.7222756599645997	1
831	Iter0832	33	4	4	0	23	2	1.36	1.0	0.5375029078299054	1
832	Iter0833	22	6	7	4	22	0	2.095238095238096	0.42380648400323545	0.50452244	1
833	Iter0834	26	4	12	1	22	3	0.5416666666666666	1.0	0.5438134625000001	1
834	Iter0835	26	4	6	1	20	2	1.0833333333333333	1.0	0.33859340999	1
835	Iter0836	26	9	11	2	16	7	0.5252525252525252	0.7020940549155905	0.3610181482969999	1
836	Iter0837	26	6	4	1	19	1	1.0833333333333333	1.0	0.489102423	1
837	Iter0838	38	6	6	1	34	0	1.0555555555555556	1.0	0.7733746599999999	1
838	Iter0839	31	4	2	3	20	1	11.625	0.029871977240398563	0.48580143999999986	1
839	Iter0840	34	6	11	1	24	1	0.5151515151515151	1.0	0.5571423471550799	1
840	Iter0841	33	6	5	1	24	1	1.1	1.0	0.634339677995899	1
841	Iter0842	30	7	4	1	23	0	1.0714285714285714	1.0	0.533400914852886	1
842	Iter0843	28	10	5	2	18	2	1.12	1.0	0.4321754687	1
843	Iter0844	42	4	2	2	28	0	10.5	0.06550151975683703	0.7339545062800001	1
844	Iter0845	25	5	3	1	19	1	1.6666666666666667	0.5585000862515149	0.434049164528	1
845	Iter0846	29	7	4	1	21	1	1.0357142857142858	1.0	0.5279451854999999	1
846	Iter0847	39	1	3	1	25	1	13.0	0.17547568710359554	0.5880388758999999	1
847	Iter0848	36	6	5	3	30	1	3.6	0.14365066854493058	0.6267484465609998	1
848	Iter0849	25	4	5	1	19	2	1.25	1.0	0.3050013592037	1
849	Iter0850	22	8	9	8	17	5	2.4444444444444446	0.20573159502145288	0.31925675446099994	1
850	Iter0851	28	9	3	1	19	3	1.037037037037037	1.0	0.4579873240000001	1
851	Iter0852	19	12	5	1	14	3	0.31666666666666665	0.3944848209554139	0.3410594569605	1
852	Iter0853	29	4	3	2	21	0	4.833333333333333	0.16895577576692508	0.4390819632999999	1
853	Iter0854	28	4	8	0	19	1	0.6444444444444444	0.5658168289747203	0.35202621614275	1
854	Iter0855	23	4	3	0	21	0	1.2	1.0	0.49454853	1
855	Iter0856	21	5	6	2	18	2	1.4	1.0	0.4136581192	1
856	Iter0857	31	4	5	1	22	2	1.55	0.5668096258596924	0.6695475305	1
857	Iter0858	28	7	4	5	19	0	5.0	0.0867800881831983	0.39310745717791	1
858	Iter0859	16	3	7	4	14	0	3.0476190476190474	0.3717064544650792	0.22710155060700002	1
859	Iter0860	26	4	7	1	21	2	0.9285714285714286	1.0	0.5406054091836772	1
860	Iter0861	37	8	8	2	27	1	1.15625	1.0	0.5727348910000001	1
861	Iter0862	27	5	4	4	22	0	5.4	0.05943909659079901	0.43845091	1
862	Iter0863	27	5	7	4	18	1	3.085714285714286	0.20140540005005	0.2924397426759999	1
863	Iter0864	19	2	5	2	15	3	3.8	0.2529914529914519	0.22447337378	1
864	Iter0865	22	9	5	3	17	1	1.4666666666666668	0.6824533511839989	0.35010124699999995	1
865	Iter0866	29	7	8	4	23	3	2.071428571428572	0.4303776434650231	0.386726565486	1
866	Iter0867	34	6	6	3	26	1	2.833333333333333	0.3364128665335856	0.5630557641917651	1
867	Iter0868	20	6	5	5	15	1	3.333333333333333	0.22401524569783396	0.38798358047631987	1
868	Iter0869	23	7	9	2	18	1	0.7301587301587301	1.0	0.33650515652699997	1
869	Iter0870	29	5	1	2	22	1	11.6	0.08558558558558653	0.496162766224369	1
870	Iter0871	23	3	5	0	20	0	1.0	1.0	0.37164703587732006	1
871	Iter0872	30	7	2	2	22	0	4.285714285714286	0.20410783055198572	0.41752084380000004	1
872	Iter0873	25	6	6	6	21	4	4.166666666666667	0.0634089067036959	0.4670401226630001	1
873	Iter0874	28	5	1	4	23	0	22.4	0.007530750564806294	0.46921493489999994	1
874	Iter0875	18	12	5	2	13	1	0.6	0.6869283894900824	0.24288432989999995	1
875	Iter0876	28	9	4	1	22	0	0.7777777777777778	1.0	0.5065056566999973	1
876	Iter0877	33	9	4	3	23	1	2.75	0.34032334401823355	0.42556206623540005	1
877	Iter0878	31	4	2	2	24	1	7.75	0.10449720976036952	0.49245582051829	1
878	Iter0879	31	4	4	3	27	2	5.8125	0.07689194082005286	0.5451473437487	1
879	Iter0880	32	9	3	1	25	0	1.1851851851851851	1.0	0.44246287496136	1
880	Iter0881	26	4	4	1	20	2	1.625	0.5610229429015064	0.4249404983800001	1
881	Iter0882	24	8	9	0	14	1	0.2777777777777778	0.16449328818127704	0.31014101116399995	1
882	Iter0883	26	6	6	1	22	1	0.7222222222222222	1.0	0.480392054692	1
883	Iter0884	33	9	5	2	24	1	1.4666666666666666	0.6464809715379811	0.55837851598	1
884	Iter0885	32	7	6	2	27	1	1.5238095238095235	0.6387991833363501	0.5252227436967001	1
885	Iter0886	33	3	5	1	24	0	2.2	0.4737335834896848	0.59878060212	1
886	Iter0887	22	7	6	4	19	2	2.095238095238096	0.4238064840032295	0.30670352781599997	1
887	Iter0888	32	7	6	1	27	0	0.7619047619047619	1.0	0.7144048207100001	1
888	Iter0889	24	11	6	2	18	2	0.7272727272727272	1.0	0.37847194069999995	1
889	Iter0890	29	10	13	4	21	3	0.8923076923076922	1.0	0.5534171570901136	1
890	Iter0891	24	8	5	1	18	0	0.6	1.0	0.3773035191206999	1
891	Iter0892	27	6	3	4	24	1	6.0	0.05195574235821996	0.58927095	1
892	Iter0893	27	6	6	1	18	3	0.75	1.0	0.42352900592752146	1
893	Iter0894	36	4	3	2	24	0	6.0	0.12481676009752694	0.37831265264299996	1
894	Iter0895	30	7	4	2	22	0	2.142857142857143	0.5892195692774596	0.51100132465	1
895	Iter0896	28	4	4	3	20	2	5.25	0.09380709380709266	0.3891004642020394	1
896	Iter0897	28	5	6	1	22	3	0.9333333333333332	1.0	0.39333511400000004	1
897	Iter0898	23	6	3	1	17	0	1.2777777777777781	1.0	0.39299399789031	1
898	Iter0899	33	6	3	2	20	0	3.6666666666666665	0.21894498014747465	0.3417869267342952	1
899	Iter0900	30	3	2	2	21	1	10.0	0.08002119766825999	0.5703123920500001	1
900	Iter0901	27	5	2	2	19	0	5.4	0.1625668449197836	0.42775926510599993	1
901	Iter0902	24	9	9	4	15	0	1.1851851851851851	1.0	0.261405223	1
902	Iter0903	42	6	2	1	35	0	3.5	0.3640336134453772	0.812473892367865	1
903	Iter0904	28	4	3	1	19	0	2.333333333333333	0.4658348187759917	0.4517276303203999	1
904	Iter0905	32	5	3	2	23	1	4.266666666666667	0.1875185148612582	0.4594989308600449	1
905	Iter0906	38	7	5	1	28	0	1.085714285714286	1.0	0.6350878449297999	1
906	Iter0907	23	7	6	0	20	3	0.42857142857142855	0.3171468000689945	0.4628659809932001	1
907	Iter0908	22	9	8	4	16	2	1.2222222222222223	1.0	0.354697826303	1
908	Iter0909	23	5	10	2	18	3	0.92	1.0	0.4210281493	1
909	Iter0910	24	10	9	0	21	0	0.2272727272727273	0.08882355262628122	0.5334547617	1
910	Iter0911	22	3	6	0	19	1	0.8214285714285714	1.0	0.32739671831701994	1
911	Iter0912	26	7	5	0	19	1	0.5625	0.5611943212562468	0.41557115575	1
912	Iter0913	19	7	4	2	12	0	1.3571428571428572	1.0	0.21181479244999998	1
913	Iter0914	31	7	6	2	21	2	1.4761904761904765	0.6448923145216461	0.42518860914520007	1
914	Iter0915	32	4	4	1	23	1	2.0	0.4969402106757794	0.525461539668664	1
915	Iter0916	30	3	6	0	24	2	1.1071428571428572	1.0	0.5369262069999999	1
916	Iter0917	21	6	4	1	16	0	0.875	1.0	0.42187326121499996	1
917	Iter0918	31	6	7	5	24	1	3.6904761904761916	0.10829563908029984	0.5183515657000001	1
918	Iter0919	30	10	9	2	26	1	0.6666666666666666	1.0	0.55964267433	1
919	Iter0920	29	10	5	2	23	0	1.16	1.0	0.456425128008	1
920	Iter0921	27	5	9	1	19	1	0.6000000000000001	1.0	0.3230062743831	1
921	Iter0922	25	4	4	3	20	1	4.6875	0.11594898223218755	0.34360423688999997	1
922	Iter0923	32	2	5	3	23	0	9.6	0.03979460847240007	0.4921890421	1
923	Iter0924	34	7	5	2	28	1	1.9428571428571424	0.6011954761564824	0.7221195790009998	1
924	Iter0925	21	9	5	1	17	2	0.4666666666666667	0.6546089110130782	0.44226579499999996	1
925	Iter0926	34	4	6	2	24	1	2.833333333333333	0.2765722279890391	0.5097948357000001	1
926	Iter0927	30	4	5	1	24	3	1.5	1.0	0.6136549394999999	1
927	Iter0928	34	4	6	1	23	3	1.4166666666666667	1.0	0.49505462451079996	1
928	Iter0929	27	11	3	1	20	1	0.8181818181818182	1.0	0.48296275795899996	1
929	Iter0930	27	6	3	1	20	0	1.5	1.0	0.33771164819383	1
930	Iter0931	23	2	4	2	21	0	5.75	0.15938344191959206	0.43324020708	1
931	Iter0932	27	7	8	0	25	1	0.3888888888888889	0.3123962315233167	0.5162189249999999	1
932	Iter0933	24	7	7	3	19	2	1.469387755102041	0.6833531242039549	0.46222243691120585	1
933	Iter0934	40	6	7	5	32	2	4.761904761904763	0.03874564589861816	0.7411562396899999	1
934	Iter0935	37	7	3	2	27	0	3.523809523809524	0.22359304498858534	0.6918286127000002	1
935	Iter0936	23	8	3	4	17	0	3.8333333333333335	0.17646361531810453	0.33205408	1
936	Iter0937	39	5	4	2	27	1	3.9	0.19231751905202396	0.5357112867189001	1
937	Iter0938	31	4	7	1	23	2	1.1071428571428572	1.0	0.50716556192	1
938	Iter0939	28	6	3	3	20	0	4.666666666666667	0.11467337783126975	0.47073402329999986	1
939	Iter0940	34	7	8	1	28	0	0.6071428571428571	1.0	0.556068018529846	1
940	Iter0941	30	5	5	1	23	2	1.2	1.0	0.4072096187709999	1
941	Iter0942	25	3	8	2	22	8	2.083333333333333	0.5920843444063438	0.49533781710000013	1
942	Iter0943	24	6	2	3	20	0	6.0	0.09457478005865168	0.4068712438	1
943	Iter0944	29	3	7	3	23	6	4.142857142857142	0.13489570485719582	0.5211610357001001	1
944	Iter0945	19	4	17	1	17	7	0.2794117647058824	0.36294065369803996	0.479628957	1
945	Iter0946	33	3	2	0	24	0	2.833333333333333	1.0	0.4657894783447	1
946	Iter0947	29	8	5	1	21	0	0.725	1.0	0.44325201126600006	1
947	Iter0948	27	8	2	0	20	1	1.037037037037037	1.0	0.422351375	1
948	Iter0949	29	8	4	2	23	0	1.8125	0.6106982846093736	0.6944939447719	1
949	Iter0950	26	3	4	1	21	0	2.1666666666666665	0.4878601000517533	0.54213556113	1
950	Iter0951	19	8	10	0	13	3	0.202020202020202	0.0785891117959445	0.246772328	1
951	Iter0952	25	7	2	1	17	0	1.7857142857142858	0.5530939648586746	0.366292670993	1
952	Iter0953	36	3	4	3	21	0	9.0	0.03700573268256837	0.439581240603	1
953	Iter0954	18	10	2	2	17	0	1.8	0.6195773081201453	0.4280376249999999	1
954	Iter0955	26	4	4	0	19	0	1.08	1.0	0.3563355284	1
955	Iter0956	31	7	2	1	23	1	2.2142857142857144	0.4881801125703694	0.4640432383180001	1
956	Iter0957	30	6	8	1	19	4	0.625	1.0	0.44042842754000006	1
957	Iter0958	27	5	4	4	19	1	5.4	0.05943909659079901	0.49679190114387267	1
958	Iter0959	32	11	5	2	27	0	1.1636363636363636	1.0	0.7347925871600001	1
959	Iter0960	30	8	6	2	19	1	1.25	1.0	0.35024123230000004	1
960	Iter0961	27	3	3	0	21	1	1.75	1.0	0.45559205584947	1
961	Iter0962	33	7	4	1	22	0	1.1785714285714286	1.0	0.4848231951100001	1
962	Iter0963	25	10	1	5	18	1	12.5	0.01847772033908089	0.4236906990479999	1
963	Iter0964	35	2	3	2	24	1	11.666666666666664	0.06285178236397779	0.553522040187359	1
964	Iter0965	29	7	3	2	22	0	2.7619047619047623	0.2994163315087619	0.581644118	1
965	Iter0966	28	11	6	2	21	1	0.8484848484848485	1.0	0.5238600956	1
966	Iter0967	29	6	5	2	23	0	1.933333333333333	0.6011898142835252	0.537913827	1
967	Iter0968	21	2	8	3	17	0	3.9375	0.2998893105629378	0.37153967144	1
968	Iter0969	36	3	4	3	28	0	9.0	0.03700573268256837	0.5862362699888871	1
969	Iter0970	31	7	4	3	23	1	3.321428571428572	0.17221519263492482	0.4107369195999999	1
970	Iter0971	26	8	7	1	24	5	0.4642857142857143	0.6621843132754658	0.5725676336710002	1
971	Iter0972	31	2	6	1	27	2	2.583333333333333	0.4477732793522213	0.448072984407	1
972	Iter0973	23	7	3	4	16	1	4.3809523809523805	0.16301263312648911	0.43956513007303094	1
973	Iter0974	16	1	5	4	13	2	12.8	0.03447856491334755	0.23953669399999997	1
974	Iter0975	25	5	12	3	16	7	1.25	1.0	0.27081746928098005	1
975	Iter0976	34	6	6	0	24	3	0.7142857142857143	0.578507068408187	0.6403519076489999	1
976	Iter0977	33	7	6	0	20	1	0.6071428571428571	0.5697259656666769	0.41765512683620193	1
977	Iter0978	28	6	6	0	22	1	0.5918367346938777	0.5650415018835971	0.36402661960194005	1
978	Iter0979	29	6	8	3	21	0	1.8125	0.66429779614866	0.4288245479000001	1
979	Iter0980	38	4	6	1	30	0	1.5833333333333333	0.5538963041275765	0.6939006678539997	1
980	Iter0981	34	7	4	2	27	1	2.4285714285714284	0.32217839170918217	0.5860151712653601	1
981	Iter0982	29	4	2	2	24	0	7.25	0.11522446816565007	0.5279544420694	1
982	Iter0983	24	7	4	0	18	2	0.625	0.5620320855615054	0.36673624471	1
983	Iter0984	38	6	1	0	23	0	2.7857142857142856	1.0	0.50580222956056	1
984	Iter0985	33	5	4	3	26	0	4.95	0.09433221344735136	0.5191687102236	1
985	Iter0986	31	6	4	4	25	1	5.166666666666667	0.05926210001201394	0.68078508533	1
986	Iter0987	31	6	8	3	23	1	1.9375	0.4091376443420289	0.5159483721000001	1
987	Iter0988	20	5	6	0	16	2	0.5	0.5532955488461622	0.27857352180000006	1
988	Iter0989	30	1	5	1	23	1	6.0	0.3018018018018072	0.5159835899732016	1
989	Iter0990	27	8	8	2	18	4	0.84375	1.0	0.4523698663000001	1
990	Iter0991	28	8	7	4	24	3	2.0	0.43515546379009984	0.5417389129000001	1
991	Iter0992	37	3	1	3	26	0	37.00000000000001	0.005708981885953189	0.5917403909499999	1
992	Iter0993	35	6	6	5	29	2	4.861111111111111	0.040705710247008926	0.655121721368	1
993	Iter0994	25	7	2	4	22	2	7.142857142857142	0.046642839212498434	0.5406864499999999	1
994	Iter0995	28	8	8	1	21	4	0.4375	0.6608790547351997	0.6374983908	1
995	Iter0996	29	3	6	4	18	1	6.444444444444443	0.0434953567174363	0.31004128791680996	1
996	Iter0997	26	8	4	1	21	1	0.8125	1.0	0.4621728010379001	1
997	Iter0998	39	3	10	4	27	3	5.2	0.0575410038229105	0.68694194047387	1
998	Iter0999	31	6	5	1	22	1	1.0333333333333334	1.0	0.5754374055009001	1
999	Iter1000	28	4	6	3	23	1	3.5	0.16505781974331132	0.557932912	1
