	ThScore	TP	TN	FP	FN	TPR	FPR
0	0.015873015873015872	787	0	3213	0	1.0	1.0
1	0.03571428571428571	787	1	3212	0	1.0	0.9996887643946467
2	0.037037037037037035	787	2	3211	0	1.0	0.9993775287892935
3	0.04444444444444444	787	3	3210	0	1.0	0.9990662931839402
4	0.04615384615384616	787	4	3209	0	1.0	0.998755057578587
5	0.047619047619047616	787	5	3208	0	1.0	0.9984438219732338
6	0.05	787	6	3207	0	1.0	0.9981325863678805
7	0.05194805194805195	787	8	3205	0	1.0	0.997510115157174
8	0.054545454545454536	786	8	3205	1	0.9987293519695044	0.997510115157174
9	0.05555555555555555	786	9	3204	1	0.9987293519695044	0.9971988795518207
10	0.057142857142857134	786	10	3203	1	0.9987293519695044	0.9968876439464674
11	0.0625	786	11	3202	1	0.9987293519695044	0.9965764083411143
12	0.06593406593406594	786	14	3199	1	0.9987293519695044	0.9956427015250545
13	0.06666666666666668	786	15	3198	1	0.9987293519695044	0.9953314659197012
14	0.06944444444444445	786	17	3196	1	0.9987293519695044	0.9947089947089947
15	0.07142857142857142	786	18	3195	1	0.9987293519695044	0.9943977591036415
16	0.07407407407407407	786	21	3192	1	0.9987293519695044	0.9934640522875817
17	0.08333333333333333	786	23	3190	1	0.9987293519695044	0.9928415810768751
18	0.08333333333333334	786	27	3186	1	0.9987293519695044	0.9915966386554622
19	0.08571428571428573	786	28	3185	1	0.9987293519695044	0.9912854030501089
20	0.08888888888888888	786	29	3184	1	0.9987293519695044	0.9909741674447556
21	0.0909090909090909	785	30	3183	2	0.9974587039390089	0.9906629318394025
22	0.09090909090909093	784	32	3181	3	0.9961880559085133	0.9900404606286959
23	0.0925925925925926	783	37	3176	4	0.9949174078780177	0.9884842826019297
24	0.09375	783	38	3175	4	0.9949174078780177	0.9881730469965764
25	0.09523809523809523	783	39	3174	4	0.9949174078780177	0.9878618113912232
26	0.09615384615384616	783	41	3172	4	0.9949174078780177	0.9872393401805166
27	0.1	783	43	3170	4	0.9949174078780177	0.9866168689698102
28	0.1038961038961039	783	54	3159	4	0.9949174078780177	0.9831932773109243
29	0.10416666666666667	783	56	3157	4	0.9949174078780177	0.9825708061002179
30	0.10714285714285714	782	58	3155	5	0.9936467598475223	0.9819483348895114
31	0.10769230769230767	782	63	3150	5	0.9936467598475223	0.9803921568627451
32	0.1111111111111111	781	63	3150	6	0.9923761118170267	0.9803921568627451
33	0.11363636363636365	780	74	3139	7	0.9911054637865311	0.9769685652038593
34	0.11428571428571427	780	75	3138	7	0.9911054637865311	0.976657329598506
35	0.1153846153846154	780	76	3137	7	0.9911054637865311	0.9763460939931529
36	0.11666666666666667	780	77	3136	7	0.9911054637865311	0.9760348583877996
37	0.12	780	79	3134	7	0.9911054637865311	0.9754123871770931
38	0.12121212121212124	779	81	3132	8	0.9898348157560356	0.9747899159663865
39	0.125	779	82	3131	8	0.9898348157560356	0.9744786803610334
40	0.12727272727272726	777	94	3119	10	0.9872935196950444	0.9707438530967942
41	0.1285714285714286	776	94	3119	11	0.9860228716645489	0.9707438530967942
42	0.13333333333333333	776	95	3118	11	0.9860228716645489	0.970432617491441
43	0.13636363636363635	774	109	3104	13	0.9834815756035579	0.9660753190164955
44	0.1388888888888889	774	112	3101	13	0.9834815756035579	0.9651416122004357
45	0.14	773	117	3096	14	0.9822109275730623	0.9635854341736695
46	0.14285714285714285	772	117	3096	15	0.9809402795425667	0.9635854341736695
47	0.14583333333333334	766	134	3079	21	0.9733163913595934	0.9582944288826641
48	0.14705882352941174	766	135	3078	21	0.9733163913595934	0.957983193277311
49	0.14814814814814814	766	136	3077	21	0.9733163913595934	0.9576719576719577
50	0.15	766	137	3076	21	0.9733163913595934	0.9573607220666044
51	0.15151515151515152	763	145	3068	24	0.9695044472681067	0.9548708372237784
52	0.15384615384615385	763	147	3066	24	0.9695044472681067	0.954248366013072
53	0.15555555555555556	763	149	3064	24	0.9695044472681067	0.9536258948023654
54	0.15625	763	152	3061	24	0.9695044472681067	0.9526921879863056
55	0.15873015873015875	763	154	3059	24	0.9695044472681067	0.9520697167755992
56	0.1590909090909091	763	155	3058	24	0.9695044472681067	0.9517584811702459
57	0.16	762	157	3056	25	0.9682337992376112	0.9511360099595394
58	0.16071428571428573	761	158	3055	26	0.9669631512071156	0.9508247743541861
59	0.16666666666666666	761	159	3054	26	0.9669631512071156	0.9505135387488328
60	0.16666666666666669	761	204	3009	26	0.9669631512071156	0.9365079365079365
61	0.17142857142857146	761	209	3004	26	0.9669631512071156	0.9349517584811703
62	0.175	760	212	3001	27	0.96569250317662	0.9340180516651105
63	0.17777777777777776	759	217	2996	28	0.9644218551461246	0.9324618736383442
64	0.17777777777777778	759	218	2995	28	0.9644218551461246	0.9321506380329909
65	0.17857142857142858	758	218	2995	29	0.963151207115629	0.9321506380329909
66	0.18	757	222	2991	30	0.9618805590851334	0.930905695611578
67	0.1818181818181818	757	224	2989	30	0.9618805590851334	0.9302832244008714
68	0.18181818181818185	757	226	2987	30	0.9618805590851334	0.929660753190165
69	0.18333333333333326	757	230	2983	30	0.9618805590851334	0.9284158107687519
70	0.1851851851851852	757	231	2982	30	0.9618805590851334	0.9281045751633987
71	0.1875	757	235	2978	30	0.9618805590851334	0.9268596327419857
72	0.19047619047619047	757	243	2970	30	0.9618805590851334	0.9243697478991597
73	0.19230769230769232	756	248	2965	31	0.9606099110546379	0.9228135698723934
74	0.19318181818181807	755	249	2964	32	0.9593392630241423	0.9225023342670402
75	0.19444444444444445	754	249	2964	33	0.9580686149936467	0.9225023342670402
76	0.2	753	254	2959	34	0.9567979669631512	0.9209461562402739
77	0.20454545454545456	746	287	2926	41	0.9479034307496823	0.9106753812636166
78	0.2083333333333333	744	289	2924	43	0.9453621346886912	0.91005291005291
79	0.21212121212121213	738	299	2914	49	0.9377382465057179	0.9069405539993776
80	0.21428571428571427	736	301	2912	51	0.9351969504447268	0.906318082788671
81	0.2142857142857143	734	307	2906	53	0.9326556543837357	0.9044506691565515
82	0.21875	734	308	2905	53	0.9326556543837357	0.9041394335511983
83	0.2222222222222222	733	310	2903	54	0.9313850063532402	0.9035169623404917
84	0.22222222222222224	729	337	2876	58	0.9263024142312579	0.8951136009959539
85	0.225	728	337	2876	59	0.9250317662007624	0.8951136009959539
86	0.2272727272727273	727	340	2873	60	0.9237611181702668	0.8941798941798942
87	0.2285714285714285	727	347	2866	60	0.9237611181702668	0.8920012449424214
88	0.2285714285714286	726	349	2864	61	0.9224904701397713	0.8913787737317149
89	0.23076923076923075	725	349	2864	62	0.9212198221092758	0.8913787737317149
90	0.2307692307692308	725	350	2863	62	0.9212198221092758	0.8910675381263616
91	0.2333333333333333	725	351	2862	62	0.9212198221092758	0.8907563025210085
92	0.2352941176470588	724	357	2856	63	0.9199491740787802	0.8888888888888888
93	0.2380952380952381	724	358	2855	63	0.9199491740787802	0.8885776532835357
94	0.24	723	374	2839	64	0.9186785260482846	0.8835978835978836
95	0.2424242424242425	723	378	2835	64	0.9186785260482846	0.8823529411764706
96	0.2444444444444445	722	381	2832	65	0.9174078780177891	0.8814192343604108
97	0.25	722	382	2831	65	0.9174078780177891	0.8811079987550576
98	0.2545454545454545	706	457	2756	81	0.8970775095298602	0.8577653283535637
99	0.25641025641025644	706	459	2754	81	0.8970775095298602	0.8571428571428571
100	0.2571428571428572	706	460	2753	81	0.8970775095298602	0.8568316215375039
101	0.25925925925925924	706	463	2750	81	0.8970775095298602	0.8558979147214442
102	0.26666666666666666	706	468	2745	81	0.8970775095298602	0.8543417366946778
103	0.2727272727272727	701	490	2723	86	0.8907242693773825	0.8474945533769063
104	0.2727272727272728	699	495	2718	88	0.8881829733163914	0.84593837535014
105	0.275	699	496	2717	88	0.8881829733163914	0.8456271397447868
106	0.2777777777777778	699	497	2716	88	0.8881829733163914	0.8453159041394336
107	0.28	696	523	2690	91	0.8843710292249047	0.837223778400249
108	0.28125	695	528	2685	92	0.8831003811944091	0.8356676003734828
109	0.2857142857142857	695	529	2684	92	0.8831003811944091	0.8353563647681295
110	0.2888888888888889	692	562	2651	95	0.8792884371029225	0.8250855897914722
111	0.2916666666666667	692	563	2650	95	0.8792884371029225	0.8247743541861189
112	0.2954545454545455	689	589	2624	98	0.8754764930114358	0.8166822284469343
113	0.2962962962962963	689	590	2623	98	0.8754764930114358	0.8163709928415811
114	0.3	688	593	2620	99	0.8742058449809402	0.8154372860255213
115	0.30000000000000004	683	622	2591	104	0.8678526048284625	0.806411453470277
116	0.30303030303030304	683	623	2590	104	0.8678526048284625	0.8061002178649237
117	0.3055555555555555	682	626	2587	105	0.866581956797967	0.8051665110488639
118	0.3055555555555556	682	627	2586	105	0.866581956797967	0.8048552754435108
119	0.3111111111111111	681	627	2586	106	0.8653113087674714	0.8048552754435108
120	0.3125	681	628	2585	106	0.8653113087674714	0.8045440398381575
121	0.3181818181818182	680	646	2567	107	0.8640406607369758	0.798941798941799
122	0.32	679	649	2564	108	0.8627700127064803	0.7980080921257392
123	0.32142857142857145	678	652	2561	109	0.8614993646759848	0.7970743853096794
124	0.3333333333333333	678	657	2556	109	0.8614993646759848	0.7955182072829131
125	0.33333333333333337	667	760	2453	120	0.8475222363405337	0.7634609399315282
126	0.3428571428571429	667	762	2451	120	0.8475222363405337	0.7628384687208216
127	0.34375	667	765	2448	120	0.8475222363405337	0.7619047619047619
128	0.35	666	765	2448	121	0.8462515883100381	0.7619047619047619
129	0.35714285714285715	663	775	2438	124	0.8424396442185514	0.7587924058512294
130	0.36	660	786	2427	127	0.8386277001270648	0.7553688141923436
131	0.3611111111111111	659	788	2425	128	0.8373570520965693	0.7547463429816371
132	0.3636363636363637	659	790	2423	128	0.8373570520965693	0.7541238717709305
133	0.3666666666666665	658	794	2419	129	0.8360864040660737	0.7528789293495176
134	0.3666666666666667	658	795	2418	129	0.8360864040660737	0.7525676937441643
135	0.3703703703703704	657	799	2414	130	0.8348157560355781	0.7513227513227513
136	0.3714285714285713	656	802	2411	131	0.8335451080050826	0.7503890445066915
137	0.375	655	802	2411	132	0.832274459974587	0.7503890445066915
138	0.3809523809523809	652	836	2377	135	0.8284625158831004	0.739807033924681
139	0.38461538461538464	648	848	2365	139	0.8233799237611181	0.7360722066604419
140	0.3888888888888889	648	849	2364	139	0.8233799237611181	0.7357609710550888
141	0.3928571428571429	643	869	2344	144	0.8170266836086404	0.7295362589480237
142	0.4	643	873	2340	144	0.8170266836086404	0.7282913165266106
143	0.40625	635	928	2285	152	0.806861499364676	0.7111733582321818
144	0.4074074074074073	634	929	2284	153	0.8055908513341804	0.7108621226268285
145	0.40909090909090906	633	929	2284	154	0.8043202033036849	0.7108621226268285
146	0.4090909090909091	633	930	2283	154	0.8043202033036849	0.7105508870214753
147	0.4166666666666666	632	930	2283	155	0.8030495552731893	0.7105508870214753
148	0.4166666666666667	632	931	2282	155	0.8030495552731893	0.710239651416122
149	0.42424242424242425	625	954	2259	162	0.7941550190597204	0.7030812324929971
150	0.42857142857142855	624	954	2259	163	0.7928843710292249	0.7030812324929971
151	0.4285714285714286	621	987	2226	166	0.7890724269377383	0.6928104575163399
152	0.4375	619	989	2224	168	0.7865311308767471	0.6921879863056334
153	0.4400000000000001	614	1003	2210	173	0.7801778907242694	0.6878306878306878
154	0.4444444444444444	614	1005	2208	173	0.7801778907242694	0.6872082166199813
155	0.45	608	1031	2182	179	0.772554002541296	0.6791160908807967
156	0.4545454545454545	605	1041	2172	182	0.7687420584498094	0.6760037348272643
157	0.4571428571428571	605	1044	2169	182	0.7687420584498094	0.6750700280112045
158	0.4571428571428572	604	1044	2169	183	0.7674714104193139	0.6750700280112045
159	0.4583333333333333	604	1045	2168	183	0.7674714104193139	0.6747587924058512
160	0.4615384615384616	603	1051	2162	184	0.7662007623888183	0.6728913787737317
161	0.4666666666666666	602	1052	2161	185	0.7649301143583227	0.6725801431683784
162	0.4666666666666667	600	1061	2152	187	0.7623888182973316	0.6697790227201992
163	0.46875	600	1063	2150	187	0.7623888182973316	0.6691565515094927
164	0.4761904761904762	600	1064	2149	187	0.7623888182973316	0.6688453159041394
165	0.4814814814814815	598	1069	2144	189	0.7598475222363406	0.6672891378773732
166	0.4848484848484849	597	1069	2144	190	0.758576874205845	0.6672891378773732
167	0.4897959183673469	597	1070	2143	190	0.758576874205845	0.6669779022720199
168	0.5	597	1071	2142	190	0.758576874205845	0.6666666666666666
169	0.5142857142857142	573	1195	2018	214	0.7280813214739518	0.6280734516028633
170	0.5185185185185185	573	1196	2017	214	0.7280813214739518	0.6277622159975101
171	0.52	573	1199	2014	214	0.7280813214739518	0.6268285091814504
172	0.5238095238095238	573	1200	2013	214	0.7280813214739518	0.6265172735760971
173	0.525	572	1202	2011	215	0.7268106734434562	0.6258948023653906
174	0.5333333333333333	572	1203	2010	215	0.7268106734434562	0.6255835667600373
175	0.5357142857142858	572	1214	1999	215	0.7268106734434562	0.6221599751011516
176	0.5416666666666666	570	1217	1996	217	0.7242693773824651	0.6212262682850919
177	0.5454545454545454	569	1218	1995	218	0.7229987293519695	0.6209150326797386
178	0.5454545454545455	568	1222	1991	219	0.7217280813214739	0.6196700902583255
179	0.55	567	1222	1991	220	0.7204574332909784	0.6196700902583255
180	0.5555555555555556	564	1225	1988	223	0.7166454891994918	0.6187363834422658
181	0.5625	558	1255	1958	229	0.7090216010165185	0.6093993152816682
182	0.5714285714285714	554	1262	1951	233	0.7039390088945362	0.6072206660441954
183	0.5833333333333334	549	1287	1926	238	0.6975857687420585	0.5994397759103641
184	0.5925925925925926	544	1320	1893	243	0.6912325285895807	0.5891690009337068
185	0.6	544	1321	1892	243	0.6912325285895807	0.5888577653283535
186	0.6000000000000001	529	1360	1853	258	0.6721728081321474	0.5767195767195767
187	0.6111111111111109	529	1363	1850	258	0.6721728081321474	0.575785869903517
188	0.6111111111111112	528	1366	1847	259	0.6709021601016518	0.5748521630874572
189	0.6153846153846154	527	1369	1844	260	0.6696315120711563	0.5739184562713975
190	0.6190476190476191	527	1371	1842	260	0.6696315120711563	0.5732959850606909
191	0.625	527	1374	1839	260	0.6696315120711563	0.5723622782446312
192	0.6250000000000001	521	1399	1814	266	0.662007623888183	0.5645813881107998
193	0.6363636363636364	520	1400	1813	267	0.6607369758576874	0.5642701525054467
194	0.64	520	1404	1809	267	0.6607369758576874	0.5630252100840336
195	0.6428571428571428	520	1405	1808	267	0.6607369758576874	0.5627139744786803
196	0.6428571428571429	520	1406	1807	267	0.6607369758576874	0.5624027388733271
197	0.65625	517	1419	1794	270	0.6569250317662008	0.5583566760037348
198	0.6666666666666666	517	1420	1793	270	0.6569250317662008	0.5580454403983816
199	0.6666666666666667	492	1505	1708	295	0.625158831003812	0.5315904139433552
200	0.6818181818181819	492	1506	1707	295	0.625158831003812	0.5312791783380019
201	0.6857142857142856	492	1507	1706	295	0.625158831003812	0.5309679427326486
202	0.6857142857142857	492	1508	1705	295	0.625158831003812	0.5306567071272954
203	0.6875	492	1509	1704	295	0.625158831003812	0.5303454715219421
204	0.7	490	1512	1701	297	0.6226175349428208	0.5294117647058824
205	0.7142857142857143	483	1541	1672	304	0.613722998729352	0.520385932150638
206	0.72	477	1556	1657	310	0.6060991105463787	0.5157173980703392
207	0.7222222222222222	477	1557	1656	310	0.6060991105463787	0.5154061624649859
208	0.7272727272727273	476	1560	1653	311	0.6048284625158831	0.5144724556489262
209	0.7333333333333333	476	1563	1650	311	0.6048284625158831	0.5135387488328664
210	0.7333333333333334	476	1565	1648	311	0.6048284625158831	0.51291627762216
211	0.75	474	1568	1645	313	0.602287166454892	0.5119825708061002
212	0.7619047619047619	452	1620	1593	335	0.5743329097839899	0.4957983193277311
213	0.7692307692307693	450	1623	1590	337	0.5717916137229987	0.49486461251167135
214	0.7714285714285714	450	1624	1589	337	0.5717916137229987	0.49455337690631807
215	0.7777777777777778	450	1625	1588	337	0.5717916137229987	0.49424214130096483
216	0.7857142857142857	447	1639	1574	340	0.567979669631512	0.4898848428260193
217	0.7999999999999999	445	1643	1570	342	0.565438373570521	0.4886399004046063
218	0.8	443	1652	1561	344	0.5628970775095299	0.485838779956427
219	0.8125	436	1695	1518	351	0.554002541296061	0.47245564892623715
220	0.8181818181818181	434	1697	1516	353	0.5514612452350699	0.4718331777155307
221	0.8333333333333333	434	1698	1515	353	0.5514612452350699	0.4715219421101774
222	0.8333333333333334	434	1699	1514	353	0.5514612452350699	0.47121070650482416
223	0.8461538461538461	425	1740	1473	362	0.5400254129606099	0.4584500466853408
224	0.8571428571428571	425	1741	1472	362	0.5400254129606099	0.45813881107998755
225	0.8571428571428572	420	1762	1451	367	0.5336721728081322	0.4516028633675693
226	0.875	420	1763	1450	367	0.5336721728081322	0.451291627762216
227	0.8750000000000001	413	1788	1425	374	0.5247776365946633	0.44351073762838467
228	0.8800000000000001	413	1789	1424	374	0.5247776365946633	0.44319950202303143
229	0.8888888888888888	412	1789	1424	375	0.5235069885641678	0.44319950202303143
230	0.8999999999999999	409	1805	1408	378	0.5196950444726811	0.4382197323373794
231	0.9	408	1808	1405	379	0.5184243964421855	0.4372860255213196
232	0.9090909090909092	402	1827	1386	385	0.5108005082592122	0.43137254901960786
233	0.9142857142857144	402	1829	1384	385	0.5108005082592122	0.43075007780890134
234	0.9166666666666666	402	1830	1383	385	0.5108005082592122	0.4304388422035481
235	0.9230769230769232	400	1839	1374	387	0.5082592121982211	0.4276377217553688
236	0.9285714285714286	400	1840	1373	387	0.5082592121982211	0.42732648615001556
237	0.9333333333333332	400	1844	1369	387	0.5082592121982211	0.4260815437286026
238	0.9375	399	1849	1364	388	0.5069885641677255	0.4245253657018363
239	0.9428571428571428	398	1853	1360	389	0.5057179161372299	0.42328042328042326
240	0.9444444444444444	397	1853	1360	390	0.5044472681067345	0.42328042328042326
241	0.9523809523809524	396	1853	1360	391	0.5031766200762389	0.42328042328042326
242	0.96	396	1854	1359	391	0.5031766200762389	0.42296918767507
243	1.0	395	1854	1359	392	0.5019059720457433	0.42296918767507
244	1.03125	358	2010	1203	429	0.4548919949174079	0.37441643323996265
245	1.037037037037037	357	2010	1203	430	0.4536213468869123	0.37441643323996265
246	1.0476190476190477	357	2011	1202	430	0.4536213468869123	0.3741051976346094
247	1.05	357	2013	1200	430	0.4536213468869123	0.3734827264239029
248	1.0666666666666669	357	2014	1199	430	0.4536213468869123	0.37317149081854967
249	1.0714285714285714	356	2015	1198	431	0.45235069885641677	0.3728602552131964
250	1.0714285714285716	356	2017	1196	431	0.45235069885641677	0.37223778400248986
251	1.08	356	2019	1194	431	0.45235069885641677	0.3716153127917834
252	1.0833333333333333	356	2020	1193	431	0.45235069885641677	0.3713040771864301
253	1.0909090909090908	355	2023	1190	432	0.45108005082592123	0.37037037037037035
254	1.1	353	2024	1189	434	0.4485387547649301	0.3700591347650171
255	1.1111111111111112	351	2035	1178	436	0.44599745870393903	0.36663554310613133
256	1.125	346	2051	1162	441	0.43964421855146124	0.3616557734204793
257	1.1428571428571428	342	2075	1138	445	0.43456162642947904	0.35418611889200124
258	1.1538461538461535	334	2099	1114	453	0.4243964421855146	0.3467164643635232
259	1.1666666666666667	334	2100	1113	453	0.4243964421855146	0.3464052287581699
260	1.1851851851851851	323	2142	1071	464	0.4104193138500635	0.3333333333333333
261	1.2	322	2142	1071	465	0.409148665819568	0.3333333333333333
262	1.2000000000000002	314	2171	1042	473	0.39898348157560354	0.324307500778089
263	1.2142857142857142	314	2173	1040	473	0.39898348157560354	0.3236850295673825
264	1.2222222222222219	313	2173	1040	474	0.397712833545108	0.3236850295673825
265	1.2222222222222223	311	2174	1039	476	0.3951715374841169	0.32337379396202925
266	1.2307692307692308	310	2174	1039	477	0.39390088945362134	0.32337379396202925
267	1.25	309	2174	1039	478	0.3926302414231258	0.32337379396202925
268	1.2500000000000002	298	2204	1009	489	0.3786531130876747	0.31403672580143166
269	1.2727272727272727	298	2209	1004	489	0.3786531130876747	0.31248054777466544
270	1.2857142857142858	298	2213	1000	489	0.3786531130876747	0.3112356053532524
271	1.3	293	2223	990	494	0.37229987293519695	0.3081232492997199
272	1.3333333333333333	291	2225	988	496	0.3697585768742058	0.3075007780890134
273	1.35	280	2276	937	507	0.35578144853875476	0.2916277622159975
274	1.3636363636363638	280	2277	936	507	0.35578144853875476	0.2913165266106443
275	1.375	279	2278	935	508	0.3545108005082592	0.291005291005291
276	1.3846153846153846	277	2286	927	510	0.3519695044472681	0.28851540616246496
277	1.4	276	2287	926	511	0.35069885641677256	0.2882041705571117
278	1.4285714285714286	270	2314	899	517	0.34307496823379924	0.27980080921257394
279	1.4583333333333333	267	2329	884	520	0.3392630241423126	0.2751322751322751
280	1.4583333333333337	267	2330	883	520	0.3392630241423126	0.2748210395269219
281	1.4999999999999998	267	2331	882	520	0.3392630241423126	0.27450980392156865
282	1.5	267	2332	881	520	0.3392630241423126	0.27419856831621536
283	1.5238095238095235	248	2399	814	539	0.31512071156289706	0.2533457827575475
284	1.5277777777777777	248	2401	812	539	0.31512071156289706	0.25272331154684097
285	1.5454545454545454	248	2402	811	539	0.31512071156289706	0.2524120759414877
286	1.5555555555555556	248	2403	810	539	0.31512071156289706	0.25210084033613445
287	1.5714285714285714	245	2410	803	542	0.3113087674714104	0.24992219109866168
288	1.6	245	2413	800	542	0.3113087674714104	0.24898848428260192
289	1.625	240	2438	775	547	0.30495552731893266	0.24120759414877063
290	1.6363636363636362	239	2443	770	548	0.3036848792884371	0.23965141612200436
291	1.6363636363636365	238	2446	767	549	0.30241423125794153	0.2387177093059446
292	1.65	238	2449	764	549	0.30241423125794153	0.23778400248988485
293	1.6666666666666663	238	2450	763	549	0.30241423125794153	0.2374727668845316
294	1.6666666666666667	238	2452	761	549	0.30241423125794153	0.2368502956738251
295	1.6875	226	2477	736	561	0.28716645489199494	0.22906940553999378
296	1.7	226	2478	735	561	0.28716645489199494	0.22875816993464052
297	1.7142857142857142	225	2478	735	562	0.28589580686149935	0.22875816993464052
298	1.7142857142857144	223	2497	716	564	0.2833545108005083	0.22284469343292873
299	1.7333333333333334	222	2497	716	565	0.2820838627700127	0.22284469343292873
300	1.75	222	2498	715	565	0.2820838627700127	0.22253345782757547
301	1.7500000000000002	211	2526	687	576	0.2681067344345616	0.2138188608776844
302	1.7777777777777777	211	2528	685	576	0.2681067344345616	0.2131963896669779
303	1.8	207	2533	680	580	0.2630241423125794	0.21164021164021163
304	1.8148148148148149	203	2557	656	584	0.2579415501905972	0.20417055711173357
305	1.818181818181818	203	2558	655	584	0.2579415501905972	0.20385932150638034
306	1.8333333333333333	203	2560	653	584	0.2579415501905972	0.20323685029567382
307	1.8461538461538465	196	2568	645	591	0.24904701397712833	0.20074696545284781
308	1.8571428571428568	195	2568	645	592	0.24777636594663277	0.20074696545284781
309	1.8666666666666665	194	2569	644	593	0.24650571791613723	0.20043572984749455
310	1.875	193	2569	644	594	0.24523506988564167	0.20043572984749455
311	1.9285714285714284	193	2583	630	594	0.24523506988564167	0.19607843137254902
312	1.9285714285714288	192	2583	630	595	0.24396442185514614	0.19607843137254902
313	2.0	190	2583	630	597	0.241423125794155	0.19607843137254902
314	2.083333333333333	162	2673	540	625	0.20584498094027953	0.16806722689075632
315	2.1	162	2674	539	625	0.20584498094027953	0.16775599128540306
316	2.1333333333333333	162	2678	535	625	0.20584498094027953	0.16651104886399004
317	2.142857142857143	162	2679	534	625	0.20584498094027953	0.16619981325863678
318	2.1428571428571432	162	2680	533	625	0.20584498094027953	0.16588857765328355
319	2.1818181818181817	162	2685	528	625	0.20584498094027953	0.16433239962651727
320	2.1875	162	2686	527	625	0.20584498094027953	0.164021164021164
321	2.2	162	2687	526	625	0.20584498094027953	0.16370992841581078
322	2.2222222222222223	159	2696	517	628	0.2020330368487929	0.1609088079676315
323	2.25	155	2703	510	632	0.19695044472681067	0.15873015873015872
324	2.2857142857142856	145	2731	482	642	0.18424396442185514	0.15001556178026768
325	2.333333333333333	143	2739	474	644	0.18170266836086404	0.14752567693744165
326	2.4	134	2760	453	653	0.17026683608640406	0.14098972922502334
327	2.4000000000000004	129	2771	442	658	0.1639135959339263	0.13756613756613756
328	2.4444444444444446	128	2774	439	659	0.16264294790343076	0.1366324307500778
329	2.454545454545455	128	2778	435	659	0.16264294790343076	0.1353874883286648
330	2.5	128	2779	434	659	0.16264294790343076	0.13507625272331156
331	2.5000000000000004	120	2807	406	667	0.15247776365946633	0.12636165577342048
332	2.571428571428572	120	2810	403	667	0.15247776365946633	0.12542794895736073
333	2.6	116	2819	394	671	0.1473951715374841	0.12262682850918145
334	2.625	114	2819	394	673	0.144853875476493	0.12262682850918145
335	2.6666666666666665	114	2824	389	673	0.144853875476493	0.12107065048241519
336	2.666666666666667	111	2836	377	676	0.14104193138500634	0.11733582321817616
337	2.7	111	2837	376	676	0.14104193138500634	0.1170245876128229
338	2.75	110	2838	375	677	0.1397712833545108	0.11671335200746966
339	2.8	109	2848	365	678	0.13850063532401524	0.11360099595393713
340	2.8571428571428568	105	2857	356	682	0.13341804320203304	0.11079987550575786
341	2.888888888888889	104	2861	352	683	0.13214739517153748	0.10955493308434484
342	2.9090909090909087	104	2864	349	683	0.13214739517153748	0.10862122626828509
343	2.916666666666667	104	2865	348	683	0.13214739517153748	0.10830999066293184
344	2.9333333333333336	103	2865	348	684	0.13087674714104194	0.10830999066293184
345	3.0	103	2866	347	684	0.13087674714104194	0.10799875505757858
346	3.111111111111111	92	2912	301	695	0.11689961880559085	0.09368191721132897
347	3.125	91	2914	299	696	0.1156289707750953	0.09305944600062246
348	3.1428571428571432	91	2915	298	696	0.1156289707750953	0.09274821039526922
349	3.2	90	2916	297	697	0.11435832274459974	0.09243697478991597
350	3.25	89	2926	287	698	0.11308767471410419	0.08932461873638345
351	3.3000000000000003	86	2927	286	701	0.10927573062261753	0.08901338313103019
352	3.333333333333333	86	2928	285	701	0.10927573062261753	0.08870214752567694
353	3.375	83	2948	265	704	0.10546378653113088	0.08247743541861188
354	3.4285714285714284	82	2950	263	705	0.10419313850063533	0.08185496420790539
355	3.5	80	2957	256	707	0.10165184243964422	0.07967631497043262
356	3.5000000000000004	77	2971	242	710	0.09783989834815757	0.07531901649548708
357	3.571428571428571	77	2977	236	710	0.09783989834815757	0.07345160286336756
358	3.6	76	2978	235	711	0.096569250317662	0.07314036725801432
359	3.6666666666666665	73	2986	227	714	0.09275730622617535	0.0706504824151883
360	3.666666666666667	69	2991	222	718	0.08767471410419314	0.06909430438842204
361	3.7142857142857135	69	2992	221	718	0.08767471410419314	0.06878306878306878
362	3.75	68	2992	221	719	0.08640406607369759	0.06878306878306878
363	3.8571428571428577	62	2998	215	725	0.07878017789072427	0.06691565515094927
364	3.9	62	2999	214	725	0.07878017789072427	0.06660441954559601
365	3.9375	62	3000	213	725	0.07878017789072427	0.06629318394024276
366	4.0	62	3001	212	725	0.07878017789072427	0.06598194833488952
367	4.090909090909091	52	3041	172	735	0.06607369758576874	0.053532524120759414
368	4.125	52	3042	171	735	0.06607369758576874	0.05322128851540616
369	4.2	52	3043	170	735	0.06607369758576874	0.05291005291005291
370	4.285714285714286	51	3046	167	736	0.06480304955527319	0.05197634609399315
371	4.285714285714287	50	3046	167	737	0.06353240152477764	0.05197634609399315
372	4.333333333333333	49	3046	167	738	0.062261753494282084	0.05197634609399315
373	4.375	48	3046	167	739	0.060991105463786534	0.05197634609399315
374	4.4	48	3047	166	739	0.060991105463786534	0.0516651104886399
375	4.5	48	3049	164	739	0.060991105463786534	0.05104263927793339
376	4.571428571428571	43	3059	154	744	0.054637865311308764	0.04793028322440087
377	4.666666666666667	43	3062	151	744	0.054637865311308764	0.046996576408341116
378	4.714285714285714	42	3071	142	745	0.053367217280813214	0.04419545596016184
379	4.8	42	3074	139	745	0.053367217280813214	0.04326174914410209
380	4.800000000000002	41	3075	138	746	0.052096569250317665	0.04295051353874883
381	5.0	41	3082	131	746	0.052096569250317665	0.040771864301276065
382	5.000000000000001	39	3092	121	748	0.04955527318932656	0.03765950824774354
383	5.142857142857143	37	3097	116	750	0.04701397712833545	0.03610333022097728
384	5.2	36	3098	115	751	0.045743329097839895	0.03579209461562403
385	5.25	36	3099	114	751	0.045743329097839895	0.035480859010270774
386	5.333333333333333	36	3105	108	751	0.045743329097839895	0.03361344537815126
387	5.4	34	3112	101	753	0.043202033036848796	0.03143479614067849
388	5.5	34	3115	98	753	0.043202033036848796	0.030501089324618737
389	5.571428571428572	33	3121	92	754	0.04193138500635324	0.028633675692499222
390	5.6	33	3122	91	754	0.04193138500635324	0.02832244008714597
391	5.6000000000000005	33	3125	88	754	0.04193138500635324	0.02738873327108621
392	5.7142857142857135	33	3126	87	754	0.04193138500635324	0.02707749766573296
393	5.833333333333332	33	3127	86	754	0.04193138500635324	0.026766262060379707
394	6.0	33	3129	84	754	0.04193138500635324	0.026143790849673203
395	6.1111111111111125	26	3142	71	761	0.03303684879288437	0.02209772798008092
396	6.4	26	3143	70	761	0.03303684879288437	0.02178649237472767
397	6.5	26	3144	69	761	0.03303684879288437	0.021475256769374416
398	6.6000000000000005	25	3145	68	762	0.03176620076238882	0.021164021164021163
399	6.666666666666668	24	3146	67	763	0.030495552731893267	0.020852785558667913
400	6.75	22	3150	63	765	0.02795425667090216	0.0196078431372549
401	6.999999999999999	22	3151	62	765	0.02795425667090216	0.019296607531901648
402	7.0	22	3152	61	765	0.02795425667090216	0.018985371926548398
403	7.000000000000001	19	3159	54	768	0.0241423125794155	0.01680672268907563
404	7.2	18	3164	49	769	0.022871664548919948	0.015250544662309368
405	7.333333333333332	18	3166	47	769	0.022871664548919948	0.014628073451602863
406	7.5	17	3172	41	770	0.021601016518424398	0.012760659819483348
407	7.800000000000002	15	3181	32	772	0.01905972045743329	0.009959539371304078
408	8.0	15	3182	31	772	0.01905972045743329	0.009648303765950824
409	8.25	13	3186	27	774	0.016518424396442185	0.008403361344537815
410	8.4	12	3187	26	775	0.015247776365946633	0.008092125739184563
411	8.666666666666666	12	3188	25	775	0.015247776365946633	0.00778089013383131
412	8.75	12	3189	24	775	0.015247776365946633	0.007469654528478058
413	9.0	12	3190	23	775	0.015247776365946633	0.0071584189231248055
414	9.333333333333334	11	3193	20	776	0.01397712833545108	0.006224712107065048
415	10.0	11	3194	19	776	0.01397712833545108	0.005913476501711796
416	10.000000000000002	11	3197	16	776	0.01397712833545108	0.004979769685652039
417	10.5	11	3199	14	776	0.01397712833545108	0.004357298474945534
418	11.0	10	3200	13	777	0.012706480304955527	0.0040460628695922814
419	12.0	8	3201	12	779	0.010165184243964422	0.003734827264239029
420	12.5	8	3205	8	779	0.010165184243964422	0.0024898848428260194
421	13.0	8	3206	7	779	0.010165184243964422	0.002178649237472767
422	13.333333333333336	7	3206	7	780	0.008894536213468869	0.002178649237472767
423	13.5	7	3208	5	780	0.008894536213468869	0.001556178026766262
424	14.0	6	3208	5	781	0.007623888182973317	0.001556178026766262
425	15.0	6	3209	4	781	0.007623888182973317	0.0012449424214130097
426	16.0	4	3209	4	783	0.005082592121982211	0.0012449424214130097
427	16.666666666666668	3	3210	3	784	0.0038119440914866584	0.0009337068160597573
428	18.0	2	3210	3	785	0.0025412960609911056	0.0009337068160597573
429	22.0	0	3210	3	787	0.0	0.0009337068160597573
430	24.0	0	3211	2	787	0.0	0.0006224712107065049
431	28.0	0	3212	1	787	0.0	0.0003112356053532524
