	ThScore	TP	TN	FP	FN	TPR	FPR
0	0.016666666666666666	781	0	3219	0	1.0	1.0
1	0.018181818181818184	781	1	3218	0	1.0	0.9996893445169307
2	0.02083333333333333	781	2	3217	0	1.0	0.9993786890338614
3	0.022222222222222227	781	5	3214	0	1.0	0.9984467225846536
4	0.023809523809523808	780	5	3214	1	0.998719590268886	0.9984467225846536
5	0.025	779	7	3212	2	0.9974391805377721	0.997825411618515
6	0.027777777777777776	779	8	3211	2	0.9974391805377721	0.9975147561354458
7	0.028571428571428574	778	11	3208	3	0.9961587708066582	0.9965827896862379
8	0.03125	778	12	3207	3	0.9961587708066582	0.9962721342031687
9	0.03333333333333333	778	14	3205	3	0.9961587708066582	0.9956508232370301
10	0.03409090909090909	778	21	3198	3	0.9961587708066582	0.9934762348555451
11	0.03571428571428571	778	22	3197	3	0.9961587708066582	0.993165579372476
12	0.03636363636363637	778	24	3195	3	0.9961587708066582	0.9925442684063374
13	0.037037037037037035	778	25	3194	3	0.9961587708066582	0.9922336129232681
14	0.04	778	28	3191	3	0.9961587708066582	0.9913016464740603
15	0.040816326530612235	778	30	3189	3	0.9961587708066582	0.9906803355079217
16	0.04166666666666666	778	33	3186	3	0.9961587708066582	0.9897483690587139
17	0.04444444444444445	777	43	3176	4	0.9948783610755442	0.9866418142280211
18	0.045454545454545456	777	46	3173	4	0.9948783610755442	0.9857098477788133
19	0.046875	777	47	3172	4	0.9948783610755442	0.985399192295744
20	0.047619047619047616	777	48	3171	4	0.9948783610755442	0.9850885368126747
21	0.05	777	56	3163	4	0.9948783610755442	0.9826032929481205
22	0.051948051948051945	777	63	3156	4	0.9948783610755442	0.9804287045666356
23	0.05357142857142857	777	64	3155	4	0.9948783610755442	0.9801180490835664
24	0.05555555555555555	775	65	3154	6	0.9923175416133163	0.9798073936004971
25	0.05714285714285715	775	86	3133	6	0.9923175416133163	0.9732836284560422
26	0.0625	775	88	3131	6	0.9923175416133163	0.9726623174899037
27	0.06349206349206349	775	102	3117	6	0.9923175416133163	0.9683131407269339
28	0.06666666666666668	775	104	3115	6	0.9923175416133163	0.9676918297607953
29	0.06818181818181819	772	122	3097	9	0.9884763124199744	0.9621000310655483
30	0.07142857142857142	772	127	3092	9	0.9884763124199744	0.9605467536502019
31	0.07272727272727274	771	146	3073	10	0.9871959026888605	0.9546442994718857
32	0.07407407407407407	771	147	3072	10	0.9871959026888605	0.9543336439888164
33	0.075	770	157	3062	11	0.9859154929577465	0.9512270891581236
34	0.07500000000000001	770	161	3058	11	0.9859154929577465	0.9499844672258465
35	0.07692307692307693	770	162	3057	11	0.9859154929577465	0.9496738117427772
36	0.078125	769	162	3057	12	0.9846350832266325	0.9496738117427772
37	0.07936507936507936	769	163	3056	12	0.9846350832266325	0.949363156259708
38	0.08	769	164	3055	12	0.9846350832266325	0.9490525007766387
39	0.08163265306122447	768	172	3047	13	0.9833546734955185	0.9465672569120845
40	0.08333333333333333	768	173	3046	13	0.9833546734955185	0.9462566014290152
41	0.08571428571428573	767	214	3005	14	0.9820742637644047	0.933519726623175
42	0.08888888888888888	767	219	3000	14	0.9820742637644047	0.9319664492078286
43	0.08888888888888889	767	220	2999	14	0.9820742637644047	0.9316557937247593
44	0.08928571428571429	767	222	2997	14	0.9820742637644047	0.9310344827586207
45	0.09090909090909093	767	224	2995	14	0.9820742637644047	0.9304131717924822
46	0.0925925925925926	767	233	2986	14	0.9820742637644047	0.9276172724448587
47	0.09375	767	234	2985	14	0.9820742637644047	0.9273066169617894
48	0.09523809523809523	767	236	2983	14	0.9820742637644047	0.9266853059956508
49	0.1	766	253	2966	15	0.9807938540332907	0.9214041627834731
50	0.10714285714285714	760	304	2915	21	0.9731113956466069	0.9055607331469401
51	0.1111111111111111	758	316	2903	23	0.970550576184379	0.9018328673501087
52	0.11428571428571427	752	351	2868	29	0.9628681177976952	0.8909599254426841
53	0.1142857142857143	752	354	2865	29	0.9628681177976952	0.8900279589934762
54	0.11666666666666665	751	361	2858	30	0.9615877080665813	0.8878533706119913
55	0.11904761904761905	751	362	2857	30	0.9615877080665813	0.887542715128922
56	0.12	750	364	2855	31	0.9603072983354674	0.8869214041627834
57	0.1212121212121212	747	371	2848	34	0.9564660691421255	0.8847468157812985
58	0.125	746	373	2846	35	0.9551856594110115	0.88412550481516
59	0.13333333333333333	742	433	2786	39	0.9500640204865557	0.8654861758310034
60	0.13636363636363635	739	472	2747	42	0.9462227912932138	0.8533706119913016
61	0.1388888888888889	739	474	2745	42	0.9462227912932138	0.8527493010251631
62	0.14285714285714285	739	477	2742	42	0.9462227912932138	0.8518173345759553
63	0.14545454545454548	729	513	2706	52	0.9334186939820742	0.8406337371854613
64	0.14814814814814814	729	514	2705	52	0.9334186939820742	0.840323081702392
65	0.15	729	518	2701	52	0.9334186939820742	0.8390804597701149
66	0.15000000000000002	725	537	2682	56	0.9282970550576184	0.8331780055917987
67	0.15151515151515152	725	540	2679	56	0.9282970550576184	0.8322460391425909
68	0.15384615384615385	725	541	2678	56	0.9282970550576184	0.8319353836595216
69	0.15625	725	542	2677	56	0.9282970550576184	0.8316247281764523
70	0.16	724	547	2672	57	0.9270166453265045	0.8300714507611059
71	0.1607142857142857	724	555	2664	57	0.9270166453265045	0.8275862068965517
72	0.16666666666666666	723	555	2664	58	0.9257362355953905	0.8275862068965517
73	0.16666666666666669	712	663	2556	69	0.911651728553137	0.7940354147250699
74	0.17142857142857146	712	666	2553	69	0.911651728553137	0.7931034482758621
75	0.175	711	673	2546	70	0.910371318822023	0.7909288598943771
76	0.17500000000000002	710	676	2543	71	0.9090909090909091	0.7899968934451693
77	0.17777777777777778	710	677	2542	71	0.9090909090909091	0.7896862379621
78	0.17857142857142855	709	679	2540	72	0.9078104993597952	0.7890649269959614
79	0.17857142857142858	709	680	2539	72	0.9078104993597952	0.7887542715128922
80	0.18	708	684	2535	73	0.9065300896286812	0.7875116495806151
81	0.18181818181818185	708	685	2534	73	0.9065300896286812	0.7872009940975458
82	0.18461538461538465	708	687	2532	73	0.9065300896286812	0.7865796831314072
83	0.1851851851851852	707	687	2532	74	0.9052496798975672	0.7865796831314072
84	0.1875	705	689	2530	76	0.9026888604353394	0.7859583721652688
85	0.19047619047619047	700	720	2499	81	0.8962868117797695	0.7763280521901211
86	0.19444444444444445	696	735	2484	85	0.8911651728553137	0.771668219944082
87	0.2	695	736	2483	86	0.8898847631241997	0.7713575644610128
88	0.2083333333333333	683	827	2392	98	0.8745198463508322	0.7430879155017086
89	0.21428571428571427	683	835	2384	98	0.8745198463508322	0.7406026716371544
90	0.21875	682	859	2360	99	0.8732394366197183	0.7331469400434918
91	0.2222222222222222	681	860	2359	100	0.8719590268886044	0.7328362845604225
92	0.225	673	910	2309	108	0.8617157490396927	0.7173035104069587
93	0.2272727272727273	673	911	2308	108	0.8617157490396927	0.7169928549238894
94	0.2285714285714285	673	914	2305	108	0.8617157490396927	0.7160608884746815
95	0.2285714285714286	673	915	2304	108	0.8617157490396927	0.7157502329916123
96	0.2307692307692308	671	917	2302	110	0.8591549295774648	0.7151289220254737
97	0.2380952380952381	669	919	2300	112	0.8565941101152369	0.7145076110593352
98	0.24	666	926	2293	115	0.852752880921895	0.7123330226778503
99	0.2424242424242424	662	932	2287	119	0.8476312419974392	0.7104690897794346
100	0.24489795918367346	661	934	2285	120	0.8463508322663252	0.7098477788132961
101	0.25	661	935	2284	120	0.8463508322663252	0.7095371233302268
102	0.2564102564102564	643	1069	2150	138	0.8233034571062741	0.6679092885989437
103	0.2571428571428571	643	1070	2149	138	0.8233034571062741	0.6675986331158745
104	0.25925925925925924	643	1071	2148	138	0.8233034571062741	0.6672879776328052
105	0.2592592592592593	643	1072	2147	138	0.8233034571062741	0.6669773221497359
106	0.26666666666666666	642	1072	2147	139	0.8220230473751601	0.6669773221497359
107	0.26785714285714285	632	1100	2119	149	0.8092189500640204	0.6582789686237962
108	0.2727272727272727	632	1101	2118	149	0.8092189500640204	0.6579683131407269
109	0.2727272727272728	632	1103	2116	149	0.8092189500640204	0.6573470021745884
110	0.2777777777777778	632	1104	2115	149	0.8092189500640204	0.6570363466915191
111	0.28125	625	1110	2109	156	0.8002560819462228	0.6551724137931034
112	0.2857142857142857	625	1111	2108	156	0.8002560819462228	0.6548617583100341
113	0.2916666666666667	614	1146	2073	167	0.7861715749039693	0.6439888164026095
114	0.2962962962962963	611	1147	2072	170	0.7823303457106274	0.6436781609195402
115	0.3	611	1149	2070	170	0.7823303457106274	0.6430568499534017
116	0.30000000000000004	607	1194	2025	174	0.7772087067861716	0.6290773532152842
117	0.3125	606	1198	2021	175	0.7759282970550576	0.6278347312830072
118	0.3125000000000001	603	1203	2016	178	0.7720870678617158	0.6262814538676608
119	0.31746031746031744	603	1204	2015	178	0.7720870678617158	0.6259707983845915
120	0.3181818181818182	603	1205	2014	178	0.7720870678617158	0.6256601429015222
121	0.32	603	1206	2013	178	0.7720870678617158	0.625349487418453
122	0.3214285714285714	601	1210	2009	180	0.7695262483994878	0.6241068654861758
123	0.32142857142857145	600	1213	2006	181	0.7682458386683739	0.623174899036968
124	0.3333333333333333	600	1215	2004	181	0.7682458386683739	0.6225535880708295
125	0.33333333333333337	578	1338	1881	203	0.7400768245838668	0.5843429636533085
126	0.3428571428571429	574	1351	1868	207	0.734955185659411	0.5803044423734078
127	0.35	573	1354	1865	208	0.7336747759282971	0.5793724759242
128	0.35714285714285715	571	1357	1862	210	0.7311139564660691	0.5784405094749923
129	0.36	567	1364	1855	214	0.7259923175416133	0.5762659210935073
130	0.3636363636363637	567	1368	1851	214	0.7259923175416133	0.5750232991612302
131	0.3703703703703704	566	1373	1846	215	0.7247119078104993	0.5734700217458838
132	0.375	566	1374	1845	215	0.7247119078104993	0.5731593662628145
133	0.3809523809523809	559	1432	1787	222	0.7157490396927016	0.5551413482447966
134	0.3888888888888888	558	1440	1779	223	0.7144686299615877	0.5526561043802423
135	0.3888888888888889	558	1441	1778	223	0.7144686299615877	0.5523454488971731
136	0.4	557	1443	1776	224	0.7131882202304738	0.5517241379310345
137	0.4166666666666666	545	1497	1722	236	0.6978233034571063	0.5349487418452936
138	0.4166666666666667	545	1502	1717	236	0.6978233034571063	0.5333954644299472
139	0.42424242424242425	542	1526	1693	239	0.6939820742637645	0.5259397328362846
140	0.42857142857142855	542	1527	1692	239	0.6939820742637645	0.5256290773532153
141	0.4285714285714286	538	1555	1664	243	0.6888604353393086	0.5169307238272756
142	0.4375	538	1557	1662	243	0.6888604353393086	0.516309412861137
143	0.4444444444444444	536	1560	1659	245	0.6862996158770807	0.5153774464119292
144	0.4444444444444445	528	1593	1626	253	0.676056338028169	0.5051258154706431
145	0.45	528	1594	1625	253	0.676056338028169	0.5048151599875738
146	0.4571428571428572	528	1599	1620	253	0.676056338028169	0.5032618825722274
147	0.4615384615384616	528	1600	1619	253	0.676056338028169	0.5029512270891581
148	0.4666666666666666	528	1602	1617	253	0.676056338028169	0.5023299161230196
149	0.4666666666666667	527	1604	1615	254	0.674775928297055	0.501708605156881
150	0.46875	525	1605	1614	256	0.6722151088348272	0.5013979496738118
151	0.4761904761904762	523	1606	1613	258	0.6696542893725992	0.5010872941907425
152	0.48	520	1607	1612	261	0.6658130601792573	0.5007766387076732
153	0.4848484848484848	518	1609	1610	263	0.6632522407170295	0.5001553277415346
154	0.5	518	1611	1608	263	0.6632522407170295	0.4995340167753961
155	0.5142857142857142	488	1775	1444	293	0.6248399487836107	0.44858651755203477
156	0.5185185185185186	487	1775	1444	294	0.6235595390524968	0.44858651755203477
157	0.5333333333333333	487	1776	1443	294	0.6235595390524968	0.4482758620689655
158	0.5357142857142857	485	1786	1433	296	0.6209987195902689	0.44516930723827275
159	0.5454545454545454	484	1790	1429	297	0.6197183098591549	0.44392668530599566
160	0.5454545454545455	484	1791	1428	297	0.6197183098591549	0.44361602982292636
161	0.5555555555555556	483	1791	1428	298	0.618437900128041	0.44361602982292636
162	0.5599999999999999	481	1803	1416	300	0.615877080665813	0.43988816402609504
163	0.5625	480	1803	1416	301	0.614596670934699	0.43988816402609504
164	0.5714285714285714	476	1812	1407	305	0.6094750320102432	0.43709226467847156
165	0.5714285714285715	470	1843	1376	311	0.6017925736235595	0.427461944703324
166	0.5833333333333334	470	1844	1375	311	0.6017925736235595	0.42715128922025475
167	0.5925925925925926	465	1846	1373	316	0.5953905249679897	0.4265299782541162
168	0.5952380952380953	465	1849	1370	316	0.5953905249679897	0.42559801180490836
169	0.6	465	1850	1369	316	0.5953905249679897	0.42528735632183906
170	0.6000000000000001	458	1893	1326	323	0.586427656850192	0.4119291705498602
171	0.6153846153846154	458	1897	1322	323	0.586427656850192	0.4106865486175831
172	0.625	458	1899	1320	323	0.586427656850192	0.41006523765144454
173	0.6250000000000001	448	1914	1305	333	0.5736235595390525	0.40540540540540543
174	0.64	447	1915	1304	334	0.5723431498079385	0.40509474992233613
175	0.6428571428571428	446	1916	1303	335	0.5710627400768246	0.40478409443926683
176	0.6428571428571429	444	1924	1295	337	0.5685019206145967	0.40229885057471265
177	0.6666666666666666	443	1925	1294	338	0.5672215108834827	0.40198819509164335
178	0.6666666666666667	411	2021	1198	370	0.5262483994878361	0.37216526871699285
179	0.6818181818181818	409	2026	1193	372	0.5236875800256082	0.37061199130164646
180	0.6818181818181819	409	2027	1192	372	0.5236875800256082	0.3703013358185772
181	0.6923076923076923	408	2027	1192	373	0.5224071702944942	0.3703013358185772
182	0.6923076923076924	408	2028	1191	373	0.5224071702944942	0.3699906803355079
183	0.7	408	2029	1190	373	0.5224071702944942	0.36968002485243867
184	0.7142857142857142	407	2031	1188	374	0.5211267605633803	0.36905871388630007
185	0.7142857142857143	407	2032	1187	374	0.5211267605633803	0.3687480584032308
186	0.7499999999999999	406	2038	1181	375	0.5198463508322664	0.36688412550481514
187	0.75	406	2039	1180	375	0.5198463508322664	0.3665734700217459
188	0.7619047619047619	372	2107	1112	409	0.47631241997439183	0.3454488971730351
189	0.7777777777777777	371	2108	1111	410	0.47503201024327785	0.3451382416899658
190	0.7777777777777778	371	2110	1109	410	0.47503201024327785	0.3445169307238273
191	0.7857142857142857	371	2111	1108	410	0.47503201024327785	0.344206275240758
192	0.7999999999999999	370	2111	1108	411	0.4737516005121639	0.344206275240758
193	0.8	366	2118	1101	415	0.4686299615877081	0.34203168685927304
194	0.8181818181818182	349	2158	1061	432	0.4468629961587708	0.329605467536502
195	0.8333333333333333	348	2159	1060	433	0.44558258642765686	0.32929481205343275
196	0.8333333333333334	348	2162	1057	433	0.44558258642765686	0.3283628456042249
197	0.8571428571428571	337	2192	1027	444	0.43149807938540335	0.31904318111214663
198	0.875	336	2216	1003	445	0.43021766965428937	0.311587449518484
199	0.8888888888888888	335	2219	1000	446	0.42893725992317544	0.31065548306927615
200	0.8999999999999999	330	2234	985	451	0.4225352112676056	0.30599565082323704
201	0.9	328	2247	972	453	0.4199743918053777	0.3019571295433364
202	0.9090909090909092	328	2249	970	453	0.4199743918053777	0.3013358185771979
203	0.9142857142857144	328	2250	969	453	0.4199743918053777	0.30102516309412863
204	0.925925925925926	327	2250	969	454	0.4186939820742638	0.30102516309412863
205	0.9333333333333332	326	2251	968	455	0.4174135723431498	0.30071450761105933
206	0.9333333333333336	325	2253	966	456	0.41613316261203587	0.3000931966449208
207	0.9375	325	2254	965	456	0.41613316261203587	0.2997825411618515
208	0.9523809523809524	323	2261	958	458	0.41357234314980795	0.29760795278036656
209	1.0	322	2262	957	459	0.41229193341869397	0.2972972972972973
210	1.0416666666666667	285	2419	800	496	0.3649167733674776	0.24852438645542094
211	1.05	284	2421	798	497	0.36363636363636365	0.2479030754892824
212	1.0666666666666669	283	2421	798	498	0.36235595390524966	0.2479030754892824
213	1.0714285714285714	281	2426	793	500	0.35979513444302175	0.246349798073936
214	1.0909090909090908	279	2429	790	502	0.35723431498079383	0.2454178316247282
215	1.09375	279	2431	788	502	0.35723431498079383	0.24479652065858962
216	1.1111111111111112	278	2431	788	503	0.3559539052496799	0.24479652065858962
217	1.125	276	2441	778	505	0.353393085787452	0.24168996582789687
218	1.1428571428571428	272	2452	767	509	0.34827144686299616	0.23827275551413482
219	1.1666666666666663	271	2460	759	510	0.34699103713188223	0.23578751164958062
220	1.1666666666666667	271	2463	756	510	0.34699103713188223	0.23485554520037277
221	1.2	266	2471	748	515	0.3405889884763124	0.23237030133581857
222	1.2000000000000002	255	2498	721	526	0.3265044814340589	0.2239826032929481
223	1.225	254	2502	717	527	0.32522407170294493	0.22273998136067102
224	1.25	253	2502	717	528	0.323943661971831	0.22273998136067102
225	1.2500000000000002	246	2530	689	535	0.31498079385403327	0.2140416278347313
226	1.2857142857142856	245	2533	686	536	0.31370038412291934	0.21310966138552345
227	1.2857142857142858	244	2541	678	537	0.31241997439180536	0.21062441752096925
228	1.2962962962962965	244	2542	677	537	0.31241997439180536	0.21031376203789998
229	1.3125	244	2543	676	537	0.31241997439180536	0.2100031065548307
230	1.3333333333333333	244	2544	675	537	0.31241997439180536	0.2096924510717614
231	1.3333333333333337	218	2601	618	563	0.2791293213828425	0.19198508853681268
232	1.3636363636363638	218	2602	617	563	0.2791293213828425	0.1916744330537434
233	1.375	217	2603	616	564	0.27784891165172854	0.19136377757067413
234	1.3846153846153848	217	2604	615	564	0.27784891165172854	0.19105312208760486
235	1.3888888888888888	216	2604	615	565	0.2765685019206146	0.19105312208760486
236	1.4	216	2605	614	565	0.2765685019206146	0.19074246660453556
237	1.4285714285714286	215	2607	612	566	0.2752880921895006	0.19012115563839702
238	1.4545454545454546	214	2613	606	567	0.2740076824583867	0.18825722273998136
239	1.4583333333333337	213	2615	604	568	0.2727272727272727	0.1876359117738428
240	1.5	211	2615	604	570	0.2701664532650448	0.1876359117738428
241	1.5555555555555556	192	2683	536	589	0.24583866837387963	0.16651133892513204
242	1.5625	191	2689	530	590	0.24455825864276567	0.16464740602671638
243	1.6	190	2689	530	591	0.24327784891165172	0.16464740602671638
244	1.6363636363636365	183	2700	519	598	0.23431498079385404	0.16123019571295433
245	1.6666666666666663	183	2703	516	598	0.23431498079385404	0.1602982292637465
246	1.6666666666666667	183	2708	511	598	0.23431498079385404	0.15874495184840012
247	1.7142857142857142	173	2738	481	608	0.22151088348271447	0.14942528735632185
248	1.75	171	2747	472	610	0.21895006402048656	0.14662938800869835
249	1.7777777777777777	171	2751	468	610	0.21895006402048656	0.14538676607642126
250	1.7999999999999998	169	2757	462	612	0.21638924455825864	0.1435228331780056
251	1.8	165	2767	452	616	0.2112676056338028	0.14041627834731282
252	1.818181818181818	165	2768	451	616	0.2112676056338028	0.14010562286424355
253	1.8333333333333333	165	2770	449	616	0.2112676056338028	0.139484311898105
254	1.875	165	2771	448	616	0.2112676056338028	0.13917365641503573
255	1.9090909090909087	161	2780	439	620	0.20614596670934698	0.13637775706741223
256	1.944444444444444	161	2781	438	620	0.20614596670934698	0.13606710158434296
257	2.0	161	2782	437	620	0.20614596670934698	0.1357564461012737
258	2.083333333333333	132	2874	345	649	0.16901408450704225	0.10717614165890028
259	2.1	132	2878	341	649	0.16901408450704225	0.10593351972662317
260	2.1333333333333333	132	2881	338	649	0.16901408450704225	0.10500155327741535
261	2.142857142857143	131	2881	338	650	0.1677336747759283	0.10500155327741535
262	2.1818181818181817	129	2886	333	652	0.16517285531370038	0.10344827586206896
263	2.1875	128	2886	333	653	0.16389244558258642	0.10344827586206896
264	2.2222222222222223	128	2887	332	653	0.16389244558258642	0.10313762037899969
265	2.25	128	2891	328	653	0.16389244558258642	0.10189499844672259
266	2.2857142857142856	126	2903	316	655	0.1613316261203585	0.09816713264989127
267	2.333333333333333	122	2906	313	659	0.15620998719590268	0.09723516620068344
268	2.4	118	2912	307	663	0.15108834827144688	0.09537123330226778
269	2.45	115	2928	291	666	0.147247119078105	0.09040074557315937
270	2.5	115	2929	290	666	0.147247119078105	0.09009009009009009
271	2.5000000000000004	104	2962	257	677	0.13316261203585147	0.07983845914880397
272	2.5454545454545454	104	2963	256	677	0.13316261203585147	0.0795278036657347
273	2.5714285714285707	104	2964	255	677	0.13316261203585147	0.07921714818266543
274	2.625	103	2967	252	678	0.13188220230473752	0.0782851817334576
275	2.6666666666666665	102	2968	251	679	0.13060179257362356	0.07797452625038832
276	2.722222222222221	96	2991	228	685	0.12291933418693982	0.07082945013979497
277	2.7777777777777777	95	2991	228	686	0.12163892445582586	0.07082945013979497
278	2.7777777777777786	95	2992	227	686	0.12163892445582586	0.0705187946567257
279	2.8	95	2993	226	686	0.12163892445582586	0.07020813917365641
280	2.8571428571428568	94	2993	226	687	0.1203585147247119	0.07020813917365641
281	3.0	94	2996	223	687	0.1203585147247119	0.06927617272444858
282	3.111111111111111	83	3042	177	698	0.10627400768245839	0.05498602050326188
283	3.125	83	3045	174	698	0.10627400768245839	0.05405405405405406
284	3.2	83	3046	173	698	0.10627400768245839	0.05374339857098478
285	3.272727272727273	82	3049	170	699	0.10499359795134443	0.05281143212177695
286	3.333333333333333	81	3049	170	700	0.10371318822023047	0.05281143212177695
287	3.4285714285714284	78	3071	148	703	0.0998719590268886	0.04597701149425287
288	3.5	77	3072	147	704	0.09859154929577464	0.045666356011183594
289	3.5000000000000004	75	3080	139	706	0.09603072983354674	0.04318111214662939
290	3.6	74	3080	139	707	0.09475032010243278	0.04318111214662939
291	3.75	74	3081	138	707	0.09475032010243278	0.04287045666356011
292	4.0	69	3087	132	712	0.088348271446863	0.04100652376514446
293	4.166666666666667	52	3121	98	729	0.06658130601792574	0.030444237340789066
294	4.2	50	3124	95	731	0.06402048655569782	0.029512270891581236
295	4.285714285714286	49	3127	92	732	0.06274007682458387	0.02858030444237341
296	4.375	49	3129	90	732	0.06274007682458387	0.027958993476234855
297	4.4444444444444455	48	3129	90	733	0.06145966709346991	0.027958993476234855
298	4.5	47	3129	90	734	0.06017925736235595	0.027958993476234855
299	4.571428571428571	44	3139	80	737	0.056338028169014086	0.024852438645542093
300	4.666666666666667	44	3140	79	737	0.056338028169014086	0.024541783162472817
301	4.8	44	3141	78	737	0.056338028169014086	0.024231127679403542
302	5.0	41	3144	75	740	0.052496798975672214	0.023299161230195712
303	5.25	33	3163	56	748	0.04225352112676056	0.017396707051879467
304	5.333333333333333	32	3165	54	749	0.040973111395646605	0.016775396085740912
305	5.4	30	3167	52	751	0.03841229193341869	0.01615408511960236
306	5.444444444444443	29	3169	50	752	0.03713188220230474	0.015532774153463809
307	5.6	29	3170	49	752	0.03713188220230474	0.015222118670394533
308	5.833333333333334	29	3171	48	752	0.03713188220230474	0.014911463187325256
309	6.0	29	3173	46	752	0.03713188220230474	0.014290152221186705
310	6.25	20	3191	28	761	0.02560819462227913	0.008698353525939733
311	6.4	19	3193	26	762	0.024327784891165175	0.00807704255980118
312	6.666666666666666	19	3194	25	762	0.024327784891165175	0.007766387076731904
313	6.666666666666668	18	3194	25	763	0.023047375160051217	0.007766387076731904
314	7.0	16	3195	24	765	0.020486555697823303	0.007455731593662628
315	7.000000000000001	14	3196	23	767	0.01792573623559539	0.007145076110593352
316	7.5	13	3196	23	768	0.016645326504481434	0.007145076110593352
317	8.0	12	3198	21	769	0.015364916773367477	0.0065237651444548
318	8.166666666666668	11	3203	16	770	0.014084507042253521	0.004970487729108419
319	8.75	11	3204	15	770	0.014084507042253521	0.004659832246039142
320	9.0	11	3205	14	770	0.014084507042253521	0.004349176762969867
321	9.333333333333334	11	3207	12	770	0.014084507042253521	0.003727865796831314
322	10.0	11	3208	11	770	0.014084507042253521	0.003417210313762038
323	10.5	8	3208	11	773	0.010243277848911651	0.003417210313762038
324	10.8	6	3208	11	775	0.0076824583866837385	0.003417210313762038
325	12.0	6	3209	10	775	0.0076824583866837385	0.0031065548306927616
326	12.5	3	3213	6	778	0.0038412291933418692	0.001863932898415657
327	14.0	2	3213	6	779	0.002560819462227913	0.001863932898415657
328	18.0	1	3214	5	780	0.0012804097311139564	0.0015532774153463808
329	18.666666666666668	1	3215	4	780	0.0012804097311139564	0.0012426219322771047
330	21.0	1	3216	3	780	0.0012804097311139564	0.0009319664492078285
331	24.0	1	3218	1	780	0.0012804097311139564	0.00031065548306927616
332	28.0	1	3219	0	780	0.0012804097311139564	0.0
