	ThScore	TP	TN	FP	FN	TPR	FPR
0	0.016666666666666666	2000	0	2000	0	1.0	1.0
1	0.02	2000	1	1999	0	1.0	0.9995
2	0.02083333333333333	2000	2	1998	0	1.0	0.999
3	0.02222222222222222	2000	3	1997	0	1.0	0.9985
4	0.022727272727272728	2000	4	1996	0	1.0	0.998
5	0.025	2000	5	1995	0	1.0	0.9975
6	0.02597402597402597	2000	7	1993	0	1.0	0.9965
7	0.027777777777777776	2000	8	1992	0	1.0	0.996
8	0.0303030303030303	2000	9	1991	0	1.0	0.9955
9	0.030769230769230767	2000	12	1988	0	1.0	0.994
10	0.03125	2000	13	1987	0	1.0	0.9935
11	0.03333333333333333	2000	14	1986	0	1.0	0.993
12	0.03636363636363637	2000	15	1985	0	1.0	0.9925
13	0.037037037037037035	2000	16	1984	0	1.0	0.992
14	0.038461538461538464	2000	18	1982	0	1.0	0.991
15	0.03896103896103896	2000	20	1980	0	1.0	0.99
16	0.04	2000	21	1979	0	1.0	0.9895
17	0.04166666666666666	2000	24	1976	0	1.0	0.988
18	0.042857142857142864	2000	27	1973	0	1.0	0.9865
19	0.04444444444444445	2000	28	1972	0	1.0	0.986
20	0.045454545454545456	2000	29	1971	0	1.0	0.9855
21	0.04615384615384615	2000	34	1966	0	1.0	0.983
22	0.04615384615384616	2000	35	1965	0	1.0	0.9825
23	0.046875	2000	36	1964	0	1.0	0.982
24	0.047619047619047616	2000	37	1963	0	1.0	0.9815
25	0.05	2000	41	1959	0	1.0	0.9795
26	0.05333333333333334	2000	53	1947	0	1.0	0.9735
27	0.054545454545454536	2000	55	1945	0	1.0	0.9725
28	0.05555555555555555	2000	56	1944	0	1.0	0.972
29	0.05714285714285715	2000	64	1936	0	1.0	0.968
30	0.06	2000	67	1933	0	1.0	0.9665
31	0.0606060606060606	2000	70	1930	0	1.0	0.965
32	0.0625	2000	73	1927	0	1.0	0.9635
33	0.06593406593406594	2000	81	1919	0	1.0	0.9595
34	0.06666666666666668	2000	82	1918	0	1.0	0.959
35	0.06818181818181819	2000	92	1908	0	1.0	0.954
36	0.07142857142857142	2000	93	1907	0	1.0	0.9535
37	0.07272727272727274	2000	101	1899	0	1.0	0.9495
38	0.07407407407407407	2000	104	1896	0	1.0	0.948
39	0.075	2000	107	1893	0	1.0	0.9465
40	0.07500000000000001	2000	111	1889	0	1.0	0.9445
41	0.07692307692307693	2000	114	1886	0	1.0	0.943
42	0.08	2000	117	1883	0	1.0	0.9415
43	0.08333333333333333	2000	121	1879	0	1.0	0.9395
44	0.08333333333333334	2000	142	1858	0	1.0	0.929
45	0.0857142857142857	2000	143	1857	0	1.0	0.9285
46	0.08571428571428573	2000	144	1856	0	1.0	0.928
47	0.08888888888888889	2000	147	1853	0	1.0	0.9265
48	0.08928571428571427	2000	149	1851	0	1.0	0.9255
49	0.09090909090909093	2000	150	1850	0	1.0	0.925
50	0.09183673469387754	2000	162	1838	0	1.0	0.919
51	0.0925925925925926	2000	163	1837	0	1.0	0.9185
52	0.09375	2000	165	1835	0	1.0	0.9175
53	0.09523809523809523	2000	168	1832	0	1.0	0.916
54	0.0972222222222222	2000	173	1827	0	1.0	0.9135
55	0.1	2000	174	1826	0	1.0	0.913
56	0.10256410256410256	2000	206	1794	0	1.0	0.897
57	0.10416666666666667	2000	211	1789	0	1.0	0.8945
58	0.10714285714285714	2000	213	1787	0	1.0	0.8935
59	0.10909090909090907	2000	216	1784	0	1.0	0.892
60	0.1111111111111111	2000	217	1783	0	1.0	0.8915
61	0.11111111111111112	2000	255	1745	0	1.0	0.8725
62	0.11428571428571427	2000	256	1744	0	1.0	0.872
63	0.1142857142857143	2000	259	1741	0	1.0	0.8705
64	0.1153846153846154	2000	262	1738	0	1.0	0.869
65	0.11666666666666667	2000	263	1737	0	1.0	0.8685
66	0.11904761904761905	2000	264	1736	0	1.0	0.868
67	0.12	2000	265	1735	0	1.0	0.8675
68	0.1212121212121212	2000	272	1728	0	1.0	0.864
69	0.12244897959183673	2000	273	1727	0	1.0	0.8635
70	0.12307692307692307	2000	275	1725	0	1.0	0.8625
71	0.125	2000	276	1724	0	1.0	0.862
72	0.13333333333333333	2000	310	1690	0	1.0	0.845
73	0.1346153846153846	2000	316	1684	0	1.0	0.842
74	0.13636363636363638	2000	317	1683	0	1.0	0.8415
75	0.13846153846153847	2000	322	1678	0	1.0	0.839
76	0.1388888888888889	2000	323	1677	0	1.0	0.8385
77	0.14285714285714285	1999	327	1673	1	0.9995	0.8365
78	0.14545454545454548	1999	345	1655	1	0.9995	0.8275
79	0.14814814814814814	1999	346	1654	1	0.9995	0.827
80	0.15	1999	351	1649	1	0.9995	0.8245
81	0.15000000000000002	1999	364	1636	1	0.9995	0.818
82	0.15151515151515152	1999	366	1634	1	0.9995	0.817
83	0.15625	1999	367	1633	1	0.9995	0.8165
84	0.1590909090909091	1999	372	1628	1	0.9995	0.814
85	0.16	1999	373	1627	1	0.9995	0.8135
86	0.16666666666666666	1999	377	1623	1	0.9995	0.8115
87	0.16666666666666669	1999	425	1575	1	0.9995	0.7875
88	0.17	1999	427	1573	1	0.9995	0.7865
89	0.1714285714285714	1998	427	1573	2	0.999	0.7865
90	0.17142857142857146	1998	428	1572	2	0.999	0.786
91	0.17500000000000002	1998	429	1571	2	0.999	0.7855
92	0.17857142857142858	1998	430	1570	2	0.999	0.785
93	0.18095238095238086	1998	433	1567	2	0.999	0.7835
94	0.18181818181818185	1997	433	1567	3	0.9985	0.7835
95	0.1846153846153846	1997	440	1560	3	0.9985	0.78
96	0.1851851851851852	1997	441	1559	3	0.9985	0.7795
97	0.1875	1997	444	1556	3	0.9985	0.778
98	0.19047619047619047	1997	458	1542	3	0.9985	0.771
99	0.1923076923076923	1997	470	1530	3	0.9985	0.765
100	0.19230769230769232	1997	471	1529	3	0.9985	0.7645
101	0.19791666666666666	1997	472	1528	3	0.9985	0.764
102	0.2	1996	472	1528	4	0.998	0.764
103	0.20512820512820512	1996	522	1478	4	0.998	0.739
104	0.2083333333333333	1996	525	1475	4	0.998	0.7375
105	0.21212121212121213	1996	535	1465	4	0.998	0.7325
106	0.21428571428571427	1996	536	1464	4	0.998	0.732
107	0.21875	1996	550	1450	4	0.998	0.725
108	0.2222222222222222	1996	552	1448	4	0.998	0.724
109	0.225	1996	587	1413	4	0.998	0.7065
110	0.2272727272727273	1996	589	1411	4	0.998	0.7055
111	0.2285714285714286	1996	593	1407	4	0.998	0.7035
112	0.2307692307692308	1996	594	1406	4	0.998	0.703
113	0.2333333333333333	1995	598	1402	5	0.9975	0.701
114	0.234375	1995	599	1401	5	0.9975	0.7005
115	0.2380952380952381	1995	600	1400	5	0.9975	0.7
116	0.2395833333333333	1995	604	1396	5	0.9975	0.698
117	0.24	1994	604	1396	6	0.997	0.698
118	0.2424242424242424	1994	606	1394	6	0.997	0.697
119	0.24489795918367346	1994	607	1393	6	0.997	0.6965
120	0.25	1994	608	1392	6	0.997	0.696
121	0.2533333333333333	1994	659	1341	6	0.997	0.6705
122	0.25641025641025644	1993	659	1341	7	0.9965	0.6705
123	0.2571428571428571	1993	660	1340	7	0.9965	0.67
124	0.25925925925925924	1993	663	1337	7	0.9965	0.6685
125	0.2592592592592593	1993	664	1336	7	0.9965	0.668
126	0.26666666666666666	1993	665	1335	7	0.9965	0.6675
127	0.2692307692307692	1993	689	1311	7	0.9965	0.6555
128	0.2727272727272727	1992	689	1311	8	0.996	0.6555
129	0.2727272727272728	1992	692	1308	8	0.996	0.654
130	0.275	1992	694	1306	8	0.996	0.653
131	0.2777777777777778	1992	695	1305	8	0.996	0.6525
132	0.28125	1992	701	1299	8	0.996	0.6495
133	0.2857142857142857	1992	702	1298	8	0.996	0.649
134	0.2884615384615385	1992	735	1265	8	0.996	0.6325
135	0.2909090909090909	1992	736	1264	8	0.996	0.632
136	0.2916666666666667	1992	737	1263	8	0.996	0.6315
137	0.2923076923076923	1992	738	1262	8	0.996	0.631
138	0.2962962962962963	1991	738	1262	9	0.9955	0.631
139	0.3	1991	742	1258	9	0.9955	0.629
140	0.30000000000000004	1990	762	1238	10	0.995	0.619
141	0.303030303030303	1990	763	1237	10	0.995	0.6185
142	0.3076923076923077	1990	764	1236	10	0.995	0.618
143	0.3116883116883117	1989	767	1233	11	0.9945	0.6165
144	0.3125	1989	768	1232	11	0.9945	0.616
145	0.3142857142857143	1989	777	1223	11	0.9945	0.6115
146	0.32	1988	777	1223	12	0.994	0.6115
147	0.3214285714285714	1988	778	1222	12	0.994	0.611
148	0.3333333333333333	1988	779	1221	12	0.994	0.6105
149	0.33333333333333337	1986	841	1159	14	0.993	0.5795
150	0.3428571428571428	1984	845	1155	16	0.992	0.5775
151	0.3428571428571429	1984	846	1154	16	0.992	0.577
152	0.3461538461538462	1983	847	1153	17	0.9915	0.5765
153	0.35	1983	848	1152	17	0.9915	0.576
154	0.35714285714285715	1982	852	1148	18	0.991	0.574
155	0.3611111111111111	1980	865	1135	20	0.99	0.5675
156	0.3636363636363637	1979	865	1135	21	0.9895	0.5675
157	0.3703703703703704	1979	870	1130	21	0.9895	0.565
158	0.375	1979	877	1123	21	0.9895	0.5615
159	0.38	1978	906	1094	22	0.989	0.547
160	0.3809523809523809	1977	906	1094	23	0.9885	0.547
161	0.3833333333333333	1977	914	1086	23	0.9885	0.543
162	0.38333333333333336	1975	914	1086	25	0.9875	0.543
163	0.3846153846153846	1974	914	1086	26	0.987	0.543
164	0.3888888888888888	1974	915	1085	26	0.987	0.5425
165	0.3888888888888889	1974	916	1084	26	0.987	0.542
166	0.3974358974358975	1973	917	1083	27	0.9865	0.5415
167	0.4	1972	917	1083	28	0.986	0.5415
168	0.40384615384615385	1971	956	1044	29	0.9855	0.522
169	0.4074074074074074	1971	957	1043	29	0.9855	0.5215
170	0.4081632653061225	1970	957	1043	30	0.985	0.5215
171	0.4090909090909091	1970	958	1042	30	0.985	0.521
172	0.4107142857142857	1969	958	1042	31	0.9845	0.521
173	0.4126984126984127	1968	958	1042	32	0.984	0.521
174	0.4166666666666666	1967	958	1042	33	0.9835	0.521
175	0.4166666666666667	1967	960	1040	33	0.9835	0.52
176	0.4222222222222222	1964	977	1023	36	0.982	0.5115
177	0.4264705882352941	1963	977	1023	37	0.9815	0.5115
178	0.42857142857142855	1962	977	1023	38	0.981	0.5115
179	0.4285714285714286	1961	1002	998	39	0.9805	0.499
180	0.4375	1960	1004	996	40	0.98	0.498
181	0.4444444444444444	1959	1006	994	41	0.9795	0.497
182	0.4444444444444445	1959	1030	970	41	0.9795	0.485
183	0.45	1958	1031	969	42	0.979	0.4845
184	0.4545454545454545	1956	1034	966	44	0.978	0.483
185	0.4571428571428572	1956	1037	963	44	0.978	0.4815
186	0.4615384615384616	1956	1039	961	44	0.978	0.4805
187	0.4666666666666667	1954	1042	958	46	0.977	0.479
188	0.46875	1952	1043	957	48	0.976	0.4785
189	0.4693877551020408	1952	1045	955	48	0.976	0.4775
190	0.4761904761904762	1951	1045	955	49	0.9755	0.4775
191	0.4772727272727273	1951	1047	953	49	0.9755	0.4765
192	0.48	1950	1048	952	50	0.975	0.476
193	0.4821428571428572	1950	1049	951	50	0.975	0.4755
194	0.4857142857142857	1949	1049	951	51	0.9745	0.4755
195	0.4920634920634921	1948	1049	951	52	0.974	0.4755
196	0.5	1947	1049	951	53	0.9735	0.4755
197	0.5111111111111111	1938	1123	877	62	0.969	0.4385
198	0.5142857142857142	1936	1123	877	64	0.968	0.4385
199	0.5178571428571429	1936	1124	876	64	0.968	0.438
200	0.5185185185185185	1935	1124	876	65	0.9675	0.438
201	0.5185185185185186	1935	1125	875	65	0.9675	0.4375
202	0.52	1934	1125	875	66	0.967	0.4375
203	0.5208333333333334	1932	1125	875	68	0.966	0.4375
204	0.525	1931	1125	875	69	0.9655	0.4375
205	0.5277777777777778	1931	1126	874	69	0.9655	0.437
206	0.5333333333333333	1930	1126	874	70	0.965	0.437
207	0.5357142857142857	1929	1139	861	71	0.9645	0.4305
208	0.537037037037037	1928	1140	860	72	0.964	0.43
209	0.5454545454545454	1927	1140	860	73	0.9635	0.43
210	0.5454545454545455	1926	1142	858	74	0.963	0.429
211	0.5476190476190477	1926	1145	855	74	0.963	0.4275
212	0.55	1925	1145	855	75	0.9625	0.4275
213	0.5510204081632654	1922	1145	855	78	0.961	0.4275
214	0.5555555555555556	1921	1145	855	79	0.9605	0.4275
215	0.5625	1919	1153	847	81	0.9595	0.4235
216	0.5636363636363636	1919	1156	844	81	0.9595	0.422
217	0.5666666666666667	1918	1156	844	82	0.959	0.422
218	0.5681818181818181	1917	1156	844	83	0.9585	0.422
219	0.5681818181818182	1917	1157	843	83	0.9585	0.4215
220	0.5714285714285714	1916	1157	843	84	0.958	0.4215
221	0.5714285714285715	1912	1179	821	88	0.956	0.4105
222	0.5833333333333334	1912	1180	820	88	0.956	0.41
223	0.5909090909090909	1910	1184	816	90	0.955	0.408
224	0.5918367346938777	1909	1184	816	91	0.9545	0.408
225	0.5925925925925926	1908	1184	816	92	0.954	0.408
226	0.6	1906	1185	815	94	0.953	0.4075
227	0.6000000000000001	1903	1223	777	97	0.9515	0.3885
228	0.6041666666666666	1903	1225	775	97	0.9515	0.3875
229	0.6071428571428571	1902	1225	775	98	0.951	0.3875
230	0.6111111111111109	1900	1225	775	100	0.95	0.3875
231	0.6153846153846154	1899	1225	775	101	0.9495	0.3875
232	0.6160714285714285	1899	1226	774	101	0.9495	0.387
233	0.6222222222222222	1898	1226	774	102	0.949	0.387
234	0.625	1898	1227	773	102	0.949	0.3865
235	0.6250000000000001	1894	1242	758	106	0.947	0.379
236	0.6285714285714287	1894	1244	756	106	0.947	0.378
237	0.6296296296296297	1893	1244	756	107	0.9465	0.378
238	0.6388888888888891	1891	1244	756	109	0.9455	0.378
239	0.64	1889	1244	756	111	0.9445	0.378
240	0.6410256410256411	1888	1244	756	112	0.944	0.378
241	0.6428571428571428	1886	1244	756	114	0.943	0.378
242	0.6428571428571429	1886	1248	752	114	0.943	0.376
243	0.6481481481481481	1882	1249	751	118	0.941	0.3755
244	0.65	1882	1250	750	118	0.941	0.375
245	0.6530612244897959	1881	1250	750	119	0.9405	0.375
246	0.6545454545454545	1880	1250	750	120	0.94	0.375
247	0.65625	1879	1250	750	121	0.9395	0.375
248	0.6571428571428571	1879	1252	748	121	0.9395	0.374
249	0.6590909090909091	1877	1252	748	123	0.9385	0.374
250	0.6666666666666666	1876	1252	748	124	0.938	0.374
251	0.6666666666666667	1870	1309	691	130	0.935	0.3455
252	0.6818181818181818	1869	1319	681	131	0.9345	0.3405
253	0.6857142857142857	1869	1320	680	131	0.9345	0.34
254	0.6875	1868	1321	679	132	0.934	0.3395
255	0.6904761904761906	1867	1321	679	133	0.9335	0.3395
256	0.6923076923076923	1866	1321	679	134	0.933	0.3395
257	0.6923076923076924	1865	1321	679	135	0.9325	0.3395
258	0.6944444444444444	1865	1322	678	135	0.9325	0.339
259	0.6944444444444445	1863	1322	678	137	0.9315	0.339
260	0.696969696969697	1861	1323	677	139	0.9305	0.3385
261	0.7	1860	1323	677	140	0.93	0.3385
262	0.7000000000000001	1860	1325	675	140	0.93	0.3375
263	0.7142857142857143	1859	1325	675	141	0.9295	0.3375
264	0.71875	1857	1338	662	143	0.9285	0.331
265	0.72	1854	1338	662	146	0.927	0.331
266	0.7222222222222222	1853	1339	661	147	0.9265	0.3305
267	0.7272727272727273	1852	1339	661	148	0.926	0.3305
268	0.7291666666666666	1848	1339	661	152	0.924	0.3305
269	0.7307692307692307	1847	1339	661	153	0.9235	0.3305
270	0.7333333333333333	1846	1339	661	154	0.923	0.3305
271	0.7333333333333334	1845	1339	661	155	0.9225	0.3305
272	0.7407407407407408	1843	1339	661	157	0.9215	0.3305
273	0.75	1842	1339	661	158	0.921	0.3305
274	0.7575757575757577	1835	1374	626	165	0.9175	0.313
275	0.7619047619047619	1833	1374	626	167	0.9165	0.313
276	0.7647058823529411	1832	1375	625	168	0.916	0.3125
277	0.7666666666666667	1831	1375	625	169	0.9155	0.3125
278	0.7692307692307693	1830	1375	625	170	0.915	0.3125
279	0.7777777777777777	1829	1375	625	171	0.9145	0.3125
280	0.7777777777777778	1829	1376	624	171	0.9145	0.312
281	0.78125	1826	1377	623	174	0.913	0.3115
282	0.7857142857142857	1823	1377	623	177	0.9115	0.3115
283	0.7916666666666666	1822	1377	623	178	0.911	0.3115
284	0.7999999999999999	1821	1377	623	179	0.9105	0.3115
285	0.8	1820	1383	617	180	0.91	0.3085
286	0.8076923076923077	1817	1397	603	183	0.9085	0.3015
287	0.8095238095238095	1816	1397	603	184	0.908	0.3015
288	0.8125	1814	1397	603	186	0.907	0.3015
289	0.8148148148148148	1811	1397	603	189	0.9055	0.3015
290	0.8181818181818182	1810	1397	603	190	0.905	0.3015
291	0.8214285714285714	1810	1399	601	190	0.905	0.3005
292	0.8333333333333334	1809	1399	601	191	0.9045	0.3005
293	0.8400000000000001	1803	1424	576	197	0.9015	0.288
294	0.8484848484848485	1802	1424	576	198	0.901	0.288
295	0.8518518518518519	1801	1424	576	199	0.9005	0.288
296	0.8571428571428571	1799	1424	576	201	0.8995	0.288
297	0.8571428571428572	1792	1436	564	208	0.896	0.282
298	0.8611111111111112	1792	1437	563	208	0.896	0.2815
299	0.8636363636363636	1791	1437	563	209	0.8955	0.2815
300	0.8666666666666667	1790	1437	563	210	0.895	0.2815
301	0.875	1788	1437	563	212	0.894	0.2815
302	0.8750000000000001	1784	1438	562	216	0.892	0.281
303	0.8800000000000001	1784	1439	561	216	0.892	0.2805
304	0.8846153846153846	1783	1439	561	217	0.8915	0.2805
305	0.8888888888888888	1782	1439	561	218	0.891	0.2805
306	0.8928571428571429	1780	1453	547	220	0.89	0.2735
307	0.8974358974358974	1779	1453	547	221	0.8895	0.2735
308	0.8999999999999999	1778	1453	547	222	0.889	0.2735
309	0.9	1778	1461	539	222	0.889	0.2695
310	0.9090909090909092	1776	1462	538	224	0.888	0.269
311	0.9142857142857144	1775	1465	535	225	0.8875	0.2675
312	0.9166666666666666	1773	1465	535	227	0.8865	0.2675
313	0.92	1771	1465	535	229	0.8855	0.2675
314	0.9230769230769232	1769	1465	535	231	0.8845	0.2675
315	0.925	1767	1466	534	233	0.8835	0.267
316	0.9285714285714286	1766	1466	534	234	0.883	0.267
317	0.9333333333333332	1765	1466	534	235	0.8825	0.267
318	0.9375	1764	1467	533	236	0.882	0.2665
319	0.9387755102040816	1763	1468	532	237	0.8815	0.266
320	0.9428571428571428	1762	1468	532	238	0.881	0.266
321	0.9444444444444444	1761	1468	532	239	0.8805	0.266
322	0.95	1758	1468	532	242	0.879	0.266
323	0.9523809523809524	1757	1468	532	243	0.8785	0.266
324	0.9583333333333334	1756	1472	528	244	0.878	0.264
325	0.96	1752	1472	528	248	0.876	0.264
326	0.9642857142857142	1751	1472	528	249	0.8755	0.264
327	0.9642857142857144	1750	1472	528	250	0.875	0.264
328	0.9666666666666666	1748	1472	528	252	0.874	0.264
329	0.9666666666666668	1746	1472	528	254	0.873	0.264
330	0.9777777777777776	1745	1472	528	255	0.8725	0.264
331	0.9886363636363636	1744	1472	528	256	0.872	0.264
332	1.0	1743	1472	528	257	0.8715	0.264
333	1.018181818181818	1724	1538	462	276	0.862	0.231
334	1.022222222222222	1723	1538	462	277	0.8615	0.231
335	1.0222222222222224	1722	1538	462	278	0.861	0.231
336	1.0227272727272727	1721	1538	462	279	0.8605	0.231
337	1.0303030303030305	1720	1538	462	280	0.86	0.231
338	1.0333333333333334	1719	1538	462	281	0.8595	0.231
339	1.0357142857142858	1718	1538	462	282	0.859	0.231
340	1.0363636363636364	1717	1538	462	283	0.8585	0.231
341	1.0370370370370372	1716	1538	462	284	0.858	0.231
342	1.04	1715	1538	462	285	0.8575	0.231
343	1.0416666666666667	1714	1538	462	286	0.857	0.231
344	1.0454545454545454	1708	1540	460	292	0.854	0.23
345	1.0476190476190477	1707	1540	460	293	0.8535	0.23
346	1.05	1704	1540	460	296	0.852	0.23
347	1.0555555555555556	1704	1543	457	296	0.852	0.2285
348	1.0625	1703	1543	457	297	0.8515	0.2285
349	1.0666666666666669	1702	1543	457	298	0.851	0.2285
350	1.0714285714285714	1698	1545	455	302	0.849	0.2275
351	1.074074074074074	1698	1547	453	302	0.849	0.2265
352	1.0769230769230769	1697	1547	453	303	0.8485	0.2265
353	1.08	1696	1547	453	304	0.848	0.2265
354	1.0833333333333333	1695	1547	453	305	0.8475	0.2265
355	1.0909090909090908	1690	1547	453	310	0.845	0.2265
356	1.09375	1689	1550	450	311	0.8445	0.225
357	1.1	1689	1551	449	311	0.8445	0.2245
358	1.1111111111111112	1686	1551	449	314	0.843	0.2245
359	1.1153846153846154	1684	1555	445	316	0.842	0.2225
360	1.12	1683	1555	445	317	0.8415	0.2225
361	1.125	1682	1557	443	318	0.841	0.2215
362	1.1282051282051282	1676	1568	432	324	0.838	0.216
363	1.1333333333333333	1675	1568	432	325	0.8375	0.216
364	1.1363636363636365	1673	1568	432	327	0.8365	0.216
365	1.1428571428571428	1671	1568	432	329	0.8355	0.216
366	1.148148148148148	1667	1575	425	333	0.8335	0.2125
367	1.1515151515151514	1666	1575	425	334	0.833	0.2125
368	1.1538461538461535	1665	1575	425	335	0.8325	0.2125
369	1.1555555555555557	1664	1575	425	336	0.832	0.2125
370	1.16	1663	1575	425	337	0.8315	0.2125
371	1.1666666666666663	1660	1575	425	340	0.83	0.2125
372	1.1666666666666667	1660	1576	424	340	0.83	0.212
373	1.1851851851851851	1654	1578	422	346	0.827	0.211
374	1.1875	1654	1579	421	346	0.827	0.2105
375	1.1904761904761905	1652	1579	421	348	0.826	0.2105
376	1.2	1651	1579	421	349	0.8255	0.2105
377	1.2083333333333333	1647	1601	399	353	0.8235	0.1995
378	1.2142857142857142	1644	1601	399	356	0.822	0.1995
379	1.2222222222222219	1642	1601	399	358	0.821	0.1995
380	1.2222222222222223	1639	1601	399	361	0.8195	0.1995
381	1.2272727272727273	1638	1601	399	362	0.819	0.1995
382	1.2307692307692308	1637	1601	399	363	0.8185	0.1995
383	1.2321428571428568	1637	1602	398	363	0.8185	0.199
384	1.2352941176470589	1636	1602	398	364	0.818	0.199
385	1.2380952380952381	1635	1602	398	365	0.8175	0.199
386	1.24	1633	1602	398	367	0.8165	0.199
387	1.2444444444444445	1632	1602	398	368	0.816	0.199
388	1.25	1631	1602	398	369	0.8155	0.199
389	1.2500000000000002	1620	1621	379	380	0.81	0.1895
390	1.2727272727272727	1619	1622	378	381	0.8095	0.189
391	1.2777777777777777	1617	1625	375	383	0.8085	0.1875
392	1.2777777777777781	1612	1625	375	388	0.806	0.1875
393	1.28	1610	1625	375	390	0.805	0.1875
394	1.2857142857142856	1609	1625	375	391	0.8045	0.1875
395	1.2916666666666667	1607	1633	367	393	0.8035	0.1835
396	1.3	1605	1633	367	395	0.8025	0.1835
397	1.3125	1597	1633	367	403	0.7985	0.1835
398	1.318181818181818	1596	1634	366	404	0.798	0.183
399	1.3199999999999998	1595	1634	366	405	0.7975	0.183
400	1.32	1594	1634	366	406	0.797	0.183
401	1.3333333333333333	1592	1634	366	408	0.796	0.183
402	1.3333333333333337	1579	1666	334	421	0.7895	0.167
403	1.35	1577	1669	331	423	0.7885	0.1655
404	1.3529411764705879	1575	1669	331	425	0.7875	0.1655
405	1.3571428571428572	1574	1669	331	426	0.787	0.1655
406	1.3636363636363638	1572	1669	331	428	0.786	0.1655
407	1.3714285714285714	1571	1669	331	429	0.7855	0.1655
408	1.375	1569	1669	331	431	0.7845	0.1655
409	1.38	1563	1669	331	437	0.7815	0.1655
410	1.380952380952381	1562	1669	331	438	0.781	0.1655
411	1.3809523809523812	1560	1669	331	440	0.78	0.1655
412	1.3846153846153846	1559	1669	331	441	0.7795	0.1655
413	1.3846153846153848	1559	1670	330	441	0.7795	0.165
414	1.3888888888888888	1558	1670	330	442	0.779	0.165
415	1.3888888888888893	1555	1670	330	445	0.7775	0.165
416	1.4	1553	1670	330	447	0.7765	0.165
417	1.4074074074074074	1548	1674	326	452	0.774	0.163
418	1.4166666666666667	1547	1674	326	453	0.7735	0.163
419	1.4181818181818182	1546	1674	326	454	0.773	0.163
420	1.4285714285714286	1545	1674	326	455	0.7725	0.163
421	1.4375	1540	1679	321	460	0.77	0.1605
422	1.44	1538	1679	321	462	0.769	0.1605
423	1.4444444444444444	1536	1679	321	464	0.768	0.1605
424	1.45	1529	1679	321	471	0.7645	0.1605
425	1.4545454545454546	1526	1679	321	474	0.763	0.1605
426	1.4583333333333333	1525	1679	321	475	0.7625	0.1605
427	1.4583333333333337	1523	1679	321	477	0.7615	0.1605
428	1.4666666666666666	1523	1680	320	477	0.7615	0.16
429	1.4666666666666668	1521	1680	320	479	0.7605	0.16
430	1.4727272727272729	1520	1680	320	480	0.76	0.16
431	1.4769230769230768	1519	1680	320	481	0.7595	0.16
432	1.4814814814814816	1518	1680	320	482	0.759	0.16
433	1.4848484848484849	1517	1680	320	483	0.7585	0.16
434	1.4857142857142858	1517	1681	319	483	0.7585	0.1595
435	1.5	1515	1681	319	485	0.7575	0.1595
436	1.5151515151515154	1499	1716	284	501	0.7495	0.142
437	1.5333333333333332	1498	1716	284	502	0.749	0.142
438	1.5333333333333334	1497	1716	284	503	0.7485	0.142
439	1.542857142857143	1495	1716	284	505	0.7475	0.142
440	1.5454545454545454	1493	1716	284	507	0.7465	0.142
441	1.55	1492	1716	284	508	0.746	0.142
442	1.5555555555555556	1491	1716	284	509	0.7455	0.142
443	1.5625	1487	1718	282	513	0.7435	0.141
444	1.5625000000000002	1483	1718	282	517	0.7415	0.141
445	1.5714285714285712	1482	1718	282	518	0.741	0.141
446	1.5818181818181818	1481	1718	282	519	0.7405	0.141
447	1.5833333333333333	1480	1718	282	520	0.74	0.141
448	1.6	1474	1718	282	526	0.737	0.141
449	1.6111111111111107	1469	1725	275	531	0.7345	0.1375
450	1.6111111111111112	1467	1725	275	533	0.7335	0.1375
451	1.6153846153846154	1464	1725	275	536	0.732	0.1375
452	1.625	1463	1726	274	537	0.7315	0.137
453	1.6296296296296295	1460	1726	274	540	0.73	0.137
454	1.6363636363636365	1458	1726	274	542	0.729	0.137
455	1.6428571428571428	1457	1727	273	543	0.7285	0.1365
456	1.65	1455	1727	273	545	0.7275	0.1365
457	1.6666666666666663	1452	1727	273	548	0.726	0.1365
458	1.6666666666666667	1452	1729	271	548	0.726	0.1355
459	1.6875	1443	1740	260	557	0.7215	0.13
460	1.6888888888888889	1442	1741	259	558	0.721	0.1295
461	1.7	1441	1741	259	559	0.7205	0.1295
462	1.7083333333333333	1440	1741	259	560	0.72	0.1295
463	1.7142857142857142	1439	1741	259	561	0.7195	0.1295
464	1.7222222222222223	1435	1751	249	565	0.7175	0.1245
465	1.7272727272727273	1430	1751	249	570	0.715	0.1245
466	1.7333333333333332	1429	1751	249	571	0.7145	0.1245
467	1.7333333333333334	1427	1751	249	573	0.7135	0.1245
468	1.7499999999999998	1426	1751	249	574	0.713	0.1245
469	1.75	1425	1751	249	575	0.7125	0.1245
470	1.7575757575757576	1416	1755	245	584	0.708	0.1225
471	1.7600000000000002	1415	1755	245	585	0.7075	0.1225
472	1.769230769230769	1414	1755	245	586	0.707	0.1225
473	1.7692307692307692	1413	1755	245	587	0.7065	0.1225
474	1.7777777777777777	1412	1755	245	588	0.706	0.1225
475	1.7857142857142858	1404	1758	242	596	0.702	0.121
476	1.7999999999999998	1401	1758	242	599	0.7005	0.121
477	1.8	1400	1767	233	600	0.7	0.1165
478	1.8125	1393	1767	233	607	0.6965	0.1165
479	1.818181818181818	1392	1767	233	608	0.696	0.1165
480	1.8333333333333333	1392	1769	231	608	0.696	0.1155
481	1.8367346938775508	1389	1769	231	611	0.6945	0.1155
482	1.8409090909090908	1388	1769	231	612	0.694	0.1155
483	1.8461538461538465	1387	1769	231	613	0.6935	0.1155
484	1.8518518518518519	1385	1771	229	615	0.6925	0.1145
485	1.8571428571428568	1382	1771	229	618	0.691	0.1145
486	1.8666666666666665	1376	1771	229	624	0.688	0.1145
487	1.8666666666666667	1374	1771	229	626	0.687	0.1145
488	1.875	1373	1771	229	627	0.6865	0.1145
489	1.8888888888888888	1370	1779	221	630	0.685	0.1105
490	1.9	1369	1779	221	631	0.6845	0.1105
491	1.9047619047619049	1368	1779	221	632	0.684	0.1105
492	1.9090909090909087	1366	1779	221	634	0.683	0.1105
493	1.9166666666666667	1365	1779	221	635	0.6825	0.1105
494	1.9285714285714284	1361	1779	221	639	0.6805	0.1105
495	1.9285714285714288	1360	1779	221	640	0.68	0.1105
496	1.933333333333333	1357	1779	221	643	0.6785	0.1105
497	1.9375	1356	1779	221	644	0.678	0.1105
498	1.9444444444444449	1355	1779	221	645	0.6775	0.1105
499	1.948717948717949	1354	1779	221	646	0.677	0.1105
500	1.9714285714285715	1353	1779	221	647	0.6765	0.1105
501	1.984126984126984	1352	1779	221	648	0.676	0.1105
502	2.0	1351	1779	221	649	0.6755	0.1105
503	2.0444444444444447	1331	1816	184	669	0.6655	0.092
504	2.0454545454545454	1330	1816	184	670	0.665	0.092
505	2.053571428571429	1329	1816	184	671	0.6645	0.092
506	2.0625	1328	1816	184	672	0.664	0.092
507	2.066666666666667	1327	1816	184	673	0.6635	0.092
508	2.071428571428572	1323	1816	184	677	0.6615	0.092
509	2.0769230769230766	1322	1816	184	678	0.661	0.092
510	2.083333333333333	1321	1816	184	679	0.6605	0.092
511	2.095238095238096	1314	1816	184	686	0.657	0.092
512	2.1	1313	1816	184	687	0.6565	0.092
513	2.125	1307	1818	182	693	0.6535	0.091
514	2.1333333333333333	1306	1818	182	694	0.653	0.091
515	2.142857142857143	1304	1818	182	696	0.652	0.091
516	2.148148148148148	1302	1824	176	698	0.651	0.088
517	2.1538461538461537	1301	1824	176	699	0.6505	0.088
518	2.15625	1299	1824	176	701	0.6495	0.088
519	2.1666666666666665	1298	1824	176	702	0.649	0.088
520	2.175	1294	1824	176	706	0.647	0.088
521	2.1875	1293	1824	176	707	0.6465	0.088
522	2.1904761904761907	1293	1826	174	707	0.6465	0.087
523	2.1923076923076925	1291	1826	174	709	0.6455	0.087
524	2.2	1290	1826	174	710	0.645	0.087
525	2.2142857142857144	1284	1826	174	716	0.642	0.087
526	2.2222222222222223	1283	1826	174	717	0.6415	0.087
527	2.230769230769231	1277	1830	170	723	0.6385	0.085
528	2.232142857142857	1276	1830	170	724	0.638	0.085
529	2.25	1275	1830	170	725	0.6375	0.085
530	2.261904761904762	1262	1836	164	738	0.631	0.082
531	2.2666666666666666	1261	1836	164	739	0.6305	0.082
532	2.2727272727272725	1259	1836	164	741	0.6295	0.082
533	2.2857142857142856	1258	1836	164	742	0.629	0.082
534	2.3	1249	1839	161	751	0.6245	0.0805
535	2.333333333333333	1244	1839	161	756	0.622	0.0805
536	2.357142857142857	1236	1841	159	764	0.618	0.0795
537	2.363636363636364	1234	1841	159	766	0.617	0.0795
538	2.3703703703703702	1232	1841	159	768	0.616	0.0795
539	2.375	1231	1841	159	769	0.6155	0.0795
540	2.380952380952381	1227	1841	159	773	0.6135	0.0795
541	2.395833333333333	1225	1841	159	775	0.6125	0.0795
542	2.4	1224	1841	159	776	0.612	0.0795
543	2.4166666666666665	1217	1852	148	783	0.6085	0.074
544	2.4285714285714284	1213	1852	148	787	0.6065	0.074
545	2.4375	1212	1852	148	788	0.606	0.074
546	2.4444444444444438	1211	1852	148	789	0.6055	0.074
547	2.4545454545454546	1207	1852	148	793	0.6035	0.074
548	2.4615384615384617	1206	1852	148	794	0.603	0.074
549	2.4642857142857126	1205	1852	148	795	0.6025	0.074
550	2.4761904761904763	1202	1852	148	798	0.601	0.074
551	2.4857142857142853	1199	1852	148	801	0.5995	0.074
552	2.4888888888888894	1198	1852	148	802	0.599	0.074
553	2.5	1197	1852	148	803	0.5985	0.074
554	2.5185185185185186	1180	1874	126	820	0.59	0.063
555	2.52	1179	1874	126	821	0.5895	0.063
556	2.55	1178	1874	126	822	0.589	0.063
557	2.555555555555556	1177	1874	126	823	0.5885	0.063
558	2.5555555555555562	1175	1874	126	825	0.5875	0.063
559	2.5714285714285707	1171	1874	126	829	0.5855	0.063
560	2.571428571428572	1170	1876	124	830	0.585	0.062
561	2.5777777777777766	1161	1876	124	839	0.5805	0.062
562	2.583333333333333	1160	1876	124	840	0.58	0.062
563	2.592592592592593	1159	1876	124	841	0.5795	0.062
564	2.6	1158	1876	124	842	0.579	0.062
565	2.6153846153846154	1155	1876	124	845	0.5775	0.062
566	2.625	1154	1876	124	846	0.577	0.062
567	2.64	1147	1880	120	853	0.5735	0.06
568	2.657142857142857	1146	1880	120	854	0.573	0.06
569	2.6666666666666665	1145	1880	120	855	0.5725	0.06
570	2.666666666666667	1140	1889	111	860	0.57	0.0555
571	2.6785714285714284	1137	1889	111	863	0.5685	0.0555
572	2.7	1135	1889	111	865	0.5675	0.0555
573	2.714285714285714	1132	1890	110	868	0.566	0.055
574	2.727272727272727	1131	1890	110	869	0.5655	0.055
575	2.75	1130	1890	110	870	0.565	0.055
576	2.7692307692307696	1121	1890	110	879	0.5605	0.055
577	2.7777777777777777	1119	1890	110	881	0.5595	0.055
578	2.7777777777777786	1115	1891	109	885	0.5575	0.0545
579	2.8	1111	1892	108	889	0.5555	0.054
580	2.8000000000000003	1107	1894	106	893	0.5535	0.053
581	2.8125	1105	1894	106	895	0.5525	0.053
582	2.8181818181818183	1105	1895	105	895	0.5525	0.0525
583	2.8205128205128203	1104	1895	105	896	0.552	0.0525
584	2.833333333333333	1103	1895	105	897	0.5515	0.0525
585	2.8571428571428568	1100	1895	105	900	0.55	0.0525
586	2.863636363636364	1097	1899	101	903	0.5485	0.0505
587	2.875	1096	1899	101	904	0.548	0.0505
588	2.8750000000000004	1091	1899	101	909	0.5455	0.0505
589	2.888888888888889	1088	1899	101	912	0.544	0.0505
590	2.8928571428571432	1085	1899	101	915	0.5425	0.0505
591	2.9	1084	1899	101	916	0.542	0.0505
592	2.90625	1082	1899	101	918	0.541	0.0505
593	2.9090909090909087	1081	1899	101	919	0.5405	0.0505
594	2.9166666666666665	1080	1899	101	920	0.54	0.0505
595	2.916666666666667	1074	1899	101	926	0.537	0.0505
596	2.933333333333333	1071	1899	101	929	0.5355	0.0505
597	2.952380952380953	1067	1899	101	933	0.5335	0.0505
598	2.9555555555555566	1066	1899	101	934	0.533	0.0505
599	2.962962962962963	1065	1899	101	935	0.5325	0.0505
600	2.96875	1064	1899	101	936	0.532	0.0505
601	2.9761904761904763	1063	1899	101	937	0.5315	0.0505
602	2.9761904761904767	1062	1899	101	938	0.531	0.0505
603	3.0	1061	1899	101	939	0.5305	0.0505
604	3.0303030303030307	1029	1920	80	971	0.5145	0.04
605	3.055555555555556	1028	1920	80	972	0.514	0.04
606	3.0666666666666664	1027	1920	80	973	0.5135	0.04
607	3.1	1026	1920	80	974	0.513	0.04
608	3.1071428571428568	1023	1920	80	977	0.5115	0.04
609	3.111111111111111	1022	1920	80	978	0.511	0.04
610	3.12	1020	1920	80	980	0.51	0.04
611	3.125	1019	1920	80	981	0.5095	0.04
612	3.1250000000000004	1010	1920	80	990	0.505	0.04
613	3.1363636363636367	1008	1920	80	992	0.504	0.04
614	3.1428571428571423	1007	1920	80	993	0.5035	0.04
615	3.1428571428571432	1006	1920	80	994	0.503	0.04
616	3.15	1002	1920	80	998	0.501	0.04
617	3.1666666666666665	1001	1920	80	999	0.5005	0.04
618	3.1818181818181817	999	1920	80	1001	0.4995	0.04
619	3.2	998	1920	80	1002	0.499	0.04
620	3.2142857142857144	990	1923	77	1010	0.495	0.0385
621	3.222222222222221	989	1923	77	1011	0.4945	0.0385
622	3.2222222222222223	984	1923	77	1016	0.492	0.0385
623	3.229166666666667	983	1923	77	1017	0.4915	0.0385
624	3.230769230769232	982	1923	77	1018	0.491	0.0385
625	3.25	981	1923	77	1019	0.4905	0.0385
626	3.2727272727272725	973	1923	77	1027	0.4865	0.0385
627	3.2857142857142856	973	1924	76	1027	0.4865	0.038
628	3.3000000000000003	966	1924	76	1034	0.483	0.038
629	3.333333333333333	965	1924	76	1035	0.4825	0.038
630	3.375	955	1934	66	1045	0.4775	0.033
631	3.3928571428571432	951	1934	66	1049	0.4755	0.033
632	3.4	950	1934	66	1050	0.475	0.033
633	3.4074074074074074	949	1934	66	1051	0.4745	0.033
634	3.4090909090909087	947	1934	66	1053	0.4735	0.033
635	3.4285714285714284	945	1934	66	1055	0.4725	0.033
636	3.4444444444444446	941	1937	63	1059	0.4705	0.0315
637	3.45	936	1937	63	1064	0.468	0.0315
638	3.4666666666666663	934	1937	63	1066	0.467	0.0315
639	3.5	933	1937	63	1067	0.4665	0.0315
640	3.5000000000000004	920	1941	59	1080	0.46	0.0295
641	3.5454545454545454	919	1941	59	1081	0.4595	0.0295
642	3.555555555555556	917	1941	59	1083	0.4585	0.0295
643	3.571428571428572	916	1941	59	1084	0.458	0.0295
644	3.6	913	1944	56	1087	0.4565	0.028
645	3.611111111111111	907	1946	54	1093	0.4535	0.027
646	3.6190476190476177	906	1946	54	1094	0.453	0.027
647	3.625	905	1946	54	1095	0.4525	0.027
648	3.636363636363636	900	1946	54	1100	0.45	0.027
649	3.6666666666666665	898	1947	53	1102	0.449	0.0265
650	3.6818181818181817	886	1947	53	1114	0.443	0.0265
651	3.692307692307693	885	1947	53	1115	0.4425	0.0265
652	3.7037037037037037	884	1947	53	1116	0.442	0.0265
653	3.7142857142857135	883	1947	53	1117	0.4415	0.0265
654	3.733333333333333	881	1947	53	1119	0.4405	0.0265
655	3.75	878	1947	53	1122	0.439	0.0265
656	3.7777777777777777	857	1952	48	1143	0.4285	0.024
657	3.8	856	1952	48	1144	0.428	0.024
658	3.8095238095238098	854	1952	48	1146	0.427	0.024
659	3.8181818181818175	853	1952	48	1147	0.4265	0.024
660	3.8333333333333335	852	1952	48	1148	0.426	0.024
661	3.8461538461538463	848	1952	48	1152	0.424	0.024
662	3.851851851851852	845	1952	48	1155	0.4225	0.024
663	3.8571428571428568	844	1952	48	1156	0.422	0.024
664	3.8571428571428577	839	1953	47	1161	0.4195	0.0235
665	3.866666666666666	838	1953	47	1162	0.419	0.0235
666	3.875	837	1953	47	1163	0.4185	0.0235
667	3.888888888888889	834	1953	47	1166	0.417	0.0235
668	3.9	832	1954	46	1168	0.416	0.023
669	3.9230769230769234	829	1954	46	1171	0.4145	0.023
670	3.9375	828	1954	46	1172	0.414	0.023
671	3.958333333333333	826	1954	46	1174	0.413	0.023
672	4.0	825	1954	46	1175	0.4125	0.023
673	4.05	801	1963	37	1199	0.4005	0.0185
674	4.071428571428571	799	1963	37	1201	0.3995	0.0185
675	4.090909090909091	798	1963	37	1202	0.399	0.0185
676	4.111111111111111	796	1963	37	1204	0.398	0.0185
677	4.111111111111112	795	1963	37	1205	0.3975	0.0185
678	4.125	794	1963	37	1206	0.397	0.0185
679	4.133333333333334	792	1963	37	1208	0.396	0.0185
680	4.142857142857143	791	1963	37	1209	0.3955	0.0185
681	4.148148148148149	789	1963	37	1211	0.3945	0.0185
682	4.16	788	1963	37	1212	0.394	0.0185
683	4.166666666666667	787	1963	37	1213	0.3935	0.0185
684	4.181818181818182	779	1964	36	1221	0.3895	0.018
685	4.2	778	1964	36	1222	0.389	0.018
686	4.25	773	1965	35	1227	0.3865	0.0175
687	4.285714285714286	770	1965	35	1230	0.385	0.0175
688	4.307692307692308	768	1966	34	1232	0.384	0.017
689	4.3125	767	1966	34	1233	0.3835	0.017
690	4.333333333333333	766	1966	34	1234	0.383	0.017
691	4.35	756	1966	34	1244	0.378	0.017
692	4.35897435897436	755	1966	34	1245	0.3775	0.017
693	4.380952380952381	754	1966	34	1246	0.377	0.017
694	4.4	753	1966	34	1247	0.3765	0.017
695	4.428571428571429	749	1966	34	1251	0.3745	0.017
696	4.4444444444444455	748	1966	34	1252	0.374	0.017
697	4.464285714285714	746	1966	34	1254	0.373	0.017
698	4.5	745	1966	34	1255	0.3725	0.017
699	4.545454545454546	734	1969	31	1266	0.367	0.0155
700	4.571428571428571	733	1969	31	1267	0.3665	0.0155
701	4.6	731	1969	31	1269	0.3655	0.0155
702	4.625	727	1969	31	1273	0.3635	0.0155
703	4.642857142857143	726	1969	31	1274	0.363	0.0155
704	4.666666666666667	725	1969	31	1275	0.3625	0.0155
705	4.6875	716	1971	29	1284	0.358	0.0145
706	4.714285714285714	712	1971	29	1288	0.356	0.0145
707	4.727272727272728	709	1971	29	1291	0.3545	0.0145
708	4.75	708	1971	29	1292	0.354	0.0145
709	4.7727272727272725	707	1971	29	1293	0.3535	0.0145
710	4.8	706	1971	29	1294	0.353	0.0145
711	4.833333333333333	701	1972	28	1299	0.3505	0.014
712	4.857142857142857	697	1972	28	1303	0.3485	0.014
713	4.875	695	1972	28	1305	0.3475	0.014
714	4.8888888888888875	693	1972	28	1307	0.3465	0.014
715	4.928571428571427	691	1972	28	1309	0.3455	0.014
716	4.95	690	1972	28	1310	0.345	0.014
717	4.958333333333334	689	1972	28	1311	0.3445	0.014
718	5.0	688	1972	28	1312	0.344	0.014
719	5.000000000000001	668	1976	24	1332	0.334	0.012
720	5.0625	667	1976	24	1333	0.3335	0.012
721	5.0769230769230775	665	1976	24	1335	0.3325	0.012
722	5.111111111111111	664	1976	24	1336	0.332	0.012
723	5.1111111111111125	661	1976	24	1339	0.3305	0.012
724	5.1428571428571415	657	1976	24	1343	0.3285	0.012
725	5.166666666666667	657	1977	23	1343	0.3285	0.0115
726	5.199999999999998	652	1977	23	1348	0.326	0.0115
727	5.2	649	1977	23	1351	0.3245	0.0115
728	5.208333333333333	646	1977	23	1354	0.323	0.0115
729	5.230769230769232	645	1977	23	1355	0.3225	0.0115
730	5.25	644	1977	23	1356	0.322	0.0115
731	5.2727272727272725	636	1978	22	1364	0.318	0.011
732	5.277777777777779	635	1978	22	1365	0.3175	0.011
733	5.333333333333333	634	1978	22	1366	0.317	0.011
734	5.333333333333334	627	1981	19	1373	0.3135	0.0095
735	5.357142857142857	626	1981	19	1374	0.313	0.0095
736	5.384615384615384	623	1981	19	1377	0.3115	0.0095
737	5.4	622	1981	19	1378	0.311	0.0095
738	5.454545454545454	614	1981	19	1386	0.307	0.0095
739	5.476190476190476	612	1981	19	1388	0.306	0.0095
740	5.5	611	1981	19	1389	0.3055	0.0095
741	5.538461538461538	606	1981	19	1394	0.303	0.0095
742	5.5555555555555545	605	1981	19	1395	0.3025	0.0095
743	5.555555555555557	603	1981	19	1397	0.3015	0.0095
744	5.571428571428571	602	1981	19	1398	0.301	0.0095
745	5.6	601	1981	19	1399	0.3005	0.0095
746	5.625	599	1981	19	1401	0.2995	0.0095
747	5.636363636363638	597	1981	19	1403	0.2985	0.0095
748	5.6571428571428575	594	1981	19	1406	0.297	0.0095
749	5.666666666666668	593	1981	19	1407	0.2965	0.0095
750	5.7	590	1981	19	1410	0.295	0.0095
751	5.727272727272728	588	1981	19	1412	0.294	0.0095
752	5.75	587	1981	19	1413	0.2935	0.0095
753	5.750000000000001	582	1981	19	1418	0.291	0.0095
754	5.76923076923077	581	1981	19	1419	0.2905	0.0095
755	5.777777777777778	580	1981	19	1420	0.29	0.0095
756	5.8	578	1981	19	1422	0.289	0.0095
757	5.8125	577	1981	19	1423	0.2885	0.0095
758	5.8181818181818175	576	1981	19	1424	0.288	0.0095
759	5.833333333333332	575	1981	19	1425	0.2875	0.0095
760	5.833333333333334	573	1981	19	1427	0.2865	0.0095
761	6.0	570	1981	19	1430	0.285	0.0095
762	6.041666666666668	544	1984	16	1456	0.272	0.008
763	6.071428571428572	543	1984	16	1457	0.2715	0.008
764	6.133333333333334	542	1984	16	1458	0.271	0.008
765	6.136363636363638	541	1984	16	1459	0.2705	0.008
766	6.171428571428571	540	1984	16	1460	0.27	0.008
767	6.1818181818181825	539	1984	16	1461	0.2695	0.008
768	6.1875	538	1984	16	1462	0.269	0.008
769	6.190476190476191	537	1984	16	1463	0.2685	0.008
770	6.2	536	1984	16	1464	0.268	0.008
771	6.2142857142857135	533	1984	16	1467	0.2665	0.008
772	6.230769230769233	532	1984	16	1468	0.266	0.008
773	6.25	531	1984	16	1469	0.2655	0.008
774	6.2727272727272725	519	1985	15	1481	0.2595	0.0075
775	6.2857142857142865	517	1985	15	1483	0.2585	0.0075
776	6.333333333333332	515	1985	15	1485	0.2575	0.0075
777	6.3888888888888875	509	1985	15	1491	0.2545	0.0075
778	6.4	508	1985	15	1492	0.254	0.0075
779	6.428571428571428	506	1985	15	1494	0.253	0.0075
780	6.444444444444442	504	1985	15	1496	0.252	0.0075
781	6.5	503	1985	15	1497	0.2515	0.0075
782	6.571428571428571	489	1985	15	1511	0.2445	0.0075
783	6.6	488	1985	15	1512	0.244	0.0075
784	6.642857142857142	484	1985	15	1516	0.242	0.0075
785	6.666666666666668	483	1985	15	1517	0.2415	0.0075
786	6.719999999999999	474	1985	15	1526	0.237	0.0075
787	6.75	473	1985	15	1527	0.2365	0.0075
788	6.785714285714287	467	1985	15	1533	0.2335	0.0075
789	6.8	466	1985	15	1534	0.233	0.0075
790	6.857142857142858	462	1985	15	1538	0.231	0.0075
791	6.888888888888888	461	1985	15	1539	0.2305	0.0075
792	6.9	460	1985	15	1540	0.23	0.0075
793	6.909090909090909	458	1985	15	1542	0.229	0.0075
794	6.9444444444444455	457	1985	15	1543	0.2285	0.0075
795	7.0	456	1985	15	1544	0.228	0.0075
796	7.000000000000001	446	1986	14	1554	0.223	0.007
797	7.071428571428571	445	1986	14	1555	0.2225	0.007
798	7.142857142857142	444	1986	14	1556	0.222	0.007
799	7.1999999999999975	443	1986	14	1557	0.2215	0.007
800	7.2	437	1986	14	1563	0.2185	0.007
801	7.233333333333332	432	1986	14	1568	0.216	0.007
802	7.25	431	1986	14	1569	0.2155	0.007
803	7.2857142857142865	427	1986	14	1573	0.2135	0.007
804	7.291666666666668	425	1986	14	1575	0.2125	0.007
805	7.333333333333332	424	1986	14	1576	0.212	0.007
806	7.333333333333334	417	1986	14	1583	0.2085	0.007
807	7.363636363636362	416	1986	14	1584	0.208	0.007
808	7.428571428571429	415	1986	14	1585	0.2075	0.007
809	7.499999999999999	411	1986	14	1589	0.2055	0.007
810	7.5	410	1986	14	1590	0.205	0.007
811	7.500000000000001	404	1987	13	1596	0.202	0.0065
812	7.636363636363638	403	1987	13	1597	0.2015	0.0065
813	7.666666666666668	402	1987	13	1598	0.201	0.0065
814	7.6923076923076925	396	1987	13	1604	0.198	0.0065
815	7.7142857142857135	395	1987	13	1605	0.1975	0.0065
816	7.75	394	1987	13	1606	0.197	0.0065
817	7.8	392	1987	13	1608	0.196	0.0065
818	7.8125	391	1987	13	1609	0.1955	0.0065
819	7.8461538461538485	390	1987	13	1610	0.195	0.0065
820	7.875	389	1987	13	1611	0.1945	0.0065
821	7.916666666666668	387	1987	13	1613	0.1935	0.0065
822	7.933333333333334	386	1987	13	1614	0.193	0.0065
823	8.0	385	1987	13	1615	0.1925	0.0065
824	8.1	375	1992	8	1625	0.1875	0.004
825	8.117647058823529	373	1992	8	1627	0.1865	0.004
826	8.181818181818182	372	1992	8	1628	0.186	0.004
827	8.25	370	1992	8	1630	0.185	0.004
828	8.285714285714286	366	1992	8	1634	0.183	0.004
829	8.333333333333334	364	1992	8	1636	0.182	0.004
830	8.4	355	1992	8	1645	0.1775	0.004
831	8.4375	350	1992	8	1650	0.175	0.004
832	8.444444444444445	349	1992	8	1651	0.1745	0.004
833	8.5	348	1992	8	1652	0.174	0.004
834	8.500000000000002	347	1992	8	1653	0.1735	0.004
835	8.571428571428571	346	1992	8	1654	0.173	0.004
836	8.666666666666666	343	1992	8	1657	0.1715	0.004
837	8.7	335	1992	8	1665	0.1675	0.004
838	8.75	333	1992	8	1667	0.1665	0.004
839	8.8	329	1992	8	1671	0.1645	0.004
840	8.857142857142858	327	1992	8	1673	0.1635	0.004
841	8.888888888888891	326	1992	8	1674	0.163	0.004
842	8.928571428571429	325	1992	8	1675	0.1625	0.004
843	8.944444444444445	323	1992	8	1677	0.1615	0.004
844	9.0	322	1992	8	1678	0.161	0.004
845	9.142857142857142	310	1994	6	1690	0.155	0.003
846	9.166666666666666	307	1994	6	1693	0.1535	0.003
847	9.166666666666668	306	1994	6	1694	0.153	0.003
848	9.2	303	1994	6	1697	0.1515	0.003
849	9.3	302	1994	6	1698	0.151	0.003
850	9.333333333333334	301	1994	6	1699	0.1505	0.003
851	9.375	295	1995	5	1705	0.1475	0.0025
852	9.428571428571429	293	1995	5	1707	0.1465	0.0025
853	9.444444444444443	292	1995	5	1708	0.146	0.0025
854	9.454545454545457	291	1995	5	1709	0.1455	0.0025
855	9.5	290	1995	5	1710	0.145	0.0025
856	9.6	287	1995	5	1713	0.1435	0.0025
857	9.666666666666666	282	1995	5	1718	0.141	0.0025
858	9.705882352941178	278	1995	5	1722	0.139	0.0025
859	9.714285714285714	277	1995	5	1723	0.1385	0.0025
860	9.722222222222221	276	1995	5	1724	0.138	0.0025
861	9.75	275	1995	5	1725	0.1375	0.0025
862	10.0	272	1995	5	1728	0.136	0.0025
863	10.222222222222221	264	1996	4	1736	0.132	0.002
864	10.23076923076923	263	1996	4	1737	0.1315	0.002
865	10.285714285714283	262	1996	4	1738	0.131	0.002
866	10.333333333333334	261	1996	4	1739	0.1305	0.002
867	10.4	260	1996	4	1740	0.13	0.002
868	10.416666666666666	259	1996	4	1741	0.1295	0.002
869	10.5	258	1996	4	1742	0.129	0.002
870	10.555555555555557	253	1996	4	1747	0.1265	0.002
871	10.625	252	1996	4	1748	0.126	0.002
872	10.666666666666666	251	1996	4	1749	0.1255	0.002
873	10.714285714285714	249	1996	4	1751	0.1245	0.002
874	10.714285714285717	248	1996	4	1752	0.124	0.002
875	10.8	246	1996	4	1754	0.123	0.002
876	10.833333333333336	245	1996	4	1755	0.1225	0.002
877	10.875	244	1996	4	1756	0.122	0.002
878	10.909090909090908	242	1996	4	1758	0.121	0.002
879	11.0	241	1996	4	1759	0.1205	0.002
880	11.111111111111114	237	1996	4	1763	0.1185	0.002
881	11.142857142857142	236	1996	4	1764	0.118	0.002
882	11.142857142857144	234	1996	4	1766	0.117	0.002
883	11.2	234	1997	3	1766	0.117	0.0015
884	11.25	232	1997	3	1768	0.116	0.0015
885	11.333333333333336	230	1997	3	1770	0.115	0.0015
886	11.363636363636365	228	1997	3	1772	0.114	0.0015
887	11.428571428571427	227	1997	3	1773	0.1135	0.0015
888	11.5	226	1997	3	1774	0.113	0.0015
889	11.571428571428573	222	1997	3	1778	0.111	0.0015
890	11.6	220	1997	3	1780	0.11	0.0015
891	11.625	218	1997	3	1782	0.109	0.0015
892	11.636363636363635	217	1997	3	1783	0.1085	0.0015
893	11.666666666666668	216	1997	3	1784	0.108	0.0015
894	11.7	215	1997	3	1785	0.1075	0.0015
895	11.818181818181815	214	1997	3	1786	0.107	0.0015
896	12.0	213	1997	3	1787	0.1065	0.0015
897	12.083333333333336	202	1998	2	1798	0.101	0.001
898	12.133333333333333	200	1998	2	1800	0.1	0.001
899	12.333333333333336	199	1998	2	1801	0.0995	0.001
900	12.375	198	1998	2	1802	0.099	0.001
901	12.444444444444445	197	1998	2	1803	0.0985	0.001
902	12.5	196	1998	2	1804	0.098	0.001
903	12.666666666666664	190	1998	2	1810	0.095	0.001
904	12.777777777777775	187	1998	2	1813	0.0935	0.001
905	12.8	186	1998	2	1814	0.093	0.001
906	12.857142857142856	184	1998	2	1816	0.092	0.001
907	12.857142857142858	181	1998	2	1819	0.0905	0.001
908	13.0	180	1998	2	1820	0.09	0.001
909	13.142857142857142	175	1998	2	1825	0.0875	0.001
910	13.2	173	1998	2	1827	0.0865	0.001
911	13.285714285714285	172	1998	2	1828	0.086	0.001
912	13.333333333333332	171	1998	2	1829	0.0855	0.001
913	13.333333333333336	170	1998	2	1830	0.085	0.001
914	13.5	167	1998	2	1833	0.0835	0.001
915	13.714285714285715	164	1998	2	1836	0.082	0.001
916	13.8	163	1998	2	1837	0.0815	0.001
917	14.0	162	1998	2	1838	0.081	0.001
918	14.285714285714285	156	1998	2	1844	0.078	0.001
919	14.4	155	1998	2	1845	0.0775	0.001
920	14.5	153	1998	2	1847	0.0765	0.001
921	14.666666666666664	148	1998	2	1852	0.074	0.001
922	15.0	147	1998	2	1853	0.0735	0.001
923	15.111111111111107	140	1998	2	1860	0.07	0.001
924	15.333333333333336	139	1998	2	1861	0.0695	0.001
925	15.5	138	1998	2	1862	0.069	0.001
926	15.555555555555555	133	1998	2	1867	0.0665	0.001
927	15.625	132	1998	2	1868	0.066	0.001
928	15.75	131	1998	2	1869	0.0655	0.001
929	16.0	129	1998	2	1871	0.0645	0.001
930	16.11111111111111	123	1998	2	1877	0.0615	0.001
931	16.2	122	1998	2	1878	0.061	0.001
932	16.25	120	1998	2	1880	0.06	0.001
933	16.285714285714285	118	1998	2	1882	0.059	0.001
934	16.5	117	1998	2	1883	0.0585	0.001
935	16.571428571428573	114	1998	2	1886	0.057	0.001
936	16.666666666666668	112	1998	2	1888	0.056	0.001
937	16.875	110	1998	2	1890	0.055	0.001
938	17.142857142857142	109	1998	2	1891	0.0545	0.001
939	17.25	107	1998	2	1893	0.0535	0.001
940	17.333333333333332	106	1998	2	1894	0.053	0.001
941	17.5	102	1998	2	1898	0.051	0.001
942	17.857142857142858	99	1998	2	1901	0.0495	0.001
943	17.88888888888889	98	1998	2	1902	0.049	0.001
944	18.0	97	1998	2	1903	0.0485	0.001
945	18.125	93	1998	2	1907	0.0465	0.001
946	18.571428571428573	92	1998	2	1908	0.046	0.001
947	18.6	91	1998	2	1909	0.0455	0.001
948	18.75	90	1998	2	1910	0.045	0.001
949	18.857142857142858	87	1998	2	1913	0.0435	0.001
950	19.166666666666668	85	1998	2	1915	0.0425	0.001
951	19.2	84	1998	2	1916	0.042	0.001
952	19.33333333333333	82	1998	2	1918	0.041	0.001
953	19.5	81	1998	2	1919	0.0405	0.001
954	19.6	78	1998	2	1922	0.039	0.001
955	20.0	77	1998	2	1923	0.0385	0.001
956	20.25	74	1999	1	1926	0.037	0.0005
957	20.666666666666668	68	1999	1	1932	0.034	0.0005
958	20.833333333333336	67	1999	1	1933	0.0335	0.0005
959	21.0	66	1999	1	1934	0.033	0.0005
960	21.33333333333333	62	1999	1	1938	0.031	0.0005
961	21.75	60	1999	1	1940	0.03	0.0005
962	22.0	59	1999	1	1941	0.0295	0.0005
963	22.285714285714285	50	1999	1	1950	0.025	0.0005
964	22.4	49	1999	1	1951	0.0245	0.0005
965	22.5	48	1999	1	1952	0.024	0.0005
966	22.8	46	1999	1	1954	0.023	0.0005
967	23.0	45	1999	1	1955	0.0225	0.0005
968	23.25	41	1999	1	1959	0.0205	0.0005
969	24.0	39	1999	1	1961	0.0195	0.0005
970	25.0	38	2000	0	1962	0.019	0.0
971	25.5	37	2000	0	1963	0.0185	0.0
972	25.71428571428571	36	2000	0	1964	0.018	0.0
973	26.0	35	2000	0	1965	0.0175	0.0
974	26.25	32	2000	0	1968	0.016	0.0
975	28.0	30	2000	0	1970	0.015	0.0
976	30.0	27	2000	0	1973	0.0135	0.0
977	30.333333333333336	26	2000	0	1974	0.013	0.0
978	30.66666666666667	25	2000	0	1975	0.0125	0.0
979	31.0	24	2000	0	1976	0.012	0.0
980	31.25	23	2000	0	1977	0.0115	0.0
981	32.0	22	2000	0	1978	0.011	0.0
982	33.42857142857143	20	2000	0	1980	0.01	0.0
983	34.0	19	2000	0	1981	0.0095	0.0
984	34.875	18	2000	0	1982	0.009	0.0
985	35.0	17	2000	0	1983	0.0085	0.0
986	39.0	16	2000	0	1984	0.008	0.0
987	40.0	15	2000	0	1985	0.0075	0.0
988	40.25	14	2000	0	1986	0.007	0.0
989	40.5	13	2000	0	1987	0.0065	0.0
990	42.0	12	2000	0	1988	0.006	0.0
991	45.33333333333334	10	2000	0	1990	0.005	0.0
992	46.5	9	2000	0	1991	0.0045	0.0
993	50.0	8	2000	0	1992	0.004	0.0
994	52.0	7	2000	0	1993	0.0035	0.0
995	56.0	6	2000	0	1994	0.003	0.0
996	57.0	4	2000	0	1996	0.002	0.0
997	63.0	3	2000	0	1997	0.0015	0.0
998	65.0	2	2000	0	1998	0.001	0.0
999	67.5	1	2000	0	1999	0.0005	0.0
