	ThScore	TP	TN	FP	FN	TPR	FPR
0	0.019230769230769232	2000	0	2000	0	1.0	1.0
1	0.025	2000	1	1999	0	1.0	0.9995
2	0.027777777777777776	2000	2	1998	0	1.0	0.999
3	0.05	2000	3	1997	0	1.0	0.9985
4	0.05128205128205129	2000	4	1996	0	1.0	0.998
5	0.05555555555555555	2000	5	1995	0	1.0	0.9975
6	0.05714285714285715	2000	6	1994	0	1.0	0.997
7	0.0625	2000	8	1992	0	1.0	0.996
8	0.06666666666666668	2000	10	1990	0	1.0	0.995
9	0.06818181818181818	2000	12	1988	0	1.0	0.994
10	0.06818181818181819	2000	13	1987	0	1.0	0.9935
11	0.06944444444444445	2000	14	1986	0	1.0	0.993
12	0.07142857142857142	2000	15	1985	0	1.0	0.9925
13	0.07575757575757576	2000	19	1981	0	1.0	0.9905
14	0.07792207792207792	2000	20	1980	0	1.0	0.99
15	0.08163265306122447	2000	21	1979	0	1.0	0.9895
16	0.08333333333333333	2000	23	1977	0	1.0	0.9885
17	0.08333333333333334	2000	24	1976	0	1.0	0.988
18	0.0875	2000	25	1975	0	1.0	0.9875
19	0.08888888888888888	2000	26	1974	0	1.0	0.987
20	0.08974358974358974	2000	27	1973	0	1.0	0.9865
21	0.0909090909090909	2000	28	1972	0	1.0	0.986
22	0.09090909090909093	2000	29	1971	0	1.0	0.9855
23	0.0925925925925926	2000	34	1966	0	1.0	0.983
24	0.09375	2000	37	1963	0	1.0	0.9815
25	0.09523809523809523	2000	39	1961	0	1.0	0.9805
26	0.1	2000	42	1958	0	1.0	0.979
27	0.10416666666666667	2000	45	1955	0	1.0	0.9775
28	0.10714285714285714	2000	46	1954	0	1.0	0.977
29	0.1111111111111111	2000	48	1952	0	1.0	0.976
30	0.11428571428571427	2000	53	1947	0	1.0	0.9735
31	0.1142857142857143	2000	56	1944	0	1.0	0.972
32	0.11904761904761905	2000	57	1943	0	1.0	0.9715
33	0.12	2000	59	1941	0	1.0	0.9705
34	0.125	2000	60	1940	0	1.0	0.97
35	0.12962962962962962	2000	75	1925	0	1.0	0.9625
36	0.13333333333333333	2000	76	1924	0	1.0	0.962
37	0.13636363636363635	2000	83	1917	0	1.0	0.9585
38	0.1388888888888889	2000	84	1916	0	1.0	0.958
39	0.14	2000	87	1913	0	1.0	0.9565
40	0.14285714285714285	2000	88	1912	0	1.0	0.956
41	0.14814814814814814	2000	94	1906	0	1.0	0.953
42	0.15	2000	95	1905	0	1.0	0.9525
43	0.15151515151515152	2000	100	1900	0	1.0	0.95
44	0.15625	2000	101	1899	0	1.0	0.9495
45	0.1590909090909091	2000	102	1898	0	1.0	0.949
46	0.16	2000	103	1897	0	1.0	0.9485
47	0.1607142857142857	2000	107	1893	0	1.0	0.9465
48	0.16326530612244894	2000	108	1892	0	1.0	0.946
49	0.16666666666666666	2000	109	1891	0	1.0	0.9455
50	0.16666666666666669	2000	124	1876	0	1.0	0.938
51	0.17142857142857146	2000	125	1875	0	1.0	0.9375
52	0.175	2000	129	1871	0	1.0	0.9355
53	0.17777777777777776	2000	131	1869	0	1.0	0.9345
54	0.17777777777777778	2000	134	1866	0	1.0	0.933
55	0.1818181818181818	2000	135	1865	0	1.0	0.9325
56	0.18181818181818185	2000	136	1864	0	1.0	0.932
57	0.18333333333333326	2000	138	1862	0	1.0	0.931
58	0.1875	2000	139	1861	0	1.0	0.9305
59	0.19047619047619047	2000	149	1851	0	1.0	0.9255
60	0.2	2000	153	1847	0	1.0	0.9235
61	0.2083333333333333	2000	169	1831	0	1.0	0.9155
62	0.21428571428571427	2000	174	1826	0	1.0	0.913
63	0.21875	2000	178	1822	0	1.0	0.911
64	0.2192982456140351	2000	179	1821	0	1.0	0.9105
65	0.2222222222222222	1999	179	1821	1	0.9995	0.9105
66	0.22222222222222224	1999	183	1817	1	0.9995	0.9085
67	0.225	1999	185	1815	1	0.9995	0.9075
68	0.2285714285714285	1999	188	1812	1	0.9995	0.906
69	0.2285714285714286	1999	189	1811	1	0.9995	0.9055
70	0.22916666666666666	1999	191	1809	1	0.9995	0.9045
71	0.2333333333333333	1999	192	1808	1	0.9995	0.904
72	0.2345679012345679	1998	193	1807	2	0.999	0.9035
73	0.2380952380952381	1997	193	1807	3	0.9985	0.9035
74	0.24	1997	196	1804	3	0.9985	0.902
75	0.2424242424242425	1997	198	1802	3	0.9985	0.901
76	0.2444444444444445	1997	200	1800	3	0.9985	0.9
77	0.24489795918367346	1996	200	1800	4	0.998	0.9
78	0.25	1996	201	1799	4	0.998	0.8995
79	0.25274725274725274	1996	220	1780	4	0.998	0.89
80	0.2545454545454545	1996	221	1779	4	0.998	0.8895
81	0.2555555555555556	1995	221	1779	5	0.9975	0.8895
82	0.2571428571428571	1994	221	1779	6	0.997	0.8895
83	0.2571428571428572	1994	223	1777	6	0.997	0.8885
84	0.2597402597402597	1994	224	1776	6	0.997	0.888
85	0.26666666666666666	1994	225	1775	6	0.997	0.8875
86	0.275	1994	232	1768	6	0.997	0.884
87	0.2777777777777777	1994	234	1766	6	0.997	0.883
88	0.2777777777777778	1994	235	1765	6	0.997	0.8825
89	0.28	1993	245	1755	7	0.9965	0.8775
90	0.28125	1993	247	1753	7	0.9965	0.8765
91	0.28205128205128205	1993	248	1752	7	0.9965	0.876
92	0.2857142857142857	1993	249	1751	7	0.9965	0.8755
93	0.2916666666666667	1992	260	1740	8	0.996	0.87
94	0.2962962962962963	1992	261	1739	8	0.996	0.8695
95	0.3	1992	263	1737	8	0.996	0.8685
96	0.30303030303030304	1992	277	1723	8	0.996	0.8615
97	0.3055555555555556	1992	278	1722	8	0.996	0.861
98	0.3116883116883117	1992	279	1721	8	0.996	0.8605
99	0.3125	1992	280	1720	8	0.996	0.86
100	0.3142857142857143	1992	285	1715	8	0.996	0.8575
101	0.31746031746031744	1992	286	1714	8	0.996	0.857
102	0.3181818181818182	1991	286	1714	9	0.9955	0.857
103	0.32	1990	286	1714	10	0.995	0.857
104	0.3205128205128205	1990	288	1712	10	0.995	0.856
105	0.3214285714285714	1989	288	1712	11	0.9945	0.856
106	0.32142857142857145	1989	289	1711	11	0.9945	0.8555
107	0.328125	1989	290	1710	11	0.9945	0.855
108	0.3333333333333333	1988	290	1710	12	0.994	0.855
109	0.33333333333333337	1988	326	1674	12	0.994	0.837
110	0.3428571428571429	1988	330	1670	12	0.994	0.835
111	0.34375	1988	332	1668	12	0.994	0.834
112	0.3452380952380953	1988	333	1667	12	0.994	0.8335
113	0.3469387755102041	1988	334	1666	12	0.994	0.833
114	0.3472222222222222	1988	335	1665	12	0.994	0.8325
115	0.35	1987	335	1665	13	0.9935	0.8325
116	0.35000000000000003	1987	338	1662	13	0.9935	0.831
117	0.35185185185185186	1986	338	1662	14	0.993	0.831
118	0.35714285714285715	1985	338	1662	15	0.9925	0.831
119	0.36	1984	345	1655	16	0.992	0.8275
120	0.3636363636363636	1984	348	1652	16	0.992	0.826
121	0.3673469387755102	1984	349	1651	16	0.992	0.8255
122	0.3703703703703704	1984	350	1650	16	0.992	0.825
123	0.375	1984	353	1647	16	0.992	0.8235
124	0.37777777777777777	1984	369	1631	16	0.992	0.8155
125	0.3809523809523809	1983	369	1631	17	0.9915	0.8155
126	0.38333333333333336	1982	374	1626	18	0.991	0.813
127	0.3857142857142857	1982	375	1625	18	0.991	0.8125
128	0.3863636363636364	1981	376	1624	19	0.9905	0.812
129	0.3875	1981	377	1623	19	0.9905	0.8115
130	0.3888888888888889	1980	377	1623	20	0.99	0.8115
131	0.3896103896103896	1979	382	1618	21	0.9895	0.809
132	0.390625	1978	382	1618	22	0.989	0.809
133	0.3958333333333333	1977	382	1618	23	0.9885	0.809
134	0.4	1976	382	1618	24	0.988	0.809
135	0.4090909090909091	1973	399	1601	27	0.9865	0.8005
136	0.4142857142857143	1973	400	1600	27	0.9865	0.8
137	0.4166666666666667	1972	400	1600	28	0.986	0.8
138	0.41818181818181815	1972	406	1594	28	0.986	0.797
139	0.42	1971	406	1594	29	0.9855	0.797
140	0.42424242424242425	1970	406	1594	30	0.985	0.797
141	0.425	1970	407	1593	30	0.985	0.7965
142	0.42857142857142855	1969	407	1593	31	0.9845	0.7965
143	0.4285714285714286	1967	416	1584	33	0.9835	0.792
144	0.4307692307692307	1966	419	1581	34	0.983	0.7905
145	0.4351851851851852	1966	420	1580	34	0.983	0.79
146	0.4363636363636363	1965	420	1580	35	0.9825	0.79
147	0.4375	1965	421	1579	35	0.9825	0.7895
148	0.4393939393939394	1965	424	1576	35	0.9825	0.788
149	0.4428571428571429	1964	424	1576	36	0.982	0.788
150	0.4444444444444444	1963	424	1576	37	0.9815	0.788
151	0.4444444444444445	1960	431	1569	40	0.98	0.7845
152	0.4489795918367347	1960	433	1567	40	0.98	0.7835
153	0.45	1959	433	1567	41	0.9795	0.7835
154	0.453125	1958	438	1562	42	0.979	0.781
155	0.4571428571428572	1957	438	1562	43	0.9785	0.781
156	0.4583333333333333	1957	440	1560	43	0.9785	0.78
157	0.4603174603174604	1956	441	1559	44	0.978	0.7795
158	0.462962962962963	1956	442	1558	44	0.978	0.779
159	0.4666666666666666	1955	442	1558	45	0.9775	0.779
160	0.4666666666666667	1955	445	1555	45	0.9775	0.7775
161	0.46875	1955	446	1554	45	0.9775	0.777
162	0.4714285714285714	1955	447	1553	45	0.9775	0.7765
163	0.4761904761904762	1954	447	1553	46	0.977	0.7765
164	0.48	1954	453	1547	46	0.977	0.7735
165	0.4814814814814815	1954	454	1546	46	0.977	0.773
166	0.4821428571428572	1953	454	1546	47	0.9765	0.773
167	0.4833333333333333	1953	455	1545	47	0.9765	0.7725
168	0.4848484848484849	1952	455	1545	48	0.976	0.7725
169	0.4888888888888889	1951	455	1545	49	0.9755	0.7725
170	0.4897959183673469	1951	456	1544	49	0.9755	0.772
171	0.4909090909090909	1950	456	1544	50	0.975	0.772
172	0.4949494949494949	1949	457	1543	51	0.9745	0.7715
173	0.5	1948	457	1543	52	0.974	0.7715
174	0.5076923076923077	1946	499	1501	54	0.973	0.7505
175	0.5111111111111111	1945	499	1501	55	0.9725	0.7505
176	0.5151515151515151	1944	499	1501	56	0.972	0.7505
177	0.5178571428571429	1943	499	1501	57	0.9715	0.7505
178	0.5185185185185185	1941	499	1501	59	0.9705	0.7505
179	0.52	1941	502	1498	59	0.9705	0.749
180	0.525	1941	503	1497	59	0.9705	0.7485
181	0.5272727272727272	1940	503	1497	60	0.97	0.7485
182	0.53125	1940	504	1496	60	0.97	0.748
183	0.5333333333333333	1939	504	1496	61	0.9695	0.748
184	0.5357142857142857	1939	505	1495	61	0.9695	0.7475
185	0.537037037037037	1938	506	1494	62	0.969	0.747
186	0.54	1938	507	1493	62	0.969	0.7465
187	0.5416666666666666	1935	508	1492	65	0.9675	0.746
188	0.5454545454545454	1933	508	1492	67	0.9665	0.746
189	0.5499999999999999	1932	509	1491	68	0.966	0.7455
190	0.55	1931	509	1491	69	0.9655	0.7455
191	0.5535714285714286	1931	510	1490	69	0.9655	0.745
192	0.5555555555555556	1930	510	1490	70	0.965	0.745
193	0.5599999999999999	1926	513	1487	74	0.963	0.7435
194	0.5625	1926	514	1486	74	0.963	0.743
195	0.5656565656565656	1925	517	1483	75	0.9625	0.7415
196	0.5714285714285714	1924	517	1483	76	0.962	0.7415
197	0.5740740740740741	1923	530	1470	77	0.9615	0.735
198	0.575	1922	530	1470	78	0.961	0.735
199	0.58	1921	530	1470	79	0.9605	0.735
200	0.5833333333333334	1920	530	1470	80	0.96	0.735
201	0.5918367346938777	1917	543	1457	83	0.9585	0.7285
202	0.59375	1916	543	1457	84	0.958	0.7285
203	0.6	1915	543	1457	85	0.9575	0.7285
204	0.6000000000000001	1913	555	1445	87	0.9565	0.7225
205	0.6060606060606061	1913	556	1444	87	0.9565	0.722
206	0.609375	1913	557	1443	87	0.9565	0.7215
207	0.6111111111111109	1912	557	1443	88	0.956	0.7215
208	0.6111111111111112	1912	558	1442	88	0.956	0.721
209	0.6136363636363636	1912	559	1441	88	0.956	0.7205
210	0.6136363636363638	1911	559	1441	89	0.9555	0.7205
211	0.6166666666666667	1911	561	1439	89	0.9555	0.7195
212	0.6190476190476191	1909	561	1439	91	0.9545	0.7195
213	0.6222222222222222	1909	562	1438	91	0.9545	0.719
214	0.625	1908	564	1436	92	0.954	0.718
215	0.6250000000000001	1905	576	1424	95	0.9525	0.712
216	0.6285714285714286	1905	579	1421	95	0.9525	0.7105
217	0.6388888888888891	1903	580	1420	97	0.9515	0.71
218	0.64	1902	581	1419	98	0.951	0.7095
219	0.6419753086419753	1901	581	1419	99	0.9505	0.7095
220	0.6428571428571429	1900	581	1419	100	0.95	0.7095
221	0.6444444444444445	1899	586	1414	101	0.9495	0.707
222	0.6458333333333334	1897	586	1414	103	0.9485	0.707
223	0.65	1896	586	1414	104	0.948	0.707
224	0.6530612244897959	1894	587	1413	106	0.947	0.7065
225	0.6571428571428571	1894	588	1412	106	0.947	0.706
226	0.6590909090909091	1890	589	1411	110	0.945	0.7055
227	0.6623376623376623	1889	589	1411	111	0.9445	0.7055
228	0.6666666666666666	1888	589	1411	112	0.944	0.7055
229	0.6666666666666667	1881	626	1374	119	0.9405	0.687
230	0.675	1879	629	1371	121	0.9395	0.6855
231	0.6799999999999999	1876	630	1370	124	0.938	0.685
232	0.6818181818181818	1875	630	1370	125	0.9375	0.685
233	0.6857142857142856	1873	630	1370	127	0.9365	0.685
234	0.6857142857142857	1873	633	1367	127	0.9365	0.6835
235	0.6862745098039215	1871	634	1366	129	0.9355	0.683
236	0.6875	1870	634	1366	130	0.935	0.683
237	0.6904761904761906	1870	635	1365	130	0.935	0.6825
238	0.6964285714285714	1869	636	1364	131	0.9345	0.682
239	0.7	1868	636	1364	132	0.934	0.682
240	0.7000000000000001	1867	646	1354	133	0.9335	0.677
241	0.7083333333333334	1866	646	1354	134	0.933	0.677
242	0.7111111111111109	1862	646	1354	138	0.931	0.677
243	0.7142857142857143	1861	646	1354	139	0.9305	0.677
244	0.7166666666666667	1858	651	1349	142	0.929	0.6745
245	0.71875	1857	651	1349	143	0.9285	0.6745
246	0.72	1857	653	1347	143	0.9285	0.6735
247	0.7222222222222222	1857	655	1345	143	0.9285	0.6725
248	0.725	1855	656	1344	145	0.9275	0.672
249	0.7272727272727272	1852	659	1341	148	0.926	0.6705
250	0.7291666666666666	1852	660	1340	148	0.926	0.67
251	0.7301587301587301	1851	660	1340	149	0.9255	0.67
252	0.7333333333333334	1850	660	1340	150	0.925	0.67
253	0.7380952380952381	1849	661	1339	151	0.9245	0.6695
254	0.7402597402597403	1847	661	1339	153	0.9235	0.6695
255	0.7407407407407408	1846	661	1339	154	0.923	0.6695
256	0.7428571428571429	1846	662	1338	154	0.923	0.669
257	0.75	1845	662	1338	155	0.9225	0.669
258	0.7555555555555555	1841	680	1320	159	0.9205	0.66
259	0.7592592592592592	1840	681	1319	160	0.92	0.6595
260	0.76	1839	681	1319	161	0.9195	0.6595
261	0.7636363636363637	1838	682	1318	162	0.919	0.659
262	0.7647058823529411	1837	682	1318	163	0.9185	0.659
263	0.7666666666666666	1837	683	1317	163	0.9185	0.6585
264	0.7666666666666667	1836	684	1316	164	0.918	0.658
265	0.7692307692307692	1835	686	1314	165	0.9175	0.657
266	0.7714285714285715	1834	687	1313	166	0.917	0.6565
267	0.775	1832	687	1313	168	0.916	0.6565
268	0.7755102040816327	1831	689	1311	169	0.9155	0.6555
269	0.7777777777777778	1830	689	1311	170	0.915	0.6555
270	0.78125	1827	694	1306	173	0.9135	0.653
271	0.7857142857142857	1827	695	1305	173	0.9135	0.6525
272	0.7916666666666666	1825	698	1302	175	0.9125	0.651
273	0.7959183673469388	1824	698	1302	176	0.912	0.651
274	0.7999999999999999	1824	699	1301	176	0.912	0.6505
275	0.8	1822	701	1299	178	0.911	0.6495
276	0.8055555555555555	1815	709	1291	185	0.9075	0.6455
277	0.8055555555555556	1815	711	1289	185	0.9075	0.6445
278	0.8095238095238095	1814	712	1288	186	0.907	0.644
279	0.81	1812	712	1288	188	0.906	0.644
280	0.8125	1811	712	1288	189	0.9055	0.644
281	0.8181818181818182	1811	713	1287	189	0.9055	0.6435
282	0.8205128205128206	1809	713	1287	191	0.9045	0.6435
283	0.825	1808	713	1287	192	0.904	0.6435
284	0.8253968253968254	1806	714	1286	194	0.903	0.643
285	0.8285714285714286	1805	714	1286	195	0.9025	0.643
286	0.8333333333333333	1804	716	1284	196	0.902	0.642
287	0.8333333333333334	1803	716	1284	197	0.9015	0.642
288	0.8392857142857143	1792	729	1271	208	0.896	0.6355
289	0.8409090909090909	1791	729	1271	209	0.8955	0.6355
290	0.8412698412698413	1790	729	1271	210	0.895	0.6355
291	0.84375	1789	729	1271	211	0.8945	0.6355
292	0.8484848484848485	1785	731	1269	215	0.8925	0.6345
293	0.85	1785	732	1268	215	0.8925	0.634
294	0.8518518518518517	1784	732	1268	216	0.892	0.634
295	0.8571428571428571	1783	733	1267	217	0.8915	0.6335
296	0.8571428571428572	1781	738	1262	219	0.8905	0.631
297	0.86	1781	739	1261	219	0.8905	0.6305
298	0.8611111111111112	1780	739	1261	220	0.89	0.6305
299	0.8666666666666667	1778	739	1261	222	0.889	0.6305
300	0.875	1775	739	1261	225	0.8875	0.6305
301	0.8750000000000001	1770	750	1250	230	0.885	0.625
302	0.8775510204081634	1770	751	1249	230	0.885	0.6245
303	0.8857142857142858	1769	751	1249	231	0.8845	0.6245
304	0.8863636363636364	1769	753	1247	231	0.8845	0.6235
305	0.8888888888888888	1768	753	1247	232	0.884	0.6235
306	0.8928571428571429	1765	757	1243	235	0.8825	0.6215
307	0.8979591836734694	1763	758	1242	237	0.8815	0.621
308	0.8999999999999999	1763	759	1241	237	0.8815	0.6205
309	0.9	1763	760	1240	237	0.8815	0.62
310	0.9047619047619048	1757	765	1235	243	0.8785	0.6175
311	0.90625	1756	765	1235	244	0.878	0.6175
312	0.9074074074074072	1754	767	1233	246	0.877	0.6165
313	0.9107142857142856	1752	767	1233	248	0.876	0.6165
314	0.9111111111111112	1751	767	1233	249	0.8755	0.6165
315	0.9142857142857144	1750	767	1233	250	0.875	0.6165
316	0.9166666666666666	1746	771	1229	254	0.873	0.6145
317	0.925	1746	774	1226	254	0.873	0.613
318	0.9285714285714286	1745	775	1225	255	0.8725	0.6125
319	0.9318181818181818	1741	775	1225	259	0.8705	0.6125
320	0.9333333333333332	1740	775	1225	260	0.87	0.6125
321	0.9375	1737	780	1220	263	0.8685	0.61
322	0.9393939393939394	1736	781	1219	264	0.868	0.6095
323	0.9428571428571428	1736	782	1218	264	0.868	0.609
324	0.9444444444444444	1735	783	1217	265	0.8675	0.6085
325	0.95	1734	784	1216	266	0.867	0.608
326	0.9523809523809524	1733	784	1216	267	0.8665	0.608
327	0.9583333333333334	1732	784	1216	268	0.866	0.608
328	0.96	1731	787	1213	269	0.8655	0.6065
329	0.9629629629629628	1731	788	1212	269	0.8655	0.606
330	0.9642857142857144	1729	790	1210	271	0.8645	0.605
331	0.9666666666666668	1725	791	1209	275	0.8625	0.6045
332	0.96875	1723	791	1209	277	0.8615	0.6045
333	0.9696969696969696	1722	793	1207	278	0.861	0.6035
334	0.9714285714285714	1721	794	1206	279	0.8605	0.603
335	0.9722222222222222	1720	794	1206	280	0.86	0.603
336	0.9722222222222224	1719	795	1205	281	0.8595	0.6025
337	0.975	1719	796	1204	281	0.8595	0.602
338	0.977777777777778	1718	796	1204	282	0.859	0.602
339	0.9791666666666666	1717	797	1203	283	0.8585	0.6015
340	0.979591836734694	1716	797	1203	284	0.858	0.6015
341	0.9814814814814816	1715	797	1203	285	0.8575	0.6015
342	0.9821428571428572	1714	797	1203	286	0.857	0.6015
343	1.0	1713	797	1203	287	0.8565	0.6015
344	1.015625	1695	846	1154	305	0.8475	0.577
345	1.0178571428571428	1694	846	1154	306	0.847	0.577
346	1.020408163265306	1693	846	1154	307	0.8465	0.577
347	1.0208333333333333	1692	846	1154	308	0.846	0.577
348	1.022222222222222	1691	846	1154	309	0.8455	0.577
349	1.023809523809524	1690	846	1154	310	0.845	0.577
350	1.025	1689	846	1154	311	0.8445	0.577
351	1.027777777777778	1688	846	1154	312	0.844	0.577
352	1.0285714285714287	1687	846	1154	313	0.8435	0.577
353	1.03125	1687	848	1152	313	0.8435	0.576
354	1.0333333333333334	1687	851	1149	313	0.8435	0.5745
355	1.0357142857142858	1684	853	1147	316	0.842	0.5735
356	1.037037037037037	1683	854	1146	317	0.8415	0.573
357	1.04	1680	857	1143	320	0.84	0.5715
358	1.0416666666666667	1679	857	1143	321	0.8395	0.5715
359	1.0444444444444445	1668	858	1142	332	0.834	0.571
360	1.0476190476190477	1667	858	1142	333	0.8335	0.571
361	1.05	1666	859	1141	334	0.833	0.5705
362	1.0555555555555556	1666	863	1137	334	0.833	0.5685
363	1.0625	1665	864	1136	335	0.8325	0.568
364	1.0666666666666669	1663	864	1136	337	0.8315	0.568
365	1.0714285714285714	1661	866	1134	339	0.8305	0.567
366	1.08	1657	868	1132	343	0.8285	0.566
367	1.0833333333333333	1654	869	1131	346	0.827	0.5655
368	1.085714285714286	1649	873	1127	351	0.8245	0.5635
369	1.0909090909090908	1648	873	1127	352	0.824	0.5635
370	1.09375	1648	875	1125	352	0.824	0.5625
371	1.0952380952380951	1648	876	1124	352	0.824	0.562
372	1.1	1645	877	1123	355	0.8225	0.5615
373	1.1041666666666667	1637	878	1122	363	0.8185	0.561
374	1.1071428571428572	1636	878	1122	364	0.818	0.561
375	1.111111111111111	1635	880	1120	365	0.8175	0.56
376	1.1111111111111112	1635	881	1119	365	0.8175	0.5595
377	1.1142857142857143	1634	890	1110	366	0.817	0.555
378	1.12	1634	891	1109	366	0.817	0.5545
379	1.125	1633	892	1108	367	0.8165	0.554
380	1.1296296296296295	1629	898	1102	371	0.8145	0.551
381	1.1333333333333333	1628	898	1102	372	0.814	0.551
382	1.1363636363636365	1627	898	1102	373	0.8135	0.551
383	1.14	1626	898	1102	374	0.813	0.551
384	1.1428571428571428	1625	898	1102	375	0.8125	0.551
385	1.1458333333333333	1623	906	1094	377	0.8115	0.547
386	1.148148148148148	1622	906	1094	378	0.811	0.547
387	1.15	1620	906	1094	380	0.81	0.547
388	1.16	1617	906	1094	383	0.8085	0.547
389	1.1666666666666663	1614	906	1094	386	0.807	0.547
390	1.1666666666666667	1613	906	1094	387	0.8065	0.547
391	1.1714285714285713	1605	916	1084	395	0.8025	0.542
392	1.1785714285714286	1604	916	1084	396	0.802	0.542
393	1.1851851851851851	1602	917	1083	398	0.801	0.5415
394	1.1904761904761905	1600	917	1083	400	0.8	0.5415
395	1.1944444444444444	1595	919	1081	405	0.7975	0.5405
396	1.2	1594	919	1081	406	0.797	0.5405
397	1.2000000000000002	1584	935	1065	416	0.792	0.5325
398	1.2083333333333333	1583	935	1065	417	0.7915	0.5325
399	1.2142857142857142	1580	938	1062	420	0.79	0.531
400	1.21875	1575	938	1062	425	0.7875	0.531
401	1.2222222222222219	1574	938	1062	426	0.787	0.531
402	1.2222222222222223	1572	938	1062	428	0.786	0.531
403	1.225	1571	939	1061	429	0.7855	0.5305
404	1.2285714285714284	1569	939	1061	431	0.7845	0.5305
405	1.2307692307692308	1568	939	1061	432	0.784	0.5305
406	1.2333333333333334	1567	939	1061	433	0.7835	0.5305
407	1.2380952380952381	1566	939	1061	434	0.783	0.5305
408	1.24	1566	940	1060	434	0.783	0.53
409	1.25	1566	941	1059	434	0.783	0.5295
410	1.2571428571428571	1560	958	1042	440	0.78	0.521
411	1.2592592592592593	1560	959	1041	440	0.78	0.5205
412	1.261904761904762	1559	959	1041	441	0.7795	0.5205
413	1.2666666666666666	1558	959	1041	442	0.779	0.5205
414	1.2708333333333333	1558	960	1040	442	0.779	0.52
415	1.2727272727272727	1557	960	1040	443	0.7785	0.52
416	1.2777777777777777	1557	961	1039	443	0.7785	0.5195
417	1.2777777777777781	1554	962	1038	446	0.777	0.519
418	1.28	1554	964	1036	446	0.777	0.518
419	1.28125	1553	964	1036	447	0.7765	0.518
420	1.2820512820512822	1551	964	1036	449	0.7755	0.518
421	1.2857142857142858	1550	964	1036	450	0.775	0.518
422	1.2916666666666667	1543	965	1035	457	0.7715	0.5175
423	1.2923076923076922	1538	968	1032	462	0.769	0.516
424	1.2962962962962965	1538	969	1031	462	0.769	0.5155
425	1.3	1537	969	1031	463	0.7685	0.5155
426	1.303030303030303	1535	971	1029	465	0.7675	0.5145
427	1.3055555555555556	1534	971	1029	466	0.767	0.5145
428	1.3125	1533	971	1029	467	0.7665	0.5145
429	1.3199999999999998	1532	973	1027	468	0.766	0.5135
430	1.325	1531	974	1026	469	0.7655	0.513
431	1.3333333333333333	1530	974	1026	470	0.765	0.513
432	1.342857142857143	1522	992	1008	478	0.761	0.504
433	1.34375	1521	992	1008	479	0.7605	0.504
434	1.35	1520	992	1008	480	0.76	0.504
435	1.3571428571428572	1510	995	1005	490	0.755	0.5025
436	1.36	1510	996	1004	490	0.755	0.502
437	1.3611111111111112	1510	997	1003	490	0.755	0.5015
438	1.3666666666666667	1509	997	1003	491	0.7545	0.5015
439	1.3714285714285712	1508	997	1003	492	0.754	0.5015
440	1.3714285714285714	1508	998	1002	492	0.754	0.501
441	1.375	1507	998	1002	493	0.7535	0.501
442	1.3777777777777778	1500	1001	999	500	0.75	0.4995
443	1.3809523809523812	1499	1001	999	501	0.7495	0.4995
444	1.3877551020408163	1497	1002	998	503	0.7485	0.499
445	1.3888888888888888	1497	1003	997	503	0.7485	0.4985
446	1.3888888888888893	1494	1004	996	506	0.747	0.498
447	1.4	1494	1006	994	506	0.747	0.497
448	1.4047619047619049	1487	1014	986	513	0.7435	0.493
449	1.40625	1486	1014	986	514	0.743	0.493
450	1.4074074074074074	1485	1014	986	515	0.7425	0.493
451	1.4166666666666667	1485	1015	985	515	0.7425	0.4925
452	1.424242424242424	1480	1018	982	520	0.74	0.491
453	1.4285714285714286	1479	1018	982	521	0.7395	0.491
454	1.4375	1476	1027	973	524	0.738	0.4865
455	1.44	1475	1029	971	525	0.7375	0.4855
456	1.4444444444444444	1475	1031	969	525	0.7375	0.4845
457	1.45	1475	1033	967	525	0.7375	0.4835
458	1.4545454545454546	1472	1033	967	528	0.736	0.4835
459	1.457142857142857	1471	1033	967	529	0.7355	0.4835
460	1.4583333333333333	1469	1033	967	531	0.7345	0.4835
461	1.4666666666666666	1467	1034	966	533	0.7335	0.483
462	1.4666666666666668	1466	1034	966	534	0.733	0.483
463	1.46875	1466	1036	964	534	0.733	0.482
464	1.4722222222222223	1464	1036	964	536	0.732	0.482
465	1.4727272727272729	1463	1036	964	537	0.7315	0.482
466	1.475	1462	1036	964	538	0.731	0.482
467	1.4761904761904765	1461	1036	964	539	0.7305	0.482
468	1.4777777777777776	1458	1039	961	542	0.729	0.4805
469	1.48	1457	1039	961	543	0.7285	0.4805
470	1.4848484848484846	1456	1040	960	544	0.728	0.48
471	1.4857142857142858	1455	1040	960	545	0.7275	0.48
472	1.4999999999999998	1455	1041	959	545	0.7275	0.4795
473	1.5	1455	1042	958	545	0.7275	0.479
474	1.5142857142857142	1446	1070	930	554	0.723	0.465
475	1.5238095238095235	1445	1070	930	555	0.7225	0.465
476	1.5277777777777777	1444	1073	927	556	0.722	0.4635
477	1.5306122448979589	1442	1073	927	558	0.721	0.4635
478	1.53125	1442	1074	926	558	0.721	0.463
479	1.5333333333333332	1439	1074	926	561	0.7195	0.463
480	1.5416666666666667	1439	1075	925	561	0.7195	0.4625
481	1.542857142857143	1438	1075	925	562	0.719	0.4625
482	1.55	1435	1075	925	565	0.7175	0.4625
483	1.5555555555555556	1433	1076	924	567	0.7165	0.462
484	1.5625	1428	1081	919	572	0.714	0.4595
485	1.5666666666666669	1426	1081	919	574	0.713	0.4595
486	1.5714285714285714	1423	1081	919	577	0.7115	0.4595
487	1.575	1418	1083	917	582	0.709	0.4585
488	1.575757575757576	1417	1083	917	583	0.7085	0.4585
489	1.5833333333333333	1417	1084	916	583	0.7085	0.458
490	1.6	1411	1086	914	589	0.7055	0.457
491	1.6060606060606062	1400	1092	908	600	0.7	0.454
492	1.6071428571428572	1399	1092	908	601	0.6995	0.454
493	1.6111111111111107	1397	1092	908	603	0.6985	0.454
494	1.6111111111111112	1393	1092	908	607	0.6965	0.454
495	1.625	1391	1093	907	609	0.6955	0.4535
496	1.6296296296296298	1383	1096	904	617	0.6915	0.452
497	1.6333333333333333	1382	1097	903	618	0.691	0.4515
498	1.6333333333333335	1379	1097	903	621	0.6895	0.4515
499	1.6363636363636362	1378	1097	903	622	0.689	0.4515
500	1.6388888888888893	1378	1098	902	622	0.689	0.451
501	1.6428571428571428	1377	1098	902	623	0.6885	0.451
502	1.65	1374	1098	902	626	0.687	0.451
503	1.65625	1371	1100	900	629	0.6855	0.45
504	1.6571428571428573	1370	1100	900	630	0.685	0.45
505	1.6666666666666663	1369	1100	900	631	0.6845	0.45
506	1.6666666666666667	1369	1101	899	631	0.6845	0.4495
507	1.6785714285714286	1354	1118	882	646	0.677	0.441
508	1.6799999999999995	1351	1118	882	649	0.6755	0.441
509	1.6800000000000002	1350	1119	881	650	0.675	0.4405
510	1.681818181818182	1348	1119	881	652	0.674	0.4405
511	1.6875	1347	1119	881	653	0.6735	0.4405
512	1.7	1341	1119	881	659	0.6705	0.4405
513	1.7037037037037035	1338	1119	881	662	0.669	0.4405
514	1.7083333333333333	1337	1119	881	663	0.6685	0.4405
515	1.709090909090909	1336	1120	880	664	0.668	0.44
516	1.7142857142857142	1335	1120	880	665	0.6675	0.44
517	1.71875	1327	1124	876	673	0.6635	0.438
518	1.7222222222222223	1326	1124	876	674	0.663	0.438
519	1.7333333333333332	1324	1128	872	676	0.662	0.436
520	1.7333333333333334	1321	1128	872	679	0.6605	0.436
521	1.7399999999999998	1319	1131	869	681	0.6595	0.4345
522	1.75	1319	1132	868	681	0.6595	0.434
523	1.7500000000000002	1312	1147	853	688	0.656	0.4265
524	1.7600000000000002	1312	1150	850	688	0.656	0.425
525	1.7666666666666666	1310	1150	850	690	0.655	0.425
526	1.7714285714285716	1309	1150	850	691	0.6545	0.425
527	1.7777777777777777	1307	1151	849	693	0.6535	0.4245
528	1.7857142857142858	1304	1157	843	696	0.652	0.4215
529	1.7916666666666667	1301	1157	843	699	0.6505	0.4215
530	1.7999999999999998	1299	1157	843	701	0.6495	0.4215
531	1.8	1299	1158	842	701	0.6495	0.421
532	1.8125	1290	1169	831	710	0.645	0.4155
533	1.8148148148148149	1287	1170	830	713	0.6435	0.415
534	1.818181818181818	1286	1170	830	714	0.643	0.415
535	1.8214285714285716	1284	1171	829	716	0.642	0.4145
536	1.8285714285714283	1282	1171	829	718	0.641	0.4145
537	1.8285714285714287	1282	1173	827	718	0.641	0.4135
538	1.8333333333333333	1282	1174	826	718	0.641	0.413
539	1.84	1274	1180	820	726	0.637	0.41
540	1.85	1272	1180	820	728	0.636	0.41
541	1.851851851851852	1271	1181	819	729	0.6355	0.4095
542	1.8571428571428568	1270	1181	819	730	0.635	0.4095
543	1.857142857142857	1266	1182	818	734	0.633	0.409
544	1.8666666666666665	1264	1182	818	736	0.632	0.409
545	1.8666666666666667	1262	1184	816	738	0.631	0.408
546	1.875	1261	1185	815	739	0.6305	0.4075
547	1.8857142857142857	1255	1191	809	745	0.6275	0.4045
548	1.8888888888888888	1254	1191	809	746	0.627	0.4045
549	1.8888888888888893	1253	1191	809	747	0.6265	0.4045
550	1.8909090909090909	1251	1193	807	749	0.6255	0.4035
551	1.8928571428571428	1250	1193	807	750	0.625	0.4035
552	1.9	1248	1193	807	752	0.624	0.4035
553	1.9090909090909087	1246	1194	806	754	0.623	0.403
554	1.9166666666666667	1246	1195	805	754	0.623	0.4025
555	1.92	1245	1199	801	755	0.6225	0.4005
556	1.9285714285714288	1242	1200	800	758	0.621	0.4
557	1.933333333333333	1240	1203	797	760	0.62	0.3985
558	1.9333333333333331	1238	1203	797	762	0.619	0.3985
559	1.9375	1235	1203	797	765	0.6175	0.3985
560	1.9444444444444444	1230	1204	796	770	0.615	0.398
561	1.95	1229	1204	796	771	0.6145	0.398
562	1.9545454545454544	1228	1204	796	772	0.614	0.398
563	1.9583333333333333	1227	1204	796	773	0.6135	0.398
564	1.9591836734693882	1224	1204	796	776	0.612	0.398
565	1.96	1223	1204	796	777	0.6115	0.398
566	1.9615384615384608	1222	1204	796	778	0.611	0.398
567	1.9629629629629632	1221	1204	796	779	0.6105	0.398
568	1.9642857142857144	1220	1204	796	780	0.61	0.398
569	1.9666666666666668	1218	1204	796	782	0.609	0.398
570	1.96875	1217	1204	796	783	0.6085	0.398
571	2.0	1216	1205	795	784	0.608	0.3975
572	2.033333333333333	1193	1242	758	807	0.5965	0.379
573	2.0357142857142856	1192	1242	758	808	0.596	0.379
574	2.0370370370370368	1191	1242	758	809	0.5955	0.379
575	2.04	1189	1242	758	811	0.5945	0.379
576	2.0408163265306123	1187	1242	758	813	0.5935	0.379
577	2.0416666666666665	1187	1243	757	813	0.5935	0.3785
578	2.041666666666667	1180	1243	757	820	0.59	0.3785
579	2.047619047619048	1179	1243	757	821	0.5895	0.3785
580	2.0571428571428574	1177	1243	757	823	0.5885	0.3785
581	2.0625	1176	1243	757	824	0.588	0.3785
582	2.066666666666667	1175	1246	754	825	0.5875	0.377
583	2.071428571428572	1174	1246	754	826	0.587	0.377
584	2.08	1171	1247	753	829	0.5855	0.3765
585	2.083333333333333	1170	1247	753	830	0.585	0.3765
586	2.090909090909091	1164	1249	751	836	0.582	0.3755
587	2.09375	1163	1249	751	837	0.5815	0.3755
588	2.095238095238096	1162	1249	751	838	0.581	0.3755
589	2.1	1161	1250	750	839	0.5805	0.375
590	2.107142857142857	1160	1251	749	840	0.58	0.3745
591	2.1111111111111107	1159	1251	749	841	0.5795	0.3745
592	2.125	1155	1252	748	845	0.5775	0.374
593	2.1333333333333333	1151	1254	746	849	0.5755	0.373
594	2.142857142857143	1148	1254	746	852	0.574	0.373
595	2.15	1142	1254	746	858	0.571	0.373
596	2.16	1139	1254	746	861	0.5695	0.373
597	2.1666666666666665	1138	1254	746	862	0.569	0.373
598	2.1714285714285717	1129	1260	740	871	0.5645	0.37
599	2.1818181818181817	1129	1261	739	871	0.5645	0.3695
600	2.185185185185185	1128	1261	739	872	0.564	0.3695
601	2.1875	1127	1261	739	873	0.5635	0.3695
602	2.2	1126	1261	739	874	0.563	0.3695
603	2.208333333333333	1119	1265	735	881	0.5595	0.3675
604	2.2142857142857144	1116	1265	735	884	0.558	0.3675
605	2.2222222222222223	1115	1265	735	885	0.5575	0.3675
606	2.2285714285714286	1114	1268	732	886	0.557	0.366
607	2.24	1114	1269	731	886	0.557	0.3655
608	2.25	1113	1269	731	887	0.5565	0.3655
609	2.2592592592592595	1102	1280	720	898	0.551	0.36
610	2.2666666666666666	1101	1280	720	899	0.5505	0.36
611	2.28	1098	1283	717	902	0.549	0.3585
612	2.2857142857142856	1097	1283	717	903	0.5485	0.3585
613	2.2916666666666665	1096	1284	716	904	0.548	0.358
614	2.3	1094	1284	716	906	0.547	0.358
615	2.3125	1090	1287	713	910	0.545	0.3565
616	2.3142857142857136	1087	1289	711	913	0.5435	0.3555
617	2.333333333333333	1087	1290	710	913	0.5435	0.355
618	2.3428571428571425	1066	1301	699	934	0.533	0.3495
619	2.35	1065	1301	699	935	0.5325	0.3495
620	2.357142857142857	1063	1301	699	937	0.5315	0.3495
621	2.3600000000000003	1061	1304	696	939	0.5305	0.348
622	2.375	1060	1304	696	940	0.53	0.348
623	2.380952380952381	1058	1304	696	942	0.529	0.348
624	2.3846153846153846	1054	1305	695	946	0.527	0.3475
625	2.387755102040816	1054	1306	694	946	0.527	0.347
626	2.3888888888888893	1053	1306	694	947	0.5265	0.347
627	2.4	1051	1306	694	949	0.5255	0.347
628	2.4000000000000004	1046	1316	684	954	0.523	0.342
629	2.4166666666666665	1046	1317	683	954	0.523	0.3415
630	2.416666666666667	1040	1323	677	960	0.52	0.3385
631	2.4285714285714284	1040	1324	676	960	0.52	0.338
632	2.4375	1033	1324	676	967	0.5165	0.338
633	2.4444444444444438	1033	1325	675	967	0.5165	0.3375
634	2.4444444444444446	1033	1328	672	967	0.5165	0.336
635	2.45	1033	1329	671	967	0.5165	0.3355
636	2.4545454545454546	1032	1329	671	968	0.516	0.3355
637	2.466666666666667	1032	1330	670	968	0.516	0.335
638	2.4761904761904763	1031	1330	670	969	0.5155	0.335
639	2.5	1029	1331	669	971	0.5145	0.3345
640	2.5000000000000004	1020	1344	656	980	0.51	0.328
641	2.523809523809524	1020	1348	652	980	0.51	0.326
642	2.533333333333333	1017	1348	652	983	0.5085	0.326
643	2.5416666666666665	1016	1348	652	984	0.508	0.326
644	2.5454545454545454	1015	1348	652	985	0.5075	0.326
645	2.55	1014	1348	652	986	0.507	0.326
646	2.5555555555555562	1010	1348	652	990	0.505	0.326
647	2.5625	1008	1348	652	992	0.504	0.326
648	2.5714285714285707	1007	1348	652	993	0.5035	0.326
649	2.571428571428572	1005	1348	652	995	0.5025	0.326
650	2.583333333333333	1004	1351	649	996	0.502	0.3245
651	2.6	999	1356	644	1001	0.4995	0.322
652	2.6111111111111107	992	1360	640	1008	0.496	0.32
653	2.619047619047619	990	1360	640	1010	0.495	0.32
654	2.625	989	1360	640	1011	0.4945	0.32
655	2.642857142857143	987	1361	639	1013	0.4935	0.3195
656	2.65	985	1361	639	1015	0.4925	0.3195
657	2.6666666666666665	983	1361	639	1017	0.4915	0.3195
658	2.666666666666667	965	1374	626	1035	0.4825	0.313
659	2.685714285714286	964	1374	626	1036	0.482	0.313
660	2.6875000000000004	962	1374	626	1038	0.481	0.313
661	2.7	962	1375	625	1038	0.481	0.3125
662	2.7142857142857144	957	1375	625	1043	0.4785	0.3125
663	2.72	957	1376	624	1043	0.4785	0.312
664	2.722222222222221	956	1376	624	1044	0.478	0.312
665	2.7272727272727275	955	1376	624	1045	0.4775	0.312
666	2.75	955	1377	623	1045	0.4775	0.3115
667	2.761904761904762	950	1385	615	1050	0.475	0.3075
668	2.7619047619047623	949	1385	615	1051	0.4745	0.3075
669	2.7777777777777777	948	1385	615	1052	0.474	0.3075
670	2.7777777777777786	948	1386	614	1052	0.474	0.307
671	2.7857142857142856	947	1386	614	1053	0.4735	0.307
672	2.8	947	1387	613	1053	0.4735	0.3065
673	2.8000000000000003	939	1396	604	1061	0.4695	0.302
674	2.8095238095238098	939	1397	603	1061	0.4695	0.3015
675	2.8285714285714287	938	1397	603	1062	0.469	0.3015
676	2.833333333333333	938	1398	602	1062	0.469	0.301
677	2.8571428571428568	931	1399	601	1069	0.4655	0.3005
678	2.8666666666666667	929	1404	596	1071	0.4645	0.298
679	2.875	927	1404	596	1073	0.4635	0.298
680	2.8750000000000004	924	1406	594	1076	0.462	0.297
681	2.888888888888889	924	1408	592	1076	0.462	0.296
682	2.8928571428571432	921	1413	587	1079	0.4605	0.2935
683	2.9	920	1414	586	1080	0.46	0.293
684	2.9047619047619047	915	1417	583	1085	0.4575	0.2915
685	2.90625	914	1417	583	1086	0.457	0.2915
686	2.9166666666666665	914	1418	582	1086	0.457	0.291
687	2.9285714285714284	911	1418	582	1089	0.4555	0.291
688	2.9333333333333336	910	1418	582	1090	0.455	0.291
689	2.9375	908	1418	582	1092	0.454	0.291
690	2.94	906	1418	582	1094	0.453	0.291
691	2.9444444444444446	905	1418	582	1095	0.4525	0.291
692	2.95	903	1418	582	1097	0.4515	0.291
693	2.952380952380953	901	1418	582	1099	0.4505	0.291
694	2.9714285714285715	899	1419	581	1101	0.4495	0.2905
695	2.9761904761904763	898	1419	581	1102	0.449	0.2905
696	3.0	897	1419	581	1103	0.4485	0.2905
697	3.0476190476190474	885	1437	563	1115	0.4425	0.2815
698	3.055555555555556	884	1438	562	1116	0.442	0.281
699	3.0625	879	1438	562	1121	0.4395	0.281
700	3.0666666666666664	875	1438	562	1125	0.4375	0.281
701	3.066666666666667	873	1439	561	1127	0.4365	0.2805
702	3.083333333333333	872	1439	561	1128	0.436	0.2805
703	3.085714285714286	870	1440	560	1130	0.435	0.28
704	3.090909090909092	869	1440	560	1131	0.4345	0.28
705	3.095238095238096	869	1441	559	1131	0.4345	0.2795
706	3.1	868	1441	559	1132	0.434	0.2795
707	3.1022727272727275	866	1442	558	1134	0.433	0.279
708	3.111111111111111	865	1442	558	1135	0.4325	0.279
709	3.12	862	1443	557	1138	0.431	0.2785
710	3.125	860	1443	557	1140	0.43	0.2785
711	3.1333333333333333	858	1446	554	1142	0.429	0.277
712	3.1428571428571432	855	1446	554	1145	0.4275	0.277
713	3.1666666666666665	852	1446	554	1148	0.426	0.277
714	3.1875	846	1450	550	1154	0.423	0.275
715	3.2	843	1451	549	1157	0.4215	0.2745
716	3.2142857142857144	840	1459	541	1160	0.42	0.2705
717	3.222222222222221	840	1460	540	1160	0.42	0.27
718	3.25	839	1462	538	1161	0.4195	0.269
719	3.266666666666667	831	1464	536	1169	0.4155	0.268
720	3.2777777777777786	830	1464	536	1170	0.415	0.268
721	3.28125	828	1464	536	1172	0.414	0.268
722	3.2857142857142856	828	1465	535	1172	0.414	0.2675
723	3.3	826	1466	534	1174	0.413	0.267
724	3.3061224489795915	825	1468	532	1175	0.4125	0.266
725	3.3125	825	1469	531	1175	0.4125	0.2655
726	3.3142857142857145	824	1469	531	1176	0.412	0.2655
727	3.321428571428572	824	1470	530	1176	0.412	0.265
728	3.333333333333333	824	1471	529	1176	0.412	0.2645
729	3.375	814	1479	521	1186	0.407	0.2605
730	3.4	809	1485	515	1191	0.4045	0.2575
731	3.4166666666666665	807	1486	514	1193	0.4035	0.257
732	3.4285714285714284	806	1486	514	1194	0.403	0.257
733	3.4375	803	1488	512	1197	0.4015	0.256
734	3.44	802	1488	512	1198	0.401	0.256
735	3.4444444444444446	802	1489	511	1198	0.401	0.2555
736	3.45	801	1491	509	1199	0.4005	0.2545
737	3.4545454545454546	800	1491	509	1200	0.4	0.2545
738	3.4666666666666663	800	1492	508	1200	0.4	0.254
739	3.466666666666667	799	1492	508	1201	0.3995	0.254
740	3.5	794	1493	507	1206	0.397	0.2535
741	3.5000000000000004	780	1497	503	1220	0.39	0.2515
742	3.523809523809524	780	1499	501	1220	0.39	0.2505
743	3.533333333333333	779	1499	501	1221	0.3895	0.2505
744	3.5454545454545454	778	1499	501	1222	0.389	0.2505
745	3.555555555555556	777	1500	500	1223	0.3885	0.25
746	3.571428571428572	772	1503	497	1228	0.386	0.2485
747	3.583333333333333	771	1503	497	1229	0.3855	0.2485
748	3.6	769	1503	497	1231	0.3845	0.2485
749	3.625	767	1507	493	1233	0.3835	0.2465
750	3.6428571428571432	764	1509	491	1236	0.382	0.2455
751	3.6666666666666665	762	1509	491	1238	0.381	0.2455
752	3.6818181818181817	756	1514	486	1244	0.378	0.243
753	3.6875	756	1515	485	1244	0.378	0.2425
754	3.7	755	1515	485	1245	0.3775	0.2425
755	3.7142857142857135	754	1518	482	1246	0.377	0.241
756	3.733333333333333	750	1519	481	1250	0.375	0.2405
757	3.75	746	1520	480	1254	0.373	0.24
758	3.76	739	1526	474	1261	0.3695	0.237
759	3.7777777777777777	738	1526	474	1262	0.369	0.237
760	3.7777777777777786	734	1526	474	1266	0.367	0.237
761	3.7857142857142856	732	1526	474	1268	0.366	0.237
762	3.8	728	1526	474	1272	0.364	0.237
763	3.8095238095238098	725	1529	471	1275	0.3625	0.2355
764	3.8333333333333335	725	1530	470	1275	0.3625	0.235
765	3.851851851851852	718	1533	467	1282	0.359	0.2335
766	3.8571428571428568	718	1534	466	1282	0.359	0.233
767	3.8571428571428577	713	1536	464	1287	0.3565	0.232
768	3.8666666666666663	713	1537	463	1287	0.3565	0.2315
769	3.875	712	1538	462	1288	0.356	0.231
770	3.888888888888889	708	1539	461	1292	0.354	0.2305
771	3.9	707	1541	459	1293	0.3535	0.2295
772	3.90625	706	1544	456	1294	0.353	0.228
773	3.9166666666666665	706	1545	455	1294	0.353	0.2275
774	3.9375	703	1545	455	1297	0.3515	0.2275
775	3.9642857142857135	702	1545	455	1298	0.351	0.2275
776	4.0	702	1546	454	1298	0.351	0.227
777	4.0285714285714285	683	1564	436	1317	0.3415	0.218
778	4.071428571428571	682	1564	436	1318	0.341	0.218
779	4.083333333333333	681	1564	436	1319	0.3405	0.218
780	4.090909090909091	678	1564	436	1322	0.339	0.218
781	4.095238095238096	677	1564	436	1323	0.3385	0.218
782	4.1	676	1564	436	1324	0.338	0.218
783	4.114285714285714	676	1565	435	1324	0.338	0.2175
784	4.125	675	1565	435	1325	0.3375	0.2175
785	4.133333333333334	671	1566	434	1329	0.3355	0.217
786	4.142857142857143	669	1567	433	1331	0.3345	0.2165
787	4.16	668	1568	432	1332	0.334	0.216
788	4.166666666666667	668	1569	431	1332	0.334	0.2155
789	4.181818181818182	664	1575	425	1336	0.332	0.2125
790	4.1875	663	1575	425	1337	0.3315	0.2125
791	4.2	662	1575	425	1338	0.331	0.2125
792	4.25	660	1580	420	1340	0.33	0.21
793	4.250000000000001	653	1584	416	1347	0.3265	0.208
794	4.266666666666667	653	1585	415	1347	0.3265	0.2075
795	4.285714285714286	652	1585	415	1348	0.326	0.2075
796	4.285714285714287	650	1587	413	1350	0.325	0.2065
797	4.3	650	1588	412	1350	0.325	0.206
798	4.333333333333333	648	1588	412	1352	0.324	0.206
799	4.363636363636363	638	1591	409	1362	0.319	0.2045
800	4.375	637	1591	409	1363	0.3185	0.2045
801	4.3809523809523805	636	1592	408	1364	0.318	0.204
802	4.4	636	1593	407	1364	0.318	0.2035
803	4.416666666666667	635	1595	405	1365	0.3175	0.2025
804	4.428571428571429	631	1595	405	1369	0.3155	0.2025
805	4.4444444444444455	629	1599	401	1371	0.3145	0.2005
806	4.454545454545454	628	1599	401	1372	0.314	0.2005
807	4.464285714285714	627	1599	401	1373	0.3135	0.2005
808	4.48	627	1600	400	1373	0.3135	0.2
809	4.5	626	1600	400	1374	0.313	0.2
810	4.5238095238095255	619	1612	388	1381	0.3095	0.194
811	4.533333333333333	619	1613	387	1381	0.3095	0.1935
812	4.545454545454546	618	1613	387	1382	0.309	0.1935
813	4.5555555555555545	616	1613	387	1384	0.308	0.1935
814	4.56	615	1613	387	1385	0.3075	0.1935
815	4.583333333333333	614	1613	387	1386	0.307	0.1935
816	4.6	611	1614	386	1389	0.3055	0.193
817	4.625	610	1616	384	1390	0.305	0.192
818	4.628571428571427	609	1616	384	1391	0.3045	0.192
819	4.64	608	1616	384	1392	0.304	0.192
820	4.642857142857143	608	1617	383	1392	0.304	0.1915
821	4.666666666666666	607	1617	383	1393	0.3035	0.1915
822	4.666666666666667	605	1617	383	1395	0.3025	0.1915
823	4.6875	597	1627	373	1403	0.2985	0.1865
824	4.699999999999998	597	1629	371	1403	0.2985	0.1855
825	4.7	596	1629	371	1404	0.298	0.1855
826	4.714285714285714	593	1629	371	1407	0.2965	0.1855
827	4.7407407407407405	592	1630	370	1408	0.296	0.185
828	4.75	592	1631	369	1408	0.296	0.1845
829	4.777777777777779	588	1631	369	1412	0.294	0.1845
830	4.8	586	1631	369	1414	0.293	0.1845
831	4.800000000000002	580	1635	365	1420	0.29	0.1825
832	4.821428571428571	580	1636	364	1420	0.29	0.182
833	4.833333333333333	580	1637	363	1420	0.29	0.1815
834	4.857142857142857	574	1641	359	1426	0.287	0.1795
835	4.875	573	1641	359	1427	0.2865	0.1795
836	4.8888888888888875	570	1643	357	1430	0.285	0.1785
837	4.9	566	1644	356	1434	0.283	0.178
838	4.916666666666667	564	1644	356	1436	0.282	0.178
839	4.928571428571429	562	1644	356	1438	0.281	0.178
840	4.933333333333334	561	1644	356	1439	0.2805	0.178
841	4.95	561	1645	355	1439	0.2805	0.1775
842	4.96875	560	1645	355	1440	0.28	0.1775
843	4.971428571428572	559	1645	355	1441	0.2795	0.1775
844	5.0	558	1645	355	1442	0.279	0.1775
845	5.000000000000001	542	1655	345	1458	0.271	0.1725
846	5.035714285714286	541	1656	344	1459	0.2705	0.172
847	5.045454545454546	540	1656	344	1460	0.27	0.172
848	5.0625	540	1657	343	1460	0.27	0.1715
849	5.066666666666666	540	1659	341	1460	0.27	0.1705
850	5.083333333333333	539	1660	340	1461	0.2695	0.17
851	5.1	538	1660	340	1462	0.269	0.17
852	5.1000000000000005	534	1661	339	1466	0.267	0.1695
853	5.111111111111111	534	1662	338	1466	0.267	0.169
854	5.142857142857143	533	1662	338	1467	0.2665	0.169
855	5.159999999999998	530	1665	335	1470	0.265	0.1675
856	5.166666666666667	529	1665	335	1471	0.2645	0.1675
857	5.181818181818183	526	1669	331	1474	0.263	0.1655
858	5.2	525	1669	331	1475	0.2625	0.1655
859	5.208333333333334	518	1671	329	1482	0.259	0.1645
860	5.222222222222221	517	1671	329	1483	0.2585	0.1645
861	5.25	516	1671	329	1484	0.258	0.1645
862	5.277777777777779	513	1679	321	1487	0.2565	0.1605
863	5.285714285714286	513	1680	320	1487	0.2565	0.16
864	5.3	512	1680	320	1488	0.256	0.16
865	5.333333333333333	509	1680	320	1491	0.2545	0.16
866	5.333333333333334	503	1685	315	1497	0.2515	0.1575
867	5.3571428571428585	503	1686	314	1497	0.2515	0.157
868	5.375	502	1686	314	1498	0.251	0.157
869	5.4	500	1686	314	1500	0.25	0.157
870	5.416666666666668	500	1690	310	1500	0.25	0.155
871	5.4375	500	1691	309	1500	0.25	0.1545
872	5.444444444444443	499	1691	309	1501	0.2495	0.1545
873	5.454545454545454	497	1691	309	1503	0.2485	0.1545
874	5.5	497	1692	308	1503	0.2485	0.154
875	5.523809523809526	489	1698	302	1511	0.2445	0.151
876	5.555555555555557	489	1699	301	1511	0.2445	0.1505
877	5.571428571428571	488	1699	301	1512	0.244	0.1505
878	5.571428571428572	486	1699	301	1514	0.243	0.1505
879	5.583333333333332	486	1700	300	1514	0.243	0.15
880	5.6	485	1700	300	1515	0.2425	0.15
881	5.6000000000000005	480	1702	298	1520	0.24	0.149
882	5.625	479	1702	298	1521	0.2395	0.149
883	5.666666666666668	477	1703	297	1523	0.2385	0.1485
884	5.7	473	1703	297	1527	0.2365	0.1485
885	5.7333333333333325	470	1703	297	1530	0.235	0.1485
886	5.749999999999999	469	1703	297	1531	0.2345	0.1485
887	5.750000000000001	468	1703	297	1532	0.234	0.1485
888	5.76	468	1704	296	1532	0.234	0.148
889	5.777777777777778	468	1705	295	1532	0.234	0.1475
890	5.8	467	1707	293	1533	0.2335	0.1465
891	5.8125	463	1708	292	1537	0.2315	0.146
892	5.833333333333332	463	1710	290	1537	0.2315	0.145
893	5.857142857142858	460	1710	290	1540	0.23	0.145
894	5.875	457	1710	290	1543	0.2285	0.145
895	5.88	455	1710	290	1545	0.2275	0.145
896	5.888888888888888	454	1710	290	1546	0.227	0.145
897	5.9	452	1710	290	1548	0.226	0.145
898	6.0	451	1710	290	1549	0.2255	0.145
899	6.041666666666668	434	1725	275	1566	0.217	0.1375
900	6.095238095238094	433	1725	275	1567	0.2165	0.1375
901	6.1	432	1726	274	1568	0.216	0.137
902	6.125	431	1726	274	1569	0.2155	0.137
903	6.166666666666668	429	1726	274	1571	0.2145	0.137
904	6.2	427	1727	273	1573	0.2135	0.1365
905	6.222222222222222	423	1732	268	1577	0.2115	0.134
906	6.25	418	1733	267	1582	0.209	0.1335
907	6.250000000000001	417	1736	264	1583	0.2085	0.132
908	6.2857142857142865	416	1736	264	1584	0.208	0.132
909	6.333333333333332	416	1737	263	1584	0.208	0.1315
910	6.375	413	1738	262	1587	0.2065	0.131
911	6.4	410	1738	262	1590	0.205	0.131
912	6.428571428571429	406	1741	259	1594	0.203	0.1295
913	6.444444444444442	404	1742	258	1596	0.202	0.129
914	6.4444444444444455	403	1742	258	1597	0.2015	0.129
915	6.5	402	1743	257	1598	0.201	0.1285
916	6.533333333333332	398	1746	254	1602	0.199	0.127
917	6.533333333333334	398	1747	253	1602	0.199	0.1265
918	6.545454545454546	396	1747	253	1604	0.198	0.1265
919	6.5625	396	1748	252	1604	0.198	0.126
920	6.571428571428571	396	1749	251	1604	0.198	0.1255
921	6.6	393	1749	251	1607	0.1965	0.1255
922	6.6000000000000005	391	1752	248	1609	0.1955	0.124
923	6.625	391	1753	247	1609	0.1955	0.1235
924	6.625000000000001	389	1753	247	1611	0.1945	0.1235
925	6.666666666666668	388	1753	247	1612	0.194	0.1235
926	6.7142857142857135	385	1755	245	1615	0.1925	0.1225
927	6.75	384	1755	245	1616	0.192	0.1225
928	6.8	378	1762	238	1622	0.189	0.119
929	6.833333333333332	376	1763	237	1624	0.188	0.1185
930	6.857142857142858	375	1763	237	1625	0.1875	0.1185
931	6.875	374	1763	237	1626	0.187	0.1185
932	6.888888888888888	373	1763	237	1627	0.1865	0.1185
933	6.999999999999999	371	1768	232	1629	0.1855	0.116
934	7.0	371	1769	231	1629	0.1855	0.1155
935	7.000000000000001	362	1774	226	1638	0.181	0.113
936	7.1111111111111125	362	1778	222	1638	0.181	0.111
937	7.125	360	1778	222	1640	0.18	0.111
938	7.142857142857142	358	1780	220	1642	0.179	0.11
939	7.1999999999999975	357	1781	219	1643	0.1785	0.1095
940	7.2	356	1782	218	1644	0.178	0.109
941	7.222222222222222	355	1784	216	1645	0.1775	0.108
942	7.25	354	1784	216	1646	0.177	0.108
943	7.2857142857142865	352	1785	215	1648	0.176	0.1075
944	7.291666666666668	351	1785	215	1649	0.1755	0.1075
945	7.333333333333332	350	1785	215	1650	0.175	0.1075
946	7.375	347	1786	214	1653	0.1735	0.107
947	7.428571428571429	346	1786	214	1654	0.173	0.107
948	7.466666666666666	344	1786	214	1656	0.172	0.107
949	7.466666666666668	343	1786	214	1657	0.1715	0.107
950	7.5	342	1786	214	1658	0.171	0.107
951	7.555555555555554	336	1791	209	1664	0.168	0.1045
952	7.571428571428571	335	1791	209	1665	0.1675	0.1045
953	7.636363636363638	334	1791	209	1666	0.167	0.1045
954	7.666666666666668	333	1791	209	1667	0.1665	0.1045
955	7.68	330	1793	207	1670	0.165	0.1035
956	7.6875	329	1793	207	1671	0.1645	0.1035
957	7.75	327	1793	207	1673	0.1635	0.1035
958	7.777777777777778	326	1796	204	1674	0.163	0.102
959	7.8	325	1796	204	1675	0.1625	0.102
960	7.800000000000002	324	1796	204	1676	0.162	0.102
961	7.833333333333332	324	1798	202	1676	0.162	0.101
962	7.875	322	1798	202	1678	0.161	0.101
963	8.0	321	1799	201	1679	0.1605	0.1005
964	8.0625	311	1806	194	1689	0.1555	0.097
965	8.100000000000001	310	1806	194	1690	0.155	0.097
966	8.166666666666666	310	1807	193	1690	0.155	0.0965
967	8.166666666666668	308	1807	193	1692	0.154	0.0965
968	8.2	307	1807	193	1693	0.1535	0.0965
969	8.25	306	1807	193	1694	0.153	0.0965
970	8.285714285714286	303	1809	191	1697	0.1515	0.0955
971	8.333333333333334	301	1811	189	1699	0.1505	0.0945
972	8.4	296	1813	187	1704	0.148	0.0935
973	8.428571428571429	295	1814	186	1705	0.1475	0.093
974	8.4375	293	1814	186	1707	0.1465	0.093
975	8.444444444444445	292	1814	186	1708	0.146	0.093
976	8.5	291	1814	186	1709	0.1455	0.093
977	8.500000000000002	287	1818	182	1713	0.1435	0.091
978	8.533333333333333	286	1819	181	1714	0.143	0.0905
979	8.545454545454545	286	1821	179	1714	0.143	0.0895
980	8.549999999999999	285	1821	179	1715	0.1425	0.0895
981	8.571428571428571	284	1821	179	1716	0.142	0.0895
982	8.6	283	1821	179	1717	0.1415	0.0895
983	8.625	282	1821	179	1718	0.141	0.0895
984	8.666666666666666	281	1822	178	1719	0.1405	0.089
985	8.700000000000001	274	1824	176	1726	0.137	0.088
986	8.727272727272727	273	1824	176	1727	0.1365	0.088
987	8.75	273	1825	175	1727	0.1365	0.0875
988	8.799999999999997	271	1825	175	1729	0.1355	0.0875
989	8.8	271	1826	174	1729	0.1355	0.087
990	8.833333333333334	269	1826	174	1731	0.1345	0.087
991	8.857142857142858	265	1826	174	1735	0.1325	0.087
992	8.90625	265	1827	173	1735	0.1325	0.0865
993	9.0	264	1827	173	1736	0.132	0.0865
994	9.142857142857142	256	1837	163	1744	0.128	0.0815
995	9.166666666666666	256	1838	162	1744	0.128	0.081
996	9.166666666666668	252	1838	162	1748	0.126	0.081
997	9.2	252	1839	161	1748	0.126	0.0805
998	9.25	251	1839	161	1749	0.1255	0.0805
999	9.25925925925926	250	1839	161	1750	0.125	0.0805
1000	9.3	249	1839	161	1751	0.1245	0.0805
1001	9.333333333333334	249	1840	160	1751	0.1245	0.08
1002	9.4	244	1844	156	1756	0.122	0.078
1003	9.428571428571429	242	1844	156	1758	0.121	0.078
1004	9.5	241	1846	154	1759	0.1205	0.077
1005	9.523809523809524	237	1848	152	1763	0.1185	0.076
1006	9.527777777777775	236	1848	152	1764	0.118	0.076
1007	9.6	235	1848	152	1765	0.1175	0.076
1008	9.666666666666666	233	1850	150	1767	0.1165	0.075
1009	9.666666666666668	231	1856	144	1769	0.1155	0.072
1010	9.75	230	1856	144	1770	0.115	0.072
1011	9.8	230	1859	141	1770	0.115	0.0705
1012	9.81818181818182	229	1859	141	1771	0.1145	0.0705
1013	9.857142857142858	229	1860	140	1771	0.1145	0.07
1014	9.9	229	1861	139	1771	0.1145	0.0695
1015	10.0	229	1862	138	1771	0.1145	0.069
1016	10.000000000000002	222	1869	131	1778	0.111	0.0655
1017	10.2	221	1869	131	1779	0.1105	0.0655
1018	10.222222222222225	221	1870	130	1779	0.1105	0.065
1019	10.333333333333334	220	1870	130	1780	0.11	0.065
1020	10.4	219	1874	126	1781	0.1095	0.063
1021	10.416666666666668	216	1875	125	1784	0.108	0.0625
1022	10.444444444444443	214	1875	125	1786	0.107	0.0625
1023	10.5	213	1875	125	1787	0.1065	0.0625
1024	10.714285714285717	213	1876	124	1787	0.1065	0.062
1025	10.8	213	1877	123	1787	0.1065	0.0615
1026	10.875	210	1877	123	1790	0.105	0.0615
1027	11.0	210	1878	122	1790	0.105	0.061
1028	11.111111111111107	206	1882	118	1794	0.103	0.059
1029	11.142857142857144	205	1882	118	1795	0.1025	0.059
1030	11.2	203	1882	118	1797	0.1015	0.059
1031	11.25	201	1882	118	1799	0.1005	0.059
1032	11.333333333333336	200	1882	118	1800	0.1	0.059
1033	11.4	199	1884	116	1801	0.0995	0.058
1034	11.4375	199	1885	115	1801	0.0995	0.0575
1035	11.555555555555555	198	1885	115	1802	0.099	0.0575
1036	11.571428571428573	197	1887	113	1803	0.0985	0.0565
1037	11.6	197	1888	112	1803	0.0985	0.056
1038	11.625	196	1890	110	1804	0.098	0.055
1039	11.666666666666664	195	1891	109	1805	0.0975	0.0545
1040	11.666666666666668	192	1892	108	1808	0.096	0.054
1041	11.75	191	1893	107	1809	0.0955	0.0535
1042	11.8	190	1893	107	1810	0.095	0.0535
1043	12.0	189	1893	107	1811	0.0945	0.0535
1044	12.25	180	1898	102	1820	0.09	0.051
1045	12.4	178	1898	102	1822	0.089	0.051
1046	12.5	177	1898	102	1823	0.0885	0.051
1047	12.500000000000002	175	1899	101	1825	0.0875	0.0505
1048	12.6	174	1900	100	1826	0.087	0.05
1049	12.666666666666664	174	1901	99	1826	0.087	0.0495
1050	12.666666666666668	172	1901	99	1828	0.086	0.0495
1051	12.75	171	1901	99	1829	0.0855	0.0495
1052	12.8	168	1902	98	1832	0.084	0.049
1053	12.857142857142858	167	1902	98	1833	0.0835	0.049
1054	13.0	165	1904	96	1835	0.0825	0.048
1055	13.125	164	1909	91	1836	0.082	0.0455
1056	13.142857142857142	164	1910	90	1836	0.082	0.045
1057	13.2	163	1910	90	1837	0.0815	0.045
1058	13.25	162	1911	89	1838	0.081	0.0445
1059	13.250000000000002	159	1911	89	1841	0.0795	0.0445
1060	13.333333333333332	157	1911	89	1843	0.0785	0.0445
1061	13.5	157	1912	88	1843	0.0785	0.044
1062	13.6	155	1914	86	1845	0.0775	0.043
1063	13.666666666666664	154	1915	85	1846	0.077	0.0425
1064	13.75	151	1915	85	1849	0.0755	0.0425
1065	13.777777777777779	150	1915	85	1850	0.075	0.0425
1066	13.999999999999998	150	1916	84	1850	0.075	0.042
1067	14.0	150	1917	83	1850	0.075	0.0415
1068	14.000000000000002	148	1922	78	1852	0.074	0.039
1069	14.285714285714285	148	1923	77	1852	0.074	0.0385
1070	14.333333333333336	147	1923	77	1853	0.0735	0.0385
1071	14.4	146	1923	77	1854	0.073	0.0385
1072	14.454545454545455	145	1924	76	1855	0.0725	0.038
1073	14.5	144	1924	76	1856	0.072	0.038
1074	14.583333333333332	142	1925	75	1858	0.071	0.0375
1075	14.625	142	1926	74	1858	0.071	0.037
1076	14.666666666666664	141	1926	74	1859	0.0705	0.037
1077	14.666666666666668	140	1926	74	1860	0.07	0.037
1078	14.7	140	1927	73	1860	0.07	0.0365
1079	14.857142857142858	139	1927	73	1861	0.0695	0.0365
1080	15.0	138	1927	73	1862	0.069	0.0365
1081	15.333333333333336	134	1930	70	1866	0.067	0.035
1082	15.5	132	1930	70	1868	0.066	0.035
1083	15.6	132	1932	68	1868	0.066	0.034
1084	15.625	132	1933	67	1868	0.066	0.0335
1085	15.666666666666664	132	1934	66	1868	0.066	0.033
1086	15.714285714285715	129	1934	66	1871	0.0645	0.033
1087	15.75	128	1934	66	1872	0.064	0.033
1088	15.9	127	1935	65	1873	0.0635	0.0325
1089	16.0	126	1935	65	1874	0.063	0.0325
1090	16.200000000000006	123	1939	61	1877	0.0615	0.0305
1091	16.285714285714285	122	1939	61	1878	0.061	0.0305
1092	16.333333333333332	121	1939	61	1879	0.0605	0.0305
1093	16.5	119	1939	61	1881	0.0595	0.0305
1094	16.571428571428573	117	1940	60	1883	0.0585	0.03
1095	16.666666666666668	116	1940	60	1884	0.058	0.03
1096	16.714285714285715	112	1941	59	1888	0.056	0.0295
1097	16.75	111	1941	59	1889	0.0555	0.0295
1098	16.8	110	1941	59	1890	0.055	0.0295
1099	16.857142857142858	109	1943	57	1891	0.0545	0.0285
1100	16.875	108	1943	57	1892	0.054	0.0285
1101	17.0	108	1945	55	1892	0.054	0.0275
1102	17.000000000000004	105	1946	54	1895	0.0525	0.027
1103	17.142857142857142	105	1948	52	1895	0.0525	0.026
1104	17.2	104	1948	52	1896	0.052	0.026
1105	17.222222222222225	103	1948	52	1897	0.0515	0.026
1106	17.25	103	1949	51	1897	0.0515	0.0255
1107	17.333333333333332	102	1949	51	1898	0.051	0.0255
1108	17.5	98	1949	51	1902	0.049	0.0255
1109	17.666666666666668	97	1950	50	1903	0.0485	0.025
1110	17.777777777777782	96	1950	50	1904	0.048	0.025
1111	18.0	95	1951	49	1905	0.0475	0.0245
1112	18.3	87	1952	48	1913	0.0435	0.024
1113	18.33333333333333	86	1952	48	1914	0.043	0.024
1114	18.375	85	1952	48	1915	0.0425	0.024
1115	18.4	84	1952	48	1916	0.042	0.024
1116	18.5	83	1952	48	1917	0.0415	0.024
1117	18.500000000000004	83	1953	47	1917	0.0415	0.0235
1118	18.666666666666668	83	1954	46	1917	0.0415	0.023
1119	18.75	82	1956	44	1918	0.041	0.022
1120	18.8	81	1956	44	1919	0.0405	0.022
1121	18.88888888888889	79	1956	44	1921	0.0395	0.022
1122	19.0	79	1957	43	1921	0.0395	0.0215
1123	19.11111111111111	77	1958	42	1923	0.0385	0.021
1124	19.166666666666668	76	1958	42	1924	0.038	0.021
1125	19.2	75	1958	42	1925	0.0375	0.021
1126	19.200000000000006	73	1958	42	1927	0.0365	0.021
1127	19.33333333333333	73	1959	41	1927	0.0365	0.0205
1128	19.375	73	1960	40	1927	0.0365	0.02
1129	19.6	73	1961	39	1927	0.0365	0.0195
1130	19.8	72	1961	39	1928	0.036	0.0195
1131	20.0	71	1961	39	1929	0.0355	0.0195
1132	20.25	66	1961	39	1934	0.033	0.0195
1133	20.33333333333333	65	1962	38	1935	0.0325	0.019
1134	20.4	64	1962	38	1936	0.032	0.019
1135	20.5	63	1963	37	1937	0.0315	0.0185
1136	20.625	62	1963	37	1938	0.031	0.0185
1137	20.666666666666668	62	1964	36	1938	0.031	0.018
1138	21.0	62	1965	35	1938	0.031	0.0175
1139	21.2	58	1966	34	1942	0.029	0.017
1140	21.33333333333333	57	1966	34	1943	0.0285	0.017
1141	21.6	56	1966	34	1944	0.028	0.017
1142	21.75	55	1966	34	1945	0.0275	0.017
1143	22.0	55	1967	33	1945	0.0275	0.0165
1144	22.285714285714285	53	1969	31	1947	0.0265	0.0155
1145	22.5	52	1969	31	1948	0.026	0.0155
1146	23.0	51	1970	30	1949	0.0255	0.015
1147	23.142857142857146	50	1970	30	1950	0.025	0.015
1148	23.2	49	1970	30	1951	0.0245	0.015
1149	23.33333333333333	48	1970	30	1952	0.024	0.015
1150	23.333333333333336	47	1970	30	1953	0.0235	0.015
1151	23.5	47	1971	29	1953	0.0235	0.0145
1152	24.0	45	1971	29	1955	0.0225	0.0145
1153	24.44444444444445	43	1973	27	1957	0.0215	0.0135
1154	24.5	42	1973	27	1958	0.021	0.0135
1155	24.75	40	1973	27	1960	0.02	0.0135
1156	24.8	40	1974	26	1960	0.02	0.013
1157	25.0	40	1975	25	1960	0.02	0.0125
1158	25.000000000000004	39	1975	25	1961	0.0195	0.0125
1159	25.20000000000001	39	1976	24	1961	0.0195	0.012
1160	25.6	38	1976	24	1962	0.019	0.012
1161	25.83333333333333	37	1977	23	1963	0.0185	0.0115
1162	26.0	37	1978	22	1963	0.0185	0.011
1163	26.25	34	1979	21	1966	0.017	0.0105
1164	26.4	34	1980	20	1966	0.017	0.01
1165	26.66666666666667	33	1980	20	1967	0.0165	0.01
1166	27.0	32	1980	20	1968	0.016	0.01
1167	27.33333333333333	28	1981	19	1972	0.014	0.0095
1168	27.5	28	1982	18	1972	0.014	0.009
1169	28.0	27	1982	18	1973	0.0135	0.009
1170	28.000000000000004	25	1983	17	1975	0.0125	0.0085
1171	28.8	24	1984	16	1976	0.012	0.008
1172	29.500000000000004	23	1984	16	1977	0.0115	0.008
1173	30.285714285714285	22	1984	16	1978	0.011	0.008
1174	30.75	21	1984	16	1979	0.0105	0.008
1175	30.83333333333333	20	1984	16	1980	0.01	0.008
1176	31.0	20	1985	15	1980	0.01	0.0075
1177	33.333333333333336	20	1987	13	1980	0.01	0.0065
1178	34.0	20	1988	12	1980	0.01	0.006
1179	34.00000000000001	20	1989	11	1980	0.01	0.0055
1180	34.5	20	1990	10	1980	0.01	0.005
1181	34.666666666666664	19	1990	10	1981	0.0095	0.005
1182	35.0	18	1990	10	1982	0.009	0.005
1183	35.333333333333336	18	1991	9	1982	0.009	0.0045
1184	36.0	17	1991	9	1983	0.0085	0.0045
1185	38.0	17	1992	8	1983	0.0085	0.004
1186	38.40000000000001	17	1993	7	1983	0.0085	0.0035
1187	38.75	16	1993	7	1984	0.008	0.0035
1188	40.5	16	1994	6	1984	0.008	0.003
1189	41.25	16	1995	5	1984	0.008	0.0025
1190	42.0	16	1996	4	1984	0.008	0.002
1191	43.5	15	1996	4	1985	0.0075	0.002
1192	44.0	14	1996	4	1986	0.007	0.002
1193	45.0	13	1996	4	1987	0.0065	0.002
1194	48.0	12	1996	4	1988	0.006	0.002
1195	49.0	12	1997	3	1988	0.006	0.0015
1196	50.99999999999999	11	1997	3	1989	0.0055	0.0015
1197	51.0	10	1997	3	1990	0.005	0.0015
1198	54.0	9	1999	1	1991	0.0045	0.0005
1199	55.0	8	1999	1	1992	0.004	0.0005
1200	56.0	6	2000	0	1994	0.003	0.0
1201	64.0	5	2000	0	1995	0.0025	0.0
1202	65.0	4	2000	0	1996	0.002	0.0
1203	74.0	3	2000	0	1997	0.0015	0.0
1204	79.5	2	2000	0	1998	0.001	0.0
1205	102.0	1	2000	0	1999	0.0005	0.0
