	ThScore	TP	TN	FP	FN	TPR	FPR
0	0.02	2000	0	2000	0	1.0	1.0
1	0.02564102564102564	2000	2	1998	0	1.0	0.999
2	0.027777777777777776	2000	3	1997	0	1.0	0.9985
3	0.03125	2000	4	1996	0	1.0	0.998
4	0.031746031746031744	2000	6	1994	0	1.0	0.997
5	0.03333333333333333	2000	7	1993	0	1.0	0.9965
6	0.03571428571428571	2000	10	1990	0	1.0	0.995
7	0.03636363636363637	2000	12	1988	0	1.0	0.994
8	0.037037037037037035	2000	13	1987	0	1.0	0.9935
9	0.04	2000	14	1986	0	1.0	0.993
10	0.040816326530612235	2000	17	1983	0	1.0	0.9915
11	0.04166666666666666	2000	19	1981	0	1.0	0.9905
12	0.04444444444444445	2000	26	1974	0	1.0	0.987
13	0.047619047619047616	2000	28	1972	0	1.0	0.986
14	0.05	2000	31	1969	0	1.0	0.9845
15	0.05357142857142857	2000	38	1962	0	1.0	0.981
16	0.054545454545454536	2000	39	1961	0	1.0	0.9805
17	0.05555555555555555	2000	40	1960	0	1.0	0.98
18	0.05714285714285715	2000	44	1956	0	1.0	0.978
19	0.06	2000	49	1951	0	1.0	0.9755
20	0.0625	2000	50	1950	0	1.0	0.975
21	0.06349206349206349	2000	60	1940	0	1.0	0.97
22	0.06666666666666668	2000	61	1939	0	1.0	0.9695
23	0.06818181818181818	2000	76	1924	0	1.0	0.962
24	0.06818181818181819	2000	77	1923	0	1.0	0.9615
25	0.07142857142857142	2000	78	1922	0	1.0	0.961
26	0.07407407407407407	2000	88	1912	0	1.0	0.956
27	0.075	2000	92	1908	0	1.0	0.954
28	0.07500000000000001	2000	95	1905	0	1.0	0.9525
29	0.08	2000	98	1902	0	1.0	0.951
30	0.08333333333333333	2000	104	1896	0	1.0	0.948
31	0.08571428571428573	2000	127	1873	0	1.0	0.9365
32	0.08888888888888889	2000	130	1870	0	1.0	0.935
33	0.09090909090909093	2000	132	1868	0	1.0	0.934
34	0.09375	2000	136	1864	0	1.0	0.932
35	0.09523809523809523	2000	138	1862	0	1.0	0.931
36	0.1	2000	145	1855	0	1.0	0.9275
37	0.10389610389610388	2000	171	1829	0	1.0	0.9145
38	0.10714285714285714	2000	172	1828	0	1.0	0.914
39	0.1111111111111111	2000	175	1825	0	1.0	0.9125
40	0.11111111111111112	2000	206	1794	0	1.0	0.897
41	0.1142857142857143	2000	207	1793	0	1.0	0.8965
42	0.12	2000	210	1790	0	1.0	0.895
43	0.125	2000	213	1787	0	1.0	0.8935
44	0.13333333333333333	2000	252	1748	0	1.0	0.874
45	0.1388888888888889	2000	269	1731	0	1.0	0.8655
46	0.14285714285714285	2000	270	1730	0	1.0	0.865
47	0.14814814814814814	2000	294	1706	0	1.0	0.853
48	0.15	2000	300	1700	0	1.0	0.85
49	0.1515151515151515	2000	314	1686	0	1.0	0.843
50	0.15625	2000	315	1685	0	1.0	0.8425
51	0.16	2000	317	1683	0	1.0	0.8415
52	0.16071428571428573	2000	319	1681	0	1.0	0.8405
53	0.16666666666666666	2000	320	1680	0	1.0	0.84
54	0.16666666666666669	2000	365	1635	0	1.0	0.8175
55	0.1714285714285714	2000	370	1630	0	1.0	0.815
56	0.17142857142857146	2000	371	1629	0	1.0	0.8145
57	0.17857142857142858	2000	373	1627	0	1.0	0.8135
58	0.18181818181818185	1999	373	1627	1	0.9995	0.8135
59	0.1851851851851852	1999	374	1626	1	0.9995	0.813
60	0.1875	1999	375	1625	1	0.9995	0.8125
61	0.19047619047619047	1999	393	1607	1	0.9995	0.8035
62	0.1944444444444444	1999	408	1592	1	0.9995	0.796
63	0.19444444444444445	1999	409	1591	1	0.9995	0.7955
64	0.2	1999	410	1590	1	0.9995	0.795
65	0.20512820512820512	1999	465	1535	1	0.9995	0.7675
66	0.2083333333333333	1999	466	1534	1	0.9995	0.767
67	0.21428571428571427	1999	474	1526	1	0.9995	0.763
68	0.21875	1999	482	1518	1	0.9995	0.759
69	0.2222222222222222	1999	483	1517	1	0.9995	0.7585
70	0.225	1999	512	1488	1	0.9995	0.744
71	0.2272727272727273	1999	513	1487	1	0.9995	0.7435
72	0.2285714285714285	1999	514	1486	1	0.9995	0.743
73	0.2285714285714286	1999	515	1485	1	0.9995	0.7425
74	0.2380952380952381	1999	516	1484	1	0.9995	0.742
75	0.24	1999	524	1476	1	0.9995	0.738
76	0.25	1999	528	1472	1	0.9995	0.736
77	0.2571428571428571	1999	603	1397	1	0.9995	0.6985
78	0.25925925925925924	1999	604	1396	1	0.9995	0.698
79	0.2647058823529412	1999	605	1395	1	0.9995	0.6975
80	0.26666666666666666	1998	605	1395	2	0.999	0.6975
81	0.2714285714285714	1998	622	1378	2	0.999	0.689
82	0.27142857142857146	1997	622	1378	3	0.9985	0.689
83	0.2727272727272728	1996	622	1378	4	0.998	0.689
84	0.27472527472527475	1996	624	1376	4	0.998	0.688
85	0.2777777777777778	1995	624	1376	5	0.9975	0.688
86	0.28	1995	634	1366	5	0.9975	0.683
87	0.28125	1995	635	1365	5	0.9975	0.6825
88	0.2857142857142857	1995	637	1363	5	0.9975	0.6815
89	0.2916666666666667	1995	659	1341	5	0.9975	0.6705
90	0.2962962962962963	1995	661	1339	5	0.9975	0.6695
91	0.3	1995	664	1336	5	0.9975	0.668
92	0.30000000000000004	1995	690	1310	5	0.9975	0.655
93	0.3125	1995	695	1305	5	0.9975	0.6525
94	0.3194444444444444	1995	702	1298	5	0.9975	0.649
95	0.32	1994	702	1298	6	0.997	0.649
96	0.3214285714285714	1994	703	1297	6	0.997	0.6485
97	0.3333333333333333	1994	704	1296	6	0.997	0.648
98	0.33333333333333337	1993	789	1211	7	0.9965	0.6055
99	0.3409090909090909	1993	792	1208	7	0.9965	0.604
100	0.3428571428571429	1992	792	1208	8	0.996	0.604
101	0.3461538461538461	1992	793	1207	8	0.996	0.6035
102	0.3484848484848485	1991	793	1207	9	0.9955	0.6035
103	0.35	1990	793	1207	10	0.995	0.6035
104	0.35714285714285715	1990	794	1206	10	0.995	0.603
105	0.36	1990	798	1202	10	0.995	0.601
106	0.3636363636363637	1990	799	1201	10	0.995	0.6005
107	0.3703703703703704	1990	803	1197	10	0.995	0.5985
108	0.375	1989	803	1197	11	0.9945	0.5985
109	0.3809523809523809	1989	843	1157	11	0.9945	0.5785
110	0.38333333333333336	1989	850	1150	11	0.9945	0.575
111	0.38461538461538464	1988	850	1150	12	0.994	0.575
112	0.3888888888888888	1987	850	1150	13	0.9935	0.575
113	0.3888888888888889	1987	851	1149	13	0.9935	0.5745
114	0.3958333333333333	1986	853	1147	14	0.993	0.5735
115	0.4	1985	853	1147	15	0.9925	0.5735
116	0.40384615384615385	1985	900	1100	15	0.9925	0.55
117	0.4047619047619048	1984	900	1100	16	0.992	0.55
118	0.4166666666666666	1983	900	1100	17	0.9915	0.55
119	0.4166666666666667	1983	904	1096	17	0.9915	0.548
120	0.4222222222222222	1982	922	1078	18	0.991	0.539
121	0.425	1981	922	1078	19	0.9905	0.539
122	0.42857142857142855	1980	922	1078	20	0.99	0.539
123	0.4285714285714286	1978	944	1056	22	0.989	0.528
124	0.4307692307692307	1977	945	1055	23	0.9885	0.5275
125	0.4375	1976	945	1055	24	0.988	0.5275
126	0.4444444444444444	1974	948	1052	26	0.987	0.526
127	0.4444444444444445	1974	971	1029	26	0.987	0.5145
128	0.44642857142857145	1974	972	1028	26	0.987	0.514
129	0.45	1973	972	1028	27	0.9865	0.514
130	0.4545454545454546	1972	974	1026	28	0.986	0.513
131	0.4583333333333333	1972	975	1025	28	0.986	0.5125
132	0.46	1971	975	1025	29	0.9855	0.5125
133	0.4642857142857143	1969	975	1025	31	0.9845	0.5125
134	0.4761904761904762	1968	975	1025	32	0.984	0.5125
135	0.48	1968	977	1023	32	0.984	0.5115
136	0.4821428571428572	1967	980	1020	33	0.9835	0.51
137	0.4848484848484848	1966	980	1020	34	0.983	0.51
138	0.4848484848484849	1964	980	1020	36	0.982	0.51
139	0.4857142857142857	1963	980	1020	37	0.9815	0.51
140	0.4871794871794872	1962	980	1020	38	0.981	0.51
141	0.4897959183673469	1961	980	1020	39	0.9805	0.51
142	0.5	1959	980	1020	41	0.9795	0.51
143	0.5111111111111111	1953	1068	932	47	0.9765	0.466
144	0.5151515151515151	1952	1068	932	48	0.976	0.466
145	0.5178571428571429	1951	1068	932	49	0.9755	0.466
146	0.5185185185185186	1950	1068	932	50	0.975	0.466
147	0.5192307692307693	1949	1068	932	51	0.9745	0.466
148	0.5208333333333334	1948	1068	932	52	0.974	0.466
149	0.5238095238095238	1946	1068	932	54	0.973	0.466
150	0.5277777777777778	1945	1068	932	55	0.9725	0.466
151	0.5333333333333333	1944	1068	932	56	0.972	0.466
152	0.5384615384615384	1944	1076	924	56	0.972	0.462
153	0.5454545454545455	1943	1076	924	57	0.9715	0.462
154	0.5476190476190476	1943	1078	922	57	0.9715	0.461
155	0.5510204081632654	1942	1078	922	58	0.971	0.461
156	0.5555555555555556	1941	1078	922	59	0.9705	0.461
157	0.5625	1938	1082	918	62	0.969	0.459
158	0.5681818181818182	1938	1085	915	62	0.969	0.4575
159	0.5714285714285714	1937	1085	915	63	0.9685	0.4575
160	0.575	1934	1099	901	66	0.967	0.4505
161	0.5833333333333334	1932	1099	901	68	0.966	0.4505
162	0.5925925925925926	1928	1102	898	72	0.964	0.449
163	0.59375	1928	1103	897	72	0.964	0.4485
164	0.5952380952380952	1927	1103	897	73	0.9635	0.4485
165	0.6	1926	1103	897	74	0.963	0.4485
166	0.6000000000000001	1923	1136	864	77	0.9615	0.432
167	0.6041666666666666	1923	1139	861	77	0.9615	0.4305
168	0.6111111111111112	1922	1139	861	78	0.961	0.4305
169	0.6122448979591837	1920	1139	861	80	0.96	0.4305
170	0.6190476190476191	1919	1139	861	81	0.9595	0.4305
171	0.625	1918	1139	861	82	0.959	0.4305
172	0.6250000000000001	1915	1158	842	85	0.9575	0.421
173	0.6285714285714286	1915	1159	841	85	0.9575	0.4205
174	0.6285714285714287	1914	1159	841	86	0.957	0.4205
175	0.6363636363636364	1913	1159	841	87	0.9565	0.4205
176	0.6388888888888888	1912	1159	841	88	0.956	0.4205
177	0.64	1909	1159	841	91	0.9545	0.4205
178	0.6428571428571428	1908	1160	840	92	0.954	0.42
179	0.6428571428571429	1908	1163	837	92	0.954	0.4185
180	0.6458333333333334	1906	1164	836	94	0.953	0.418
181	0.65	1905	1164	836	95	0.9525	0.418
182	0.6538461538461539	1901	1164	836	99	0.9505	0.418
183	0.6666666666666666	1900	1164	836	100	0.95	0.418
184	0.6666666666666667	1898	1239	761	102	0.949	0.3805
185	0.675	1895	1240	760	105	0.9475	0.38
186	0.6799999999999999	1894	1240	760	106	0.947	0.38
187	0.6818181818181818	1893	1240	760	107	0.9465	0.38
188	0.6857142857142857	1890	1240	760	110	0.945	0.38
189	0.6904761904761906	1890	1241	759	110	0.945	0.3795
190	0.6923076923076923	1889	1241	759	111	0.9445	0.3795
191	0.6944444444444444	1887	1241	759	113	0.9435	0.3795
192	0.6944444444444445	1886	1241	759	114	0.943	0.3795
193	0.7	1884	1241	759	116	0.942	0.3795
194	0.7000000000000001	1882	1242	758	118	0.941	0.379
195	0.7142857142857143	1882	1244	756	118	0.941	0.378
196	0.7222222222222222	1880	1251	749	120	0.94	0.3745
197	0.725	1879	1251	749	121	0.9395	0.3745
198	0.7272727272727273	1878	1251	749	122	0.939	0.3745
199	0.7333333333333333	1878	1252	748	122	0.939	0.374
200	0.7333333333333334	1875	1252	748	125	0.9375	0.374
201	0.7380952380952381	1873	1252	748	127	0.9365	0.374
202	0.7428571428571429	1871	1252	748	129	0.9355	0.374
203	0.7499999999999999	1869	1252	748	131	0.9345	0.374
204	0.75	1869	1253	747	131	0.9345	0.3735
205	0.7619047619047619	1858	1306	694	142	0.929	0.347
206	0.7666666666666666	1857	1307	693	143	0.9285	0.3465
207	0.7666666666666667	1856	1307	693	144	0.928	0.3465
208	0.7714285714285715	1854	1307	693	146	0.927	0.3465
209	0.7777777777777778	1850	1307	693	150	0.925	0.3465
210	0.78125	1844	1310	690	156	0.922	0.345
211	0.7857142857142857	1841	1310	690	159	0.9205	0.345
212	0.7916666666666666	1839	1310	690	161	0.9195	0.345
213	0.7999999999999999	1836	1310	690	164	0.918	0.345
214	0.8	1836	1313	687	164	0.918	0.3435
215	0.8055555555555556	1833	1338	662	167	0.9165	0.331
216	0.8095238095238095	1831	1338	662	169	0.9155	0.331
217	0.8125	1829	1338	662	171	0.9145	0.331
218	0.8148148148148148	1827	1338	662	173	0.9135	0.331
219	0.8181818181818182	1825	1338	662	175	0.9125	0.331
220	0.8205128205128205	1825	1339	661	175	0.9125	0.3305
221	0.8214285714285714	1824	1339	661	176	0.912	0.3305
222	0.825	1823	1339	661	177	0.9115	0.3305
223	0.8285714285714286	1822	1339	661	178	0.911	0.3305
224	0.8333333333333333	1821	1339	661	179	0.9105	0.3305
225	0.8333333333333334	1821	1341	659	179	0.9105	0.3295
226	0.8484848484848485	1815	1363	637	185	0.9075	0.3185
227	0.8518518518518519	1814	1363	637	186	0.907	0.3185
228	0.8571428571428571	1813	1363	637	187	0.9065	0.3185
229	0.8611111111111112	1808	1379	621	192	0.904	0.3105
230	0.8636363636363636	1807	1379	621	193	0.9035	0.3105
231	0.8666666666666666	1806	1379	621	194	0.903	0.3105
232	0.8666666666666667	1805	1379	621	195	0.9025	0.3105
233	0.875	1804	1379	621	196	0.902	0.3105
234	0.8800000000000001	1801	1379	621	199	0.9005	0.3105
235	0.8846153846153846	1799	1379	621	201	0.8995	0.3105
236	0.8857142857142858	1797	1379	621	203	0.8985	0.3105
237	0.8888888888888888	1794	1379	621	206	0.897	0.3105
238	0.8928571428571429	1791	1394	606	209	0.8955	0.303
239	0.8999999999999999	1790	1394	606	210	0.895	0.303
240	0.9	1790	1397	603	210	0.895	0.3015
241	0.9090909090909092	1784	1398	602	216	0.892	0.301
242	0.9166666666666666	1783	1401	599	217	0.8915	0.2995
243	0.9206349206349208	1782	1401	599	218	0.891	0.2995
244	0.9230769230769232	1781	1401	599	219	0.8905	0.2995
245	0.9259259259259259	1781	1402	598	219	0.8905	0.299
246	0.9285714285714286	1778	1402	598	222	0.889	0.299
247	0.9333333333333332	1774	1402	598	226	0.887	0.299
248	0.9375	1773	1402	598	227	0.8865	0.299
249	0.9393939393939394	1772	1405	595	228	0.886	0.2975
250	0.9428571428571428	1771	1405	595	229	0.8855	0.2975
251	0.9523809523809524	1770	1405	595	230	0.885	0.2975
252	0.9583333333333334	1769	1406	594	231	0.8845	0.297
253	0.9642857142857144	1764	1406	594	236	0.882	0.297
254	0.96875	1761	1406	594	239	0.8805	0.297
255	0.9696969696969696	1760	1406	594	240	0.88	0.297
256	0.9714285714285712	1759	1406	594	241	0.8795	0.297
257	1.0	1758	1406	594	242	0.879	0.297
258	1.022222222222222	1739	1494	506	261	0.8695	0.253
259	1.0357142857142858	1738	1494	506	262	0.869	0.253
260	1.037037037037037	1735	1494	506	265	0.8675	0.253
261	1.0370370370370372	1735	1495	505	265	0.8675	0.2525
262	1.04	1734	1495	505	266	0.867	0.2525
263	1.0416666666666667	1733	1495	505	267	0.8665	0.2525
264	1.0476190476190477	1727	1497	503	273	0.8635	0.2515
265	1.05	1726	1497	503	274	0.863	0.2515
266	1.0555555555555556	1724	1497	503	276	0.862	0.2515
267	1.0625	1722	1497	503	278	0.861	0.2515
268	1.0666666666666669	1720	1497	503	280	0.86	0.2515
269	1.0714285714285714	1717	1498	502	283	0.8585	0.251
270	1.074074074074074	1717	1500	500	283	0.8585	0.25
271	1.0833333333333333	1716	1500	500	284	0.858	0.25
272	1.0909090909090908	1712	1500	500	288	0.856	0.25
273	1.09375	1712	1501	499	288	0.856	0.2495
274	1.0952380952380951	1711	1501	499	289	0.8555	0.2495
275	1.1	1708	1501	499	292	0.854	0.2495
276	1.1111111111111112	1702	1501	499	298	0.851	0.2495
277	1.125	1701	1510	490	299	0.8505	0.245
278	1.1333333333333333	1696	1521	479	304	0.848	0.2395
279	1.1363636363636365	1694	1521	479	306	0.847	0.2395
280	1.1428571428571428	1693	1521	479	307	0.8465	0.2395
281	1.15	1684	1529	471	316	0.842	0.2355
282	1.15625	1677	1529	471	323	0.8385	0.2355
283	1.1666666666666667	1676	1529	471	324	0.838	0.2355
284	1.1875	1664	1533	467	336	0.832	0.2335
285	1.2	1662	1533	467	338	0.831	0.2335
286	1.2000000000000002	1653	1551	449	347	0.8265	0.2245
287	1.2083333333333333	1653	1555	445	347	0.8265	0.2225
288	1.2142857142857142	1649	1555	445	351	0.8245	0.2225
289	1.2222222222222219	1647	1555	445	353	0.8235	0.2225
290	1.2333333333333334	1641	1555	445	359	0.8205	0.2225
291	1.2380952380952381	1640	1555	445	360	0.82	0.2225
292	1.24	1636	1555	445	364	0.818	0.2225
293	1.2444444444444445	1632	1555	445	368	0.816	0.2225
294	1.25	1631	1555	445	369	0.8155	0.2225
295	1.2500000000000002	1620	1569	431	380	0.81	0.2155
296	1.2666666666666666	1620	1571	429	380	0.81	0.2145
297	1.2727272727272727	1618	1571	429	382	0.809	0.2145
298	1.2777777777777777	1617	1571	429	383	0.8085	0.2145
299	1.2777777777777781	1614	1571	429	386	0.807	0.2145
300	1.2857142857142856	1611	1571	429	389	0.8055	0.2145
301	1.2857142857142858	1611	1578	422	389	0.8055	0.211
302	1.2916666666666667	1607	1578	422	393	0.8035	0.211
303	1.3	1604	1578	422	396	0.802	0.211
304	1.3125	1598	1578	422	402	0.799	0.211
305	1.3199999999999998	1596	1578	422	404	0.798	0.211
306	1.3333333333333333	1595	1578	422	405	0.7975	0.211
307	1.3333333333333337	1584	1603	397	416	0.792	0.1985
308	1.3461538461538465	1580	1603	397	420	0.79	0.1985
309	1.35	1579	1603	397	421	0.7895	0.1985
310	1.353846153846154	1574	1604	396	426	0.787	0.198
311	1.3571428571428572	1573	1604	396	427	0.7865	0.198
312	1.3636363636363635	1571	1604	396	429	0.7855	0.198
313	1.375	1571	1605	395	429	0.7855	0.1975
314	1.380952380952381	1564	1605	395	436	0.782	0.1975
315	1.3809523809523812	1562	1605	395	438	0.781	0.1975
316	1.3888888888888888	1561	1605	395	439	0.7805	0.1975
317	1.3888888888888893	1559	1606	394	441	0.7795	0.197
318	1.4	1552	1607	393	448	0.776	0.1965
319	1.4166666666666667	1541	1608	392	459	0.7705	0.196
320	1.4222222222222225	1536	1608	392	464	0.768	0.196
321	1.4285714285714286	1535	1608	392	465	0.7675	0.196
322	1.4375	1532	1614	386	468	0.766	0.193
323	1.44	1527	1614	386	473	0.7635	0.193
324	1.4444444444444444	1526	1614	386	474	0.763	0.193
325	1.45	1521	1614	386	479	0.7605	0.193
326	1.4545454545454546	1520	1614	386	480	0.76	0.193
327	1.4666666666666666	1518	1614	386	482	0.759	0.193
328	1.4761904761904765	1512	1614	386	488	0.756	0.193
329	1.5	1510	1614	386	490	0.755	0.193
330	1.52	1492	1657	343	508	0.746	0.1715
331	1.5238095238095235	1491	1657	343	509	0.7455	0.1715
332	1.5333333333333334	1490	1657	343	510	0.745	0.1715
333	1.5428571428571427	1486	1657	343	514	0.743	0.1715
334	1.55	1485	1657	343	515	0.7425	0.1715
335	1.5555555555555556	1483	1657	343	517	0.7415	0.1715
336	1.5625	1480	1657	343	520	0.74	0.1715
337	1.5714285714285714	1474	1657	343	526	0.737	0.1715
338	1.5833333333333333	1473	1657	343	527	0.7365	0.1715
339	1.6	1469	1657	343	531	0.7345	0.1715
340	1.6111111111111107	1456	1670	330	544	0.728	0.165
341	1.6111111111111112	1453	1670	330	547	0.7265	0.165
342	1.625	1452	1670	330	548	0.726	0.165
343	1.6296296296296295	1443	1670	330	557	0.7215	0.165
344	1.6428571428571428	1441	1670	330	559	0.7205	0.165
345	1.65	1437	1670	330	563	0.7185	0.165
346	1.6666666666666663	1435	1670	330	565	0.7175	0.165
347	1.6666666666666667	1435	1672	328	565	0.7175	0.164
348	1.6875	1414	1682	318	586	0.707	0.159
349	1.7	1411	1682	318	589	0.7055	0.159
350	1.7142857142857142	1410	1682	318	590	0.705	0.159
351	1.7222222222222223	1406	1690	310	594	0.703	0.155
352	1.725	1403	1690	310	597	0.7015	0.155
353	1.7333333333333332	1402	1690	310	598	0.701	0.155
354	1.7333333333333334	1400	1690	310	600	0.7	0.155
355	1.75	1399	1690	310	601	0.6995	0.155
356	1.7777777777777777	1383	1691	309	617	0.6915	0.1545
357	1.7857142857142858	1382	1693	307	618	0.691	0.1535
358	1.7999999999999998	1381	1694	306	619	0.6905	0.153
359	1.8	1380	1699	301	620	0.69	0.1505
360	1.8125	1376	1699	301	624	0.688	0.1505
361	1.818181818181818	1373	1699	301	627	0.6865	0.1505
362	1.8333333333333333	1372	1700	300	628	0.686	0.15
363	1.8367346938775508	1361	1700	300	639	0.6805	0.15
364	1.84	1360	1700	300	640	0.68	0.15
365	1.8571428571428568	1359	1700	300	641	0.6795	0.15
366	1.857142857142857	1358	1700	300	642	0.679	0.15
367	1.8666666666666665	1357	1700	300	643	0.6785	0.15
368	1.8666666666666667	1355	1700	300	645	0.6775	0.15
369	1.875	1351	1700	300	649	0.6755	0.15
370	1.8857142857142857	1350	1704	296	650	0.675	0.148
371	1.9	1348	1704	296	652	0.674	0.148
372	1.9166666666666667	1346	1704	296	654	0.673	0.148
373	1.92	1341	1704	296	659	0.6705	0.148
374	1.9285714285714288	1339	1704	296	661	0.6695	0.148
375	1.933333333333333	1337	1704	296	663	0.6685	0.148
376	1.9333333333333331	1334	1704	296	666	0.667	0.148
377	1.9375	1330	1704	296	670	0.665	0.148
378	1.9444444444444444	1327	1704	296	673	0.6635	0.148
379	1.95	1326	1704	296	674	0.663	0.148
380	2.0	1325	1704	296	675	0.6625	0.148
381	2.0454545454545454	1300	1766	234	700	0.65	0.117
382	2.0625	1299	1766	234	701	0.6495	0.117
383	2.066666666666667	1298	1766	234	702	0.649	0.117
384	2.071428571428572	1294	1766	234	706	0.647	0.117
385	2.08	1293	1766	234	707	0.6465	0.117
386	2.083333333333333	1292	1766	234	708	0.646	0.117
387	2.090909090909091	1283	1766	234	717	0.6415	0.117
388	2.095238095238096	1282	1766	234	718	0.641	0.117
389	2.1	1280	1766	234	720	0.64	0.117
390	2.1111111111111107	1278	1769	231	722	0.639	0.1155
391	2.125	1276	1769	231	724	0.638	0.1155
392	2.1333333333333333	1274	1769	231	726	0.637	0.1155
393	2.142857142857143	1272	1769	231	728	0.636	0.1155
394	2.148148148148148	1271	1770	230	729	0.6355	0.115
395	2.16	1270	1770	230	730	0.635	0.115
396	2.1666666666666665	1269	1770	230	731	0.6345	0.115
397	2.1818181818181817	1256	1770	230	744	0.628	0.115
398	2.1904761904761907	1255	1770	230	745	0.6275	0.115
399	2.2	1254	1770	230	746	0.627	0.115
400	2.2142857142857144	1249	1770	230	751	0.6245	0.115
401	2.2222222222222223	1247	1770	230	753	0.6235	0.115
402	2.25	1245	1777	223	755	0.6225	0.1115
403	2.2666666666666666	1230	1788	212	770	0.615	0.106
404	2.272727272727273	1229	1788	212	771	0.6145	0.106
405	2.2857142857142856	1228	1788	212	772	0.614	0.106
406	2.2962962962962963	1222	1790	210	778	0.611	0.105
407	2.3	1221	1790	210	779	0.6105	0.105
408	2.3125	1216	1790	210	784	0.608	0.105
409	2.32	1215	1790	210	785	0.6075	0.105
410	2.333333333333333	1214	1790	210	786	0.607	0.105
411	2.34375	1207	1793	207	793	0.6035	0.1035
412	2.357142857142857	1206	1793	207	794	0.603	0.1035
413	2.375	1205	1793	207	795	0.6025	0.1035
414	2.380952380952381	1201	1793	207	799	0.6005	0.1035
415	2.4	1200	1793	207	800	0.6	0.1035
416	2.4000000000000004	1193	1806	194	807	0.5965	0.097
417	2.4166666666666665	1193	1807	193	807	0.5965	0.0965
418	2.4285714285714284	1189	1807	193	811	0.5945	0.0965
419	2.4444444444444438	1187	1807	193	813	0.5935	0.0965
420	2.4444444444444446	1179	1807	193	821	0.5895	0.0965
421	2.4615384615384617	1178	1807	193	822	0.589	0.0965
422	2.4642857142857126	1177	1807	193	823	0.5885	0.0965
423	2.5	1176	1807	193	824	0.588	0.0965
424	2.5000000000000004	1158	1819	181	842	0.579	0.0905
425	2.5061728395061733	1157	1820	180	843	0.5785	0.09
426	2.5142857142857147	1156	1820	180	844	0.578	0.09
427	2.53125	1155	1820	180	845	0.5775	0.09
428	2.533333333333333	1153	1820	180	847	0.5765	0.09
429	2.5454545454545454	1151	1820	180	849	0.5755	0.09
430	2.55	1150	1820	180	850	0.575	0.09
431	2.555555555555556	1149	1820	180	851	0.5745	0.09
432	2.5555555555555562	1147	1820	180	853	0.5735	0.09
433	2.56	1141	1820	180	859	0.5705	0.09
434	2.5714285714285707	1140	1820	180	860	0.57	0.09
435	2.571428571428572	1136	1823	177	864	0.568	0.0885
436	2.583333333333333	1133	1823	177	867	0.5665	0.0885
437	2.6	1127	1823	177	873	0.5635	0.0885
438	2.6153846153846154	1122	1823	177	878	0.561	0.0885
439	2.625	1120	1823	177	880	0.56	0.0885
440	2.64	1117	1823	177	883	0.5585	0.0885
441	2.642857142857143	1116	1823	177	884	0.558	0.0885
442	2.6666666666666665	1115	1823	177	885	0.5575	0.0885
443	2.666666666666667	1101	1835	165	899	0.5505	0.0825
444	2.692307692307692	1098	1835	165	902	0.549	0.0825
445	2.7	1097	1835	165	903	0.5485	0.0825
446	2.727272727272727	1090	1835	165	910	0.545	0.0825
447	2.742857142857144	1088	1835	165	912	0.544	0.0825
448	2.75	1087	1835	165	913	0.5435	0.0825
449	2.76	1083	1835	165	917	0.5415	0.0825
450	2.7777777777777777	1082	1835	165	918	0.541	0.0825
451	2.7777777777777786	1081	1836	164	919	0.5405	0.082
452	2.7857142857142856	1077	1836	164	923	0.5385	0.082
453	2.8	1074	1836	164	926	0.537	0.082
454	2.8000000000000003	1065	1838	162	935	0.5325	0.081
455	2.8125	1063	1838	162	937	0.5315	0.081
456	2.814814814814815	1062	1838	162	938	0.531	0.081
457	2.85	1061	1838	162	939	0.5305	0.081
458	2.8571428571428568	1059	1838	162	941	0.5295	0.081
459	2.875	1058	1839	161	942	0.529	0.0805
460	2.888888888888889	1053	1839	161	947	0.5265	0.0805
461	2.9	1050	1839	161	950	0.525	0.0805
462	2.9166666666666665	1046	1839	161	954	0.523	0.0805
463	2.916666666666667	1043	1839	161	957	0.5215	0.0805
464	2.952380952380953	1043	1840	160	957	0.5215	0.08
465	3.0	1042	1840	160	958	0.521	0.08
466	3.0666666666666664	1022	1884	116	978	0.511	0.058
467	3.1	1021	1884	116	979	0.5105	0.058
468	3.111111111111111	1020	1884	116	980	0.51	0.058
469	3.125	1018	1885	115	982	0.509	0.0575
470	3.1250000000000004	1007	1886	114	993	0.5035	0.057
471	3.1428571428571423	1006	1886	114	994	0.503	0.057
472	3.1428571428571432	1005	1886	114	995	0.5025	0.057
473	3.1666666666666665	1002	1886	114	998	0.501	0.057
474	3.1818181818181817	995	1886	114	1005	0.4975	0.057
475	3.1944444444444446	994	1886	114	1006	0.497	0.057
476	3.2	993	1886	114	1007	0.4965	0.057
477	3.2142857142857144	989	1888	112	1011	0.4945	0.056
478	3.222222222222221	988	1888	112	1012	0.494	0.056
479	3.230769230769232	984	1888	112	1016	0.492	0.056
480	3.24	983	1888	112	1017	0.4915	0.056
481	3.25	982	1888	112	1018	0.491	0.056
482	3.2592592592592586	978	1888	112	1022	0.489	0.056
483	3.272727272727273	977	1888	112	1023	0.4885	0.056
484	3.2857142857142856	976	1888	112	1024	0.488	0.056
485	3.3	975	1888	112	1025	0.4875	0.056
486	3.333333333333333	973	1888	112	1027	0.4865	0.056
487	3.375	962	1894	106	1038	0.481	0.053
488	3.4	960	1894	106	1040	0.48	0.053
489	3.4285714285714284	955	1894	106	1045	0.4775	0.053
490	3.4444444444444446	950	1896	104	1050	0.475	0.052
491	3.4666666666666663	948	1896	104	1052	0.474	0.052
492	3.466666666666667	945	1896	104	1055	0.4725	0.052
493	3.5	944	1896	104	1056	0.472	0.052
494	3.5000000000000004	928	1898	102	1072	0.464	0.051
495	3.523809523809524	927	1898	102	1073	0.4635	0.051
496	3.5454545454545454	926	1898	102	1074	0.463	0.051
497	3.555555555555556	925	1898	102	1075	0.4625	0.051
498	3.571428571428572	924	1898	102	1076	0.462	0.051
499	3.6	921	1898	102	1079	0.4605	0.051
500	3.625	918	1900	100	1082	0.459	0.05
501	3.636363636363636	912	1900	100	1088	0.456	0.05
502	3.6428571428571432	911	1900	100	1089	0.4555	0.05
503	3.6666666666666665	910	1900	100	1090	0.455	0.05
504	3.7	903	1900	100	1097	0.4515	0.05
505	3.7142857142857135	902	1900	100	1098	0.451	0.05
506	3.733333333333333	901	1900	100	1099	0.4505	0.05
507	3.75	900	1900	100	1100	0.45	0.05
508	3.7777777777777786	897	1908	92	1103	0.4485	0.046
509	3.8	895	1908	92	1105	0.4475	0.046
510	3.8095238095238098	894	1908	92	1106	0.447	0.046
511	3.8333333333333335	893	1908	92	1107	0.4465	0.046
512	3.8571428571428568	881	1908	92	1119	0.4405	0.046
513	3.866666666666666	875	1908	92	1125	0.4375	0.046
514	3.8666666666666663	874	1908	92	1126	0.437	0.046
515	3.875	873	1908	92	1127	0.4365	0.046
516	3.888888888888889	869	1908	92	1131	0.4345	0.046
517	3.9	866	1908	92	1134	0.433	0.046
518	3.9375	865	1908	92	1135	0.4325	0.046
519	4.0	864	1908	92	1136	0.432	0.046
520	4.125	844	1930	70	1156	0.422	0.035
521	4.133333333333334	840	1930	70	1160	0.42	0.035
522	4.166666666666667	838	1930	70	1162	0.419	0.035
523	4.190476190476192	828	1932	68	1172	0.414	0.034
524	4.2	827	1932	68	1173	0.4135	0.034
525	4.2222222222222205	820	1936	64	1180	0.41	0.032
526	4.25	818	1936	64	1182	0.409	0.032
527	4.285714285714286	816	1936	64	1184	0.408	0.032
528	4.307692307692308	809	1936	64	1191	0.4045	0.032
529	4.3125	808	1936	64	1192	0.404	0.032
530	4.333333333333333	806	1936	64	1194	0.403	0.032
531	4.375	795	1936	64	1205	0.3975	0.032
532	4.4	793	1936	64	1207	0.3965	0.032
533	4.4444444444444455	788	1936	64	1212	0.394	0.032
534	4.5	786	1937	63	1214	0.393	0.0315
535	4.533333333333333	763	1945	55	1237	0.3815	0.0275
536	4.571428571428571	762	1945	55	1238	0.381	0.0275
537	4.6	760	1945	55	1240	0.38	0.0275
538	4.65	758	1945	55	1242	0.379	0.0275
539	4.666666666666667	757	1945	55	1243	0.3785	0.0275
540	4.6875	748	1949	51	1252	0.374	0.0255
541	4.714285714285714	746	1949	51	1254	0.373	0.0255
542	4.727272727272728	745	1949	51	1255	0.3725	0.0255
543	4.75	744	1949	51	1256	0.372	0.0255
544	4.761904761904762	741	1949	51	1259	0.3705	0.0255
545	4.8	740	1949	51	1260	0.37	0.0255
546	4.800000000000002	735	1949	51	1265	0.3675	0.0255
547	4.833333333333333	735	1950	50	1265	0.3675	0.025
548	4.84375	725	1950	50	1275	0.3625	0.025
549	4.857142857142857	724	1950	50	1276	0.362	0.025
550	4.875	723	1950	50	1277	0.3615	0.025
551	4.8888888888888875	720	1950	50	1280	0.36	0.025
552	4.888888888888889	719	1950	50	1281	0.3595	0.025
553	4.928571428571427	718	1950	50	1282	0.359	0.025
554	5.0	717	1950	50	1283	0.3585	0.025
555	5.000000000000001	694	1960	40	1306	0.347	0.02
556	5.066666666666666	694	1961	39	1306	0.347	0.0195
557	5.1	693	1961	39	1307	0.3465	0.0195
558	5.111111111111111	692	1961	39	1308	0.346	0.0195
559	5.1111111111111125	691	1961	39	1309	0.3455	0.0195
560	5.166666666666667	689	1961	39	1311	0.3445	0.0195
561	5.199999999999998	687	1961	39	1313	0.3435	0.0195
562	5.2	683	1961	39	1317	0.3415	0.0195
563	5.25	674	1961	39	1326	0.337	0.0195
564	5.333333333333333	665	1961	39	1335	0.3325	0.0195
565	5.333333333333334	658	1963	37	1342	0.329	0.0185
566	5.3571428571428585	657	1963	37	1343	0.3285	0.0185
567	5.4	656	1963	37	1344	0.328	0.0185
568	5.428571428571429	649	1963	37	1351	0.3245	0.0185
569	5.4375	648	1963	37	1352	0.324	0.0185
570	5.44	647	1963	37	1353	0.3235	0.0185
571	5.5	646	1963	37	1354	0.323	0.0185
572	5.5555555555555545	635	1963	37	1365	0.3175	0.0185
573	5.555555555555557	632	1963	37	1368	0.316	0.0185
574	5.571428571428571	631	1963	37	1369	0.3155	0.0185
575	5.6	630	1963	37	1370	0.315	0.0185
576	5.6000000000000005	626	1964	36	1374	0.313	0.018
577	5.625	625	1964	36	1375	0.3125	0.018
578	5.666666666666668	624	1964	36	1376	0.312	0.018
579	5.7	623	1964	36	1377	0.3115	0.018
580	5.75	622	1964	36	1378	0.311	0.018
581	5.750000000000001	617	1964	36	1383	0.3085	0.018
582	5.777777777777778	612	1964	36	1388	0.306	0.018
583	5.7857142857142865	610	1964	36	1390	0.305	0.018
584	5.8	608	1964	36	1392	0.304	0.018
585	5.833333333333332	605	1964	36	1395	0.3025	0.018
586	5.904761904761906	602	1964	36	1398	0.301	0.018
587	6.0	601	1964	36	1399	0.3005	0.018
588	6.136363636363638	590	1972	28	1410	0.295	0.014
589	6.2	589	1972	28	1411	0.2945	0.014
590	6.25	587	1972	28	1413	0.2935	0.014
591	6.250000000000001	581	1973	27	1419	0.2905	0.0135
592	6.2727272727272725	580	1973	27	1420	0.29	0.0135
593	6.2857142857142865	579	1973	27	1421	0.2895	0.0135
594	6.333333333333332	578	1973	27	1422	0.289	0.0135
595	6.4	575	1973	27	1425	0.2875	0.0135
596	6.444444444444442	571	1973	27	1429	0.2855	0.0135
597	6.4444444444444455	570	1973	27	1430	0.285	0.0135
598	6.5	568	1973	27	1432	0.284	0.0135
599	6.6	553	1973	27	1447	0.2765	0.0135
600	6.6111111111111125	551	1973	27	1449	0.2755	0.0135
601	6.642857142857142	550	1973	27	1450	0.275	0.0135
602	6.666666666666668	549	1973	27	1451	0.2745	0.0135
603	6.75	545	1974	26	1455	0.2725	0.013
604	6.8	535	1974	26	1465	0.2675	0.013
605	6.8181818181818175	533	1974	26	1467	0.2665	0.013
606	6.857142857142858	532	1974	26	1468	0.266	0.013
607	6.875	529	1974	26	1471	0.2645	0.013
608	6.888888888888888	528	1974	26	1472	0.264	0.013
609	7.0	526	1974	26	1474	0.263	0.013
610	7.000000000000001	512	1977	23	1488	0.256	0.0115
611	7.0769230769230775	510	1978	22	1490	0.255	0.011
612	7.142857142857142	509	1978	22	1491	0.2545	0.011
613	7.1999999999999975	504	1978	22	1496	0.252	0.011
614	7.222222222222222	503	1979	21	1497	0.2515	0.0105
615	7.25	502	1979	21	1498	0.251	0.0105
616	7.2857142857142865	495	1979	21	1505	0.2475	0.0105
617	7.333333333333332	493	1979	21	1507	0.2465	0.0105
618	7.5	490	1979	21	1510	0.245	0.0105
619	7.555555555555558	476	1980	20	1524	0.238	0.01
620	7.6	475	1980	20	1525	0.2375	0.01
621	7.666666666666668	474	1980	20	1526	0.237	0.01
622	7.75	469	1980	20	1531	0.2345	0.01
623	7.777777777777778	464	1980	20	1536	0.232	0.01
624	7.8	463	1980	20	1537	0.2315	0.01
625	7.875	461	1980	20	1539	0.2305	0.01
626	8.0	460	1980	20	1540	0.23	0.01
627	8.1	440	1985	15	1560	0.22	0.0075
628	8.181818181818182	438	1985	15	1562	0.219	0.0075
629	8.214285714285715	437	1985	15	1563	0.2185	0.0075
630	8.25	436	1985	15	1564	0.218	0.0075
631	8.333333333333334	433	1985	15	1567	0.2165	0.0075
632	8.4	417	1987	13	1583	0.2085	0.0065
633	8.4375	415	1987	13	1585	0.2075	0.0065
634	8.5	414	1987	13	1586	0.207	0.0065
635	8.571428571428571	412	1987	13	1588	0.206	0.0065
636	8.625	410	1987	13	1590	0.205	0.0065
637	8.666666666666666	408	1987	13	1592	0.204	0.0065
638	8.7	399	1987	13	1601	0.1995	0.0065
639	8.75	397	1987	13	1603	0.1985	0.0065
640	8.888888888888888	395	1987	13	1605	0.1975	0.0065
641	9.0	394	1987	13	1606	0.197	0.0065
642	9.2	376	1987	13	1624	0.188	0.0065
643	9.3	374	1987	13	1626	0.187	0.0065
644	9.333333333333334	373	1987	13	1627	0.1865	0.0065
645	9.375	370	1987	13	1630	0.185	0.0065
646	9.428571428571429	366	1987	13	1634	0.183	0.0065
647	9.454545454545457	365	1987	13	1635	0.1825	0.0065
648	9.5	364	1987	13	1636	0.182	0.0065
649	9.583333333333334	360	1987	13	1640	0.18	0.0065
650	9.6	359	1987	13	1641	0.1795	0.0065
651	9.666666666666666	355	1987	13	1645	0.1775	0.0065
652	9.75	346	1987	13	1654	0.173	0.0065
653	9.846153846153848	345	1987	13	1655	0.1725	0.0065
654	9.857142857142854	344	1987	13	1656	0.172	0.0065
655	9.9	343	1987	13	1657	0.1715	0.0065
656	10.0	342	1987	13	1658	0.171	0.0065
657	10.125	322	1990	10	1678	0.161	0.005
658	10.2	319	1990	10	1681	0.1595	0.005
659	10.222222222222225	318	1990	10	1682	0.159	0.005
660	10.333333333333334	317	1990	10	1683	0.1585	0.005
661	10.4	313	1990	10	1687	0.1565	0.005
662	10.416666666666666	307	1990	10	1693	0.1535	0.005
663	10.5	306	1990	10	1694	0.153	0.005
664	10.555555555555557	297	1990	10	1703	0.1485	0.005
665	10.666666666666666	296	1990	10	1704	0.148	0.005
666	10.714285714285714	293	1991	9	1707	0.1465	0.0045
667	10.769230769230768	292	1991	9	1708	0.146	0.0045
668	10.857142857142858	291	1991	9	1709	0.1455	0.0045
669	10.875	290	1991	9	1710	0.145	0.0045
670	11.0	288	1991	9	1712	0.144	0.0045
671	11.111111111111114	274	1991	9	1726	0.137	0.0045
672	11.25	273	1991	9	1727	0.1365	0.0045
673	11.333333333333336	271	1991	9	1729	0.1355	0.0045
674	11.375	270	1991	9	1730	0.135	0.0045
675	11.5	269	1991	9	1731	0.1345	0.0045
676	11.500000000000002	267	1991	9	1733	0.1335	0.0045
677	11.571428571428573	264	1991	9	1736	0.132	0.0045
678	11.625	263	1991	9	1737	0.1315	0.0045
679	11.666666666666668	261	1991	9	1739	0.1305	0.0045
680	12.0	260	1991	9	1740	0.13	0.0045
681	12.222222222222221	244	1993	7	1756	0.122	0.0035
682	12.25	243	1993	7	1757	0.1215	0.0035
683	12.5	243	1994	6	1757	0.1215	0.003
684	12.571428571428573	240	1995	5	1760	0.12	0.0025
685	12.666666666666664	239	1995	5	1761	0.1195	0.0025
686	12.75	238	1995	5	1762	0.119	0.0025
687	12.8	236	1995	5	1764	0.118	0.0025
688	12.857142857142856	235	1995	5	1765	0.1175	0.0025
689	12.857142857142858	234	1995	5	1766	0.117	0.0025
690	13.0	232	1995	5	1768	0.116	0.0025
691	13.142857142857142	220	1995	5	1780	0.11	0.0025
692	13.2	219	1995	5	1781	0.1095	0.0025
693	13.5	218	1995	5	1782	0.109	0.0025
694	13.6	210	1995	5	1790	0.105	0.0025
695	13.777777777777779	209	1995	5	1791	0.1045	0.0025
696	13.8	208	1995	5	1792	0.104	0.0025
697	14.0	205	1995	5	1795	0.1025	0.0025
698	14.166666666666664	197	1996	4	1803	0.0985	0.002
699	14.285714285714285	196	1996	4	1804	0.098	0.002
700	14.4	195	1996	4	1805	0.0975	0.002
701	14.5	194	1996	4	1806	0.097	0.002
702	14.666666666666664	188	1996	4	1812	0.094	0.002
703	15.0	185	1996	4	1815	0.0925	0.002
704	15.333333333333336	177	1998	2	1823	0.0885	0.001
705	15.5	172	1998	2	1828	0.086	0.001
706	15.500000000000002	169	1998	2	1831	0.0845	0.001
707	15.6	168	1998	2	1832	0.084	0.001
708	15.833333333333336	167	1998	2	1833	0.0835	0.001
709	16.0	166	1998	2	1834	0.083	0.001
710	16.25	160	1999	1	1840	0.08	0.0005
711	16.5	159	1999	1	1841	0.0795	0.0005
712	16.666666666666668	158	1999	1	1842	0.079	0.0005
713	16.8	152	1999	1	1848	0.076	0.0005
714	16.88888888888889	150	1999	1	1850	0.075	0.0005
715	17.0	149	1999	1	1851	0.0745	0.0005
716	17.25	145	1999	1	1855	0.0725	0.0005
717	17.333333333333332	144	1999	1	1856	0.072	0.0005
718	17.6	142	1999	1	1858	0.071	0.0005
719	18.0	141	1999	1	1859	0.0705	0.0005
720	18.125	136	1999	1	1864	0.068	0.0005
721	18.333333333333336	135	1999	1	1865	0.0675	0.0005
722	18.666666666666668	134	1999	1	1866	0.067	0.0005
723	18.75	132	1999	1	1868	0.066	0.0005
724	19.0	127	1999	1	1873	0.0635	0.0005
725	19.166666666666668	123	1999	1	1877	0.0615	0.0005
726	19.2	121	1999	1	1879	0.0605	0.0005
727	19.33333333333333	118	1999	1	1882	0.059	0.0005
728	19.5	117	1999	1	1883	0.0585	0.0005
729	20.0	115	1999	1	1885	0.0575	0.0005
730	20.000000000000004	110	1999	1	1890	0.055	0.0005
731	20.25	109	1999	1	1891	0.0545	0.0005
732	20.666666666666668	108	1999	1	1892	0.054	0.0005
733	20.8	107	1999	1	1893	0.0535	0.0005
734	21.0	106	1999	1	1894	0.053	0.0005
735	21.75	97	1999	1	1903	0.0485	0.0005
736	22.0	95	1999	1	1905	0.0475	0.0005
737	22.09090909090909	86	1999	1	1914	0.043	0.0005
738	22.4	85	1999	1	1915	0.0425	0.0005
739	22.5	84	1999	1	1916	0.042	0.0005
740	22.857142857142854	83	1999	1	1917	0.0415	0.0005
741	23.0	82	1999	1	1918	0.041	0.0005
742	23.25	80	1999	1	1920	0.04	0.0005
743	24.0	78	1999	1	1922	0.039	0.0005
744	24.8	73	2000	0	1927	0.0365	0.0
745	25.0	72	2000	0	1928	0.036	0.0
746	25.5	66	2000	0	1934	0.033	0.0
747	26.0	65	2000	0	1935	0.0325	0.0
748	26.4	59	2000	0	1941	0.0295	0.0
749	27.0	58	2000	0	1942	0.029	0.0
750	27.2	53	2000	0	1947	0.0265	0.0
751	28.0	52	2000	0	1948	0.026	0.0
752	30.0	47	2000	0	1953	0.0235	0.0
753	31.5	44	2000	0	1956	0.022	0.0
754	32.0	41	2000	0	1959	0.0205	0.0
755	32.5	39	2000	0	1961	0.0195	0.0
756	33.0	37	2000	0	1963	0.0185	0.0
757	33.333333333333336	34	2000	0	1966	0.017	0.0
758	33.6	33	2000	0	1967	0.0165	0.0
759	33.75	32	2000	0	1968	0.016	0.0
760	33.833333333333336	31	2000	0	1969	0.0155	0.0
761	34.0	30	2000	0	1970	0.015	0.0
762	34.666666666666664	28	2000	0	1972	0.014	0.0
763	35.0	27	2000	0	1973	0.0135	0.0
764	37.0	26	2000	0	1974	0.013	0.0
765	37.333333333333336	25	2000	0	1975	0.0125	0.0
766	39.0	24	2000	0	1976	0.012	0.0
767	40.0	23	2000	0	1977	0.0115	0.0
768	40.5	21	2000	0	1979	0.0105	0.0
769	42.0	20	2000	0	1980	0.01	0.0
770	43.5	19	2000	0	1981	0.0095	0.0
771	44.0	18	2000	0	1982	0.009	0.0
772	45.0	17	2000	0	1983	0.0085	0.0
773	48.0	16	2000	0	1984	0.008	0.0
774	52.0	15	2000	0	1985	0.0075	0.0
775	52.5	12	2000	0	1988	0.006	0.0
776	54.0	11	2000	0	1989	0.0055	0.0
777	57.5	10	2000	0	1990	0.005	0.0
778	64.0	9	2000	0	1991	0.0045	0.0
779	66.0	8	2000	0	1992	0.004	0.0
780	69.0	6	2000	0	1994	0.003	0.0
781	74.66666666666667	5	2000	0	1995	0.0025	0.0
782	84.0	3	2000	0	1997	0.0015	0.0
783	88.0	2	2000	0	1998	0.001	0.0
784	93.0	1	2000	0	1999	0.0005	0.0
