	ThScore	TP	TN	FP	FN	TPR	FPR
0	0.05128205128205129	2000	0	2000	0	1.0	1.0
1	0.05555555555555555	2000	1	1999	0	1.0	0.9995
2	0.057142857142857134	2000	2	1998	0	1.0	0.999
3	0.07142857142857142	2000	5	1995	0	1.0	0.9975
4	0.07407407407407407	2000	8	1992	0	1.0	0.996
5	0.07575757575757576	2000	9	1991	0	1.0	0.9955
6	0.08333333333333333	2000	10	1990	0	1.0	0.995
7	0.09090909090909093	2000	16	1984	0	1.0	0.992
8	0.09375	2000	17	1983	0	1.0	0.9915
9	0.09523809523809523	2000	18	1982	0	1.0	0.991
10	0.1	2000	20	1980	0	1.0	0.99
11	0.109375	2000	22	1978	0	1.0	0.989
12	0.11111111111111112	2000	23	1977	0	1.0	0.9885
13	0.11428571428571427	2000	25	1975	0	1.0	0.9875
14	0.1142857142857143	2000	26	1974	0	1.0	0.987
15	0.12	2000	27	1973	0	1.0	0.9865
16	0.12244897959183673	2000	28	1972	0	1.0	0.986
17	0.125	2000	29	1971	0	1.0	0.9855
18	0.12962962962962962	2000	38	1962	0	1.0	0.981
19	0.13333333333333333	2000	40	1960	0	1.0	0.98
20	0.13636363636363635	2000	44	1956	0	1.0	0.978
21	0.13636363636363638	2000	45	1955	0	1.0	0.9775
22	0.1388888888888889	2000	46	1954	0	1.0	0.977
23	0.14285714285714285	2000	48	1952	0	1.0	0.976
24	0.14814814814814814	2000	54	1946	0	1.0	0.973
25	0.15	2000	57	1943	0	1.0	0.9715
26	0.15151515151515152	2000	61	1939	0	1.0	0.9695
27	0.15625	2000	62	1938	0	1.0	0.969
28	0.16	2000	63	1937	0	1.0	0.9685
29	0.16666666666666666	2000	66	1934	0	1.0	0.967
30	0.16666666666666669	2000	83	1917	0	1.0	0.9585
31	0.17307692307692307	2000	85	1915	0	1.0	0.9575
32	0.17777777777777776	2000	86	1914	0	1.0	0.957
33	0.17857142857142858	2000	88	1912	0	1.0	0.956
34	0.18181818181818185	2000	90	1910	0	1.0	0.955
35	0.1851851851851852	2000	92	1908	0	1.0	0.954
36	0.1875	2000	95	1905	0	1.0	0.9525
37	0.19047619047619047	2000	101	1899	0	1.0	0.9495
38	0.2	2000	108	1892	0	1.0	0.946
39	0.2083333333333333	2000	122	1878	0	1.0	0.939
40	0.21428571428571427	2000	131	1869	0	1.0	0.9345
41	0.21875	2000	135	1865	0	1.0	0.9325
42	0.2222222222222222	2000	137	1863	0	1.0	0.9315
43	0.225	2000	143	1857	0	1.0	0.9285
44	0.2285714285714286	2000	144	1856	0	1.0	0.928
45	0.2333333333333333	2000	145	1855	0	1.0	0.9275
46	0.2380952380952381	2000	148	1852	0	1.0	0.926
47	0.24	2000	151	1849	0	1.0	0.9245
48	0.2444444444444445	2000	153	1847	0	1.0	0.9235
49	0.25	2000	154	1846	0	1.0	0.923
50	0.2571428571428572	2000	182	1818	0	1.0	0.909
51	0.25925925925925924	2000	183	1817	0	1.0	0.9085
52	0.2604166666666667	2000	184	1816	0	1.0	0.908
53	0.26666666666666666	1999	184	1816	1	0.9995	0.908
54	0.2727272727272727	1999	185	1815	1	0.9995	0.9075
55	0.2777777777777778	1999	186	1814	1	0.9995	0.907
56	0.28	1999	193	1807	1	0.9995	0.9035
57	0.28125	1999	194	1806	1	0.9995	0.903
58	0.2857142857142857	1999	195	1805	1	0.9995	0.9025
59	0.2875	1998	201	1799	2	0.999	0.8995
60	0.2916666666666667	1997	201	1799	3	0.9985	0.8995
61	0.2962962962962963	1997	206	1794	3	0.9985	0.897
62	0.2976190476190476	1997	208	1792	3	0.9985	0.896
63	0.3	1996	208	1792	4	0.998	0.896
64	0.3055555555555556	1996	220	1780	4	0.998	0.89
65	0.30612244897959184	1996	221	1779	4	0.998	0.8895
66	0.3125	1996	222	1778	4	0.998	0.889
67	0.32	1995	226	1774	5	0.9975	0.887
68	0.32142857142857145	1995	229	1771	5	0.9975	0.8855
69	0.3333333333333333	1995	230	1770	5	0.9975	0.885
70	0.33333333333333337	1995	254	1746	5	0.9975	0.873
71	0.3428571428571429	1995	256	1744	5	0.9975	0.872
72	0.3461538461538461	1995	258	1742	5	0.9975	0.871
73	0.3472222222222222	1995	259	1741	5	0.9975	0.8705
74	0.35	1994	259	1741	6	0.997	0.8705
75	0.35714285714285715	1994	260	1740	6	0.997	0.87
76	0.36	1994	265	1735	6	0.997	0.8675
77	0.3636363636363636	1994	266	1734	6	0.997	0.867
78	0.3636363636363637	1994	268	1732	6	0.997	0.866
79	0.3666666666666667	1993	268	1732	7	0.9965	0.866
80	0.3703703703703704	1993	270	1730	7	0.9965	0.865
81	0.375	1993	272	1728	7	0.9965	0.864
82	0.3809523809523809	1993	291	1709	7	0.9965	0.8545
83	0.3818181818181817	1993	293	1707	7	0.9965	0.8535
84	0.3877551020408164	1992	293	1707	8	0.996	0.8535
85	0.3888888888888889	1991	293	1707	9	0.9955	0.8535
86	0.4	1991	298	1702	9	0.9955	0.851
87	0.4027777777777777	1991	308	1692	9	0.9955	0.846
88	0.4074074074074073	1991	309	1691	9	0.9955	0.8455
89	0.4090909090909091	1991	311	1689	9	0.9955	0.8445
90	0.4153846153846154	1991	313	1687	9	0.9955	0.8435
91	0.4166666666666667	1990	313	1687	10	0.995	0.8435
92	0.4259259259259259	1990	319	1681	10	0.995	0.8405
93	0.42857142857142855	1990	320	1680	10	0.995	0.84
94	0.4285714285714286	1990	321	1679	10	0.995	0.8395
95	0.4318181818181818	1990	323	1677	10	0.995	0.8385
96	0.4375	1989	323	1677	11	0.9945	0.8385
97	0.4444444444444444	1989	326	1674	11	0.9945	0.837
98	0.4444444444444445	1989	336	1664	11	0.9945	0.832
99	0.44642857142857145	1988	336	1664	12	0.994	0.832
100	0.45	1987	336	1664	13	0.9935	0.832
101	0.4523809523809524	1987	343	1657	13	0.9935	0.8285
102	0.4545454545454545	1986	343	1657	14	0.993	0.8285
103	0.4583333333333333	1986	344	1656	14	0.993	0.828
104	0.4642857142857143	1986	346	1654	14	0.993	0.827
105	0.4666666666666666	1985	346	1654	15	0.9925	0.827
106	0.4696969696969697	1985	348	1652	15	0.9925	0.826
107	0.4761904761904762	1983	348	1652	17	0.9915	0.826
108	0.4791666666666667	1983	351	1649	17	0.9915	0.8245
109	0.48	1983	352	1648	17	0.9915	0.824
110	0.484375	1983	353	1647	17	0.9915	0.8235
111	0.4909090909090909	1982	353	1647	18	0.991	0.8235
112	0.5	1982	354	1646	18	0.991	0.823
113	0.5178571428571429	1980	401	1599	20	0.99	0.7995
114	0.52	1979	401	1599	21	0.9895	0.7995
115	0.525	1978	401	1599	22	0.989	0.7995
116	0.5277777777777778	1976	401	1599	24	0.988	0.7995
117	0.5333333333333333	1975	401	1599	25	0.9875	0.7995
118	0.5370370370370371	1975	405	1595	25	0.9875	0.7975
119	0.5384615384615384	1975	407	1593	25	0.9875	0.7965
120	0.5454545454545454	1975	408	1592	25	0.9875	0.796
121	0.55	1975	409	1591	25	0.9875	0.7955
122	0.5555555555555556	1974	409	1591	26	0.987	0.7955
123	0.5599999999999999	1973	416	1584	27	0.9865	0.792
124	0.5625	1972	416	1584	28	0.986	0.792
125	0.5714285714285714	1972	421	1579	28	0.986	0.7895
126	0.5740740740740741	1971	435	1565	29	0.9855	0.7825
127	0.575	1971	436	1564	29	0.9855	0.782
128	0.5757575757575758	1970	436	1564	30	0.985	0.782
129	0.5769230769230769	1969	437	1563	31	0.9845	0.7815
130	0.58	1968	437	1563	32	0.984	0.7815
131	0.5833333333333334	1968	438	1562	32	0.984	0.781
132	0.5875	1968	447	1553	32	0.984	0.7765
133	0.5972222222222222	1967	447	1553	33	0.9835	0.7765
134	0.6	1966	447	1553	34	0.983	0.7765
135	0.6000000000000001	1965	457	1543	35	0.9825	0.7715
136	0.6041666666666666	1965	458	1542	35	0.9825	0.771
137	0.6111111111111112	1965	460	1540	35	0.9825	0.77
138	0.6166666666666667	1965	464	1536	35	0.9825	0.768
139	0.6190476190476191	1964	464	1536	36	0.982	0.768
140	0.625	1963	464	1536	37	0.9815	0.768
141	0.6250000000000001	1958	475	1525	42	0.979	0.7625
142	0.6285714285714286	1958	476	1524	42	0.979	0.762
143	0.6296296296296297	1957	478	1522	43	0.9785	0.761
144	0.6333333333333333	1956	478	1522	44	0.978	0.761
145	0.6363636363636364	1955	478	1522	45	0.9775	0.761
146	0.6388888888888888	1954	479	1521	46	0.977	0.7605
147	0.6428571428571429	1953	479	1521	47	0.9765	0.7605
148	0.6458333333333334	1952	487	1513	48	0.976	0.7565
149	0.65	1951	487	1513	49	0.9755	0.7565
150	0.6590909090909091	1950	490	1510	50	0.975	0.755
151	0.6599999999999999	1949	490	1510	51	0.9745	0.755
152	0.6666666666666666	1948	490	1510	52	0.974	0.755
153	0.675	1944	522	1478	56	0.972	0.739
154	0.6799999999999999	1942	522	1478	58	0.971	0.739
155	0.6818181818181818	1941	522	1478	59	0.9705	0.739
156	0.6851851851851851	1941	523	1477	59	0.9705	0.7385
157	0.6875	1940	523	1477	60	0.97	0.7385
158	0.6944444444444444	1940	526	1474	60	0.97	0.737
159	0.6969696969696969	1938	526	1474	62	0.969	0.737
160	0.7	1937	526	1474	63	0.9685	0.737
161	0.7000000000000001	1934	532	1468	66	0.967	0.734
162	0.7083333333333334	1934	533	1467	66	0.967	0.7335
163	0.7142857142857143	1933	533	1467	67	0.9665	0.7335
164	0.71875	1931	543	1457	69	0.9655	0.7285
165	0.7222222222222222	1930	543	1457	70	0.965	0.7285
166	0.725	1929	545	1455	71	0.9645	0.7275
167	0.7272727272727273	1928	545	1455	72	0.964	0.7275
168	0.7333333333333333	1928	549	1451	72	0.964	0.7255
169	0.7333333333333334	1926	549	1451	74	0.963	0.7255
170	0.7380952380952381	1925	549	1451	75	0.9625	0.7255
171	0.7407407407407408	1923	549	1451	77	0.9615	0.7255
172	0.7428571428571429	1923	550	1450	77	0.9615	0.725
173	0.75	1922	550	1450	78	0.961	0.725
174	0.7592592592592592	1918	571	1429	82	0.959	0.7145
175	0.7619047619047619	1917	571	1429	83	0.9585	0.7145
176	0.7666666666666666	1917	573	1427	83	0.9585	0.7135
177	0.7666666666666667	1916	573	1427	84	0.958	0.7135
178	0.7678571428571429	1916	574	1426	84	0.958	0.713
179	0.7692307692307692	1915	574	1426	85	0.9575	0.713
180	0.7714285714285715	1913	575	1425	87	0.9565	0.7125
181	0.7777777777777778	1912	575	1425	88	0.956	0.7125
182	0.7857142857142857	1908	586	1414	92	0.954	0.707
183	0.7948717948717948	1907	593	1407	93	0.9535	0.7035
184	0.7959183673469388	1906	593	1407	94	0.953	0.7035
185	0.7999999999999999	1905	593	1407	95	0.9525	0.7035
186	0.8	1903	596	1404	97	0.9515	0.702
187	0.8055555555555555	1903	607	1393	97	0.9515	0.6965
188	0.8095238095238095	1902	607	1393	98	0.951	0.6965
189	0.8125	1901	607	1393	99	0.9505	0.6965
190	0.8181818181818182	1900	607	1393	100	0.95	0.6965
191	0.825	1899	608	1392	101	0.9495	0.696
192	0.8253968253968254	1898	608	1392	102	0.949	0.696
193	0.8285714285714286	1897	608	1392	103	0.9485	0.696
194	0.8333333333333334	1896	608	1392	104	0.948	0.696
195	0.8400000000000001	1893	624	1376	107	0.9465	0.688
196	0.84375	1891	624	1376	109	0.9455	0.688
197	0.85	1889	624	1376	111	0.9445	0.688
198	0.8518518518518517	1887	625	1375	113	0.9435	0.6875
199	0.8571428571428571	1887	626	1374	113	0.9435	0.687
200	0.8571428571428572	1886	631	1369	114	0.943	0.6845
201	0.8611111111111112	1885	632	1368	115	0.9425	0.684
202	0.8636363636363636	1885	634	1366	115	0.9425	0.683
203	0.8666666666666666	1884	634	1366	116	0.942	0.683
204	0.8666666666666667	1883	634	1366	117	0.9415	0.683
205	0.875	1883	635	1365	117	0.9415	0.6825
206	0.8750000000000001	1881	643	1357	119	0.9405	0.6785
207	0.8800000000000001	1881	644	1356	119	0.9405	0.678
208	0.8857142857142858	1879	644	1356	121	0.9395	0.678
209	0.8863636363636364	1879	645	1355	121	0.9395	0.6775
210	0.8888888888888888	1878	645	1355	122	0.939	0.6775
211	0.8888888888888891	1876	649	1351	124	0.938	0.6755
212	0.8909090909090909	1875	649	1351	125	0.9375	0.6755
213	0.9	1874	649	1351	126	0.937	0.6755
214	0.9047619047619048	1871	653	1347	129	0.9355	0.6735
215	0.90625	1870	653	1347	130	0.935	0.6735
216	0.9111111111111112	1869	653	1347	131	0.9345	0.6735
217	0.9142857142857144	1868	653	1347	132	0.934	0.6735
218	0.9166666666666666	1867	653	1347	133	0.9335	0.6735
219	0.925925925925926	1862	655	1345	138	0.931	0.6725
220	0.9285714285714286	1861	655	1345	139	0.9305	0.6725
221	0.9333333333333332	1861	656	1344	139	0.9305	0.672
222	0.9375	1857	658	1342	143	0.9285	0.671
223	0.94	1857	659	1341	143	0.9285	0.6705
224	0.9444444444444444	1856	659	1341	144	0.928	0.6705
225	0.9523809523809524	1854	659	1341	146	0.927	0.6705
226	0.9545454545454546	1852	659	1341	148	0.926	0.6705
227	0.9583333333333334	1851	659	1341	149	0.9255	0.6705
228	0.96	1849	661	1339	151	0.9245	0.6695
229	0.9629629629629628	1848	661	1339	152	0.924	0.6695
230	0.9642857142857144	1848	662	1338	152	0.924	0.669
231	0.9666666666666668	1847	662	1338	153	0.9235	0.669
232	0.96875	1847	663	1337	153	0.9235	0.6685
233	0.9696969696969696	1846	663	1337	154	0.923	0.6685
234	0.9714285714285712	1845	664	1336	155	0.9225	0.668
235	0.9714285714285714	1844	664	1336	156	0.922	0.668
236	0.975	1844	665	1335	156	0.922	0.6675
237	1.0	1843	665	1335	157	0.9215	0.6675
238	1.0192307692307692	1832	728	1272	168	0.916	0.636
239	1.0227272727272727	1831	728	1272	169	0.9155	0.636
240	1.023809523809524	1830	728	1272	170	0.915	0.636
241	1.027777777777778	1829	728	1272	171	0.9145	0.636
242	1.0285714285714287	1828	728	1272	172	0.914	0.636
243	1.03125	1828	729	1271	172	0.914	0.6355
244	1.0333333333333334	1828	730	1270	172	0.914	0.635
245	1.0357142857142858	1828	731	1269	172	0.914	0.6345
246	1.037037037037037	1827	732	1268	173	0.9135	0.634
247	1.04	1824	733	1267	176	0.912	0.6335
248	1.0408163265306123	1824	734	1266	176	0.912	0.633
249	1.0416666666666667	1823	734	1266	177	0.9115	0.633
250	1.0444444444444445	1821	735	1265	179	0.9105	0.6325
251	1.0476190476190477	1820	735	1265	180	0.91	0.6325
252	1.05	1820	736	1264	180	0.91	0.632
253	1.0555555555555556	1820	737	1263	180	0.91	0.6315
254	1.0625	1819	738	1262	181	0.9095	0.631
255	1.0666666666666669	1819	740	1260	181	0.9095	0.63
256	1.0714285714285714	1817	741	1259	183	0.9085	0.6295
257	1.0740740740740742	1815	741	1259	185	0.9075	0.6295
258	1.075	1814	742	1258	186	0.907	0.629
259	1.0769230769230769	1813	742	1258	187	0.9065	0.629
260	1.08	1813	743	1257	187	0.9065	0.6285
261	1.0816326530612244	1810	743	1257	190	0.905	0.6285
262	1.0833333333333333	1809	743	1257	191	0.9045	0.6285
263	1.085714285714286	1803	744	1256	197	0.9015	0.628
264	1.0909090909090908	1802	744	1256	198	0.901	0.628
265	1.09375	1800	746	1254	200	0.9	0.627
266	1.0952380952380951	1800	747	1253	200	0.9	0.6265
267	1.1	1797	748	1252	203	0.8985	0.626
268	1.1071428571428572	1793	752	1248	207	0.8965	0.624
269	1.1111111111111112	1789	753	1247	211	0.8945	0.6235
270	1.1136363636363635	1786	760	1240	214	0.893	0.62
271	1.125	1784	760	1240	216	0.892	0.62
272	1.1333333333333333	1775	773	1227	225	0.8875	0.6135
273	1.1363636363636365	1774	773	1227	226	0.887	0.6135
274	1.1388888888888888	1772	773	1227	228	0.886	0.6135
275	1.1428571428571428	1771	773	1227	229	0.8855	0.6135
276	1.148148148148148	1768	784	1216	232	0.884	0.608
277	1.15	1767	784	1216	233	0.8835	0.608
278	1.16	1767	785	1215	233	0.8835	0.6075
279	1.1666666666666663	1765	786	1214	235	0.8825	0.607
280	1.1666666666666667	1762	786	1214	238	0.881	0.607
281	1.175	1755	798	1202	245	0.8775	0.601
282	1.1777777777777778	1754	798	1202	246	0.877	0.601
283	1.1785714285714286	1753	798	1202	247	0.8765	0.601
284	1.181818181818182	1752	800	1200	248	0.876	0.6
285	1.1851851851851851	1749	800	1200	251	0.8745	0.6
286	1.1875	1746	800	1200	254	0.873	0.6
287	1.1904761904761905	1745	802	1198	255	0.8725	0.599
288	1.1944444444444444	1744	802	1198	256	0.872	0.599
289	1.2	1743	802	1198	257	0.8715	0.599
290	1.2083333333333333	1738	814	1186	262	0.869	0.593
291	1.2142857142857142	1732	816	1184	268	0.866	0.592
292	1.2222222222222219	1731	816	1184	269	0.8655	0.592
293	1.2222222222222223	1730	817	1183	270	0.865	0.5915
294	1.225	1730	820	1180	270	0.865	0.59
295	1.2272727272727273	1726	820	1180	274	0.863	0.59
296	1.2307692307692308	1725	821	1179	275	0.8625	0.5895
297	1.238095238095238	1724	821	1179	276	0.862	0.5895
298	1.2380952380952381	1724	823	1177	276	0.862	0.5885
299	1.25	1723	823	1177	277	0.8615	0.5885
300	1.2500000000000002	1717	833	1167	283	0.8585	0.5835
301	1.2571428571428571	1717	835	1165	283	0.8585	0.5825
302	1.2592592592592593	1716	835	1165	284	0.858	0.5825
303	1.2666666666666666	1712	835	1165	288	0.856	0.5825
304	1.2727272727272727	1709	836	1164	291	0.8545	0.582
305	1.2777777777777777	1707	836	1164	293	0.8535	0.582
306	1.2777777777777781	1706	836	1164	294	0.853	0.582
307	1.28	1706	837	1163	294	0.853	0.5815
308	1.2857142857142858	1705	837	1163	295	0.8525	0.5815
309	1.2916666666666667	1700	840	1160	300	0.85	0.58
310	1.2954545454545454	1698	843	1157	302	0.849	0.5785
311	1.3	1697	843	1157	303	0.8485	0.5785
312	1.3076923076923077	1696	845	1155	304	0.848	0.5775
313	1.3095238095238095	1694	845	1155	306	0.847	0.5775
314	1.3125	1693	845	1155	307	0.8465	0.5775
315	1.3142857142857145	1689	847	1153	311	0.8445	0.5765
316	1.318181818181818	1688	847	1153	312	0.844	0.5765
317	1.3199999999999998	1687	848	1152	313	0.8435	0.576
318	1.3333333333333333	1685	849	1151	315	0.8425	0.5755
319	1.342857142857143	1676	879	1121	324	0.838	0.5605
320	1.35	1675	879	1121	325	0.8375	0.5605
321	1.3571428571428572	1672	884	1116	328	0.836	0.558
322	1.36	1672	886	1114	328	0.836	0.557
323	1.3611111111111107	1672	887	1113	328	0.836	0.5565
324	1.3636363636363635	1671	887	1113	329	0.8355	0.5565
325	1.3703703703703702	1670	888	1112	330	0.835	0.556
326	1.375	1669	888	1112	331	0.8345	0.556
327	1.3777777777777778	1668	896	1104	332	0.834	0.552
328	1.3809523809523812	1667	896	1104	333	0.8335	0.552
329	1.3888888888888888	1666	898	1102	334	0.833	0.551
330	1.3888888888888893	1665	898	1102	335	0.8325	0.551
331	1.4	1664	902	1098	336	0.832	0.549
332	1.40625	1659	913	1087	341	0.8295	0.5435
333	1.4166666666666667	1658	913	1087	342	0.829	0.5435
334	1.424242424242424	1654	915	1085	346	0.827	0.5425
335	1.4285714285714284	1653	915	1085	347	0.8265	0.5425
336	1.4285714285714286	1653	916	1084	347	0.8265	0.542
337	1.4375	1650	927	1073	350	0.825	0.5365
338	1.4444444444444444	1647	927	1073	353	0.8235	0.5365
339	1.45	1641	930	1070	359	0.8205	0.535
340	1.4545454545454546	1639	932	1068	361	0.8195	0.534
341	1.457142857142857	1636	933	1067	364	0.818	0.5335
342	1.4583333333333333	1635	933	1067	365	0.8175	0.5335
343	1.4666666666666668	1634	934	1066	366	0.817	0.533
344	1.46875	1633	934	1066	367	0.8165	0.533
345	1.4722222222222223	1631	934	1066	369	0.8155	0.533
346	1.4761904761904765	1627	934	1066	373	0.8135	0.533
347	1.5	1626	937	1063	374	0.813	0.5315
348	1.5142857142857142	1614	968	1032	386	0.807	0.516
349	1.5238095238095235	1613	968	1032	387	0.8065	0.516
350	1.5277777777777777	1609	972	1028	391	0.8045	0.514
351	1.5277777777777781	1607	972	1028	393	0.8035	0.514
352	1.5333333333333332	1606	972	1028	394	0.803	0.514
353	1.5333333333333334	1605	974	1026	395	0.8025	0.513
354	1.5357142857142858	1603	974	1026	397	0.8015	0.513
355	1.5416666666666667	1601	974	1026	399	0.8005	0.513
356	1.55	1597	975	1025	403	0.7985	0.5125
357	1.5555555555555556	1595	975	1025	405	0.7975	0.5125
358	1.5625	1590	985	1015	410	0.795	0.5075
359	1.5714285714285714	1587	986	1014	413	0.7935	0.507
360	1.575757575757576	1586	988	1012	414	0.793	0.506
361	1.5833333333333333	1586	989	1011	414	0.793	0.5055
362	1.5882352941176472	1584	989	1011	416	0.792	0.5055
363	1.5925925925925926	1584	990	1010	416	0.792	0.505
364	1.59375	1583	990	1010	417	0.7915	0.505
365	1.6	1581	990	1010	419	0.7905	0.505
366	1.6071428571428572	1572	1001	999	428	0.786	0.4995
367	1.6111111111111107	1571	1001	999	429	0.7855	0.4995
368	1.6111111111111112	1570	1003	997	430	0.785	0.4985
369	1.6190476190476188	1569	1003	997	431	0.7845	0.4985
370	1.625	1566	1004	996	434	0.783	0.498
371	1.6363636363636362	1562	1007	993	438	0.781	0.4965
372	1.6428571428571428	1562	1008	992	438	0.781	0.496
373	1.65	1558	1008	992	442	0.779	0.496
374	1.65625	1555	1009	991	445	0.7775	0.4955
375	1.6666666666666663	1554	1009	991	446	0.777	0.4955
376	1.6666666666666667	1554	1010	990	446	0.777	0.495
377	1.6799999999999995	1541	1024	976	459	0.7705	0.488
378	1.6875	1540	1024	976	460	0.77	0.488
379	1.6969696969696968	1533	1026	974	467	0.7665	0.487
380	1.7	1532	1026	974	468	0.766	0.487
381	1.7037037037037035	1531	1028	972	469	0.7655	0.486
382	1.7142857142857142	1530	1029	971	470	0.765	0.4855
383	1.71875	1528	1033	967	472	0.764	0.4835
384	1.7222222222222223	1527	1033	967	473	0.7635	0.4835
385	1.7333333333333332	1524	1035	965	476	0.762	0.4825
386	1.7333333333333334	1523	1036	964	477	0.7615	0.482
387	1.7407407407407407	1521	1039	961	479	0.7605	0.4805
388	1.7428571428571429	1520	1039	961	480	0.76	0.4805
389	1.75	1519	1039	961	481	0.7595	0.4805
390	1.7500000000000002	1505	1053	947	495	0.7525	0.4735
391	1.7600000000000002	1505	1054	946	495	0.7525	0.473
392	1.761904761904762	1505	1055	945	495	0.7525	0.4725
393	1.7666666666666666	1504	1056	944	496	0.752	0.472
394	1.7666666666666668	1503	1056	944	497	0.7515	0.472
395	1.7714285714285716	1502	1056	944	498	0.751	0.472
396	1.7777777777777777	1501	1056	944	499	0.7505	0.472
397	1.7857142857142858	1500	1060	940	500	0.75	0.47
398	1.7916666666666667	1498	1060	940	502	0.749	0.47
399	1.8	1496	1060	940	504	0.748	0.47
400	1.8095238095238089	1491	1072	928	509	0.7455	0.464
401	1.8125	1489	1072	928	511	0.7445	0.464
402	1.8148148148148149	1485	1073	927	515	0.7425	0.4635
403	1.8214285714285716	1483	1073	927	517	0.7415	0.4635
404	1.8333333333333333	1482	1073	927	518	0.741	0.4635
405	1.851851851851852	1471	1077	923	529	0.7355	0.4615
406	1.8571428571428568	1470	1077	923	530	0.735	0.4615
407	1.857142857142857	1465	1077	923	535	0.7325	0.4615
408	1.8666666666666665	1462	1078	922	538	0.731	0.461
409	1.8666666666666667	1458	1080	920	542	0.729	0.46
410	1.875	1457	1080	920	543	0.7285	0.46
411	1.8846153846153848	1453	1084	916	547	0.7265	0.458
412	1.8888888888888888	1452	1084	916	548	0.726	0.458
413	1.8888888888888893	1451	1084	916	549	0.7255	0.458
414	1.9	1450	1086	914	550	0.725	0.457
415	1.9047619047619049	1448	1086	914	552	0.724	0.457
416	1.9166666666666663	1447	1087	913	553	0.7235	0.4565
417	1.9166666666666667	1446	1087	913	554	0.723	0.4565
418	1.92	1444	1089	911	556	0.722	0.4555
419	1.9259259259259256	1443	1089	911	557	0.7215	0.4555
420	1.9285714285714288	1442	1089	911	558	0.721	0.4555
421	1.933333333333333	1441	1094	906	559	0.7205	0.453
422	1.9333333333333331	1441	1095	905	559	0.7205	0.4525
423	1.9375	1438	1096	904	562	0.719	0.452
424	1.9444444444444444	1435	1097	903	565	0.7175	0.4515
425	1.9523809523809523	1435	1098	902	565	0.7175	0.451
426	1.9545454545454544	1435	1099	901	565	0.7175	0.4505
427	1.9583333333333333	1434	1099	901	566	0.717	0.4505
428	1.96	1432	1099	901	568	0.716	0.4505
429	1.9642857142857144	1431	1099	901	569	0.7155	0.4505
430	2.0	1429	1099	901	571	0.7145	0.4505
431	2.0357142857142856	1403	1138	862	597	0.7015	0.431
432	2.0370370370370368	1402	1138	862	598	0.701	0.431
433	2.0416666666666665	1399	1138	862	601	0.6995	0.431
434	2.055555555555556	1397	1138	862	603	0.6985	0.431
435	2.0625	1395	1138	862	605	0.6975	0.431
436	2.066666666666667	1390	1140	860	610	0.695	0.43
437	2.071428571428572	1389	1142	858	611	0.6945	0.429
438	2.083333333333333	1385	1144	856	615	0.6925	0.428
439	2.090909090909091	1370	1148	852	630	0.685	0.426
440	2.1	1369	1148	852	631	0.6845	0.426
441	2.107142857142857	1366	1149	851	634	0.683	0.4255
442	2.1111111111111107	1364	1149	851	636	0.682	0.4255
443	2.125	1361	1151	849	639	0.6805	0.4245
444	2.1333333333333333	1352	1151	849	648	0.676	0.4245
445	2.142857142857143	1351	1152	848	649	0.6755	0.424
446	2.1428571428571432	1344	1157	843	656	0.672	0.4215
447	2.1481481481481484	1344	1158	842	656	0.672	0.421
448	2.16	1344	1159	841	656	0.672	0.4205
449	2.1666666666666665	1342	1159	841	658	0.671	0.4205
450	2.166666666666667	1335	1163	837	665	0.6675	0.4185
451	2.1875	1335	1164	836	665	0.6675	0.418
452	2.1904761904761902	1330	1168	832	670	0.665	0.416
453	2.2	1327	1168	832	673	0.6635	0.416
454	2.208333333333333	1324	1170	830	676	0.662	0.415
455	2.2142857142857144	1322	1170	830	678	0.661	0.415
456	2.2222222222222223	1318	1174	826	682	0.659	0.413
457	2.227272727272727	1317	1180	820	683	0.6585	0.41
458	2.2285714285714286	1316	1180	820	684	0.658	0.41
459	2.230769230769231	1316	1181	819	684	0.658	0.4095
460	2.238095238095238	1315	1181	819	685	0.6575	0.4095
461	2.24	1314	1181	819	686	0.657	0.4095
462	2.25	1313	1181	819	687	0.6565	0.4095
463	2.2666666666666666	1303	1187	813	697	0.6515	0.4065
464	2.2857142857142856	1302	1188	812	698	0.651	0.406
465	2.2916666666666665	1299	1193	807	701	0.6495	0.4035
466	2.3	1295	1193	807	705	0.6475	0.4035
467	2.3125	1294	1193	807	706	0.647	0.4035
468	2.321428571428572	1293	1193	807	707	0.6465	0.4035
469	2.333333333333333	1292	1193	807	708	0.646	0.4035
470	2.35	1275	1205	795	725	0.6375	0.3975
471	2.357142857142857	1272	1205	795	728	0.636	0.3975
472	2.3600000000000003	1272	1209	791	728	0.636	0.3955
473	2.363636363636364	1271	1209	791	729	0.6355	0.3955
474	2.375	1269	1209	791	731	0.6345	0.3955
475	2.380952380952381	1265	1210	790	735	0.6325	0.395
476	2.3888888888888893	1263	1210	790	737	0.6315	0.395
477	2.4	1262	1210	790	738	0.631	0.395
478	2.4000000000000004	1259	1215	785	741	0.6295	0.3925
479	2.409090909090909	1259	1216	784	741	0.6295	0.392
480	2.4166666666666665	1258	1216	784	742	0.629	0.392
481	2.4285714285714284	1254	1227	773	746	0.627	0.3865
482	2.4375	1250	1227	773	750	0.625	0.3865
483	2.4444444444444438	1250	1228	772	750	0.625	0.386
484	2.4444444444444446	1249	1228	772	751	0.6245	0.386
485	2.45	1247	1229	771	753	0.6235	0.3855
486	2.4545454545454546	1245	1229	771	755	0.6225	0.3855
487	2.458333333333333	1244	1231	769	756	0.622	0.3845
488	2.466666666666667	1240	1231	769	760	0.62	0.3845
489	2.4761904761904763	1239	1232	768	761	0.6195	0.384
490	2.5	1238	1233	767	762	0.619	0.3835
491	2.5000000000000004	1217	1246	754	783	0.6085	0.377
492	2.523809523809524	1217	1251	749	783	0.6085	0.3745
493	2.533333333333333	1216	1251	749	784	0.608	0.3745
494	2.5454545454545454	1214	1251	749	786	0.607	0.3745
495	2.55	1213	1252	748	787	0.6065	0.374
496	2.5555555555555562	1211	1252	748	789	0.6055	0.374
497	2.571428571428572	1209	1253	747	791	0.6045	0.3735
498	2.583333333333333	1208	1257	743	792	0.604	0.3715
499	2.590909090909091	1204	1259	741	796	0.602	0.3705
500	2.6	1203	1259	741	797	0.6015	0.3705
501	2.6111111111111107	1198	1262	738	802	0.599	0.369
502	2.619047619047619	1194	1262	738	806	0.597	0.369
503	2.625	1191	1262	738	809	0.5955	0.369
504	2.642857142857143	1186	1265	735	814	0.593	0.3675
505	2.65	1185	1265	735	815	0.5925	0.3675
506	2.6666666666666665	1184	1265	735	816	0.592	0.3675
507	2.6875	1173	1279	721	827	0.5865	0.3605
508	2.7	1172	1279	721	828	0.586	0.3605
509	2.708333333333333	1166	1284	716	834	0.583	0.358
510	2.714285714285714	1165	1284	716	835	0.5825	0.358
511	2.7142857142857144	1163	1284	716	837	0.5815	0.358
512	2.72	1161	1285	715	839	0.5805	0.3575
513	2.722222222222221	1160	1285	715	840	0.58	0.3575
514	2.7222222222222223	1158	1285	715	842	0.579	0.3575
515	2.727272727272727	1156	1285	715	844	0.578	0.3575
516	2.75	1155	1286	714	845	0.5775	0.357
517	2.761904761904762	1145	1298	702	855	0.5725	0.351
518	2.7619047619047623	1145	1299	701	855	0.5725	0.3505
519	2.7777777777777777	1144	1299	701	856	0.572	0.3505
520	2.7777777777777786	1142	1299	701	858	0.571	0.3505
521	2.7857142857142856	1141	1299	701	859	0.5705	0.3505
522	2.7916666666666665	1140	1300	700	860	0.57	0.35
523	2.8	1139	1300	700	861	0.5695	0.35
524	2.8095238095238098	1128	1307	693	872	0.564	0.3465
525	2.8125	1127	1307	693	873	0.5635	0.3465
526	2.8181818181818183	1125	1308	692	875	0.5625	0.346
527	2.833333333333333	1123	1309	691	877	0.5615	0.3455
528	2.8571428571428568	1115	1313	687	885	0.5575	0.3435
529	2.8666666666666667	1111	1315	685	889	0.5555	0.3425
530	2.875	1110	1315	685	890	0.555	0.3425
531	2.878787878787879	1108	1317	683	892	0.554	0.3415
532	2.88	1108	1318	682	892	0.554	0.341
533	2.888888888888889	1107	1318	682	893	0.5535	0.341
534	2.8928571428571432	1099	1319	681	901	0.5495	0.3405
535	2.9	1098	1319	681	902	0.549	0.3405
536	2.9090909090909087	1093	1328	672	907	0.5465	0.336
537	2.9166666666666665	1092	1330	670	908	0.546	0.335
538	2.9285714285714284	1091	1331	669	909	0.5455	0.3345
539	2.933333333333333	1090	1331	669	910	0.545	0.3345
540	2.9333333333333336	1089	1331	669	911	0.5445	0.3345
541	2.9375	1088	1331	669	912	0.544	0.3345
542	2.9444444444444446	1082	1331	669	918	0.541	0.3345
543	2.95	1080	1331	669	920	0.54	0.3345
544	2.952380952380953	1079	1331	669	921	0.5395	0.3345
545	3.0	1078	1331	669	922	0.539	0.3345
546	3.0476190476190474	1048	1369	631	952	0.524	0.3155
547	3.055555555555556	1047	1371	629	953	0.5235	0.3145
548	3.0625	1046	1371	629	954	0.523	0.3145
549	3.066666666666667	1044	1371	629	956	0.522	0.3145
550	3.083333333333333	1043	1371	629	957	0.5215	0.3145
551	3.0909090909090917	1042	1374	626	958	0.521	0.313
552	3.095238095238096	1041	1374	626	959	0.5205	0.313
553	3.1	1040	1375	625	960	0.52	0.3125
554	3.111111111111111	1037	1377	623	963	0.5185	0.3115
555	3.12	1035	1378	622	965	0.5175	0.311
556	3.125	1035	1379	621	965	0.5175	0.3105
557	3.1333333333333333	1032	1382	618	968	0.516	0.309
558	3.1428571428571432	1031	1382	618	969	0.5155	0.309
559	3.15	1029	1385	615	971	0.5145	0.3075
560	3.1538461538461537	1028	1385	615	972	0.514	0.3075
561	3.1666666666666665	1027	1385	615	973	0.5135	0.3075
562	3.1875	1024	1386	614	976	0.512	0.307
563	3.2	1022	1386	614	978	0.511	0.307
564	3.2142857142857144	1021	1392	608	979	0.5105	0.304
565	3.222222222222221	1020	1393	607	980	0.51	0.3035
566	3.2222222222222223	1019	1394	606	981	0.5095	0.303
567	3.24	1015	1396	604	985	0.5075	0.302
568	3.25	1015	1397	603	985	0.5075	0.3015
569	3.2571428571428567	1005	1397	603	995	0.5025	0.3015
570	3.2727272727272725	1003	1397	603	997	0.5015	0.3015
571	3.272727272727273	1003	1398	602	997	0.5015	0.301
572	3.2857142857142856	1002	1398	602	998	0.501	0.301
573	3.3	998	1403	597	1002	0.499	0.2985
574	3.3142857142857145	994	1405	595	1006	0.497	0.2975
575	3.321428571428572	994	1406	594	1006	0.497	0.297
576	3.333333333333333	994	1407	593	1006	0.497	0.2965
577	3.3571428571428568	986	1415	585	1014	0.493	0.2925
578	3.375	983	1415	585	1017	0.4915	0.2925
579	3.4	977	1421	579	1023	0.4885	0.2895
580	3.4166666666666665	974	1421	579	1026	0.487	0.2895
581	3.4285714285714284	973	1421	579	1027	0.4865	0.2895
582	3.4375	970	1424	576	1030	0.485	0.288
583	3.4444444444444446	969	1424	576	1031	0.4845	0.288
584	3.4545454545454546	966	1428	572	1034	0.483	0.286
585	3.466666666666667	964	1429	571	1036	0.482	0.2855
586	3.5	962	1429	571	1038	0.481	0.2855
587	3.5000000000000004	950	1443	557	1050	0.475	0.2785
588	3.523809523809524	950	1446	554	1050	0.475	0.277
589	3.533333333333333	949	1446	554	1051	0.4745	0.277
590	3.555555555555556	948	1446	554	1052	0.474	0.277
591	3.5625	946	1449	551	1054	0.473	0.2755
592	3.571428571428572	943	1449	551	1057	0.4715	0.2755
593	3.583333333333333	938	1451	549	1062	0.469	0.2745
594	3.6	936	1451	549	1064	0.468	0.2745
595	3.625	932	1456	544	1068	0.466	0.272
596	3.6428571428571432	930	1461	539	1070	0.465	0.2695
597	3.6666666666666665	927	1461	539	1073	0.4635	0.2695
598	3.6818181818181817	916	1466	534	1084	0.458	0.267
599	3.6875	916	1467	533	1084	0.458	0.2665
600	3.7	914	1467	533	1086	0.457	0.2665
601	3.7142857142857135	911	1469	531	1089	0.4555	0.2655
602	3.733333333333333	909	1471	529	1091	0.4545	0.2645
603	3.75	906	1473	527	1094	0.453	0.2635
604	3.7777777777777786	901	1482	518	1099	0.4505	0.259
605	3.7857142857142856	900	1482	518	1100	0.45	0.259
606	3.8	896	1482	518	1104	0.448	0.259
607	3.8125	892	1484	516	1108	0.446	0.258
608	3.8333333333333335	891	1484	516	1109	0.4455	0.258
609	3.84	889	1486	514	1111	0.4445	0.257
610	3.8461538461538463	887	1486	514	1113	0.4435	0.257
611	3.8571428571428568	886	1486	514	1114	0.443	0.257
612	3.8571428571428577	879	1488	512	1121	0.4395	0.256
613	3.8666666666666663	879	1489	511	1121	0.4395	0.2555
614	3.875	877	1489	511	1123	0.4385	0.2555
615	3.888888888888889	872	1491	509	1128	0.436	0.2545
616	3.9	869	1492	508	1131	0.4345	0.254
617	3.9166666666666665	866	1492	508	1134	0.433	0.254
618	3.916666666666667	862	1492	508	1138	0.431	0.254
619	3.9230769230769234	861	1492	508	1139	0.4305	0.254
620	3.928571428571429	860	1492	508	1140	0.43	0.254
621	3.9333333333333336	857	1492	508	1143	0.4285	0.254
622	3.9375	856	1492	508	1144	0.428	0.254
623	4.0	854	1492	508	1146	0.427	0.254
624	4.05	829	1508	492	1171	0.4145	0.246
625	4.071428571428571	829	1509	491	1171	0.4145	0.2455
626	4.083333333333333	828	1509	491	1172	0.414	0.2455
627	4.1	823	1509	491	1177	0.4115	0.2455
628	4.125	822	1509	491	1178	0.411	0.2455
629	4.133333333333334	817	1510	490	1183	0.4085	0.245
630	4.142857142857143	817	1511	489	1183	0.4085	0.2445
631	4.166666666666667	810	1513	487	1190	0.405	0.2435
632	4.2	796	1518	482	1204	0.398	0.241
633	4.214285714285714	795	1523	477	1205	0.3975	0.2385
634	4.25	792	1523	477	1208	0.396	0.2385
635	4.285714285714286	784	1524	476	1216	0.392	0.238
636	4.3	779	1528	472	1221	0.3895	0.236
637	4.3125	776	1528	472	1224	0.388	0.236
638	4.333333333333333	776	1529	471	1224	0.388	0.2355
639	4.357142857142857	769	1539	461	1231	0.3845	0.2305
640	4.363636363636363	768	1539	461	1232	0.384	0.2305
641	4.375	767	1540	460	1233	0.3835	0.23
642	4.3809523809523805	765	1540	460	1235	0.3825	0.23
643	4.4	764	1540	460	1236	0.382	0.23
644	4.416666666666667	758	1544	456	1242	0.379	0.228
645	4.428571428571429	751	1544	456	1249	0.3755	0.228
646	4.4444444444444455	750	1549	451	1250	0.375	0.2255
647	4.48	748	1551	449	1252	0.374	0.2245
648	4.5	747	1551	449	1253	0.3735	0.2245
649	4.545454545454546	736	1562	438	1264	0.368	0.219
650	4.5555555555555545	735	1562	438	1265	0.3675	0.219
651	4.571428571428571	734	1562	438	1266	0.367	0.219
652	4.583333333333333	733	1563	437	1267	0.3665	0.2185
653	4.6	731	1563	437	1269	0.3655	0.2185
654	4.625	726	1565	435	1274	0.363	0.2175
655	4.642857142857143	725	1566	434	1275	0.3625	0.217
656	4.666666666666667	724	1566	434	1276	0.362	0.217
657	4.6875	716	1577	423	1284	0.358	0.2115
658	4.7	716	1578	422	1284	0.358	0.211
659	4.714285714285714	713	1578	422	1287	0.3565	0.211
660	4.75	711	1580	420	1289	0.3555	0.21
661	4.8	708	1581	419	1292	0.354	0.2095
662	4.833333333333333	704	1586	414	1296	0.352	0.207
663	4.875	699	1592	408	1301	0.3495	0.204
664	4.8888888888888875	695	1593	407	1305	0.3475	0.2035
665	4.888888888888889	694	1593	407	1306	0.347	0.2035
666	4.9	693	1593	407	1307	0.3465	0.2035
667	4.909090909090909	686	1593	407	1314	0.343	0.2035
668	4.916666666666667	685	1593	407	1315	0.3425	0.2035
669	4.96875	683	1593	407	1317	0.3415	0.2035
670	5.0	682	1593	407	1318	0.341	0.2035
671	5.000000000000001	665	1602	398	1335	0.3325	0.199
672	5.0625	665	1603	397	1335	0.3325	0.1985
673	5.066666666666666	664	1604	396	1336	0.332	0.198
674	5.083333333333333	664	1606	394	1336	0.332	0.197
675	5.090909090909091	662	1606	394	1338	0.331	0.197
676	5.1	661	1606	394	1339	0.3305	0.197
677	5.111111111111111	660	1606	394	1340	0.33	0.197
678	5.1111111111111125	659	1606	394	1341	0.3295	0.197
679	5.125	658	1606	394	1342	0.329	0.197
680	5.142857142857143	656	1606	394	1344	0.328	0.197
681	5.166666666666667	654	1608	392	1346	0.327	0.196
682	5.2	653	1614	386	1347	0.3265	0.193
683	5.222222222222221	642	1618	382	1358	0.321	0.191
684	5.25	641	1618	382	1359	0.3205	0.191
685	5.285714285714286	640	1620	380	1360	0.32	0.19
686	5.3	638	1620	380	1362	0.319	0.19
687	5.333333333333333	630	1620	380	1370	0.315	0.19
688	5.3571428571428585	623	1626	374	1377	0.3115	0.187
689	5.375	622	1626	374	1378	0.311	0.187
690	5.4	620	1627	373	1380	0.31	0.1865
691	5.428571428571429	615	1632	368	1385	0.3075	0.184
692	5.4444444444444455	614	1632	368	1386	0.307	0.184
693	5.454545454545454	612	1632	368	1388	0.306	0.184
694	5.5	610	1634	366	1390	0.305	0.183
695	5.5555555555555545	596	1645	355	1404	0.298	0.1775
696	5.555555555555557	593	1645	355	1407	0.2965	0.1775
697	5.571428571428571	592	1645	355	1408	0.296	0.1775
698	5.571428571428572	590	1645	355	1410	0.295	0.1775
699	5.6	589	1645	355	1411	0.2945	0.1775
700	5.61904761904762	582	1648	352	1418	0.291	0.176
701	5.666666666666668	581	1648	352	1419	0.2905	0.176
702	5.7	575	1650	350	1425	0.2875	0.175
703	5.7142857142857135	572	1651	349	1428	0.286	0.1745
704	5.727272727272728	571	1652	348	1429	0.2855	0.174
705	5.7333333333333325	571	1653	347	1429	0.2855	0.1735
706	5.75	570	1653	347	1430	0.285	0.1735
707	5.750000000000001	566	1655	345	1434	0.283	0.1725
708	5.777777777777778	566	1656	344	1434	0.283	0.172
709	5.8	561	1658	342	1439	0.2805	0.171
710	5.833333333333332	555	1662	338	1445	0.2775	0.169
711	5.857142857142858	551	1663	337	1449	0.2755	0.1685
712	5.875	549	1663	337	1451	0.2745	0.1685
713	5.9	548	1663	337	1452	0.274	0.1685
714	5.999999999999999	547	1663	337	1453	0.2735	0.1685
715	6.0	547	1664	336	1453	0.2735	0.168
716	6.125	533	1673	327	1467	0.2665	0.1635
717	6.142857142857142	526	1673	327	1474	0.263	0.1635
718	6.1818181818181825	525	1673	327	1475	0.2625	0.1635
719	6.2	524	1674	326	1476	0.262	0.163
720	6.222222222222222	518	1677	323	1482	0.259	0.1615
721	6.25	518	1681	319	1482	0.259	0.1595
722	6.2857142857142865	514	1686	314	1486	0.257	0.157
723	6.333333333333332	514	1687	313	1486	0.257	0.1565
724	6.375	513	1689	311	1487	0.2565	0.1555
725	6.4	511	1689	311	1489	0.2555	0.1555
726	6.428571428571429	509	1695	305	1491	0.2545	0.1525
727	6.444444444444442	508	1696	304	1492	0.254	0.152
728	6.4444444444444455	507	1696	304	1493	0.2535	0.152
729	6.5	506	1697	303	1494	0.253	0.1515
730	6.571428571428571	498	1701	299	1502	0.249	0.1495
731	6.6	497	1701	299	1503	0.2485	0.1495
732	6.625	495	1704	296	1505	0.2475	0.148
733	6.666666666666668	490	1704	296	1510	0.245	0.148
734	6.6923076923076925	485	1707	293	1515	0.2425	0.1465
735	6.7	484	1707	293	1516	0.242	0.1465
736	6.7142857142857135	483	1707	293	1517	0.2415	0.1465
737	6.75	481	1707	293	1519	0.2405	0.1465
738	6.8	476	1710	290	1524	0.238	0.145
739	6.857142857142858	472	1714	286	1528	0.236	0.143
740	6.875	467	1716	284	1533	0.2335	0.142
741	6.888888888888888	464	1716	284	1536	0.232	0.142
742	6.904761904761906	463	1719	281	1537	0.2315	0.1405
743	6.933333333333333	463	1720	280	1537	0.2315	0.14
744	6.933333333333334	463	1721	279	1537	0.2315	0.1395
745	7.0	463	1722	278	1537	0.2315	0.139
746	7.1111111111111125	448	1727	273	1552	0.224	0.1365
747	7.125	446	1728	272	1554	0.223	0.136
748	7.142857142857142	443	1728	272	1557	0.2215	0.136
749	7.166666666666668	441	1728	272	1559	0.2205	0.136
750	7.2	436	1728	272	1564	0.218	0.136
751	7.222222222222222	435	1729	271	1565	0.2175	0.1355
752	7.230769230769233	434	1729	271	1566	0.217	0.1355
753	7.25	433	1729	271	1567	0.2165	0.1355
754	7.2857142857142865	429	1734	266	1571	0.2145	0.133
755	7.333333333333332	424	1734	266	1576	0.212	0.133
756	7.375	421	1741	259	1579	0.2105	0.1295
757	7.384615384615384	419	1741	259	1581	0.2095	0.1295
758	7.4	419	1742	258	1581	0.2095	0.129
759	7.428571428571429	417	1742	258	1583	0.2085	0.129
760	7.5	410	1744	256	1590	0.205	0.128
761	7.555555555555558	404	1751	249	1596	0.202	0.1245
762	7.571428571428571	404	1752	248	1596	0.202	0.124
763	7.6	401	1752	248	1599	0.2005	0.124
764	7.666666666666668	399	1754	246	1601	0.1995	0.123
765	7.7142857142857135	399	1757	243	1601	0.1995	0.1215
766	7.7333333333333325	396	1757	243	1604	0.198	0.1215
767	7.75	395	1758	242	1605	0.1975	0.121
768	7.777777777777778	389	1762	238	1611	0.1945	0.119
769	7.8	389	1764	236	1611	0.1945	0.118
770	7.800000000000002	388	1765	235	1612	0.194	0.1175
771	7.833333333333332	388	1766	234	1612	0.194	0.117
772	7.857142857142858	386	1767	233	1614	0.193	0.1165
773	7.875	384	1767	233	1616	0.192	0.1165
774	8.0	383	1767	233	1617	0.1915	0.1165
775	8.142857142857142	376	1779	221	1624	0.188	0.1105
776	8.166666666666666	372	1779	221	1628	0.186	0.1105
777	8.181818181818182	371	1779	221	1629	0.1855	0.1105
778	8.2	370	1779	221	1630	0.185	0.1105
779	8.222222222222221	368	1779	221	1632	0.184	0.1105
780	8.25	366	1779	221	1634	0.183	0.1105
781	8.285714285714286	362	1782	218	1638	0.181	0.109
782	8.333333333333334	359	1785	215	1641	0.1795	0.1075
783	8.4	354	1791	209	1646	0.177	0.1045
784	8.428571428571429	352	1791	209	1648	0.176	0.1045
785	8.5	351	1791	209	1649	0.1755	0.1045
786	8.533333333333333	347	1795	205	1653	0.1735	0.1025
787	8.545454545454545	346	1795	205	1654	0.173	0.1025
788	8.571428571428571	345	1795	205	1655	0.1725	0.1025
789	8.6	343	1796	204	1657	0.1715	0.102
790	8.666666666666666	341	1796	204	1659	0.1705	0.102
791	8.700000000000001	334	1799	201	1666	0.167	0.1005
792	8.714285714285714	334	1800	200	1666	0.167	0.1
793	8.727272727272727	332	1800	200	1668	0.166	0.1
794	8.75	331	1800	200	1669	0.1655	0.1
795	8.8	331	1805	195	1669	0.1655	0.0975
796	8.833333333333334	329	1807	193	1671	0.1645	0.0965
797	9.0	326	1807	193	1674	0.163	0.0965
798	9.142857142857142	317	1817	183	1683	0.1585	0.0915
799	9.166666666666666	313	1817	183	1687	0.1565	0.0915
800	9.2	310	1817	183	1690	0.155	0.0915
801	9.25	307	1819	181	1693	0.1535	0.0905
802	9.250000000000002	304	1821	179	1696	0.152	0.0895
803	9.333333333333334	304	1822	178	1696	0.152	0.089
804	9.375	302	1827	173	1698	0.151	0.0865
805	9.428571428571429	302	1828	172	1698	0.151	0.086
806	9.454545454545457	302	1830	170	1698	0.151	0.085
807	9.5	301	1830	170	1699	0.1505	0.085
808	9.6	298	1833	167	1702	0.149	0.0835
809	9.642857142857142	294	1836	164	1706	0.147	0.082
810	9.666666666666666	294	1837	163	1706	0.147	0.0815
811	9.714285714285714	292	1839	161	1708	0.146	0.0805
812	9.75	291	1839	161	1709	0.1455	0.0805
813	9.777777777777779	291	1840	160	1709	0.1455	0.08
814	9.8	291	1841	159	1709	0.1455	0.0795
815	9.833333333333334	289	1841	159	1711	0.1445	0.0795
816	9.9	288	1841	159	1712	0.144	0.0795
817	10.0	288	1842	158	1712	0.144	0.079
818	10.000000000000002	276	1848	152	1724	0.138	0.076
819	10.125	274	1849	151	1726	0.137	0.0755
820	10.166666666666666	274	1850	150	1726	0.137	0.075
821	10.2	272	1850	150	1728	0.136	0.075
822	10.222222222222221	269	1850	150	1731	0.1345	0.075
823	10.25	268	1850	150	1732	0.134	0.075
824	10.285714285714286	267	1850	150	1733	0.1335	0.075
825	10.333333333333334	266	1850	150	1734	0.133	0.075
826	10.4	264	1856	144	1736	0.132	0.072
827	10.5	262	1857	143	1738	0.131	0.0715
828	10.6	260	1861	139	1740	0.13	0.0695
829	10.666666666666666	259	1861	139	1741	0.1295	0.0695
830	10.6875	257	1862	138	1743	0.1285	0.069
831	10.8	256	1862	138	1744	0.128	0.069
832	10.875	253	1863	137	1747	0.1265	0.0685
833	10.888888888888893	252	1863	137	1748	0.126	0.0685
834	11.0	251	1863	137	1749	0.1255	0.0685
835	11.111111111111107	248	1866	134	1752	0.124	0.067
836	11.111111111111114	248	1867	133	1752	0.124	0.0665
837	11.142857142857144	248	1868	132	1752	0.124	0.066
838	11.166666666666664	247	1868	132	1753	0.1235	0.066
839	11.2	246	1868	132	1754	0.123	0.066
840	11.25	240	1868	132	1760	0.12	0.066
841	11.333333333333336	237	1869	131	1763	0.1185	0.0655
842	11.4	234	1872	128	1766	0.117	0.064
843	11.5	233	1872	128	1767	0.1165	0.064
844	11.555555555555555	229	1872	128	1771	0.1145	0.064
845	11.6	228	1872	128	1772	0.114	0.064
846	11.625	227	1873	127	1773	0.1135	0.0635
847	11.666666666666664	227	1874	126	1773	0.1135	0.063
848	11.666666666666668	223	1877	123	1777	0.1115	0.0615
849	11.7	223	1878	122	1777	0.1115	0.061
850	11.75	222	1878	122	1778	0.111	0.061
851	11.777777777777779	221	1878	122	1779	0.1105	0.061
852	12.0	219	1878	122	1781	0.1095	0.061
853	12.25	211	1888	112	1789	0.1055	0.056
854	12.333333333333336	207	1888	112	1793	0.1035	0.056
855	12.375	205	1889	111	1795	0.1025	0.0555
856	12.4	205	1890	110	1795	0.1025	0.055
857	12.428571428571427	204	1893	107	1796	0.102	0.0535
858	12.444444444444445	204	1894	106	1796	0.102	0.053
859	12.5	202	1894	106	1798	0.101	0.053
860	12.500000000000002	199	1897	103	1801	0.0995	0.0515
861	12.533333333333333	198	1898	102	1802	0.099	0.051
862	12.75	197	1898	102	1803	0.0985	0.051
863	12.8	191	1898	102	1809	0.0955	0.051
864	12.857142857142858	189	1900	100	1811	0.0945	0.05
865	13.0	189	1901	99	1811	0.0945	0.0495
866	13.111111111111107	182	1906	94	1818	0.091	0.047
867	13.125	181	1906	94	1819	0.0905	0.047
868	13.2	180	1907	93	1820	0.09	0.0465
869	13.25	180	1909	91	1820	0.09	0.0455
870	13.250000000000002	177	1909	91	1823	0.0885	0.0455
871	13.285714285714285	176	1909	91	1824	0.088	0.0455
872	13.333333333333336	176	1911	89	1824	0.088	0.0445
873	13.5	173	1913	87	1827	0.0865	0.0435
874	13.6	169	1917	83	1831	0.0845	0.0415
875	13.714285714285715	167	1919	81	1833	0.0835	0.0405
876	13.75	166	1919	81	1834	0.083	0.0405
877	13.8	162	1919	81	1838	0.081	0.0405
878	13.90909090909091	161	1919	81	1839	0.0805	0.0405
879	14.0	160	1919	81	1840	0.08	0.0405
880	14.000000000000002	153	1922	78	1847	0.0765	0.039
881	14.25	152	1924	76	1848	0.076	0.038
882	14.333333333333336	151	1926	74	1849	0.0755	0.037
883	14.4	150	1926	74	1850	0.075	0.037
884	14.5	149	1927	73	1851	0.0745	0.0365
885	14.571428571428573	148	1928	72	1852	0.074	0.036
886	14.666666666666664	147	1928	72	1853	0.0735	0.036
887	14.666666666666668	146	1930	70	1854	0.073	0.035
888	14.857142857142858	145	1930	70	1855	0.0725	0.035
889	15.0	144	1930	70	1856	0.072	0.035
890	15.111111111111107	139	1932	68	1861	0.0695	0.034
891	15.142857142857142	139	1933	67	1861	0.0695	0.0335
892	15.25	136	1933	67	1864	0.068	0.0335
893	15.333333333333336	135	1933	67	1865	0.0675	0.0335
894	15.5	134	1933	67	1866	0.067	0.0335
895	15.500000000000002	133	1934	66	1867	0.0665	0.033
896	15.599999999999998	133	1936	64	1867	0.0665	0.032
897	15.6	133	1937	63	1867	0.0665	0.0315
898	15.666666666666664	133	1938	62	1867	0.0665	0.031
899	15.857142857142858	131	1938	62	1869	0.0655	0.031
900	16.0	131	1939	61	1869	0.0655	0.0305
901	16.153846153846153	126	1943	57	1874	0.063	0.0285
902	16.25	125	1943	57	1875	0.0625	0.0285
903	16.285714285714285	124	1943	57	1876	0.062	0.0285
904	16.285714285714292	122	1943	57	1878	0.061	0.0285
905	16.333333333333332	122	1944	56	1878	0.061	0.028
906	16.5	119	1944	56	1881	0.0595	0.028
907	16.571428571428573	117	1947	53	1883	0.0585	0.0265
908	16.666666666666668	116	1947	53	1884	0.058	0.0265
909	16.714285714285715	111	1948	52	1889	0.0555	0.026
910	16.75	110	1948	52	1890	0.055	0.026
911	16.8	109	1948	52	1891	0.0545	0.026
912	17.0	108	1948	52	1892	0.054	0.026
913	17.000000000000004	107	1949	51	1893	0.0535	0.0255
914	17.142857142857142	106	1949	51	1894	0.053	0.0255
915	17.2	105	1949	51	1895	0.0525	0.0255
916	17.25	104	1949	51	1896	0.052	0.0255
917	17.333333333333332	103	1949	51	1897	0.0515	0.0255
918	17.400000000000002	100	1950	50	1900	0.05	0.025
919	17.5	99	1951	49	1901	0.0495	0.0245
920	18.0	99	1952	48	1901	0.0495	0.024
921	18.33333333333333	94	1957	43	1906	0.047	0.0215
922	18.4	92	1957	43	1908	0.046	0.0215
923	18.5	91	1957	43	1909	0.0455	0.0215
924	18.6	89	1958	42	1911	0.0445	0.021
925	18.666666666666668	88	1958	42	1912	0.044	0.021
926	18.8	88	1960	40	1912	0.044	0.02
927	19.0	86	1960	40	1914	0.043	0.02
928	19.2	85	1960	40	1915	0.0425	0.02
929	19.428571428571427	84	1960	40	1916	0.042	0.02
930	19.5	84	1961	39	1916	0.042	0.0195
931	19.6	82	1962	38	1918	0.041	0.019
932	19.666666666666668	81	1962	38	1919	0.0405	0.019
933	19.714285714285715	80	1962	38	1920	0.04	0.019
934	19.8	79	1962	38	1921	0.0395	0.019
935	20.0	79	1963	37	1921	0.0395	0.0185
936	20.000000000000004	75	1965	35	1925	0.0375	0.0175
937	20.4	75	1966	34	1925	0.0375	0.017
938	20.5	74	1967	33	1926	0.037	0.0165
939	20.571428571428573	73	1967	33	1927	0.0365	0.0165
940	20.8	71	1967	33	1929	0.0355	0.0165
941	21.0	70	1967	33	1930	0.035	0.0165
942	21.33333333333333	68	1968	32	1932	0.034	0.016
943	21.375	68	1970	30	1932	0.034	0.015
944	21.5	66	1970	30	1934	0.033	0.015
945	21.75	65	1970	30	1935	0.0325	0.015
946	22.0	64	1970	30	1936	0.032	0.015
947	22.66666666666667	63	1972	28	1937	0.0315	0.014
948	23.0	63	1973	27	1937	0.0315	0.0135
949	23.142857142857146	61	1973	27	1939	0.0305	0.0135
950	24.0	59	1973	27	1941	0.0295	0.0135
951	24.166666666666664	56	1975	25	1944	0.028	0.0125
952	24.5	56	1976	24	1944	0.028	0.012
953	24.8	53	1976	24	1947	0.0265	0.012
954	25.0	52	1976	24	1948	0.026	0.012
955	25.000000000000004	51	1977	23	1949	0.0255	0.0115
956	25.5	50	1977	23	1950	0.025	0.0115
957	26.0	49	1977	23	1951	0.0245	0.0115
958	26.25	48	1977	23	1952	0.024	0.0115
959	26.5	48	1978	22	1952	0.024	0.011
960	27.0	46	1978	22	1954	0.023	0.011
961	27.5	45	1978	22	1955	0.0225	0.011
962	27.857142857142854	44	1978	22	1956	0.022	0.011
963	28.0	43	1978	22	1957	0.0215	0.011
964	28.5	40	1981	19	1960	0.02	0.0095
965	29.6	38	1981	19	1962	0.019	0.0095
966	30.0	38	1982	18	1962	0.019	0.009
967	30.66666666666667	35	1984	16	1965	0.0175	0.008
968	30.75	34	1984	16	1966	0.017	0.008
969	31.0	33	1985	15	1967	0.0165	0.0075
970	31.33333333333333	33	1987	13	1967	0.0165	0.0065
971	31.5	32	1987	13	1968	0.016	0.0065
972	33.0	31	1987	13	1969	0.0155	0.0065
973	33.333333333333336	28	1989	11	1972	0.014	0.0055
974	33.6	26	1989	11	1974	0.013	0.0055
975	34.0	25	1989	11	1975	0.0125	0.0055
976	34.00000000000001	24	1989	11	1976	0.012	0.0055
977	34.666666666666664	24	1991	9	1976	0.012	0.0045
978	35.0	23	1991	9	1977	0.0115	0.0045
979	35.333333333333336	22	1991	9	1978	0.011	0.0045
980	36.0	20	1991	9	1980	0.01	0.0045
981	37.0	19	1991	9	1981	0.0095	0.0045
982	37.5	19	1992	8	1981	0.0095	0.004
983	38.0	18	1993	7	1982	0.009	0.0035
984	38.75	17	1993	7	1983	0.0085	0.0035
985	39.0	17	1994	6	1983	0.0085	0.003
986	39.333333333333336	17	1995	5	1983	0.0085	0.0025
987	40.5	16	1995	5	1984	0.008	0.0025
988	41.333333333333336	15	1995	5	1985	0.0075	0.0025
989	42.0	15	1996	4	1985	0.0075	0.002
990	44.0	15	1997	3	1985	0.0075	0.0015
991	45.0	14	1998	2	1986	0.007	0.001
992	46.0	13	1998	2	1987	0.0065	0.001
993	46.5	12	1998	2	1988	0.006	0.001
994	48.0	11	1998	2	1989	0.0055	0.001
995	50.0	9	1998	2	1991	0.0045	0.001
996	51.0	8	1998	2	1992	0.004	0.001
997	56.0	8	1999	1	1992	0.004	0.0005
998	57.0	7	1999	1	1993	0.0035	0.0005
999	63.0	6	1999	1	1994	0.003	0.0005
1000	64.0	5	1999	1	1995	0.0025	0.0005
1001	66.25	5	2000	0	1995	0.0025	0.0
1002	72.0	4	2000	0	1996	0.002	0.0
1003	74.0	3	2000	0	1997	0.0015	0.0
1004	79.5	2	2000	0	1998	0.001	0.0
1005	84.0	1	2000	0	1999	0.0005	0.0
