	IterId	dN	dS	pN	pS	bdN	bpN	MkScore	FSPVal	SelCoef	PosSel
0	Iter0001	49	7	2	0	21	2	2.083333333333333	1.0	0.4387779094000001	1
1	Iter0002	39	4	1	2	23	1	19.5	0.04084321475625951	0.6444224195954099	1
2	Iter0003	53	5	3	0	27	1	2.25	1.0	0.6220594927299999	1
3	Iter0004	50	8	1	0	22	0	2.833333333333333	1.0	0.46234491671	1
4	Iter0005	53	6	2	1	25	1	4.416666666666667	0.3063194077207877	0.5313148410039931	1
5	Iter0006	57	8	1	1	26	1	7.125	0.2523744911804547	0.5639379458902101	1
6	Iter0007	55	7	4	1	20	1	1.9642857142857144	0.4816143640770135	0.3867052502000001	1
7	Iter0008	56	6	0	0	28	0	8.142857142857142	1.0	0.5764807808	1
8	Iter0009	52	3	2	0	18	0	4.416666666666667	1.0	0.399088848863	1
9	Iter0010	53	4	2	1	22	1	6.625	0.2333430742255879	0.3791093093653	1
10	Iter0011	40	6	1	1	15	0	6.666666666666668	0.2730496453900661	0.25064478023000003	1
11	Iter0012	55	4	1	0	22	0	5.6	1.0	0.388254983	1
12	Iter0013	55	4	2	0	22	2	3.733333333333333	1.0	0.5448714679000001	1
13	Iter0014	35	4	4	2	20	2	4.375	0.1753081008611286	0.57763876	1
14	Iter0015	57	8	2	1	24	2	3.5625	0.35132492617126176	0.503532733045	1
15	Iter0016	53	8	0	0	21	0	6.0	1.0	0.4001498094383101	1
16	Iter0017	49	3	4	1	21	2	4.083333333333333	0.31463760411130504	0.540392676	1
17	Iter0018	47	1	4	0	22	3	4.8	1.0	0.4940666208	1
18	Iter0019	62	8	4	0	24	1	1.4	1.0	0.4496285911670001	1
19	Iter0020	51	4	2	2	16	2	12.75	0.04777797796654281	0.36161194543	1
20	Iter0021	53	6	2	0	23	1	2.571428571428572	1.0	0.6467410291499999	1
21	Iter0022	47	3	1	2	15	1	31.33333333333333	0.0209169299069396	0.31873348043199995	1
22	Iter0023	55	9	2	0	21	2	1.8666666666666665	1.0	0.5406048936000001	1
23	Iter0024	50	12	2	0	26	0	1.3076923076923077	1.0	0.5856804025165999	1
24	Iter0025	51	8	2	0	17	0	1.9259259259259256	1.0	0.30502119679999995	1
25	Iter0026	49	6	7	1	17	4	1.1666666666666663	1.0	0.2746858681	1
26	Iter0027	53	8	1	0	22	1	3.0	1.0	0.40514668963889994	1
27	Iter0028	54	8	3	0	21	0	1.5277777777777777	1.0	0.44889960674208	1
28	Iter0029	55	6	1	0	25	1	4.0	1.0	0.5032558395982	1
29	Iter0030	65	2	2	1	22	1	16.25	0.12486298867374035	0.6351395720000002	1
30	Iter0031	59	5	0	0	23	0	10.0	1.0	0.6167144105831	1
31	Iter0032	63	6	2	0	25	0	3.0476190476190474	1.0	0.578967499406	1
32	Iter0033	47	9	3	1	14	2	1.7407407407407407	0.5277205286740857	0.27237714510600003	1
33	Iter0034	48	4	2	4	22	0	24.0	0.0021884426568876585	0.5007725778641856	1
34	Iter0035	41	6	1	0	16	1	3.0	1.0	0.3527304586901	1
35	Iter0036	54	6	2	1	22	0	4.5	0.3019566367001733	0.4098213289961599	1
36	Iter0037	55	5	2	1	23	1	5.5	0.26317644985016925	0.5467329225499707	1
37	Iter0038	59	5	0	0	31	0	10.0	1.0	0.65195476966	1
38	Iter0039	53	5	2	0	26	1	3.0	1.0	0.46592696152000007	1
39	Iter0040	52	6	0	1	21	0	15.142857142857142	0.11864406779661385	0.44522212000000005	1
40	Iter0041	54	9	1	0	20	0	2.75	1.0	0.5564518745699999	1
41	Iter0042	44	8	6	1	17	5	0.9166666666666666	1.0	0.37349738475999994	1
42	Iter0043	49	7	3	1	22	0	2.333333333333333	0.4448204087073419	0.5976279289809999	1
43	Iter0044	50	5	1	1	24	0	10.0	0.2011278195488851	0.5487140350999999	1
44	Iter0045	50	6	0	1	21	0	14.571428571428573	0.12280701754386347	0.5016046311000001	1
45	Iter0046	48	5	5	2	21	0	3.84	0.18477524949579446	0.38605374071500004	1
46	Iter0047	43	6	4	0	19	2	1.2571428571428571	1.0	0.35090034087592503	1
47	Iter0048	41	12	0	4	22	0	16.153846153846153	0.0046074782916890045	0.4672478373999999	1
48	Iter0049	55	2	6	2	25	2	9.166666666666666	0.07082299421009232	0.46767960789490004	1
49	Iter0050	48	6	1	1	14	1	8.0	0.2363636363636371	0.32754381109172	1
50	Iter0051	39	11	3	1	16	3	1.181818181818182	1.0	0.2835682625	1
51	Iter0052	57	7	1	1	22	0	8.142857142857142	0.2293706293706339	0.5367712899996999	1
52	Iter0053	59	4	4	1	19	3	3.6875	0.3257136712058584	0.308242835	1
53	Iter0054	39	8	1	1	18	0	4.875	0.33673469387756405	0.35920434149200003	1
54	Iter0055	57	6	1	0	27	0	4.142857142857143	1.0	0.6615084671	1
55	Iter0056	52	6	1	1	20	0	8.666666666666666	0.2214689265536712	0.39934362706145	1
56	Iter0057	49	5	0	2	26	0	25.000000000000004	0.01363636363636378	0.5702122510000002	1
57	Iter0058	51	7	2	0	23	1	2.1666666666666665	1.0	0.49420154871000005	1
58	Iter0059	57	3	4	0	21	1	2.9	1.0	0.3866903017259999	1
59	Iter0060	53	4	1	1	25	0	13.25	0.16364699006428834	0.5286519979983	1
60	Iter0061	50	5	0	0	14	0	8.5	1.0	0.367955358	1
61	Iter0062	47	4	4	1	21	3	2.9375	0.3850332057879173	0.33177159110000004	1
62	Iter0063	56	8	3	3	22	0	7.0	0.04542798500121867	0.6394711362175424	1
63	Iter0064	48	7	2	1	20	1	3.4285714285714284	0.3647912885662513	0.48055939949500004	1
64	Iter0065	50	7	2	0	20	0	2.125	1.0	0.45667838960600005	1
65	Iter0066	52	6	2	0	22	1	2.523809523809524	1.0	0.5399677660129001	1
66	Iter0067	56	5	2	1	22	2	5.6	0.2594086021505416	0.45963212552500005	1
67	Iter0068	53	3	3	6	25	2	35.333333333333336	7.459078601831546e-05	0.523517956087	1
68	Iter0069	42	6	5	0	18	2	1.023809523809524	1.0	0.42416685680780003	1
69	Iter0070	57	5	3	0	24	1	2.4166666666666665	1.0	0.46514254292999996	1
70	Iter0071	51	3	0	0	16	0	13.0	1.0	0.4348867737658397	1
71	Iter0072	41	5	4	0	16	1	1.4	1.0	0.42725112550000005	1
72	Iter0073	41	5	0	1	21	0	14.0	0.12765957446808268	0.38826341000000003	1
73	Iter0074	57	4	2	3	25	1	21.375	0.0069342619745845595	0.616059696	1
74	Iter0075	55	10	3	0	33	0	1.2727272727272727	1.0	0.6294403670797903	1
75	Iter0076	49	6	3	0	18	1	1.7857142857142858	1.0	0.417185764	1
76	Iter0077	39	5	0	1	15	0	13.333333333333336	0.13333333333332786	0.31147822191	1
77	Iter0078	50	12	2	0	21	1	1.3076923076923077	1.0	0.49924119154400004	1
78	Iter0079	48	6	1	0	19	0	3.5	1.0	0.40990729389	1
79	Iter0080	38	9	3	0	17	1	0.975	1.0	0.43471951332000003	1
80	Iter0081	58	6	1	0	30	0	4.214285714285714	1.0	0.84828888	1
81	Iter0082	55	7	4	1	22	1	1.9642857142857144	0.4816143640770135	0.5681844847836999	1
82	Iter0083	43	4	3	0	14	2	2.2	1.0	0.1855985114	1
83	Iter0084	42	6	1	1	20	0	7.0	0.26285714285714784	0.489749476855337	1
84	Iter0085	43	9	0	0	22	0	4.4	1.0	0.48207406282738	1
85	Iter0086	51	4	1	0	24	0	5.2	1.0	0.5434756728100001	1
86	Iter0087	51	2	0	1	18	0	34.666666666666664	0.05555555555555571	0.42443402930325	1
87	Iter0088	53	5	0	0	22	0	9.0	1.0	0.5223185625269999	1
88	Iter0089	52	8	0	1	25	0	11.777777777777779	0.14754098360655835	0.5431282361729483	1
89	Iter0090	36	3	0	0	14	0	9.25	1.0	0.39253906	1
90	Iter0091	51	7	1	1	20	0	7.2857142857142865	0.2508474576271135	0.4467874729210001	1
91	Iter0092	59	6	8	0	25	2	0.9523809523809524	1.0	0.48227820920000003	1
92	Iter0093	45	6	2	0	24	1	2.1904761904761902	1.0	0.5827871318880999	1
93	Iter0094	59	7	4	1	28	0	2.107142857142857	0.4601462268284661	0.5433669567007	1
94	Iter0095	57	8	2	3	22	0	10.6875	0.024972870394101173	0.39900296945339997	1
95	Iter0096	61	6	2	2	31	0	10.166666666666666	0.05998342999171551	0.9847373728616967	1
96	Iter0097	48	4	1	3	19	0	36.0	0.004764627406136785	0.3984622451903973	1
97	Iter0098	45	7	3	0	21	1	1.4375	1.0	0.4271514247699999	1
98	Iter0099	49	8	3	2	24	2	4.083333333333333	0.18000179879406908	0.5099143216398828	1
99	Iter0100	46	12	0	1	16	0	7.230769230769232	0.2203389830508569	0.40894581673200997	1
100	Iter0101	45	7	0	1	20	0	11.5	0.1509433962264145	0.466702291837677	1
101	Iter0102	44	4	0	0	16	0	9.0	1.0	0.38174022504	1
102	Iter0103	54	11	1	1	25	1	4.909090909090909	0.3283582089552153	0.4819960918234	1
103	Iter0104	44	7	0	1	18	0	11.25	0.1538461538461553	0.38949074131284	1
104	Iter0105	61	4	1	0	33	0	6.2	1.0	0.6494727882300001	1
105	Iter0106	51	5	2	0	24	2	2.888888888888889	1.0	0.5705955974000001	1
106	Iter0107	59	9	0	0	21	0	6.0	1.0	0.4334824580879009	1
107	Iter0108	70	6	2	2	27	1	11.666666666666664	0.04784456050278984	0.554380008398	1
108	Iter0109	48	5	6	0	23	3	1.1666666666666663	1.0	0.5293106069999999	1
109	Iter0110	57	6	2	0	24	0	2.7619047619047623	1.0	0.5320711731000001	1
110	Iter0111	54	5	0	0	21	0	9.166666666666666	1.0	0.4306577051474	1
111	Iter0112	49	11	1	0	19	1	2.083333333333333	1.0	0.3488875184	1
112	Iter0113	48	4	2	1	25	1	6.0	0.2529064227177355	0.6030743595200001	1
113	Iter0114	52	5	2	2	23	0	10.4	0.061273725460136236	0.46550749076090003	1
114	Iter0115	52	4	3	0	21	1	2.65	1.0	0.5284942181000002	1
115	Iter0116	36	7	2	0	15	0	1.5416666666666667	1.0	0.33322921546196	1
116	Iter0117	44	8	1	1	18	0	5.5	0.3081761006289403	0.3752565368	1
117	Iter0118	58	8	0	1	22	0	13.111111111111109	0.13432835820895234	0.5305057252900001	1
118	Iter0119	66	4	1	2	32	1	33.0	0.016480159495786816	0.7135705170874101	1
119	Iter0120	39	7	2	2	16	2	5.571428571428571	0.14368215371254978	0.33513968389999993	1
120	Iter0121	41	3	3	0	14	0	2.625	1.0	0.2965897010730152	1
121	Iter0122	39	4	2	0	19	1	2.6666666666666665	1.0	0.4585341491619841	1
122	Iter0123	42	5	11	0	17	6	0.5972222222222222	0.5718102728084761	0.48407726687	1
123	Iter0124	52	12	3	0	24	1	1.0192307692307692	1.0	0.524226801	1
124	Iter0125	50	6	2	1	19	0	4.166666666666667	0.3201882555600167	0.310815975324	1
125	Iter0126	54	4	2	0	23	1	3.6666666666666665	1.0	0.46413354439799814	1
126	Iter0127	51	13	2	2	21	1	3.9230769230769234	0.2089552238805928	0.5665847913	1
127	Iter0128	40	5	4	1	23	1	2.0	0.4874322717061101	0.52766167	1
128	Iter0129	48	8	2	1	25	1	3.0	0.3970900366052557	0.5905160870800003	1
129	Iter0130	46	10	0	1	21	0	8.545454545454545	0.1929824561403596	0.46530171	1
130	Iter0131	48	9	0	0	15	0	4.9	1.0	0.31028446865579995	1
131	Iter0132	64	6	0	2	19	0	27.857142857142858	0.01095461658841902	0.38403752611010006	1
132	Iter0133	41	7	0	1	20	0	10.5	0.16326530612245158	0.45835349400000003	1
133	Iter0134	52	6	0	0	24	0	7.571428571428571	1.0	0.4821685984798	1
134	Iter0135	57	8	1	3	22	0	21.375	0.011451692941939658	0.48803825150999997	1
135	Iter0136	47	3	2	0	23	1	4.0	1.0	0.52649958787	1
136	Iter0137	54	4	3	0	22	3	2.75	1.0	0.36100945949999996	1
137	Iter0138	52	6	6	0	21	1	1.0816326530612244	1.0	0.49708199520000007	1
138	Iter0139	53	6	1	1	21	1	8.833333333333334	0.21803278688523947	0.40136424667000004	1
139	Iter0140	44	6	2	0	13	1	2.142857142857143	1.0	0.27658017	1
140	Iter0141	51	11	3	2	22	0	3.0909090909090917	0.24683805000968606	0.47438304002028403	1
141	Iter0142	45	7	0	0	13	0	5.75	1.0	0.25599424726099995	1
142	Iter0143	41	8	2	0	22	2	1.5555555555555556	1.0	0.415467316	1
143	Iter0144	53	10	1	1	22	1	5.3	0.3120192307692303	0.4960027713000001	1
144	Iter0145	48	5	3	4	21	3	12.8	0.0072213102758491715	0.49040833200000006	1
145	Iter0146	46	7	2	0	20	0	1.9583333333333333	1.0	0.517276158425	1
146	Iter0147	42	7	6	0	19	3	0.7678571428571429	1.0	0.54957122197411	1
147	Iter0148	48	7	2	2	22	0	6.857142857142858	0.10640130425421086	0.45757992896770006	1
148	Iter0149	48	8	1	2	18	0	12.0	0.07151865637208167	0.27308639416	1
149	Iter0150	61	4	1	1	26	0	15.25	0.14473089099953532	0.5498024674509999	1
150	Iter0151	52	5	1	0	23	0	4.416666666666667	1.0	0.4999446499676882	1
151	Iter0152	46	7	2	0	23	2	1.9583333333333333	1.0	0.4961660408300001	1
152	Iter0153	47	6	1	1	26	0	7.833333333333332	0.2404040404040361	0.6959733637475499	1
153	Iter0154	54	6	2	0	17	0	2.619047619047619	1.0	0.3163673248	1
154	Iter0155	49	11	2	0	22	2	1.3888888888888893	1.0	0.5300171258209601	1
155	Iter0156	53	5	4	2	21	0	5.3	0.1250610608681591	0.40787307145999996	1
156	Iter0157	39	8	3	1	17	2	1.625	0.552100840336124	0.31704652409089995	1
157	Iter0158	41	2	1	1	19	0	20.5	0.13030303030302626	0.42594764094040904	1
158	Iter0159	52	8	3	0	23	2	1.4722222222222223	1.0	0.5520304657986	1
159	Iter0160	57	3	1	2	27	1	38.0	0.014857344312659724	0.49708428720999986	1
160	Iter0161	53	6	0	2	23	0	23.142857142857146	0.015300546448087112	0.48342907246999994	1
161	Iter0162	54	3	2	0	23	0	4.583333333333333	1.0	0.5092957904	1
162	Iter0163	58	6	3	2	25	3	6.444444444444443	0.09917023720130837	0.6165506452	1
163	Iter0164	50	8	0	1	24	0	11.333333333333336	0.15254237288135855	0.49444721502000005	1
164	Iter0165	43	5	1	0	15	0	3.6666666666666665	1.0	0.42356074200000005	1
165	Iter0166	46	7	1	0	16	0	2.9375	1.0	0.3518501866	1
166	Iter0167	49	5	3	0	20	0	2.083333333333333	1.0	0.41608755250000007	1
167	Iter0168	57	8	1	2	25	0	14.25	0.054473621198816234	0.503608717101	1
168	Iter0169	49	7	1	1	18	0	7.0	0.25892316999395565	0.47472696999993896	1
169	Iter0170	38	4	0	0	17	0	7.8	1.0	0.43879718159999986	1
170	Iter0171	43	5	2	1	23	1	4.3	0.3186074429771939	0.6303470726	1
171	Iter0172	67	2	1	0	24	0	11.333333333333336	1.0	0.5216726987110001	1
172	Iter0173	55	9	3	1	22	1	2.0370370370370368	0.4790301884243698	0.4774724744999333	1
173	Iter0174	64	7	2	0	32	0	2.708333333333333	1.0	0.7868403031000002	1
174	Iter0175	57	6	1	0	26	0	4.142857142857143	1.0	0.6052126420924373	1
175	Iter0176	37	6	1	0	15	1	2.7142857142857144	1.0	0.3495422242701127	1
176	Iter0177	48	6	5	0	18	4	1.1666666666666667	1.0	0.40584192323	1
177	Iter0178	47	3	4	1	19	3	3.9166666666666665	0.32474234361025395	0.38116688669928006	1
178	Iter0179	51	9	2	0	21	0	1.7333333333333334	1.0	0.4822340567769705	1
179	Iter0180	43	3	4	1	12	3	3.583333333333333	0.3469987995198013	0.4695510829999957	1
180	Iter0181	48	3	2	1	25	1	8.0	0.20980487018222835	0.58591037	1
181	Iter0182	46	8	4	0	21	1	1.0444444444444445	1.0	0.38747741198	1
182	Iter0183	59	6	1	0	29	0	4.285714285714286	1.0	0.6356456371799999	1
183	Iter0184	53	8	2	0	28	0	2.0	1.0	0.6806821230841571	1
184	Iter0185	44	3	5	1	22	1	2.933333333333333	0.3908819260650477	0.5358083521	1
185	Iter0186	55	9	1	0	21	0	2.8	1.0	0.5196924747325401	1
186	Iter0187	62	7	0	0	25	0	7.875	1.0	0.442787638223637	1
187	Iter0188	45	4	0	0	20	0	9.2	1.0	0.32460053799999994	1
188	Iter0189	43	5	1	0	16	1	3.6666666666666665	1.0	0.366557257955	1
189	Iter0190	47	6	1	0	22	1	3.4285714285714284	1.0	0.358539865	1
190	Iter0191	46	6	5	2	24	0	3.066666666666667	0.23830806983050476	0.543677881	1
191	Iter0192	44	5	2	1	18	1	4.4	0.3131221719456864	0.34433740716100003	1
192	Iter0193	50	8	4	1	20	3	1.5625	0.5500670309084987	0.419627968	1
193	Iter0194	47	12	2	0	24	0	1.2307692307692308	1.0	0.6022262800800001	1
194	Iter0195	47	4	1	0	21	1	4.8	1.0	0.3884712800000001	1
195	Iter0196	56	8	2	4	22	1	14.0	0.006597936933471653	0.505481128625959	1
196	Iter0197	52	4	0	0	20	0	10.6	1.0	0.4040970755566	1
197	Iter0198	51	8	0	0	21	0	5.777777777777778	1.0	0.40949043626500004	1
198	Iter0199	47	3	4	1	21	3	3.9166666666666665	0.32474234361025395	0.546860010496175	1
199	Iter0200	51	5	2	0	24	1	2.888888888888889	1.0	0.5171468671099999	1
200	Iter0201	60	6	0	0	25	0	8.714285714285714	1.0	0.48739585700000004	1
201	Iter0202	53	8	3	2	25	2	4.416666666666667	0.16160049627791387	0.5185439441999999	1
202	Iter0203	57	7	3	0	17	1	1.8125	1.0	0.34573333609421003	1
203	Iter0204	48	9	3	0	19	1	1.225	1.0	0.4880419281621161	1
204	Iter0205	54	6	5	0	21	2	1.3095238095238095	1.0	0.5562113805287998	1
205	Iter0206	57	6	3	0	22	0	2.071428571428572	1.0	0.47900695905253216	1
206	Iter0207	53	4	1	2	24	0	26.5	0.02425482174167006	0.6224756100000001	1
207	Iter0208	58	5	3	1	21	1	3.8666666666666663	0.3191537939672223	0.51765864506	1
208	Iter0209	59	7	3	2	28	2	5.61904761904762	0.11738192640209626	0.584071608101	1
209	Iter0210	39	7	1	1	22	0	5.571428571428571	0.30851063829787395	0.4871956462959145	1
210	Iter0211	56	5	4	2	19	1	5.6	0.11524797622534955	0.4073667056099999	1
211	Iter0212	53	5	6	1	17	3	1.7666666666666666	0.5099769149412194	0.41224100558000004	1
212	Iter0213	55	6	0	1	25	0	16.0	0.11290322580645692	0.5397865796	1
213	Iter0214	56	2	1	0	23	1	9.5	1.0	0.475315829111	1
214	Iter0215	48	3	0	0	25	0	12.25	1.0	0.50607599569	1
215	Iter0216	65	3	3	0	25	0	4.125	1.0	0.5322333222112999	1
216	Iter0217	39	4	1	0	13	1	4.0	1.0	0.28242225702745816	1
217	Iter0218	44	4	2	0	22	0	3.0	1.0	0.5077673192078	1
218	Iter0219	48	3	1	0	20	0	6.125	1.0	0.3786219259	1
219	Iter0220	44	6	1	0	23	1	3.2142857142857144	1.0	0.5120526517	1
220	Iter0221	47	5	3	4	18	1	12.533333333333333	0.007703914020133038	0.37864646999999996	1
221	Iter0222	56	6	0	0	24	0	8.142857142857142	1.0	0.529841856	1
222	Iter0223	53	5	1	0	20	0	4.5	1.0	0.32979723905	1
223	Iter0224	48	12	1	0	16	1	1.8846153846153848	1.0	0.22190373296086	1
224	Iter0225	42	10	1	0	16	1	1.9545454545454544	1.0	0.4057066447	1
225	Iter0226	47	3	2	1	23	1	7.833333333333332	0.2135234354990042	0.41589836440000005	1
226	Iter0227	53	5	2	1	20	0	5.3	0.2710475131981078	0.4642344432953698	1
227	Iter0228	60	7	1	1	29	1	8.571428571428571	0.2199488491048562	0.7101256423991001	1
228	Iter0229	49	3	2	0	21	1	4.166666666666667	1.0	0.5093507615231729	1
229	Iter0230	63	8	2	1	25	0	3.9375	0.326175490559057	0.5251889603240002	1
230	Iter0231	49	4	1	2	18	0	24.5	0.027777777777777787	0.3482441810000001	1
231	Iter0232	49	2	2	0	22	1	5.555555555555557	1.0	0.40004767325	1
232	Iter0233	64	6	3	0	28	0	2.321428571428572	1.0	0.5651413682325936	1
233	Iter0234	49	7	0	0	22	0	6.25	1.0	0.5734260701872919	1
234	Iter0235	48	6	4	1	26	3	2.0	0.4808710315185691	0.62418089343	1
235	Iter0236	56	5	4	0	28	2	1.9	1.0	0.5822319549999999	1
236	Iter0237	47	4	3	1	20	2	3.9166666666666665	0.32474234361025395	0.551768267004	1
237	Iter0238	39	3	0	1	18	0	20.0	0.09302325581395188	0.3865593956700001	1
238	Iter0239	43	11	3	0	21	0	0.9166666666666666	1.0	0.4086236660000001	1
239	Iter0240	52	3	3	1	19	0	5.777777777777778	0.2506360875889473	0.4070812153882943	1
240	Iter0241	59	6	0	1	29	0	17.142857142857142	0.1060606060606046	0.6060876212579999	1
241	Iter0242	41	7	1	1	19	0	5.857142857142858	0.29714285714285915	0.44945973807	1
242	Iter0243	52	6	0	1	19	0	15.142857142857142	0.11864406779661385	0.34050304714472207	1
243	Iter0244	49	7	2	1	19	1	3.5	0.3594081638930998	0.4093737401296999	1
244	Iter0245	51	5	7	0	19	4	1.0833333333333333	1.0	0.5878520114129999	1
245	Iter0246	49	5	8	1	18	3	1.225	1.0	0.38039199724	1
246	Iter0247	44	10	5	1	20	3	0.8800000000000001	1.0	0.5318547527999999	1
247	Iter0248	51	6	6	1	22	2	1.4166666666666667	0.5744060772968311	0.5208392040000001	1
248	Iter0249	45	7	3	1	21	3	2.142857142857143	0.4702278853222149	0.5050259949999999	1
249	Iter0250	61	7	1	1	27	0	8.714285714285714	0.2169772256728832	0.6850729391100001	1
250	Iter0251	65	5	0	0	26	0	11.0	1.0	0.39520294319999844	1
251	Iter0252	59	4	3	1	23	1	4.916666666666667	0.2721988832063333	0.45234619597336906	1
252	Iter0253	53	6	1	0	19	0	3.8571428571428568	1.0	0.634060367207	1
253	Iter0254	52	7	1	2	20	1	14.857142857142858	0.05267054468535224	0.438280613597566	1
254	Iter0255	49	8	7	0	22	3	0.6944444444444444	0.5818726373442753	0.54991183609	1
255	Iter0256	49	10	2	1	24	1	2.45	0.4493654151242962	0.620141019102171	1
256	Iter0257	44	7	1	0	21	0	2.8125	1.0	0.44879963000000006	1
257	Iter0258	51	10	0	1	21	0	9.454545454545457	0.17741935483872054	0.3721360289999999	1
258	Iter0259	45	8	4	1	14	1	1.40625	1.0	0.21318359430500003	1
259	Iter0260	51	4	1	0	24	0	5.2	1.0	0.526735363716803	1
260	Iter0261	56	10	3	0	25	0	1.2954545454545454	1.0	0.59880629872894	1
261	Iter0262	49	1	0	1	15	0	50.0	0.03921568627450875	0.38643603171163204	1
262	Iter0263	53	0	3	0	24	1	13.5	1.0	0.45054901650000007	1
263	Iter0264	46	1	8	1	22	3	5.75	0.2980519480519569	0.46533521856	1
264	Iter0265	51	6	3	2	25	0	5.666666666666668	0.12030347077624312	0.64752481370906	1
265	Iter0266	45	6	0	2	15	0	19.714285714285715	0.020319303338171446	0.293988325	1
266	Iter0267	46	8	3	1	20	0	1.9166666666666667	0.5006104603200788	0.47208946377	1
267	Iter0268	42	6	4	1	12	3	1.75	0.5223329389810938	0.13759447700000002	1
268	Iter0269	52	4	2	1	21	0	6.5	0.2370112891814616	0.5231528775799998	1
269	Iter0270	46	9	0	0	24	0	4.7	1.0	0.44600926057999996	1
270	Iter0271	48	5	2	0	23	0	2.7222222222222214	1.0	0.469324749	1
271	Iter0272	44	8	0	0	19	0	5.0	1.0	0.36823886	1
272	Iter0273	47	7	2	1	16	0	3.3571428571428568	0.3703349282296643	0.3587518376	1
273	Iter0274	54	3	0	0	17	0	13.75	1.0	0.270905079837	1
274	Iter0275	54	7	1	1	20	0	7.7142857142857135	0.2396313364055426	0.46719077609973664	1
275	Iter0276	55	3	0	0	29	0	14.0	1.0	0.565264279174397	1
276	Iter0277	59	3	1	2	26	1	39.333333333333336	0.01396520146520202	0.46154785915940005	1
277	Iter0278	45	3	3	3	23	0	15.0	0.014059963608083651	0.5368467360000001	1
278	Iter0279	43	6	1	2	18	0	14.333333333333336	0.058280542986424086	0.39509449657761697	1
279	Iter0280	47	12	3	2	20	1	2.6111111111111107	0.2992390857277042	0.40617373000000007	1
280	Iter0281	52	5	2	1	21	0	5.2	0.2751607247223731	0.4758037930704299	1
281	Iter0282	53	6	0	2	28	0	23.142857142857146	0.015300546448087112	0.7546150441611001	1
282	Iter0283	51	2	2	0	24	1	5.777777777777778	1.0	0.5780776570988778	1
283	Iter0284	45	7	3	0	18	2	1.4375	1.0	0.356952659657	1
284	Iter0285	69	5	1	1	35	0	13.8	0.15263157894735338	0.8674799608934122	1
285	Iter0286	42	4	2	0	19	2	2.8666666666666667	1.0	0.51460154	1
286	Iter0287	47	9	4	3	18	4	3.916666666666667	0.1199125391557238	0.27960949559000003	1
287	Iter0288	45	5	1	2	21	0	18.0	0.04273029966703343	0.4640745685	1
288	Iter0289	49	10	2	1	20	0	2.45	0.4493654151242962	0.4162260331	1
289	Iter0290	45	5	2	0	18	1	2.5555555555555562	1.0	0.41211241496999995	1
290	Iter0291	43	10	4	1	24	2	1.075	1.0	0.39657138088820004	1
291	Iter0292	53	6	1	0	22	0	3.8571428571428568	1.0	0.49888931499999994	1
292	Iter0293	49	5	3	0	26	2	2.083333333333333	1.0	0.5413639100000002	1
293	Iter0294	56	2	1	0	18	0	9.5	1.0	0.4390408432999999	1
294	Iter0295	60	6	3	1	24	2	3.333333333333333	0.3503454594037479	0.46488491883349997	1
295	Iter0296	52	8	3	0	22	1	1.4722222222222223	1.0	0.5625179503	1
296	Iter0297	48	2	1	1	24	0	24.0	0.11312217194569732	0.53926091	1
297	Iter0298	62	3	4	1	23	0	5.166666666666667	0.26159483910371883	0.41163380623199997	1
298	Iter0299	42	4	0	0	16	0	8.6	1.0	0.2973543599950821	1
299	Iter0300	48	1	3	0	23	1	6.125	1.0	0.5892502123400001	1
300	Iter0301	50	2	1	0	20	0	8.5	1.0	0.3299419936559999	1
301	Iter0302	65	7	3	1	28	1	3.095238095238096	0.3652370467078716	0.6666658752000001	1
302	Iter0303	49	9	2	0	19	0	1.6666666666666667	1.0	0.42298912639999997	1
303	Iter0304	51	3	1	1	23	0	17.0	0.13896103896103948	0.5747627833191101	1
304	Iter0305	55	2	1	1	23	0	27.5	0.09994155464640474	0.4088207925089999	1
305	Iter0306	50	5	3	0	24	2	2.125	1.0	0.6982913882699999	1
306	Iter0307	52	4	2	0	25	0	3.533333333333333	1.0	0.651288726	1
307	Iter0308	52	7	0	1	24	0	13.25	0.13333333333332786	0.5943755465399999	1
308	Iter0309	51	12	3	1	21	2	1.4166666666666667	1.0	0.45045990380900014	1
309	Iter0310	58	7	1	0	25	0	3.6875	1.0	0.59491988415	1
310	Iter0311	49	8	0	0	23	0	5.5555555555555545	1.0	0.47854646160263997	1
311	Iter0312	42	8	4	1	15	3	1.3125	1.0	0.25934756	1
312	Iter0313	42	3	1	2	17	0	28.0	0.025439407955598625	0.35038183891888997	1
313	Iter0314	55	7	2	2	24	0	7.857142857142858	0.08653846153845697	0.595772506787	1
314	Iter0315	57	4	1	0	25	1	5.8	1.0	0.5536897156199501	1
315	Iter0316	51	11	3	0	26	1	1.0833333333333333	1.0	0.7199635770999999	1
316	Iter0317	57	10	3	0	25	3	1.318181818181818	1.0	0.4686852354371	1
317	Iter0318	65	10	0	1	21	0	12.0	0.1447368421052606	0.45864655194513015	1
318	Iter0319	43	6	3	1	17	2	2.3888888888888893	0.442721762144598	0.44418977336	1
319	Iter0320	52	4	1	0	24	0	5.3	1.0	0.48514735438875817	1
320	Iter0321	44	6	1	1	19	0	7.333333333333332	0.2533936651583771	0.32285798	1
321	Iter0322	50	6	0	0	18	0	7.2857142857142865	1.0	0.4064634154999999	1
322	Iter0323	49	7	1	0	25	0	3.125	1.0	0.488663909	1
323	Iter0324	56	11	1	0	27	1	2.375	1.0	0.5888972659820001	1
324	Iter0325	45	7	4	1	23	0	1.6071428571428572	0.5445818663296207	0.43891955577999997	1
325	Iter0326	49	4	1	0	16	1	5.0	1.0	0.3701251684999999	1
326	Iter0327	42	8	2	0	19	0	1.5925925925925926	1.0	0.3821812951488159	1
327	Iter0328	41	9	0	1	12	0	8.4	0.19607843137254427	0.2864952634008	1
328	Iter0329	45	5	1	2	21	0	18.0	0.04273029966703343	0.37477687749513006	1
329	Iter0330	51	4	0	1	14	0	20.8	0.0892857142857145	0.321595941915	1
330	Iter0331	43	7	2	0	17	0	1.8333333333333333	1.0	0.4630944760000001	1
331	Iter0332	56	5	2	0	27	0	3.1666666666666665	1.0	0.6217377617600001	1
332	Iter0333	35	7	1	2	17	1	10.0	0.09725158562367524	0.34051094483778993	1
333	Iter0334	58	5	1	0	20	1	4.916666666666667	1.0	0.4690320130300001	1
334	Iter0335	47	4	4	1	19	0	2.9375	0.3850332057879173	0.36057160042	1
335	Iter0336	48	5	5	0	22	0	1.3611111111111107	1.0	0.513929116	1
336	Iter0337	45	6	13	1	15	6	0.5769230769230769	1.0	0.37925218197860006	1
337	Iter0338	59	8	0	1	27	0	13.333333333333336	0.13235294117646912	0.6001444570330001	1
338	Iter0339	52	6	1	0	21	0	3.7857142857142856	1.0	0.47299124781867	1
339	Iter0340	58	11	1	0	26	0	2.458333333333333	1.0	0.5313666794699999	1
340	Iter0341	55	6	1	1	21	0	9.166666666666666	0.21146953405018587	0.4285190712292	1
341	Iter0342	48	7	2	0	22	0	2.0416666666666665	1.0	0.5476308000000001	1
342	Iter0343	43	3	1	0	21	1	5.5	1.0	0.31578339769091	1
343	Iter0344	42	2	1	0	12	1	7.166666666666668	1.0	0.341819807201	1
344	Iter0345	47	8	0	0	21	0	5.333333333333333	1.0	0.4094172701869999	1
345	Iter0346	50	10	0	2	23	0	13.90909090909091	0.03490216816499366	0.48308016941	1
346	Iter0347	52	10	1	0	26	0	2.409090909090909	1.0	0.5569121830999999	1
347	Iter0348	48	4	2	2	22	1	12.0	0.05279207165999531	0.4202748975994	1
348	Iter0349	50	5	1	0	21	1	4.25	1.0	0.5232713214200001	1
349	Iter0350	42	1	2	0	17	0	7.166666666666668	1.0	0.3372102329999999	1
350	Iter0351	48	3	3	0	16	2	3.0625	1.0	0.30943877291000005	1
351	Iter0352	65	7	2	1	26	0	4.642857142857143	0.29055905220290784	0.6529860169299999	1
352	Iter0353	40	2	3	0	18	0	3.4166666666666665	1.0	0.40706258940000006	1
353	Iter0354	57	7	1	1	24	0	8.142857142857142	0.2293706293706339	0.4889186270269001	1
354	Iter0355	54	12	2	1	22	0	2.25	0.4709317860823697	0.44545927606827995	1
355	Iter0356	52	3	1	0	20	0	6.625	1.0	0.41389611531347	1
356	Iter0357	44	4	0	0	22	0	9.0	1.0	0.5508259340000001	1
357	Iter0358	57	8	2	1	24	2	3.5625	0.35132492617126176	0.6492155418000003	1
358	Iter0359	43	5	3	0	15	0	1.8333333333333333	1.0	0.34659730962000007	1
359	Iter0360	49	10	0	0	21	0	4.545454545454546	1.0	0.5032172340421601	1
360	Iter0361	51	9	3	1	21	1	1.8888888888888893	0.5022616529425235	0.44050468583450003	1
361	Iter0362	43	8	2	1	21	0	2.6875	0.4279148524431681	0.5704712952	1
362	Iter0363	54	4	1	3	25	0	40.5	0.003513520780862198	0.513014650855	1
363	Iter0364	49	9	0	0	21	0	5.0	1.0	0.4410275781999999	1
364	Iter0365	45	4	1	1	22	0	11.25	0.18823529411762985	0.5497267299999998	1
365	Iter0366	46	7	4	0	23	2	1.175	1.0	0.49992686691	1
366	Iter0367	44	5	1	1	25	0	8.8	0.22352941176470656	0.543887923	1
367	Iter0368	51	7	2	0	22	2	2.1666666666666665	1.0	0.4449899605493	1
368	Iter0369	61	8	4	0	21	2	1.3777777777777778	1.0	0.4882625132985059	1
369	Iter0370	52	5	3	0	19	0	2.208333333333333	1.0	0.45088624137440014	1
370	Iter0371	38	5	2	0	14	0	2.1666666666666665	1.0	0.20291583088999998	1
371	Iter0372	48	6	2	0	25	2	2.333333333333333	1.0	0.58005793023	1
372	Iter0373	67	8	3	1	27	1	2.7916666666666665	0.3897541499140502	0.427923432552803	1
373	Iter0374	41	7	2	1	15	0	2.9285714285714284	0.4073949579831919	0.30106390605	1
374	Iter0375	50	6	6	0	15	4	1.0408163265306123	1.0	0.37062971000000006	1
375	Iter0376	52	7	1	1	23	0	7.428571428571429	0.2469945355191211	0.6027165561999999	1
376	Iter0377	51	7	1	0	19	0	3.25	1.0	0.3261999134	1
377	Iter0378	55	7	3	1	21	0	2.619047619047619	0.4113247863247757	0.4067235749115021	1
378	Iter0379	46	6	0	0	16	0	6.7142857142857135	1.0	0.3256031374	1
379	Iter0380	46	6	2	1	19	0	3.8333333333333335	0.3407280350676564	0.5675938323091698	1
380	Iter0381	41	11	4	0	20	2	0.7	0.5750224618149264	0.50865517	1
381	Iter0382	53	3	1	0	24	1	6.75	1.0	0.48676149056	1
382	Iter0383	45	11	1	2	16	0	8.181818181818182	0.1191669999077182	0.302776419653	1
383	Iter0384	50	5	2	1	21	0	5.0	0.2837697692507237	0.4020425883	1
384	Iter0385	59	6	2	0	20	0	2.8571428571428568	1.0	0.484289956	1
385	Iter0386	41	6	3	0	17	0	1.5	1.0	0.45922348807395996	1
386	Iter0387	58	7	2	0	18	0	2.458333333333333	1.0	0.5255646920765039	1
387	Iter0388	51	8	1	0	24	0	2.888888888888889	1.0	0.4106159645342	1
388	Iter0389	53	4	3	0	23	1	2.7	1.0	0.4766545093999999	1
389	Iter0390	47	4	7	0	21	3	1.2	1.0	0.522734237796	1
390	Iter0391	53	4	4	0	22	0	2.16	1.0	0.5742032998971899	1
391	Iter0392	48	9	4	1	23	3	1.3333333333333333	1.0	0.5409818639063001	1
392	Iter0393	44	4	5	0	17	2	1.5	1.0	0.37467053014070006	1
393	Iter0394	51	7	1	1	26	0	7.2857142857142865	0.2508474576271135	0.70805725	1
394	Iter0395	56	6	1	0	24	0	4.071428571428571	1.0	0.45465780654000004	1
395	Iter0396	60	5	1	0	27	0	5.083333333333333	1.0	0.587701305904248	1
396	Iter0397	52	5	2	2	18	0	10.4	0.061273725460136236	0.4153051449300001	1
397	Iter0398	52	4	2	1	22	2	6.5	0.2370112891814616	0.525323017101489	1
398	Iter0399	45	2	5	1	22	2	4.5	0.3078203705284576	0.518753515	1
399	Iter0400	52	10	2	1	25	1	2.6	0.4321428571428579	0.679696068978	1
400	Iter0401	41	4	1	3	15	0	30.75	0.007103211312277308	0.37444735283360003	1
401	Iter0402	61	4	1	0	29	0	6.2	1.0	0.67689840678666	1
402	Iter0403	44	9	0	2	19	0	13.5	0.0370370370370373	0.49304566000000005	1
403	Iter0404	56	7	1	0	20	0	3.5625	1.0	0.31141621744000003	1
404	Iter0405	43	8	0	2	18	0	14.666666666666668	0.03265602322206124	0.37954934710982374	1
405	Iter0406	50	4	3	0	26	1	2.55	1.0	0.5793731630000001	1
406	Iter0407	56	5	5	2	23	3	4.48	0.14904990314942734	0.4978856535300001	1
407	Iter0408	46	1	9	1	20	3	5.111111111111111	0.32268170426067105	0.39722873999999997	1
408	Iter0409	48	5	5	2	20	3	3.84	0.18477524949579446	0.4708296988527401	1
409	Iter0410	44	4	3	1	23	2	3.6666666666666665	0.3411580016622002	0.5381619247903171	1
410	Iter0411	44	1	2	0	21	0	7.5	1.0	0.38785008155	1
411	Iter0412	52	4	4	1	22	3	3.25	0.3579220684914893	0.48173583416067794	1
412	Iter0413	43	7	0	2	17	0	16.5	0.027149321266968056	0.30690464447000004	1
413	Iter0414	57	5	3	0	25	1	2.4166666666666665	1.0	0.5489323305237	1
414	Iter0415	56	4	3	3	26	2	14.0	0.01319571051194522	0.4928331042	1
415	Iter0416	50	6	0	0	21	0	7.2857142857142865	1.0	0.475866156030433	1
416	Iter0417	49	7	4	1	20	0	1.75	0.517630846909664	0.47799867910000005	1
417	Iter0418	56	9	0	0	23	0	5.7	1.0	0.45588339189729005	1
418	Iter0419	48	3	1	0	18	0	6.125	1.0	0.3260090081205851	1
419	Iter0420	60	6	4	0	27	1	1.7428571428571429	1.0	0.6120127401301079	1
420	Iter0421	46	4	2	2	18	1	11.5	0.056584801312879324	0.3707456432000001	1
421	Iter0422	43	5	2	1	23	0	4.3	0.3186074429771939	0.42058398978999995	1
422	Iter0423	41	4	0	1	18	0	16.8	0.10869565217391856	0.33384250370999996	1
423	Iter0424	46	5	4	1	17	3	2.3	0.4453240679655724	0.382806119999976	1
424	Iter0425	52	3	1	0	23	0	6.625	1.0	0.5332284177	1
425	Iter0426	45	6	2	0	16	1	2.1904761904761902	1.0	0.33646193888423	1
426	Iter0427	58	10	3	1	25	2	1.9333333333333331	0.4927487631100799	0.632607869558472	1
427	Iter0428	65	3	2	0	27	1	5.5	1.0	0.4988770569	1
428	Iter0429	50	5	1	0	23	1	4.25	1.0	0.46887516475098207	1
429	Iter0430	39	2	2	0	12	0	4.4444444444444455	1.0	0.27346770164499995	1
430	Iter0431	54	11	4	1	21	3	1.2272727272727273	1.0	0.4223192919533001	1
431	Iter0432	65	5	5	1	33	1	2.6	0.4002533129105647	0.7402769878999998	1
432	Iter0433	44	8	0	1	16	0	10.0	0.16981132075471458	0.3691192039	1
433	Iter0434	41	4	2	2	19	2	10.25	0.0680586758292631	0.5000754969000001	1
434	Iter0435	44	10	3	0	19	1	1.0227272727272727	1.0	0.41412383245719997	1
435	Iter0436	38	4	1	0	18	0	3.9	1.0	0.4785204656868	1
436	Iter0437	51	5	0	1	28	0	17.333333333333332	0.10526315789473913	0.5435368110529728	1
437	Iter0438	47	5	0	0	24	0	8.0	1.0	0.688889103323	1
438	Iter0439	50	8	0	0	24	0	5.666666666666668	1.0	0.5310057835722001	1
439	Iter0440	59	4	2	0	23	1	4.0	1.0	0.3680352766743882	1
440	Iter0441	57	7	1	2	26	1	16.285714285714285	0.04533973489197345	0.555250360728715	1
441	Iter0442	51	12	1	2	26	0	8.5	0.11136363636363422	0.57696625198	1
442	Iter0443	56	5	0	0	28	0	9.5	1.0	0.67222968508	1
443	Iter0444	51	4	2	0	23	1	3.466666666666667	1.0	0.44752622667000014	1
444	Iter0445	51	6	0	0	21	0	7.428571428571429	1.0	0.4875091738190001	1
445	Iter0446	47	10	1	4	24	0	18.8	0.0077345054135354455	0.5506564021	1
446	Iter0447	54	4	1	0	22	0	5.5	1.0	0.462793638687	1
447	Iter0448	44	4	5	0	18	4	1.5	1.0	0.5674203999207701	1
448	Iter0449	49	3	1	1	16	0	16.333333333333332	0.14395527603074895	0.266582832353	1
449	Iter0450	43	4	2	0	14	2	2.9333333333333336	1.0	0.204832192	1
450	Iter0451	59	8	0	1	18	0	13.333333333333336	0.13235294117646912	0.37672505530000006	1
451	Iter0452	54	4	2	2	26	1	13.5	0.04344396741030258	0.49099718890000005	1
452	Iter0453	37	5	3	0	16	0	1.5833333333333333	1.0	0.30807844990230004	1
453	Iter0454	39	7	3	1	15	1	1.857142857142857	0.513981762917927	0.34385256699892996	1
454	Iter0455	46	5	2	2	14	1	9.2	0.07448358769113506	0.27922072528356	1
455	Iter0456	53	3	1	2	21	0	35.333333333333336	0.016918391829954988	0.40362991719999997	1
456	Iter0457	53	2	0	0	25	0	18.0	1.0	0.5711777772	1
457	Iter0458	48	7	3	1	12	0	2.2857142857142856	0.4509212833369578	0.3016732582579	1
458	Iter0459	59	5	2	1	23	0	5.9	0.2487214278259073	0.5043452580539427	1
459	Iter0460	47	5	3	1	23	1	3.1333333333333333	0.3729750333523829	0.40752522649017897	1
460	Iter0461	55	6	2	1	19	0	4.583333333333333	0.2977150537634393	0.41758676461100963	1
461	Iter0462	41	9	1	1	14	0	4.5555555555555545	0.3506787330316652	0.33038328280000007	1
462	Iter0463	52	5	4	0	25	0	1.7666666666666668	1.0	0.524868107982	1
463	Iter0464	65	3	3	1	26	1	7.222222222222222	0.20840501948892545	0.5792452610108499	1
464	Iter0465	50	8	3	2	18	0	4.166666666666667	0.1751228899988909	0.27376439554629994	1
465	Iter0466	46	6	1	0	21	0	3.3571428571428568	1.0	0.4073306398999995	1
466	Iter0467	46	2	1	1	19	1	23.0	0.11755102040816733	0.38396977924620007	1
467	Iter0468	49	2	0	0	19	0	16.666666666666668	1.0	0.5192032574000001	1
468	Iter0469	44	3	3	1	18	1	4.8888888888888875	0.28625450180072776	0.47510900327000005	1
469	Iter0470	48	2	0	0	22	0	16.333333333333332	1.0	0.4503436278207711	1
470	Iter0471	48	7	2	2	20	1	6.857142857142858	0.10640130425421086	0.46608073875999995	1
471	Iter0472	48	5	1	1	19	0	9.6	0.2080808080808048	0.41697070029999994	1
472	Iter0473	59	7	3	1	26	2	2.8095238095238098	0.3915933667432047	0.547759351352	1
473	Iter0474	45	5	4	2	18	3	4.5	0.15819770314775053	0.49152947960759996	1
474	Iter0475	54	7	3	0	15	2	1.71875	1.0	0.2645937516	1
475	Iter0476	55	1	0	0	18	0	28.0	1.0	0.3722544366	1
476	Iter0477	43	5	3	2	14	0	5.7333333333333325	0.12427705479869215	0.269858316804	1
477	Iter0478	54	3	1	0	27	0	6.875	1.0	0.6185709461999999	1
478	Iter0479	52	3	2	1	24	2	8.666666666666666	0.1961368939590403	0.6057881491296999	1
479	Iter0480	39	5	3	0	21	2	1.6666666666666667	1.0	0.5573326855769001	1
480	Iter0481	49	8	0	0	22	0	5.5555555555555545	1.0	0.47230049299999993	1
481	Iter0482	48	4	4	0	23	0	1.96	1.0	0.48043125810000004	1
482	Iter0483	39	2	3	1	12	1	6.5	0.2487667371388195	0.25688898399999993	1
483	Iter0484	55	4	2	0	22	0	3.733333333333333	1.0	0.45974900029677285	1
484	Iter0485	52	15	0	1	21	0	6.625	0.23529411764705904	0.43602334564999995	1
485	Iter0486	68	5	2	1	27	0	6.8	0.2213371266002741	0.5177272948930977	1
486	Iter0487	51	5	0	0	21	0	8.666666666666666	1.0	0.5015872769999999	1
487	Iter0488	46	7	3	2	16	0	4.3809523809523805	0.1676841005334653	0.437580948058	1
488	Iter0489	48	3	7	1	21	4	2.2857142857142856	0.4509212833369578	0.42378046999999996	1
489	Iter0490	47	5	1	0	25	0	4.0	1.0	0.58500429	1
490	Iter0491	52	9	0	0	20	0	5.3	1.0	0.560868729992835	1
491	Iter0492	52	8	0	1	21	0	11.777777777777779	0.14754098360655835	0.5103673883676	1
492	Iter0493	47	4	8	2	13	5	2.9375	0.2525928507061569	0.2304860199970224	1
493	Iter0494	35	5	0	0	14	0	6.0	1.0	0.276757472	1
494	Iter0495	41	9	4	0	21	2	0.8400000000000001	1.0	0.5357897773570001	1
495	Iter0496	43	6	4	1	15	1	1.7916666666666667	0.5149615337184624	0.357479368917	1
496	Iter0497	46	5	2	0	17	0	2.6111111111111107	1.0	0.3056682063054	1
497	Iter0498	48	5	1	0	21	1	4.083333333333333	1.0	0.38998627069720004	1
498	Iter0499	50	3	2	2	28	1	16.666666666666668	0.03489785068732594	0.751586295704	1
499	Iter0500	62	7	3	1	21	1	2.952380952380953	0.37796642870924896	0.4009627409337899	1
500	Iter0501	50	4	3	0	25	0	2.55	1.0	0.5991885032964599	1
501	Iter0502	49	7	9	3	16	4	2.333333333333333	0.3648745813279613	0.32778267732000005	1
502	Iter0503	45	4	1	1	15	1	11.25	0.18823529411762985	0.28431523620000004	1
503	Iter0504	52	6	1	0	26	0	3.7857142857142856	1.0	0.50411070436356	1
504	Iter0505	54	7	0	1	25	0	13.75	0.12903225806452176	0.5644538577000001	1
505	Iter0506	50	7	2	2	22	0	7.142857142857142	0.10008527272901416	0.39082424384	1
506	Iter0507	57	2	1	1	22	0	28.5	0.09672131147540797	0.46514558089381	1
507	Iter0508	49	7	4	0	18	2	1.25	1.0	0.48303137182238504	1
508	Iter0509	51	5	2	0	24	0	2.888888888888889	1.0	0.49018818699999994	1
509	Iter0510	51	6	0	0	23	0	7.428571428571429	1.0	0.57064987783	1
510	Iter0511	59	8	3	0	25	0	1.6666666666666667	1.0	0.5773526510267999	1
511	Iter0512	57	7	1	2	25	1	16.285714285714285	0.04533973489197345	0.5762744166131	1
512	Iter0513	45	7	3	1	20	2	2.142857142857143	0.4702278853222149	0.3473985242	1
513	Iter0514	55	4	0	0	25	0	11.2	1.0	0.642661308	1
514	Iter0515	49	5	2	1	27	1	4.9	0.28827751196173856	0.735635230454	1
515	Iter0516	54	4	6	1	24	4	2.25	0.4452568848391348	0.57888149804657	1
516	Iter0517	52	1	0	2	21	0	79.5	0.002020202020202006	0.5236929244059101	1
517	Iter0518	67	6	1	1	29	1	11.166666666666664	0.1790990990991061	0.7702695795977	1
518	Iter0519	52	6	1	0	20	0	3.7857142857142856	1.0	0.49925642613	1
519	Iter0520	39	4	2	1	15	0	4.875	0.2977602108036966	0.4325282563100001	1
520	Iter0521	54	8	2	0	16	0	2.0370370370370368	1.0	0.3376632607292	1
521	Iter0522	48	5	1	1	19	0	9.6	0.2080808080808048	0.5389085259999999	1
522	Iter0523	54	5	9	0	24	4	0.9166666666666666	1.0	0.5312619806911456	1
523	Iter0524	49	6	1	3	18	0	24.5	0.009505060137193369	0.40319373516293	1
524	Iter0525	48	4	1	0	24	0	4.9	1.0	0.4698715206628601	1
525	Iter0526	57	7	5	2	16	1	3.2571428571428567	0.2141708945924249	0.46440590497	1
526	Iter0527	54	6	1	0	22	0	3.928571428571429	1.0	0.507936056884106	1
527	Iter0528	53	9	0	0	25	0	5.4	1.0	0.532852363922627	1
528	Iter0529	40	8	2	1	19	2	2.5	0.4487394957983002	0.39457970572	1
529	Iter0530	42	8	4	2	16	2	2.625	0.28932951990664363	0.35526824	1
530	Iter0531	40	6	3	2	19	2	4.4444444444444455	0.1699326539126254	0.44736402999999997	1
531	Iter0532	46	7	2	1	18	1	3.2857142857142856	0.3760461760461824	0.4602360751997795	1
532	Iter0533	49	5	1	1	21	0	9.8	0.20454545454545656	0.48603388905760003	1
533	Iter0534	52	6	2	1	19	2	4.333333333333333	0.310808557932758	0.45725728209264005	1
534	Iter0535	49	9	2	2	22	0	5.4444444444444455	0.14138335917683906	0.4816530191709999	1
535	Iter0536	38	7	0	0	11	0	4.875	1.0	0.1880720348	1
536	Iter0537	54	10	2	0	18	0	1.6666666666666667	1.0	0.29602551639999997	1
537	Iter0538	46	7	3	0	22	2	1.46875	1.0	0.41700352024533005	1
538	Iter0539	55	4	4	0	19	0	2.24	1.0	0.45343208000000007	1
539	Iter0540	57	5	1	1	26	1	11.4	0.18005952380952406	0.5922580806	1
540	Iter0541	47	10	3	0	22	3	1.0909090909090908	1.0	0.6030322119999999	1
541	Iter0542	54	5	3	0	25	2	2.2916666666666665	1.0	0.597638699013	1
542	Iter0543	45	5	0	3	12	0	30.66666666666667	0.0023905062750789233	0.191974914	1
543	Iter0544	42	10	3	1	11	2	1.4	1.0	0.24730187780000001	1
544	Iter0545	56	4	1	0	20	0	5.7	1.0	0.45194820124602103	1
545	Iter0546	43	3	3	0	18	1	2.75	1.0	0.37829877000000006	1
546	Iter0547	52	8	1	0	22	0	2.9444444444444446	1.0	0.4756319333999999	1
547	Iter0548	45	7	3	0	19	3	1.4375	1.0	0.35576147613000003	1
548	Iter0549	49	8	0	0	23	0	5.5555555555555545	1.0	0.5796007521203	1
549	Iter0550	51	5	0	0	20	0	8.666666666666666	1.0	0.544443874777	1
550	Iter0551	45	7	1	0	21	1	2.875	1.0	0.3429783245184	1
551	Iter0552	66	3	0	0	28	0	16.75	1.0	0.6085187730000001	1
552	Iter0553	42	9	0	3	20	0	17.2	0.00886953717142384	0.5540380297294598	1
553	Iter0554	64	7	4	0	29	2	1.625	1.0	0.6203116562999998	1
554	Iter0555	36	3	3	0	14	1	2.3125	1.0	0.24738107780000002	1
555	Iter0556	50	7	0	1	21	0	12.75	0.1379310344827571	0.365874644549	1
556	Iter0557	40	12	0	0	15	0	3.1538461538461537	1.0	0.31918191482	1
557	Iter0558	47	4	0	0	17	0	9.6	1.0	0.47187791147353536	1
558	Iter0559	49	11	2	1	25	0	2.227272727272727	0.4755861096422016	0.63218569594484	1
559	Iter0560	50	2	2	1	20	1	12.5	0.1576138745950072	0.44378201691187	1
560	Iter0561	61	6	4	0	26	2	1.7714285714285716	1.0	0.5538042422421499	1
561	Iter0562	43	9	3	0	18	0	1.1	1.0	0.4487028145	1
562	Iter0563	52	5	5	0	23	1	1.4722222222222223	1.0	0.47749125591583996	1
563	Iter0564	51	2	6	0	22	3	2.4761904761904763	1.0	0.4769333687684	1
564	Iter0565	57	6	3	0	26	1	2.071428571428572	1.0	0.6173861585127614	1
565	Iter0566	45	6	3	0	27	1	1.6428571428571428	1.0	0.7085306597721999	1
566	Iter0567	49	7	2	0	22	1	2.083333333333333	1.0	0.5847263446180699	1
567	Iter0568	52	3	1	1	27	0	17.333333333333332	0.13659147869674876	0.5006857926870001	1
568	Iter0569	50	7	0	1	27	0	12.75	0.1379310344827571	0.523138104	1
569	Iter0570	56	7	0	0	26	0	7.125	1.0	0.512335371484	1
570	Iter0571	68	8	4	0	24	4	1.5333333333333334	1.0	0.5988515268000001	1
571	Iter0572	49	6	1	0	23	0	3.571428571428572	1.0	0.5346212848599999	1
572	Iter0573	55	7	3	1	18	3	2.619047619047619	0.4113247863247757	0.33784716200000003	1
573	Iter0574	47	4	1	1	20	0	11.75	0.1814223512336652	0.4774893580000001	1
574	Iter0575	51	13	0	1	22	0	7.428571428571429	0.2153846153846157	0.505055843951	1
575	Iter0576	50	12	2	2	22	1	4.166666666666667	0.1950757575757586	0.47941639001189995	1
576	Iter0577	45	2	2	0	25	2	5.1111111111111125	1.0	0.48210708	1
577	Iter0578	46	6	1	0	20	0	3.3571428571428568	1.0	0.44755803661169996	1
578	Iter0579	46	5	2	0	26	0	2.6111111111111107	1.0	0.5521991899999998	1
579	Iter0580	49	8	0	2	24	0	16.666666666666668	0.02630040911747493	0.5632408085739202	1
580	Iter0581	54	4	2	0	21	1	3.6666666666666665	1.0	0.35152949939	1
581	Iter0582	42	7	0	0	16	0	5.375	1.0	0.3888857043999999	1
582	Iter0583	53	4	3	0	28	0	2.7	1.0	0.7008602872309997	1
583	Iter0584	51	6	0	0	18	0	7.428571428571429	1.0	0.35169803566986524	1
584	Iter0585	56	6	3	0	26	0	2.0357142857142856	1.0	0.5755686023500001	1
585	Iter0586	47	7	1	1	22	0	6.7142857142857135	0.26753246753246435	0.555832151	1
586	Iter0587	44	11	4	3	18	2	3.0	0.18411337224127688	0.34725524258	1
587	Iter0588	44	4	4	0	20	2	1.8	1.0	0.6023176488220501	1
588	Iter0589	53	5	0	0	20	0	9.0	1.0	0.4088617707604999	1
589	Iter0590	45	3	1	0	21	0	5.75	1.0	0.515864082305	1
590	Iter0591	51	8	0	1	22	0	11.555555555555555	0.14999999999999228	0.337074678115809	1
591	Iter0592	59	7	4	2	22	0	4.214285714285714	0.16022746395538756	0.4188717618384	1
592	Iter0593	53	3	0	0	19	0	13.5	1.0	0.3631070907	1
593	Iter0594	42	2	1	0	12	0	7.166666666666668	1.0	0.29252593358213	1
594	Iter0595	44	5	0	1	22	0	15.0	0.12000000000000074	0.529709417793851	1
595	Iter0596	50	6	1	0	22	0	3.6428571428571432	1.0	0.4929954271268127	1
596	Iter0597	39	4	2	0	18	0	2.6666666666666665	1.0	0.3843470125999666	1
597	Iter0598	50	4	2	0	22	1	3.4	1.0	0.43512225000000004	1
598	Iter0599	52	8	2	1	23	2	3.25	0.3753871723200278	0.5576459667	1
599	Iter0600	60	7	1	0	22	0	3.8125	1.0	0.49178295511190806	1
600	Iter0601	52	5	2	0	19	2	2.9444444444444446	1.0	0.35551090838986	1
601	Iter0602	56	4	4	1	19	1	3.5	0.3387910344547225	0.3608545024	1
602	Iter0603	44	4	3	0	18	1	2.25	1.0	0.3896937312599	1
603	Iter0604	56	10	1	0	25	0	2.590909090909091	1.0	0.6238774621851002	1
604	Iter0605	51	5	2	2	27	0	10.2	0.06321941616167794	0.5874315529999999	1
605	Iter0606	50	4	0	1	21	0	20.4	0.0909090909090888	0.31642672000000005	1
606	Iter0607	55	10	3	0	21	2	1.2727272727272727	1.0	0.4214778675555	1
607	Iter0608	53	7	1	1	22	0	7.571428571428571	0.2432575356954121	0.49444685583000003	1
608	Iter0609	44	6	0	0	26	0	6.428571428571429	1.0	0.5980735897457954	1
609	Iter0610	45	6	2	0	17	1	2.1904761904761902	1.0	0.240237092391	1
610	Iter0611	41	4	0	3	18	0	33.6	0.0020235892691952613	0.34823582996736874	1
611	Iter0612	43	7	4	1	17	2	1.5357142857142858	0.5590559397440523	0.38469749122322	1
612	Iter0613	48	5	1	0	25	1	4.083333333333333	1.0	0.6188147159999999	1
613	Iter0614	38	4	4	1	13	1	2.375	0.4454355746871131	0.43165984699999993	1
614	Iter0615	56	8	3	1	19	0	2.333333333333333	0.4411414748552364	0.42750775	1
615	Iter0616	47	6	1	0	19	0	3.4285714285714284	1.0	0.42554101130000005	1
616	Iter0617	53	8	2	0	27	0	2.0	1.0	0.4988390501000002	1
617	Iter0618	45	13	2	0	19	1	1.0952380952380951	1.0	0.5463624948900001	1
618	Iter0619	54	3	1	1	23	0	18.0	0.13208649912332265	0.5552521799999999	1
619	Iter0620	53	2	0	3	21	0	72.0	0.00032408607726212385	0.46509712103199996	1
620	Iter0621	48	8	2	0	22	0	1.8148148148148149	1.0	0.46343984200000005	1
621	Iter0622	51	4	2	0	25	0	3.466666666666667	1.0	0.64866374321	1
622	Iter0623	37	8	1	0	12	0	2.1111111111111107	1.0	0.28853009262999996	1
623	Iter0624	55	8	6	0	22	2	0.8888888888888891	1.0	0.35745003727120545	1
624	Iter0625	52	7	1	1	20	0	7.428571428571429	0.2469945355191211	0.5046998382000001	1
625	Iter0626	55	1	0	2	19	0	84.0	0.0018148820326678856	0.41078519553500004	1
626	Iter0627	55	9	5	1	22	4	1.2222222222222219	1.0	0.43083702823	1
627	Iter0628	52	6	1	1	27	0	8.666666666666666	0.2214689265536712	0.6167830783005187	1
628	Iter0629	49	9	3	0	24	2	1.25	1.0	0.66386638932	1
629	Iter0630	50	7	2	2	22	0	7.142857142857142	0.10008527272901416	0.46270748999999994	1
630	Iter0631	52	5	0	0	25	0	8.833333333333334	1.0	0.5130557445010001	1
631	Iter0632	53	1	4	5	27	0	66.25	0.00010137533568989741	0.5446066439999999	1
632	Iter0633	48	4	1	0	25	0	4.9	1.0	0.5527879900000001	1
633	Iter0634	42	6	3	0	14	1	1.5357142857142858	1.0	0.30360520749010006	1
634	Iter0635	53	7	2	0	21	0	2.25	1.0	0.4303933469	1
635	Iter0636	52	6	4	0	22	1	1.5142857142857142	1.0	0.4602160368	1
636	Iter0637	54	4	2	1	26	0	6.75	0.2297860516810157	0.5148773148	1
637	Iter0638	53	10	1	1	23	1	5.3	0.3120192307692303	0.48486856986000004	1
638	Iter0639	46	5	2	1	20	1	4.6	0.3026931140138693	0.4018045804	1
639	Iter0640	44	7	4	0	15	1	1.125	1.0	0.32032570038999997	1
640	Iter0641	39	5	2	1	21	0	3.9	0.3425840271353593	0.557327058	1
641	Iter0642	48	8	3	2	22	2	4.0	0.1850831724279121	0.62368960779	1
642	Iter0643	62	7	1	0	21	1	3.9375	1.0	0.32948336115400007	1
643	Iter0644	54	9	0	1	26	0	11.0	0.15624999999999675	0.5815734989393956	1
644	Iter0645	49	4	1	1	20	0	12.25	0.17508417508417354	0.3960002983	1
645	Iter0646	50	5	1	2	21	0	20.0	0.035843920145192464	0.5163281886	1
646	Iter0647	50	5	3	2	27	0	6.666666666666668	0.09924943861700078	0.6062104204631001	1
647	Iter0648	52	7	0	0	19	0	6.625	1.0	0.364943810519452	1
648	Iter0649	42	7	0	0	16	0	5.375	1.0	0.294482399	1
649	Iter0650	47	4	0	1	20	0	19.2	0.09615384615384542	0.35878869680000003	1
650	Iter0651	56	7	0	0	31	0	7.125	1.0	0.5647909618539002	1
651	Iter0652	46	1	2	2	20	2	46.0	0.013733493397359015	0.44580378878730004	1
652	Iter0653	66	9	0	0	26	0	6.7	1.0	0.7410995179999998	1
653	Iter0654	62	9	1	0	28	0	3.15	1.0	0.5938615315099999	1
654	Iter0655	35	10	2	1	13	1	1.75	0.5507631822386764	0.22708874	1
655	Iter0656	57	6	6	1	27	4	1.5833333333333333	0.5384698544527327	0.5975547290930001	1
656	Iter0657	48	6	1	0	18	0	3.5	1.0	0.46180026018	1
657	Iter0658	58	11	1	0	30	0	2.458333333333333	1.0	0.5021471229000001	1
658	Iter0659	45	6	4	0	20	2	1.3142857142857145	1.0	0.3026510021815	1
659	Iter0660	48	3	1	0	22	0	6.125	1.0	0.5467654013597999	1
660	Iter0661	49	7	2	0	19	1	2.083333333333333	1.0	0.29448089951999995	1
661	Iter0662	48	5	2	1	15	0	4.8	0.2929292929292933	0.27516278664550003	1
662	Iter0663	42	5	3	0	17	1	1.7916666666666667	1.0	0.32454694303444	1
663	Iter0664	54	7	0	0	25	0	6.875	1.0	0.44767648699999996	1
664	Iter0665	50	3	0	0	30	0	12.75	1.0	0.718660299	1
665	Iter0666	50	16	6	2	24	3	1.0416666666666667	1.0	0.5449666874899999	1
666	Iter0667	59	3	5	0	22	3	2.5	1.0	0.4637019889	1
667	Iter0668	45	11	0	0	18	0	3.8333333333333335	1.0	0.43209204	1
668	Iter0669	51	6	1	0	23	0	3.7142857142857135	1.0	0.40537010289000003	1
669	Iter0670	38	2	6	2	15	6	6.333333333333332	0.12411347517730464	0.29244700250000005	1
670	Iter0671	63	2	1	0	32	0	10.666666666666666	1.0	0.7704719513	1
671	Iter0672	46	9	1	0	20	1	2.35	1.0	0.48178516627820006	1
672	Iter0673	46	10	2	0	20	2	1.424242424242424	1.0	0.38744644148	1
673	Iter0674	50	6	2	1	20	2	4.166666666666667	0.3201882555600167	0.47499687165800003	1
674	Iter0675	51	8	3	0	20	1	1.4444444444444444	1.0	0.37390311556000005	1
675	Iter0676	59	7	0	0	27	0	7.5	1.0	0.5925275741169999	1
676	Iter0677	39	5	3	2	22	0	5.2	0.1430113210871752	0.44487547966469104	1
677	Iter0678	57	6	1	0	20	1	4.142857142857143	1.0	0.5020637233999999	1
678	Iter0679	55	4	1	1	25	1	13.75	0.15846994535518202	0.5074028340938002	1
679	Iter0680	59	6	1	0	31	0	4.285714285714286	1.0	0.748640867938	1
680	Iter0681	54	8	1	0	24	1	3.055555555555556	1.0	0.4867020760100001	1
681	Iter0682	46	7	1	0	17	1	2.9375	1.0	0.3734494448599999	1
682	Iter0683	41	7	3	0	19	1	1.3125	1.0	0.39151001853	1
683	Iter0684	43	3	1	0	14	0	5.5	1.0	0.21821607407000002	1
684	Iter0685	46	9	7	0	19	5	0.5875	0.5798720279536149	0.3362658513	1
685	Iter0686	48	8	2	0	22	2	1.8148148148148149	1.0	0.41874490899999994	1
686	Iter0687	59	4	0	0	27	0	12.0	1.0	0.53972130491	1
687	Iter0688	42	7	0	3	19	0	21.5	0.005429864253393596	0.507503862	1
688	Iter0689	51	2	5	0	16	4	2.888888888888889	1.0	0.40874538789708764	1
689	Iter0690	46	7	0	0	18	0	5.875	1.0	0.3964684189999999	1
690	Iter0691	54	2	4	1	26	2	6.75	0.2297860516810157	0.5768920384599999	1
691	Iter0692	37	7	1	0	15	0	2.375	1.0	0.29451548150000006	1
692	Iter0693	55	9	1	0	26	1	2.8	1.0	0.5361605656520301	1
693	Iter0694	46	9	8	1	21	5	0.6388888888888888	1.0	0.47025117600000016	1
694	Iter0695	63	3	1	3	29	0	63.0	0.0014123754628393075	0.6219483047700001	1
695	Iter0696	53	8	1	0	27	1	3.0	1.0	0.6283386102379998	1
696	Iter0697	43	6	1	1	28	0	7.166666666666668	0.2580392156862607	0.7022810619800001	1
697	Iter0698	58	4	3	0	22	1	2.95	1.0	0.52705901	1
698	Iter0699	49	6	4	1	20	0	2.0416666666666665	0.4745621725265976	0.507244362452222	1
699	Iter0700	55	10	2	0	26	0	1.6969696969696968	1.0	0.52375337198	1
700	Iter0701	34	7	2	1	23	1	2.4285714285714284	0.4608879492600488	0.46986092470000007	1
701	Iter0702	46	5	2	1	21	1	4.6	0.3026931140138693	0.42166145899999996	1
702	Iter0703	59	4	0	0	27	0	12.0	1.0	0.5905745743990001	1
703	Iter0704	52	5	1	0	20	0	4.416666666666667	1.0	0.38970595178	1
704	Iter0705	53	6	5	3	29	3	5.3	0.06782582733729638	0.6394842501014001	1
705	Iter0706	48	5	5	1	13	0	1.92	0.4904845309348981	0.3419634748050831	1
706	Iter0707	43	6	4	2	17	0	3.583333333333333	0.20630069153931047	0.39523321199999994	1
707	Iter0708	53	8	1	0	27	0	3.0	1.0	0.5465093539783719	1
708	Iter0709	52	11	0	2	20	0	13.250000000000002	0.03750000000000006	0.41041429199999996	1
709	Iter0710	49	6	2	0	24	1	2.380952380952381	1.0	0.6350878239999999	1
710	Iter0711	55	3	2	2	23	0	18.33333333333333	0.029640850056914893	0.45576194039999995	1
711	Iter0712	56	4	3	1	26	2	4.666666666666667	0.28369028732593016	0.5338105038200001	1
712	Iter0713	51	8	0	0	22	0	5.777777777777778	1.0	0.41865860140699995	1
713	Iter0714	42	4	0	0	17	0	8.6	1.0	0.47328782899999994	1
714	Iter0715	61	6	2	1	26	1	5.083333333333333	0.27455242966752536	0.567614605897202	1
715	Iter0716	57	4	2	0	23	0	3.8666666666666663	1.0	0.5044131724926538	1
716	Iter0717	42	7	3	2	19	1	4.0	0.18965821451948225	0.4071971555199999	1
717	Iter0718	47	4	3	0	16	2	2.4	1.0	0.4659512651999999	1
718	Iter0719	57	12	1	0	28	1	2.230769230769231	1.0	0.75183831378063	1
719	Iter0720	58	5	0	0	20	0	9.833333333333334	1.0	0.38694275528000005	1
720	Iter0721	50	1	1	0	27	0	12.75	1.0	0.6019597047999999	1
721	Iter0722	54	6	0	0	22	0	7.857142857142858	1.0	0.47036214590259995	1
722	Iter0723	38	7	2	1	20	1	2.7142857142857144	0.4287696577243468	0.4445056561	1
723	Iter0724	51	10	1	0	23	0	2.363636363636364	1.0	0.50179505266	1
724	Iter0725	53	3	2	0	16	0	4.5	1.0	0.33585217479999996	1
725	Iter0726	59	2	0	0	24	0	20.0	1.0	0.5156819349944625	1
726	Iter0727	55	4	2	0	25	0	3.733333333333333	1.0	0.5501181900000001	1
727	Iter0728	50	7	3	0	24	1	1.59375	1.0	0.5414883462817	1
728	Iter0729	45	7	0	0	20	0	5.75	1.0	0.35700992940000004	1
729	Iter0730	54	8	4	1	19	1	1.6875	0.5255453501721844	0.43019594135230405	1
730	Iter0731	52	9	2	1	19	1	2.888888888888889	0.4046658986175167	0.36225548172800004	1
731	Iter0732	48	5	2	0	22	0	2.7222222222222214	1.0	0.39405840000000003	1
732	Iter0733	55	1	0	1	27	0	56.0	0.03508771929824645	0.6630786844248	1
733	Iter0734	49	8	2	4	29	1	12.25	0.00989676714672636	0.6915035750999999	1
734	Iter0735	44	1	2	2	18	0	44.0	0.014871906209292825	0.46199536202459995	1
735	Iter0736	44	6	2	2	20	0	7.333333333333332	0.10000284584080114	0.584620984	1
736	Iter0737	40	8	1	1	18	0	5.0	0.3306122448979575	0.5148586048899999	1
737	Iter0738	54	7	2	0	25	1	2.2916666666666665	1.0	0.6197974169999998	1
738	Iter0739	45	8	0	1	17	0	10.222222222222221	0.16666666666666674	0.3689549819146001	1
739	Iter0740	52	3	2	2	19	2	17.333333333333332	0.03263931306934903	0.42884364177	1
740	Iter0741	49	7	0	0	18	0	6.25	1.0	0.39001231825	1
741	Iter0742	54	7	2	0	24	0	2.2916666666666665	1.0	0.5113181706700001	1
742	Iter0743	53	7	1	0	18	0	3.375	1.0	0.38580964619999997	1
743	Iter0744	52	2	3	0	22	2	4.416666666666667	1.0	0.40560512914995994	1
744	Iter0745	64	7	1	1	28	1	9.142857142857142	0.2085235920852289	0.75169261556	1
745	Iter0746	41	7	1	0	14	0	2.625	1.0	0.31410637700000005	1
746	Iter0747	52	6	1	0	19	0	3.7857142857142856	1.0	0.4020853104	1
747	Iter0748	48	8	0	1	21	0	10.888888888888891	0.157894736842108	0.458761186229	1
748	Iter0749	48	3	1	1	21	0	16.0	0.14658925979680545	0.44356621429999993	1
749	Iter0750	51	7	1	0	26	0	3.25	1.0	0.68661963338485	1
750	Iter0751	39	5	5	0	23	3	1.1111111111111112	1.0	0.4618691273	1
751	Iter0752	49	8	5	1	21	0	1.225	1.0	0.47076394089992013	1
752	Iter0753	49	4	1	0	27	0	5.0	1.0	0.6008851330579998	1
753	Iter0754	49	7	2	0	24	1	2.083333333333333	1.0	0.546520938	1
754	Iter0755	57	6	1	0	22	1	4.142857142857143	1.0	0.55546798053	1
755	Iter0756	48	8	3	1	20	0	2.0	0.4875265311144646	0.3914339576550001	1
756	Iter0757	52	8	4	0	20	3	1.1777777777777778	1.0	0.409224451	1
757	Iter0758	58	5	0	1	22	0	19.666666666666668	0.0937499999999989	0.5709876235498399	1
758	Iter0759	56	6	2	0	19	1	2.714285714285714	1.0	0.35432619686899997	1
759	Iter0760	60	6	1	0	29	1	4.357142857142857	1.0	0.5926465156999999	1
760	Iter0761	62	7	2	0	19	0	2.625	1.0	0.42226659938567307	1
761	Iter0762	44	5	2	1	16	2	4.4	0.3131221719456864	0.36570362984849997	1
762	Iter0763	48	7	1	0	17	0	3.0625	1.0	0.34895184083439995	1
763	Iter0764	54	5	1	1	25	0	10.8	0.18852459016393008	0.5574155994399999	1
764	Iter0765	66	10	3	1	28	0	2.2	0.4533940742801579	0.5528760688456863	1
765	Iter0766	59	5	0	0	18	0	10.0	1.0	0.42541248530052	1
766	Iter0767	46	6	1	2	19	0	15.333333333333336	0.0522965504097594	0.41735549288	1
767	Iter0768	55	3	0	0	27	0	14.0	1.0	0.6179257530039889	1
768	Iter0769	49	3	2	0	23	2	4.166666666666667	1.0	0.4663347717599999	1
769	Iter0770	53	3	2	0	21	0	4.5	1.0	0.4699254151479999	1
770	Iter0771	54	10	5	1	28	4	1.08	1.0	0.5921275499900001	1
771	Iter0772	55	9	3	1	23	3	2.0370370370370368	0.4790301884243698	0.5806103735000001	1
772	Iter0773	48	2	1	0	19	0	8.166666666666666	1.0	0.50607144273	1
773	Iter0774	45	8	2	0	20	1	1.7037037037037035	1.0	0.485778526	1
774	Iter0775	52	3	0	1	23	0	26.5	0.07142857142857267	0.61449143	1
775	Iter0776	49	5	0	1	23	0	16.666666666666668	0.10909090909090777	0.5753149075999999	1
776	Iter0777	49	3	0	2	19	0	37.5	0.006988120195667282	0.33875438783913003	1
777	Iter0778	56	8	1	1	20	0	7.0	0.25594405594404906	0.4325416059985919	1
778	Iter0779	48	6	0	2	21	0	21.0	0.018181818181818483	0.39407045049999995	1
779	Iter0780	53	5	5	0	23	1	1.5	1.0	0.5821055248370001	1
780	Iter0781	53	8	4	0	26	0	1.2	1.0	0.637189575761015	1
781	Iter0782	50	2	1	0	24	0	8.5	1.0	0.59731557	1
782	Iter0783	49	3	1	0	21	1	6.25	1.0	0.5132832059752969	1
783	Iter0784	38	4	2	1	21	1	4.75	0.3037350246652434	0.37275541981193605	1
784	Iter0785	53	7	1	1	18	0	7.571428571428571	0.2432575356954121	0.48334226878313996	1
785	Iter0786	48	3	1	0	23	0	6.125	1.0	0.46632638114375	1
786	Iter0787	51	4	1	0	23	1	5.2	1.0	0.608549531606	1
787	Iter0788	51	5	2	1	21	2	5.1	0.27939955089360696	0.4020790837000001	1
788	Iter0789	58	7	0	0	23	0	7.375	1.0	0.4728073392	1
789	Iter0790	47	5	1	2	22	0	18.8	0.039756051076804494	0.4581504595	1
790	Iter0791	44	2	0	2	16	0	45.0	0.00531914893617017	0.3809948181988001	1
791	Iter0792	46	4	2	2	15	0	11.5	0.056584801312879324	0.38467251160899996	1
792	Iter0793	56	5	0	1	22	0	19.0	0.09677419354839073	0.53579629306	1
793	Iter0794	51	5	1	1	22	0	10.2	0.19782214156079905	0.3964170655900001	1
794	Iter0795	45	3	0	1	18	0	23.0	0.08163265306122564	0.39108569931	1
795	Iter0796	52	8	3	0	25	1	1.4722222222222223	1.0	0.6818945921	1
796	Iter0797	54	8	3	0	24	1	1.5277777777777777	1.0	0.4886623495000001	1
797	Iter0798	47	10	0	1	16	0	8.727272727272727	0.18965517241378896	0.398496917	1
798	Iter0799	50	1	2	1	20	0	25.0	0.10901467505241348	0.42447010970000004	1
799	Iter0800	53	5	1	0	24	0	4.5	1.0	0.5235118229267661	1
800	Iter0801	36	8	0	1	16	0	8.222222222222221	0.1999999999999909	0.4010690526400001	1
801	Iter0802	50	8	1	0	24	0	2.833333333333333	1.0	0.682326314028	1
802	Iter0803	61	7	1	0	23	0	3.875	1.0	0.5546920928695998	1
803	Iter0804	53	4	1	0	23	0	5.4	1.0	0.45900348678253	1
804	Iter0805	58	7	0	0	23	0	7.375	1.0	0.51266268213427	1
805	Iter0806	49	5	2	2	17	2	9.8	0.06739811912226049	0.36037626747000007	1
806	Iter0807	47	5	0	5	25	0	48.0	6.018476723541392e-05	0.6577938897738339	1
807	Iter0808	49	2	0	1	23	0	33.333333333333336	0.05769230769230777	0.5689564736	1
808	Iter0809	43	5	2	1	20	0	4.3	0.3186074429771939	0.42493219070000005	1
809	Iter0810	54	3	5	0	29	0	2.2916666666666665	1.0	0.6634791400000001	1
810	Iter0811	55	1	5	0	24	3	4.666666666666667	1.0	0.796432162388	1
811	Iter0812	43	5	0	1	15	0	14.666666666666664	0.12244897959184142	0.292612182	1
812	Iter0813	59	8	3	1	22	1	2.458333333333333	0.4258697967858362	0.556281367299938	1
813	Iter0814	45	6	2	1	18	1	3.75	0.34627479438800074	0.406724802037	1
814	Iter0815	51	7	0	0	17	0	6.5	1.0	0.34723871841803894	1
815	Iter0816	47	7	5	1	18	2	1.342857142857143	1.0	0.36077011943000004	1
816	Iter0817	44	9	1	0	20	0	2.25	1.0	0.4285539373050001	1
817	Iter0818	55	5	1	0	18	0	4.666666666666667	1.0	0.3974564129019472	1
818	Iter0819	52	4	1	0	23	0	5.3	1.0	0.44350040374999994	1
819	Iter0820	47	3	1	1	26	0	15.666666666666664	0.14932126696831952	0.6106303900000001	1
820	Iter0821	56	9	0	0	21	0	5.7	1.0	0.3391544593647	1
821	Iter0822	55	5	3	1	25	1	3.6666666666666665	0.3322536576767203	0.5600579106999999	1
822	Iter0823	54	3	3	3	23	1	18.0	0.008970171852828652	0.40420988362999993	1
823	Iter0824	48	9	0	0	24	0	4.9	1.0	0.6705705875499999	1
824	Iter0825	51	5	0	0	21	0	8.666666666666666	1.0	0.38176053899742535	1
825	Iter0826	49	12	0	0	20	0	3.8461538461538463	1.0	0.5263252872674999	1
826	Iter0827	53	6	1	0	19	1	3.8571428571428568	1.0	0.50255626537668	1
827	Iter0828	56	3	0	1	23	0	28.5	0.06666666666666379	0.5082361193595851	1
828	Iter0829	47	8	2	0	18	0	1.7777777777777777	1.0	0.305715304	1
829	Iter0830	64	5	3	2	24	1	8.533333333333333	0.06740157097093817	0.46786366578700006	1
830	Iter0831	53	8	4	3	21	0	4.96875	0.07797920610783061	0.3891030071	1
831	Iter0832	48	5	0	1	18	0	16.333333333333332	0.11111111111111163	0.600059069083	1
832	Iter0833	52	10	1	1	28	1	5.2	0.3164682539682587	0.6662565194150001	1
833	Iter0834	48	9	2	2	24	2	5.333333333333333	0.1455480928610374	0.51290375644872	1
834	Iter0835	54	5	5	1	24	0	2.16	0.454502603425117	0.5160244136700001	1
835	Iter0836	39	4	3	1	16	1	3.25	0.3724665713564851	0.39807723970000003	1
836	Iter0837	53	4	1	0	30	1	5.4	1.0	0.7474469099999999	1
837	Iter0838	59	2	0	0	30	0	20.0	1.0	0.770400818	1
838	Iter0839	41	6	1	0	19	0	3.0	1.0	0.3770797714076401	1
839	Iter0840	51	5	1	1	23	1	10.2	0.19782214156079905	0.4438960881000001	1
840	Iter0841	52	7	3	0	19	2	1.65625	1.0	0.5886234841399997	1
841	Iter0842	60	2	1	1	27	0	30.0	0.09226190476190227	0.60810445666	1
842	Iter0843	46	7	1	0	15	0	2.9375	1.0	0.37640450987609997	1
843	Iter0844	41	8	2	2	11	1	5.125	0.15710748740715014	0.28910287234512	1
844	Iter0845	54	7	1	0	20	0	3.4375	1.0	0.45361444630000003	1
845	Iter0846	55	1	4	0	25	1	5.6	1.0	0.6205836376278999	1
846	Iter0847	48	9	0	0	25	0	4.9	1.0	0.5248075573	1
847	Iter0848	49	4	2	0	23	0	3.333333333333333	1.0	0.5857862660000002	1
848	Iter0849	56	4	0	4	17	0	57.0	0.0001101709853692972	0.45227348165299996	1
849	Iter0850	56	3	3	2	20	2	12.444444444444445	0.044920383101237256	0.33357497835000005	1
850	Iter0851	50	5	3	1	15	1	3.333333333333333	0.3566067418693106	0.23483249951092997	1
851	Iter0852	46	5	0	1	22	0	15.666666666666664	0.11538461538461575	0.44542204727260004	1
852	Iter0853	40	8	5	0	19	4	0.7592592592592592	1.0	0.3805888681	1
853	Iter0854	54	4	5	0	21	1	1.8333333333333333	1.0	0.46510734559999983	1
854	Iter0855	61	9	0	2	27	0	18.6	0.021517996870108767	0.7108772149648002	1
855	Iter0856	62	4	2	0	28	0	4.2	1.0	0.6203206112735002	1
856	Iter0857	62	8	1	1	22	1	7.75	0.2359154929577351	0.6228663999819999	1
857	Iter0858	47	7	4	0	19	1	1.2	1.0	0.4906611543813001	1
858	Iter0859	50	7	0	0	13	0	6.375	1.0	0.22923233629999998	1
859	Iter0860	49	4	8	4	22	6	6.125	0.032654061921169694	0.5302928516454001	1
860	Iter0861	50	5	1	1	26	0	10.0	0.2011278195488851	0.671878989999987	1
861	Iter0862	55	6	2	0	23	1	2.6666666666666665	1.0	0.5839668301279001	1
862	Iter0863	51	7	4	2	23	4	3.6428571428571432	0.1957448177489208	0.508412249579	1
863	Iter0864	48	1	2	1	20	2	24.0	0.11312217194569732	0.5082797655996	1
864	Iter0865	36	4	2	0	13	1	2.466666666666667	1.0	0.3117598893	1
865	Iter0866	48	10	3	0	21	1	1.1136363636363635	1.0	0.41478329729999996	1
866	Iter0867	54	4	0	2	32	0	33.0	0.008474576271186128	0.6337563987241999	1
867	Iter0868	49	8	2	0	22	1	1.851851851851852	1.0	0.4500588833490069	1
868	Iter0869	58	13	1	0	22	0	2.107142857142857	1.0	0.48968162932753995	1
869	Iter0870	42	2	1	0	23	0	7.166666666666668	1.0	0.57684444368	1
870	Iter0871	54	6	1	0	27	0	3.928571428571429	1.0	0.6439060373000002	1
871	Iter0872	54	7	6	1	23	3	1.2857142857142858	1.0	0.534023763	1
872	Iter0873	43	11	4	0	19	3	0.7333333333333333	1.0	0.3319648501090693	1
873	Iter0874	57	4	1	0	26	1	5.8	1.0	0.6540962257744501	1
874	Iter0875	49	11	3	0	23	3	1.0416666666666667	1.0	0.57122249241	1
875	Iter0876	51	7	2	2	21	1	7.2857142857142865	0.09713450868969292	0.5996563625	1
876	Iter0877	43	10	0	0	20	0	4.0	1.0	0.37904368971663804	1
877	Iter0878	46	8	0	0	23	0	5.222222222222221	1.0	0.5092888	1
878	Iter0879	49	10	1	1	18	0	4.9	0.3306010928961725	0.3461106052000001	1
879	Iter0880	52	7	2	0	20	0	2.208333333333333	1.0	0.489151102	1
880	Iter0881	41	6	1	0	18	1	3.0	1.0	0.424307923121	1
881	Iter0882	50	5	1	1	21	0	10.0	0.2011278195488851	0.5311403623659001	1
882	Iter0883	56	6	2	0	27	1	2.714285714285714	1.0	0.59109855	1
883	Iter0884	58	6	1	0	24	1	4.214285714285714	1.0	0.49470831926876724	1
884	Iter0885	52	6	2	1	20	0	4.333333333333333	0.310808557932758	0.5596249942071201	1
885	Iter0886	55	6	1	2	21	1	18.33333333333333	0.03897849462365675	0.361719553327401	1
886	Iter0887	69	8	3	1	34	0	2.875	0.3816401601211658	0.6286330441824999	1
887	Iter0888	51	6	0	0	19	0	7.428571428571429	1.0	0.45535772272155417	1
888	Iter0889	41	4	3	0	15	1	2.1	1.0	0.2763250324290973	1
889	Iter0890	54	4	0	0	24	0	11.0	1.0	0.48534388699942904	1
890	Iter0891	48	7	4	0	20	3	1.225	1.0	0.5739589522415769	1
891	Iter0892	52	6	0	1	22	0	15.142857142857142	0.11864406779661385	0.5692108932834	1
892	Iter0893	54	8	2	2	27	1	6.75	0.10576923076922694	0.520270634	1
893	Iter0894	49	7	0	0	26	0	6.25	1.0	0.5836593914999999	1
894	Iter0895	55	5	2	1	24	0	5.5	0.26317644985016925	0.5413005047399999	1
895	Iter0896	52	5	1	0	14	0	4.416666666666667	1.0	0.36679028924270524	1
896	Iter0897	46	8	1	0	22	0	2.6111111111111107	1.0	0.41196000666594695	1
897	Iter0898	48	8	1	0	18	1	2.7222222222222223	1.0	0.34995443769146	1
898	Iter0899	51	6	1	0	22	1	3.7142857142857135	1.0	0.51038150686	1
899	Iter0900	51	5	2	0	21	1	2.888888888888889	1.0	0.4498458167928301	1
900	Iter0901	48	7	0	1	25	0	12.25	0.14285714285714562	0.5860436899999999	1
901	Iter0902	50	5	2	1	21	0	5.0	0.2837697692507237	0.596465254	1
902	Iter0903	61	6	2	2	19	0	10.166666666666666	0.05998342999171551	0.44701676322974	1
903	Iter0904	56	5	2	0	16	2	3.1666666666666665	1.0	0.39118063881341997	1
904	Iter0905	55	6	1	0	27	0	4.0	1.0	0.57539120675499	1
905	Iter0906	53	5	0	2	21	0	27.0	0.011864406779660823	0.45213553422532393	1
906	Iter0907	51	3	3	0	26	0	3.25	1.0	0.54714021	1
907	Iter0908	49	9	2	2	22	1	5.4444444444444455	0.14138335917683906	0.4421725574165009	1
908	Iter0909	47	5	2	1	21	0	4.7	0.2977320373546636	0.38782635629139	1
909	Iter0910	38	5	0	0	13	0	6.5	1.0	0.403879983	1
910	Iter0911	47	10	5	1	20	2	0.94	1.0	0.422113564391	1
911	Iter0912	38	6	6	0	14	3	0.7959183673469388	1.0	0.255943520471	1
912	Iter0913	44	6	4	1	15	2	1.8333333333333333	0.5077833745979999	0.440680532499913	1
913	Iter0914	51	8	4	1	22	0	1.59375	0.5437398485306263	0.42567544999999996	1
914	Iter0915	53	8	5	0	18	2	1.0	1.0	0.3111261781882	1
915	Iter0916	55	8	1	0	19	1	3.111111111111111	1.0	0.40429763847300004	1
916	Iter0917	42	10	2	1	18	2	2.1	0.4951781970649913	0.37054965700199993	1
917	Iter0918	51	9	3	0	26	1	1.3	1.0	0.46699681914000013	1
918	Iter0919	54	5	2	2	24	1	10.8	0.057641459545214366	0.5021116155472	1
919	Iter0920	49	5	0	0	24	0	8.333333333333334	1.0	0.4787879029652001	1
920	Iter0921	50	7	1	0	18	0	3.1875	1.0	0.32817345418000005	1
921	Iter0922	50	4	1	1	23	0	12.5	0.17207792207792558	0.53161748403924	1
922	Iter0923	48	5	1	0	17	1	4.083333333333333	1.0	0.4034860397663	1
923	Iter0924	50	6	2	1	21	0	4.166666666666667	0.3201882555600167	0.42243646907776994	1
924	Iter0925	55	5	1	0	16	0	4.666666666666667	1.0	0.4752786178	1
925	Iter0926	61	9	3	0	26	1	1.55	1.0	0.48834653	1
926	Iter0927	54	4	5	2	24	5	5.4	0.12165673432860005	0.4593383426660309	1
927	Iter0928	47	11	3	0	19	2	1.0	1.0	0.46559357070499996	1
928	Iter0929	51	8	6	0	20	5	0.8253968253968254	1.0	0.45430996693000103	1
929	Iter0930	48	8	1	0	22	0	2.7222222222222223	1.0	0.48603933899999996	1
930	Iter0931	58	6	0	0	24	0	8.428571428571429	1.0	0.5814761800000001	1
931	Iter0932	49	5	1	0	15	1	4.166666666666667	1.0	0.353656186719	1
932	Iter0933	47	12	1	1	21	1	3.9166666666666665	0.3836065573770364	0.44434450802	1
933	Iter0934	50	6	3	0	16	2	1.8214285714285716	1.0	0.26312621144822	1
934	Iter0935	40	14	2	0	14	0	0.9111111111111112	1.0	0.2925029021615	1
935	Iter0936	45	5	2	0	24	0	2.5555555555555562	1.0	0.5143330058000001	1
936	Iter0937	58	4	4	0	26	0	2.3600000000000003	1.0	0.56363753257	1
937	Iter0938	52	4	2	1	22	1	6.5	0.2370112891814616	0.523211029823562	1
938	Iter0939	52	3	0	0	19	0	13.25	1.0	0.31686734755599993	1
939	Iter0940	52	9	1	1	23	0	5.777777777777778	0.29441884280594965	0.5015787697999999	1
940	Iter0941	33	5	7	0	11	4	0.7083333333333334	0.5770810773646624	0.23206641400000003	1
941	Iter0942	46	4	3	0	21	1	2.35	1.0	0.57044249	1
942	Iter0943	40	11	2	0	20	0	1.1388888888888888	1.0	0.49266293854	1
943	Iter0944	48	6	2	0	20	0	2.333333333333333	1.0	0.5275122242054	1
944	Iter0945	49	4	1	2	20	0	24.5	0.027777777777777787	0.34019023530000003	1
945	Iter0946	49	2	0	0	21	0	16.666666666666668	1.0	0.5030862949060001	1
946	Iter0947	52	5	0	0	24	0	8.833333333333334	1.0	0.63369167747983	1
947	Iter0948	52	2	2	1	21	1	13.0	0.15228981544771375	0.39148955405999997	1
948	Iter0949	48	10	4	0	17	1	0.8909090909090909	1.0	0.39675697162432	1
949	Iter0950	42	6	0	0	22	0	6.142857142857142	1.0	0.398715305	1
950	Iter0951	48	1	1	1	25	0	48.0	0.07764705882352609	0.6030804589967	1
951	Iter0952	56	5	2	1	24	0	5.6	0.2594086021505416	0.7010804437920002	1
952	Iter0953	57	11	0	0	24	0	4.833333333333333	1.0	0.45746825591810997	1
953	Iter0954	54	6	1	0	29	0	3.928571428571429	1.0	0.5943040735549835	1
954	Iter0955	44	8	1	0	17	0	2.5	1.0	0.29348573040000003	1
955	Iter0956	47	6	0	1	16	0	13.714285714285715	0.12962962962963148	0.388980336270395	1
956	Iter0957	55	3	1	0	24	0	7.0	1.0	0.46126925923000006	1
957	Iter0958	46	7	3	0	17	0	1.46875	1.0	0.45586270406000007	1
958	Iter0959	45	4	0	1	24	0	18.4	0.09999999999999812	0.507001270360299	1
959	Iter0960	54	10	1	1	25	0	5.4	0.3076923076923085	0.53405032041263	1
960	Iter0961	47	5	4	1	19	2	2.35	0.43897766142056704	0.3159330980999999	1
961	Iter0962	51	6	7	3	23	2	3.6428571428571432	0.1248842493962936	0.4221052290638844	1
962	Iter0963	38	6	1	0	15	1	2.7857142857142856	1.0	0.34163174875999996	1
963	Iter0964	46	6	2	0	15	1	2.238095238095238	1.0	0.26597047196549994	1
964	Iter0965	44	4	0	0	20	0	9.0	1.0	0.44226169079879996	1
965	Iter0966	58	5	3	2	23	3	7.7333333333333325	0.07885513301448137	0.7152544375333199	1
966	Iter0967	55	4	2	2	25	1	13.75	0.042129384805215636	0.5819588	1
967	Iter0968	50	7	1	0	21	0	3.1875	1.0	0.4828235588737	1
968	Iter0969	47	8	1	0	20	0	2.6666666666666665	1.0	0.502278054793	1
969	Iter0970	46	9	0	0	20	0	4.7	1.0	0.42651670350020005	1
970	Iter0971	54	7	2	1	23	0	3.8571428571428568	0.33467741935484663	0.5799660649661	1
971	Iter0972	45	6	1	0	19	0	3.2857142857142856	1.0	0.5257445369844256	1
972	Iter0973	41	5	3	0	19	1	1.75	1.0	0.477606117	1
973	Iter0974	58	4	2	0	29	1	3.9333333333333336	1.0	0.5361922550519999	1
974	Iter0975	47	5	1	0	18	0	4.0	1.0	0.43986884065	1
975	Iter0976	49	5	1	2	25	1	19.6	0.03708133971292004	0.5642081190000001	1
976	Iter0977	44	9	2	1	19	1	2.4444444444444446	0.4523809523809437	0.30209304576260004	1
977	Iter0978	44	8	0	0	20	0	5.0	1.0	0.45305445579636905	1
978	Iter0979	48	10	3	0	16	3	1.1136363636363635	1.0	0.38588403904161	1
979	Iter0980	59	10	1	0	21	0	2.727272727272727	1.0	0.5452038383029999	1
980	Iter0981	51	5	5	0	25	3	1.4444444444444444	1.0	0.6267092206379999	1
981	Iter0982	39	7	1	0	19	0	2.5	1.0	0.318285743353	1
982	Iter0983	53	5	2	0	24	2	3.0	1.0	0.43788002039999996	1
983	Iter0984	42	11	2	0	22	2	1.1944444444444444	1.0	0.45662443268700004	1
984	Iter0985	56	8	2	0	26	1	2.1111111111111107	1.0	0.5992725027684999	1
985	Iter0986	54	3	4	1	21	1	4.5	0.2919000797712601	0.49476076520000006	1
986	Iter0987	48	3	1	0	20	1	6.125	1.0	0.50357512	1
987	Iter0988	55	9	0	1	29	0	11.2	0.1538461538461553	0.5862315700879999	1
988	Iter0989	54	3	1	0	24	0	6.875	1.0	0.45496649164	1
989	Iter0990	61	8	1	0	29	1	3.4444444444444446	1.0	0.6843033938549001	1
990	Iter0991	53	7	3	0	22	1	1.6875	1.0	0.57802598885	1
991	Iter0992	61	4	0	1	31	0	24.8	0.07575757575757316	0.559313994429	1
992	Iter0993	47	6	0	2	22	0	20.571428571428573	0.01885521885521901	0.45428104558	1
993	Iter0994	47	6	0	0	18	0	6.857142857142858	1.0	0.523283499	1
994	Iter0995	63	4	1	0	26	0	6.4	1.0	0.4530650213499999	1
995	Iter0996	48	6	5	0	21	4	1.1666666666666667	1.0	0.4498190754	1
996	Iter0997	51	7	5	1	19	3	1.457142857142857	0.566939517249426	0.3575127704908082	1
997	Iter0998	49	6	4	0	17	3	1.4285714285714286	1.0	0.452518737776	1
998	Iter0999	42	6	4	2	17	3	3.5	0.21273391795034072	0.42241445800000005	1
999	Iter1000	56	7	2	0	20	1	2.375	1.0	0.38664505459399995	1
