	IterId	dN	dS	pN	pS	bdN	bpN	MkScore	FSPVal	SelCoef	PosSel
0	Iter0001	11	2	5	2	6	3	2.2	0.5867905056759564	0.4387779094000001	1
1	Iter0002	8	0	9	5	4	2	5.4	0.11536416799574745	0.6444224195954099	1
2	Iter0003	5	1	13	4	5	1	1.5384615384615383	1.0	0.6220594927299999	1
3	Iter0004	6	0	8	2	3	0	2.333333333333333	0.49999999999999895	0.46234491671	1
4	Iter0005	6	0	7	3	3	1	3.5	0.24999999999999936	0.5313148410039931	1
5	Iter0006	18	3	9	4	8	1	2.6666666666666665	0.3867718439383046	0.5639379458902101	1
6	Iter0007	17	0	9	4	5	1	9.0	0.026090129538405744	0.3867052502000001	1
7	Iter0008	2	0	8	2	2	1	1.0	1.0	0.5764807808	1
8	Iter0009	14	2	6	1	5	0	1.1666666666666667	1.0	0.399088848863	1
9	Iter0010	6	0	15	4	4	3	2.1875	0.5403952569169955	0.3791093093653	1
10	Iter0011	13	1	6	6	5	1	13.0	0.02608695652173923	0.24610714793000002	1
11	Iter0012	17	1	6	3	9	0	8.5	0.09333333333333407	0.388254983	1
12	Iter0013	4	0	13	0	4	4	0.35714285714285715	1.0	0.5448714679000001	1
13	Iter0014	3	0	13	3	2	2	1.1428571428571428	1.0	0.57763876	1
14	Iter0015	15	2	10	1	9	4	0.75	1.0	0.47950394304499994	1
15	Iter0016	17	6	4	1	5	0	0.7083333333333334	1.0	0.4001498094383101	1
16	Iter0017	10	0	9	2	5	2	3.3	0.4761904761904784	0.5435461239999999	1
17	Iter0018	10	0	13	2	5	4	2.357142857142857	0.5000000000000052	0.4940666208	1
18	Iter0019	10	0	11	2	6	1	2.75	0.486166007905138	0.4496285911670001	1
19	Iter0020	21	0	5	6	10	2	25.66666666666667	0.0005098257322951513	0.36161194543	1
20	Iter0021	20	4	3	5	10	1	8.333333333333334	0.023315079432988463	0.6467410291499999	1
21	Iter0022	13	1	7	4	2	3	7.428571428571429	0.13333333333333378	0.30650868043199997	1
22	Iter0023	11	3	8	3	3	2	1.375	1.0	0.5406048936000001	1
23	Iter0024	9	1	6	2	7	0	3.0	0.5588235294117672	0.5856804025165999	1
24	Iter0025	20	3	7	4	8	0	3.8095238095238098	0.17797348360924056	0.30502119679999995	1
25	Iter0026	12	2	12	1	3	4	0.5	1.0	0.2746858681	1
26	Iter0027	7	1	8	2	5	1	1.75	1.0	0.40514668963889994	1
27	Iter0028	16	3	10	1	9	1	0.5333333333333333	1.0	0.42952390674208	1
28	Iter0029	0	0	7	0	0	1	0.125	1.0	0.5032558395982	1
29	Iter0030	14	1	9	2	7	2	3.111111111111111	0.5557692307692352	0.6351395720000002	1
30	Iter0031	17	1	8	0	5	2	1.0	1.0	0.5667418405831001	1
31	Iter0032	13	1	7	5	9	0	9.285714285714286	0.06521739130434799	0.578967499406	1
32	Iter0033	4	1	7	4	2	2	2.2857142857142856	1.0	0.27237714510600003	1
33	Iter0034	0	0	9	4	0	0	0.5	1.0	0.5007725778641856	1
34	Iter0035	11	2	9	1	5	3	0.6111111111111112	1.0	0.33972797	1
35	Iter0036	17	1	6	3	7	0	8.5	0.09333333333333407	0.4098213289961599	1
36	Iter0037	1	2	5	5	0	1	0.5	1.0	0.5467329225499707	1
37	Iter0038	13	1	6	2	5	1	4.333333333333333	0.5272727272727273	0.62606476966	1
38	Iter0039	0	0	4	1	0	1	0.4	1.0	0.46592696152000007	1
39	Iter0040	17	2	2	4	9	0	17.0	0.015132693393562938	0.44522212000000005	1
40	Iter0041	23	4	6	1	10	0	0.9583333333333334	1.0	0.5564518745699999	1
41	Iter0042	17	1	14	3	7	6	3.6428571428571432	0.3376623376623405	0.37349738475999994	1
42	Iter0043	12	3	8	3	5	0	1.5	1.0	0.5976279289809999	1
43	Iter0044	12	1	5	4	11	0	9.6	0.11585782638414165	0.5487140350999999	1
44	Iter0045	13	1	8	1	7	0	1.625	1.0	0.5016046311000001	1
45	Iter0046	16	1	11	6	9	2	8.727272727272727	0.0854484781069878	0.38605374071500004	1
46	Iter0047	13	1	11	1	7	2	1.181818181818182	1.0	0.35090034087592503	1
47	Iter0048	10	4	7	5	7	1	1.7857142857142858	0.6828375286041206	0.4672478373999999	1
48	Iter0049	13	1	16	4	6	5	3.25	0.3786297510206452	0.46767960789490004	1
49	Iter0050	10	3	6	5	1	2	2.7777777777777786	0.3904518329070764	0.32497679109172	1
50	Iter0051	11	2	12	1	5	3	0.4583333333333333	1.0	0.2835682625	1
51	Iter0052	16	3	8	1	9	1	0.6666666666666666	1.0	0.5367712899996999	1
52	Iter0053	9	1	7	1	5	3	1.2857142857142858	1.0	0.308242835	1
53	Iter0054	9	2	11	3	4	2	1.2272727272727273	1.0	0.345692641492	1
54	Iter0055	25	2	6	0	16	0	1.2380952380952381	1.0	0.6615084671	1
55	Iter0056	13	1	3	2	8	0	8.666666666666666	0.15479876160990752	0.39934362706145	1
56	Iter0057	8	0	9	4	4	2	4.5	0.13116123642439478	0.5736660610000002	1
57	Iter0058	8	1	8	1	5	1	1.0	1.0	0.49420154871000005	1
58	Iter0059	12	0	9	7	5	2	10.4	0.010330732069862493	0.3658845017259999	1
59	Iter0060	11	1	9	4	8	0	4.888888888888889	0.3217391304347817	0.5286519979983	1
60	Iter0061	12	2	7	2	4	1	1.7142857142857142	1.0	0.367955358	1
61	Iter0062	5	1	13	5	3	4	1.9230769230769231	1.0	0.3100031911	1
62	Iter0063	4	0	6	4	1	0	3.571428571428572	0.2507492507492507	0.6394711362175424	1
63	Iter0064	3	1	13	3	1	2	0.6923076923076924	1.0	0.48055939949500004	1
64	Iter0065	12	2	10	2	7	2	1.2	1.0	0.45667838960600005	1
65	Iter0066	16	3	9	0	8	2	0.425	0.5302197802197747	0.5221257660129001	1
66	Iter0067	15	2	8	4	8	4	3.75	0.19806323944255105	0.44590322552500006	1
67	Iter0068	25	1	9	7	14	3	19.444444444444443	0.002629073232410889	0.523517956087	1
68	Iter0069	10	2	12	1	6	3	0.4166666666666667	0.5930434782608691	0.42416685680780003	1
69	Iter0070	0	0	8	0	0	1	0.1111111111111111	1.0	0.46514254292999996	1
70	Iter0071	11	0	4	1	3	2	4.8	0.3124999999999997	0.3900158637658397	1
71	Iter0072	11	0	9	3	5	1	4.8	0.21739130434782564	0.42725112550000005	1
72	Iter0073	16	1	2	2	10	1	16.0	0.0796992481203003	0.38826341000000003	1
73	Iter0074	19	1	6	4	9	1	12.666666666666664	0.031240789861479726	0.616059696	1
74	Iter0075	14	2	8	4	10	0	3.5	0.35414344109996176	0.6294403670797903	1
75	Iter0076	0	0	8	2	0	2	0.3333333333333333	1.0	0.417185764	1
76	Iter0077	12	2	5	1	4	1	1.2	1.0	0.29427182190999995	1
77	Iter0078	13	4	14	3	5	3	0.6964285714285714	1.0	0.4830667447000001	1
78	Iter0079	16	1	6	4	9	0	10.666666666666666	0.047342995169082594	0.40990729389	1
79	Iter0080	15	2	14	5	9	1	2.6785714285714293	0.4079912023460385	0.43504398432	1
80	Iter0081	7	1	6	3	4	0	3.5	0.5764705882352927	0.84828888	1
81	Iter0082	24	6	9	3	10	1	1.3333333333333333	0.6986650192117362	0.5681844847836999	1
82	Iter0083	9	0	12	4	5	2	3.8461538461538463	0.26007905138340026	0.1855985114	1
83	Iter0084	16	3	6	3	9	1	2.6666666666666665	0.3518394648829415	0.489749476855337	1
84	Iter0085	15	5	5	3	11	1	1.7999999999999998	0.6508226073443438	0.4500093700000001	1
85	Iter0086	14	1	3	1	7	0	4.666666666666667	0.385964912280702	0.5434756728100001	1
86	Iter0087	6	0	3	2	4	1	5.25	0.1818181818181815	0.42443402930325	1
87	Iter0088	16	1	4	1	6	0	4.0	0.4112554112554099	0.5223185625269999	1
88	Iter0089	13	1	13	4	5	3	4.0	0.3444568038561377	0.5056831061729483	1
89	Iter0090	4	0	11	2	0	0	1.25	1.0	0.39253906	1
90	Iter0091	5	4	7	4	1	0	0.7142857142857143	1.0	0.4467874729210001	1
91	Iter0092	15	1	12	1	7	2	1.25	1.0	0.48227820920000003	1
92	Iter0093	0	0	8	2	0	3	0.3333333333333333	1.0	0.5669222318880999	1
93	Iter0094	19	3	10	2	9	1	1.2666666666666666	1.0	0.5433669567007	1
94	Iter0095	16	1	3	6	9	0	32.0	0.002225600486470053	0.39900296945339997	1
95	Iter0096	0	0	16	2	0	2	0.1764705882352941	1.0	0.9849948379999997	1
96	Iter0097	10	0	7	4	8	0	6.875	0.09022556390977532	0.3984622451903973	1
97	Iter0098	5	0	9	1	2	2	1.2	1.0	0.4271514247699999	1
98	Iter0099	21	4	8	2	10	3	1.3125	1.0	0.49839952163988294	1
99	Iter0100	13	0	4	1	4	0	5.6	0.2777777777777793	0.40894581673200997	1
100	Iter0101	6	3	3	3	3	0	2.0	0.6223776223776202	0.466702291837677	1
101	Iter0102	5	2	3	4	1	1	3.333333333333333	0.5920745920745918	0.38174022504	1
102	Iter0103	23	4	9	3	12	2	1.9166666666666667	0.6535854740189058	0.47325981482339996	1
103	Iter0104	13	1	9	4	5	0	5.777777777777778	0.16473429951690988	0.38949074131284	1
104	Iter0105	25	1	9	1	15	1	2.7777777777777777	0.4841269841269792	0.6405870382300002	1
105	Iter0106	0	0	7	2	0	3	0.375	1.0	0.5705955974000001	1
106	Iter0107	11	1	5	2	4	0	4.4	0.5232198142414874	0.4334824580879009	1
107	Iter0108	7	1	6	2	3	1	2.333333333333333	1.0	0.554380008398	1
108	Iter0109	10	1	11	4	5	5	3.636363636363636	0.3561872909698985	0.511739807	1
109	Iter0110	12	1	5	5	5	0	12.0	0.05153199203542433	0.5320711731000001	1
110	Iter0111	8	0	8	2	3	5	3.0	0.4771241830065367	0.3925366652701	1
111	Iter0112	24	3	4	4	9	2	8.0	0.03348491788261505	0.3488875184	1
112	Iter0113	13	3	6	3	9	1	2.1666666666666665	0.6300395256917035	0.6030743595200001	1
113	Iter0114	18	2	7	3	10	0	3.8571428571428568	0.3000294724432677	0.46550749076090003	1
114	Iter0115	9	0	7	1	5	4	2.5	0.4705882352941173	0.49164201810000013	1
115	Iter0116	3	0	8	0	1	1	0.4444444444444444	1.0	0.33322921546196	1
116	Iter0117	10	1	6	4	4	0	6.666666666666668	0.14860681114551114	0.3752565368	1
117	Iter0118	11	3	13	2	5	1	0.5641025641025641	0.6513409961685875	0.5353805552900001	1
118	Iter0119	22	0	4	4	11	3	23.0	0.0025542784163474037	0.7135705170874101	1
119	Iter0120	13	2	7	2	8	2	1.8571428571428568	0.6146245059288591	0.33513968389999993	1
120	Iter0121	12	2	6	1	5	0	1.0	1.0	0.2965897010730152	1
121	Iter0122	10	2	9	2	6	2	1.1111111111111112	1.0	0.4585341491619841	1
122	Iter0123	16	3	13	1	9	6	0.41025641025641024	0.619721407624624	0.48407726687	1
123	Iter0124	18	4	9	5	9	2	2.5	0.2666606687168737	0.502029201	1
124	Iter0125	13	2	6	5	6	0	5.416666666666668	0.09456521739130497	0.310815975324	1
125	Iter0126	22	3	4	3	9	1	5.5	0.10100729205289886	0.46413354439799814	1
126	Iter0127	15	4	9	6	5	2	2.5	0.2764283547375899	0.5665847913	1
127	Iter0128	14	0	7	3	11	2	7.5	0.05928853754940702	0.52766167	1
128	Iter0129	11	1	6	3	5	1	5.5	0.27218045112782063	0.5905160870800003	1
129	Iter0130	13	5	1	2	8	0	5.2	0.2473684210526329	0.46530171	1
130	Iter0131	11	3	5	1	5	0	0.7333333333333333	1.0	0.31028446865579995	1
131	Iter0132	10	1	5	3	6	0	6.0	0.2621259029927772	0.38403752611010006	1
132	Iter0133	16	4	6	4	11	0	2.6666666666666665	0.3841233229539105	0.45835349400000003	1
133	Iter0134	13	0	8	3	5	1	6.222222222222222	0.08152173913043494	0.4292482984797999	1
134	Iter0135	8	1	8	5	2	1	5.0	0.33303847854931323	0.48803825150999997	1
135	Iter0136	9	3	3	1	1	1	1.0	1.0	0.52649958787	1
136	Iter0137	14	0	11	3	6	3	5.0	0.22222222222222168	0.36100945949999996	1
137	Iter0138	12	2	14	1	8	1	0.42857142857142855	0.5977011494252936	0.49708199520000007	1
138	Iter0139	23	3	11	4	12	3	2.787878787878788	0.3902149903433577	0.40136424667000004	1
139	Iter0140	15	0	4	4	3	1	16.0	0.007905138339920948	0.27658017	1
140	Iter0141	0	0	7	5	0	0	0.75	1.0	0.47438304002028403	1
141	Iter0142	8	1	3	2	2	1	5.333333333333333	0.5054945054945037	0.25599424726099995	1
142	Iter0143	3	0	12	2	2	3	0.9230769230769232	1.0	0.41492137399999995	1
143	Iter0144	12	4	9	4	7	3	1.3333333333333333	1.0	0.4912601813000001	1
144	Iter0145	7	1	10	8	4	5	5.6	0.1901502616376759	0.49040833200000006	1
145	Iter0146	17	3	7	2	11	0	1.619047619047619	0.6328154604016707	0.517276158425	1
146	Iter0147	8	1	12	3	4	3	2.0	1.0	0.54957122197411	1
147	Iter0148	12	2	7	2	6	1	1.7142857142857142	1.0	0.45757992896770006	1
148	Iter0149	11	2	6	3	5	0	2.75	0.6090225563909761	0.27308639416	1
149	Iter0150	21	1	6	4	10	1	14.0	0.024193548387097117	0.5498024674509999	1
150	Iter0151	12	0	5	1	8	0	4.333333333333333	0.3333333333333341	0.4999446499676882	1
151	Iter0152	12	4	10	0	8	2	0.2363636363636364	0.13578595317725944	0.4961660408300001	1
152	Iter0153	18	5	2	2	14	0	3.6	0.26923076923077266	0.6959733637475499	1
153	Iter0154	8	0	7	3	4	0	4.5	0.2156862745098044	0.3163673248	1
154	Iter0155	12	3	8	0	6	3	0.3611111111111111	0.5256916996047419	0.5300171258209601	1
155	Iter0156	9	2	13	3	4	0	1.0384615384615383	1.0	0.40787307145999996	1
156	Iter0157	10	2	11	1	5	2	0.4545454545454545	1.0	0.31704652409089995	1
157	Iter0158	14	1	8	1	7	0	1.75	1.0	0.42594764094040904	1
158	Iter0159	12	3	9	3	7	2	1.3333333333333333	1.0	0.5520304657986	1
159	Iter0160	12	1	5	1	5	1	2.4	1.0	0.49708428720999986	1
160	Iter0161	2	1	4	6	2	0	3.0	0.5594405594405605	0.48342907246999994	1
161	Iter0162	8	1	9	1	5	1	0.8888888888888888	1.0	0.5039865510999999	1
162	Iter0163	13	2	6	2	6	3	2.1666666666666665	0.5889328063241139	0.6165506452	1
163	Iter0164	4	1	8	2	3	0	1.0	1.0	0.49444721502000005	1
164	Iter0165	5	0	5	1	3	2	2.0	1.0	0.42356074200000005	1
165	Iter0166	1	0	7	2	0	2	0.75	1.0	0.3518501866	1
166	Iter0167	18	1	8	2	6	1	4.5	0.2668308702791499	0.3409249525	1
167	Iter0168	7	0	7	2	5	1	3.0	0.4749999999999991	0.496510427101	1
168	Iter0169	16	3	9	4	7	0	2.3703703703703702	0.40118650352243496	0.47472696999993896	1
169	Iter0170	10	3	5	2	6	2	1.3333333333333337	1.0	0.39390518159999993	1
170	Iter0171	13	1	5	3	7	2	7.8	0.1167464114832539	0.6303470726	1
171	Iter0172	25	0	9	3	13	0	10.4	0.0283140283140288	0.5216726987110001	1
172	Iter0173	18	4	15	7	6	6	2.1	0.4876067655421158	0.40596349449993335	1
173	Iter0174	12	3	9	1	5	0	0.4444444444444444	0.6264822134387391	0.7868403031000002	1
174	Iter0175	16	1	6	2	10	0	5.333333333333333	0.2313043478260884	0.6052126420924373	1
175	Iter0176	8	0	9	3	4	2	3.6	0.2421052631578953	0.3495422242701127	1
176	Iter0177	11	0	11	0	6	4	1.0	1.0	0.40584192323	1
177	Iter0178	14	1	10	1	5	3	1.4	1.0	0.38116688669928006	1
178	Iter0179	0	0	7	2	0	0	0.375	1.0	0.4822340567769705	1
179	Iter0180	13	0	11	5	6	4	7.0	0.047619047619048165	0.4695510829999957	1
180	Iter0181	16	1	5	5	10	1	16.0	0.015181919529745756	0.58591037	1
181	Iter0182	18	2	12	3	13	1	2.25	0.6312747973089616	0.38811757059	1
182	Iter0183	18	1	5	1	10	0	3.6	0.4300000000000036	0.6356456371799999	1
183	Iter0184	19	5	5	1	11	0	0.76	1.0	0.6806821230841571	1
184	Iter0185	7	0	9	4	4	1	4.0	0.24871001031991885	0.5358083521	1
185	Iter0186	4	1	6	1	1	2	0.6666666666666666	1.0	0.50728087473254	1
186	Iter0187	14	3	5	2	5	1	1.8666666666666667	0.6080368906455886	0.442787638223637	1
187	Iter0188	20	1	5	5	10	0	20.0	0.00747269045378056	0.32460053799999994	1
188	Iter0189	7	0	4	2	6	1	4.8	0.19230769230769254	0.366557257955	1
189	Iter0190	11	3	5	0	6	1	0.5	0.5304437564499487	0.358539865	1
190	Iter0191	13	1	13	3	6	0	3.0	0.6015325670498184	0.543677881	1
191	Iter0192	16	1	5	2	5	1	6.4	0.19367588932806354	0.34433740716100003	1
192	Iter0193	14	2	10	7	7	3	4.9	0.11753800519095192	0.419627968	1
193	Iter0194	7	1	6	6	1	0	7.0	0.1576883384932915	0.6022262800800001	1
194	Iter0195	9	1	5	1	2	1	1.8	1.0	0.3884712800000001	1
195	Iter0196	12	1	6	6	4	1	12.0	0.03020594965675053	0.505481128625959	1
196	Iter0197	12	1	5	2	6	0	4.8	0.2701754385964913	0.4040970755566	1
197	Iter0198	14	4	8	1	7	2	0.4375	0.6361204013377953	0.39050203626500013	1
198	Iter0199	13	1	8	3	6	3	4.875	0.2878260869565246	0.546860010496175	1
199	Iter0200	18	2	7	3	10	1	3.8571428571428568	0.3000294724432677	0.5171468671099999	1
200	Iter0201	8	1	5	1	7	1	1.6	1.0	0.483615697	1
201	Iter0202	9	1	6	5	4	2	7.5	0.14860681114551128	0.5185439441999999	1
202	Iter0203	17	2	6	1	4	1	1.4166666666666667	1.0	0.34573333609421003	1
203	Iter0204	4	0	8	1	1	1	1.1111111111111112	1.0	0.4880419281621161	1
204	Iter0205	10	0	9	2	3	3	3.3	0.4761904761904784	0.5562113805287998	1
205	Iter0206	9	0	8	3	3	0	4.4444444444444455	0.2184210526315793	0.47900695905253216	1
206	Iter0207	0	0	9	2	0	0	0.3	1.0	0.6224756100000001	1
207	Iter0208	23	1	11	4	10	1	8.363636363636363	0.06211474632527345	0.51765864506	1
208	Iter0209	17	1	6	2	10	2	5.666666666666668	0.2153846153846153	0.584071608101	1
209	Iter0210	12	2	6	4	10	0	4.0	0.19206365716663254	0.4871956462959145	1
210	Iter0211	10	0	9	3	2	1	4.4	0.22077922077922071	0.4073684763399999	1
211	Iter0212	14	3	13	5	4	6	1.794871794871795	0.6905652745474842	0.39900070558000006	1
212	Iter0213	8	2	9	1	5	1	0.4444444444444444	1.0	0.5206843796	1
213	Iter0214	15	1	7	2	8	3	4.285714285714286	0.5304347826086995	0.452490829111	1
214	Iter0215	13	3	4	2	7	0	2.1666666666666665	0.5853269537480082	0.50607599569	1
215	Iter0216	21	1	7	3	9	0	9.0	0.0792547274749737	0.5322333222112999	1
216	Iter0217	9	1	11	2	4	4	1.6363636363636365	1.0	0.2427935570274582	1
217	Iter0218	17	0	9	4	13	1	9.0	0.026090129538405744	0.5040570992078001	1
218	Iter0219	17	1	9	1	8	1	1.8888888888888888	1.0	0.3786219259	1
219	Iter0220	10	1	6	2	7	2	3.333333333333333	0.5459236326109406	0.49065545169999997	1
220	Iter0221	2	0	13	4	0	2	1.0714285714285714	1.0	0.37864646999999996	1
221	Iter0222	10	1	3	3	7	0	10.0	0.09873949579831903	0.529841856	1
222	Iter0223	13	3	7	2	6	0	1.2380952380952381	1.0	0.32979723905	1
223	Iter0224	11	2	7	3	5	2	2.357142857142857	0.6175220660346479	0.21057613296086	1
224	Iter0225	12	0	5	1	5	1	4.333333333333333	0.3333333333333341	0.4057066447	1
225	Iter0226	12	0	8	3	9	1	5.777777777777778	0.0931677018633539	0.41589836440000005	1
226	Iter0227	0	0	7	3	0	0	0.5	1.0	0.4642344432953698	1
227	Iter0228	14	1	7	5	7	1	10.0	0.06016350798959511	0.7108148463991001	1
228	Iter0229	6	0	9	3	3	1	2.8	0.5147058823529426	0.5093507615231729	1
229	Iter0230	18	0	9	3	9	1	7.6	0.05418719211822657	0.5154826003240001	1
230	Iter0231	23	1	10	3	10	1	6.9	0.11475509122568367	0.3482441810000001	1
231	Iter0232	8	1	11	3	5	3	2.1818181818181817	1.0	0.40025100825	1
232	Iter0233	10	1	9	3	6	0	3.333333333333333	0.5900621118012409	0.5651413682325936	1
233	Iter0234	3	1	6	5	0	0	2.5	0.6043956043956045	0.5734260701872919	1
234	Iter0235	13	0	12	2	7	3	3.2307692307692313	0.4814814814814853	0.62418089343	1
235	Iter0236	9	1	11	4	5	2	3.272727272727273	0.6146245059288566	0.5822319549999999	1
236	Iter0237	15	1	11	5	6	3	6.8181818181818175	0.17191941663576935	0.523881267004	1
237	Iter0238	5	2	5	2	2	0	1.0	1.0	0.3865593956700001	1
238	Iter0239	8	1	7	1	5	1	1.1428571428571428	1.0	0.3677331660000001	1
239	Iter0240	16	0	10	5	8	0	9.272727272727273	0.01767395871956525	0.4070812153882943	1
240	Iter0241	0	0	9	2	0	0	0.3	1.0	0.6060876212579999	1
241	Iter0242	14	3	6	3	7	1	2.333333333333333	0.6278504104591065	0.42053793807	1
242	Iter0243	17	4	5	4	6	1	3.4	0.19538692192365434	0.34050304714472207	1
243	Iter0244	12	1	8	4	5	1	6.0	0.16024844720496914	0.4093737401296999	1
244	Iter0245	11	2	14	3	5	4	1.1785714285714286	1.0	0.5878520114129999	1
245	Iter0246	7	0	14	2	4	4	1.6	1.0	0.35897609723999996	1
246	Iter0247	12	2	13	5	6	3	2.3076923076923075	0.4263997033741221	0.5318547527999999	1
247	Iter0248	5	1	12	2	3	2	0.8333333333333334	1.0	0.5208392040000001	1
248	Iter0249	9	1	7	4	5	4	5.142857142857143	0.3107769423558906	0.5050259949999999	1
249	Iter0250	12	1	10	1	5	1	1.2	1.0	0.6850729391100001	1
250	Iter0251	10	1	5	1	1	0	2.0	1.0	0.39520294319999844	1
251	Iter0252	9	1	13	3	6	3	2.0769230769230766	1.0	0.4424116259733691	1
252	Iter0253	13	1	12	1	7	1	1.0833333333333333	1.0	0.634060367207	1
253	Iter0254	9	1	5	3	6	1	5.4	0.27450980392156965	0.438280613597566	1
254	Iter0255	13	2	15	4	6	5	1.7333333333333334	0.6721736272626289	0.49984133609000003	1
255	Iter0256	11	2	7	3	10	1	2.357142857142857	0.6175220660346479	0.620141019102171	1
256	Iter0257	16	2	12	1	7	0	0.6666666666666666	1.0	0.44879963000000006	1
257	Iter0258	11	3	7	5	8	0	2.619047619047619	0.4009153318077797	0.3721360289999999	1
258	Iter0259	9	1	16	1	4	1	0.5625	1.0	0.21318359430500003	1
259	Iter0260	10	2	2	1	4	0	2.5	0.5164835164835135	0.526735363716803	1
260	Iter0261	15	2	15	2	9	0	1.0	1.0	0.59880629872894	1
261	Iter0262	13	0	1	3	4	0	28.0	0.00588235294117649	0.38643603171163204	1
262	Iter0263	15	0	9	1	6	2	3.2	0.3999999999999996	0.42603710190000005	1
263	Iter0264	12	0	13	2	7	4	2.7857142857142856	0.4871794871794926	0.46533521856	1
264	Iter0265	7	2	8	3	4	0	1.3125	1.0	0.64752481370906	1
265	Iter0266	16	3	6	2	5	0	1.7777777777777777	0.6159048680787876	0.293988325	1
266	Iter0267	3	1	9	4	0	0	1.3333333333333333	1.0	0.47208946377	1
267	Iter0268	6	1	5	2	3	3	2.4	1.0	0.13759447700000002	1
268	Iter0269	18	0	8	3	11	0	8.444444444444445	0.045155993431855626	0.5231528775799998	1
269	Iter0270	0	0	8	1	0	0	0.2222222222222222	1.0	0.44600926057999996	1
270	Iter0271	3	1	11	2	1	2	0.5454545454545454	1.0	0.45637374899999994	1
271	Iter0272	11	4	5	4	6	0	2.2	0.4120339211199391	0.36823886	1
272	Iter0273	4	0	8	4	1	0	2.7777777777777777	0.5164835164835125	0.3587518376	1
273	Iter0274	17	2	6	3	7	1	4.25	0.2901098901098889	0.260013779837	1
274	Iter0275	24	4	8	6	11	1	4.5	0.059156188583056886	0.46719077609973664	1
275	Iter0276	12	0	10	2	8	1	3.5454545454545454	0.4782608695652191	0.565264279174397	1
276	Iter0277	15	0	7	7	9	3	16.0	0.002198900549725175	0.46154785915940005	1
277	Iter0278	12	0	7	5	6	0	9.75	0.037267080745341456	0.5368467360000001	1
278	Iter0279	12	4	5	6	9	0	3.6	0.22379862700229125	0.39509449657761697	1
279	Iter0280	5	3	8	7	3	1	1.4583333333333337	1.0	0.40617373000000007	1
280	Iter0281	13	3	3	3	7	1	4.333333333333333	0.2828595553053761	0.4758037930704299	1
281	Iter0282	11	0	5	2	6	1	6.0	0.13725490196078502	0.7546150441611001	1
282	Iter0283	24	0	6	4	12	2	17.857142857142858	0.004528204243574288	0.5780776570988778	1
283	Iter0284	13	1	6	1	6	2	2.1666666666666665	1.0	0.356952659657	1
284	Iter0285	25	1	9	3	17	0	8.333333333333334	0.08419697893382022	0.8674799608934122	1
285	Iter0286	16	0	8	1	8	2	3.7777777777777777	0.36000000000000143	0.51460154	1
286	Iter0287	1	2	9	5	1	5	0.2777777777777778	0.5367647058823537	0.27960949559000003	1
287	Iter0288	0	0	4	3	0	0	0.8	1.0	0.4640745685	1
288	Iter0289	10	2	7	6	5	1	4.285714285714286	0.2015560640732265	0.4162260331	1
289	Iter0290	8	1	8	3	4	2	3.0	0.5913312693498463	0.41211241496999995	1
290	Iter0291	18	2	15	5	9	2	3.0	0.4074844074844146	0.39657138088820004	1
291	Iter0292	11	1	5	1	7	0	2.2	1.0	0.49888931499999994	1
292	Iter0293	18	3	9	4	13	3	2.6666666666666665	0.3867718439383046	0.5413639100000002	1
293	Iter0294	13	0	8	3	6	0	6.222222222222222	0.08152173913043494	0.4390408432999999	1
294	Iter0295	0	0	10	1	0	2	0.18181818181818185	1.0	0.46488491883349997	1
295	Iter0296	13	3	8	2	7	1	1.0833333333333333	1.0	0.5625179503	1
296	Iter0297	0	0	11	2	0	2	0.25	1.0	0.5256265099999999	1
297	Iter0298	18	1	10	4	9	0	7.2	0.13756446556780266	0.41163380623199997	1
298	Iter0299	10	1	8	1	7	1	1.25	1.0	0.28614566	1
299	Iter0300	15	0	10	3	8	2	5.8181818181818175	0.08730158730158631	0.5771495123400001	1
300	Iter0301	10	1	8	5	3	0	6.25	0.16598561621444846	0.3299419936559999	1
301	Iter0302	12	1	7	3	8	1	5.1428571428571415	0.28063241106719344	0.6666658752000001	1
302	Iter0303	6	0	8	1	5	1	1.5555555555555556	1.0	0.42298912639999997	1
303	Iter0304	3	0	3	3	2	0	4.0	0.4642857142857145	0.5747627833191101	1
304	Iter0305	16	0	13	2	8	1	3.6428571428571432	0.22580645161290466	0.4088207925089999	1
305	Iter0306	10	1	10	1	7	3	1.0	1.0	0.6982913882699999	1
306	Iter0307	8	0	8	2	4	0	3.0	0.4771241830065367	0.651288726	1
307	Iter0308	1	0	6	1	0	0	0.5714285714285714	1.0	0.5943755465399999	1
308	Iter0309	0	0	4	4	0	2	1.0	1.0	0.45045990380900014	1
309	Iter0310	14	1	10	1	10	0	1.4	1.0	0.59491988415	1
310	Iter0311	19	3	6	2	10	0	2.1111111111111107	0.5893506238333843	0.47854646160263997	1
311	Iter0312	0	0	7	2	0	3	0.375	1.0	0.25934756	1
312	Iter0313	8	1	7	2	3	0	2.2857142857142856	1.0	0.35038183891888997	1
313	Iter0314	21	2	11	6	8	3	5.727272727272728	0.05322245322245382	0.553223550587	1
314	Iter0315	9	2	4	2	3	2	2.25	0.5840336134453777	0.52114951561995	1
315	Iter0316	15	4	8	1	9	2	0.46875	1.0	0.6869498771	1
316	Iter0317	16	2	5	1	9	3	1.6	1.0	0.4686852354371	1
317	Iter0318	15	2	3	2	8	0	5.0	0.2098427887901568	0.45864655194513015	1
318	Iter0319	9	2	11	5	3	2	2.0454545454545454	0.6618357487922776	0.44418977336	1
319	Iter0320	4	0	6	1	2	2	1.4285714285714286	1.0	0.48514735438875817	1
320	Iter0321	4	0	4	2	3	0	3.0	0.4666666666666668	0.32285798	1
321	Iter0322	19	2	4	0	9	0	1.3333333333333337	1.0	0.4064634154999999	1
322	Iter0323	16	3	8	1	9	1	0.6666666666666666	1.0	0.488663909	1
323	Iter0324	18	8	9	3	9	2	0.75	1.0	0.5888972659820001	1
324	Iter0325	9	1	7	3	6	1	3.8571428571428568	0.582043343653256	0.43891955577999997	1
325	Iter0326	15	2	9	1	6	1	0.8333333333333334	1.0	0.3701251684999999	1
326	Iter0327	0	0	8	1	0	1	0.2222222222222222	1.0	0.3821812951488159	1
327	Iter0328	10	1	8	5	3	2	6.25	0.16598561621444846	0.2866109454008	1
328	Iter0329	12	3	9	4	7	1	1.7777777777777777	0.6702898550724616	0.37477687749513006	1
329	Iter0330	10	2	5	4	6	0	4.0	0.3310482087571873	0.321595941915	1
330	Iter0331	11	1	5	0	2	0	1.0	1.0	0.4630944760000001	1
331	Iter0332	19	2	11	1	10	0	0.8636363636363636	1.0	0.6217377617600001	1
332	Iter0333	2	1	5	4	1	1	1.6	1.0	0.34051094483778993	1
333	Iter0334	16	2	6	2	6	1	2.6666666666666665	0.5633444816053536	0.4690320130300001	1
334	Iter0335	7	2	9	3	5	0	1.1666666666666667	1.0	0.36057160042	1
335	Iter0336	4	0	11	0	4	1	0.4166666666666667	1.0	0.513929116	1
336	Iter0337	9	1	15	4	5	6	2.4	0.6328154604016673	0.37925218197860006	1
337	Iter0338	26	0	4	2	15	0	16.2	0.030241935483871107	0.6001444570330001	1
338	Iter0339	11	1	5	2	5	0	4.4	0.5232198142414874	0.47299124781867	1
339	Iter0340	17	3	6	0	7	1	0.6428571428571429	1.0	0.5313666794699999	1
340	Iter0341	11	1	10	2	4	1	2.2	1.0	0.4274272112292	1
341	Iter0342	0	0	8	2	0	2	0.3333333333333333	1.0	0.52616301	1
342	Iter0343	9	0	2	3	6	1	13.333333333333336	0.027472527472527455	0.31578339769091	1
343	Iter0344	2	0	6	1	1	1	0.8571428571428571	1.0	0.341819807201	1
344	Iter0345	9	2	6	2	6	0	1.5	1.0	0.4094172701869999	1
345	Iter0346	18	0	3	3	10	0	19.0	0.009881422924901177	0.48308016941	1
346	Iter0347	6	0	7	3	1	0	3.5	0.24999999999999936	0.5569121830999999	1
347	Iter0348	19	2	4	3	11	2	7.125	0.0824786324786319	0.4202748975994	1
348	Iter0349	12	1	6	2	5	2	4.0	0.5308270676691711	0.5232713214200001	1
349	Iter0350	3	1	8	2	0	2	0.75	1.0	0.3003190529999999	1
350	Iter0351	17	2	9	1	7	2	0.9444444444444444	1.0	0.30943877291000005	1
351	Iter0352	17	4	9	4	10	0	1.8888888888888888	0.6794586577678954	0.6529860169299999	1
352	Iter0353	6	1	3	2	4	0	4.0	0.5227272727272729	0.40706258940000006	1
353	Iter0354	17	2	4	4	7	0	8.5	0.04412688760514859	0.4889186270269001	1
354	Iter0355	8	1	5	2	3	0	3.2	0.5499999999999967	0.44545927606827995	1
355	Iter0356	13	1	4	5	5	0	16.25	0.018306636155606404	0.41389611531347	1
356	Iter0357	4	1	7	1	4	0	0.5714285714285714	1.0	0.5508259340000001	1
357	Iter0358	12	5	9	2	4	2	0.5333333333333333	0.6683389074693411	0.6492155418000003	1
358	Iter0359	16	1	9	4	7	0	7.111111111111112	0.13774858602444826	0.34659730962000007	1
359	Iter0360	13	4	6	0	6	2	0.4	0.5392433653303237	0.5032172340421601	1
360	Iter0361	16	4	6	4	8	1	2.6666666666666665	0.3841233229539105	0.44050468583450003	1
361	Iter0362	9	2	7	3	5	0	1.9285714285714284	0.6351172047766502	0.5704712952	1
362	Iter0363	14	1	6	5	5	1	11.666666666666668	0.05384615384615391	0.513014650855	1
363	Iter0364	12	4	4	2	4	0	1.5	1.0	0.4410275781999999	1
364	Iter0365	19	1	8	3	8	0	7.125	0.11536627999364378	0.5497267299999998	1
365	Iter0366	15	1	8	1	9	3	1.875	1.0	0.49018234691000007	1
366	Iter0367	20	1	9	2	13	0	4.4444444444444455	0.2661290322580652	0.543887923	1
367	Iter0368	13	1	6	0	7	4	1.0	1.0	0.41424246054930003	1
368	Iter0369	16	2	7	3	9	2	3.4285714285714284	0.31501831501831384	0.4882625132985059	1
369	Iter0370	18	0	14	4	7	0	6.333333333333332	0.1038961038961024	0.4509133269744001	1
370	Iter0371	7	1	9	2	2	0	1.5555555555555556	1.0	0.20291583088999998	1
371	Iter0372	8	1	4	3	6	2	6.0	0.26153846153846033	0.58005793023	1
372	Iter0373	4	1	10	2	2	1	0.8	1.0	0.427923432552803	1
373	Iter0374	16	2	7	1	7	0	1.1428571428571428	1.0	0.30106390605	1
374	Iter0375	17	3	14	0	8	4	0.3	0.2513368983957238	0.37062971000000006	1
375	Iter0376	22	3	5	3	11	0	4.4	0.13654060066740473	0.6027165561999999	1
376	Iter0377	2	0	6	4	0	1	2.142857142857143	0.5151515151515165	0.31929270340000004	1
377	Iter0378	8	1	10	3	4	0	2.4	0.6161312371838676	0.4067235749115021	1
378	Iter0379	8	0	5	3	3	0	6.0	0.19999999999999946	0.3256031374	1
379	Iter0380	12	3	5	2	3	0	1.6	1.0	0.5675938323091698	1
380	Iter0381	13	1	7	1	4	2	1.8571428571428568	1.0	0.50865517	1
381	Iter0382	14	1	6	2	8	2	4.666666666666667	0.268774703557311	0.48676149056	1
382	Iter0383	15	3	6	2	6	0	1.6666666666666667	0.6278504104591057	0.302776419653	1
383	Iter0384	4	0	6	2	2	0	2.142857142857143	0.5151515151515169	0.4020425883	1
384	Iter0385	20	3	9	1	9	0	0.7407407407407408	1.0	0.484289956	1
385	Iter0386	7	0	7	2	6	1	3.0	0.4749999999999991	0.45922348807395996	1
386	Iter0387	11	2	5	1	4	0	1.1	1.0	0.5255646920765039	1
387	Iter0388	14	1	6	5	9	1	11.666666666666668	0.05384615384615391	0.4106159645342	1
388	Iter0389	9	1	9	2	6	1	2.0	1.0	0.4768147634	1
389	Iter0390	8	1	10	3	5	3	2.4	0.6161312371838676	0.522734237796	1
390	Iter0391	14	0	5	4	7	0	12.5	0.014229249011857703	0.5742032998971899	1
391	Iter0392	10	2	8	5	4	4	3.125	0.3782608695652168	0.5409818639063001	1
392	Iter0393	0	0	8	2	0	2	0.3333333333333333	1.0	0.37467053014070006	1
393	Iter0394	18	1	5	3	11	0	10.8	0.06461538461538566	0.70805725	1
394	Iter0395	11	2	7	2	6	1	1.5714285714285714	1.0	0.45465780654000004	1
395	Iter0396	25	1	3	3	11	0	25.0	0.014877641824249428	0.587701305904248	1
396	Iter0397	13	2	9	3	6	1	2.1666666666666665	0.6280193236715058	0.4153051449300001	1
397	Iter0398	6	1	7	4	3	2	3.4285714285714284	0.5955882352941178	0.525323017101489	1
398	Iter0399	6	0	12	2	4	2	1.6153846153846154	1.0	0.518753515	1
399	Iter0400	12	4	3	4	8	2	4.0	0.18189568317445604	0.679696068978	1
400	Iter0401	13	0	6	4	7	0	10.0	0.02371541501976296	0.37444735283360003	1
401	Iter0402	15	1	3	0	9	0	2.0	1.0	0.67689840678666	1
402	Iter0403	16	4	4	7	9	0	7.0	0.02321397495745804	0.49304566000000005	1
403	Iter0404	9	1	3	1	4	0	3.0	0.5054945054945035	0.31141621744000003	1
404	Iter0405	16	2	4	4	9	0	8.0	0.051018546670720415	0.37954934710982374	1
405	Iter0406	5	0	6	1	2	1	1.7142857142857142	1.0	0.5793731630000001	1
406	Iter0407	16	2	15	4	11	4	2.1333333333333333	0.6598806598806737	0.4978856535300001	1
407	Iter0408	11	0	16	3	6	4	2.8235294117647056	0.2793103448275843	0.39722873999999997	1
408	Iter0409	13	2	15	4	5	4	1.7333333333333334	0.6721736272626289	0.4708296988527401	1
409	Iter0410	5	1	8	4	3	3	2.5	0.6148459383753487	0.5381619247903171	1
410	Iter0411	10	1	4	1	7	0	2.5	1.0	0.38785008155	1
411	Iter0412	11	0	6	2	6	3	5.1428571428571415	0.1637426900584798	0.48173583416067794	1
412	Iter0413	10	1	5	3	5	0	6.0	0.2621259029927772	0.30690464447000004	1
413	Iter0414	10	1	11	3	5	3	2.7272727272727275	0.6043478260869597	0.5149744205237	1
414	Iter0415	19	1	11	5	9	4	8.636363636363635	0.06886156222019603	0.4928331042	1
415	Iter0416	15	2	7	1	8	0	1.0714285714285714	1.0	0.475866156030433	1
416	Iter0417	7	2	14	3	3	0	0.75	1.0	0.47799867910000005	1
417	Iter0418	9	3	3	2	3	1	2.0	0.6000323206205526	0.45588339189729005	1
418	Iter0419	14	1	7	1	8	0	2.0	1.0	0.3260090081205851	1
419	Iter0420	17	2	7	3	11	1	3.6428571428571432	0.3064292029809288	0.6120127401301079	1
420	Iter0421	7	1	5	4	4	1	5.6	0.2941176470588226	0.3707456432000001	1
421	Iter0422	5	1	9	3	2	0	1.6666666666666667	1.0	0.42058398978999995	1
422	Iter0423	9	0	3	5	7	0	15.0	0.009049773755656071	0.33384250370999996	1
423	Iter0424	13	1	12	2	9	3	2.1666666666666665	1.0	0.382806119999976	1
424	Iter0425	18	0	2	3	9	0	25.33333333333333	0.005646527385657785	0.5332284177	1
425	Iter0426	6	2	9	3	4	3	1.0	1.0	0.29624283888423	1
426	Iter0427	15	2	13	1	10	4	0.5769230769230769	1.0	0.632607869558472	1
427	Iter0428	21	1	5	1	9	2	4.2	0.38888888888888856	0.4537728569	1
428	Iter0429	0	0	5	4	0	1	0.8333333333333334	1.0	0.46887516475098207	1
429	Iter0430	7	0	16	0	2	0	0.4705882352941176	1.0	0.27346770164499995	1
430	Iter0431	10	2	11	3	5	3	1.3636363636363638	1.0	0.4223192919533001	1
431	Iter0432	11	3	9	4	7	1	1.6296296296296295	0.6776167471819722	0.7402769878999998	1
432	Iter0433	4	1	9	5	1	1	2.2222222222222223	1.0	0.3691192039	1
433	Iter0434	18	1	9	6	9	2	12.0	0.028239562080267736	0.5000754969000001	1
434	Iter0435	11	1	5	0	7	1	1.0	1.0	0.41412383245719997	1
435	Iter0436	3	0	5	2	2	0	2.0	1.0	0.4785204656868	1
436	Iter0437	7	0	6	1	6	0	2.2857142857142856	1.0	0.5435368110560002	1
437	Iter0438	13	3	5	3	8	0	2.6	0.3617640940295413	0.688889103323	1
438	Iter0439	14	1	4	2	7	2	7.0	0.1842105263157894	0.49101408357220006	1
439	Iter0440	14	0	10	4	6	1	6.8181818181818175	0.09777777777777752	0.3680352766743882	1
440	Iter0441	15	1	7	7	8	4	15.0	0.012093953023488346	0.555250360728715	1
441	Iter0442	5	2	4	5	3	0	3.125	0.3575174825174823	0.57696625198	1
442	Iter0443	28	1	7	2	19	1	8.0	0.13371266002844615	0.67222968508	1
443	Iter0444	15	3	8	2	7	2	1.25	1.0	0.44752622667000014	1
444	Iter0445	13	1	4	1	3	0	3.25	0.4678362573099456	0.4875091738190001	1
445	Iter0446	9	0	7	7	2	1	10.0	0.01894296308080124	0.5399173021	1
446	Iter0447	18	0	3	2	7	0	14.25	0.03952569169960457	0.462793638687	1
447	Iter0448	9	1	12	2	4	4	1.5	1.0	0.5679917959207701	1
448	Iter0449	10	0	3	2	4	0	8.25	0.09523809523809476	0.266582832353	1
449	Iter0450	11	2	7	2	5	3	1.5714285714285714	1.0	0.18421789199999997	1
450	Iter0451	7	2	9	1	2	1	0.3888888888888889	0.5820433436532506	0.37672505530000006	1
451	Iter0452	12	1	8	6	3	2	9.0	0.07681159420289921	0.49099718890000005	1
452	Iter0453	6	1	6	1	4	0	1.0	1.0	0.30807844990230004	1
453	Iter0454	2	1	6	1	1	2	0.3333333333333333	1.0	0.34385256699892996	1
454	Iter0455	12	2	7	5	9	1	4.285714285714286	0.19043478260869626	0.27922072528356	1
455	Iter0456	14	1	10	4	6	1	5.6	0.16858237547892915	0.40362991719999997	1
456	Iter0457	15	1	3	1	6	0	5.0	0.3684210526315782	0.5711777772	1
457	Iter0458	9	0	14	1	2	1	1.3333333333333333	1.0	0.3016732582579	1
458	Iter0459	16	0	6	3	9	1	9.714285714285714	0.03652173913043509	0.49572594805394266	1
459	Iter0460	12	3	10	3	7	1	1.2	1.0	0.40752522649017897	1
460	Iter0461	14	3	8	4	7	0	2.333333333333333	0.40285754558618503	0.41758676461100963	1
461	Iter0462	11	3	3	3	6	0	3.6666666666666665	0.3027089783281745	0.33038328280000007	1
462	Iter0463	22	1	12	1	10	1	1.8333333333333333	1.0	0.524868107982	1
463	Iter0464	16	1	12	2	8	1	2.6666666666666665	0.5764182424916635	0.5792452610108499	1
464	Iter0465	13	4	8	5	7	0	2.03125	0.4433583208395837	0.27376439554629994	1
465	Iter0466	2	0	10	3	1	0	1.0909090909090908	1.0	0.4073306398999995	1
466	Iter0467	14	1	4	4	7	1	14.0	0.03286873309756587	0.38396977924620007	1
467	Iter0468	13	1	5	0	7	1	1.1666666666666667	1.0	0.5192032574000001	1
468	Iter0469	6	0	7	1	3	1	1.75	1.0	0.47510900327000005	1
469	Iter0470	23	0	7	4	14	1	15.0	0.007115749525616738	0.4503436278207711	1
470	Iter0471	15	3	4	3	8	1	3.75	0.2984980237154148	0.46608073875999995	1
471	Iter0472	6	3	8	1	3	1	0.25	0.5764705882352948	0.40820480029999995	1
472	Iter0473	8	2	9	1	3	2	0.4444444444444444	1.0	0.547759351352	1
473	Iter0474	7	1	9	3	3	3	2.333333333333333	0.6185758513931914	0.49152947960759996	1
474	Iter0475	21	2	13	2	4	4	1.6153846153846154	1.0	0.24701353260000003	1
475	Iter0476	19	0	4	1	8	1	8.0	0.20833333333333476	0.3722544366	1
476	Iter0477	14	0	12	6	5	1	8.076923076923077	0.023799592139414624	0.269858316804	1
477	Iter0478	22	0	9	1	13	0	4.6	0.312500000000003	0.6185709461999999	1
478	Iter0479	0	0	4	3	0	2	0.8	1.0	0.6057881491296999	1
479	Iter0480	12	1	9	3	8	3	4.0	0.3217391304347842	0.5573326855769001	1
480	Iter0481	15	2	9	0	11	1	0.5333333333333333	0.5292307692307677	0.458592293	1
481	Iter0482	12	2	11	1	6	0	0.5454545454545454	1.0	0.48043125810000004	1
482	Iter0483	12	0	10	4	6	1	5.909090909090907	0.10006688963210776	0.25688898399999993	1
483	Iter0484	14	2	8	3	9	1	2.625	0.3704942400594621	0.45974900029677285	1
484	Iter0485	14	4	5	3	6	0	2.1	0.6352934022499253	0.43602334564999995	1
485	Iter0486	9	1	8	1	3	0	1.125	1.0	0.5177272948930977	1
486	Iter0487	10	1	8	2	2	2	2.5	0.5864661654135335	0.49535234699999997	1
487	Iter0488	11	2	5	2	5	1	2.2	0.5867905056759564	0.437580948058	1
488	Iter0489	2	0	12	4	2	4	1.1538461538461535	1.0	0.42378046999999996	1
489	Iter0490	7	1	7	3	5	0	3.0	0.5882352941176499	0.58500429	1
490	Iter0491	12	2	6	0	8	0	0.6190476190476191	1.0	0.562897959992835	1
491	Iter0492	16	4	4	2	8	0	2.0	0.5959518742127429	0.5103673883676	1
492	Iter0493	0	0	10	6	0	6	0.6363636363636364	1.0	0.2304860199970224	1
493	Iter0494	11	1	7	1	6	0	1.5714285714285714	1.0	0.276757472	1
494	Iter0495	9	1	6	1	5	2	1.5	1.0	0.5357897773570001	1
495	Iter0496	14	3	7	1	3	1	0.6666666666666667	1.0	0.357479368917	1
496	Iter0497	0	0	10	2	0	2	0.2727272727272728	1.0	0.27575160630539997	1
497	Iter0498	10	1	5	0	6	1	0.9166666666666666	1.0	0.38998627069720004	1
498	Iter0499	8	0	5	2	5	1	4.5	0.19999999999999876	0.751586295704	1
499	Iter0500	16	0	16	4	4	4	5.0	0.11314828961887738	0.3651836409337899	1
500	Iter0501	14	2	11	2	10	1	1.2727272727272727	1.0	0.5991885032964599	1
501	Iter0502	10	0	11	6	3	4	6.416666666666668	0.056991317860883475	0.32778267732000005	1
502	Iter0503	15	1	6	2	6	1	5.0	0.24901185770750955	0.28431523620000004	1
503	Iter0504	12	1	5	1	9	0	2.4	1.0	0.50411070436356	1
504	Iter0505	0	0	6	2	0	2	0.42857142857142855	1.0	0.5271453577	1
505	Iter0506	0	0	7	6	0	0	0.875	1.0	0.39082424384	1
506	Iter0507	8	1	7	2	2	0	2.2857142857142856	1.0	0.46514558089381	1
507	Iter0508	18	4	9	2	4	2	1.0	1.0	0.48303137182238504	1
508	Iter0509	11	0	7	5	7	3	9.0	0.03726708074534143	0.443245187	1
509	Iter0510	25	2	6	1	15	0	2.083333333333333	0.5111965240641725	0.57064987783	1
510	Iter0511	12	2	12	2	4	1	1.0	1.0	0.5773526510267999	1
511	Iter0512	0	0	6	7	0	2	1.1428571428571428	1.0	0.5762744166131	1
512	Iter0513	0	0	6	3	0	2	0.5714285714285714	1.0	0.3473985242	1
513	Iter0514	17	2	3	1	7	0	2.833333333333333	0.4528514963297557	0.642661308	1
514	Iter0515	10	0	7	1	2	2	2.75	0.444444444444445	0.735635230454	1
515	Iter0516	17	2	9	3	10	4	2.833333333333333	0.3498596323957826	0.57888149804657	1
516	Iter0517	20	1	6	5	10	1	16.666666666666668	0.011216166110493248	0.5236929244059101	1
517	Iter0518	14	1	8	1	8	3	1.75	1.0	0.7702695795977	1
518	Iter0519	15	1	5	4	7	0	12.0	0.040316205533596855	0.49925642613	1
519	Iter0520	7	0	4	2	3	0	4.8	0.19230769230769254	0.4325282563100001	1
520	Iter0521	15	4	10	6	5	0	2.25	0.4543432096268647	0.3376632607292	1
521	Iter0522	10	0	10	4	7	1	5.0	0.1139657444005277	0.5389085259999999	1
522	Iter0523	15	1	12	5	8	4	6.25	0.17484073212660348	0.5312619806911456	1
523	Iter0524	11	1	6	3	4	0	5.5	0.27218045112782063	0.40319373516293	1
524	Iter0525	17	1	6	4	13	0	11.333333333333336	0.041025641025640686	0.4698715206628601	1
525	Iter0526	1	0	9	5	1	1	1.2	1.0	0.46440590497	1
526	Iter0527	13	0	4	6	7	0	19.6	0.002080299563137094	0.507936056884106	1
527	Iter0528	15	4	7	2	8	1	1.0714285714285714	1.0	0.532852363922627	1
528	Iter0529	6	0	8	4	3	2	3.888888888888889	0.2450980392156867	0.39492491671999996	1
529	Iter0530	12	4	9	3	7	2	1.0	1.0	0.35526824	1
530	Iter0531	14	1	7	3	8	2	6.0	0.2667984189723335	0.44736402999999997	1
531	Iter0532	11	1	8	5	4	2	6.875	0.1602484472049686	0.4602360751997795	1
532	Iter0533	10	1	9	4	8	1	4.4444444444444455	0.3271221532091099	0.4804627090576	1
533	Iter0534	3	1	6	4	1	2	2.0	1.0	0.45725728209264005	1
534	Iter0535	15	2	13	4	7	0	2.3076923076923075	0.6561836383861008	0.4816530191709999	1
535	Iter0536	11	2	8	7	3	0	4.8125	0.11449275362318788	0.1880720348	1
536	Iter0537	10	2	10	1	4	0	0.5	1.0	0.29602551639999997	1
537	Iter0538	7	2	5	3	4	2	2.1	0.6199095022624409	0.41700352024533005	1
538	Iter0539	12	0	10	1	3	0	2.363636363636364	0.4782608695652183	0.45343208000000007	1
539	Iter0540	7	1	5	1	3	2	1.4	1.0	0.5922580806	1
540	Iter0541	22	4	9	1	11	4	0.6111111111111112	1.0	0.6030322119999999	1
541	Iter0542	14	0	10	4	6	4	6.8181818181818175	0.09777777777777752	0.556537699013	1
542	Iter0543	10	1	5	4	6	0	8.0	0.12732198142414894	0.191974914	1
543	Iter0544	11	2	11	4	6	2	2.0	0.6545893719806724	0.24730187780000001	1
544	Iter0545	0	0	10	1	0	0	0.18181818181818185	1.0	0.45194820124602103	1
545	Iter0546	8	0	9	1	5	1	1.8	1.0	0.37829877000000006	1
546	Iter0547	18	4	8	1	10	0	0.5625	1.0	0.4756319333999999	1
547	Iter0548	6	0	7	2	4	4	2.625	0.4857142857142826	0.34010217613000004	1
548	Iter0549	12	1	3	1	6	0	4.0	0.4264705882352935	0.5796007521203	1
549	Iter0550	12	0	4	1	6	0	5.2	0.29411764705882354	0.544443874777	1
550	Iter0551	11	1	3	3	3	1	11.0	0.0833333333333336	0.3429783245184	1
551	Iter0552	18	1	4	2	8	1	9.0	0.1326086956521748	0.5965002730000001	1
552	Iter0553	5	0	9	5	1	0	3.6	0.2565359477124198	0.5540380297294598	1
553	Iter0554	16	2	14	2	9	4	1.1428571428571428	1.0	0.6203116562999998	1
554	Iter0555	9	1	9	1	5	3	1.0	1.0	0.24738107780000002	1
555	Iter0556	15	0	3	3	5	0	16.0	0.015037593984962381	0.365874644549	1
556	Iter0557	17	5	4	5	8	1	4.25	0.10454350988277618	0.26218401482	1
557	Iter0558	9	1	9	2	4	2	2.0	1.0	0.44580891147353535	1
558	Iter0559	18	5	9	4	13	1	1.6	0.6933308250997794	0.63218569594484	1
559	Iter0560	12	1	4	3	5	1	9.0	0.10113519091847364	0.44378201691187	1
560	Iter0561	17	4	6	1	7	2	0.7083333333333334	1.0	0.5538042422421499	1
561	Iter0562	12	5	10	3	5	0	0.72	1.0	0.4487028145	1
562	Iter0563	11	2	9	7	4	1	4.277777777777779	0.12963518240879726	0.47749125591583996	1
563	Iter0564	14	0	13	5	6	5	6.428571428571428	0.05248887652947761	0.4769333687684	1
564	Iter0565	12	1	7	4	5	1	6.857142857142858	0.14208074534161524	0.6173861585127614	1
565	Iter0566	9	0	8	1	5	1	2.2222222222222223	1.0	0.7085306597721999	1
566	Iter0567	10	0	9	1	4	4	2.2	1.0	0.4869424446180701	1
567	Iter0568	18	0	8	4	13	1	10.555555555555557	0.018062397372742237	0.5006857926870001	1
568	Iter0569	21	4	2	1	14	1	2.625	0.4594017094017048	0.523138104	1
569	Iter0570	9	0	5	3	2	1	6.666666666666668	0.08235294117647059	0.477337271484	1
570	Iter0571	15	2	9	3	8	4	2.5	0.622079070354937	0.5988515268000001	1
571	Iter0572	14	2	4	2	7	0	3.5	0.2918660287081352	0.5346212848599999	1
572	Iter0573	17	4	7	2	5	3	1.2142857142857142	1.0	0.33784716200000003	1
573	Iter0574	16	2	5	3	7	1	4.8	0.280510793554272	0.4774893580000001	1
574	Iter0575	14	4	5	3	7	0	2.1	0.6352934022499253	0.505055843951	1
575	Iter0576	0	0	5	4	0	1	0.8333333333333334	1.0	0.47941639001189995	1
576	Iter0577	8	1	6	1	4	2	1.3333333333333333	1.0	0.48210708	1
577	Iter0578	13	1	6	2	6	2	4.333333333333333	0.5272727272727273	0.4362036366117	1
578	Iter0579	13	0	7	1	9	2	3.5	0.3809523809523805	0.5435174599999999	1
579	Iter0580	11	2	1	3	6	1	16.5	0.05252100840336108	0.5632408085739202	1
580	Iter0581	0	0	5	0	0	1	0.16666666666666666	1.0	0.35152949939	1
581	Iter0582	13	4	6	2	8	0	1.0833333333333333	1.0	0.3888857043999999	1
582	Iter0583	4	0	5	3	1	0	3.333333333333333	0.4909090909090915	0.7008602872309997	1
583	Iter0584	15	0	8	2	8	2	5.333333333333333	0.1500000000000008	0.3263474356698652	1
584	Iter0585	21	5	7	3	13	0	1.8	0.6576261205260818	0.5755686023500001	1
585	Iter0586	13	1	6	2	10	1	4.333333333333333	0.5272727272727273	0.5483090662000001	1
586	Iter0587	18	5	5	7	9	2	5.04	0.05874137008273107	0.34725524258	1
587	Iter0588	2	0	6	1	1	2	0.8571428571428571	1.0	0.6023176488220501	1
588	Iter0589	12	0	8	2	6	2	4.333333333333333	0.19480519480519412	0.3735490707604999	1
589	Iter0590	11	1	3	4	5	0	14.666666666666664	0.03792569659442722	0.515864082305	1
590	Iter0591	8	4	9	6	1	0	1.3333333333333333	1.0	0.337074678115809	1
591	Iter0592	8	0	14	5	6	0	3.6	0.27982162764771656	0.4188717618384	1
592	Iter0593	11	1	16	5	5	5	3.4375	0.3791713014460421	0.28173211070000004	1
593	Iter0594	12	0	1	5	3	0	39.0	0.0007002801120448162	0.29252593358213	1
594	Iter0595	11	1	3	3	6	1	11.0	0.0833333333333336	0.524089147793851	1
595	Iter0596	13	5	11	5	5	1	1.1818181818181817	1.0	0.4929954271268127	1
596	Iter0597	7	2	7	0	3	0	0.3333333333333333	0.4749999999999985	0.3843470125999666	1
597	Iter0598	11	0	10	2	8	3	3.272727272727273	0.4782608695652178	0.40229885	1
598	Iter0599	24	2	8	2	9	4	3.0	0.3048128342245966	0.5576459667	1
599	Iter0600	14	2	5	3	6	1	4.2	0.28853754940711634	0.49178295511190806	1
600	Iter0601	11	3	15	2	5	5	0.4888888888888889	0.6358093354756329	0.31372169218985996	1
601	Iter0602	16	1	10	3	8	1	4.8	0.2903484765553747	0.3608545024	1
602	Iter0603	8	1	8	2	3	2	2.0	1.0	0.3896937312599	1
603	Iter0604	9	3	13	1	3	0	0.2307692307692308	0.3060869565217409	0.6238774621851002	1
604	Iter0605	3	1	7	5	3	1	2.142857142857143	1.0	0.5590750529999999	1
605	Iter0606	9	0	6	5	7	0	8.571428571428571	0.03792569659442738	0.31642672000000005	1
606	Iter0607	18	1	13	1	10	5	1.3846153846153846	1.0	0.4214778675555	1
607	Iter0608	5	1	6	4	2	1	3.333333333333333	0.5879120879120866	0.47974205583	1
608	Iter0609	5	2	5	2	5	1	1.0	1.0	0.5919795597457954	1
609	Iter0610	5	2	9	2	2	2	0.5555555555555556	1.0	0.240237092391	1
610	Iter0611	11	3	3	4	6	0	4.8888888888888875	0.1563639490884081	0.34823582996736874	1
611	Iter0612	13	3	14	3	5	3	0.9285714285714284	1.0	0.38469749122322	1
612	Iter0613	15	0	10	2	8	3	4.363636363636363	0.1880341880341897	0.6188147159999999	1
613	Iter0614	7	0	8	1	2	2	1.7777777777777777	1.0	0.43165984699999993	1
614	Iter0615	9	1	12	1	3	0	0.75	1.0	0.42750775	1
615	Iter0616	6	0	7	2	2	1	2.625	0.4857142857142826	0.42554101130000005	1
616	Iter0617	17	2	6	1	11	1	1.4166666666666667	1.0	0.48649845010000015	1
617	Iter0618	11	2	9	4	7	2	2.4444444444444446	0.6447204968944075	0.53902007489	1
618	Iter0619	16	1	15	3	8	5	3.2	0.6025974025974079	0.5171496799999998	1
619	Iter0620	15	0	6	5	9	0	13.714285714285715	0.007023411371237476	0.46509712103199996	1
620	Iter0621	8	2	7	2	5	0	1.1428571428571428	1.0	0.46343984200000005	1
621	Iter0622	10	1	8	4	5	1	5.0	0.316770186335401	0.64866374321	1
622	Iter0623	0	0	8	3	0	1	0.4444444444444444	1.0	0.27291539263	1
623	Iter0624	18	4	15	1	8	4	0.3	0.3741109530583291	0.35745003727120545	1
624	Iter0625	20	3	5	6	7	0	8.0	0.03284443750975232	0.5046998382000001	1
625	Iter0626	10	0	5	5	4	0	11.0	0.032507739938080565	0.41078519553500004	1
626	Iter0627	12	0	11	3	5	5	4.333333333333333	0.22461538461538624	0.42589742823000004	1
627	Iter0628	10	3	5	2	9	0	1.3333333333333337	1.0	0.6167830783005187	1
628	Iter0629	8	2	10	1	4	2	0.4	0.5864661654135335	0.66386638932	1
629	Iter0630	8	1	6	5	6	1	6.666666666666668	0.1571207430340557	0.46270748999999994	1
630	Iter0631	13	0	9	1	7	3	2.8	0.4347826086956511	0.4967127745010001	1
631	Iter0632	15	0	7	8	9	0	18.0	0.002198900549725155	0.5446066439999999	1
632	Iter0633	7	0	10	3	5	2	2.9090909090909087	0.5210526315789468	0.5300352900000002	1
633	Iter0634	10	1	13	6	4	3	4.615384615384616	0.21463306808134652	0.30360520749010006	1
634	Iter0635	9	0	5	1	4	0	3.333333333333333	0.3999999999999996	0.4303933469	1
635	Iter0636	9	0	8	0	5	1	1.1111111111111112	1.0	0.4602160368	1
636	Iter0637	12	1	10	4	7	0	4.8	0.32592592592592984	0.5148773148	1
637	Iter0638	16	2	8	1	7	2	1.0	1.0	0.46135406985999994	1
638	Iter0639	16	1	6	6	8	2	16.0	0.010571637258294063	0.4029545904	1
639	Iter0640	10	1	7	2	2	2	2.8571428571428568	0.5657894736842117	0.29745400039	1
640	Iter0641	17	1	8	1	8	0	2.125	1.0	0.557327058	1
641	Iter0642	15	3	4	4	10	2	5.0	0.14901793858315612	0.62368960779	1
642	Iter0643	19	1	7	2	8	1	5.428571428571429	0.22003284072249574	0.32948336115400007	1
643	Iter0644	15	4	7	1	11	2	0.5357142857142857	1.0	0.5693789989393956	1
644	Iter0645	7	1	5	1	2	0	1.4	1.0	0.3960002983	1
645	Iter0646	9	1	7	2	3	1	2.571428571428572	0.5820433436532506	0.4932179886	1
646	Iter0647	10	2	8	3	7	0	1.875	0.6404053612291578	0.6062104204631001	1
647	Iter0648	15	1	8	2	3	2	3.75	0.538461538461541	0.34259241051945205	1
648	Iter0649	8	0	7	5	2	1	6.75	0.05469556243550036	0.27475267999999997	1
649	Iter0650	9	2	7	3	7	1	1.9285714285714284	0.6351172047766502	0.35878869680000003	1
650	Iter0651	6	2	4	3	5	0	2.25	0.6083916083916068	0.5647909618539002	1
651	Iter0652	14	0	3	5	4	2	22.5	0.0021265284423179114	0.44580378878730004	1
652	Iter0653	21	1	4	2	11	0	10.5	0.10683760683760647	0.7410995179999998	1
653	Iter0654	13	1	10	2	7	0	2.6	0.5800000000000047	0.5938615315099999	1
654	Iter0655	7	1	11	4	4	3	2.5454545454545454	0.6213854795090469	0.22708874	1
655	Iter0656	11	2	10	4	4	4	2.2	0.6483091787439679	0.5975547290930001	1
656	Iter0657	12	1	4	4	5	0	12.0	0.047471620227038235	0.46180026018	1
657	Iter0658	16	4	8	3	8	2	1.5	0.6757194603690704	0.48561632289999995	1
658	Iter0659	14	2	9	0	9	2	0.5	0.5200000000000032	0.3026510021815	1
659	Iter0660	7	1	6	2	4	0	2.333333333333333	1.0	0.5467654013597999	1
660	Iter0661	16	1	5	3	9	1	9.6	0.08079051383399273	0.29448089951999995	1
661	Iter0662	13	1	11	4	2	0	4.727272727272728	0.32950191570881504	0.27516278664550003	1
662	Iter0663	7	0	12	1	4	1	1.2307692307692308	1.0	0.32454694303444	1
663	Iter0664	19	4	3	2	10	0	3.1666666666666665	0.2854700854700839	0.44767648699999996	1
664	Iter0665	6	1	5	2	4	1	2.4	1.0	0.6880603989999999	1
665	Iter0666	17	4	12	6	7	3	2.125	0.4645685613427573	0.5449666874899999	1
666	Iter0667	18	1	11	1	9	3	1.6363636363636365	1.0	0.4637019889	1
667	Iter0668	9	2	7	0	3	0	0.4166666666666667	0.496732026143794	0.43209204	1
668	Iter0669	9	0	8	1	2	0	2.2222222222222223	1.0	0.40537010289000003	1
669	Iter0670	10	0	7	3	5	6	5.5	0.21052631578947376	0.29244700250000005	1
670	Iter0671	13	0	6	2	7	0	6.0	0.13333333333333353	0.7704719513	1
671	Iter0672	12	2	6	4	6	1	4.0	0.19206365716663254	0.48178516627820006	1
672	Iter0673	0	0	6	2	0	3	0.42857142857142855	1.0	0.38744644148	1
673	Iter0674	5	1	6	5	4	5	4.166666666666667	0.3333872010342601	0.353719271658	1
674	Iter0675	15	4	6	2	7	1	1.25	1.0	0.37390311556000005	1
675	Iter0676	0	0	8	3	0	0	0.4444444444444444	1.0	0.5925275741169999	1
676	Iter0677	3	0	9	5	3	1	2.4	0.5147058823529412	0.44487547966469104	1
677	Iter0678	0	0	1	1	0	1	1.0	1.0	0.5020637233999999	1
678	Iter0679	24	0	4	2	12	2	15.0	0.034482758620690133	0.4994366340938001	1
679	Iter0680	18	3	7	1	14	0	0.8571428571428571	1.0	0.748640867938	1
680	Iter0681	21	3	5	1	14	1	1.4	1.0	0.4867020760100001	1
681	Iter0682	10	1	6	3	3	2	5.0	0.28482972136223017	0.3657220948599999	1
682	Iter0683	18	3	9	2	11	1	1.3333333333333333	1.0	0.39151001853	1
683	Iter0684	13	0	17	2	5	1	2.333333333333333	0.5020161290322576	0.20149177407000002	1
684	Iter0685	0	0	12	1	0	6	0.15384615384615385	1.0	0.3362658513	1
685	Iter0686	11	0	9	2	4	3	3.6	0.4761904761904777	0.41874490899999994	1
686	Iter0687	8	0	6	1	6	0	2.571428571428572	0.4666666666666657	0.53972130491	1
687	Iter0688	14	1	9	5	6	0	7.777777777777778	0.08007662835249163	0.507503862	1
688	Iter0689	20	0	14	4	8	4	7.0	0.04145498882340926	0.40874538789708764	1
689	Iter0690	12	2	9	2	4	1	1.3333333333333333	1.0	0.3964684189999999	1
690	Iter0691	19	1	7	3	10	2	8.142857142857142	0.09523809523809593	0.5776821704599999	1
691	Iter0692	13	2	6	1	8	0	1.0833333333333333	1.0	0.29451548150000006	1
692	Iter0693	22	4	8	2	12	1	1.375	1.0	0.5361605656520301	1
693	Iter0694	13	2	15	2	6	5	0.8666666666666667	1.0	0.47025117600000016	1
694	Iter0695	15	1	6	6	6	0	15.0	0.022816796729840043	0.6219483047700001	1
695	Iter0696	22	1	8	2	8	2	5.5	0.21169354838709384	0.6119554102379998	1
696	Iter0697	5	2	2	1	4	0	1.25	1.0	0.7022810619800001	1
697	Iter0698	18	1	9	1	8	1	2.0	1.0	0.52705901	1
698	Iter0699	15	2	13	3	9	0	1.7307692307692308	0.6561836383860857	0.507244362452222	1
699	Iter0700	3	1	6	1	3	0	0.5	1.0	0.52375337198	1
700	Iter0701	5	1	10	4	4	1	2.0	1.0	0.46986092470000007	1
701	Iter0702	16	2	8	2	8	1	2.0	0.601465201465198	0.42166145899999996	1
702	Iter0703	11	1	8	1	6	1	1.375	1.0	0.5769090743990001	1
703	Iter0704	14	2	10	3	7	2	2.1	0.6321839080459821	0.37007103178	1
704	Iter0705	8	1	13	4	6	4	2.4615384615384617	0.6278504104591043	0.6394842501014001	1
705	Iter0706	6	2	10	4	2	0	1.2	1.0	0.3419634748050831	1
706	Iter0707	5	1	9	3	4	0	1.6666666666666667	1.0	0.39523321199999994	1
707	Iter0708	17	2	6	3	9	1	4.25	0.2901098901098889	0.5465093539783719	1
708	Iter0709	10	3	1	5	4	0	16.666666666666668	0.04076367389060884	0.41041429199999996	1
709	Iter0710	13	3	8	2	7	2	1.0833333333333333	1.0	0.6350878239999999	1
710	Iter0711	19	1	6	5	12	0	15.833333333333336	0.013177034311628257	0.45576194039999995	1
711	Iter0712	15	2	7	4	8	2	4.285714285714286	0.1740510697032429	0.5338105038200001	1
712	Iter0713	24	3	6	3	15	1	4.0	0.1506382611695689	0.41865860140699995	1
713	Iter0714	9	1	8	2	5	2	2.25	1.0	0.44974872399999993	1
714	Iter0715	10	2	8	2	7	1	1.25	1.0	0.567614605897202	1
715	Iter0716	19	1	8	2	8	2	4.75	0.25123152709359675	0.4863522724926539	1
716	Iter0717	14	1	8	3	5	1	5.25	0.27892976588629026	0.4071971555199999	1
717	Iter0718	0	0	5	2	0	2	0.5	1.0	0.4659512651999999	1
718	Iter0719	4	1	4	4	3	1	4.0	0.5648795648795653	0.75183831378063	1
719	Iter0720	16	2	4	1	6	1	2.0	0.5392433653303165	0.38694275528000005	1
720	Iter0721	11	0	4	0	6	0	2.4	1.0	0.6019597047999999	1
721	Iter0722	12	1	2	2	4	0	12.0	0.12058823529411752	0.47036214590259995	1
722	Iter0723	7	3	5	2	5	1	0.9333333333333332	1.0	0.4445056561	1
723	Iter0724	15	3	3	1	9	0	1.6666666666666667	1.0	0.50179505266	1
724	Iter0725	13	0	5	1	5	0	4.666666666666667	0.3157894736842099	0.33585217479999996	1
725	Iter0726	8	0	8	2	4	2	3.0	0.4771241830065367	0.49262283499446247	1
726	Iter0727	0	0	5	1	0	0	0.3333333333333333	1.0	0.5501181900000001	1
727	Iter0728	14	3	12	3	9	4	1.1666666666666667	1.0	0.5255664462817	1
728	Iter0729	9	2	5	2	5	0	1.8	1.0	0.35700992940000004	1
729	Iter0730	9	1	5	3	5	1	5.4	0.27450980392156965	0.43019594135230405	1
730	Iter0731	11	2	4	2	5	1	2.75	0.5572755417956656	0.36225548172800004	1
731	Iter0732	13	1	7	3	5	1	5.571428571428571	0.2720685111989477	0.38365760000000004	1
732	Iter0733	14	0	2	3	8	0	20.0	0.010319917440660466	0.6630786844248	1
733	Iter0734	4	3	4	8	4	1	2.6666666666666665	0.3765182186234813	0.6915035750999999	1
734	Iter0735	7	0	7	4	4	0	5.0	0.11928104575163433	0.46199536202459995	1
735	Iter0736	0	0	11	2	0	0	0.25	1.0	0.584620984	1
736	Iter0737	8	1	5	5	4	1	8.0	0.14086687306501508	0.49487730489	1
737	Iter0738	16	2	9	2	11	2	1.7777777777777777	0.6220790703549356	0.5865587169999998	1
738	Iter0739	7	3	5	6	4	1	2.8000000000000003	0.3869969040247684	0.3689549819146001	1
739	Iter0740	17	1	4	7	8	2	29.75	0.0014223657402068215	0.42884364177	1
740	Iter0741	18	1	9	0	7	1	0.95	1.0	0.39001231825	1
741	Iter0742	23	2	10	0	9	1	0.7272727272727273	1.0	0.5113181706700001	1
742	Iter0743	14	2	5	0	5	0	0.8333333333333334	1.0	0.38580964619999997	1
743	Iter0744	10	0	8	2	8	3	3.6666666666666665	0.4736842105263153	0.40560512914995994	1
744	Iter0745	6	2	11	3	4	1	0.8181818181818182	1.0	0.75169261556	1
745	Iter0746	5	2	5	2	3	0	1.0	1.0	0.31410637700000005	1
746	Iter0747	19	3	8	4	10	2	3.1666666666666665	0.21133776091081705	0.3754222104	1
747	Iter0748	17	0	15	2	6	3	3.375	0.4848484848484843	0.4431357514209999	1
748	Iter0749	11	1	5	5	5	1	11.0	0.0557275541795665	0.4248683143	1
749	Iter0750	13	1	9	1	8	0	1.4444444444444444	1.0	0.68661963338485	1
750	Iter0751	14	1	9	4	12	4	6.222222222222222	0.1527777777777773	0.4618691273	1
751	Iter0752	17	2	11	3	11	0	2.3181818181818183	0.6284634442309607	0.47076394089992013	1
752	Iter0753	11	0	4	0	7	2	2.4	1.0	0.6008851330579998	1
753	Iter0754	4	1	10	3	2	1	1.2	1.0	0.546520938	1
754	Iter0755	17	0	4	3	9	1	14.4	0.017292490118577027	0.55546798053	1
755	Iter0756	13	5	9	2	4	1	0.5777777777777778	0.6765078998962144	0.3914339576550001	1
756	Iter0757	8	3	12	2	2	4	0.4444444444444444	0.623188405797103	0.409224451	1
757	Iter0758	18	2	7	3	8	0	3.8571428571428568	0.3000294724432677	0.5709876235498399	1
758	Iter0759	15	0	4	1	6	1	6.4	0.25000000000000083	0.35432619686899997	1
759	Iter0760	13	0	11	0	7	2	1.1666666666666667	1.0	0.5841530357000001	1
760	Iter0761	22	4	6	2	10	0	1.8333333333333333	0.6087155663155241	0.42226659938567307	1
761	Iter0762	12	1	4	1	3	3	3.0	0.4901960784313716	0.36570362984849997	1
762	Iter0763	15	1	10	3	8	2	4.5	0.29939792008757826	0.32118244083439995	1
763	Iter0764	10	0	5	2	3	0	5.5	0.1544117647058821	0.5574155994399999	1
764	Iter0765	20	4	7	6	14	0	4.285714285714286	0.11781600774272664	0.5528760688456863	1
765	Iter0766	23	1	6	3	5	1	11.5	0.05234604105571754	0.42541248530052	1
766	Iter0767	5	2	7	5	3	1	1.7857142857142858	0.6561681352703003	0.4173616097	1
767	Iter0768	18	0	4	4	9	1	19.0	0.004682274247491671	0.6000516530039889	1
768	Iter0769	5	2	11	1	1	2	0.2272727272727273	0.5232198142414877	0.4663347717599999	1
769	Iter0770	10	1	8	3	5	1	3.75	0.586466165413535	0.4699254151479999	1
770	Iter0771	0	0	9	5	0	4	0.6	1.0	0.5921275499900001	1
771	Iter0772	14	2	6	5	6	3	5.833333333333334	0.08400842313885877	0.5806103735000001	1
772	Iter0773	28	1	5	1	15	0	5.6	0.3176470588235342	0.50607144273	1
773	Iter0774	9	2	5	0	5	1	0.5555555555555556	1.0	0.485778526	1
774	Iter0775	13	1	2	3	5	0	19.5	0.037409700722394336	0.61449143	1
775	Iter0776	8	1	5	1	5	2	1.6	1.0	0.5713702476	1
776	Iter0777	13	1	4	4	4	0	13.0	0.03934077618288147	0.33875438783913003	1
777	Iter0778	12	1	8	3	6	0	4.5	0.3002070393374754	0.4325416059985919	1
778	Iter0779	11	2	5	4	6	2	4.4	0.17779743476337825	0.39407045049999995	1
779	Iter0780	10	1	11	5	6	1	4.545454545454545	0.3496841322928306	0.5821055248370001	1
780	Iter0781	9	1	10	3	5	0	2.7	0.6036137775268224	0.637189575761015	1
781	Iter0782	15	1	3	0	9	1	2.0	1.0	0.59731557	1
782	Iter0783	11	2	8	2	3	3	1.375	1.0	0.4912056059752968	1
783	Iter0784	11	2	3	3	6	1	5.5	0.2621259029927756	0.37275541981193605	1
784	Iter0785	24	1	5	4	8	0	19.2	0.011773331033293156	0.48334226878313996	1
785	Iter0786	9	0	7	1	5	0	2.5	0.4705882352941173	0.46632638114375	1
786	Iter0787	26	1	5	2	15	1	10.4	0.10060160427807556	0.608549531606	1
787	Iter0788	6	1	9	2	5	3	1.3333333333333333	1.0	0.4020790837000001	1
788	Iter0789	10	2	1	2	5	0	10.0	0.1538461538461534	0.4728073392	1
789	Iter0790	17	4	7	2	11	1	1.2142857142857142	1.0	0.4581504595	1
790	Iter0791	16	0	8	2	8	1	5.666666666666668	0.13846153846153847	0.3809948181988001	1
791	Iter0792	19	1	9	3	5	0	6.333333333333332	0.13612347052280452	0.38467251160899996	1
792	Iter0793	15	2	5	3	10	0	4.5	0.28326745718050217	0.53579629306	1
793	Iter0794	16	3	2	6	9	0	16.0	0.006084929563190484	0.3964170655900001	1
794	Iter0795	7	1	5	1	3	0	1.4	1.0	0.39108569931	1
795	Iter0796	18	3	10	2	10	1	1.2	1.0	0.6818945921	1
796	Iter0797	4	0	7	1	2	1	1.25	1.0	0.4886623495000001	1
797	Iter0798	7	2	7	1	2	1	0.5	1.0	0.398496917	1
798	Iter0799	8	1	9	2	1	1	1.7777777777777777	1.0	0.42447010970000004	1
799	Iter0800	27	1	5	3	14	0	16.2	0.027807486631016263	0.5235118229267661	1
800	Iter0801	10	4	4	1	10	0	0.625	1.0	0.4010690526400001	1
801	Iter0802	7	0	9	1	6	0	1.6	1.0	0.682326314028	1
802	Iter0803	7	1	10	3	4	3	2.1	1.0	0.5064119928695997	1
803	Iter0804	23	0	6	3	14	0	13.714285714285715	0.016935483870967667	0.45900348678253	1
804	Iter0805	0	0	3	2	0	0	0.75	1.0	0.51266268213427	1
805	Iter0806	17	2	7	6	3	3	7.2857142857142865	0.03830552465702638	0.34803856747000006	1
806	Iter0807	9	1	12	5	4	1	3.75	0.3625215364345839	0.6577938897738339	1
807	Iter0808	16	0	3	2	10	0	12.75	0.04761904761904764	0.5689564736	1
808	Iter0809	5	0	7	6	2	0	5.25	0.11414565826330475	0.42493219070000005	1
809	Iter0810	13	0	13	0	12	0	1.0	1.0	0.6634791400000001	1
810	Iter0811	16	0	6	2	9	3	7.2857142857142865	0.10144927536231928	0.796432162388	1
811	Iter0812	15	1	7	1	7	0	2.142857142857143	1.0	0.292612182	1
812	Iter0813	7	3	6	3	4	1	1.1666666666666667	1.0	0.556281367299938	1
813	Iter0814	10	3	12	2	6	3	0.5555555555555556	0.6483091787439701	0.406865239037	1
814	Iter0815	14	3	5	1	6	0	0.9333333333333332	1.0	0.34723871841803894	1
815	Iter0816	10	2	12	2	8	3	0.8333333333333334	1.0	0.36077011943000004	1
816	Iter0817	11	0	7	2	5	1	4.5	0.1894736842105263	0.400640183305	1
817	Iter0818	11	0	5	4	5	2	10.0	0.026006191950464524	0.3865383129019473	1
818	Iter0819	16	2	6	3	11	0	4.0	0.29498327759197496	0.44350040374999994	1
819	Iter0820	4	0	3	2	3	1	3.75	0.4444444444444449	0.6106303900000001	1
820	Iter0821	17	2	7	5	9	2	6.071428571428572	0.07764296511793765	0.32713275936470004	1
821	Iter0822	14	3	6	2	6	1	1.5555555555555556	1.0	0.5600579106999999	1
822	Iter0823	14	0	7	3	9	1	7.5	0.05928853754940702	0.40420988362999993	1
823	Iter0824	0	0	6	3	0	1	0.5714285714285714	1.0	0.6612610375499999	1
824	Iter0825	7	2	8	4	4	2	1.75	0.6594427244582046	0.33809583899742535	1
825	Iter0826	9	4	4	3	3	1	1.6875	0.6513544891640859	0.5263252872674999	1
826	Iter0827	12	1	3	4	4	1	16.0	0.03070175438596508	0.50255626537668	1
827	Iter0828	10	0	3	1	2	1	5.5	0.2857142857142847	0.47261771935958513	1
828	Iter0829	0	0	7	1	0	0	0.25	1.0	0.305715304	1
829	Iter0830	17	2	7	5	6	2	6.071428571428572	0.07764296511793765	0.46786366578700006	1
830	Iter0831	9	2	6	6	5	0	4.5	0.1930273253466143	0.3891030071	1
831	Iter0832	0	0	5	3	0	0	0.6666666666666666	1.0	0.600059069083	1
832	Iter0833	13	1	2	2	6	1	13.0	0.10784313725490263	0.6662565194150001	1
833	Iter0834	18	2	11	3	12	3	2.4545454545454546	0.6271778506123913	0.49435075644872	1
834	Iter0835	23	2	10	2	13	0	2.3	0.582103111514896	0.5160244136700001	1
835	Iter0836	9	0	9	3	6	1	4.0	0.2285714285714288	0.39807723970000003	1
836	Iter0837	19	1	6	1	11	5	3.1666666666666665	0.4586894586894626	0.7103489099999999	1
837	Iter0838	14	0	7	2	10	2	5.625	0.14229249011857667	0.7082769920000002	1
838	Iter0839	10	2	3	2	5	0	3.333333333333333	0.5378151260504176	0.3770797714076401	1
839	Iter0840	12	0	8	2	7	1	4.333333333333333	0.19480519480519412	0.4438960881000001	1
840	Iter0841	8	1	8	0	5	2	0.5	1.0	0.5886234841399997	1
841	Iter0842	14	0	5	2	10	0	7.5	0.10000000000000024	0.60810445666	1
842	Iter0843	10	2	4	2	4	0	2.5	0.5686274509803942	0.37640450987609997	1
843	Iter0844	11	1	5	4	2	1	8.8	0.11941618752764273	0.28910287234512	1
844	Iter0845	18	3	12	3	7	1	1.5	0.6773654476453331	0.43069874630000005	1
845	Iter0846	18	0	10	1	10	1	3.4545454545454546	0.3793103448275894	0.620583657	1
846	Iter0847	10	3	10	2	6	1	0.6666666666666667	1.0	0.4814065573	1
847	Iter0848	13	1	7	0	7	2	0.875	1.0	0.5735349660000001	1
848	Iter0849	20	2	7	7	2	1	10.0	0.014427795589871109	0.43229278165299995	1
849	Iter0850	17	2	7	2	7	2	2.4285714285714284	0.5740659340659324	0.33357497835000005	1
850	Iter0851	10	2	7	4	3	1	2.8571428571428568	0.370709382151028	0.23483249951092997	1
851	Iter0852	20	1	7	2	12	0	5.7142857142857135	0.20689655172413587	0.44542204727260004	1
852	Iter0853	9	2	8	5	5	4	2.8125	0.3864416475972545	0.3805888681	1
853	Iter0854	0	0	10	4	0	1	0.4545454545454545	1.0	0.46510734559999983	1
854	Iter0855	11	2	2	3	7	0	8.25	0.09873949579831877	0.7108772149648002	1
855	Iter0856	0	0	12	2	0	2	0.2307692307692308	1.0	0.6203206112735002	1
856	Iter0857	18	5	4	4	7	1	3.6	0.1845298194575192	0.6228663999819999	1
857	Iter0858	19	2	9	4	10	1	4.222222222222221	0.17336330325436256	0.4906611543813001	1
858	Iter0859	11	1	5	5	6	0	11.0	0.0557275541795665	0.22923233629999998	1
859	Iter0860	19	2	11	8	9	6	6.909090909090909	0.028126733771895118	0.5302928516454001	1
860	Iter0861	14	1	8	6	10	2	10.5	0.03518240879560268	0.671878989999987	1
861	Iter0862	11	1	7	1	6	1	1.5714285714285714	1.0	0.5839668301279001	1
862	Iter0863	15	3	11	2	8	5	0.9090909090909092	1.0	0.49801043227899994	1
863	Iter0864	13	1	8	2	7	3	3.25	0.5503952569169973	0.5082797655996	1
864	Iter0865	10	0	7	4	7	1	6.875	0.09022556390977532	0.3117598893	1
865	Iter0866	8	2	6	2	4	2	1.3333333333333333	1.0	0.41478329729999996	1
866	Iter0867	17	1	6	7	12	0	19.833333333333336	0.004078605858361165	0.6337563987241999	1
867	Iter0868	14	0	7	1	4	2	3.75	0.3636363636363617	0.4500588833490069	1
868	Iter0869	19	4	5	3	9	0	2.85	0.33458904956124225	0.48968162932753995	1
869	Iter0870	8	1	7	4	6	0	4.571428571428571	0.31888544891640913	0.57684444368	1
870	Iter0871	17	1	3	2	7	0	11.333333333333336	0.10728402032749762	0.6439060373000002	1
871	Iter0872	4	0	13	3	1	4	1.4285714285714286	1.0	0.511594763	1
872	Iter0873	9	0	8	2	3	4	3.333333333333333	0.4736842105263166	0.3246128801090693	1
873	Iter0874	15	2	10	2	9	5	1.5	1.0	0.6448731257744501	1
874	Iter0875	17	6	11	3	9	3	0.7727272727272728	1.0	0.57122249241	1
875	Iter0876	15	1	6	2	7	1	5.0	0.24901185770750955	0.6010113725	1
876	Iter0877	11	5	5	3	8	0	1.32	1.0	0.37904368971663804	1
877	Iter0878	5	2	5	2	3	1	1.0	1.0	0.478792	1
878	Iter0879	0	0	6	3	0	0	0.5714285714285714	1.0	0.3461106052000001	1
879	Iter0880	14	3	6	0	6	0	0.5357142857142857	0.5392433653303208	0.489151102	1
880	Iter0881	8	3	8	1	5	1	0.3333333333333333	0.5913312693498463	0.42479234712099995	1
881	Iter0882	11	1	8	3	6	1	4.125	0.3167701863354033	0.5157085623659	1
882	Iter0883	17	1	6	1	11	1	2.833333333333333	0.4900000000000031	0.59109855	1
883	Iter0884	0	0	5	1	0	2	0.3333333333333333	1.0	0.49470831926876724	1
884	Iter0885	16	2	8	3	5	1	3.0	0.3386383731211322	0.5596249942071201	1
885	Iter0886	17	4	3	4	8	1	5.666666666666668	0.1423330292895505	0.361719553327401	1
886	Iter0887	25	3	11	1	15	1	0.7575757575757577	1.0	0.6085491441825	1
887	Iter0888	16	0	2	2	7	0	17.0	0.03157894736842107	0.45535772272155417	1
888	Iter0889	11	1	7	0	7	2	0.75	1.0	0.2763250324290973	1
889	Iter0890	10	1	7	2	6	1	2.8571428571428568	0.5657894736842117	0.46551328699942907	1
890	Iter0891	5	4	7	3	3	3	0.5357142857142857	0.6499166468206706	0.5739589522415769	1
891	Iter0892	11	2	4	2	8	0	2.75	0.5572755417956656	0.5692108932834	1
892	Iter0893	19	2	7	3	10	2	4.071428571428571	0.2955135335558021	0.520270634	1
893	Iter0894	16	1	6	1	11	2	2.6666666666666665	0.507246376811596	0.5636187914999999	1
894	Iter0895	16	1	8	2	6	2	4.0	0.5350427350427397	0.5378641047399999	1
895	Iter0896	14	2	4	2	4	0	3.5	0.2918660287081352	0.36679028924270524	1
896	Iter0897	0	0	5	2	0	0	0.5	1.0	0.41196000666594695	1
897	Iter0898	16	2	11	7	10	5	5.090909090909091	0.12120537971483353	0.22551393449146004	1
898	Iter0899	9	1	7	2	3	2	2.571428571428572	0.5820433436532506	0.49207220686	1
899	Iter0900	21	0	10	1	7	1	4.0	0.3437499999999999	0.4498458167928301	1
900	Iter0901	0	0	4	2	0	0	0.6	1.0	0.5860436899999999	1
901	Iter0902	8	1	4	4	6	0	8.0	0.1312217194570132	0.596465254	1
902	Iter0903	10	1	7	3	4	0	4.285714285714286	0.31077694235589204	0.44701676322974	1
903	Iter0904	9	3	7	2	4	2	0.8571428571428571	1.0	0.39118063881341997	1
904	Iter0905	9	1	1	3	3	0	27.0	0.04095904095904095	0.57539120675499	1
905	Iter0906	10	0	9	2	6	0	3.3	0.4761904761904784	0.45213553422532393	1
906	Iter0907	13	1	6	1	6	0	2.1666666666666665	1.0	0.54714021	1
907	Iter0908	8	3	3	5	6	1	4.4444444444444455	0.1809160911328097	0.4421725574165009	1
908	Iter0909	6	2	4	2	4	0	1.5	1.0	0.38782635629139	1
909	Iter0910	14	3	4	1	3	0	1.1666666666666667	1.0	0.403879983	1
910	Iter0911	7	2	8	4	3	2	1.75	0.6594427244582046	0.422113564391	1
911	Iter0912	12	2	9	2	3	3	1.3333333333333333	1.0	0.255943520471	1
912	Iter0913	4	2	6	5	2	2	1.6666666666666667	1.0	0.440680532499913	1
913	Iter0914	17	4	6	1	6	0	0.7083333333333334	1.0	0.42567544999999996	1
914	Iter0915	21	4	13	1	7	2	0.40384615384615385	0.6364785838470111	0.3111261781882	1
915	Iter0916	9	3	4	3	4	2	2.25	0.6168730650154765	0.37615163847300004	1
916	Iter0917	16	4	7	5	6	2	2.8571428571428568	0.2399674852400125	0.37054965700199993	1
917	Iter0918	15	0	9	1	11	2	3.2	0.3999999999999996	0.4576757191400001	1
918	Iter0919	10	1	11	4	4	1	3.636363636363636	0.3561872909698985	0.5021116155472	1
919	Iter0920	8	0	5	3	7	0	6.0	0.19999999999999946	0.4787879029652001	1
920	Iter0921	5	0	9	3	1	1	2.4	0.5147058823529412	0.28341905418	1
921	Iter0922	14	1	9	3	7	1	4.666666666666667	0.2940170940170987	0.53161748403924	1
922	Iter0923	7	0	4	3	3	1	6.4	0.1923076923076922	0.4034860397663	1
923	Iter0924	9	2	7	2	3	1	1.2857142857142858	1.0	0.39593286907777	1
924	Iter0925	11	1	7	3	5	0	4.714285714285714	0.29323308270676657	0.4752786178	1
925	Iter0926	6	0	5	2	3	1	3.5	0.461538461538462	0.48834653	1
926	Iter0927	24	4	7	2	13	5	1.7142857142857142	0.6195259430553769	0.4593383426660309	1
927	Iter0928	5	1	13	1	2	3	0.38461538461538464	0.5210526315789493	0.46559357070499996	1
928	Iter0929	17	4	7	2	10	5	1.2142857142857142	1.0	0.45430996693000103	1
929	Iter0930	14	2	4	3	5	1	5.25	0.14208446016226306	0.47745124899999997	1
930	Iter0931	18	0	5	1	8	0	6.333333333333332	0.25000000000000083	0.5814761800000001	1
931	Iter0932	19	0	10	0	7	2	1.818181818181818	1.0	0.323452386719	1
932	Iter0933	15	4	4	7	7	1	6.5625	0.0465027559480336	0.44434450802	1
933	Iter0934	5	2	6	2	2	3	0.8333333333333334	1.0	0.26312621144822	1
934	Iter0935	7	3	5	4	4	1	1.8666666666666667	0.6499166468206711	0.2925029021615	1
935	Iter0936	9	1	6	3	5	0	4.5	0.30340557275541835	0.5143330058000001	1
936	Iter0937	20	2	10	2	12	1	2.0	0.6015180265654685	0.56363753257	1
937	Iter0938	15	3	12	1	10	1	0.4166666666666667	0.6207214365167635	0.523528175823562	1
938	Iter0939	16	1	5	3	9	2	9.6	0.08079051383399273	0.30585134755599996	1
939	Iter0940	22	3	6	3	11	1	3.6666666666666665	0.3058463652424335	0.4881562697999999	1
940	Iter0941	9	2	14	0	3	4	0.22222222222222224	0.1833333333333355	0.23206641400000003	1
941	Iter0942	14	2	8	0	7	2	0.5555555555555556	0.5362318840579765	0.57044249	1
942	Iter0943	11	3	4	2	8	0	1.8333333333333333	0.6126160990712118	0.49266293854	1
943	Iter0944	17	3	12	2	10	0	0.9444444444444444	1.0	0.5275122242054	1
944	Iter0945	0	0	8	6	0	0	0.7777777777777777	1.0	0.34019023530000003	1
945	Iter0946	17	0	3	1	9	0	9.0	0.1904761904761899	0.5030862949060001	1
946	Iter0947	14	3	3	1	6	0	1.5555555555555556	1.0	0.63369167747983	1
947	Iter0948	14	0	6	3	7	2	8.571428571428571	0.04743083003952567	0.39148955405999997	1
948	Iter0949	18	1	9	0	8	1	0.95	1.0	0.39675697162432	1
949	Iter0950	14	2	5	1	8	0	1.4	1.0	0.398715305	1
950	Iter0951	10	1	4	3	5	0	7.5	0.24509803921568685	0.6030804589967	1
951	Iter0952	16	0	6	4	6	0	12.142857142857144	0.014046822742474978	0.7010804437920002	1
952	Iter0953	13	5	3	3	9	1	2.6	0.3617640940295416	0.45208774591810996	1
953	Iter0954	20	3	5	0	10	0	0.875	1.0	0.5943040735549835	1
954	Iter0955	10	2	10	1	5	0	0.5	1.0	0.29348573040000003	1
955	Iter0956	6	0	4	2	3	0	4.2	0.4545454545454549	0.388980336270395	1
956	Iter0957	0	0	6	3	0	1	0.5714285714285714	1.0	0.45223751923000005	1
957	Iter0958	12	2	8	0	7	1	0.4814814814814815	0.5151515151515148	0.45586270406000007	1
958	Iter0959	8	1	3	2	5	1	5.333333333333333	0.5054945054945037	0.507001270360299	1
959	Iter0960	19	0	7	4	11	1	12.5	0.012041598248494871	0.53405032041263	1
960	Iter0961	8	1	8	3	4	2	3.0	0.5913312693498463	0.3159330980999999	1
961	Iter0962	22	1	16	7	12	2	9.625	0.04697703506552179	0.4221052290638844	1
962	Iter0963	14	3	10	2	7	1	0.9333333333333332	1.0	0.34163174875999996	1
963	Iter0964	17	2	9	6	8	2	5.666666666666668	0.10001853911754012	0.26597047196549994	1
964	Iter0965	12	3	3	3	6	1	4.0	0.2906346749226016	0.4271219907988	1
965	Iter0966	16	2	4	5	5	3	10.0	0.02345191040843211	0.7152544375333199	1
966	Iter0967	13	0	12	2	8	1	3.2307692307692313	0.4814814814814853	0.58302342	1
967	Iter0968	7	1	6	4	3	0	4.666666666666667	0.3137254901960787	0.4828235588737	1
968	Iter0969	13	2	3	3	6	0	6.5	0.11455108359133245	0.502278054793	1
969	Iter0970	12	2	4	2	6	1	3.0	0.5492260061919542	0.4088988035002001	1
970	Iter0971	15	1	12	4	9	1	5.0	0.3325917686318181	0.5799660649661	1
971	Iter0972	9	0	7	0	2	2	1.25	1.0	0.4967548369844255	1
972	Iter0973	12	2	11	2	4	1	1.0909090909090908	1.0	0.477606117	1
973	Iter0974	18	2	13	3	10	5	2.0769230769230766	0.6371275783040518	0.483012255052	1
974	Iter0975	6	0	7	3	4	1	3.5	0.24999999999999936	0.41192224064999994	1
975	Iter0976	8	0	7	4	5	3	5.625	0.10319917440660524	0.516896919	1
976	Iter0977	15	3	9	2	8	1	1.1111111111111112	1.0	0.30209304576260004	1
977	Iter0978	11	1	6	0	5	1	0.8571428571428571	1.0	0.45305445579636905	1
978	Iter0979	13	5	10	3	8	3	0.78	1.0	0.38588403904161	1
979	Iter0980	14	3	4	3	6	0	3.5000000000000004	0.30684418556272103	0.5452038383029999	1
980	Iter0981	13	1	7	3	7	3	5.571428571428571	0.2720685111989477	0.6267092206379999	1
981	Iter0982	17	1	5	1	10	2	3.4	0.4456521739130448	0.293838243353	1
982	Iter0983	9	2	7	4	8	3	2.571428571428572	0.6351172047766495	0.43788002039999996	1
983	Iter0984	16	3	6	1	10	2	0.8888888888888888	1.0	0.45662443268700004	1
984	Iter0985	13	1	8	3	9	2	4.875	0.2878260869565246	0.5992725027684999	1
985	Iter0986	8	1	16	4	4	2	2.0	1.0	0.4947851831000001	1
986	Iter0987	14	0	6	1	5	1	4.285714285714286	0.3333333333333341	0.50357512	1
987	Iter0988	12	3	4	4	7	1	4.0	0.18189568317445604	0.5862315700879999	1
988	Iter0989	18	1	2	4	13	0	36.0	0.005477131564088102	0.45496649164	1
989	Iter0990	16	3	5	2	8	1	2.1333333333333333	0.5875342049255088	0.6843033938549001	1
990	Iter0991	18	3	6	1	8	1	1.0	1.0	0.57802598885	1
991	Iter0992	0	0	7	3	0	2	0.5	1.0	0.559313994429	1
992	Iter0993	15	1	11	4	9	2	5.454545454545454	0.17191941663576846	0.41311224558	1
993	Iter0994	0	0	6	3	0	0	0.5714285714285714	1.0	0.523283499	1
994	Iter0995	8	1	4	2	2	0	4.0	0.5252747252747227	0.4530650213499999	1
995	Iter0996	10	0	9	1	5	4	2.2	1.0	0.4498190754	1
996	Iter0997	17	4	10	2	6	3	0.85	1.0	0.3575127704908082	1
997	Iter0998	15	1	7	1	6	3	2.142857142857143	1.0	0.452518737776	1
998	Iter0999	13	3	9	5	6	3	2.407407407407407	0.4170825698262046	0.42241445800000005	1
999	Iter1000	12	0	7	4	4	2	8.125	0.03726708074534179	0.38664505459399995	1
