	IterId	dN	dS	pN	pS	bdN	bpN	MkScore	FSPVal	SelCoef	PosSel
0	Iter0001	22	2	5	2	21	3	4.4	0.21201334816462475	0.4387779094000001	1
1	Iter0002	24	1	9	5	23	2	13.333333333333332	0.016260842886230437	0.6444224195954099	1
2	Iter0003	33	2	13	4	27	1	5.0769230769230775	0.08080430208089298	0.6220594927299999	1
3	Iter0004	27	3	8	2	22	0	2.25	0.5835157019367484	0.46234491671	1
4	Iter0005	29	2	7	3	25	1	6.2142857142857135	0.08348300902858123	0.5313148410039931	1
5	Iter0006	30	6	9	4	26	1	2.2222222222222223	0.4222626517911001	0.5639379458902101	1
6	Iter0007	24	6	9	4	21	1	1.7777777777777777	0.4582234885580749	0.3867052502000001	1
7	Iter0008	33	5	8	2	28	1	1.65	0.6250555758736087	0.5764807808	1
8	Iter0009	26	1	6	1	18	0	4.333333333333333	0.37433155080213704	0.399088848863	1
9	Iter0010	28	3	15	4	22	3	2.4888888888888894	0.4038672104953371	0.3791093093653	1
10	Iter0011	16	4	6	6	14	1	4.0	0.119023180717334	0.24610714793000002	1
11	Iter0012	29	3	6	3	22	0	4.833333333333333	0.10747560041526663	0.388254983	1
12	Iter0013	24	4	13	0	22	4	0.35714285714285715	0.28831835686777696	0.5448714679000001	1
13	Iter0014	19	2	13	3	18	2	2.1923076923076925	0.6338584573878849	0.57763876	1
14	Iter0015	32	5	10	1	23	4	0.64	1.0	0.47950394304499994	1
15	Iter0016	25	1	4	1	21	0	6.25	0.30107526881720265	0.4001498094383101	1
16	Iter0017	23	1	9	2	21	2	5.111111111111111	0.2268907563025221	0.5435461239999999	1
17	Iter0018	25	1	13	2	22	4	3.8461538461538463	0.5426829268292708	0.4940666208	1
18	Iter0019	30	1	11	2	24	1	5.454545454545454	0.20416792509815931	0.4496285911670001	1
19	Iter0020	19	1	5	6	16	2	22.8	0.0036393713813068617	0.36161194543	1
20	Iter0021	27	2	3	5	24	1	22.5	0.0022879961210132424	0.6467410291499999	1
21	Iter0022	19	3	7	4	14	3	3.6190476190476186	0.18631813125695068	0.30650868043199997	1
22	Iter0023	25	6	8	3	21	2	1.5625000000000002	0.675646374845967	0.5406048936000001	1
23	Iter0024	28	7	6	2	26	0	1.3333333333333333	1.0	0.5856804025165999	1
24	Iter0025	24	3	7	4	17	0	4.571428571428571	0.16071353861601392	0.30502119679999995	1
25	Iter0026	20	2	12	1	17	4	0.8333333333333334	1.0	0.2746858681	1
26	Iter0027	24	7	8	2	22	1	0.8571428571428571	1.0	0.40514668963889994	1
27	Iter0028	26	2	10	1	20	1	1.3	1.0	0.42952390674208	1
28	Iter0029	30	2	7	0	25	1	1.2916666666666667	1.0	0.5032558395982	1
29	Iter0030	30	2	9	2	22	2	3.333333333333333	0.2665100072927583	0.6351395720000002	1
30	Iter0031	27	2	8	0	21	2	1.0370370370370372	1.0	0.5667418405831001	1
31	Iter0032	30	6	7	5	25	0	3.571428571428572	0.11250731016309898	0.578967499406	1
32	Iter0033	20	3	7	4	14	2	3.8095238095238098	0.17797348360924056	0.27237714510600003	1
33	Iter0034	27	1	9	4	22	0	12.0	0.028432154876314963	0.5007725778641856	1
34	Iter0035	15	4	9	1	15	3	0.4166666666666667	0.63281546040167	0.33972797	1
35	Iter0036	30	1	6	3	22	0	15.0	0.02987197724039848	0.4098213289961599	1
36	Iter0037	26	3	5	5	23	1	8.666666666666666	0.016409809753463043	0.5467329225499707	1
37	Iter0038	33	5	6	2	30	1	2.2	0.5873782337418905	0.62606476966	1
38	Iter0039	30	2	4	1	26	1	3.75	0.36164736164736705	0.46592696152000007	1
39	Iter0040	23	6	2	4	21	0	7.666666666666668	0.04282387441780177	0.44522212000000005	1
40	Iter0041	24	7	6	1	20	0	0.5714285714285714	1.0	0.5564518745699999	1
41	Iter0042	22	1	14	3	17	6	4.714285714285714	0.2940693730167443	0.37349738475999994	1
42	Iter0043	25	5	8	3	22	0	1.875	0.6582080079021991	0.5976279289809999	1
43	Iter0044	27	2	5	4	24	0	10.8	0.0198842242185896	0.5487140350999999	1
44	Iter0045	25	4	8	1	21	0	0.78125	1.0	0.5016046311000001	1
45	Iter0046	23	2	11	6	21	2	6.2727272727272725	0.04494515534310197	0.38605374071500004	1
46	Iter0047	22	3	11	1	19	2	0.6666666666666666	1.0	0.35090034087592503	1
47	Iter0048	24	6	7	5	22	1	2.8571428571428568	0.2431748746405561	0.4672478373999999	1
48	Iter0049	32	0	16	4	25	5	9.705882352941178	0.017896389324960373	0.46767960789490004	1
49	Iter0050	16	5	6	5	13	2	2.666666666666667	0.2515331974211435	0.32497679109172	1
50	Iter0051	21	4	12	1	16	3	0.4375	0.6425881874798371	0.2835682625	1
51	Iter0052	26	4	8	1	22	1	0.8125	1.0	0.5367712899996999	1
52	Iter0053	22	1	7	1	19	3	3.1428571428571432	0.4559139784946216	0.308242835	1
53	Iter0054	20	4	11	3	17	2	1.3636363636363638	1.0	0.345692641492	1
54	Iter0055	31	3	6	0	26	0	1.1428571428571428	1.0	0.6615084671	1
55	Iter0056	27	2	3	2	20	0	9.0	0.09390633086079096	0.39934362706145	1
56	Iter0057	28	4	9	4	26	2	3.111111111111111	0.2019016929904328	0.5736660610000002	1
57	Iter0058	27	1	8	1	23	1	3.375	0.4324324324324422	0.49420154871000005	1
58	Iter0059	23	1	9	7	20	2	17.88888888888889	0.003737483613644615	0.3658845017259999	1
59	Iter0060	28	1	9	4	25	0	12.444444444444445	0.02588789045785157	0.5286519979983	1
60	Iter0061	18	3	7	2	14	1	1.7142857142857142	0.6220159151193672	0.367955358	1
61	Iter0062	26	1	13	5	20	4	10.0	0.03068117361934582	0.3100031911	1
62	Iter0063	28	2	6	4	22	0	9.333333333333334	0.02582339424444645	0.6394711362175424	1
63	Iter0064	24	4	13	3	20	2	1.3846153846153848	0.6922383822703192	0.48055939949500004	1
64	Iter0065	25	4	10	2	20	2	1.25	1.0	0.45667838960600005	1
65	Iter0066	24	2	9	0	21	2	0.8333333333333334	1.0	0.5221257660129001	1
66	Iter0067	26	2	8	4	21	4	6.5	0.05476529160739669	0.44590322552500006	1
67	Iter0068	27	1	9	7	25	3	21.0	0.0018799585925000641	0.523517956087	1
68	Iter0069	20	4	12	1	18	3	0.4166666666666667	0.6378226966462424	0.42416685680780003	1
69	Iter0070	30	3	8	0	24	1	0.8611111111111112	1.0	0.46514254292999996	1
70	Iter0071	19	2	4	1	14	2	2.375	0.4884615384615399	0.3900158637658397	1
71	Iter0072	18	2	9	3	16	1	3.0	0.3376569203877349	0.42725112550000005	1
72	Iter0073	21	2	2	2	21	1	10.5	0.0917948717948732	0.38826341000000003	1
73	Iter0074	29	2	6	4	25	1	9.666666666666666	0.023501530561864374	0.616059696	1
74	Iter0075	37	4	8	4	33	0	4.625	0.06697562448783675	0.6294403670797903	1
75	Iter0076	22	2	8	2	18	2	2.75	0.563567362428844	0.417185764	1
76	Iter0077	18	3	5	1	14	1	1.2	1.0	0.29427182190999995	1
77	Iter0078	23	8	14	3	20	3	0.6160714285714285	0.7230213320496259	0.4830667447000001	1
78	Iter0079	22	4	6	4	19	0	3.6666666666666665	0.1793895904672591	0.40990729389	1
79	Iter0080	19	3	14	5	17	1	2.261904761904762	0.43619491912176334	0.43504398432	1
80	Iter0081	32	4	6	3	30	0	4.0	0.13067760373488824	0.84828888	1
81	Iter0082	31	6	9	3	22	1	1.7222222222222223	0.6692548912934986	0.5681844847836999	1
82	Iter0083	17	1	12	4	14	2	5.666666666666668	0.1642228739002954	0.1855985114	1
83	Iter0084	25	2	6	3	20	1	6.25	0.08756684491978603	0.489749476855337	1
84	Iter0085	21	5	5	3	21	1	2.52	0.3551052852237208	0.4500093700000001	1
85	Iter0086	28	2	3	1	24	0	4.666666666666667	0.3215240641711227	0.5434756728100001	1
86	Iter0087	22	2	3	2	18	1	7.333333333333332	0.12652098858995434	0.42443402930325	1
87	Iter0088	27	3	4	1	22	0	2.25	0.4766042780748739	0.5223185625269999	1
88	Iter0089	28	4	13	4	23	3	2.1538461538461537	0.4230810506868451	0.5056831061729483	1
89	Iter0090	14	2	11	2	14	0	1.2727272727272727	1.0	0.39253906	1
90	Iter0091	21	3	7	4	20	0	4.0	0.1714552116731044	0.4467874729210001	1
91	Iter0092	31	2	12	1	25	2	1.2916666666666667	1.0	0.48227820920000003	1
92	Iter0093	28	3	8	2	23	3	2.333333333333333	0.5801296507329925	0.5669222318880999	1
93	Iter0094	33	5	10	2	28	1	1.3199999999999998	1.0	0.5433669567007	1
94	Iter0095	26	4	3	6	23	0	13.0	0.003857086524618778	0.39900296945339997	1
95	Iter0096	33	2	16	2	31	2	2.0625	0.5976777939041771	0.9849948379999997	1
96	Iter0097	24	1	7	4	19	0	13.714285714285715	0.023109243697479125	0.3984622451903973	1
97	Iter0098	27	3	9	1	21	2	1.0	1.0	0.4271514247699999	1
98	Iter0099	27	3	8	2	23	3	2.25	0.5835157019367484	0.49839952163988294	1
99	Iter0100	22	6	4	1	16	0	0.9166666666666666	1.0	0.40894581673200997	1
100	Iter0101	24	2	3	3	20	0	12.0	0.03424439853805853	0.466702291837677	1
101	Iter0102	20	0	3	4	16	1	26.25	0.001994301994302018	0.38174022504	1
102	Iter0103	26	6	9	3	24	2	1.4444444444444444	0.6866455971450366	0.47325981482339996	1
103	Iter0104	23	3	9	4	18	0	3.4074074074074074	0.19383780064894646	0.38949074131284	1
104	Iter0105	36	2	9	1	33	1	2.0	0.5122571692877184	0.6405870382300002	1
105	Iter0106	27	3	7	2	24	3	2.571428571428572	0.5716161505635218	0.5705955974000001	1
106	Iter0107	27	6	5	2	21	0	1.8	0.6111506600670795	0.4334824580879009	1
107	Iter0108	34	4	6	2	27	1	2.833333333333333	0.2765722279890391	0.554380008398	1
108	Iter0109	24	3	11	4	22	5	2.9090909090909087	0.225228116434791	0.511739807	1
109	Iter0110	29	2	5	5	24	0	14.5	0.005507087021849593	0.5320711731000001	1
110	Iter0111	22	1	8	2	18	5	5.5	0.21169354838709384	0.3925366652701	1
111	Iter0112	23	6	4	4	19	2	3.8333333333333335	0.17404855260642876	0.3488875184	1
112	Iter0113	30	6	6	3	25	1	2.5	0.3535506980890075	0.6030743595200001	1
113	Iter0114	27	1	7	3	23	0	11.571428571428573	0.04836415362731212	0.46550749076090003	1
114	Iter0115	23	4	7	1	21	4	0.8214285714285714	1.0	0.49164201810000013	1
115	Iter0116	18	4	8	0	15	1	0.4222222222222222	0.5504469987228665	0.33322921546196	1
116	Iter0117	21	5	6	4	18	0	2.8000000000000003	0.22616516016862576	0.3752565368	1
117	Iter0118	25	5	13	2	22	1	0.7692307692307693	1.0	0.5353805552900001	1
118	Iter0119	38	3	4	4	32	3	12.666666666666664	0.009234814981001848	0.7135705170874101	1
119	Iter0120	19	4	7	2	16	2	1.3571428571428572	1.0	0.33513968389999993	1
120	Iter0121	18	2	6	1	13	0	1.5	1.0	0.2965897010730152	1
121	Iter0122	20	2	9	2	19	2	2.2222222222222223	0.5860215053763341	0.4585341491619841	1
122	Iter0123	19	2	13	1	17	6	0.7307692307692307	1.0	0.48407726687	1
123	Iter0124	25	7	9	5	23	2	1.984126984126984	0.4670199870925187	0.502029201	1
124	Iter0125	21	0	6	5	19	0	18.857142857142858	0.0022942157953281662	0.310815975324	1
125	Iter0126	26	1	4	3	23	1	19.5	0.02113161980334654	0.46413354439799814	1
126	Iter0127	27	7	9	6	21	2	2.571428571428572	0.17812164163456332	0.5665847913	1
127	Iter0128	23	4	7	3	23	2	2.4642857142857135	0.3596262512296702	0.52766167	1
128	Iter0129	28	4	6	3	25	1	3.5	0.16505781974331132	0.5905160870800003	1
129	Iter0130	24	5	1	2	21	0	9.6	0.11290322580645062	0.46530171	1
130	Iter0131	18	5	5	1	15	0	0.72	1.0	0.31028446865579995	1
131	Iter0132	29	3	5	3	20	0	5.8	0.08188350293613443	0.38403752611010006	1
132	Iter0133	20	4	6	4	20	0	3.333333333333333	0.1948570306876936	0.45835349400000003	1
133	Iter0134	26	1	8	3	23	1	9.75	0.0648242227189585	0.4292482984797999	1
134	Iter0135	24	4	8	5	22	1	3.75	0.11293268651873255	0.48803825150999997	1
135	Iter0136	26	3	3	1	23	1	2.888888888888889	0.419574780058642	0.52649958787	1
136	Iter0137	23	1	11	3	22	3	6.2727272727272725	0.13191085822664628	0.36100945949999996	1
137	Iter0138	22	2	14	1	21	1	0.7857142857142857	1.0	0.49708199520000007	1
138	Iter0139	26	1	11	4	21	3	9.454545454545457	0.046854942233632416	0.40136424667000004	1
139	Iter0140	15	4	4	4	13	1	3.75	0.1829249011857719	0.27658017	1
140	Iter0141	27	5	7	5	22	0	3.8571428571428577	0.10535387563181002	0.47438304002028403	1
141	Iter0142	15	3	3	2	13	1	3.333333333333333	0.2906772861006249	0.25599424726099995	1
142	Iter0143	21	3	12	2	20	3	1.1666666666666667	1.0	0.41492137399999995	1
143	Iter0144	24	4	9	4	21	3	2.6666666666666665	0.23717782571517496	0.4912601813000001	1
144	Iter0145	24	2	10	8	21	5	9.6	0.008399357609734693	0.49040833200000006	1
145	Iter0146	22	2	7	2	20	0	3.1428571428571432	0.29516129032257377	0.517276158425	1
146	Iter0147	22	2	12	3	19	3	2.75	0.3540504066819883	0.54957122197411	1
147	Iter0148	24	5	7	2	22	1	1.3714285714285714	1.0	0.45757992896770006	1
148	Iter0149	20	5	6	3	18	0	2.0	0.6488473031036721	0.27308639416	1
149	Iter0150	31	1	6	4	26	1	20.666666666666668	0.008195911918633248	0.5498024674509999	1
150	Iter0151	31	3	5	1	23	0	2.066666666666667	0.4925484188642082	0.4999446499676882	1
151	Iter0152	24	2	10	0	23	2	0.7575757575757577	1.0	0.4961660408300001	1
152	Iter0153	29	3	2	2	26	0	9.666666666666666	0.08428826075884926	0.6959733637475499	1
153	Iter0154	22	2	7	3	17	0	4.714285714285714	0.13804554079696352	0.3163673248	1
154	Iter0155	26	6	8	0	22	3	0.4285714285714286	0.3179706021811249	0.5300171258209601	1
155	Iter0156	24	2	13	3	21	0	2.7692307692307696	0.35203863316828554	0.40787307145999996	1
156	Iter0157	22	6	11	1	16	2	0.3333333333333333	0.6520793239059615	0.31704652409089995	1
157	Iter0158	23	2	8	1	19	0	1.4375	1.0	0.42594764094040904	1
158	Iter0159	27	3	9	3	23	2	3.0	0.3292135821019059	0.5520304657986	1
159	Iter0160	29	2	5	1	27	1	2.9	0.4214929214929294	0.49708428720999986	1
160	Iter0161	28	4	4	6	23	0	10.5	0.005551992941557212	0.48342907246999994	1
161	Iter0162	25	1	9	1	22	1	2.7777777777777777	0.4841269841269792	0.5039865510999999	1
162	Iter0163	28	2	6	2	25	3	4.666666666666667	0.18871503082029065	0.6165506452	1
163	Iter0164	28	4	8	2	24	0	1.75	0.616118537813022	0.49444721502000005	1
164	Iter0165	18	1	5	1	15	2	3.6	0.4300000000000036	0.42356074200000005	1
165	Iter0166	19	4	7	2	16	2	1.3571428571428572	1.0	0.3518501866	1
166	Iter0167	21	2	8	2	19	1	2.625	0.5672043010752585	0.3409249525	1
167	Iter0168	26	3	7	2	24	1	2.4761904761904763	0.5741360555602104	0.496510427101	1
168	Iter0169	20	4	9	4	18	0	2.2222222222222223	0.4132143528728063	0.47472696999993896	1
169	Iter0170	16	2	5	2	15	2	3.2	0.5484584980237169	0.39390518159999993	1
170	Iter0171	27	3	5	3	24	2	5.4	0.09400506614128908	0.6303470726	1
171	Iter0172	29	1	9	3	24	0	9.666666666666666	0.06338783168051583	0.5216726987110001	1
172	Iter0173	22	7	15	7	18	6	1.4666666666666668	0.7522640325363769	0.40596349449993335	1
173	Iter0174	39	3	9	1	33	0	1.4444444444444444	1.0	0.7868403031000002	1
174	Iter0175	29	4	6	2	26	0	2.4166666666666665	0.5777303915943303	0.6052126420924373	1
175	Iter0176	18	3	9	3	15	2	2.0	0.6433537263626141	0.3495422242701127	1
176	Iter0177	22	4	11	0	18	4	0.3833333333333333	0.29631311984254305	0.40584192323	1
177	Iter0178	24	1	10	1	19	3	2.4	0.5238095238095191	0.38116688669928006	1
178	Iter0179	27	2	7	2	21	0	3.8571428571428568	0.23271692745376704	0.4822340567769705	1
179	Iter0180	14	2	11	5	12	4	3.1818181818181817	0.394388827091835	0.4695510829999957	1
180	Iter0181	27	4	5	5	25	1	6.75	0.02549022129177709	0.58591037	1
181	Iter0182	24	4	12	3	21	1	1.5	0.679761559929932	0.38811757059	1
182	Iter0183	34	3	5	1	29	0	2.2666666666666666	0.4648326715825156	0.6356456371799999	1
183	Iter0184	32	6	5	1	28	0	1.0666666666666669	1.0	0.6806821230841571	1
184	Iter0185	23	2	9	4	22	1	5.111111111111111	0.15412537703559395	0.5358083521	1
185	Iter0186	29	4	6	1	20	2	1.2083333333333333	1.0	0.50728087473254	1
186	Iter0187	31	4	5	2	26	1	3.1	0.25738793004518656	0.442787638223637	1
187	Iter0188	22	2	5	5	20	0	11.0	0.013887980108617505	0.32460053799999994	1
188	Iter0189	18	3	4	2	15	1	3.0	0.3031215161649976	0.366557257955	1
189	Iter0190	23	4	5	0	22	1	0.7999999999999999	1.0	0.358539865	1
190	Iter0191	27	3	13	3	24	0	2.0769230769230766	0.4054869641443981	0.543677881	1
191	Iter0192	21	2	5	2	18	1	4.2	0.22452107279693592	0.34433740716100003	1
192	Iter0193	25	3	10	7	21	3	5.833333333333334	0.027184631567112802	0.419627968	1
193	Iter0194	26	5	6	6	24	0	5.2	0.04675235373331176	0.6022262800800001	1
194	Iter0195	24	2	5	1	21	1	2.4	0.4758064516129016	0.3884712800000001	1
195	Iter0196	28	6	6	6	22	1	4.666666666666667	0.05231821661248787	0.505481128625959	1
196	Iter0197	23	1	5	2	20	0	9.2	0.11991101223581806	0.4040970755566	1
197	Iter0198	22	5	8	1	20	2	0.55	1.0	0.39050203626500013	1
198	Iter0199	25	2	8	3	21	3	4.6875	0.13405333683971665	0.546860010496175	1
199	Iter0200	28	2	7	3	24	1	6.0	0.08928766823503577	0.5171468671099999	1
200	Iter0201	26	5	5	1	24	1	1.04	1.0	0.483615697	1
201	Iter0202	33	3	6	5	25	2	9.166666666666668	0.011453964549326123	0.5185439441999999	1
202	Iter0203	25	4	6	1	17	1	1.0416666666666667	1.0	0.34573333609421003	1
203	Iter0204	26	5	8	1	19	1	0.65	1.0	0.4880419281621161	1
204	Iter0205	23	0	9	2	21	3	7.199999999999998	0.09803921568627474	0.5562113805287998	1
205	Iter0206	28	3	8	3	22	0	3.5000000000000004	0.3138118863407724	0.47900695905253216	1
206	Iter0207	24	3	9	2	24	0	1.7777777777777777	0.6153938104402591	0.6224756100000001	1
207	Iter0208	30	3	11	4	21	1	3.636363636363636	0.1830346578318987	0.51765864506	1
208	Iter0209	31	3	6	2	27	2	3.4444444444444446	0.2367598169908792	0.584071608101	1
209	Iter0210	32	9	6	4	23	0	2.3703703703703702	0.25315134594593675	0.4871956462959145	1
210	Iter0211	24	2	9	3	19	1	4.0	0.3007160189822793	0.4073684763399999	1
211	Iter0212	22	3	13	5	16	6	2.8205128205128203	0.24722088557655625	0.39900070558000006	1
212	Iter0213	28	2	9	1	25	1	1.5555555555555556	1.0	0.5206843796	1
213	Iter0214	26	1	7	2	22	3	7.428571428571429	0.14789915966386624	0.452490829111	1
214	Iter0215	30	3	4	2	25	0	5.0	0.1613545297755868	0.50607599569	1
215	Iter0216	30	2	7	3	25	0	6.428571428571428	0.07816445428768885	0.5322333222112999	1
216	Iter0217	14	2	11	2	11	4	1.2727272727272727	1.0	0.2427935570274582	1
217	Iter0218	23	1	9	4	21	1	10.222222222222221	0.04231963055492547	0.5040570992078001	1
218	Iter0219	24	2	9	1	20	1	1.3333333333333333	1.0	0.3786219259	1
219	Iter0220	23	1	6	2	22	2	7.666666666666668	0.14677419354838725	0.49065545169999997	1
220	Iter0221	19	3	13	4	18	2	1.948717948717949	0.6765996765996818	0.37864646999999996	1
221	Iter0222	25	3	3	3	24	0	8.333333333333334	0.053058805684273416	0.529841856	1
222	Iter0223	22	1	7	2	20	0	6.2857142857142865	0.18387096774193395	0.32979723905	1
223	Iter0224	18	6	7	3	15	2	1.2857142857142856	1.0	0.21057613296086	1
224	Iter0225	20	8	5	1	16	1	0.5	1.0	0.4057066447	1
225	Iter0226	25	1	8	3	23	1	9.375	0.06995230524642616	0.41589836440000005	1
226	Iter0227	23	4	7	3	20	0	2.4642857142857135	0.3596262512296702	0.4642344432953698	1
227	Iter0228	33	0	7	5	29	1	25.5	0.0006482456851146374	0.7108148463991001	1
228	Iter0229	24	3	9	3	21	1	2.6666666666666665	0.3480521653896353	0.5093507615231729	1
229	Iter0230	28	2	9	3	25	1	4.666666666666667	0.13088772588130526	0.5154826003240001	1
230	Iter0231	22	3	10	3	18	1	2.2	0.3923999187157064	0.3482441810000001	1
231	Iter0232	25	2	11	3	22	3	3.4090909090909087	0.3169517399299183	0.40025100825	1
232	Iter0233	37	3	9	3	28	0	4.111111111111112	0.12733263518172816	0.5651413682325936	1
233	Iter0234	29	2	6	5	23	0	12.083333333333336	0.008506160945185415	0.5734260701872919	1
234	Iter0235	29	3	12	2	26	3	1.6111111111111107	0.6327276812615623	0.62418089343	1
235	Iter0236	31	2	11	4	28	2	5.636363636363638	0.06721453721432302	0.5822319549999999	1
236	Iter0237	24	2	11	5	19	3	5.454545454545454	0.08514419425844325	0.523881267004	1
237	Iter0238	22	1	5	2	18	0	8.8	0.12758620689655142	0.3865593956700001	1
238	Iter0239	21	4	7	1	20	1	0.75	1.0	0.3677331660000001	1
239	Iter0240	23	1	10	5	19	0	11.5	0.023624243438485588	0.4070812153882943	1
240	Iter0241	33	2	9	2	29	0	3.6666666666666665	0.23795079204583244	0.6060876212579999	1
241	Iter0242	21	4	6	3	18	1	2.625	0.3481728063861806	0.42053793807	1
242	Iter0243	23	3	5	4	19	1	6.133333333333334	0.05513702093234995	0.34050304714472207	1
243	Iter0244	26	3	8	4	19	1	4.333333333333333	0.1654060992956991	0.4093737401296999	1
244	Iter0245	23	2	14	3	19	4	2.4642857142857135	0.3794876497058733	0.5878520114129999	1
245	Iter0246	21	4	14	2	17	4	0.75	1.0	0.35897609723999996	1
246	Iter0247	23	5	13	5	20	3	1.769230769230769	0.4801720114434809	0.5318547527999999	1
247	Iter0248	24	3	12	2	22	2	1.3333333333333333	1.0	0.5208392040000001	1
248	Iter0249	23	3	7	4	21	4	4.380952380952381	0.16301263312648911	0.5050259949999999	1
249	Iter0250	31	3	10	1	27	1	1.0333333333333334	1.0	0.6850729391100001	1
250	Iter0251	30	3	5	1	26	0	2.0	0.5024984498668811	0.39520294319999844	1
251	Iter0252	25	1	13	3	22	3	5.76923076923077	0.14634146341463847	0.4424116259733691	1
252	Iter0253	22	2	12	1	19	1	0.9166666666666666	1.0	0.634060367207	1
253	Iter0254	29	2	5	3	20	1	8.7	0.049093628040997005	0.438280613597566	1
254	Iter0255	27	1	15	4	21	5	7.2	0.1424020120747931	0.49984133609000003	1
255	Iter0256	30	7	7	3	24	1	1.8367346938775508	0.4242258272502276	0.620141019102171	1
256	Iter0257	22	3	12	1	21	0	0.6111111111111109	1.0	0.44879963000000006	1
257	Iter0258	25	5	7	5	21	0	3.571428571428572	0.1166674489939618	0.3721360289999999	1
258	Iter0259	16	1	16	1	14	1	1.0	1.0	0.21318359430500003	1
259	Iter0260	28	2	2	1	24	0	7.0	0.2558651026392876	0.526735363716803	1
260	Iter0261	28	4	15	2	25	0	0.9333333333333332	1.0	0.59880629872894	1
261	Iter0262	20	0	1	3	15	0	42.0	0.001976284584980244	0.38643603171163204	1
262	Iter0263	24	0	9	1	23	2	5.0	0.2941176470588319	0.42603710190000005	1
263	Iter0264	25	0	13	2	22	4	5.571428571428571	0.13461538461538636	0.46533521856	1
264	Iter0265	28	5	8	3	25	0	2.1	0.3911461460197283	0.64752481370906	1
265	Iter0266	18	1	6	2	15	0	6.0	0.2010256410256424	0.293988325	1
266	Iter0267	25	6	9	4	20	0	1.8518518518518519	0.4489167698708825	0.47208946377	1
267	Iter0268	14	1	5	2	11	3	5.6	0.2272727272727265	0.13759447700000002	1
268	Iter0269	24	1	8	3	21	0	9.0	0.07563025210084003	0.5231528775799998	1
269	Iter0270	27	7	8	1	24	0	0.4821428571428572	1.0	0.44600926057999996	1
270	Iter0271	25	0	11	2	22	2	6.5	0.11095305832148053	0.45637374899999994	1
271	Iter0272	20	4	5	4	19	0	4.0	0.16950457773594318	0.36823886	1
272	Iter0273	20	2	8	4	16	0	5.0	0.15414185696525845	0.3587518376	1
273	Iter0274	24	2	6	3	16	1	6.0	0.09457478005865183	0.260013779837	1
274	Iter0275	22	5	8	6	20	1	3.3000000000000003	0.14031615113272933	0.46719077609973664	1
275	Iter0276	30	1	10	2	28	1	6.0	0.1836155903087248	0.565264279174397	1
276	Iter0277	29	2	7	7	25	3	14.5	0.0019081983138465395	0.46154785915940005	1
277	Iter0278	26	0	7	5	23	0	20.25	0.0015778715469118214	0.5368467360000001	1
278	Iter0279	21	3	5	6	18	0	8.4	0.01459028550241024	0.39509449657761697	1
279	Iter0280	20	6	8	7	20	1	2.916666666666667	0.16767381137501647	0.40617373000000007	1
280	Iter0281	26	1	3	3	21	1	26.0	0.013563049853372188	0.4758037930704299	1
281	Iter0282	30	2	5	2	28	1	6.0	0.14067914067913945	0.7546150441611001	1
282	Iter0283	29	1	6	4	24	2	19.33333333333333	0.009957325746799393	0.5780776570988778	1
283	Iter0284	23	3	6	1	18	2	1.2777777777777781	1.0	0.356952659657	1
284	Iter0285	38	2	9	3	35	0	6.333333333333332	0.07394957983193212	0.8674799608934122	1
285	Iter0286	21	3	8	1	19	2	0.875	1.0	0.51460154	1
286	Iter0287	21	4	9	5	18	5	2.9166666666666665	0.23841573521989126	0.27960949559000003	1
287	Iter0288	24	4	4	3	21	0	4.5	0.12482972762368433	0.4640745685	1
288	Iter0289	23	3	7	6	20	1	6.571428571428571	0.0385910478540061	0.4162260331	1
289	Iter0290	22	1	8	3	18	2	8.25	0.08894686907020964	0.41211241496999995	1
290	Iter0291	29	3	15	5	24	2	3.2222222222222214	0.23462841053306885	0.39657138088820004	1
291	Iter0292	25	3	5	1	22	0	1.6666666666666667	0.5585000862515209	0.49888931499999994	1
292	Iter0293	28	3	9	4	26	3	4.148148148148149	0.16953994523254126	0.5413639100000002	1
293	Iter0294	25	2	8	3	19	0	4.6875	0.13405333683971665	0.4390408432999999	1
294	Iter0295	30	1	10	1	24	2	3.0	0.4599303135888553	0.46488491883349997	1
295	Iter0296	28	5	8	2	23	1	1.4	0.6562921792046794	0.5625179503	1
296	Iter0297	24	6	11	2	23	2	0.7272727272727273	1.0	0.5256265099999999	1
297	Iter0298	29	1	10	4	23	0	11.6	0.02949517867271705	0.41163380623199997	1
298	Iter0299	16	2	8	1	15	1	1.0	1.0	0.28614566	1
299	Iter0300	25	1	10	3	22	2	7.5	0.09909909909909917	0.5771495123400001	1
300	Iter0301	26	1	8	5	20	0	16.25	0.00950010160536466	0.3299419936559999	1
301	Iter0302	32	4	7	3	28	1	3.4285714285714284	0.16318528200449034	0.6666658752000001	1
302	Iter0303	22	5	8	1	19	1	0.55	1.0	0.42298912639999997	1
303	Iter0304	27	0	3	3	23	0	28.0	0.003665689149560071	0.5747627833191101	1
304	Iter0305	28	1	13	2	23	1	4.307692307692308	0.26427061310782163	0.4088207925089999	1
305	Iter0306	24	3	10	1	24	3	0.8	1.0	0.6982913882699999	1
306	Iter0307	26	1	8	2	25	0	6.5	0.17181467181467322	0.651288726	1
307	Iter0308	30	5	6	1	24	0	1.0	1.0	0.5943755465399999	1
308	Iter0309	27	5	4	4	21	2	5.4	0.05943909659079901	0.45045990380900014	1
309	Iter0310	30	4	10	1	25	0	0.75	1.0	0.59491988415	1
310	Iter0311	28	5	6	2	23	0	1.8666666666666665	0.6058816988213693	0.47854646160263997	1
311	Iter0312	15	3	7	2	15	3	1.4285714285714286	1.0	0.25934756	1
312	Iter0313	21	1	7	2	17	0	6.0	0.19488320355951133	0.35038183891888997	1
313	Iter0314	27	2	11	6	22	3	7.363636363636363	0.037960357726567306	0.553223550587	1
314	Iter0315	30	3	4	2	24	2	5.0	0.1613545297755868	0.52114951561995	1
315	Iter0316	28	7	8	1	25	2	0.5	1.0	0.6869498771	1
316	Iter0317	27	3	5	1	25	3	1.8	0.5347593582887668	0.4686852354371	1
317	Iter0318	31	6	3	2	21	0	3.4444444444444446	0.2367598169908792	0.45864655194513015	1
318	Iter0319	20	4	11	5	17	2	2.2727272727272725	0.4414435869544208	0.44418977336	1
319	Iter0320	28	2	6	1	24	2	2.333333333333333	0.4774774774774786	0.48514735438875817	1
320	Iter0321	20	3	4	2	19	0	3.333333333333333	0.2692602416740377	0.32285798	1
321	Iter0322	20	4	4	0	18	0	0.8400000000000001	1.0	0.4064634154999999	1
322	Iter0323	27	3	8	1	25	1	1.125	1.0	0.488663909	1
323	Iter0324	29	3	9	3	27	2	3.2222222222222214	0.3214567621827999	0.5888972659820001	1
324	Iter0325	27	4	7	3	23	1	2.8928571428571432	0.3324061446654493	0.43891955577999997	1
325	Iter0326	17	3	9	1	16	1	0.6296296296296297	1.0	0.3701251684999999	1
326	Iter0327	24	3	8	1	19	1	1.0	1.0	0.3821812951488159	1
327	Iter0328	16	5	8	5	12	2	2.0	0.4505005561735291	0.2866109454008	1
328	Iter0329	24	3	9	4	21	1	3.555555555555556	0.1866161827462161	0.37477687749513006	1
329	Iter0330	16	1	5	4	14	0	12.8	0.03447856491334755	0.321595941915	1
330	Iter0331	20	4	5	0	17	0	0.7000000000000001	1.0	0.4630944760000001	1
331	Iter0332	31	5	11	1	28	0	0.5636363636363636	1.0	0.6217377617600001	1
332	Iter0333	20	3	5	4	17	1	5.333333333333334	0.07635264253729293	0.34051094483778993	1
333	Iter0334	25	2	6	2	20	1	4.166666666666667	0.2179144385026735	0.4690320130300001	1
334	Iter0335	22	1	9	3	19	0	7.333333333333332	0.10609243697479072	0.36057160042	1
335	Iter0336	23	2	11	0	21	1	0.6666666666666666	1.0	0.513929116	1
336	Iter0337	17	4	15	4	15	6	1.1333333333333333	1.0	0.37925218197860006	1
337	Iter0338	35	6	4	2	27	0	2.9166666666666665	0.2671827236936997	0.6001444570330001	1
338	Iter0339	30	2	5	2	21	0	6.0	0.14067914067913945	0.47299124781867	1
339	Iter0340	31	4	6	0	26	1	0.9142857142857144	1.0	0.5313666794699999	1
340	Iter0341	24	5	10	2	20	1	0.96	1.0	0.4274272112292	1
341	Iter0342	20	1	8	2	20	2	5.0	0.23692992213570946	0.52616301	1
342	Iter0343	26	1	2	3	21	1	39.0	0.007647385984427252	0.31578339769091	1
343	Iter0344	16	0	6	1	12	1	4.857142857142857	0.3043478260869571	0.341819807201	1
344	Iter0345	26	2	6	2	21	0	4.333333333333333	0.2074866310160426	0.4094172701869999	1
345	Iter0346	30	8	3	3	23	0	3.75	0.15443830134698214	0.48308016941	1
346	Iter0347	31	5	7	3	26	0	2.657142857142857	0.34417049078323736	0.5569121830999999	1
347	Iter0348	26	2	4	3	22	2	9.75	0.04383732965326962	0.4202748975994	1
348	Iter0349	23	3	6	2	21	2	2.5555555555555562	0.5701799781496234	0.5232713214200001	1
349	Iter0350	16	0	8	2	15	2	5.666666666666668	0.13846153846153847	0.3003190529999999	1
350	Iter0351	19	2	9	1	16	2	1.0555555555555556	1.0	0.30943877291000005	1
351	Iter0352	30	6	9	4	26	0	2.2222222222222223	0.4222626517911001	0.6529860169299999	1
352	Iter0353	23	2	3	2	18	0	7.666666666666668	0.11877394636015401	0.40706258940000006	1
353	Iter0354	28	7	4	4	24	0	4.0	0.17182782227412596	0.4889186270269001	1
354	Iter0355	26	6	5	2	22	0	1.7333333333333332	0.6170423167327227	0.44545927606827995	1
355	Iter0356	25	1	4	5	20	0	31.25	0.0020700362256339715	0.41389611531347	1
356	Iter0357	24	3	7	1	22	0	1.1428571428571428	1.0	0.5508259340000001	1
357	Iter0358	29	3	9	2	24	2	2.148148148148148	0.5890704115321208	0.6492155418000003	1
358	Iter0359	20	1	9	4	15	0	8.888888888888891	0.058586337760911135	0.34659730962000007	1
359	Iter0360	27	5	6	0	21	2	0.6666666666666667	0.5701495391897965	0.5032172340421601	1
360	Iter0361	26	4	6	4	21	1	4.333333333333333	0.08937251352111955	0.44050468583450003	1
361	Iter0362	22	4	7	3	21	0	2.357142857142857	0.3695973012861021	0.5704712952	1
362	Iter0363	30	3	6	5	25	1	8.333333333333334	0.01566112880559011	0.513014650855	1
363	Iter0364	25	6	4	2	21	0	2.083333333333333	0.5913426795779804	0.4410275781999999	1
364	Iter0365	23	2	8	3	22	0	4.3125	0.15441176470588128	0.5497267299999998	1
365	Iter0366	25	4	8	1	22	3	0.78125	1.0	0.49018234691000007	1
366	Iter0367	27	1	9	2	25	0	6.0	0.18656308129992727	0.543887923	1
367	Iter0368	23	3	6	0	21	4	0.8571428571428571	1.0	0.41424246054930003	1
368	Iter0369	32	4	7	3	21	2	3.4285714285714284	0.16318528200449034	0.4882625132985059	1
369	Iter0370	25	0	14	4	19	0	8.666666666666666	0.02479539745563509	0.4509133269744001	1
370	Iter0371	19	3	9	2	14	0	1.4074074074074074	1.0	0.20291583088999998	1
371	Iter0372	29	2	4	3	25	2	10.875	0.034627506763730435	0.58005793023	1
372	Iter0373	35	5	10	2	27	1	1.4	0.6557109430266215	0.427923432552803	1
373	Iter0374	18	3	7	1	15	0	0.8571428571428571	1.0	0.30106390605	1
374	Iter0375	18	4	14	0	15	4	0.2533333333333333	0.1411764705882347	0.37062971000000006	1
375	Iter0376	30	3	5	3	23	0	6.0	0.07658858621631569	0.6027165561999999	1
376	Iter0377	19	4	6	4	17	1	3.1666666666666665	0.20542055275091625	0.31929270340000004	1
377	Iter0378	25	2	10	3	21	0	3.75	0.3065433854907508	0.4067235749115021	1
378	Iter0379	19	2	5	3	16	0	5.7	0.11187739463601584	0.3256031374	1
379	Iter0380	24	2	5	2	19	0	4.8	0.18988269794720924	0.5675938323091698	1
380	Iter0381	23	8	7	1	20	2	0.4107142857142857	0.6525585534873457	0.50865517	1
381	Iter0382	30	2	6	2	24	2	5.0	0.17233833023306738	0.48676149056	1
382	Iter0383	20	5	6	2	17	0	1.3333333333333333	1.0	0.302776419653	1
383	Iter0384	26	1	6	2	21	0	8.666666666666666	0.12406417112299427	0.4020425883	1
384	Iter0385	21	2	9	1	20	0	1.1666666666666667	1.0	0.484289956	1
385	Iter0386	21	4	7	2	17	1	1.5	0.6444578943924749	0.45922348807395996	1
386	Iter0387	23	0	5	1	18	0	8.0	0.20689655172414065	0.5255646920765039	1
387	Iter0388	29	4	6	5	24	1	6.041666666666668	0.030476121081250494	0.4106159645342	1
388	Iter0389	25	1	9	2	23	1	5.5555555555555545	0.20527670527670955	0.4768147634	1
389	Iter0390	25	4	10	3	20	3	1.875	0.6566544079380983	0.522734237796	1
390	Iter0391	28	2	5	4	22	0	11.2	0.017983689810315645	0.5742032998971899	1
391	Iter0392	30	4	8	5	23	4	4.6875	0.09056833261359956	0.5409818639063001	1
392	Iter0393	23	3	8	2	16	2	1.9166666666666667	0.6034398607928035	0.37467053014070006	1
393	Iter0394	26	3	5	3	26	0	5.199999999999998	0.10095389507154448	0.70805725	1
394	Iter0395	29	1	7	2	24	1	8.285714285714286	0.12736623262939215	0.45465780654000004	1
395	Iter0396	32	2	3	3	27	0	16.0	0.017835649414596734	0.587701305904248	1
396	Iter0397	25	3	9	3	18	1	2.7777777777777786	0.3406827880512085	0.4153051449300001	1
397	Iter0398	30	1	7	4	22	2	17.142857142857142	0.012568945816699277	0.525323017101489	1
398	Iter0399	26	1	12	2	22	2	4.333333333333333	0.2646341463414642	0.518753515	1
399	Iter0400	27	4	3	4	25	2	9.0	0.02451677683875829	0.679696068978	1
400	Iter0401	20	1	6	4	14	0	13.333333333333336	0.02743789395624802	0.37444735283360003	1
401	Iter0402	34	2	3	0	29	0	2.9166666666666665	1.0	0.67689840678666	1
402	Iter0403	20	2	4	7	19	0	17.5	0.0020721029063631687	0.49304566000000005	1
403	Iter0404	24	2	3	1	20	0	4.0	0.35960591133004943	0.31141621744000003	1
404	Iter0405	22	3	4	4	18	0	7.333333333333332	0.04178511102871454	0.37954934710982374	1
405	Iter0406	30	3	6	1	26	1	1.6666666666666667	0.5522486048801946	0.5793731630000001	1
406	Iter0407	30	1	15	4	23	4	8.0	0.0621986444901757	0.4978856535300001	1
407	Iter0408	21	1	16	3	20	4	3.9375	0.3210131332082519	0.39722873999999997	1
408	Iter0409	21	2	15	4	20	4	2.8	0.38420972567315054	0.4708296988527401	1
409	Iter0410	29	2	8	4	23	3	7.25	0.041934376934524925	0.5381619247903171	1
410	Iter0411	23	0	4	1	21	0	9.6	0.1785714285714268	0.38785008155	1
411	Iter0412	28	2	6	2	22	3	4.666666666666667	0.18871503082029065	0.48173583416067794	1
412	Iter0413	20	3	5	3	17	0	4.0	0.1605392506393615	0.30690464447000004	1
413	Iter0414	30	4	11	3	23	3	2.0454545454545454	0.40037337425629776	0.5149744205237	1
414	Iter0415	30	0	11	5	26	4	15.5	0.003186567392836416	0.4928331042	1
415	Iter0416	24	3	7	1	21	0	1.1428571428571428	1.0	0.475866156030433	1
416	Iter0417	23	4	14	3	20	0	1.2321428571428568	1.0	0.47799867910000005	1
417	Iter0418	24	5	3	2	23	1	3.2	0.2683715715024997	0.45588339189729005	1
418	Iter0419	21	0	7	1	17	0	5.5	0.27586206896552257	0.3260090081205851	1
419	Iter0420	34	2	7	3	27	1	7.2857142857142865	0.06085118117474205	0.6120127401301079	1
420	Iter0421	20	1	5	4	18	1	16.0	0.019451812555260867	0.3707456432000001	1
421	Iter0422	31	2	9	3	23	0	5.166666666666667	0.10909434675741964	0.42058398978999995	1
422	Iter0423	20	2	3	5	18	0	16.666666666666668	0.006660772178013638	0.33384250370999996	1
423	Iter0424	19	4	12	2	17	3	0.7916666666666666	1.0	0.382806119999976	1
424	Iter0425	27	2	2	3	23	0	20.25	0.015115577022598053	0.5332284177	1
425	Iter0426	20	1	9	3	15	3	6.666666666666668	0.124999999999997	0.29624283888423	1
426	Iter0427	30	5	13	1	25	4	0.4615384615384616	0.6592661116250499	0.632607869558472	1
427	Iter0428	30	3	5	1	26	2	2.0	0.5024984498668811	0.4537728569	1
428	Iter0429	27	3	5	4	23	1	7.2	0.03698903389305908	0.46887516475098207	1
429	Iter0430	16	2	16	0	12	0	0.33333333333333337	0.4866310160427838	0.27346770164499995	1
430	Iter0431	27	5	11	3	21	3	1.4727272727272729	0.6839666486562959	0.4223192919533001	1
431	Iter0432	37	4	9	4	34	1	4.111111111111111	0.08419905184965146	0.7402769878999998	1
432	Iter0433	19	2	9	5	16	1	5.277777777777779	0.08970082622997771	0.3691192039	1
433	Iter0434	20	2	9	6	18	2	6.666666666666668	0.04206198608475807	0.5000754969000001	1
434	Iter0435	23	6	5	0	19	1	0.5714285714285714	0.5585000862515158	0.41412383245719997	1
435	Iter0436	21	1	5	2	17	0	8.4	0.1360153256704995	0.4785204656868	1
436	Iter0437	35	4	6	1	28	0	1.4583333333333333	1.0	0.5435368110560002	1
437	Iter0438	28	2	5	3	25	0	8.4	0.05282682062867873	0.688889103323	1
438	Iter0439	26	7	4	2	23	2	1.8571428571428568	0.6068948205171247	0.49101408357220006	1
439	Iter0440	26	3	10	4	23	1	3.4666666666666663	0.18997465686721307	0.3680352766743882	1
440	Iter0441	29	4	7	7	26	4	7.25	0.009066489611463452	0.555250360728715	1
441	Iter0442	28	6	4	5	26	0	5.833333333333332	0.03382392453055403	0.57696625198	1
442	Iter0443	34	1	7	2	28	1	9.714285714285714	0.10147991543340347	0.67222968508	1
443	Iter0444	26	4	8	2	23	2	1.625	0.6287339971550443	0.44752622667000014	1
444	Iter0445	26	2	4	1	21	0	3.25	0.3995601173020483	0.4875091738190001	1
445	Iter0446	26	4	7	7	23	1	6.5	0.02109369545610581	0.5399173021	1
446	Iter0447	25	2	3	2	22	0	8.333333333333334	0.10525583982202526	0.462793638687	1
447	Iter0448	21	2	12	2	18	4	1.75	0.6245892951775583	0.5679917959207701	1
448	Iter0449	21	1	3	2	16	0	14.0	0.07863247863247927	0.266582832353	1
449	Iter0450	15	0	7	2	13	3	6.0	0.1304347826086963	0.18421789199999997	1
450	Iter0451	22	6	9	1	18	1	0.4074074074074074	0.6495633686036184	0.37672505530000006	1
451	Iter0452	31	1	8	6	26	2	23.25	0.0018594786554538864	0.49099718890000005	1
452	Iter0453	20	2	6	1	16	0	1.6666666666666667	1.0	0.30807844990230004	1
453	Iter0454	23	4	6	1	15	2	0.9583333333333334	1.0	0.34385256699892996	1
454	Iter0455	18	4	7	5	14	1	3.2142857142857144	0.22392527645096125	0.27922072528356	1
455	Iter0456	25	0	10	4	21	1	11.818181818181815	0.012170064801643732	0.40362991719999997	1
456	Iter0457	27	2	3	1	25	0	4.5	0.3302785923753601	0.5711777772	1
457	Iter0458	20	4	14	1	12	1	0.35714285714285715	0.6308859466754242	0.3016732582579	1
458	Iter0459	28	2	6	3	22	1	7.0	0.07024838603785923	0.49572594805394266	1
459	Iter0460	26	2	10	3	23	1	3.9	0.3038372133365782	0.40752522649017897	1
460	Iter0461	23	1	8	4	19	0	11.5	0.03361344537815123	0.41758676461100963	1
461	Iter0462	15	5	3	3	14	0	3.0	0.3301307388263913	0.33038328280000007	1
462	Iter0463	27	3	12	1	25	1	0.75	1.0	0.524868107982	1
463	Iter0464	30	1	12	2	26	1	5.0	0.22445384073290106	0.5792452610108499	1
464	Iter0465	23	6	8	5	18	0	2.395833333333333	0.2700299597339536	0.27376439554629994	1
465	Iter0466	24	3	10	3	21	0	2.4	0.3699451331030254	0.4073306398999995	1
466	Iter0467	22	1	4	4	19	1	22.0	0.00980513327565623	0.38396977924620007	1
467	Iter0468	21	2	5	0	19	1	1.2222222222222219	1.0	0.5192032574000001	1
468	Iter0469	22	0	7	1	18	1	5.75	0.26666666666666755	0.47510900327000005	1
469	Iter0470	27	0	7	4	22	1	17.5	0.004470636049583382	0.4503436278207711	1
470	Iter0471	22	2	4	3	20	1	8.25	0.061920652576937435	0.46608073875999995	1
471	Iter0472	23	4	8	1	18	1	0.71875	1.0	0.40820480029999995	1
472	Iter0473	29	2	9	1	26	2	1.6111111111111112	1.0	0.547759351352	1
473	Iter0474	23	3	9	3	18	3	2.5555555555555562	0.35665873746368804	0.49152947960759996	1
474	Iter0475	23	2	13	2	14	4	1.7692307692307692	0.6224969909180476	0.24701353260000003	1
475	Iter0476	24	1	4	1	18	1	6.0	0.31034482758620946	0.3722544366	1
476	Iter0477	18	0	12	6	14	1	10.23076923076923	0.019061583577712714	0.269858316804	1
477	Iter0478	33	2	9	1	27	0	1.8333333333333333	0.5387596899224454	0.6185709461999999	1
478	Iter0479	29	2	4	3	24	2	10.875	0.034627506763730435	0.6057881491296999	1
479	Iter0480	25	2	9	3	22	3	4.166666666666667	0.1587075797602104	0.5573326855769001	1
480	Iter0481	23	3	9	0	21	1	0.6	0.5530939648586759	0.458592293	1
481	Iter0482	25	3	11	1	23	0	0.7575757575757577	1.0	0.48043125810000004	1
482	Iter0483	17	0	10	4	12	1	8.181818181818182	0.031813125695216764	0.25688898399999993	1
483	Iter0484	25	1	8	3	22	1	9.375	0.06995230524642616	0.45974900029677285	1
484	Iter0485	26	4	5	3	21	0	3.9	0.1461212831181861	0.43602334564999995	1
485	Iter0486	35	3	8	1	27	0	1.4583333333333333	1.0	0.5177272948930977	1
486	Iter0487	24	1	8	2	20	2	6.0	0.1902215431627213	0.49535234699999997	1
487	Iter0488	18	5	5	2	16	1	1.44	1.0	0.437580948058	1
488	Iter0489	22	2	12	4	21	4	3.6666666666666665	0.1953313637524152	0.42378046999999996	1
489	Iter0490	25	2	7	3	25	0	5.357142857142857	0.11021411021411204	0.58500429	1
490	Iter0491	22	6	6	0	20	0	0.4693877551020408	0.5615449132428907	0.562897959992835	1
491	Iter0492	26	3	4	2	21	0	4.333333333333333	0.19520872865275293	0.5103673883676	1
492	Iter0493	16	3	10	6	13	6	3.2	0.24530286176560104	0.2304860199970224	1
493	Iter0494	15	3	7	1	14	0	0.7142857142857143	1.0	0.276757472	1
494	Iter0495	25	6	6	1	20	2	0.6944444444444445	1.0	0.5357897773570001	1
495	Iter0496	18	4	7	1	15	1	0.6428571428571429	1.0	0.357479368917	1
496	Iter0497	23	1	10	2	15	2	4.6	0.25266106442577296	0.27575160630539997	1
497	Iter0498	25	4	5	0	21	1	0.8666666666666667	1.0	0.38998627069720004	1
498	Iter0499	29	1	5	2	27	1	11.6	0.08558558558558768	0.751586295704	1
499	Iter0500	22	5	16	4	18	4	1.1	1.0	0.3651836409337899	1
500	Iter0501	29	3	11	2	25	1	1.7575757575757576	0.6173713473770029	0.5991885032964599	1
501	Iter0502	21	3	11	6	16	4	3.8181818181818175	0.12797418728099125	0.32778267732000005	1
502	Iter0503	20	2	6	2	15	1	3.333333333333333	0.28352490421456245	0.28431523620000004	1
503	Iter0504	30	4	5	1	26	0	1.5	1.0	0.50411070436356	1
504	Iter0505	29	7	6	2	23	2	1.3809523809523812	0.6585240481708842	0.5271453577	1
505	Iter0506	25	3	7	6	22	0	7.142857142857142	0.01800237147212921	0.39082424384	1
506	Iter0507	25	0	7	2	22	0	9.75	0.06417112299465265	0.46514558089381	1
507	Iter0508	22	3	9	2	18	2	1.6296296296296295	0.6308940242763774	0.48303137182238504	1
508	Iter0509	24	0	7	5	22	3	18.75	0.002100840336134451	0.443245187	1
509	Iter0510	27	4	6	1	23	0	1.125	1.0	0.57064987783	1
510	Iter0511	31	1	12	2	25	1	5.166666666666667	0.2158102766798462	0.5773526510267999	1
511	Iter0512	34	5	6	7	25	2	7.933333333333334	0.0053329226577981965	0.5762744166131	1
512	Iter0513	21	2	6	3	19	2	5.25	0.12055061179087935	0.3473985242	1
513	Iter0514	26	1	3	1	25	0	8.666666666666666	0.2451612903225791	0.642661308	1
514	Iter0515	33	2	7	1	28	2	2.357142857142857	0.4696539988655511	0.735635230454	1
515	Iter0516	27	4	9	3	24	4	2.25	0.3778107289466489	0.57888149804657	1
516	Iter0517	25	0	6	5	21	1	22.285714285714285	0.0012254901960784392	0.5236929244059101	1
517	Iter0518	37	5	8	1	30	3	0.925	1.0	0.7702695795977	1
518	Iter0519	25	4	5	4	20	0	5.0	0.07132797387965621	0.49925642613	1
519	Iter0520	20	4	4	2	15	0	2.5	0.5705039787798427	0.4325282563100001	1
520	Iter0521	20	6	10	6	16	0	2.0	0.4830393856477097	0.3376632607292	1
521	Iter0522	22	1	10	4	19	1	8.8	0.05741035152800021	0.5389085259999999	1
522	Iter0523	30	4	12	5	24	4	3.125	0.13977693841987826	0.5312619806911456	1
523	Iter0524	23	2	6	3	18	0	5.75	0.1023374159047782	0.40319373516293	1
524	Iter0525	28	2	6	4	24	0	9.333333333333334	0.02582339424444645	0.4698715206628601	1
525	Iter0526	18	5	9	5	16	1	2.0	0.4537219857428744	0.46440590497	1
526	Iter0527	30	3	4	6	22	0	15.0	0.002146777410233841	0.507936056884106	1
527	Iter0528	27	3	7	2	25	1	2.571428571428572	0.5716161505635218	0.532852363922627	1
528	Iter0529	23	3	8	4	19	2	3.8333333333333335	0.1764636153181035	0.39492491671999996	1
529	Iter0530	16	3	9	3	16	2	1.7777777777777777	0.652556564681146	0.35526824	1
530	Iter0531	21	4	7	3	19	2	2.25	0.3810933717202157	0.44736402999999997	1
531	Iter0532	25	5	8	5	18	2	3.125	0.1397907972965625	0.4602360751997795	1
532	Iter0533	23	4	9	4	20	1	2.555555555555556	0.3995481549661089	0.4804627090576	1
533	Iter0534	25	4	6	4	19	2	4.166666666666667	0.1672435170887197	0.45725728209264005	1
534	Iter0535	26	3	13	4	22	0	2.6666666666666665	0.3965146545481432	0.4816530191709999	1
535	Iter0536	12	4	8	7	10	0	2.625	0.2733697667295417	0.1880720348	1
536	Iter0537	22	7	10	1	18	0	0.3142857142857143	0.40548908041167997	0.29602551639999997	1
537	Iter0538	26	3	5	3	22	2	5.199999999999998	0.10095389507154448	0.41700352024533005	1
538	Iter0539	24	7	10	1	19	0	0.3428571428571429	0.6569059431703919	0.45343208000000007	1
539	Iter0540	32	2	5	1	26	2	3.2	0.3943319838056557	0.5922580806	1
540	Iter0541	24	5	9	1	22	4	0.5333333333333333	1.0	0.6030322119999999	1
541	Iter0542	28	1	10	4	24	4	11.2	0.03223671771601379	0.556537699013	1
542	Iter0543	14	3	5	4	12	0	3.733333333333333	0.1880936454849506	0.191974914	1
543	Iter0544	14	5	11	4	11	2	1.018181818181818	1.0	0.24730187780000001	1
544	Iter0545	27	3	10	1	20	0	0.9	1.0	0.45194820124602103	1
545	Iter0546	17	1	9	1	17	1	1.8888888888888888	1.0	0.37829877000000006	1
546	Iter0547	25	3	8	1	22	0	1.0416666666666667	1.0	0.4756319333999999	1
547	Iter0548	24	3	7	2	18	4	2.2857142857142856	0.5810255920550025	0.34010217613000004	1
548	Iter0549	29	4	3	1	23	0	2.4166666666666665	0.4555227496404178	0.5796007521203	1
549	Iter0550	24	1	4	1	20	0	6.0	0.31034482758620946	0.544443874777	1
550	Iter0551	22	1	3	3	20	1	22.0	0.0199991579301926	0.3429783245184	1
551	Iter0552	31	1	4	2	27	1	15.5	0.059269796111900475	0.5965002730000001	1
552	Iter0553	24	7	9	5	20	0	1.9047619047619049	0.4702757473523516	0.5540380297294598	1
553	Iter0554	35	2	14	2	29	4	2.5	0.575446085545935	0.6203116562999998	1
554	Iter0555	17	2	9	1	14	3	0.9444444444444444	1.0	0.24738107780000002	1
555	Iter0556	25	4	3	3	21	0	6.25	0.0791573227531489	0.365874644549	1
556	Iter0557	15	6	4	5	14	1	3.125	0.2251874062968535	0.26218401482	1
557	Iter0558	20	3	9	2	16	2	1.4814814814814816	1.0	0.44580891147353535	1
558	Iter0559	28	7	9	4	25	1	1.7777777777777777	0.4583528271192884	0.63218569594484	1
559	Iter0560	26	1	4	3	20	1	19.5	0.02113161980334654	0.44378201691187	1
560	Iter0561	33	3	6	1	26	2	1.8333333333333333	0.5226885989790002	0.5538042422421499	1
561	Iter0562	24	4	10	3	18	0	1.7999999999999998	0.6590223085730138	0.4487028145	1
562	Iter0563	25	2	9	7	23	1	9.722222222222221	0.0077570480293110795	0.47749125591583996	1
563	Iter0564	25	0	13	5	22	5	11.142857142857142	0.008900911907151244	0.4769333687684	1
564	Iter0565	29	4	7	4	26	1	4.142857142857143	0.09185251765184596	0.6173861585127614	1
565	Iter0566	30	3	8	1	27	1	1.25	1.0	0.7085306597721999	1
566	Iter0567	23	2	9	1	20	4	1.2777777777777777	1.0	0.4869424446180701	1
567	Iter0568	31	1	8	4	27	1	15.5	0.01531480431083369	0.5006857926870001	1
568	Iter0569	30	3	2	1	27	1	5.0	0.3053221288515442	0.523138104	1
569	Iter0570	31	2	5	3	25	1	9.3	0.04261287059746755	0.477337271484	1
570	Iter0571	31	5	9	3	24	4	2.066666666666667	0.3938597011338551	0.5988515268000001	1
571	Iter0572	26	4	4	2	23	0	3.25	0.2561777643608748	0.5346212848599999	1
572	Iter0573	21	2	7	2	18	3	3.0	0.5567575083426126	0.33784716200000003	1
573	Iter0574	25	2	5	3	20	1	7.5	0.0665430395031913	0.4774893580000001	1
574	Iter0575	25	8	5	3	22	0	1.875	0.6582080079021919	0.505055843951	1
575	Iter0576	26	5	5	4	21	1	4.16	0.1679645959638216	0.47941639001189995	1
576	Iter0577	27	1	6	1	25	2	4.5	0.36470588235295415	0.48210708	1
577	Iter0578	22	3	6	2	19	2	2.4444444444444438	0.5736002966258794	0.4362036366117	1
578	Iter0579	29	2	7	1	25	2	2.071428571428572	0.5081518765729331	0.5435174599999999	1
579	Iter0580	26	3	1	3	24	1	26.0	0.013563049853372188	0.5632408085739202	1
580	Iter0581	23	2	5	0	21	1	1.3333333333333333	1.0	0.35152949939	1
581	Iter0582	20	5	6	2	16	0	1.3333333333333333	1.0	0.3888857043999999	1
582	Iter0583	31	0	5	3	28	0	21.33333333333333	0.006127585074953571	0.7008602872309997	1
583	Iter0584	20	5	8	2	16	2	1.0	1.0	0.3263474356698652	1
584	Iter0585	30	5	7	3	26	0	2.5714285714285707	0.3491750377441419	0.5755686023500001	1
585	Iter0586	23	4	6	2	21	1	1.9166666666666667	0.6021094654870768	0.5483090662000001	1
586	Iter0587	26	3	5	7	18	2	12.133333333333333	0.0027663773416246452	0.34725524258	1
587	Iter0588	21	1	6	1	20	2	3.5	0.4310344827586244	0.6023176488220501	1
588	Iter0589	23	0	8	2	19	2	8.0	0.08522727272727136	0.3735490707604999	1
589	Iter0590	23	1	3	4	21	0	30.66666666666667	0.005067358793721471	0.515864082305	1
590	Iter0591	26	3	9	6	22	0	5.777777777777778	0.043879484165181316	0.337074678115809	1
591	Iter0592	28	2	14	5	22	0	5.0	0.09264579621484197	0.4188717618384	1
592	Iter0593	18	1	16	5	15	5	5.625	0.18555093555093502	0.28173211070000004	1
593	Iter0594	20	2	1	5	12	0	50.0	0.0011891490152359668	0.29252593358213	1
594	Iter0595	24	2	3	3	20	1	12.0	0.03424439853805853	0.524089147793851	1
595	Iter0596	27	3	11	5	22	1	4.090909090909091	0.10510964287876308	0.4929954271268127	1
596	Iter0597	22	2	7	0	18	0	0.9583333333333334	1.0	0.3843470125999666	1
597	Iter0598	22	2	10	2	20	3	2.2	0.5876750700280033	0.40229885	1
598	Iter0599	28	2	8	2	24	4	3.5	0.2558813874603338	0.5576459667	1
599	Iter0600	30	4	5	3	22	1	4.5	0.11299113866507905	0.49178295511190806	1
600	Iter0601	22	3	15	2	16	5	0.9777777777777776	1.0	0.31372169218985996	1
601	Iter0602	23	2	10	3	19	1	3.45	0.3149606926696768	0.3608545024	1
602	Iter0603	21	1	8	2	18	2	5.25	0.22379032258064696	0.3896937312599	1
603	Iter0604	31	6	13	1	25	0	0.3974358974358975	0.6573820536539845	0.6238774621851002	1
604	Iter0605	30	2	7	5	26	1	10.714285714285717	0.01104346887551326	0.5590750529999999	1
605	Iter0606	22	2	6	5	21	0	9.166666666666668	0.02066021069161848	0.31642672000000005	1
606	Iter0607	24	6	13	1	21	5	0.3076923076923077	0.401275419508389	0.4214778675555	1
607	Iter0608	29	3	6	4	21	1	6.444444444444443	0.0434953567174363	0.47974205583	1
608	Iter0609	27	2	5	2	25	1	5.4	0.16256684491978565	0.5919795597457954	1
609	Iter0610	21	4	9	2	17	2	1.1666666666666667	1.0	0.240237092391	1
610	Iter0611	19	3	3	4	18	0	8.444444444444445	0.037741385717398455	0.34823582996736874	1
611	Iter0612	24	6	14	3	18	3	0.8571428571428571	1.0	0.38469749122322	1
612	Iter0613	27	1	10	2	25	3	5.4	0.20931174089068466	0.6188147159999999	1
613	Iter0614	14	1	8	1	12	2	1.75	1.0	0.43165984699999993	1
614	Iter0615	21	3	12	1	19	0	0.5833333333333334	1.0	0.42750775	1
615	Iter0616	22	2	7	2	19	1	3.1428571428571432	0.29516129032257377	0.42554101130000005	1
616	Iter0617	28	3	6	1	26	1	1.5555555555555556	1.0	0.48649845010000015	1
617	Iter0618	19	5	9	4	18	2	1.6888888888888889	0.6905680397403406	0.53902007489	1
618	Iter0619	23	2	15	3	21	5	2.3	0.6344268323848519	0.5171496799999998	1
619	Iter0620	27	1	6	5	22	0	22.5	0.004106511846450118	0.46509712103199996	1
620	Iter0621	26	5	7	2	22	0	1.4857142857142858	0.6445674002175619	0.46343984200000005	1
621	Iter0622	28	2	8	4	25	1	7.0	0.04575272418661391	0.64866374321	1
622	Iter0623	13	2	8	3	11	1	2.4375	0.6195652173913058	0.27291539263	1
623	Iter0624	25	5	15	1	22	4	0.3333333333333333	0.6489096244947286	0.35745003727120545	1
624	Iter0625	23	4	5	6	20	0	6.9	0.01931903716222028	0.5046998382000001	1
625	Iter0626	23	1	5	5	19	0	23.0	0.004653120222707434	0.41078519553500004	1
626	Iter0627	29	6	11	3	21	5	1.318181818181818	0.702144300478974	0.42589742823000004	1
627	Iter0628	32	1	5	2	27	0	12.8	0.07368421052631596	0.6167830783005187	1
628	Iter0629	26	5	10	1	24	2	0.52	1.0	0.66386638932	1
629	Iter0630	24	5	6	5	23	1	4.0	0.1028031801900766	0.46270748999999994	1
630	Iter0631	26	1	9	1	23	3	2.888888888888889	0.4729729729729794	0.4967127745010001	1
631	Iter0632	30	0	7	8	27	0	34.875	2.9853419709226148e-05	0.5446066439999999	1
632	Iter0633	24	2	10	3	24	2	3.6	0.3102124681072075	0.5300352900000002	1
633	Iter0634	17	2	13	6	14	3	3.9230769230769234	0.23198858682729664	0.30360520749010006	1
634	Iter0635	26	3	5	1	21	0	1.7333333333333332	0.5463903743315546	0.4303933469	1
635	Iter0636	28	0	8	0	22	1	3.2222222222222223	1.0	0.4602160368	1
636	Iter0637	29	3	10	4	26	0	3.866666666666666	0.17605590542531138	0.5148773148	1
637	Iter0638	25	5	8	1	22	2	0.625	1.0	0.46135406985999994	1
638	Iter0639	22	3	6	6	20	2	7.333333333333332	0.0355164102137873	0.4029545904	1
639	Iter0640	16	5	7	2	14	2	0.9142857142857144	1.0	0.29745400039	1
640	Iter0641	22	2	8	1	21	0	1.375	1.0	0.557327058	1
641	Iter0642	28	3	4	4	22	2	9.333333333333334	0.022207099606480343	0.62368960779	1
642	Iter0643	26	5	7	2	21	1	1.4857142857142858	0.6445674002175619	0.32948336115400007	1
643	Iter0644	30	3	7	1	25	2	1.4285714285714286	1.0	0.5693789989393956	1
644	Iter0645	22	2	5	1	20	0	2.2	0.5014778325123121	0.3960002983	1
645	Iter0646	23	2	7	2	20	1	3.2857142857142856	0.2808780403657069	0.4932179886	1
646	Iter0647	30	3	8	3	27	0	3.75	0.154438301346984	0.6062104204631001	1
647	Iter0648	22	1	8	2	18	2	5.5	0.21169354838709384	0.34259241051945205	1
648	Iter0649	17	2	7	5	15	1	6.071428571428572	0.07764296511793765	0.27475267999999997	1
649	Iter0650	23	2	7	3	20	1	4.928571428571427	0.12784321939919668	0.35878869680000003	1
650	Iter0651	36	5	4	3	31	0	5.4	0.07951000659087447	0.5647909618539002	1
651	Iter0652	27	3	3	5	20	2	15.0	0.004903146793689109	0.44580378878730004	1
652	Iter0653	29	5	4	2	26	0	2.9	0.2786227523069649	0.7410995179999998	1
653	Iter0654	35	4	10	2	28	0	1.75	0.6163636222296464	0.5938615315099999	1
654	Iter0655	14	7	11	4	13	3	0.7272727272727273	0.7287727104189823	0.22708874	1
655	Iter0656	28	3	10	4	26	4	3.733333333333333	0.17973982593947985	0.5975547290930001	1
656	Iter0657	22	2	4	4	18	0	11.0	0.022834013100976568	0.46180026018	1
657	Iter0658	32	4	8	3	29	2	3.0	0.32963480485652985	0.48561632289999995	1
658	Iter0659	24	3	9	0	20	2	0.625	0.5575630252100872	0.3026510021815	1
659	Iter0660	25	2	6	2	22	0	4.166666666666667	0.2179144385026735	0.5467654013597999	1
660	Iter0661	19	2	5	3	16	1	5.7	0.11187739463601584	0.29448089951999995	1
661	Iter0662	21	1	11	4	15	0	7.636363636363638	0.13619501854796384	0.27516278664550003	1
662	Iter0663	18	1	12	1	16	1	1.5	1.0	0.32454694303444	1
663	Iter0664	27	5	3	2	25	0	3.6	0.2329816447463549	0.44767648699999996	1
664	Iter0665	31	3	5	2	29	1	4.133333333333334	0.19550359088228428	0.6880603989999999	1
665	Iter0666	29	9	12	6	24	3	1.6111111111111112	0.5242459655015315	0.5449666874899999	1
666	Iter0667	27	1	11	1	22	3	2.4545454545454546	0.5153846153846227	0.4637019889	1
667	Iter0668	18	11	7	0	18	0	0.19791666666666666	0.07561142736664472	0.43209204	1
668	Iter0669	29	3	8	1	23	0	1.2083333333333333	1.0	0.40537010289000003	1
669	Iter0670	17	1	7	3	15	6	7.2857142857142865	0.11575091575091505	0.29244700250000005	1
670	Iter0671	35	2	6	2	32	0	5.833333333333332	0.13953488372092254	0.7704719513	1
671	Iter0672	24	5	6	4	20	1	3.2	0.19704200264471794	0.48178516627820006	1
672	Iter0673	22	6	6	2	20	3	1.2222222222222219	1.0	0.38744644148	1
673	Iter0674	24	3	6	5	18	5	6.666666666666668	0.031134525117347444	0.353719271658	1
674	Iter0675	24	4	6	2	20	1	2.0	0.5963429360013808	0.37390311556000005	1
675	Iter0676	31	4	8	3	27	0	2.90625	0.3328401029207422	0.5925275741169999	1
676	Iter0677	23	2	9	5	21	1	6.3888888888888875	0.07540548407421446	0.44487547966469104	1
677	Iter0678	27	5	1	1	20	1	5.4	0.32620320855615503	0.5020637233999999	1
678	Iter0679	26	2	4	2	24	2	6.5	0.13466016905296033	0.4994366340938001	1
679	Iter0680	33	5	7	1	31	0	0.9428571428571428	1.0	0.748640867938	1
680	Iter0681	28	5	5	1	24	1	1.12	1.0	0.4867020760100001	1
681	Iter0682	19	5	6	3	16	2	1.9	0.6510082427768618	0.3657220948599999	1
682	Iter0683	23	1	9	2	19	1	5.111111111111111	0.2268907563025221	0.39151001853	1
683	Iter0684	17	1	17	2	13	1	2.0	1.0	0.20149177407000002	1
684	Iter0685	20	3	12	1	19	6	0.5555555555555556	1.0	0.3362658513	1
685	Iter0686	23	4	9	2	22	3	1.2777777777777777	1.0	0.41874490899999994	1
686	Iter0687	31	3	6	1	28	0	1.7222222222222223	0.5420558901945165	0.53972130491	1
687	Iter0688	21	4	9	5	19	0	2.9166666666666665	0.23841573521989126	0.507503862	1
688	Iter0689	21	2	14	4	16	4	3.0	0.37728883717330464	0.40874538789708764	1
689	Iter0690	22	4	9	2	19	1	1.2222222222222223	1.0	0.3964684189999999	1
690	Iter0691	30	1	7	3	26	2	12.857142857142856	0.038807149205095065	0.5776821704599999	1
691	Iter0692	17	5	6	1	15	0	0.5666666666666667	1.0	0.29451548150000006	1
692	Iter0693	31	5	8	2	26	1	1.55	0.6360946015931386	0.5361605656520301	1
693	Iter0694	23	3	15	2	21	5	1.0222222222222224	1.0	0.47025117600000016	1
694	Iter0695	31	2	6	6	29	0	15.5	0.0023868957265976804	0.6219483047700001	1
695	Iter0696	36	5	8	2	26	2	1.8	0.6116273706522145	0.6119554102379998	1
696	Iter0697	30	1	2	1	28	0	15.0	0.1711229946524073	0.7022810619800001	1
697	Iter0698	23	2	9	1	22	1	1.2777777777777777	1.0	0.52705901	1
698	Iter0699	27	1	13	3	20	0	6.230769230769232	0.1289124941989412	0.507244362452222	1
699	Iter0700	33	4	6	1	26	0	1.375	1.0	0.52375337198	1
700	Iter0701	24	4	10	4	23	1	2.4	0.4064462408493303	0.46986092470000007	1
701	Iter0702	23	1	8	2	21	1	5.75	0.2005347593582906	0.42166145899999996	1
702	Iter0703	34	3	8	1	26	1	1.4166666666666667	1.0	0.5769090743990001	1
703	Iter0704	21	2	10	3	18	2	3.15	0.3282271241830089	0.37007103178	1
704	Iter0705	34	4	13	4	29	4	2.6153846153846154	0.2350991566085905	0.6394842501014001	1
705	Iter0706	18	3	10	4	13	0	2.4	0.4006562550189546	0.3419634748050831	1
706	Iter0707	19	2	9	3	17	0	3.1666666666666665	0.327535645666902	0.39523321199999994	1
707	Iter0708	28	2	6	3	26	1	7.0	0.07024838603785923	0.5465093539783719	1
708	Iter0709	22	5	1	5	20	0	22.0	0.0054226918798664404	0.41041429199999996	1
709	Iter0710	26	5	8	2	24	2	1.3	1.0	0.6350878239999999	1
710	Iter0711	27	2	6	5	23	0	11.25	0.010797294079028009	0.45576194039999995	1
711	Iter0712	31	2	7	4	26	2	8.857142857142858	0.026908429063846658	0.5338105038200001	1
712	Iter0713	26	4	6	3	22	1	3.25	0.3190147648351977	0.41865860140699995	1
713	Iter0714	18	2	8	2	16	2	2.25	0.5840175150520016	0.44974872399999993	1
714	Iter0715	29	5	8	2	26	1	1.45	0.6490386050645004	0.567614605897202	1
715	Iter0716	28	1	8	2	22	2	7.0	0.15592515592515566	0.4863522724926539	1
716	Iter0717	23	4	8	3	19	1	2.15625	0.3901660948874529	0.4071971555199999	1
717	Iter0718	21	3	5	2	16	2	2.8	0.5622296378692384	0.4659512651999999	1
718	Iter0719	33	5	4	4	28	1	6.6	0.035863542115236624	0.75183831378063	1
719	Iter0720	22	2	4	1	20	1	2.75	0.44608648056924105	0.38694275528000005	1
720	Iter0721	29	0	4	0	27	0	6.0	1.0	0.6019597047999999	1
721	Iter0722	25	4	2	2	22	0	6.25	0.14222873900293004	0.47036214590259995	1
722	Iter0723	21	4	5	2	20	1	2.1	0.5895902855024155	0.4445056561	1
723	Iter0724	26	5	3	1	23	0	1.7333333333333334	0.5463903743315546	0.50179505266	1
724	Iter0725	19	1	5	1	16	0	3.8	0.4153846153846159	0.33585217479999996	1
725	Iter0726	25	1	8	2	23	2	6.25	0.18067226890756646	0.49262283499446247	1
726	Iter0727	26	1	5	1	25	0	5.2	0.3352272727272657	0.5501181900000001	1
727	Iter0728	27	6	12	3	23	4	1.125	1.0	0.5255664462817	1
728	Iter0729	27	7	5	2	20	0	1.542857142857143	0.6372320182333009	0.35700992940000004	1
729	Iter0730	24	2	5	3	19	1	7.199999999999998	0.07214938761428384	0.43019594135230405	1
730	Iter0731	23	8	4	2	19	1	1.4375	0.6527419321537047	0.36225548172800004	1
731	Iter0732	21	0	7	3	21	1	11.0	0.026696329254727855	0.38365760000000004	1
732	Iter0733	33	0	2	3	27	0	45.33333333333334	0.0011853959222380196	0.6630786844248	1
733	Iter0734	33	3	4	8	29	1	22.0	0.00016265790699536873	0.6915035750999999	1
734	Iter0735	23	1	7	4	18	0	13.142857142857142	0.02582000542152381	0.46199536202459995	1
735	Iter0736	21	2	11	2	20	0	1.9090909090909087	0.6091503267973802	0.584620984	1
736	Iter0737	20	1	5	5	17	1	20.0	0.00747269045378056	0.49487730489	1
737	Iter0738	25	3	9	2	23	2	1.8518518518518519	0.6088193456614599	0.5865587169999998	1
738	Iter0739	20	5	5	6	17	1	4.8	0.05588205733792332	0.3689549819146001	1
739	Iter0740	23	1	4	7	19	2	40.25	0.0003435189426159828	0.42884364177	1
740	Iter0741	25	1	9	0	18	1	1.3	1.0	0.39001231825	1
741	Iter0742	28	3	10	0	24	1	0.6590909090909091	0.5637898686679181	0.5113181706700001	1
742	Iter0743	23	2	5	0	18	0	1.3333333333333333	1.0	0.38580964619999997	1
743	Iter0744	26	0	8	2	22	3	9.0	0.07142857142857065	0.40560512914995994	1
744	Iter0745	31	3	11	3	28	1	2.8181818181818183	0.3386471039591496	0.75169261556	1
745	Iter0746	16	3	5	2	14	0	2.1333333333333333	0.5875342049255088	0.31410637700000005	1
746	Iter0747	22	3	8	4	18	2	3.6666666666666665	0.18267176094500848	0.3754222104	1
747	Iter0748	23	2	15	2	20	3	1.5333333333333334	1.0	0.4431357514209999	1
748	Iter0749	21	2	5	5	20	1	10.5	0.016082684464219243	0.4248683143	1
749	Iter0750	32	4	9	1	26	0	0.8888888888888888	1.0	0.68661963338485	1
750	Iter0751	26	3	9	4	23	4	3.851851851851852	0.1759705790514513	0.4618691273	1
751	Iter0752	26	5	11	3	21	0	1.4181818181818182	0.6891645656191367	0.47076394089992013	1
752	Iter0753	34	1	4	0	27	2	3.5	1.0	0.6008851330579998	1
753	Iter0754	26	3	10	3	24	1	2.6	0.35254831211186083	0.546520938	1
754	Iter0755	25	5	4	3	22	1	3.75	0.15632037074162605	0.55546798053	1
755	Iter0756	25	8	9	2	20	1	0.6944444444444444	1.0	0.3914339576550001	1
756	Iter0757	22	3	12	2	20	4	1.2222222222222219	1.0	0.409224451	1
757	Iter0758	29	4	7	3	22	0	3.1071428571428568	0.3248596377234786	0.5709876235498399	1
758	Iter0759	27	3	4	1	19	1	2.25	0.4766042780748739	0.35432619686899997	1
759	Iter0760	34	3	11	0	28	2	0.7291666666666666	1.0	0.5841530357000001	1
760	Iter0761	30	5	6	2	19	0	2.0	0.5970322101020249	0.42226659938567307	1
761	Iter0762	20	2	4	1	16	3	2.5	0.4735042735042784	0.36570362984849997	1
762	Iter0763	22	5	10	3	16	2	1.32	1.0	0.32118244083439995	1
763	Iter0764	30	3	5	2	25	0	4.0	0.20399751978699768	0.5574155994399999	1
764	Iter0765	33	4	7	6	28	0	7.071428571428571	0.01241695570243664	0.5528760688456863	1
765	Iter0766	25	2	6	3	18	1	6.25	0.08756684491978603	0.42541248530052	1
766	Iter0767	21	2	7	5	19	1	7.500000000000001	0.033075966760453344	0.4173616097	1
767	Iter0768	31	0	4	4	26	1	32.0	0.0008510534826324317	0.6000516530039889	1
768	Iter0769	27	2	11	1	22	2	1.2272727272727273	1.0	0.4663347717599999	1
769	Iter0770	26	2	8	3	21	1	4.875	0.1251778093883367	0.4699254151479999	1
770	Iter0771	32	8	9	5	28	4	2.2222222222222223	0.28473941952660553	0.5921275499900001	1
771	Iter0772	25	7	6	5	23	3	2.9761904761904763	0.2406605054533103	0.5806103735000001	1
772	Iter0773	24	1	5	1	19	0	4.8	0.35483870967741993	0.50607144273	1
773	Iter0774	24	2	5	0	20	1	1.3888888888888893	1.0	0.485778526	1
774	Iter0775	25	2	2	3	23	0	18.75	0.018105434609883942	0.61449143	1
775	Iter0776	25	3	5	1	22	2	1.6666666666666667	0.5585000862515209	0.5713702476	1
776	Iter0777	22	1	4	4	19	0	22.0	0.00980513327565623	0.33875438783913003	1
777	Iter0778	25	3	8	3	20	0	3.1250000000000004	0.323487574261581	0.4325416059985919	1
778	Iter0779	26	8	5	4	21	2	2.6	0.2371312454304924	0.39407045049999995	1
779	Iter0780	30	4	11	5	23	1	3.4090909090909087	0.12365458163989705	0.5821055248370001	1
780	Iter0781	29	2	10	3	26	0	4.35	0.14405234583907456	0.637189575761015	1
781	Iter0782	28	1	3	0	24	1	3.625	1.0	0.59731557	1
782	Iter0783	30	1	8	2	20	3	7.5	0.1421200750469055	0.4912056059752968	1
783	Iter0784	23	3	3	3	21	1	7.666666666666668	0.06293588996592395	0.37275541981193605	1
784	Iter0785	25	3	5	4	18	0	6.666666666666668	0.04495102312939255	0.48334226878313996	1
785	Iter0786	26	0	7	1	23	0	6.75	0.2352941176470657	0.46632638114375	1
786	Iter0787	30	1	5	2	23	1	12.0	0.08131816026552847	0.608549531606	1
787	Iter0788	24	3	9	2	21	3	1.7777777777777777	0.6153938104402591	0.4020790837000001	1
788	Iter0789	26	3	1	2	23	0	17.333333333333332	0.05645161290322565	0.4728073392	1
789	Iter0790	26	2	7	2	22	1	3.7142857142857135	0.2435612082671021	0.4581504595	1
790	Iter0791	20	0	8	2	16	1	7.0	0.10344827586207013	0.3809948181988001	1
791	Iter0792	19	1	9	3	15	0	6.333333333333332	0.13612347052280452	0.38467251160899996	1
792	Iter0793	27	2	5	3	22	0	8.1	0.05694464517994055	0.53579629306	1
793	Iter0794	27	4	2	6	22	0	20.25	0.0014431012883025394	0.3964170655900001	1
794	Iter0795	24	0	5	1	19	0	8.333333333333334	0.19999999999999946	0.39108569931	1
795	Iter0796	28	4	10	2	25	1	1.4	0.6576718800201495	0.6818945921	1
796	Iter0797	27	7	7	1	25	1	0.5510204081632654	1.0	0.4886623495000001	1
797	Iter0798	18	6	7	1	16	1	0.42857142857142855	0.6464162459713104	0.398496917	1
798	Iter0799	24	1	9	2	20	1	5.333333333333333	0.2156862745098071	0.42447010970000004	1
799	Iter0800	32	2	5	3	24	0	9.6	0.03979460847240007	0.5235118229267661	1
800	Iter0801	19	3	4	1	16	0	1.5833333333333333	1.0	0.4010690526400001	1
801	Iter0802	27	1	9	1	24	0	3.0	0.4623044096728395	0.682326314028	1
802	Iter0803	27	3	10	3	21	3	2.7	0.34549362629488223	0.5064119928695997	1
803	Iter0804	27	1	6	3	23	0	13.5	0.03751987281399242	0.45900348678253	1
804	Iter0805	28	5	3	2	23	0	3.733333333333333	0.22268708336819976	0.51266268213427	1
805	Iter0806	19	1	7	6	16	3	16.285714285714285	0.008435298479792217	0.34803856747000006	1
806	Iter0807	27	3	12	5	25	1	3.75	0.1175596561945495	0.6577938897738339	1
807	Iter0808	27	2	3	2	23	0	9.0	0.09390633086079096	0.5689564736	1
808	Iter0809	22	1	7	6	20	0	18.857142857142858	0.004933586337760853	0.42493219070000005	1
809	Iter0810	31	2	13	0	29	0	0.7619047619047619	1.0	0.6634791400000001	1
810	Iter0811	29	0	6	2	25	3	12.857142857142856	0.04204204204204265	0.796432162388	1
811	Iter0812	17	4	7	1	15	0	0.6071428571428571	1.0	0.292612182	1
812	Iter0813	25	7	6	3	22	1	1.7857142857142858	0.6622433324842181	0.556281367299938	1
813	Iter0814	24	1	12	2	18	3	4.0	0.2887624466571889	0.406865239037	1
814	Iter0815	22	5	5	1	17	0	0.8800000000000001	1.0	0.34723871841803894	1
815	Iter0816	20	5	12	2	18	3	0.6666666666666666	1.0	0.36077011943000004	1
816	Iter0817	27	8	7	2	19	1	0.9642857142857144	1.0	0.400640183305	1
817	Iter0818	20	2	5	4	17	2	8.0	0.0434100567582217	0.3865383129019473	1
818	Iter0819	25	1	6	3	23	0	12.5	0.04411764705882433	0.44350040374999994	1
819	Iter0820	27	1	3	2	26	1	18.0	0.053152492668621584	0.6106303900000001	1
820	Iter0821	25	4	7	5	20	2	4.464285714285714	0.09287517525832056	0.32713275936470004	1
821	Iter0822	28	2	6	2	25	1	4.666666666666667	0.18871503082029065	0.5600579106999999	1
822	Iter0823	25	2	7	3	23	1	5.357142857142857	0.11021411021411204	0.40420988362999993	1
823	Iter0824	28	4	6	3	23	1	3.5	0.16505781974331132	0.6612610375499999	1
824	Iter0825	25	2	8	4	19	2	6.25	0.06009060807822556	0.33809583899742535	1
825	Iter0826	22	6	4	3	20	1	2.75	0.33970751815743594	0.5263252872674999	1
826	Iter0827	25	2	3	4	19	1	16.666666666666668	0.00956127723614492	0.50255626537668	1
827	Iter0828	30	2	3	1	22	1	5.0	0.3053221288515442	0.47261771935958513	1
828	Iter0829	22	3	7	1	18	0	1.0476190476190477	1.0	0.305715304	1
829	Iter0830	30	2	7	5	24	2	10.714285714285717	0.01104346887551326	0.46786366578700006	1
830	Iter0831	25	3	6	6	21	0	8.333333333333334	0.012216550916241407	0.3891030071	1
831	Iter0832	23	3	5	3	19	0	4.6	0.12627964523862242	0.600059069083	1
832	Iter0833	34	5	2	2	28	1	6.8	0.11769710720362875	0.6662565194150001	1
833	Iter0834	29	5	11	3	24	3	1.5818181818181818	0.6756682382993233	0.49435075644872	1
834	Iter0835	30	2	10	2	24	0	3.0	0.29665343165059593	0.5160244136700001	1
835	Iter0836	18	2	9	3	16	1	3.0	0.3376569203877349	0.39807723970000003	1
836	Iter0837	31	0	6	1	28	5	9.142857142857142	0.184210526315784	0.7103489099999999	1
837	Iter0838	32	1	7	2	29	2	9.142857142857142	0.11080139372822534	0.7082769920000002	1
838	Iter0839	25	3	3	2	19	0	5.555555555555557	0.15455303872990256	0.3770797714076401	1
839	Iter0840	26	4	8	2	23	1	1.625	0.6287339971550443	0.4438960881000001	1
840	Iter0841	25	7	8	0	19	2	0.3611111111111111	0.30871228456367883	0.5886234841399997	1
841	Iter0842	33	2	5	2	27	0	6.6	0.12288930581613307	0.60810445666	1
842	Iter0843	19	4	4	2	15	0	2.375	0.5749778956675577	0.37640450987609997	1
843	Iter0844	14	7	5	4	11	1	1.6	0.6870949140814249	0.28910287234512	1
844	Iter0845	22	4	12	3	20	1	1.375	0.6927800714706971	0.43069874630000005	1
845	Iter0846	30	0	10	1	26	1	5.636363636363638	0.2682926829268295	0.620583657	1
846	Iter0847	28	3	10	2	24	1	1.8666666666666667	0.6077490291897487	0.4814065573	1
847	Iter0848	25	2	7	0	22	2	1.0833333333333333	1.0	0.5735349660000001	1
848	Iter0849	24	2	7	7	16	1	12.0	0.004372019077901452	0.43229278165299995	1
849	Iter0850	24	3	7	2	19	2	2.2857142857142856	0.5810255920550025	0.33357497835000005	1
850	Iter0851	21	4	7	4	15	1	3.0	0.21366878230713965	0.23483249951092997	1
851	Iter0852	27	2	7	2	22	0	3.8571428571428568	0.23271692745376704	0.44542204727260004	1
852	Iter0853	20	5	8	5	19	4	2.5	0.2628629845506547	0.3805888681	1
853	Iter0854	24	0	10	4	21	1	11.363636363636365	0.013560929350402914	0.46510734559999983	1
854	Iter0855	31	2	2	3	27	0	23.25	0.010849859147073206	0.7108772149648002	1
855	Iter0856	36	2	12	2	28	2	3.0	0.2910924369747879	0.6203206112735002	1
856	Iter0857	26	4	4	4	22	1	6.5	0.04413040688382719	0.6228663999819999	1
857	Iter0858	25	3	9	4	19	1	3.7037037037037037	0.1807063803212723	0.4906611543813001	1
858	Iter0859	20	2	5	5	13	0	10.0	0.018703117423918367	0.22923233629999998	1
859	Iter0860	26	0	11	8	21	6	20.25	0.00035064198422109303	0.5302928516454001	1
860	Iter0861	28	3	8	6	26	2	7.000000000000001	0.017140704008184196	0.671878989999987	1
861	Iter0862	29	3	7	1	23	1	1.380952380952381	1.0	0.5839668301279001	1
862	Iter0863	25	4	11	2	22	5	1.1363636363636365	1.0	0.49801043227899994	1
863	Iter0864	26	1	8	2	20	3	6.5	0.17181467181467322	0.5082797655996	1
864	Iter0865	17	2	7	4	13	1	4.857142857142857	0.15629152456738776	0.3117598893	1
865	Iter0866	25	5	6	2	21	2	1.6666666666666667	0.6236050996112862	0.41478329729999996	1
866	Iter0867	36	1	6	7	32	0	42.0	0.00012065855105245415	0.6337563987241999	1
867	Iter0868	26	3	7	1	22	2	1.2380952380952381	1.0	0.4500588833490069	1
868	Iter0869	26	4	5	3	22	0	3.9	0.1461212831181861	0.48968162932753995	1
869	Iter0870	26	2	7	4	23	0	7.428571428571429	0.042339553175467885	0.57684444368	1
870	Iter0871	30	1	3	2	27	0	20.0	0.04481792717086923	0.6439060373000002	1
871	Iter0872	26	2	13	3	22	4	3.0	0.3363584798638721	0.511594763	1
872	Iter0873	24	5	8	2	18	4	1.2	1.0	0.3246128801090693	1
873	Iter0874	30	2	10	2	25	5	3.0	0.29665343165059593	0.6448731257744501	1
874	Iter0875	28	7	11	3	23	3	1.0909090909090908	1.0	0.57122249241	1
875	Iter0876	27	3	6	2	21	1	3.0	0.2793071709480433	0.6010113725	1
876	Iter0877	24	4	5	3	20	0	3.6	0.16745730550284546	0.37904368971663804	1
877	Iter0878	23	6	5	2	22	1	1.5333333333333334	0.6389511816456769	0.478792	1
878	Iter0879	23	4	6	3	18	0	2.875	0.332704416077276	0.3461106052000001	1
879	Iter0880	23	3	6	0	21	0	0.8571428571428571	1.0	0.489151102	1
880	Iter0881	21	3	8	1	18	1	0.875	1.0	0.42479234712099995	1
881	Iter0882	23	3	8	3	20	1	2.8750000000000004	0.33506510712393955	0.5157085623659	1
882	Iter0883	29	2	6	1	27	1	2.4166666666666665	0.4671645329540013	0.59109855	1
883	Iter0884	31	2	5	1	24	2	3.1	0.4029981398402557	0.49470831926876724	1
884	Iter0885	24	2	8	3	20	1	4.5	0.14376561435385254	0.5596249942071201	1
885	Iter0886	27	6	3	4	21	1	6.0	0.05195574235821996	0.361719553327401	1
886	Iter0887	38	2	11	1	33	1	1.7272727272727273	0.5529411764705651	0.6085491441825	1
887	Iter0888	28	2	2	2	20	0	14.0	0.05888821804381551	0.45535772272155417	1
888	Iter0889	18	0	7	0	15	2	2.375	1.0	0.2763250324290973	1
889	Iter0890	28	3	7	2	23	1	2.666666666666667	0.3114126272020976	0.46551328699942907	1
890	Iter0891	27	6	7	3	20	3	1.9285714285714284	0.41289092651901255	0.5739589522415769	1
891	Iter0892	27	4	4	2	22	0	3.375	0.2447698366816089	0.5692108932834	1
892	Iter0893	28	5	7	3	27	2	2.4	0.3616854756658302	0.520270634	1
893	Iter0894	27	2	6	1	25	2	2.25	0.4882352941176494	0.5636187914999999	1
894	Iter0895	29	2	8	2	23	2	3.625	0.2454330008887105	0.5378641047399999	1
895	Iter0896	19	1	4	2	14	0	9.5	0.12307692307692347	0.36679028924270524	1
896	Iter0897	28	4	5	2	22	0	2.8	0.2901956493287827	0.41196000666594695	1
897	Iter0898	18	2	11	7	15	5	5.727272727272728	0.05769992866767025	0.22551393449146004	1
898	Iter0899	27	2	7	2	22	2	3.8571428571428568	0.23271692745376704	0.49207220686	1
899	Iter0900	24	4	10	1	21	1	0.6	1.0	0.4498458167928301	1
900	Iter0901	25	6	4	2	25	0	2.083333333333333	0.5913426795779804	0.5860436899999999	1
901	Iter0902	22	1	4	4	21	0	22.0	0.00980513327565623	0.596465254	1
902	Iter0903	29	5	7	3	19	0	2.4857142857142853	0.35498986876722216	0.44701676322974	1
903	Iter0904	22	2	7	2	16	2	3.1428571428571432	0.29516129032257377	0.39118063881341997	1
904	Iter0905	35	4	1	3	27	0	26.25	0.010493477027793494	0.57539120675499	1
905	Iter0906	25	3	9	2	21	0	1.8518518518518519	0.6088193456614599	0.45213553422532393	1
906	Iter0907	27	3	6	1	26	0	1.5	1.0	0.54714021	1
907	Iter0908	26	4	3	5	22	1	10.833333333333336	0.010133448139040744	0.4421725574165009	1
908	Iter0909	25	2	4	2	21	0	6.25	0.1422287390029282	0.38782635629139	1
909	Iter0910	14	2	4	1	13	0	1.75	1.0	0.403879983	1
910	Iter0911	25	3	8	4	20	2	4.166666666666667	0.16797757509832156	0.422113564391	1
911	Iter0912	18	2	9	2	14	3	2.0	0.6014619418401379	0.255943520471	1
912	Iter0913	21	2	6	5	15	2	8.75	0.023764149708827	0.440680532499913	1
913	Iter0914	22	5	6	1	22	0	0.7333333333333334	1.0	0.42567544999999996	1
914	Iter0915	27	3	13	1	18	2	0.6923076923076923	1.0	0.3111261781882	1
915	Iter0916	24	7	4	3	18	2	2.571428571428572	0.35104327519188544	0.37615163847300004	1
916	Iter0917	25	6	7	5	18	2	2.9761904761904767	0.2406605054533089	0.37054965700199993	1
917	Iter0918	30	3	9	1	25	2	1.1111111111111112	1.0	0.4576757191400001	1
918	Iter0919	31	2	11	4	24	1	5.636363636363638	0.06721453721432302	0.5021116155472	1
919	Iter0920	26	2	5	3	23	0	7.8	0.06149732620320905	0.4787879029652001	1
920	Iter0921	22	2	9	3	17	1	3.6666666666666665	0.30742296918767514	0.28341905418	1
921	Iter0922	28	4	9	3	23	1	2.333333333333333	0.3693955684581602	0.53161748403924	1
922	Iter0923	23	3	4	3	17	1	5.750000000000001	0.09293154009505382	0.4034860397663	1
923	Iter0924	25	3	7	2	20	1	2.380952380952381	0.5772510478393023	0.39593286907777	1
924	Iter0925	20	3	7	3	16	0	2.8571428571428568	0.3364154616240226	0.4752786178	1
925	Iter0926	29	6	5	2	26	1	1.933333333333333	0.6011898142835252	0.48834653	1
926	Iter0927	27	3	7	2	24	5	2.571428571428572	0.5716161505635218	0.4593383426660309	1
927	Iter0928	21	7	13	1	19	3	0.2307692307692308	0.2328001942892873	0.46559357070499996	1
928	Iter0929	25	2	7	2	20	5	3.571428571428572	0.2551566080977827	0.45430996693000103	1
929	Iter0930	24	4	4	3	21	1	4.5	0.12482972762368433	0.47745124899999997	1
930	Iter0931	25	0	5	1	24	0	8.666666666666666	0.1935483870967736	0.5814761800000001	1
931	Iter0932	20	3	10	0	14	2	0.4772727272727273	0.5362903225806349	0.323452386719	1
932	Iter0933	25	6	4	7	21	1	7.291666666666668	0.018772156019192233	0.44434450802	1
933	Iter0934	20	3	6	2	16	3	2.2222222222222223	0.5830758455897551	0.26312621144822	1
934	Iter0935	20	7	5	4	15	1	2.2857142857142856	0.4087735205316815	0.2925029021615	1
935	Iter0936	25	4	6	3	24	0	3.125	0.32248917930032217	0.5143330058000001	1
936	Iter0937	32	2	10	2	26	1	3.2	0.27576676777889925	0.56363753257	1
937	Iter0938	27	2	12	1	22	1	1.125	1.0	0.523528175823562	1
938	Iter0939	23	2	5	3	18	2	6.9	0.07839518657093686	0.30585134755599996	1
939	Iter0940	23	4	6	3	21	1	2.875	0.332704416077276	0.4881562697999999	1
940	Iter0941	13	1	14	0	11	4	0.4666666666666667	1.0	0.23206641400000003	1
941	Iter0942	24	4	8	0	21	2	0.5555555555555556	0.5550802139037423	0.57044249	1
942	Iter0943	23	9	4	2	19	0	1.2777777777777777	1.0	0.49266293854	1
943	Iter0944	22	1	12	2	20	0	3.6666666666666665	0.5441441441441546	0.5275122242054	1
944	Iter0945	21	1	8	6	20	0	15.75	0.008325426944971513	0.34019023530000003	1
945	Iter0946	26	1	3	1	21	0	8.666666666666666	0.2451612903225791	0.5030862949060001	1
946	Iter0947	29	1	3	1	24	0	9.666666666666666	0.2245989304812858	0.63369167747983	1
947	Iter0948	27	1	6	3	21	2	13.5	0.03751987281399242	0.39148955405999997	1
948	Iter0949	21	3	9	0	17	1	0.55	0.5447214076246238	0.39675697162432	1
949	Iter0950	23	5	5	1	22	0	0.92	1.0	0.398715305	1
950	Iter0951	27	0	4	3	24	0	22.4	0.005848930481283451	0.6030804589967	1
951	Iter0952	33	1	6	4	24	0	22.0	0.0068065796937037655	0.7010804437920002	1
952	Iter0953	28	4	3	3	23	1	7.0	0.06312138200682951	0.45208774591810996	1
953	Iter0954	37	3	5	0	29	0	1.5833333333333333	1.0	0.5943040735549835	1
954	Iter0955	20	4	10	1	17	0	0.5	1.0	0.29348573040000003	1
955	Iter0956	21	4	4	2	16	0	2.625	0.5670403011893521	0.388980336270395	1
956	Iter0957	28	3	6	3	23	1	4.666666666666667	0.1146733778312714	0.45223751923000005	1
957	Iter0958	22	4	8	0	17	1	0.5111111111111111	0.5514921511126464	0.45586270406000007	1
958	Iter0959	27	2	3	2	24	1	9.0	0.09390633086079096	0.507001270360299	1
959	Iter0960	30	2	7	4	25	1	8.571428571428571	0.029349192169742286	0.53405032041263	1
960	Iter0961	23	3	8	3	19	2	2.8750000000000004	0.33506510712393955	0.3159330980999999	1
961	Iter0962	32	4	16	7	23	2	3.5	0.08913470005417194	0.4221052290638844	1
962	Iter0963	17	2	10	2	15	1	1.7	0.6304465278881277	0.34163174875999996	1
963	Iter0964	20	4	9	6	15	2	3.333333333333333	0.14106365467096704	0.26597047196549994	1
964	Iter0965	23	1	3	3	19	1	23.0	0.018062397372742282	0.4271219907988	1
965	Iter0966	29	2	4	5	22	3	18.125	0.003284243996318385	0.7152544375333199	1
966	Iter0967	27	4	12	2	25	1	1.125	1.0	0.58302342	1
967	Iter0968	23	3	6	4	21	0	5.1111111111111125	0.07588695302167743	0.4828235588737	1
968	Iter0969	24	4	3	3	20	0	6.0	0.0856819520203683	0.502278054793	1
969	Iter0970	22	4	4	2	19	1	2.75	0.31040000353126096	0.4088988035002001	1
970	Iter0971	29	2	12	4	24	1	4.833333333333333	0.1607436801593771	0.5799660649661	1
971	Iter0972	22	2	7	0	18	2	0.9583333333333334	1.0	0.4967548369844255	1
972	Iter0973	20	1	11	2	19	1	3.636363636363636	0.5437834224598954	0.477606117	1
973	Iter0974	32	2	13	3	27	5	3.692307692307693	0.3108723970624411	0.483012255052	1
974	Iter0975	20	1	7	3	17	1	8.571428571428571	0.08676307007786407	0.41192224064999994	1
975	Iter0976	25	0	7	4	24	3	16.25	0.005602240896358501	0.516896919	1
976	Iter0977	23	6	9	2	18	1	0.8518518518518519	1.0	0.30209304576260004	1
977	Iter0978	24	3	6	0	20	1	0.8928571428571429	1.0	0.45305445579636905	1
978	Iter0979	18	2	10	3	16	3	2.7	0.3599580341793913	0.38588403904161	1
979	Iter0980	23	6	4	3	21	0	2.8750000000000004	0.3327044160772753	0.5452038383029999	1
980	Iter0981	30	2	7	3	25	3	6.428571428571428	0.07816445428768885	0.6267092206379999	1
981	Iter0982	22	3	5	1	18	2	1.4666666666666666	1.0	0.293838243353	1
982	Iter0983	27	4	7	4	24	3	3.8571428571428568	0.17431210499246474	0.43788002039999996	1
983	Iter0984	27	7	6	1	22	2	0.6428571428571429	1.0	0.45662443268700004	1
984	Iter0985	30	3	8	3	26	2	3.75	0.154438301346984	0.5992725027684999	1
985	Iter0986	26	1	16	4	21	2	6.5	0.1480169680802117	0.4947851831000001	1
986	Iter0987	21	2	6	1	20	1	1.75	1.0	0.50357512	1
987	Iter0988	34	5	4	4	28	1	6.8	0.03314932913270124	0.5862315700879999	1
988	Iter0989	28	1	2	4	24	0	56.0	0.0013584612730722795	0.45496649164	1
989	Iter0990	32	4	5	2	29	1	3.2	0.2476387093218402	0.6843033938549001	1
990	Iter0991	29	5	6	1	23	1	0.9666666666666668	1.0	0.57802598885	1
991	Iter0992	35	2	7	3	31	2	7.499999999999999	0.0573308325819976	0.559313994429	1
992	Iter0993	25	3	11	4	21	2	3.0303030303030307	0.21528874308227652	0.41311224558	1
993	Iter0994	21	2	6	3	18	0	5.25	0.12055061179087935	0.523283499	1
994	Iter0995	30	0	4	2	26	0	18.6	0.02380952380952361	0.4530650213499999	1
995	Iter0996	25	2	9	1	21	4	1.3888888888888888	1.0	0.4498190754	1
996	Iter0997	22	6	10	2	19	3	0.7333333333333333	1.0	0.3575127704908082	1
997	Iter0998	20	4	7	1	17	3	0.7142857142857143	1.0	0.452518737776	1
998	Iter0999	20	4	9	5	17	3	2.7777777777777777	0.2452384872638528	0.42241445800000005	1
999	Iter1000	28	4	7	4	20	2	4.0	0.1718278222741262	0.38664505459399995	1
