	IterId	dN	dS	pN	pS	bdN	bpN	MkScore	FSPVal	SelCoef	PosSel
0	Iter0001	22	2	3	2	21	3	7.333333333333332	0.12652098858995434	0.4387779094000001	1
1	Iter0002	24	1	5	4	23	2	19.2	0.011773331033293156	0.6444224195954099	1
2	Iter0003	33	2	7	2	27	1	4.714285714285714	0.1803743618831508	0.6220594927299999	1
3	Iter0004	27	3	7	1	22	0	1.2857142857142858	1.0	0.46234491671	1
4	Iter0005	29	2	8	2	25	1	3.625	0.2454330008887105	0.5313148410039931	1
5	Iter0006	30	6	7	2	26	1	1.4285714285714286	0.65145902847783	0.5639379458902101	1
6	Iter0007	24	6	7	4	21	1	2.2857142857142856	0.4132385849944196	0.3867052502000001	1
7	Iter0008	33	5	4	1	28	1	1.65	0.5471661067236581	0.5764807808	1
8	Iter0009	26	1	4	0	18	0	2.7	1.0	0.399088848863	1
9	Iter0010	28	3	10	3	22	3	2.8000000000000003	0.3394137059763873	0.3791093093653	1
10	Iter0011	16	4	6	6	14	1	4.0	0.119023180717334	0.24610714793000002	1
11	Iter0012	29	3	5	0	22	0	1.25	1.0	0.388254983	1
12	Iter0013	24	4	6	0	22	4	0.7142857142857143	1.0	0.5448714679000001	1
13	Iter0014	21	2	6	2	20	2	3.5	0.2682981090100113	0.57763876	1
14	Iter0015	32	5	10	1	23	4	0.64	1.0	0.47950394304499994	1
15	Iter0016	25	1	2	1	21	0	12.5	0.19950738916256328	0.4001498094383101	1
16	Iter0017	23	1	8	2	21	2	5.75	0.2005347593582906	0.5435461239999999	1
17	Iter0018	25	1	12	1	22	4	2.083333333333333	1.0	0.4940666208	1
18	Iter0019	30	1	7	0	24	1	1.9375	1.0	0.4496285911670001	1
19	Iter0020	19	1	3	3	16	2	19.0	0.027759197324414887	0.36161194543	1
20	Iter0021	27	2	2	2	24	1	13.5	0.062390029325511874	0.6467410291499999	1
21	Iter0022	19	3	5	4	14	2	5.066666666666666	0.15043267448161834	0.30650868043199997	1
22	Iter0023	25	6	6	2	21	2	1.3888888888888893	0.6580734970827906	0.5406048936000001	1
23	Iter0024	28	7	4	2	26	0	2.0	0.5969244647036606	0.5856804025165999	1
24	Iter0025	24	3	5	1	17	0	1.6	1.0	0.30502119679999995	1
25	Iter0026	20	2	10	2	17	4	2.0	0.6015180265654685	0.2746858681	1
26	Iter0027	24	7	7	1	22	1	0.4897959183673469	1.0	0.40514668963889994	1
27	Iter0028	27	2	7	0	21	0	1.1666666666666667	1.0	0.44889960674208	1
28	Iter0029	30	2	3	1	25	1	5.0	0.3053221288515442	0.5032558395982	1
29	Iter0030	30	2	6	2	22	2	5.0	0.17233833023306738	0.6351395720000002	1
30	Iter0031	27	2	7	0	21	2	1.1666666666666667	1.0	0.5667418405831001	1
31	Iter0032	30	6	5	3	25	0	3.0	0.3288231291634585	0.578967499406	1
32	Iter0033	20	3	6	3	14	2	3.333333333333333	0.3140294771968895	0.27237714510600003	1
33	Iter0034	27	1	6	4	22	0	18.0	0.012216550916241692	0.5007725778641856	1
34	Iter0035	16	4	5	2	16	2	1.6	0.6333637377115664	0.35273046999999996	1
35	Iter0036	30	1	5	2	22	0	12.0	0.08131816026552847	0.4098213289961599	1
36	Iter0037	26	3	5	3	23	1	5.199999999999998	0.10095389507154448	0.5467329225499707	1
37	Iter0038	33	5	3	1	30	1	2.2	0.4737335834896848	0.62606476966	1
38	Iter0039	30	2	3	0	26	1	2.583333333333333	1.0	0.46592696152000007	1
39	Iter0040	23	6	2	3	21	0	5.750000000000001	0.10233741590477748	0.44522212000000005	1
40	Iter0041	24	7	5	0	20	0	0.5208333333333334	0.5589906417112239	0.5564518745699999	1
41	Iter0042	22	1	11	2	17	6	4.0	0.5393557422969281	0.37349738475999994	1
42	Iter0043	25	5	8	3	22	0	1.875	0.6582080079021991	0.5976279289809999	1
43	Iter0044	27	2	2	2	24	0	13.5	0.062390029325511874	0.5487140350999999	1
44	Iter0045	25	4	4	2	21	0	3.125	0.2683715715025005	0.5016046311000001	1
45	Iter0046	23	2	11	6	21	1	6.2727272727272725	0.04494515534310197	0.38605374071500004	1
46	Iter0047	22	3	7	2	19	2	2.095238095238096	0.5908444022770442	0.35090034087592503	1
47	Iter0048	24	6	6	5	22	1	3.333333333333333	0.12803665057442426	0.4672478373999999	1
48	Iter0049	32	0	13	3	25	4	9.428571428571429	0.03237742830712443	0.46767960789490004	1
49	Iter0050	16	5	5	4	13	2	2.56	0.3888191568551403	0.32497679109172	1
50	Iter0051	21	4	7	2	16	3	1.5	0.6444578943924749	0.2835682625	1
51	Iter0052	26	4	4	1	22	1	1.625	0.5610229429015064	0.5367712899996999	1
52	Iter0053	22	1	4	1	19	3	5.5	0.3306878306878282	0.308242835	1
53	Iter0054	20	4	11	2	17	2	0.9090909090909092	1.0	0.345692641492	1
54	Iter0055	31	3	5	0	26	0	1.3333333333333333	1.0	0.6615084671	1
55	Iter0056	27	2	2	1	20	0	6.75	0.2633064516129015	0.39934362706145	1
56	Iter0057	29	4	5	5	26	2	7.25	0.020432710733334872	0.5702122510000002	1
57	Iter0058	27	1	7	0	23	1	1.75	1.0	0.49420154871000005	1
58	Iter0059	23	1	6	5	20	2	19.166666666666668	0.007115749525616723	0.3658845017259999	1
59	Iter0060	28	1	5	4	25	0	22.4	0.007530750564806397	0.5286519979983	1
60	Iter0061	18	3	3	1	14	0	2.0	0.5268774703557355	0.367955358	1
61	Iter0062	26	1	11	2	20	4	4.727272727272728	0.2421052631578859	0.3100031911	1
62	Iter0063	28	2	7	3	22	0	6.0	0.08928766823503577	0.6394711362175424	1
63	Iter0064	24	4	8	1	20	2	0.75	1.0	0.48055939949500004	1
64	Iter0065	25	4	7	0	20	1	0.65	0.5657754010695096	0.45667838960600005	1
65	Iter0066	25	2	3	0	22	1	2.1666666666666665	1.0	0.5399677660129001	1
66	Iter0067	26	2	5	3	21	4	7.8	0.06149732620320905	0.44590322552500006	1
67	Iter0068	27	1	7	7	25	3	27.0	0.0008396072580925192	0.523517956087	1
68	Iter0069	19	4	8	1	17	3	0.59375	1.0	0.42416685680780003	1
69	Iter0070	30	3	7	0	24	1	0.96875	1.0	0.46514254292999996	1
70	Iter0071	19	2	4	0	14	2	1.3333333333333337	1.0	0.3900158637658397	1
71	Iter0072	19	2	6	2	16	1	3.1666666666666665	0.3000294724432677	0.42725112550000005	1
72	Iter0073	21	2	1	2	21	1	21.0	0.052307692307692666	0.38826341000000003	1
73	Iter0074	29	2	2	3	25	1	21.75	0.012748281130634209	0.616059696	1
74	Iter0075	36	4	7	3	32	0	3.8571428571428568	0.13262010884582673	0.6294403670797903	1
75	Iter0076	22	2	6	0	18	2	1.0952380952380951	1.0	0.417185764	1
76	Iter0077	19	3	4	1	15	0	1.5833333333333333	1.0	0.31147822191	1
77	Iter0078	23	8	9	1	20	3	0.3194444444444444	0.4100516874057577	0.4830667447000001	1
78	Iter0079	22	4	4	2	19	0	2.75	0.31040000353126096	0.40990729389	1
79	Iter0080	20	3	8	2	17	1	1.6666666666666667	0.6269002595476496	0.43471951332000003	1
80	Iter0081	32	4	3	3	30	0	8.0	0.047779684493419995	0.84828888	1
81	Iter0082	31	6	7	2	22	1	1.4761904761904765	0.6448923145216486	0.5681844847836999	1
82	Iter0083	17	1	10	3	14	2	5.1	0.2835849356427767	0.1855985114	1
83	Iter0084	25	2	2	3	20	0	18.75	0.018105434609883942	0.489749476855337	1
84	Iter0085	22	5	2	2	21	1	4.4	0.2120133481646244	0.45000936282738	1
85	Iter0086	28	2	1	0	24	0	4.833333333333333	1.0	0.5434756728100001	1
86	Iter0087	22	2	2	2	18	1	11.0	0.08561660561660488	0.42443402930325	1
87	Iter0088	27	3	4	1	22	1	2.25	0.4766042780748739	0.5223185625269999	1
88	Iter0089	28	4	11	4	23	3	2.5454545454545454	0.2454812374562661	0.5056831061729483	1
89	Iter0090	14	2	9	1	14	0	0.7777777777777778	1.0	0.39253906	1
90	Iter0091	21	3	3	4	20	0	9.333333333333334	0.029208142000133337	0.4467874729210001	1
91	Iter0092	31	2	12	0	25	2	0.8205128205128205	1.0	0.48227820920000003	1
92	Iter0093	28	3	8	0	23	3	0.8055555555555556	1.0	0.5669222318880999	1
93	Iter0094	33	5	7	2	28	1	1.8857142857142857	0.6049366067741353	0.5433669567007	1
94	Iter0095	26	4	4	7	23	0	11.375	0.003082108947228176	0.39900296945339997	1
95	Iter0096	33	2	11	2	31	1	3.0	0.2936324390995901	0.9849948379999997	1
96	Iter0097	24	1	4	4	19	0	24.0	0.007609465062190341	0.3984622451903973	1
97	Iter0098	27	3	4	0	21	1	1.4	1.0	0.4271514247699999	1
98	Iter0099	28	3	6	2	24	2	3.111111111111111	0.2676927940085836	0.5099143216398828	1
99	Iter0100	22	6	3	2	16	0	2.4444444444444438	0.5736002966258722	0.40894581673200997	1
100	Iter0101	24	2	2	2	20	0	12.0	0.07498631636562719	0.466702291837677	1
101	Iter0102	20	0	3	3	16	1	21.0	0.007692307692307714	0.38174022504	1
102	Iter0103	26	6	6	3	24	2	2.1666666666666665	0.3839318384512059	0.47325981482339996	1
103	Iter0104	23	3	8	2	18	0	1.9166666666666667	0.6034398607928035	0.38949074131284	1
104	Iter0105	36	2	6	1	33	1	3.0	0.4054968287526224	0.6405870382300002	1
105	Iter0106	27	3	5	0	24	2	1.1666666666666667	1.0	0.5705955974000001	1
106	Iter0107	27	6	1	2	21	0	9.0	0.11764705882353213	0.4334824580879009	1
107	Iter0108	35	4	4	2	27	1	4.375	0.1753081008611286	0.554380008398	1
108	Iter0109	25	2	10	1	23	4	1.25	1.0	0.5293106069999999	1
109	Iter0110	29	2	4	4	24	0	14.5	0.010517304634952046	0.5320711731000001	1
110	Iter0111	22	1	8	1	18	5	2.75	0.4899193548387126	0.3925366652701	1
111	Iter0112	23	6	3	3	19	3	3.8333333333333335	0.1618509573917539	0.3488875184	1
112	Iter0113	30	6	3	2	25	1	3.333333333333333	0.24646716431056145	0.6030743595200001	1
113	Iter0114	26	1	4	2	22	0	13.0	0.07789589442815054	0.46550749076090003	1
114	Iter0115	24	4	3	1	22	1	2.0	0.5119577308120208	0.5284942181000002	1
115	Iter0116	18	4	2	0	15	0	1.2666666666666666	1.0	0.33322921546196	1
116	Iter0117	21	5	4	4	18	1	4.2	0.16475822809657936	0.3752565368	1
117	Iter0118	25	5	8	2	22	0	1.25	1.0	0.5353805552900001	1
118	Iter0119	38	3	3	4	32	2	16.88888888888889	0.005305078407072628	0.7135705170874101	1
119	Iter0120	19	4	4	2	16	2	2.375	0.5749778956675577	0.33513968389999993	1
120	Iter0121	18	2	3	0	13	0	1.5833333333333333	1.0	0.2965897010730152	1
121	Iter0122	27	4	7	0	19	2	0.7	1.0	0.4585341491619841	1
122	Iter0123	19	2	11	1	17	6	0.8636363636363636	1.0	0.48407726687	1
123	Iter0124	25	7	5	1	23	2	0.7142857142857143	1.0	0.502029201	1
124	Iter0125	21	0	3	5	19	0	33.0	0.0004715590922487509	0.310815975324	1
125	Iter0126	25	1	6	2	22	2	8.333333333333334	0.1310160427807505	0.43479874439799815	1
126	Iter0127	27	7	5	5	21	1	3.8571428571428568	0.10535387563181002	0.5665847913	1
127	Iter0128	23	4	5	2	23	2	2.3	0.5798138751910984	0.52766167	1
128	Iter0129	28	4	5	3	25	1	4.2	0.12817509102338867	0.5905160870800003	1
129	Iter0130	24	5	1	2	21	0	9.6	0.11290322580645062	0.46530171	1
130	Iter0131	18	5	3	0	15	0	0.7916666666666666	1.0	0.31028446865579995	1
131	Iter0132	29	3	2	2	20	0	9.666666666666666	0.08428826075884926	0.38403752611010006	1
132	Iter0133	20	4	2	2	20	0	5.0	0.19145299145299005	0.45835349400000003	1
133	Iter0134	27	1	5	1	24	0	5.4	0.32620320855615503	0.4821685984798	1
134	Iter0135	24	4	5	4	22	1	4.8	0.07836182741306341	0.48803825150999997	1
135	Iter0136	26	3	3	1	23	1	2.888888888888889	0.419574780058642	0.52649958787	1
136	Iter0137	23	1	7	0	22	3	1.5	1.0	0.36100945949999996	1
137	Iter0138	22	2	11	1	21	1	1.0	1.0	0.49708199520000007	1
138	Iter0139	26	1	5	4	21	2	20.8	0.009358288770053498	0.40136424667000004	1
139	Iter0140	15	4	4	3	13	1	2.8125	0.340054727880815	0.27658017	1
140	Iter0141	27	5	3	3	22	0	5.4	0.09400506614128908	0.47438304002028403	1
141	Iter0142	15	3	1	2	13	0	10.0	0.12781954887218044	0.25599424726099995	1
142	Iter0143	22	3	9	1	21	3	0.8148148148148148	1.0	0.41492137399999995	1
143	Iter0144	24	4	6	3	21	2	3.0	0.32701094228609323	0.4912601813000001	1
144	Iter0145	24	2	7	7	21	5	12.0	0.004372019077901452	0.49040833200000006	1
145	Iter0146	22	2	5	2	20	0	4.4	0.21201334816462475	0.517276158425	1
146	Iter0147	22	2	7	0	19	3	0.9583333333333334	1.0	0.54957122197411	1
147	Iter0148	24	5	5	2	22	1	1.92	0.6016689667069077	0.45757992896770006	1
148	Iter0149	20	5	3	3	18	0	4.0	0.16053925063936147	0.27308639416	1
149	Iter0150	31	1	5	4	26	1	24.8	0.005548453558723233	0.5498024674509999	1
150	Iter0151	31	3	3	1	23	0	3.4444444444444446	0.3717266138318736	0.4999446499676882	1
151	Iter0152	24	2	8	0	23	2	0.9259259259259259	1.0	0.4961660408300001	1
152	Iter0153	29	3	2	2	26	0	9.666666666666666	0.08428826075884926	0.6959733637475499	1
153	Iter0154	22	2	5	1	17	0	2.2	0.5014778325123121	0.3163673248	1
154	Iter0155	26	6	5	0	22	2	0.6428571428571429	0.5668930963048708	0.5300171258209601	1
155	Iter0156	24	2	11	3	21	0	3.272727272727273	0.3223486644539274	0.40787307145999996	1
156	Iter0157	22	6	8	1	16	2	0.4583333333333333	0.6563460130822736	0.31704652409089995	1
157	Iter0158	23	2	3	1	19	0	3.8333333333333335	0.3705528188286827	0.42594764094040904	1
158	Iter0159	27	3	2	1	23	2	4.5	0.3302785923753601	0.5520304657986	1
159	Iter0160	29	2	2	1	27	1	7.25	0.2488302139037453	0.49708428720999986	1
160	Iter0161	28	4	2	6	23	0	21.0	0.0012352303373975029	0.48342907246999994	1
161	Iter0162	25	1	7	2	22	1	7.142857142857142	0.15584415584415762	0.5039865510999999	1
162	Iter0163	27	2	3	2	25	3	9.0	0.09390633086079096	0.6165506452	1
163	Iter0164	28	4	2	1	24	0	3.5	0.3796791443850255	0.49444721502000005	1
164	Iter0165	18	1	4	0	15	0	1.9	1.0	0.42356074200000005	1
165	Iter0166	19	4	4	0	16	2	0.8	1.0	0.3518501866	1
166	Iter0167	22	2	6	1	20	0	1.8333333333333333	0.5497219132369291	0.41608755250000007	1
167	Iter0168	26	3	5	2	24	1	3.4666666666666663	0.2439839572192517	0.496510427101	1
168	Iter0169	20	4	4	2	18	0	2.5	0.5705039787798427	0.47472696999993896	1
169	Iter0170	16	2	5	1	15	2	1.6	1.0	0.39390518159999993	1
170	Iter0171	27	3	4	1	24	2	2.25	0.4766042780748739	0.6303470726	1
171	Iter0172	29	1	3	1	24	0	9.666666666666666	0.2245989304812858	0.5216726987110001	1
172	Iter0173	22	7	11	4	18	7	1.1428571428571428	1.0	0.40596349449993335	1
173	Iter0174	39	3	8	1	33	0	1.625	0.5521008403361315	0.7868403031000002	1
174	Iter0175	29	4	4	2	26	0	3.625	0.22406480920413926	0.6052126420924373	1
175	Iter0176	18	3	7	2	15	1	1.7142857142857142	0.6220159151193672	0.3495422242701127	1
176	Iter0177	22	4	9	0	18	4	0.46	0.5530939648586757	0.40584192323	1
177	Iter0178	24	1	10	1	19	3	2.4	0.5238095238095191	0.38116688669928006	1
178	Iter0179	27	2	3	1	21	0	4.5	0.3302785923753601	0.4822340567769705	1
179	Iter0180	14	2	9	5	12	4	3.888888888888889	0.2039846743295044	0.4695510829999957	1
180	Iter0181	27	4	2	3	25	1	10.125	0.04044117647058811	0.58591037	1
181	Iter0182	24	4	10	2	21	1	1.2	1.0	0.38811757059	1
182	Iter0183	34	3	3	1	29	0	3.7777777777777786	0.34783252690825583	0.6356456371799999	1
183	Iter0184	32	6	4	0	28	0	0.9428571428571428	1.0	0.6806821230841571	1
184	Iter0185	23	2	9	3	22	1	3.8333333333333335	0.30350518585813363	0.5358083521	1
185	Iter0186	29	4	4	1	20	1	1.8125	0.527164493108788	0.50728087473254	1
186	Iter0187	31	4	6	1	26	1	1.2916666666666667	1.0	0.442787638223637	1
187	Iter0188	22	2	1	3	20	0	33.0	0.011477411477411421	0.32460053799999994	1
188	Iter0189	18	3	3	0	15	1	1.1875	1.0	0.366557257955	1
189	Iter0190	23	4	2	0	22	1	1.6	1.0	0.358539865	1
190	Iter0191	27	3	6	2	24	0	3.0	0.2793071709480433	0.543677881	1
191	Iter0192	21	2	5	1	18	1	2.1	0.5153256704980881	0.34433740716100003	1
192	Iter0193	25	3	8	4	21	3	4.166666666666667	0.16797757509832156	0.419627968	1
193	Iter0194	26	5	2	5	24	0	13.0	0.008023292079019726	0.6022262800800001	1
194	Iter0195	24	2	3	0	21	1	2.083333333333333	1.0	0.3884712800000001	1
195	Iter0196	28	6	5	5	22	1	4.666666666666667	0.0898757194246354	0.505481128625959	1
196	Iter0197	23	1	4	2	20	0	11.5	0.09359605911330067	0.4040970755566	1
197	Iter0198	22	5	7	1	20	2	0.6285714285714287	1.0	0.39050203626500013	1
198	Iter0199	25	2	5	2	21	3	5.0	0.18007158875280324	0.546860010496175	1
199	Iter0200	28	2	6	3	24	1	7.0	0.07024838603785923	0.5171468671099999	1
200	Iter0201	26	5	4	1	24	1	1.3	1.0	0.483615697	1
201	Iter0202	33	3	6	6	25	2	11.0	0.00424204390485261	0.5185439441999999	1
202	Iter0203	25	4	4	1	17	1	1.5625	1.0	0.34573333609421003	1
203	Iter0204	26	5	5	1	19	1	1.04	1.0	0.4880419281621161	1
204	Iter0205	23	0	8	2	21	3	8.0	0.08522727272727136	0.5562113805287998	1
205	Iter0206	28	3	6	1	22	0	1.5555555555555556	1.0	0.47900695905253216	1
206	Iter0207	24	3	9	2	24	0	1.7777777777777777	0.6153938104402591	0.6224756100000001	1
207	Iter0208	30	3	5	4	21	1	8.0	0.02805184961796079	0.51765864506	1
208	Iter0209	31	3	3	2	27	2	6.888888888888888	0.11397342976290402	0.584071608101	1
209	Iter0210	28	6	6	2	23	0	1.5555555555555556	0.6353735444877889	0.4871956462959145	1
210	Iter0211	24	2	8	3	19	1	4.5	0.14376561435385254	0.4073684763399999	1
211	Iter0212	22	3	12	3	16	5	1.8333333333333333	0.6539555750082024	0.39900070558000006	1
212	Iter0213	28	2	8	1	25	1	1.75	0.5557500820658705	0.5206843796	1
213	Iter0214	26	1	5	2	22	3	10.4	0.10060160427807556	0.452490829111	1
214	Iter0215	30	3	2	2	25	0	10.0	0.08002119766825999	0.50607599569	1
215	Iter0216	30	2	4	0	25	0	2.066666666666667	1.0	0.5322333222112999	1
216	Iter0217	14	2	9	1	11	4	0.7777777777777778	1.0	0.2427935570274582	1
217	Iter0218	23	1	7	3	21	1	9.857142857142854	0.06662929101259296	0.5040570992078001	1
218	Iter0219	24	2	4	0	20	0	1.6666666666666667	1.0	0.3786219259	1
219	Iter0220	24	1	5	1	23	1	4.8	0.35483870967741993	0.5120526517	1
220	Iter0221	19	3	9	4	18	1	2.814814814814815	0.3834293005300087	0.37864646999999996	1
221	Iter0222	25	3	1	2	24	0	16.666666666666668	0.06006674082313807	0.529841856	1
222	Iter0223	22	1	4	1	20	0	5.5	0.3306878306878282	0.32979723905	1
223	Iter0224	18	6	4	3	15	2	2.25	0.3841054162744971	0.21057613296086	1
224	Iter0225	20	8	4	1	16	1	0.625	1.0	0.4057066447	1
225	Iter0226	26	1	6	2	23	1	8.666666666666666	0.12406417112299427	0.41589836440000005	1
226	Iter0227	23	4	6	3	20	1	2.875	0.332704416077276	0.4642344432953698	1
227	Iter0228	33	0	4	4	29	1	34.0	0.0006912214871136466	0.7108148463991001	1
228	Iter0229	24	3	5	2	21	1	3.2	0.2683715715025004	0.5093507615231729	1
229	Iter0230	28	2	6	1	25	1	2.333333333333333	0.4774774774774786	0.5154826003240001	1
230	Iter0231	22	3	9	2	18	1	1.6296296296296295	0.6308940242763774	0.3482441810000001	1
231	Iter0232	25	2	9	1	22	3	1.3888888888888888	1.0	0.40025100825	1
232	Iter0233	37	3	7	2	28	0	3.523809523809524	0.22359304498858487	0.5651413682325936	1
233	Iter0234	29	2	4	1	23	0	3.625	0.3704481792717156	0.5734260701872919	1
234	Iter0235	29	3	8	1	26	3	1.2083333333333333	1.0	0.62418089343	1
235	Iter0236	31	2	7	3	28	2	6.642857142857142	0.07328292807589502	0.5822319549999999	1
236	Iter0237	24	2	8	5	19	3	7.5	0.030206677265500786	0.523881267004	1
237	Iter0238	22	1	6	1	18	0	3.6666666666666665	0.4183908045977077	0.3865593956700001	1
238	Iter0239	22	4	4	1	21	0	1.375	1.0	0.4086236660000001	1
239	Iter0240	23	1	7	4	19	0	13.142857142857142	0.02582000542152381	0.4070812153882943	1
240	Iter0241	33	2	5	1	29	0	3.3	0.3860225140712876	0.6060876212579999	1
241	Iter0242	21	4	6	2	18	1	1.75	0.6162402669632787	0.42053793807	1
242	Iter0243	23	3	3	4	19	1	10.222222222222225	0.022941689793747375	0.34050304714472207	1
243	Iter0244	26	3	6	2	19	1	2.888888888888889	0.2916606446018262	0.4093737401296999	1
244	Iter0245	23	2	9	1	19	4	1.2777777777777777	1.0	0.5878520114129999	1
245	Iter0246	21	4	13	1	17	4	0.40384615384615385	0.6364785838470111	0.35897609723999996	1
246	Iter0247	23	5	9	2	20	3	1.022222222222222	1.0	0.5318547527999999	1
247	Iter0248	24	3	9	1	22	2	0.8888888888888888	1.0	0.5208392040000001	1
248	Iter0249	23	3	5	1	21	3	1.5333333333333334	1.0	0.5050259949999999	1
249	Iter0250	31	3	7	1	27	0	1.4761904761904765	1.0	0.6850729391100001	1
250	Iter0251	30	3	3	1	26	0	3.333333333333333	0.3804224392459934	0.39520294319999844	1
251	Iter0252	25	1	8	3	22	3	9.375	0.06995230524642616	0.4424116259733691	1
252	Iter0253	22	2	10	1	19	1	1.1	1.0	0.634060367207	1
253	Iter0254	29	2	3	2	20	1	9.666666666666666	0.08428826075884926	0.438280613597566	1
254	Iter0255	27	1	12	1	21	5	2.25	0.5390243902439038	0.49984133609000003	1
255	Iter0256	30	7	4	3	24	1	3.2142857142857144	0.3222814442625107	0.620141019102171	1
256	Iter0257	22	3	10	1	21	0	0.7333333333333333	1.0	0.44879963000000006	1
257	Iter0258	25	5	5	4	21	0	4.0	0.17022336564431875	0.3721360289999999	1
258	Iter0259	16	1	11	1	14	1	1.4545454545454546	1.0	0.21318359430500003	1
259	Iter0260	28	2	2	0	24	0	3.2222222222222214	1.0	0.526735363716803	1
260	Iter0261	28	4	11	1	25	0	0.6363636363636364	1.0	0.59880629872894	1
261	Iter0262	20	0	1	2	15	0	31.5	0.011857707509881372	0.38643603171163204	1
262	Iter0263	24	0	8	1	23	2	5.5555555555555545	0.27272727272726577	0.42603710190000005	1
263	Iter0264	25	0	9	2	22	4	7.8	0.08730158730158631	0.46533521856	1
264	Iter0265	28	5	6	3	25	0	2.8	0.3364334725053641	0.64752481370906	1
265	Iter0266	18	1	4	1	15	0	4.5	0.3804347826086968	0.293988325	1
266	Iter0267	25	6	6	1	20	0	0.6944444444444445	1.0	0.47208946377	1
267	Iter0268	14	1	5	1	11	3	2.8	0.5000000000000014	0.13759447700000002	1
268	Iter0269	24	1	6	3	21	0	12.0	0.04799896498188769	0.5231528775799998	1
269	Iter0270	27	7	5	0	24	0	0.5833333333333334	0.5628016680648262	0.44600926057999996	1
270	Iter0271	25	0	9	1	22	2	5.2	0.2857142857142877	0.45637374899999994	1
271	Iter0272	20	4	3	3	19	0	5.0	0.12012967875036926	0.36823886	1
272	Iter0273	20	2	6	2	16	0	3.333333333333333	0.28352490421456245	0.3587518376	1
273	Iter0274	24	2	5	2	16	1	4.8	0.18988269794720924	0.260013779837	1
274	Iter0275	22	5	7	4	20	1	2.5142857142857147	0.4007587433633538	0.46719077609973664	1
275	Iter0276	30	1	7	1	28	0	4.285714285714286	0.3724696356275283	0.565264279174397	1
276	Iter0277	29	2	9	6	25	3	9.666666666666666	0.009708418621092531	0.46154785915940005	1
277	Iter0278	26	0	7	3	23	0	13.5	0.016806722689075942	0.5368467360000001	1
278	Iter0279	21	3	3	5	18	0	11.666666666666668	0.01152895429869862	0.39509449657761697	1
279	Iter0280	20	6	5	4	20	1	2.666666666666667	0.3926491620007321	0.40617373000000007	1
280	Iter0281	26	1	3	1	21	1	8.666666666666666	0.2451612903225791	0.4758037930704299	1
281	Iter0282	30	2	2	2	28	1	15.0	0.05271199388846399	0.7546150441611001	1
282	Iter0283	29	2	5	0	24	2	1.6666666666666667	1.0	0.5780776570988778	1
283	Iter0284	23	3	4	0	18	2	1.2	1.0	0.356952659657	1
284	Iter0285	38	2	7	2	35	0	5.428571428571429	0.1489833676301324	0.8674799608934122	1
285	Iter0286	21	3	6	1	19	2	1.1666666666666667	1.0	0.51460154	1
286	Iter0287	21	4	9	5	18	5	2.9166666666666665	0.23841573521989126	0.27960949559000003	1
287	Iter0288	24	4	2	4	21	0	12.0	0.0180191299899476	0.4640745685	1
288	Iter0289	23	3	4	6	20	0	11.500000000000002	0.006226466721788285	0.4162260331	1
289	Iter0290	22	1	7	1	18	2	3.1428571428571432	0.4559139784946216	0.41211241496999995	1
290	Iter0291	29	3	8	3	24	2	3.625	0.1635911629940895	0.39657138088820004	1
291	Iter0292	25	3	4	0	22	0	1.3	1.0	0.49888931499999994	1
292	Iter0293	28	3	7	4	26	2	5.333333333333334	0.06348918287300792	0.5413639100000002	1
293	Iter0294	25	2	6	0	19	0	1.2380952380952381	1.0	0.4390408432999999	1
294	Iter0295	30	1	7	1	24	2	4.285714285714286	0.3724696356275283	0.46488491883349997	1
295	Iter0296	28	5	4	1	23	1	1.4	1.0	0.5625179503	1
296	Iter0297	24	6	7	1	23	2	0.5714285714285714	1.0	0.5256265099999999	1
297	Iter0298	29	1	8	3	23	0	10.875	0.05213784931371495	0.41163380623199997	1
298	Iter0299	16	2	6	0	15	1	0.8095238095238095	1.0	0.28614566	1
299	Iter0300	25	1	7	2	22	2	7.142857142857142	0.15584415584415762	0.5771495123400001	1
300	Iter0301	26	1	4	5	20	0	32.5	0.0017897188200793493	0.3299419936559999	1
301	Iter0302	32	4	5	1	28	1	1.6	0.556828280833413	0.6666658752000001	1
302	Iter0303	22	5	6	1	19	1	0.7333333333333334	1.0	0.42298912639999997	1
303	Iter0304	27	0	2	3	23	0	37.333333333333336	0.0020161290322580727	0.5747627833191101	1
304	Iter0305	28	1	10	1	23	1	2.8	0.4794871794871732	0.4088207925089999	1
305	Iter0306	24	3	7	1	24	2	1.1428571428571428	1.0	0.6982913882699999	1
306	Iter0307	26	1	5	1	25	0	5.2	0.3352272727272657	0.651288726	1
307	Iter0308	30	5	4	1	24	0	1.5	1.0	0.5943755465399999	1
308	Iter0309	27	5	2	2	21	2	5.4	0.1625668449197836	0.45045990380900014	1
309	Iter0310	30	4	6	1	25	0	1.25	1.0	0.59491988415	1
310	Iter0311	28	6	7	0	23	0	0.5178571428571429	0.566809625859684	0.47854646160263997	1
311	Iter0312	15	3	6	2	15	3	1.6666666666666667	0.6278504104591057	0.25934756	1
312	Iter0313	21	1	5	2	17	0	8.4	0.1360153256704995	0.35038183891888997	1
313	Iter0314	27	2	10	6	22	3	8.1	0.01668209093351554	0.553223550587	1
314	Iter0315	31	3	1	1	25	1	10.333333333333334	0.21269841269841053	0.5536897156199501	1
315	Iter0316	29	7	3	1	26	1	1.3809523809523812	1.0	0.7199635770999999	1
316	Iter0317	27	3	4	0	25	3	1.4	1.0	0.4686852354371	1
317	Iter0318	31	6	1	2	21	0	10.333333333333334	0.09635627530364088	0.45864655194513015	1
318	Iter0319	20	4	5	3	17	2	3.0	0.3265071351834432	0.44418977336	1
319	Iter0320	28	2	3	1	24	1	4.666666666666667	0.3215240641711227	0.48514735438875817	1
320	Iter0321	20	3	2	2	19	0	6.666666666666668	0.14444444444444635	0.32285798	1
321	Iter0322	20	4	2	0	18	0	1.4	1.0	0.4064634154999999	1
322	Iter0323	27	3	5	0	25	1	1.1666666666666667	1.0	0.488663909	1
323	Iter0324	29	3	5	1	27	1	1.933333333333333	0.5128361444150888	0.5888972659820001	1
324	Iter0325	27	4	6	1	23	1	1.125	1.0	0.43891955577999997	1
325	Iter0326	17	3	9	0	16	1	0.45	0.5320197044334993	0.3701251684999999	1
326	Iter0327	24	3	7	1	19	1	1.1428571428571428	1.0	0.3821812951488159	1
327	Iter0328	15	5	8	4	11	3	1.5	0.6959869940960108	0.2685657454008	1
328	Iter0329	24	3	6	2	21	0	2.6666666666666665	0.5675102885729076	0.37477687749513006	1
329	Iter0330	16	1	4	3	14	0	12.0	0.05928853754940736	0.321595941915	1
330	Iter0331	20	4	3	0	17	0	1.05	1.0	0.4630944760000001	1
331	Iter0332	31	5	7	1	28	0	0.8857142857142858	1.0	0.6217377617600001	1
332	Iter0333	20	3	1	3	17	1	20.000000000000004	0.02478632478632494	0.34051094483778993	1
333	Iter0334	25	2	5	1	20	1	2.5	0.4638929618768232	0.4690320130300001	1
334	Iter0335	22	1	6	1	19	0	3.6666666666666665	0.4183908045977077	0.36057160042	1
335	Iter0336	23	2	6	0	21	1	1.1428571428571428	1.0	0.513929116	1
336	Iter0337	17	4	13	2	15	6	0.6538461538461539	1.0	0.37925218197860006	1
337	Iter0338	35	6	1	1	27	0	5.833333333333332	0.3023255813953469	0.6001444570330001	1
338	Iter0339	30	2	5	1	21	0	3.0	0.4120436225699319	0.47299124781867	1
339	Iter0340	31	4	5	0	26	1	1.0666666666666669	1.0	0.5313666794699999	1
340	Iter0341	24	5	10	1	20	1	0.48	1.0	0.4274272112292	1
341	Iter0342	21	1	4	0	21	1	2.2	1.0	0.54090431	1
342	Iter0343	26	1	1	2	21	1	52.0	0.020197044334975142	0.31578339769091	1
343	Iter0344	16	0	4	0	12	1	3.4	1.0	0.341819807201	1
344	Iter0345	26	2	4	2	21	0	6.5	0.13466016905296033	0.4094172701869999	1
345	Iter0346	30	8	1	2	23	0	7.5	0.1421200750469055	0.48308016941	1
346	Iter0347	31	5	4	3	26	0	4.65	0.10627500883344512	0.5569121830999999	1
347	Iter0348	26	2	2	2	22	1	13.0	0.06621245828698692	0.4202748975994	1
348	Iter0349	23	3	3	1	21	2	2.5555555555555562	0.4544791096515247	0.5232713214200001	1
349	Iter0350	16	0	6	1	15	2	4.857142857142857	0.3043478260869571	0.3003190529999999	1
350	Iter0351	19	2	5	0	16	2	1.1111111111111112	1.0	0.30943877291000005	1
351	Iter0352	30	6	7	2	26	0	1.4285714285714286	0.65145902847783	0.6529860169299999	1
352	Iter0353	23	2	3	0	18	0	2.0	1.0	0.40706258940000006	1
353	Iter0354	28	7	3	2	24	0	2.6666666666666665	0.3114126272020975	0.4889186270269001	1
354	Iter0355	26	6	4	1	22	0	1.0833333333333333	1.0	0.44545927606827995	1
355	Iter0356	25	1	4	4	20	0	25.0	0.006741992984877348	0.41389611531347	1
356	Iter0357	24	3	2	1	22	0	4.0	0.35960591133004943	0.5508259340000001	1
357	Iter0358	29	3	6	2	24	2	3.2222222222222214	0.2567628357102029	0.6492155418000003	1
358	Iter0359	20	1	8	4	15	0	10.0	0.0471357063403781	0.34659730962000007	1
359	Iter0360	27	5	4	0	21	1	0.9333333333333332	1.0	0.5032172340421601	1
360	Iter0361	26	4	4	4	21	1	6.5	0.04413040688382719	0.44050468583450003	1
361	Iter0362	22	4	6	2	21	0	1.8333333333333333	0.6087155663155241	0.5704712952	1
362	Iter0363	30	3	5	4	25	1	8.0	0.02805184961796079	0.513014650855	1
363	Iter0364	25	6	3	1	21	0	1.3888888888888893	1.0	0.4410275781999999	1
364	Iter0365	23	1	6	2	22	0	7.666666666666668	0.14677419354838725	0.5497267299999998	1
365	Iter0366	25	4	7	0	22	3	0.65	0.5657754010695096	0.49018234691000007	1
366	Iter0367	27	1	4	2	25	0	13.5	0.07352941176470737	0.543887923	1
367	Iter0368	23	3	5	0	21	4	1.0	1.0	0.41424246054930003	1
368	Iter0369	32	4	5	1	21	2	1.6	0.556828280833413	0.4882625132985059	1
369	Iter0370	25	0	7	3	19	0	13.0	0.018334606569900887	0.4509133269744001	1
370	Iter0371	19	3	5	2	14	0	2.533333333333333	0.5688181550250568	0.20291583088999998	1
371	Iter0372	29	2	3	0	25	2	2.5	1.0	0.58005793023	1
372	Iter0373	35	5	9	1	27	1	0.7777777777777778	1.0	0.427923432552803	1
373	Iter0374	18	3	5	1	15	0	1.2	1.0	0.30106390605	1
374	Iter0375	18	4	13	0	15	4	0.2714285714285714	0.2735294117647098	0.37062971000000006	1
375	Iter0376	30	3	4	1	23	0	2.5	0.4456411298516635	0.6027165561999999	1
376	Iter0377	19	4	5	3	17	1	2.85	0.33458904956124225	0.31929270340000004	1
377	Iter0378	25	2	8	2	21	0	3.125	0.2913922325687145	0.4067235749115021	1
378	Iter0379	19	2	3	0	16	0	1.6666666666666667	1.0	0.3256031374	1
379	Iter0380	24	2	5	2	19	0	4.8	0.18988269794720924	0.5675938323091698	1
380	Iter0381	23	8	5	1	20	2	0.575	1.0	0.50865517	1
381	Iter0382	30	2	5	0	24	1	1.7222222222222223	1.0	0.48676149056	1
382	Iter0383	20	5	4	2	17	0	2.0	0.5959042811100658	0.302776419653	1
383	Iter0384	26	1	5	1	21	0	5.2	0.3352272727272657	0.4020425883	1
384	Iter0385	21	2	6	1	20	0	1.75	1.0	0.484289956	1
385	Iter0386	21	4	6	1	17	0	0.875	1.0	0.45922348807395996	1
386	Iter0387	23	0	4	1	18	0	9.6	0.1785714285714268	0.5255646920765039	1
387	Iter0388	29	4	5	4	24	1	5.8	0.04989338108722108	0.4106159645342	1
388	Iter0389	25	1	7	1	23	1	3.571428571428572	0.4206773618538344	0.4768147634	1
389	Iter0390	25	4	9	1	20	3	0.6944444444444444	1.0	0.522734237796	1
390	Iter0391	28	2	4	3	22	0	10.5	0.03738497856144955	0.5742032998971899	1
391	Iter0392	30	4	6	5	23	3	6.25	0.02751312262611689	0.5409818639063001	1
392	Iter0393	24	3	5	2	17	2	3.2	0.2683715715025004	0.37467053014070006	1
393	Iter0394	26	3	4	0	26	0	1.35	1.0	0.70805725	1
394	Iter0395	29	1	6	1	24	1	4.833333333333333	0.3468468468468517	0.45465780654000004	1
395	Iter0396	32	2	2	2	27	0	16.0	0.047456479035425866	0.587701305904248	1
396	Iter0397	26	3	5	3	18	1	5.199999999999998	0.10095389507154448	0.4153051449300001	1
397	Iter0398	30	1	7	3	22	2	12.857142857142856	0.038807149205095065	0.525323017101489	1
398	Iter0399	26	1	9	2	22	2	5.777777777777778	0.19559032716927052	0.518753515	1
399	Iter0400	27	4	3	2	25	2	4.5	0.1858288770053484	0.679696068978	1
400	Iter0401	21	1	3	4	15	0	28.0	0.00666077217801366	0.37444735283360003	1
401	Iter0402	34	2	3	0	29	0	2.9166666666666665	1.0	0.67689840678666	1
402	Iter0403	20	2	1	4	19	0	40.0	0.003976217019695321	0.49304566000000005	1
403	Iter0404	24	2	3	1	20	0	4.0	0.35960591133004943	0.31141621744000003	1
404	Iter0405	22	3	1	2	18	0	14.666666666666664	0.07326007326007253	0.37954934710982374	1
405	Iter0406	30	3	6	1	26	1	1.6666666666666667	0.5522486048801946	0.5793731630000001	1
406	Iter0407	30	1	11	3	23	4	8.181818181818182	0.08245243128963811	0.4978856535300001	1
407	Iter0408	21	1	13	2	20	3	3.2307692307692313	0.5540540540540642	0.39722873999999997	1
408	Iter0409	21	2	10	4	20	3	4.2	0.17345654478007938	0.4708296988527401	1
409	Iter0410	29	2	5	2	23	3	5.8	0.14746325272640926	0.5381619247903171	1
410	Iter0411	23	0	1	1	21	0	24.0	0.08000000000000028	0.38785008155	1
411	Iter0412	28	2	6	2	22	3	4.666666666666667	0.18871503082029065	0.48173583416067794	1
412	Iter0413	20	3	5	2	17	0	2.666666666666667	0.5650358581393103	0.30690464447000004	1
413	Iter0414	30	4	11	3	23	3	2.0454545454545454	0.40037337425629776	0.5149744205237	1
414	Iter0415	30	0	8	3	26	4	13.777777777777779	0.015478424015009415	0.4928331042	1
415	Iter0416	24	3	5	0	21	0	1.0416666666666667	1.0	0.475866156030433	1
416	Iter0417	23	4	10	3	20	0	1.725	0.6622458371684408	0.47799867910000005	1
417	Iter0418	24	5	3	1	23	1	1.6	1.0	0.45588339189729005	1
418	Iter0419	21	0	2	2	17	0	22.0	0.02000000000000014	0.3260090081205851	1
419	Iter0420	34	2	4	3	27	1	12.75	0.024237532178541948	0.6120127401301079	1
420	Iter0421	20	1	3	3	18	1	20.0	0.024786324786325115	0.3707456432000001	1
421	Iter0422	31	2	6	1	23	0	2.583333333333333	0.4477732793522213	0.42058398978999995	1
422	Iter0423	20	2	3	3	18	0	10.0	0.05042735042735034	0.33384250370999996	1
423	Iter0424	19	4	6	1	17	3	0.7916666666666666	1.0	0.382806119999976	1
424	Iter0425	27	2	2	1	23	0	6.75	0.2633064516129015	0.5332284177	1
425	Iter0426	20	1	5	0	15	3	1.75	1.0	0.29624283888423	1
426	Iter0427	30	5	8	1	25	3	0.75	1.0	0.632607869558472	1
427	Iter0428	30	3	5	0	26	2	1.2916666666666667	1.0	0.4537728569	1
428	Iter0429	27	3	3	4	23	1	12.0	0.014709961816223985	0.46887516475098207	1
429	Iter0430	16	2	10	0	12	0	0.5151515151515151	0.5238095238095208	0.27346770164499995	1
430	Iter0431	27	5	7	1	21	3	0.7714285714285715	1.0	0.4223192919533001	1
431	Iter0432	37	4	7	2	34	1	2.642857142857143	0.2926069965451523	0.7402769878999998	1
432	Iter0433	19	2	5	4	16	1	7.6	0.04916003536693226	0.3691192039	1
433	Iter0434	20	2	8	4	18	2	5.0	0.15414185696525845	0.5000754969000001	1
434	Iter0435	23	6	5	0	19	1	0.5714285714285714	0.5585000862515158	0.41412383245719997	1
435	Iter0436	21	1	3	1	17	0	7.0	0.2892307692307699	0.4785204656868	1
436	Iter0437	36	4	3	1	28	0	3.0	0.3941039108367544	0.5435368110529728	1
437	Iter0438	28	2	3	1	25	0	4.666666666666667	0.3215240641711227	0.688889103323	1
438	Iter0439	26	7	4	1	23	2	0.9285714285714286	1.0	0.49101408357220006	1
439	Iter0440	26	3	5	3	23	1	5.199999999999998	0.10095389507154448	0.3680352766743882	1
440	Iter0441	29	4	7	7	26	4	7.25	0.009066489611463452	0.555250360728715	1
441	Iter0442	28	6	2	3	26	0	7.000000000000001	0.07024838603785913	0.57696625198	1
442	Iter0443	34	1	4	2	28	1	17.0	0.05112570356472823	0.67222968508	1
443	Iter0444	26	4	4	1	23	1	1.625	0.5610229429015064	0.44752622667000014	1
444	Iter0445	26	2	5	0	21	0	1.5	1.0	0.4875091738190001	1
445	Iter0446	26	4	6	6	23	1	6.5	0.019545256953699342	0.5399173021	1
446	Iter0447	25	2	3	2	22	0	8.333333333333334	0.10525583982202526	0.462793638687	1
447	Iter0448	21	2	8	0	18	4	0.8148148148148148	1.0	0.5679917959207701	1
448	Iter0449	21	1	2	1	16	0	10.5	0.23000000000000195	0.266582832353	1
449	Iter0450	16	0	3	2	14	2	12.75	0.04761904761904764	0.204832192	1
450	Iter0451	22	7	6	1	18	0	0.5238095238095238	1.0	0.37672505530000006	1
451	Iter0452	31	1	6	4	26	2	20.666666666666668	0.008195911918633248	0.49099718890000005	1
452	Iter0453	20	2	4	0	16	0	1.4	1.0	0.30807844990230004	1
453	Iter0454	23	4	5	1	15	1	1.15	1.0	0.34385256699892996	1
454	Iter0455	18	4	4	4	14	1	4.5	0.15799023565140685	0.27922072528356	1
455	Iter0456	25	0	7	4	21	1	16.25	0.005602240896358501	0.40362991719999997	1
456	Iter0457	27	2	1	0	25	0	4.666666666666667	1.0	0.5711777772	1
457	Iter0458	20	4	9	1	12	0	0.5555555555555556	1.0	0.3016732582579	1
458	Iter0459	28	2	4	3	22	1	10.5	0.03738497856144955	0.49572594805394266	1
459	Iter0460	26	2	8	3	23	1	4.875	0.1251778093883367	0.40752522649017897	1
460	Iter0461	23	1	6	2	19	0	7.666666666666668	0.14677419354838725	0.41758676461100963	1
461	Iter0462	15	5	4	1	14	0	0.75	1.0	0.33038328280000007	1
462	Iter0463	27	3	6	0	25	0	1.0	1.0	0.524868107982	1
463	Iter0464	30	1	9	1	26	1	3.333333333333333	0.4329268292682952	0.5792452610108499	1
464	Iter0465	23	6	6	5	18	0	3.1944444444444446	0.1372889230486825	0.27376439554629994	1
465	Iter0466	24	3	6	2	21	1	2.6666666666666665	0.5675102885729076	0.4073306398999995	1
466	Iter0467	22	1	2	2	19	1	22.0	0.048547008547008864	0.38396977924620007	1
467	Iter0468	21	2	2	0	19	0	2.4444444444444438	1.0	0.5192032574000001	1
468	Iter0469	22	0	4	1	18	1	9.2	0.18518518518518698	0.47510900327000005	1
469	Iter0470	27	0	3	1	22	1	14.0	0.12903225806451624	0.4503436278207711	1
470	Iter0471	22	2	2	2	20	1	11.0	0.08561660561660488	0.46608073875999995	1
471	Iter0472	23	4	6	1	18	1	0.9583333333333334	1.0	0.40820480029999995	1
472	Iter0473	29	2	5	1	26	2	2.9	0.4214929214929294	0.547759351352	1
473	Iter0474	23	3	6	2	18	3	2.5555555555555562	0.5701799781496234	0.49152947960759996	1
474	Iter0475	23	2	9	2	14	3	2.555555555555556	0.5704948646125054	0.24701353260000003	1
475	Iter0476	24	1	0	1	18	0	25.0	0.07692307692307697	0.3722544366	1
476	Iter0477	18	0	8	4	14	1	10.555555555555557	0.018062397372742237	0.269858316804	1
477	Iter0478	33	2	3	1	27	0	5.5	0.2838384943648071	0.6185709461999999	1
478	Iter0479	29	2	5	3	24	2	8.7	0.049093628040997005	0.6057881491296999	1
479	Iter0480	25	2	5	0	22	2	1.4444444444444444	1.0	0.5573326855769001	1
480	Iter0481	23	3	6	0	21	1	0.8571428571428571	1.0	0.458592293	1
481	Iter0482	25	3	7	0	23	0	0.8125	1.0	0.48043125810000004	1
482	Iter0483	17	0	6	4	12	1	12.857142857142858	0.011965811965812102	0.25688898399999993	1
483	Iter0484	25	1	4	0	22	1	2.6	1.0	0.45974900029677285	1
484	Iter0485	26	4	4	3	21	0	4.875	0.10787470453030357	0.43602334564999995	1
485	Iter0486	35	3	3	1	27	0	3.888888888888889	0.3405253283302164	0.5177272948930977	1
486	Iter0487	24	1	6	2	20	2	8.0	0.1385630498533703	0.49535234699999997	1
487	Iter0488	18	5	3	2	16	0	2.4	0.5737179487179458	0.437580948058	1
488	Iter0489	22	2	7	2	21	4	3.1428571428571432	0.29516129032257377	0.42378046999999996	1
489	Iter0490	25	2	7	2	25	0	3.571428571428572	0.2551566080977827	0.58500429	1
490	Iter0491	22	6	5	0	20	0	0.5476190476190476	0.5563252098290999	0.562897959992835	1
491	Iter0492	26	3	4	1	21	0	2.1666666666666665	0.4878601000517533	0.5103673883676	1
492	Iter0493	16	3	10	5	13	6	2.6666666666666665	0.4171975595779884	0.2304860199970224	1
493	Iter0494	15	3	4	1	14	0	1.25	1.0	0.276757472	1
494	Iter0495	25	6	5	1	20	2	0.8333333333333334	1.0	0.5357897773570001	1
495	Iter0496	18	4	5	1	15	1	0.9	1.0	0.357479368917	1
496	Iter0497	23	1	9	2	15	2	5.111111111111111	0.2268907563025221	0.27575160630539997	1
497	Iter0498	25	4	3	0	21	1	1.3	1.0	0.38998627069720004	1
498	Iter0499	29	1	3	2	27	1	19.33333333333333	0.047364400305577335	0.751586295704	1
499	Iter0500	22	5	13	4	18	4	1.353846153846154	0.7160697730897956	0.3651836409337899	1
500	Iter0501	29	3	9	2	25	1	2.148148148148148	0.5890704115321208	0.5991885032964599	1
501	Iter0502	21	3	11	5	16	4	3.1818181818181817	0.2290056190984996	0.32778267732000005	1
502	Iter0503	20	2	4	1	15	1	2.5	0.4735042735042784	0.28431523620000004	1
503	Iter0504	30	4	3	0	26	0	1.55	1.0	0.50411070436356	1
504	Iter0505	29	7	5	1	23	2	0.8285714285714286	1.0	0.5271453577	1
505	Iter0506	25	3	5	4	22	0	6.666666666666668	0.04495102312939255	0.39082424384	1
506	Iter0507	25	0	5	2	22	0	13.0	0.04233870967741981	0.46514558089381	1
507	Iter0508	22	3	6	2	18	2	2.4444444444444438	0.5736002966258794	0.48303137182238504	1
508	Iter0509	24	0	7	2	22	3	9.375	0.06818181818181715	0.443245187	1
509	Iter0510	27	4	3	1	23	0	2.25	0.4766042780748739	0.57064987783	1
510	Iter0511	31	1	9	2	25	0	6.888888888888888	0.1559841179807121	0.5773526510267999	1
511	Iter0512	34	5	2	3	25	1	10.2	0.03485793843139325	0.5762744166131	1
512	Iter0513	23	3	6	3	20	2	3.8333333333333335	0.16185095739175615	0.3473985242	1
513	Iter0514	26	1	3	1	25	0	8.666666666666666	0.2451612903225791	0.642661308	1
514	Iter0515	33	2	5	1	28	2	3.3	0.3860225140712876	0.735635230454	1
515	Iter0516	27	4	9	1	24	4	0.75	1.0	0.57888149804657	1
516	Iter0517	25	0	4	4	21	1	26.0	0.0017106549364613568	0.5236929244059101	1
517	Iter0518	37	5	6	1	30	3	1.2333333333333334	1.0	0.7702695795977	1
518	Iter0519	25	4	4	3	20	0	4.6875	0.11594898223218755	0.49925642613	1
519	Iter0520	20	4	4	2	15	0	2.5	0.5705039787798427	0.4325282563100001	1
520	Iter0521	20	6	5	4	16	0	2.666666666666667	0.3926491620007321	0.3376632607292	1
521	Iter0522	23	1	4	3	19	0	17.25	0.02780867630700778	0.5389085259999999	1
522	Iter0523	30	4	11	1	24	4	0.6818181818181818	1.0	0.5312619806911456	1
523	Iter0524	23	2	4	3	18	0	8.625	0.05659065628476074	0.40319373516293	1
524	Iter0525	28	2	3	4	24	0	18.666666666666668	0.0068229994700583965	0.4698715206628601	1
525	Iter0526	18	5	7	3	16	1	1.5428571428571427	0.6728202276033086	0.46440590497	1
526	Iter0527	30	3	3	3	22	0	10.0	0.035933970918493034	0.507936056884106	1
527	Iter0528	27	3	5	2	25	0	3.6	0.2329816447463577	0.532852363922627	1
528	Iter0529	24	8	4	4	19	2	3.0	0.21077734080830016	0.39457970572	1
529	Iter0530	16	3	6	3	16	2	2.6666666666666665	0.3518394648829415	0.35526824	1
530	Iter0531	21	4	5	2	19	2	2.1	0.5895902855024155	0.44736402999999997	1
531	Iter0532	24	4	2	3	18	1	9.0	0.05185054100515694	0.4602360751997795	1
532	Iter0533	23	4	6	1	20	1	0.9583333333333334	1.0	0.4804627090576	1
533	Iter0534	25	4	5	3	19	2	3.75	0.15632037074162602	0.45725728209264005	1
534	Iter0535	26	3	8	4	22	0	4.333333333333333	0.1654060992956991	0.4816530191709999	1
535	Iter0536	12	4	4	3	10	0	2.25	0.6258397679854166	0.1880720348	1
536	Iter0537	22	7	4	1	18	0	0.7857142857142857	1.0	0.29602551639999997	1
537	Iter0538	26	3	5	1	22	2	1.7333333333333332	0.5463903743315546	0.41700352024533005	1
538	Iter0539	24	7	7	1	19	0	0.4897959183673469	1.0	0.45343208000000007	1
539	Iter0540	32	2	4	2	26	1	8.0	0.09968267863004723	0.5922580806	1
540	Iter0541	24	5	6	0	22	4	0.5952380952380952	0.5610229429015021	0.6030322119999999	1
541	Iter0542	28	1	8	3	24	4	10.5	0.05596892438997645	0.556537699013	1
542	Iter0543	14	3	3	3	12	1	4.666666666666667	0.27855211150405657	0.191974914	1
543	Iter0544	14	5	9	4	11	2	1.2444444444444445	1.0	0.24730187780000001	1
544	Iter0545	27	3	5	1	20	0	1.8	0.5347593582887668	0.45194820124602103	1
545	Iter0546	17	1	6	0	17	1	1.2857142857142858	1.0	0.37829877000000006	1
546	Iter0547	25	3	5	1	22	0	1.6666666666666667	0.5585000862515209	0.4756319333999999	1
547	Iter0548	25	3	5	1	19	3	1.6666666666666667	0.5585000862515209	0.35576147613000003	1
548	Iter0549	29	4	2	0	23	0	2.0	1.0	0.5796007521203	1
549	Iter0550	24	1	3	1	20	1	8.0	0.26108374384236405	0.544443874777	1
550	Iter0551	22	1	2	3	20	1	33.0	0.011477411477411423	0.3429783245184	1
551	Iter0552	32	1	1	2	28	0	64.0	0.014005602240896791	0.6085187730000001	1
552	Iter0553	24	7	6	4	20	0	2.2857142857142856	0.413238584994419	0.5540380297294598	1
553	Iter0554	35	2	13	1	29	4	1.3461538461538465	1.0	0.6203116562999998	1
554	Iter0555	17	2	7	0	14	2	0.75	1.0	0.24738107780000002	1
555	Iter0556	25	4	4	2	21	0	3.125	0.2683715715025005	0.365874644549	1
556	Iter0557	15	6	2	4	14	1	5.0	0.15347454477889416	0.26218401482	1
557	Iter0558	21	3	5	1	17	1	1.4	1.0	0.47187791147353536	1
558	Iter0559	28	7	6	4	25	1	2.6666666666666665	0.22788493114192615	0.63218569594484	1
559	Iter0560	26	1	4	2	20	1	13.0	0.07789589442815054	0.44378201691187	1
560	Iter0561	33	3	5	0	26	1	1.4166666666666667	1.0	0.5538042422421499	1
561	Iter0562	24	4	7	3	18	0	2.5714285714285707	0.35104327519188394	0.4487028145	1
562	Iter0563	25	2	6	4	23	1	8.333333333333334	0.034723225899697424	0.47749125591583996	1
563	Iter0564	25	0	10	3	22	5	9.454545454545457	0.03390232337600732	0.4769333687684	1
564	Iter0565	29	4	7	2	26	1	2.071428571428572	0.5928114490374017	0.6173861585127614	1
565	Iter0566	30	3	5	1	27	1	2.0	0.5024984498668811	0.7085306597721999	1
566	Iter0567	23	2	9	1	20	4	1.2777777777777777	1.0	0.4869424446180701	1
567	Iter0568	31	1	6	3	27	0	15.5	0.027787103781968383	0.5006857926870001	1
568	Iter0569	30	3	1	1	27	1	10.0	0.21848739495799066	0.523138104	1
569	Iter0570	32	11	4	3	25	1	2.1818181818181817	0.3835337650323857	0.477337271484	1
570	Iter0571	31	5	7	1	24	4	0.8857142857142858	1.0	0.5988515268000001	1
571	Iter0572	26	4	3	2	23	0	4.333333333333333	0.19520872865275293	0.5346212848599999	1
572	Iter0573	21	2	6	2	18	3	3.5	0.2682981090100113	0.33784716200000003	1
573	Iter0574	25	2	4	2	20	1	6.25	0.1422287390029282	0.4774893580000001	1
574	Iter0575	25	8	3	3	22	0	3.125	0.3234875742615769	0.505055843951	1
575	Iter0576	27	5	5	3	22	1	3.24	0.3199344877363425	0.47941639001189995	1
576	Iter0577	27	1	4	1	25	2	6.75	0.2840909090909093	0.48210708	1
577	Iter0578	22	3	4	2	19	2	3.6666666666666665	0.2406024330384743	0.4362036366117	1
578	Iter0579	29	2	5	0	25	2	1.6666666666666667	1.0	0.5435174599999999	1
579	Iter0580	26	3	0	3	24	0	27.0	0.004032258064516153	0.5632408085739202	1
580	Iter0581	23	2	3	0	21	0	2.0	1.0	0.35152949939	1
581	Iter0582	20	5	6	0	16	0	0.5	0.5532955488461622	0.3888857043999999	1
582	Iter0583	31	0	6	4	28	0	22.857142857142854	0.0020736644613409353	0.7008602872309997	1
583	Iter0584	20	5	7	0	16	2	0.4375	0.5602753058954413	0.3263474356698652	1
584	Iter0585	30	5	6	0	26	0	0.7380952380952381	1.0	0.5755686023500001	1
585	Iter0586	23	4	5	1	21	1	1.15	1.0	0.5483090662000001	1
586	Iter0587	26	4	5	4	18	2	5.2	0.06505161226523548	0.34725524258	1
587	Iter0588	21	1	5	1	20	2	4.2	0.38888888888888856	0.6023176488220501	1
588	Iter0589	24	0	5	1	20	1	8.333333333333334	0.19999999999999946	0.4088617707604999	1
589	Iter0590	23	1	1	3	21	0	69.0	0.004737484737484692	0.515864082305	1
590	Iter0591	26	3	6	5	22	0	7.222222222222222	0.024516776838758227	0.337074678115809	1
591	Iter0592	28	2	10	4	22	0	5.6	0.07061826432217802	0.4188717618384	1
592	Iter0593	18	1	15	5	15	5	6.0	0.18176418176418635	0.28173211070000004	1
593	Iter0594	20	2	1	3	12	0	30.0	0.014381270903010097	0.29252593358213	1
594	Iter0595	25	2	3	2	21	0	8.333333333333334	0.10525583982202526	0.529709417793851	1
595	Iter0596	27	3	6	4	22	0	6.0	0.051955742358219884	0.4929954271268127	1
596	Iter0597	22	2	5	0	18	0	1.2777777777777781	1.0	0.3843470125999666	1
597	Iter0598	22	2	6	1	20	3	1.8333333333333333	0.5497219132369291	0.40229885	1
598	Iter0599	27	2	8	1	23	5	1.6875	1.0	0.5285832667000001	1
599	Iter0600	30	4	1	2	22	0	15.0	0.06241956241956361	0.49178295511190806	1
600	Iter0601	22	3	8	0	16	5	0.6388888888888888	0.5601173020527707	0.31372169218985996	1
601	Iter0602	23	2	9	2	19	1	2.555555555555556	0.5704948646125054	0.3608545024	1
602	Iter0603	21	1	4	1	18	1	5.25	0.3418803418803442	0.3896937312599	1
603	Iter0604	31	6	8	1	25	0	0.6458333333333334	1.0	0.6238774621851002	1
604	Iter0605	30	2	5	4	26	1	12.0	0.014814557818408972	0.5590750529999999	1
605	Iter0606	22	2	4	4	21	0	11.0	0.022834013100976568	0.31642672000000005	1
606	Iter0607	24	6	12	0	21	5	0.27472527472527475	0.1589435787125145	0.4214778675555	1
607	Iter0608	29	3	6	3	21	1	4.833333333333333	0.10747560041526663	0.47974205583	1
608	Iter0609	27	2	3	1	25	1	4.5	0.3302785923753601	0.5919795597457954	1
609	Iter0610	21	4	8	2	17	2	1.3125	1.0	0.240237092391	1
610	Iter0611	19	3	2	3	18	0	9.5	0.05600148643626943	0.34823582996736874	1
611	Iter0612	21	3	8	2	17	3	1.75	0.6181214421252428	0.38469749122322	1
612	Iter0613	27	1	6	1	25	2	4.5	0.36470588235295415	0.6188147159999999	1
613	Iter0614	14	1	6	1	12	2	2.333333333333333	1.0	0.43165984699999993	1
614	Iter0615	21	3	9	1	19	0	0.7777777777777778	1.0	0.42750775	1
615	Iter0616	22	2	2	2	19	0	11.0	0.08561660561660488	0.42554101130000005	1
616	Iter0617	28	3	5	1	26	1	1.8666666666666667	0.5235824059353668	0.48649845010000015	1
617	Iter0618	20	5	3	3	19	1	4.0	0.16053925063936147	0.5441036248900001	1
618	Iter0619	23	2	13	1	21	5	0.8846153846153846	1.0	0.5171496799999998	1
619	Iter0620	27	1	4	5	22	0	33.75	0.0015536927301633933	0.46509712103199996	1
620	Iter0621	26	5	3	1	22	0	1.7333333333333334	0.5463903743315546	0.46343984200000005	1
621	Iter0622	28	2	7	4	25	1	8.0	0.03511084897477668	0.64866374321	1
622	Iter0623	14	2	4	2	11	1	3.5	0.2918660287081352	0.27291539263	1
623	Iter0624	25	5	13	1	22	4	0.38461538461538464	0.6467153096478175	0.35745003727120545	1
624	Iter0625	23	4	5	5	20	0	5.75	0.040836392059974684	0.5046998382000001	1
625	Iter0626	23	1	4	4	19	0	23.0	0.008620689655172495	0.41078519553500004	1
626	Iter0627	29	6	8	1	21	5	0.6041666666666666	1.0	0.42589742823000004	1
627	Iter0628	32	1	3	1	27	0	10.666666666666666	0.20720720720721533	0.6167830783005187	1
628	Iter0629	26	5	7	1	24	2	0.7428571428571429	1.0	0.66386638932	1
629	Iter0630	24	5	7	4	23	1	2.7428571428571433	0.226756652162996	0.46270748999999994	1
630	Iter0631	26	1	6	2	23	3	8.666666666666666	0.12406417112299427	0.4967127745010001	1
631	Iter0632	29	0	9	6	26	1	21.0	0.0007090187180941668	0.536485944	1
632	Iter0633	24	2	6	2	24	2	4.0	0.2291271347248592	0.5300352900000002	1
633	Iter0634	17	2	7	3	14	2	3.6428571428571432	0.3064292029809288	0.30360520749010006	1
634	Iter0635	26	3	5	1	21	0	1.7333333333333332	0.5463903743315546	0.4303933469	1
635	Iter0636	28	0	7	0	22	1	3.625	1.0	0.4602160368	1
636	Iter0637	29	3	9	1	26	0	1.074074074074074	1.0	0.5148773148	1
637	Iter0638	25	5	5	1	22	2	1.0	1.0	0.46135406985999994	1
638	Iter0639	23	3	4	4	20	2	7.666666666666668	0.0373513648557813	0.4018045804	1
639	Iter0640	17	5	5	1	15	1	0.6799999999999999	1.0	0.32032570038999997	1
640	Iter0641	22	2	6	1	21	0	1.8333333333333333	0.5497219132369291	0.557327058	1
641	Iter0642	28	3	5	3	22	2	5.6000000000000005	0.08766995144704336	0.62368960779	1
642	Iter0643	27	5	6	1	21	1	0.9	1.0	0.32948336115400007	1
643	Iter0644	30	3	5	1	25	2	2.0	0.5024984498668811	0.5693789989393956	1
644	Iter0645	22	2	2	1	20	0	5.5	0.30803418803418764	0.3960002983	1
645	Iter0646	24	2	3	2	21	0	8.0	0.11171142539329433	0.5163281886	1
646	Iter0647	30	3	7	3	27	0	4.285714285714286	0.12697971640563466	0.6062104204631001	1
647	Iter0648	22	1	5	1	18	2	4.4	0.3768472906403974	0.34259241051945205	1
648	Iter0649	17	2	6	3	15	2	4.25	0.2901098901098889	0.27475267999999997	1
649	Iter0650	23	2	4	2	20	1	5.75	0.15938344191959206	0.35878869680000003	1
650	Iter0651	36	5	3	1	31	0	2.4	0.44796134098457663	0.5647909618539002	1
651	Iter0652	25	0	1	2	20	1	39.0	0.007936507936507887	0.44580378878730004	1
652	Iter0653	29	5	3	1	26	0	1.9333333333333331	0.5128361444150888	0.7410995179999998	1
653	Iter0654	35	4	8	1	28	0	1.09375	1.0	0.5938615315099999	1
654	Iter0655	14	7	7	4	13	3	1.1428571428571428	1.0	0.22708874	1
655	Iter0656	28	3	8	3	26	5	3.5000000000000004	0.3138118863407724	0.5975547290930001	1
656	Iter0657	22	2	2	4	18	0	22.0	0.007216538251021003	0.46180026018	1
657	Iter0658	32	4	8	0	29	2	0.7333333333333333	1.0	0.48561632289999995	1
658	Iter0659	24	3	7	0	20	2	0.78125	1.0	0.3026510021815	1
659	Iter0660	25	2	5	2	22	0	5.0	0.18007158875280324	0.5467654013597999	1
660	Iter0661	19	2	4	2	16	1	4.75	0.20427350427350674	0.29448089951999995	1
661	Iter0662	21	1	8	4	15	0	10.5	0.04198292220113903	0.27516278664550003	1
662	Iter0663	18	1	9	1	16	1	2.0	1.0	0.32454694303444	1
663	Iter0664	27	5	2	1	25	0	2.7	0.4417112299465242	0.44767648699999996	1
664	Iter0665	31	3	5	1	29	1	2.066666666666667	0.4925484188642082	0.6880603989999999	1
665	Iter0666	29	9	9	7	24	3	2.5061728395061733	0.19403640033500108	0.5449666874899999	1
666	Iter0667	27	1	9	1	22	3	3.0	0.4623044096728395	0.4637019889	1
667	Iter0668	18	11	3	0	18	0	0.3958333333333333	0.5342741935483866	0.43209204	1
668	Iter0669	29	3	4	0	23	0	1.5	1.0	0.40537010289000003	1
669	Iter0670	17	1	7	3	15	6	7.2857142857142865	0.11575091575091505	0.29244700250000005	1
670	Iter0671	35	2	6	1	32	0	2.9166666666666665	0.4133192389006256	0.7704719513	1
671	Iter0672	24	5	4	3	20	1	3.6	0.16745730550284585	0.48178516627820006	1
672	Iter0673	22	6	4	2	20	3	1.8333333333333333	0.6087155663155184	0.38744644148	1
673	Iter0674	24	3	5	3	18	5	4.8	0.1170001725030194	0.353719271658	1
674	Iter0675	24	4	5	2	20	1	2.4	0.5761600828014609	0.37390311556000005	1
675	Iter0676	31	4	7	2	27	0	2.2142857142857144	0.5861075963174667	0.5925275741169999	1
676	Iter0677	23	2	7	5	21	1	8.214285714285715	0.025398738396841144	0.44487547966469104	1
677	Iter0678	27	5	1	0	20	1	2.333333333333333	1.0	0.5020637233999999	1
678	Iter0679	26	2	4	2	24	2	6.5	0.13466016905296033	0.4994366340938001	1
679	Iter0680	33	5	6	0	31	0	0.8095238095238095	1.0	0.748640867938	1
680	Iter0681	28	5	2	0	24	1	1.6111111111111107	1.0	0.4867020760100001	1
681	Iter0682	19	5	3	2	16	2	2.533333333333333	0.5688181550250568	0.3657220948599999	1
682	Iter0683	23	1	6	2	19	1	7.666666666666668	0.14677419354838725	0.39151001853	1
683	Iter0684	17	1	13	2	13	1	2.6153846153846154	0.5793621700879671	0.20149177407000002	1
684	Iter0685	20	3	11	0	19	6	0.4375	0.5349264705882392	0.3362658513	1
685	Iter0686	23	4	8	2	22	3	1.4375	0.6527419321537101	0.41874490899999994	1
686	Iter0687	31	3	5	1	28	0	2.066666666666667	0.4925484188642082	0.53972130491	1
687	Iter0688	21	4	3	5	19	0	8.75	0.020100681669090674	0.507503862	1
688	Iter0689	21	2	12	2	16	4	1.75	0.6245892951775583	0.40874538789708764	1
689	Iter0690	22	4	5	1	19	0	1.1	1.0	0.3964684189999999	1
690	Iter0691	30	1	7	1	26	2	4.285714285714286	0.3724696356275283	0.5776821704599999	1
691	Iter0692	17	5	1	0	15	0	1.5	1.0	0.29451548150000006	1
692	Iter0693	31	5	4	1	26	1	1.55	0.5668096258596924	0.5361605656520301	1
693	Iter0694	23	3	10	1	21	5	0.7666666666666667	1.0	0.47025117600000016	1
694	Iter0695	31	2	5	5	29	0	15.5	0.004347861976903458	0.6219483047700001	1
695	Iter0696	37	5	4	2	27	1	3.7	0.20611461733484845	0.6283386102379998	1
696	Iter0697	30	1	2	2	28	0	30.0	0.029029793735676292	0.7022810619800001	1
697	Iter0698	23	2	7	1	22	1	1.6428571428571428	1.0	0.52705901	1
698	Iter0699	27	1	10	2	20	0	5.4	0.20931174089068466	0.507244362452222	1
699	Iter0700	33	4	3	2	26	0	5.5	0.14135479411474072	0.52375337198	1
700	Iter0701	24	4	7	3	23	1	2.5714285714285707	0.35104327519188394	0.46986092470000007	1
701	Iter0702	23	1	7	1	21	1	3.2857142857142856	0.4435483870967738	0.42166145899999996	1
702	Iter0703	34	3	5	1	26	1	2.2666666666666666	0.4648326715825156	0.5769090743990001	1
703	Iter0704	21	2	6	2	18	2	3.5	0.2682981090100113	0.37007103178	1
704	Iter0705	34	4	10	4	29	4	3.4	0.18859602931758013	0.6394842501014001	1
705	Iter0706	18	3	10	3	13	0	1.7999999999999998	0.6528897229839578	0.3419634748050831	1
706	Iter0707	19	2	6	2	17	0	3.1666666666666665	0.3000294724432677	0.39523321199999994	1
707	Iter0708	28	2	4	3	26	0	10.5	0.03738497856144955	0.5465093539783719	1
708	Iter0709	22	5	1	5	20	0	22.0	0.0054226918798664404	0.41041429199999996	1
709	Iter0710	26	5	6	1	24	2	0.8666666666666667	1.0	0.6350878239999999	1
710	Iter0711	27	2	6	4	23	0	9.0	0.028436629055824787	0.45576194039999995	1
711	Iter0712	31	2	6	3	26	2	7.75	0.057173891576972814	0.5338105038200001	1
712	Iter0713	26	4	3	1	22	1	2.1666666666666665	0.4878601000517533	0.41865860140699995	1
713	Iter0714	18	2	6	1	16	2	1.5	1.0	0.44974872399999993	1
714	Iter0715	29	5	5	2	26	1	2.32	0.5812493049976977	0.567614605897202	1
715	Iter0716	28	1	6	1	22	1	4.666666666666667	0.3555555555555465	0.4863522724926539	1
716	Iter0717	23	5	5	2	19	1	1.84	0.6078262835117001	0.4071971555199999	1
717	Iter0718	21	3	4	1	16	2	1.75	0.5526083112290037	0.4659512651999999	1
718	Iter0719	33	5	2	2	28	1	6.6	0.12288930581613307	0.75183831378063	1
719	Iter0720	22	2	2	1	20	0	5.5	0.30803418803418764	0.38694275528000005	1
720	Iter0721	29	0	3	0	27	0	7.5	1.0	0.6019597047999999	1
721	Iter0722	25	4	1	1	22	0	6.25	0.30107526881720065	0.47036214590259995	1
722	Iter0723	24	6	4	1	20	1	1.0	1.0	0.4445056561	1
723	Iter0724	26	5	1	1	23	0	5.2	0.3352272727272657	0.50179505266	1
724	Iter0725	19	1	2	1	16	0	9.5	0.2490118577075087	0.33585217479999996	1
725	Iter0726	25	1	7	0	23	2	1.625	1.0	0.49262283499446247	1
726	Iter0727	26	1	4	1	25	0	6.5	0.2923387096774195	0.5501181900000001	1
727	Iter0728	28	6	7	2	24	2	1.3333333333333337	1.0	0.5414883462817	1
728	Iter0729	27	7	3	2	20	0	2.571428571428572	0.5716161505635181	0.35700992940000004	1
729	Iter0730	24	2	4	3	19	1	9.0	0.051850541005156986	0.43019594135230405	1
730	Iter0731	23	8	3	2	19	1	1.9166666666666667	0.6034398607927962	0.36225548172800004	1
731	Iter0732	21	0	5	2	21	1	11.0	0.05555555555555571	0.38365760000000004	1
732	Iter0733	33	0	1	1	27	0	34.0	0.05714285714285738	0.6630786844248	1
733	Iter0734	33	3	3	5	29	1	18.333333333333336	0.002357178850596184	0.6915035750999999	1
734	Iter0735	23	1	5	3	18	0	13.8	0.039321468298109806	0.46199536202459995	1
735	Iter0736	21	2	5	2	20	0	4.2	0.22452107279693592	0.584620984	1
736	Iter0737	20	1	3	5	17	1	33.333333333333336	0.0025346301208370252	0.49487730489	1
737	Iter0738	26	3	3	1	24	1	2.888888888888889	0.419574780058642	0.6197974169999998	1
738	Iter0739	20	5	2	2	17	0	4.0	0.23813734158562	0.3689549819146001	1
739	Iter0740	23	1	2	5	19	2	57.5	0.0006940285027048118	0.42884364177	1
740	Iter0741	25	1	6	0	18	1	1.8571428571428568	1.0	0.39001231825	1
741	Iter0742	28	3	5	0	24	1	1.2083333333333333	1.0	0.5113181706700001	1
742	Iter0743	23	2	5	0	18	0	1.3333333333333333	1.0	0.38580964619999997	1
743	Iter0744	26	0	5	2	22	2	13.5	0.039772727272726974	0.40560512914995994	1
744	Iter0745	31	3	9	2	28	1	2.2962962962962963	0.5824577514877919	0.75169261556	1
745	Iter0746	16	3	4	1	14	0	1.3333333333333333	1.0	0.31410637700000005	1
746	Iter0747	22	3	7	3	18	2	3.1428571428571423	0.3219707237733815	0.3754222104	1
747	Iter0748	23	2	10	1	20	3	1.15	1.0	0.4431357514209999	1
748	Iter0749	21	2	4	4	20	1	10.5	0.025840677676050347	0.4248683143	1
749	Iter0750	32	4	6	1	26	0	1.3333333333333333	1.0	0.68661963338485	1
750	Iter0751	26	3	8	3	23	4	3.25	0.319345661450919	0.4618691273	1
751	Iter0752	26	5	8	3	21	0	1.95	0.4118387597206626	0.47076394089992013	1
752	Iter0753	34	1	3	0	27	2	4.375	1.0	0.6008851330579998	1
753	Iter0754	26	3	8	1	24	1	1.0833333333333333	1.0	0.546520938	1
754	Iter0755	25	5	2	3	22	1	7.5	0.0665430395031913	0.55546798053	1
755	Iter0756	25	8	8	2	20	1	0.78125	1.0	0.3914339576550001	1
756	Iter0757	22	3	7	1	20	3	1.0476190476190477	1.0	0.409224451	1
757	Iter0758	29	4	6	2	22	0	2.4166666666666665	0.5777303915943303	0.5709876235498399	1
758	Iter0759	27	3	4	1	19	1	2.25	0.4766042780748739	0.35432619686899997	1
759	Iter0760	33	3	6	0	28	2	1.2142857142857142	1.0	0.5841530357000001	1
760	Iter0761	30	5	5	1	19	0	1.2	1.0	0.42226659938567307	1
761	Iter0762	20	2	2	1	16	2	5.0	0.3304347826086971	0.36570362984849997	1
762	Iter0763	22	5	6	1	16	2	0.7333333333333334	1.0	0.32118244083439995	1
763	Iter0764	30	3	3	1	25	0	3.333333333333333	0.3804224392459934	0.5574155994399999	1
764	Iter0765	33	4	3	2	28	0	5.5	0.14135479411474072	0.5528760688456863	1
765	Iter0766	25	2	4	1	18	1	3.125	0.4102822580645116	0.42541248530052	1
766	Iter0767	22	2	2	4	19	1	22.0	0.007216538251021003	0.41735549288	1
767	Iter0768	32	0	1	3	27	0	66.0	0.0005602240896358634	0.6179257530039889	1
768	Iter0769	27	2	10	0	22	2	0.8484848484848485	1.0	0.4663347717599999	1
769	Iter0770	26	2	4	2	21	0	6.5	0.13466016905296033	0.4699254151479999	1
770	Iter0771	32	8	7	3	28	4	1.7142857142857142	0.6705885409253826	0.5921275499900001	1
771	Iter0772	25	7	5	4	23	3	2.8571428571428568	0.21698561810318945	0.5806103735000001	1
772	Iter0773	24	1	5	0	19	0	2.083333333333333	1.0	0.50607144273	1
773	Iter0774	24	2	5	0	20	1	1.3888888888888893	1.0	0.485778526	1
774	Iter0775	25	2	2	3	23	0	18.75	0.018105434609883942	0.61449143	1
775	Iter0776	26	3	1	1	23	0	8.666666666666666	0.2451612903225791	0.5753149075999999	1
776	Iter0777	22	1	1	4	19	0	88.0	0.0011803011803011721	0.33875438783913003	1
777	Iter0778	25	3	6	2	20	0	2.7777777777777786	0.30481283422460337	0.4325416059985919	1
778	Iter0779	23	6	3	2	21	2	2.5555555555555562	0.5701799781496155	0.39407045049999995	1
779	Iter0780	30	4	7	2	23	1	2.142857142857143	0.5892195692774609	0.5821055248370001	1
780	Iter0781	29	2	6	3	26	0	7.25	0.06548856548856527	0.637189575761015	1
781	Iter0782	28	1	2	1	24	1	14.0	0.18145161290322373	0.59731557	1
782	Iter0783	30	1	3	2	20	3	20.0	0.04481792717086923	0.4912056059752968	1
783	Iter0784	23	3	3	2	21	1	5.1111111111111125	0.17291994043940612	0.37275541981193605	1
784	Iter0785	25	3	3	4	18	0	11.111111111111114	0.01826078292577074	0.48334226878313996	1
785	Iter0786	26	0	1	1	23	0	27.0	0.07142857142857065	0.46632638114375	1
786	Iter0787	30	1	3	1	23	1	10.0	0.21848739495799066	0.608549531606	1
787	Iter0788	24	3	7	1	21	3	1.1428571428571428	1.0	0.4020790837000001	1
788	Iter0789	26	3	1	1	23	0	8.666666666666666	0.2451612903225791	0.4728073392	1
789	Iter0790	26	2	4	2	22	0	6.5	0.13466016905296033	0.4581504595	1
790	Iter0791	20	0	6	2	16	0	9.0	0.07407407407407368	0.3809948181988001	1
791	Iter0792	19	1	6	3	15	0	9.5	0.07603890362511148	0.38467251160899996	1
792	Iter0793	27	2	2	1	22	0	6.75	0.2633064516129015	0.53579629306	1
793	Iter0794	27	4	2	3	22	0	10.125	0.04044117647058811	0.3964170655900001	1
794	Iter0795	24	0	2	1	19	0	16.666666666666668	0.11111111111111163	0.39108569931	1
795	Iter0796	28	4	7	1	25	1	1.0	1.0	0.6818945921	1
796	Iter0797	27	7	4	1	25	1	0.9642857142857144	1.0	0.4886623495000001	1
797	Iter0798	18	6	3	1	16	1	1.0	1.0	0.398496917	1
798	Iter0799	24	1	4	2	20	0	12.0	0.08787541713014467	0.42447010970000004	1
799	Iter0800	32	1	3	3	24	0	32.0	0.008206587153955813	0.5235118229267661	1
800	Iter0801	19	3	3	1	16	0	2.1111111111111107	0.5107023411371274	0.4010690526400001	1
801	Iter0802	27	1	5	0	24	0	2.333333333333333	1.0	0.682326314028	1
802	Iter0803	27	3	7	3	21	3	3.8571428571428568	0.15275194222562685	0.5064119928695997	1
803	Iter0804	27	1	4	0	23	0	2.8	1.0	0.45900348678253	1
804	Iter0805	28	5	2	2	23	0	5.6	0.1547429782723939	0.51266268213427	1
805	Iter0806	20	1	5	4	17	2	16.0	0.019451812555260867	0.36037626747000007	1
806	Iter0807	27	3	10	5	25	0	4.5	0.0947411844208525	0.6577938897738339	1
807	Iter0808	27	2	2	1	23	0	6.75	0.2633064516129015	0.5689564736	1
808	Iter0809	22	1	5	5	20	0	22.0	0.005422691879866444	0.42493219070000005	1
809	Iter0810	31	2	10	0	29	0	0.9696969696969696	1.0	0.6634791400000001	1
810	Iter0811	28	0	7	1	24	4	7.25	0.22222222222222046	0.736603562388	1
811	Iter0812	17	4	3	1	15	0	1.4166666666666667	1.0	0.292612182	1
812	Iter0813	25	7	5	2	22	1	1.4285714285714286	0.6525585534873453	0.556281367299938	1
813	Iter0814	25	1	9	2	18	3	5.5555555555555545	0.20527670527670955	0.406724802037	1
814	Iter0815	22	5	3	0	17	0	0.9583333333333334	1.0	0.34723871841803894	1
815	Iter0816	20	5	8	2	18	3	1.0	1.0	0.36077011943000004	1
816	Iter0817	27	8	7	1	19	1	0.4821428571428572	1.0	0.400640183305	1
817	Iter0818	20	2	5	3	17	2	6.0	0.10197465369879223	0.3865383129019473	1
818	Iter0819	25	1	5	2	23	0	10.0	0.10648826979471944	0.44350040374999994	1
819	Iter0820	27	1	3	2	26	1	18.0	0.053152492668621584	0.6106303900000001	1
820	Iter0821	25	4	3	4	20	2	8.333333333333334	0.03010177678109388	0.32713275936470004	1
821	Iter0822	28	2	6	2	25	1	4.666666666666667	0.18871503082029065	0.5600579106999999	1
822	Iter0823	25	2	4	3	23	1	9.375	0.04762161462825626	0.40420988362999993	1
823	Iter0824	29	4	3	1	24	0	2.4166666666666665	0.4555227496404178	0.6705705875499999	1
824	Iter0825	25	2	6	2	19	2	4.166666666666667	0.2179144385026735	0.33809583899742535	1
825	Iter0826	22	6	3	2	20	1	2.4444444444444438	0.5736002966258722	0.5263252872674999	1
826	Iter0827	25	2	2	3	19	1	18.75	0.018105434609883942	0.50255626537668	1
827	Iter0828	30	2	2	1	22	1	7.5	0.2421695951107712	0.47261771935958513	1
828	Iter0829	26	6	6	0	18	0	0.5510204081632654	0.5623340762659575	0.305715304	1
829	Iter0830	30	2	5	4	24	2	12.0	0.014814557818408972	0.46786366578700006	1
830	Iter0831	25	3	6	4	21	0	5.555555555555557	0.06253565696290216	0.3891030071	1
831	Iter0832	23	3	4	3	19	0	5.750000000000001	0.09293154009505382	0.600059069083	1
832	Iter0833	34	5	2	1	28	1	3.4	0.37804878048780943	0.6662565194150001	1
833	Iter0834	29	5	6	3	24	3	2.9	0.3322248053119391	0.49435075644872	1
834	Iter0835	30	2	6	1	24	0	2.5	0.4572710362184067	0.5160244136700001	1
835	Iter0836	19	2	5	2	17	0	3.8	0.2529914529914519	0.41301723970000004	1
836	Iter0837	31	0	6	0	28	5	4.571428571428571	1.0	0.7103489099999999	1
837	Iter0838	32	1	6	2	29	2	10.666666666666666	0.09193245778611868	0.7082769920000002	1
838	Iter0839	25	3	2	2	19	0	8.333333333333334	0.10525583982202663	0.3770797714076401	1
839	Iter0840	26	4	6	2	23	1	2.1666666666666665	0.5870410235735259	0.4438960881000001	1
840	Iter0841	25	7	4	0	19	2	0.65	0.5657754010695133	0.5886234841399997	1
841	Iter0842	33	2	4	2	27	0	8.25	0.09519107336821983	0.60810445666	1
842	Iter0843	19	4	2	2	15	0	4.75	0.20427350427350524	0.37640450987609997	1
843	Iter0844	14	7	4	4	11	1	2.0	0.4327451658786029	0.28910287234512	1
844	Iter0845	22	4	7	1	20	1	0.7857142857142857	1.0	0.43069874630000005	1
845	Iter0846	31	0	5	2	26	1	16.0	0.029871977240398626	0.6205836376278999	1
846	Iter0847	29	3	6	1	25	0	1.6111111111111107	0.5628016680648238	0.5248075573	1
847	Iter0848	25	2	7	0	22	2	1.0833333333333333	1.0	0.5735349660000001	1
848	Iter0849	24	2	6	7	16	1	14.0	0.0027929907336678764	0.43229278165299995	1
849	Iter0850	24	3	6	2	19	2	2.6666666666666665	0.5675102885729076	0.33357497835000005	1
850	Iter0851	21	4	7	3	15	1	2.25	0.3810933717202157	0.23483249951092997	1
851	Iter0852	27	2	4	2	22	0	6.75	0.12767379679144522	0.44542204727260004	1
852	Iter0853	20	5	7	4	19	4	2.2857142857142856	0.4087735205316805	0.3805888681	1
853	Iter0854	24	0	9	1	21	1	5.0	0.2941176470588319	0.46510734559999983	1
854	Iter0855	31	2	2	2	27	0	15.5	0.04998107351048815	0.7108772149648002	1
855	Iter0856	36	2	9	1	28	1	2.0	0.5122571692877184	0.6203206112735002	1
856	Iter0857	26	4	2	4	22	1	13.0	0.014404002070036281	0.6228663999819999	1
857	Iter0858	25	3	7	2	19	1	2.380952380952381	0.5772510478393023	0.4906611543813001	1
858	Iter0859	20	2	4	3	13	0	7.5	0.07474211612142698	0.22923233629999998	1
859	Iter0860	26	0	10	8	21	6	22.09090909090909	0.00024689584948713066	0.5302928516454001	1
860	Iter0861	28	4	4	4	26	1	7.0	0.0365270984466026	0.671878989999987	1
861	Iter0862	29	3	5	0	23	1	1.25	1.0	0.5839668301279001	1
862	Iter0863	25	4	10	2	22	5	1.25	1.0	0.49801043227899994	1
863	Iter0864	26	1	8	2	20	3	6.5	0.17181467181467322	0.5082797655996	1
864	Iter0865	17	2	5	4	13	1	6.8	0.06376811594202855	0.3117598893	1
865	Iter0866	25	5	5	0	21	2	0.7222222222222222	1.0	0.41478329729999996	1
866	Iter0867	36	1	3	4	32	0	48.0	0.001211777445469985	0.6337563987241999	1
867	Iter0868	26	3	6	1	22	1	1.4444444444444444	1.0	0.4500588833490069	1
868	Iter0869	26	4	5	2	22	0	2.6	0.3154989882931146	0.48968162932753995	1
869	Iter0870	26	2	3	3	23	0	13.0	0.028700189753321236	0.57684444368	1
870	Iter0871	30	1	3	1	27	0	10.0	0.21848739495799066	0.6439060373000002	1
871	Iter0872	27	2	7	3	23	3	5.7857142857142865	0.09563409563409644	0.534023763	1
872	Iter0873	26	5	5	2	19	3	2.08	0.5916115330782497	0.3319648501090693	1
873	Iter0874	30	2	9	1	25	5	1.6666666666666667	1.0	0.6448731257744501	1
874	Iter0875	28	7	4	2	23	3	2.0	0.5969244647036606	0.57122249241	1
875	Iter0876	28	3	2	2	21	1	9.333333333333334	0.08890374331550854	0.5996563625	1
876	Iter0877	24	5	3	2	20	0	3.2	0.2683715715024997	0.37904368971663804	1
877	Iter0878	23	6	3	2	22	1	2.5555555555555562	0.5701799781496155	0.478792	1
878	Iter0879	23	4	4	2	18	0	2.875	0.2954021784666853	0.3461106052000001	1
879	Iter0880	23	3	4	0	21	0	1.2	1.0	0.489151102	1
880	Iter0881	22	3	5	1	18	1	1.4666666666666666	1.0	0.424307923121	1
881	Iter0882	23	3	5	3	20	1	4.6	0.12627964523862242	0.5157085623659	1
882	Iter0883	29	2	3	1	27	1	4.833333333333333	0.3132161955691403	0.59109855	1
883	Iter0884	31	2	2	1	24	1	7.75	0.2358543417367005	0.49470831926876724	1
884	Iter0885	24	2	5	1	20	0	2.4	0.4758064516129016	0.5596249942071201	1
885	Iter0886	27	6	3	3	21	1	4.5	0.12251308226540747	0.361719553327401	1
886	Iter0887	38	2	6	1	33	1	3.1666666666666665	0.3906876349059383	0.6085491441825	1
887	Iter0888	28	2	1	1	20	0	14.0	0.18145161290322373	0.45535772272155417	1
888	Iter0889	18	0	7	0	15	2	2.375	1.0	0.2763250324290973	1
889	Iter0890	28	3	5	1	23	1	1.8666666666666667	0.5235824059353668	0.46551328699942907	1
890	Iter0891	27	6	5	3	20	3	2.7	0.34153038603692304	0.5739589522415769	1
891	Iter0892	27	4	5	1	22	0	1.35	1.0	0.5692108932834	1
892	Iter0893	28	5	6	2	27	2	1.8666666666666665	0.6058816988213693	0.520270634	1
893	Iter0894	28	2	2	1	26	0	7.0	0.2558651026392876	0.5836593914999999	1
894	Iter0895	29	2	6	2	23	2	4.833333333333333	0.18025312762154946	0.5378641047399999	1
895	Iter0896	19	1	3	1	14	0	6.333333333333332	0.3115942028985513	0.36679028924270524	1
896	Iter0897	28	4	4	1	22	0	1.75	0.5380193027251935	0.41196000666594695	1
897	Iter0898	18	2	8	4	15	5	4.5	0.1650577361089049	0.22551393449146004	1
898	Iter0899	28	2	5	1	23	1	2.8	0.4313725490196084	0.51038150686	1
899	Iter0900	24	4	7	0	21	1	0.625	0.5620320855615054	0.4498458167928301	1
900	Iter0901	25	6	3	2	25	0	2.7777777777777786	0.3048128342245999	0.5860436899999999	1
901	Iter0902	22	1	4	4	21	0	22.0	0.00980513327565623	0.596465254	1
902	Iter0903	29	5	3	2	19	0	3.8666666666666663	0.21304300251668684	0.44701676322974	1
903	Iter0904	22	2	4	2	16	2	5.5	0.1691297208538594	0.39118063881341997	1
904	Iter0905	35	4	1	1	27	0	8.75	0.23170731707317416	0.57539120675499	1
905	Iter0906	25	3	4	2	21	0	4.166666666666667	0.2053001552527192	0.45213553422532393	1
906	Iter0907	27	3	6	1	26	0	1.5	1.0	0.54714021	1
907	Iter0908	26	4	3	4	22	1	8.666666666666666	0.027131927511434572	0.4421725574165009	1
908	Iter0909	25	2	4	1	21	0	3.125	0.4102822580645116	0.38782635629139	1
909	Iter0910	14	2	1	1	13	0	7.0	0.31372549019607954	0.403879983	1
910	Iter0911	25	3	7	4	20	2	4.761904761904762	0.08250355618776804	0.422113564391	1
911	Iter0912	18	2	8	1	14	3	1.125	1.0	0.255943520471	1
912	Iter0913	21	2	6	3	15	2	5.25	0.12055061179087935	0.440680532499913	1
913	Iter0914	22	5	4	1	22	0	1.1	1.0	0.42567544999999996	1
914	Iter0915	27	3	7	0	18	2	0.875	1.0	0.3111261781882	1
915	Iter0916	24	7	3	3	18	2	3.4285714285714284	0.3130329527388408	0.37615163847300004	1
916	Iter0917	25	6	6	3	18	2	2.083333333333333	0.3941489776435589	0.37054965700199993	1
917	Iter0918	30	3	8	0	25	2	0.8611111111111112	1.0	0.4576757191400001	1
918	Iter0919	31	2	6	3	24	1	7.75	0.057173891576972814	0.5021116155472	1
919	Iter0920	26	2	1	2	23	0	26.0	0.03692992213570637	0.4787879029652001	1
920	Iter0921	22	2	7	2	17	1	3.1428571428571432	0.29516129032257377	0.28341905418	1
921	Iter0922	28	3	5	2	23	1	3.733333333333333	0.22268708336820245	0.53161748403924	1
922	Iter0923	23	3	2	3	17	1	11.500000000000002	0.03755495524127318	0.4034860397663	1
923	Iter0924	26	3	4	1	21	0	2.1666666666666665	0.4878601000517533	0.42243646907776994	1
924	Iter0925	20	3	6	2	16	0	2.2222222222222223	0.5830758455897551	0.4752786178	1
925	Iter0926	29	6	4	1	26	1	1.2083333333333333	1.0	0.48834653	1
926	Iter0927	27	3	7	2	24	5	2.571428571428572	0.5716161505635218	0.4593383426660309	1
927	Iter0928	21	7	9	1	19	2	0.3333333333333333	0.6533315044250839	0.46559357070499996	1
928	Iter0929	25	2	8	2	20	5	3.125	0.2913922325687145	0.45430996693000103	1
929	Iter0930	24	4	3	2	21	1	4.0	0.21617453736474695	0.47745124899999997	1
930	Iter0931	25	0	2	1	24	0	17.333333333333332	0.10714285714285553	0.5814761800000001	1
931	Iter0932	20	3	8	0	14	2	0.5833333333333334	0.549721913236934	0.323452386719	1
932	Iter0933	25	7	4	6	21	1	5.3571428571428585	0.04594166015294143	0.44434450802	1
933	Iter0934	20	3	5	3	16	3	4.0	0.1605392506393615	0.26312621144822	1
934	Iter0935	20	7	3	4	15	0	3.8095238095238098	0.1779734836092403	0.2925029021615	1
935	Iter0936	25	4	3	1	24	0	2.083333333333333	0.4996334310850373	0.5143330058000001	1
936	Iter0937	32	2	7	1	26	1	2.2857142857142856	0.4787456445992971	0.56363753257	1
937	Iter0938	27	2	8	1	22	1	1.6875	1.0	0.523528175823562	1
938	Iter0939	23	2	2	2	18	1	11.5	0.08003873521114918	0.30585134755599996	1
939	Iter0940	24	4	3	3	22	1	6.0	0.0856819520203683	0.4881562697999999	1
940	Iter0941	13	1	12	0	11	4	0.5384615384615384	1.0	0.23206641400000003	1
941	Iter0942	24	4	4	0	21	2	1.0	1.0	0.57044249	1
942	Iter0943	24	9	2	2	20	0	2.6666666666666665	0.5669619199031175	0.49266293854	1
943	Iter0944	22	1	6	0	20	0	1.6428571428571428	1.0	0.5275122242054	1
944	Iter0945	21	1	5	5	20	0	21.0	0.0063496477567668895	0.34019023530000003	1
945	Iter0946	26	1	1	0	21	0	6.75	1.0	0.5030862949060001	1
946	Iter0947	29	1	2	1	24	0	14.5	0.17613636363636115	0.63369167747983	1
947	Iter0948	26	1	2	2	21	1	26.0	0.03692992213570637	0.39148955405999997	1
948	Iter0949	21	3	8	0	17	1	0.6111111111111112	0.5548387096774166	0.39675697162432	1
949	Iter0950	23	5	3	0	22	0	1.0	1.0	0.398715305	1
950	Iter0951	30	4	2	2	25	0	7.5	0.10966605703447717	0.6030804589967	1
951	Iter0952	33	1	5	4	24	0	26.4	0.004581351716916009	0.7010804437920002	1
952	Iter0953	29	4	0	2	24	0	18.0	0.025210084033614164	0.45746825591810997	1
953	Iter0954	37	3	3	0	29	0	2.375	1.0	0.5943040735549835	1
954	Iter0955	20	4	6	0	17	0	0.6	0.5568691844553939	0.29348573040000003	1
955	Iter0956	21	4	3	2	16	0	3.5	0.2543471853816673	0.388980336270395	1
956	Iter0957	28	3	5	1	23	1	1.8666666666666667	0.5235824059353668	0.45223751923000005	1
957	Iter0958	22	4	7	0	17	1	0.575	0.5552297165200252	0.45586270406000007	1
958	Iter0959	27	2	2	2	24	1	13.5	0.062390029325511874	0.507001270360299	1
959	Iter0960	30	2	6	3	25	1	7.5	0.061145079116838336	0.53405032041263	1
960	Iter0961	23	3	7	2	19	2	2.1904761904761907	0.5855306932157112	0.3159330980999999	1
961	Iter0962	32	4	13	7	23	2	4.307692307692308	0.041498245411464366	0.4221052290638844	1
962	Iter0963	17	2	7	1	15	1	1.2142857142857142	1.0	0.34163174875999996	1
963	Iter0964	20	4	5	2	15	1	2.0	0.5959042811100655	0.26597047196549994	1
964	Iter0965	23	1	3	2	19	1	15.333333333333336	0.06841817186644783	0.4271219907988	1
965	Iter0966	29	2	4	4	22	3	14.5	0.010517304634952046	0.7152544375333199	1
966	Iter0967	26	4	10	2	25	1	1.3	1.0	0.58302342	1
967	Iter0968	23	3	4	3	21	0	5.750000000000001	0.09293154009505382	0.4828235588737	1
968	Iter0969	24	4	2	2	20	0	6.0	0.15044493882091348	0.502278054793	1
969	Iter0970	22	4	3	2	19	1	3.6666666666666665	0.24060243303847234	0.4088988035002001	1
970	Iter0971	29	2	9	4	24	0	6.4444444444444455	0.052994084758124387	0.5799660649661	1
971	Iter0972	23	2	4	0	19	2	1.6	1.0	0.4967548369844255	1
972	Iter0973	20	1	11	2	19	1	3.636363636363636	0.5437834224598954	0.477606117	1
973	Iter0974	34	2	7	1	29	2	2.4285714285714284	0.4608879492600434	0.5361922550519999	1
974	Iter0975	20	1	7	3	17	1	8.571428571428571	0.08676307007786407	0.41192224064999994	1
975	Iter0976	26	0	3	3	25	1	27.0	0.004032258064516153	0.5642081190000001	1
976	Iter0977	23	6	7	2	18	1	1.0952380952380951	1.0	0.30209304576260004	1
977	Iter0978	24	3	2	0	20	0	2.083333333333333	1.0	0.45305445579636905	1
978	Iter0979	18	2	6	2	16	3	3.0	0.5545787545787522	0.38588403904161	1
979	Iter0980	23	6	3	2	21	0	2.5555555555555562	0.5701799781496155	0.5452038383029999	1
980	Iter0981	30	2	6	2	25	3	5.0	0.17233833023306738	0.6267092206379999	1
981	Iter0982	22	3	5	1	18	2	1.4666666666666666	1.0	0.293838243353	1
982	Iter0983	27	4	5	2	24	3	2.7	0.3024699340488827	0.43788002039999996	1
983	Iter0984	27	7	4	1	22	2	0.9642857142857144	1.0	0.45662443268700004	1
984	Iter0985	30	2	5	4	26	2	12.0	0.014814557818408972	0.5992725027684999	1
985	Iter0986	26	1	8	4	21	1	13.0	0.024588498272708648	0.4947851831000001	1
986	Iter0987	21	2	4	0	20	1	1.4666666666666666	1.0	0.50357512	1
987	Iter0988	34	5	2	4	28	1	13.6	0.010312999535914651	0.5862315700879999	1
988	Iter0989	28	1	1	3	24	0	84.0	0.0028592375366568125	0.45496649164	1
989	Iter0990	32	4	5	0	29	1	1.1	1.0	0.6843033938549001	1
990	Iter0991	29	5	4	1	23	1	1.45	1.0	0.57802598885	1
991	Iter0992	35	2	5	1	31	1	3.5	0.370391378332378	0.559313994429	1
992	Iter0993	26	3	5	3	22	0	5.199999999999998	0.10095389507154448	0.45428104558	1
993	Iter0994	21	2	6	2	18	0	3.5	0.2682981090100113	0.523283499	1
994	Iter0995	30	0	3	2	26	0	23.25	0.01680672268907618	0.4530650213499999	1
995	Iter0996	25	2	6	0	21	4	1.2380952380952381	1.0	0.4498190754	1
996	Iter0997	22	6	8	2	19	3	0.9166666666666666	1.0	0.3575127704908082	1
997	Iter0998	20	4	6	1	17	3	0.8333333333333334	1.0	0.452518737776	1
998	Iter0999	20	4	9	5	17	3	2.7777777777777777	0.2452384872638528	0.42241445800000005	1
999	Iter1000	28	4	4	2	20	2	3.5	0.2340846334654355	0.38664505459399995	1
