	IterId	dN	dS	pN	pS	bdN	bpN	MkScore	FSPVal	SelCoef	PosSel
0	Iter0001	11	2	3	0	6	3	1.0	1.0	0.4387779094000001	1
1	Iter0002	8	0	3	2	4	2	6.75	0.12820512820512847	0.6444224195954099	1
2	Iter0003	5	1	7	1	5	1	0.7142857142857143	1.0	0.6220594927299999	1
3	Iter0004	6	0	3	0	3	0	1.75	1.0	0.46234491671	1
4	Iter0005	5	0	4	1	3	1	2.4	1.0	0.5313148410039931	1
5	Iter0006	18	3	3	1	8	1	2.0	0.5268774703557355	0.5639379458902101	1
6	Iter0007	17	0	4	2	5	1	10.8	0.05928853754940702	0.3867052502000001	1
7	Iter0008	2	0	1	1	2	0	3.0	1.0	0.5764807808	1
8	Iter0009	14	2	3	0	5	0	1.25	1.0	0.399088848863	1
9	Iter0010	6	0	7	2	4	1	2.625	0.4857142857142826	0.3791093093653	1
10	Iter0011	13	1	5	3	5	1	7.8	0.1167464114832539	0.24610714793000002	1
11	Iter0012	17	1	4	0	9	0	1.8	1.0	0.388254983	1
12	Iter0013	4	0	7	0	4	4	0.625	1.0	0.5448714679000001	1
13	Iter0014	3	0	5	2	2	2	2.0	1.0	0.57763876	1
14	Iter0015	15	2	6	1	9	4	1.25	1.0	0.47950394304499994	1
15	Iter0016	17	6	0	0	5	0	2.571428571428572	1.0	0.4001498094383101	1
16	Iter0017	10	0	8	1	5	2	2.4444444444444446	0.4736842105263162	0.5435461239999999	1
17	Iter0018	10	0	3	0	5	3	2.75	1.0	0.4940666208	1
18	Iter0019	10	0	7	0	6	1	1.375	1.0	0.4496285911670001	1
19	Iter0020	21	0	3	3	10	2	22.0	0.006837606837606879	0.36161194543	1
20	Iter0021	20	4	2	3	10	1	7.5	0.07474211612142694	0.6467410291499999	1
21	Iter0022	13	1	5	3	2	3	7.8	0.1167464114832539	0.30650868043199997	1
22	Iter0023	11	3	3	1	3	2	1.2222222222222219	1.0	0.5406048936000001	1
23	Iter0024	9	1	3	0	7	0	1.25	1.0	0.5856804025165999	1
24	Iter0025	20	3	4	0	8	0	1.05	1.0	0.30502119679999995	1
25	Iter0026	12	2	7	2	3	4	1.7142857142857142	1.0	0.2746858681	1
26	Iter0027	7	1	3	1	5	1	2.333333333333333	1.0	0.40514668963889994	1
27	Iter0028	16	3	6	0	9	0	0.6071428571428571	0.5539130434782646	0.44889960674208	1
28	Iter0029	0	0	3	0	0	1	0.25	1.0	0.5032558395982	1
29	Iter0030	15	1	3	1	8	1	5.0	0.3684210526315782	0.6351395720000002	1
30	Iter0031	17	1	5	0	5	2	1.5	1.0	0.5667418405831001	1
31	Iter0032	13	1	4	0	9	0	1.4	1.0	0.578967499406	1
32	Iter0033	4	1	5	3	2	2	2.4	1.0	0.27237714510600003	1
33	Iter0034	0	0	5	3	0	0	0.6666666666666666	1.0	0.5007725778641856	1
34	Iter0035	13	2	1	1	6	1	6.5	0.3308823529411776	0.3527304586901	1
35	Iter0036	17	1	2	2	7	0	17.0	0.07272727272727228	0.4098213289961599	1
36	Iter0037	1	2	4	2	0	1	0.25	0.5238095238095238	0.5467329225499707	1
37	Iter0038	13	1	1	0	5	0	3.5	1.0	0.65195476966	1
38	Iter0039	0	0	3	0	0	1	0.25	1.0	0.46592696152000007	1
39	Iter0040	17	2	0	3	9	0	24.0	0.006493506493506457	0.44522212000000005	1
40	Iter0041	23	4	2	0	10	0	1.6	1.0	0.5564518745699999	1
41	Iter0042	17	1	8	2	7	6	4.25	0.2838827838827805	0.37349738475999994	1
42	Iter0043	12	3	4	2	5	0	2.0	0.5975232198142453	0.5976279289809999	1
43	Iter0044	12	1	0	1	11	0	13.0	0.14285714285714207	0.5487140350999999	1
44	Iter0045	13	1	1	1	7	0	13.0	0.24166666666666656	0.5016046311000001	1
45	Iter0046	16	1	8	3	9	2	6.0	0.26935286935286884	0.38605374071500004	1
46	Iter0047	13	1	5	1	7	2	2.6	0.5210526315789493	0.35090034087592503	1
47	Iter0048	10	4	4	4	7	0	2.5	0.3864465084279329	0.4672478373999999	1
48	Iter0049	13	1	7	2	6	3	3.7142857142857135	0.537549407114623	0.46767960789490004	1
49	Iter0050	10	3	5	3	1	2	2.0	0.6310629514963866	0.32497679109172	1
50	Iter0051	11	2	4	1	5	3	1.375	1.0	0.2835682625	1
51	Iter0052	16	3	3	1	9	1	1.7777777777777777	1.0	0.5367712899996999	1
52	Iter0053	9	1	5	1	5	3	1.8	1.0	0.308242835	1
53	Iter0054	9	2	4	1	4	0	1.125	1.0	0.35920434149200003	1
54	Iter0055	25	2	3	0	16	0	2.1666666666666665	1.0	0.6615084671	1
55	Iter0056	13	1	1	0	8	0	3.5	1.0	0.39934362706145	1
56	Iter0057	12	0	1	2	7	1	19.5	0.02857142857142844	0.5702122510000002	1
57	Iter0058	8	1	2	0	5	1	1.5	1.0	0.49420154871000005	1
58	Iter0059	12	0	5	2	5	2	6.5	0.12280701754385998	0.3658845017259999	1
59	Iter0060	14	2	3	4	8	0	9.333333333333334	0.04500381388253243	0.5286519979983	1
60	Iter0061	12	2	1	1	4	0	6.0	0.3500000000000006	0.367955358	1
61	Iter0062	5	1	6	2	3	3	1.6666666666666667	1.0	0.33177159110000004	1
62	Iter0063	4	0	5	3	1	0	3.333333333333333	0.4909090909090915	0.6394711362175424	1
63	Iter0064	3	1	4	1	1	2	0.75	1.0	0.48055939949500004	1
64	Iter0065	12	2	5	0	7	1	0.7222222222222222	1.0	0.45667838960600005	1
65	Iter0066	16	3	2	0	8	1	1.4166666666666667	1.0	0.5399677660129001	1
66	Iter0067	16	2	2	1	9	2	4.0	0.3864661654135317	0.45963212552500005	1
67	Iter0068	25	1	5	6	14	2	30.0	0.0011987794245858995	0.523517956087	1
68	Iter0069	10	2	6	0	6	2	0.5238095238095238	0.5294117647058844	0.42416685680780003	1
69	Iter0070	0	0	3	0	0	1	0.25	1.0	0.46514254292999996	1
70	Iter0071	11	0	4	0	3	2	2.4	1.0	0.3900158637658397	1
71	Iter0072	11	0	6	2	5	1	5.1428571428571415	0.1637426900584798	0.42725112550000005	1
72	Iter0073	16	1	1	1	10	1	16.0	0.2046783625730996	0.38826341000000003	1
73	Iter0074	19	1	4	2	9	1	9.5	0.12307692307692347	0.616059696	1
74	Iter0075	14	2	4	0	10	0	1.0	1.0	0.6294403670797903	1
75	Iter0076	0	0	4	0	0	1	0.2	1.0	0.417185764	1
76	Iter0077	12	2	1	1	4	0	6.0	0.3500000000000006	0.31147822191	1
77	Iter0078	13	4	9	1	5	3	0.3611111111111111	0.6209587513935413	0.4830667447000001	1
78	Iter0079	16	1	2	2	9	0	16.0	0.0796992481203003	0.40990729389	1
79	Iter0080	15	2	9	2	9	1	1.6666666666666667	1.0	0.43471951332000003	1
80	Iter0081	11	1	1	1	4	0	11.0	0.27472527472527325	0.84828888	1
81	Iter0082	24	6	5	2	10	1	1.6	0.6308901621994711	0.5681844847836999	1
82	Iter0083	9	0	4	0	5	2	2.0	1.0	0.1855985114	1
83	Iter0084	16	3	2	3	9	0	8.0	0.07848673066064346	0.489749476855337	1
84	Iter0085	15	5	1	0	11	1	1.3333333333333333	1.0	0.45000936282738	1
85	Iter0086	14	1	1	0	7	0	3.75	1.0	0.5434756728100001	1
86	Iter0087	6	0	1	2	4	0	10.5	0.08333333333333337	0.42443402930325	1
87	Iter0088	16	1	2	0	6	0	2.833333333333333	1.0	0.5223185625269999	1
88	Iter0089	14	1	4	1	6	0	3.5	0.4473684210526331	0.5431282361729483	1
89	Iter0090	4	0	3	0	0	0	1.25	1.0	0.39253906	1
90	Iter0091	5	4	1	3	1	0	3.75	0.5594405594405606	0.4467874729210001	1
91	Iter0092	15	1	9	0	7	2	0.8	1.0	0.48227820920000003	1
92	Iter0093	0	0	2	0	0	1	0.3333333333333333	1.0	0.5827871318880999	1
93	Iter0094	19	3	6	1	9	0	1.0555555555555556	1.0	0.5433669567007	1
94	Iter0095	16	1	4	5	9	0	20.0	0.009668592277287872	0.39900296945339997	1
95	Iter0096	0	0	6	2	0	0	0.42857142857142855	1.0	0.9849948379999997	1
96	Iter0097	10	0	2	3	8	0	14.666666666666664	0.02197802197802191	0.3984622451903973	1
97	Iter0098	5	0	3	0	2	1	1.5	1.0	0.4271514247699999	1
98	Iter0099	21	4	3	2	10	2	3.5	0.2543471853816673	0.5099143216398828	1
99	Iter0100	13	0	1	1	4	0	14.0	0.13333333333333305	0.40894581673200997	1
100	Iter0101	6	3	1	1	3	0	2.0	1.0	0.466702291837677	1
101	Iter0102	5	2	3	1	1	1	0.8333333333333334	1.0	0.38174022504	1
102	Iter0103	23	4	5	2	12	2	2.3	0.5798138751910984	0.47325981482339996	1
103	Iter0104	13	1	3	1	5	0	4.333333333333333	0.4052287581699357	0.38949074131284	1
104	Iter0105	25	1	2	0	15	1	4.333333333333333	1.0	0.6405870382300002	1
105	Iter0106	0	0	3	0	0	2	0.25	1.0	0.5705955974000001	1
106	Iter0107	11	1	1	2	4	0	22.0	0.08131868131868061	0.4334824580879009	1
107	Iter0108	7	1	2	2	3	1	7.0	0.2363636363636368	0.554380008398	1
108	Iter0109	11	1	8	0	6	4	0.6666666666666666	1.0	0.5293106069999999	1
109	Iter0110	12	1	2	1	5	0	6.0	0.3499999999999994	0.5320711731000001	1
110	Iter0111	8	0	7	1	3	5	2.25	1.0	0.3925366652701	1
111	Iter0112	21	3	3	1	7	3	2.333333333333333	0.4810256410256382	0.3488875184	1
112	Iter0113	13	3	4	2	9	1	2.1666666666666665	0.5853269537480082	0.6030743595200001	1
113	Iter0114	18	2	3	3	10	0	9.0	0.0624201885071449	0.46550749076090003	1
114	Iter0115	9	0	3	0	5	1	2.5	1.0	0.5284942181000002	1
115	Iter0116	3	0	2	0	1	0	1.3333333333333333	1.0	0.33322921546196	1
116	Iter0117	10	1	2	3	4	0	15.0	0.06318681318681288	0.3752565368	1
117	Iter0118	11	3	5	1	5	0	0.7333333333333333	1.0	0.5353805552900001	1
118	Iter0119	22	0	4	2	11	2	13.8	0.03968253968253955	0.7135705170874101	1
119	Iter0120	13	2	3	2	8	2	4.333333333333333	0.2487100103199204	0.33513968389999993	1
120	Iter0121	12	2	3	1	5	0	2.0	1.0	0.2965897010730152	1
121	Iter0122	10	2	2	1	6	1	2.5	0.5164835164835135	0.4585341491619841	1
122	Iter0123	16	3	11	0	9	6	0.3541666666666667	0.2793103448275843	0.48407726687	1
123	Iter0124	19	4	3	1	10	0	1.5833333333333333	1.0	0.524226801	1
124	Iter0125	13	2	4	3	6	0	4.875	0.2743221690590115	0.310815975324	1
125	Iter0126	22	3	2	0	9	1	1.9166666666666667	1.0	0.46413354439799814	1
126	Iter0127	15	4	5	2	5	1	1.5	1.0	0.5665847913	1
127	Iter0128	14	0	3	2	11	1	11.25	0.05847953216374273	0.52766167	1
128	Iter0129	11	1	2	2	5	1	11.0	0.1357142857142847	0.5905160870800003	1
129	Iter0130	13	5	1	1	8	0	2.6	0.5210526315789469	0.46530171	1
130	Iter0131	11	3	1	1	5	0	3.6666666666666665	0.4499999999999997	0.31028446865579995	1
131	Iter0132	10	1	1	2	6	0	20.0	0.0934065934065932	0.38403752611010006	1
132	Iter0133	16	4	2	2	11	0	4.0	0.251270468661772	0.45835349400000003	1
133	Iter0134	13	0	0	0	5	0	14.0	1.0	0.4821685984798	1
134	Iter0135	8	1	3	4	2	1	10.666666666666666	0.10576923076923042	0.48803825150999997	1
135	Iter0136	9	3	3	0	1	1	0.625	1.0	0.52649958787	1
136	Iter0137	14	0	6	0	6	3	2.142857142857143	1.0	0.36100945949999996	1
137	Iter0138	12	2	8	0	8	1	0.4814814814814815	0.5151515151515148	0.49708199520000007	1
138	Iter0139	23	3	4	2	12	2	3.8333333333333335	0.22791196567615055	0.40136424667000004	1
139	Iter0140	15	0	3	2	3	1	12.0	0.052631578947368335	0.27658017	1
140	Iter0141	0	0	4	2	0	0	0.6	1.0	0.47438304002028403	1
141	Iter0142	8	1	1	1	2	0	8.0	0.3454545454545447	0.25599424726099995	1
142	Iter0143	3	0	5	1	2	3	1.3333333333333333	1.0	0.41492137399999995	1
143	Iter0144	12	4	3	2	7	2	2.0	0.5975232198142446	0.4912601813000001	1
144	Iter0145	7	1	3	3	4	3	7.0	0.2447552447552448	0.49040833200000006	1
145	Iter0146	17	3	3	0	11	0	1.125	1.0	0.517276158425	1
146	Iter0147	8	1	6	0	4	3	0.6428571428571429	1.0	0.54957122197411	1
147	Iter0148	12	2	4	2	6	1	3.0	0.5492260061919542	0.45757992896770006	1
148	Iter0149	11	2	1	2	5	0	11.0	0.13571428571428515	0.27308639416	1
149	Iter0150	21	1	1	1	10	0	21.0	0.1630434782608714	0.5498024674509999	1
150	Iter0151	12	0	2	0	8	0	4.333333333333333	1.0	0.4999446499676882	1
151	Iter0152	13	4	2	0	9	0	0.9333333333333332	1.0	0.5235449008300002	1
152	Iter0153	14	4	1	2	11	0	7.0	0.18421052631578888	0.6959733637475499	1
153	Iter0154	8	0	3	1	4	0	4.5	0.3333333333333341	0.3163673248	1
154	Iter0155	12	3	2	0	6	2	1.0833333333333333	1.0	0.5300171258209601	1
155	Iter0156	9	2	5	2	4	0	1.8	1.0	0.40787307145999996	1
156	Iter0157	10	2	5	0	5	2	0.6111111111111109	1.0	0.31704652409089995	1
157	Iter0158	11	0	1	1	4	0	12.0	0.15384615384615366	0.42594764094040904	1
158	Iter0159	12	3	2	1	7	2	2.0	1.0	0.5520304657986	1
159	Iter0160	12	1	2	1	5	1	6.0	0.3499999999999994	0.49708428720999986	1
160	Iter0161	2	1	1	4	2	0	8.0	0.4642857142857138	0.48342907246999994	1
161	Iter0162	8	1	6	2	5	1	2.6666666666666665	0.5764705882352942	0.5039865510999999	1
162	Iter0163	13	2	4	2	6	3	3.25	0.5438596491228112	0.6165506452	1
163	Iter0164	4	1	1	0	3	0	1.25	1.0	0.49444721502000005	1
164	Iter0165	5	0	1	0	3	0	3.0	1.0	0.42356074200000005	1
165	Iter0166	1	0	2	0	0	0	0.6666666666666666	1.0	0.3518501866	1
166	Iter0167	18	1	4	0	6	0	1.9	1.0	0.41608755250000007	1
167	Iter0168	7	0	3	1	5	1	4.0	0.3636363636363637	0.496510427101	1
168	Iter0169	16	3	2	1	7	0	2.6666666666666665	0.470129870129869	0.47472696999993896	1
169	Iter0170	10	3	1	1	6	1	3.333333333333333	0.4761904761904744	0.4084163815999999	1
170	Iter0171	13	2	4	1	7	2	1.625	1.0	0.6303470726	1
171	Iter0172	25	0	2	1	13	0	17.333333333333332	0.10714285714285553	0.5216726987110001	1
172	Iter0173	18	4	10	1	6	6	0.45	0.6431219873933971	0.40596349449993335	1
173	Iter0174	12	3	6	1	5	0	0.6666666666666666	1.0	0.7868403031000002	1
174	Iter0175	16	1	2	1	10	0	8.0	0.2842105263157898	0.6052126420924373	1
175	Iter0176	8	0	3	1	4	1	4.5	0.3333333333333341	0.3495422242701127	1
176	Iter0177	10	0	5	0	6	4	1.8333333333333333	1.0	0.40584192323	1
177	Iter0178	16	1	7	1	7	3	2.2857142857142856	1.0	0.38116688669928006	1
178	Iter0179	0	0	2	1	0	0	0.6666666666666666	1.0	0.4822340567769705	1
179	Iter0180	13	0	6	1	6	3	4.0	0.3500000000000009	0.4695510829999957	1
180	Iter0181	16	1	2	1	10	1	8.0	0.2842105263157898	0.58591037	1
181	Iter0182	15	1	6	0	10	1	1.1428571428571428	1.0	0.38811757059	1
182	Iter0183	18	1	5	0	10	0	1.5833333333333333	1.0	0.6356456371799999	1
183	Iter0184	19	5	3	0	11	0	0.8333333333333334	1.0	0.6806821230841571	1
184	Iter0185	7	0	3	1	4	0	4.0	0.3636363636363637	0.5358083521	1
185	Iter0186	4	1	3	0	1	1	0.625	1.0	0.50728087473254	1
186	Iter0187	14	3	3	1	5	0	1.5555555555555556	1.0	0.442787638223637	1
187	Iter0188	19	1	0	1	9	0	20.0	0.09523809523809544	0.32460053799999994	1
188	Iter0189	7	0	1	2	6	1	12.0	0.06666666666666664	0.366557257955	1
189	Iter0190	11	3	3	0	6	1	0.75	1.0	0.358539865	1
190	Iter0191	13	1	4	1	6	0	3.25	0.4678362573099456	0.543677881	1
191	Iter0192	16	1	3	1	5	1	5.333333333333333	0.3523809523809532	0.34433740716100003	1
192	Iter0193	14	2	6	1	7	3	1.1666666666666667	1.0	0.419627968	1
193	Iter0194	7	1	2	1	1	0	3.5	0.4909090909090903	0.6022262800800001	1
194	Iter0195	9	1	1	0	2	1	2.5	1.0	0.3884712800000001	1
195	Iter0196	12	1	3	5	4	1	20.0	0.013931888544891656	0.505481128625959	1
196	Iter0197	12	1	2	0	6	0	2.1666666666666665	1.0	0.4040970755566	1
197	Iter0198	14	4	2	0	7	2	1.0	1.0	0.39050203626500013	1
198	Iter0199	13	1	4	1	6	3	3.25	0.4678362573099456	0.546860010496175	1
199	Iter0200	18	2	2	2	10	1	9.0	0.1149068322981369	0.5171468671099999	1
200	Iter0201	8	1	3	0	7	1	1.125	1.0	0.483615697	1
201	Iter0202	9	1	4	3	4	2	6.75	0.2499999999999994	0.5185439441999999	1
202	Iter0203	17	2	3	1	4	1	2.833333333333333	0.4528514963297557	0.34573333609421003	1
203	Iter0204	2	0	2	1	0	1	2.0	1.0	0.4880419281621161	1
204	Iter0205	10	0	4	1	3	2	4.4	0.3333333333333329	0.5562113805287998	1
205	Iter0206	9	0	3	0	3	0	2.5	1.0	0.47900695905253216	1
206	Iter0207	0	0	1	2	0	0	1.5	1.0	0.6224756100000001	1
207	Iter0208	23	1	4	2	10	1	11.5	0.09359605911330067	0.51765864506	1
208	Iter0209	17	1	2	2	10	1	17.0	0.07272727272727228	0.584071608101	1
209	Iter0210	12	2	1	1	10	0	6.0	0.3500000000000006	0.4871956462959145	1
210	Iter0211	11	0	3	1	2	1	6.0	0.2666666666666666	0.4073667056099999	1
211	Iter0212	14	3	9	4	4	5	2.0740740740740744	0.6656449553001347	0.39900070558000006	1
212	Iter0213	8	2	4	1	5	0	1.0	1.0	0.5397865796	1
213	Iter0214	15	1	4	1	8	3	3.75	0.4285714285714309	0.452490829111	1
214	Iter0215	13	3	2	2	7	0	4.333333333333333	0.2487100103199188	0.50607599569	1
215	Iter0216	21	1	3	1	9	0	7.0	0.2892307692307699	0.5322333222112999	1
216	Iter0217	9	1	2	0	4	2	1.6666666666666667	1.0	0.28242225702745816	1
217	Iter0218	17	0	4	0	13	1	3.6	1.0	0.5040570992078001	1
218	Iter0219	17	1	3	0	8	0	2.25	1.0	0.3786219259	1
219	Iter0220	11	1	1	1	8	1	11.0	0.27472527472527325	0.5120526517	1
220	Iter0221	2	0	7	3	0	2	1.5	1.0	0.37864646999999996	1
221	Iter0222	10	1	1	1	7	0	10.0	0.2948717948717952	0.529841856	1
222	Iter0223	13	3	2	0	6	0	1.1666666666666667	1.0	0.32979723905	1
223	Iter0224	11	2	2	0	5	1	1.3333333333333333	1.0	0.22190373296086	1
224	Iter0225	12	0	1	0	5	1	6.5	1.0	0.4057066447	1
225	Iter0226	13	0	3	2	9	1	10.5	0.0653594771241832	0.41589836440000005	1
226	Iter0227	0	0	4	3	0	0	0.8	1.0	0.4642344432953698	1
227	Iter0228	14	1	2	3	7	0	21.0	0.0319917440660476	0.7101256423991001	1
228	Iter0229	6	0	2	1	3	1	4.666666666666667	0.33333333333333354	0.5093507615231729	1
229	Iter0230	25	1	4	1	13	0	6.25	0.30107526881720265	0.5251889603240002	1
230	Iter0231	23	1	2	1	10	0	11.5	0.21367521367521397	0.3482441810000001	1
231	Iter0232	8	1	6	1	5	2	1.3333333333333333	1.0	0.40025100825	1
232	Iter0233	10	1	4	1	6	0	2.5	1.0	0.5651413682325936	1
233	Iter0234	3	1	2	1	0	0	1.5	1.0	0.5734260701872919	1
234	Iter0235	13	0	6	2	7	3	6.0	0.13333333333333353	0.62418089343	1
235	Iter0236	9	1	5	2	5	2	3.6	0.5367647058823528	0.5822319549999999	1
236	Iter0237	15	1	5	4	6	2	12.0	0.040316205533596855	0.551768267004	1
237	Iter0238	5	2	1	0	2	0	1.0	1.0	0.3865593956700001	1
238	Iter0239	9	1	3	1	6	0	3.0	0.5054945054945035	0.4086236660000001	1
239	Iter0240	16	0	4	4	8	0	17.0	0.006587615283267479	0.4070812153882943	1
240	Iter0241	0	0	2	0	0	0	0.3333333333333333	1.0	0.6060876212579999	1
241	Iter0242	14	3	5	1	7	1	0.9333333333333332	1.0	0.42053793807	1
242	Iter0243	17	4	3	2	6	1	2.833333333333333	0.5580723624201848	0.34050304714472207	1
243	Iter0244	12	1	2	2	5	1	12.0	0.12058823529411752	0.4093737401296999	1
244	Iter0245	11	2	8	0	5	4	0.4444444444444444	0.5047619047619056	0.5878520114129999	1
245	Iter0246	7	0	9	1	4	4	1.6	1.0	0.35897609723999996	1
246	Iter0247	12	2	6	1	6	2	1.0	1.0	0.5318547527999999	1
247	Iter0248	5	1	7	1	3	2	0.7142857142857143	1.0	0.5208392040000001	1
248	Iter0249	10	1	1	0	6	1	2.75	1.0	0.513496465	1
249	Iter0250	12	1	3	0	5	0	1.625	1.0	0.6850729391100001	1
250	Iter0251	10	1	2	0	1	0	1.8333333333333333	1.0	0.39520294319999844	1
251	Iter0252	9	1	5	3	6	2	5.4	0.27450980392156965	0.4424116259733691	1
252	Iter0253	12	1	5	0	7	0	1.0833333333333333	1.0	0.634060367207	1
253	Iter0254	9	1	1	2	6	1	18.0	0.10839160839160847	0.438280613597566	1
254	Iter0255	13	2	6	2	6	3	2.1666666666666665	0.5889328063241139	0.54991183609	1
255	Iter0256	11	2	3	1	10	1	1.8333333333333333	1.0	0.620141019102171	1
256	Iter0257	16	2	8	0	7	0	0.6296296296296297	1.0	0.44879963000000006	1
257	Iter0258	11	3	2	1	8	0	1.8333333333333333	1.0	0.3721360289999999	1
258	Iter0259	9	1	6	1	4	1	1.5	1.0	0.21318359430500003	1
259	Iter0260	10	2	1	0	4	0	1.8333333333333333	1.0	0.526735363716803	1
260	Iter0261	15	2	5	1	9	0	1.5	1.0	0.59880629872894	1
261	Iter0262	13	0	1	1	4	0	14.0	0.13333333333333305	0.38643603171163204	1
262	Iter0263	16	0	3	1	7	1	8.5	0.20000000000000087	0.45054901650000007	1
263	Iter0264	7	0	9	0	5	4	0.8	1.0	0.46533521856	1
264	Iter0265	7	2	5	3	4	0	2.1	0.6199095022624409	0.64752481370906	1
265	Iter0266	16	3	2	1	5	0	2.6666666666666665	0.470129870129869	0.293988325	1
266	Iter0267	3	1	5	1	0	0	0.6	1.0	0.47208946377	1
267	Iter0268	6	1	5	1	3	3	1.2	1.0	0.13759447700000002	1
268	Iter0269	18	0	5	2	11	0	9.5	0.07000000000000048	0.5231528775799998	1
269	Iter0270	0	0	1	0	0	0	0.5	1.0	0.44600926057999996	1
270	Iter0271	3	1	7	0	1	2	0.25	0.3636363636363637	0.45637374899999994	1
271	Iter0272	11	4	2	2	6	0	2.75	0.5572755417956642	0.36823886	1
272	Iter0273	7	0	3	1	2	0	4.0	0.3636363636363637	0.3587518376	1
273	Iter0274	17	2	4	0	7	1	1.2	1.0	0.260013779837	1
274	Iter0275	24	4	4	2	11	0	3.0	0.2814208300369467	0.46719077609973664	1
275	Iter0276	12	0	3	1	8	0	6.5	0.24999999999999994	0.565264279174397	1
276	Iter0277	15	0	2	3	9	1	21.33333333333333	0.008771929824561394	0.46154785915940005	1
277	Iter0278	12	0	4	3	6	0	10.4	0.03611971104231163	0.5368467360000001	1
278	Iter0279	12	4	3	3	9	0	3.0	0.3340838727835651	0.39509449657761697	1
279	Iter0280	5	3	3	3	3	1	1.6666666666666667	1.0	0.40617373000000007	1
280	Iter0281	13	3	3	1	7	1	1.4444444444444444	1.0	0.4758037930704299	1
281	Iter0282	11	0	0	2	6	0	36.0	0.01282051282051283	0.7546150441611001	1
282	Iter0283	24	1	2	0	12	1	4.166666666666667	1.0	0.5780776570988778	1
283	Iter0284	13	1	4	0	6	2	1.4	1.0	0.356952659657	1
284	Iter0285	25	1	4	1	17	0	6.25	0.30107526881720265	0.8674799608934122	1
285	Iter0286	16	0	3	1	8	2	8.5	0.20000000000000087	0.51460154	1
286	Iter0287	1	2	5	4	1	5	0.4	1.0	0.27960949559000003	1
287	Iter0288	0	0	1	3	0	0	2.0	1.0	0.4640745685	1
288	Iter0289	10	2	3	4	5	0	6.666666666666668	0.12874097007223875	0.4162260331	1
289	Iter0290	8	1	6	0	4	2	0.6428571428571429	1.0	0.41211241496999995	1
290	Iter0291	18	2	7	2	9	2	2.571428571428572	0.5680181887078473	0.39657138088820004	1
291	Iter0292	11	1	3	0	7	0	1.5	1.0	0.49888931499999994	1
292	Iter0293	18	3	3	1	13	0	2.0	0.5268774703557355	0.5854820100000001	1
293	Iter0294	13	0	3	0	6	0	3.5	1.0	0.4390408432999999	1
294	Iter0295	0	0	4	1	0	2	0.4	1.0	0.46488491883349997	1
295	Iter0296	13	3	5	0	7	1	0.5833333333333334	0.5488721804511292	0.5625179503	1
296	Iter0297	0	0	4	1	0	2	0.4	1.0	0.5256265099999999	1
297	Iter0298	18	1	5	1	9	0	3.6	0.4300000000000036	0.41163380623199997	1
298	Iter0299	10	1	2	0	7	0	1.8333333333333333	1.0	0.29735436	1
299	Iter0300	15	0	5	1	8	1	5.333333333333333	0.2857142857142857	0.5892502123400001	1
300	Iter0301	10	1	4	1	3	0	2.5	1.0	0.3299419936559999	1
301	Iter0302	12	1	3	1	8	1	4.0	0.4264705882352935	0.6666658752000001	1
302	Iter0303	6	0	1	1	5	0	7.0	0.24999999999999994	0.42298912639999997	1
303	Iter0304	3	0	2	1	2	0	2.6666666666666665	1.0	0.5747627833191101	1
304	Iter0305	16	0	8	1	8	1	3.7777777777777777	0.36000000000000143	0.4088207925089999	1
305	Iter0306	10	1	7	0	7	2	0.6875	1.0	0.6982913882699999	1
306	Iter0307	8	0	4	0	4	0	1.8	1.0	0.651288726	1
307	Iter0308	1	0	2	1	0	0	1.3333333333333333	1.0	0.5943755465399999	1
308	Iter0309	0	0	2	1	0	2	0.6666666666666666	1.0	0.45045990380900014	1
309	Iter0310	14	1	4	1	10	0	3.5	0.4473684210526331	0.59491988415	1
310	Iter0311	19	4	1	0	10	0	2.0	1.0	0.47854646160263997	1
311	Iter0312	0	0	5	2	0	3	0.5	1.0	0.25934756	1
312	Iter0313	8	1	3	2	3	0	5.333333333333333	0.5054945054945037	0.35038183891888997	1
313	Iter0314	21	2	6	6	8	3	10.5	0.010727605836550476	0.553223550587	1
314	Iter0315	9	2	1	0	3	1	1.6666666666666667	1.0	0.5536897156199501	1
315	Iter0316	16	4	3	0	10	1	0.85	1.0	0.7199635770999999	1
316	Iter0317	16	2	4	0	9	3	1.1333333333333333	1.0	0.4686852354371	1
317	Iter0318	15	2	1	1	8	0	7.5	0.298245614035087	0.45864655194513015	1
318	Iter0319	10	2	1	1	4	1	5.0	0.3956043956043948	0.45851630556	1
319	Iter0320	4	0	1	1	2	0	5.0	0.3333333333333332	0.48514735438875817	1
320	Iter0321	4	0	3	2	3	0	3.75	0.4444444444444449	0.32285798	1
321	Iter0322	19	2	1	0	9	0	3.333333333333333	1.0	0.4064634154999999	1
322	Iter0323	11	2	4	0	6	1	0.8	1.0	0.488663909	1
323	Iter0324	18	8	2	0	9	1	0.7037037037037037	1.0	0.5888972659820001	1
324	Iter0325	9	1	5	1	6	0	1.8	1.0	0.43891955577999997	1
325	Iter0326	15	2	5	0	6	1	0.8888888888888888	1.0	0.3701251684999999	1
326	Iter0327	0	0	3	0	0	0	0.25	1.0	0.3821812951488159	1
327	Iter0328	10	1	3	1	3	2	3.333333333333333	0.4761904761904727	0.2866109454008	1
328	Iter0329	12	3	3	1	7	0	1.3333333333333333	1.0	0.37477687749513006	1
329	Iter0330	10	2	2	2	6	0	5.0	0.2445054945054928	0.321595941915	1
330	Iter0331	11	1	2	0	2	0	2.0	1.0	0.4630944760000001	1
331	Iter0332	19	2	4	0	10	0	1.3333333333333337	1.0	0.6217377617600001	1
332	Iter0333	5	3	0	3	3	0	6.0	0.18181818181818202	0.34051094483778993	1
333	Iter0334	16	2	1	0	6	1	2.833333333333333	1.0	0.4690320130300001	1
334	Iter0335	7	2	6	2	5	0	1.1666666666666667	1.0	0.36057160042	1
335	Iter0336	4	0	4	0	4	1	1.0	1.0	0.513929116	1
336	Iter0337	9	1	11	1	5	6	0.8181818181818182	1.0	0.37925218197860006	1
337	Iter0338	26	0	1	1	15	0	27.0	0.07142857142857065	0.6001444570330001	1
338	Iter0339	11	1	2	0	5	0	2.0	1.0	0.47299124781867	1
339	Iter0340	17	3	2	0	7	1	1.5	1.0	0.5313666794699999	1
340	Iter0341	13	1	5	1	5	0	2.6	0.5210526315789493	0.4285190712292	1
341	Iter0342	0	0	2	0	0	0	0.3333333333333333	1.0	0.5476308000000001	1
342	Iter0343	9	0	1	1	6	1	10.0	0.1818181818181815	0.31578339769091	1
343	Iter0344	2	0	2	0	1	1	1.0	1.0	0.341819807201	1
344	Iter0345	9	2	2	2	6	0	4.5	0.5164835164835158	0.4094172701869999	1
345	Iter0346	18	0	1	2	10	0	28.5	0.014285714285714294	0.48308016941	1
346	Iter0347	6	0	1	1	1	0	7.0	0.24999999999999994	0.5569121830999999	1
347	Iter0348	15	1	2	2	9	1	15.0	0.08771929824561417	0.4202748975994	1
348	Iter0349	12	1	1	1	5	1	12.0	0.2571428571428551	0.5232713214200001	1
349	Iter0350	9	1	3	1	2	1	3.0	0.5054945054945035	0.30639213299999996	1
350	Iter0351	17	2	3	0	7	2	1.5	1.0	0.30943877291000005	1
351	Iter0352	17	4	4	2	10	0	2.125	0.5875342049255114	0.6529860169299999	1
352	Iter0353	6	1	3	0	4	0	0.875	1.0	0.40706258940000006	1
353	Iter0354	17	2	3	1	7	0	2.833333333333333	0.4528514963297557	0.4889186270269001	1
354	Iter0355	8	1	3	1	3	0	2.6666666666666665	1.0	0.44545927606827995	1
355	Iter0356	13	1	2	2	5	0	13.0	0.10784313725490263	0.41389611531347	1
356	Iter0357	4	1	4	0	4	0	0.5	1.0	0.5508259340000001	1
357	Iter0358	7	4	2	1	2	2	0.875	1.0	0.6492155418000003	1
358	Iter0359	16	1	5	3	7	0	9.6	0.08079051383399273	0.34659730962000007	1
359	Iter0360	13	4	0	0	6	0	2.8	1.0	0.5032172340421601	1
360	Iter0361	16	4	3	3	8	1	4.0	0.2929157798723022	0.44050468583450003	1
361	Iter0362	9	2	2	2	5	0	4.5	0.5164835164835158	0.5704712952	1
362	Iter0363	14	1	2	4	5	0	28.0	0.011351909184726556	0.513014650855	1
363	Iter0364	12	4	1	0	4	0	1.3	1.0	0.4410275781999999	1
364	Iter0365	19	1	3	1	8	0	6.333333333333332	0.3115942028985513	0.5497267299999998	1
365	Iter0366	15	1	4	0	9	2	1.6	1.0	0.49992686691	1
366	Iter0367	20	1	5	1	13	0	4.0	0.4017094017094045	0.543887923	1
367	Iter0368	13	1	2	0	7	2	2.333333333333333	1.0	0.4449899605493	1
368	Iter0369	16	2	6	1	9	2	1.3333333333333333	1.0	0.4882625132985059	1
369	Iter0370	18	0	6	1	7	0	5.428571428571429	0.28000000000000097	0.4509133269744001	1
370	Iter0371	7	1	3	2	2	0	4.666666666666667	0.5104895104895115	0.20291583088999998	1
371	Iter0372	8	1	2	0	6	2	1.5	1.0	0.58005793023	1
372	Iter0373	10	3	4	1	7	1	0.8333333333333334	1.0	0.427923432552803	1
373	Iter0374	16	2	1	1	7	0	8.0	0.2842105263157879	0.30106390605	1
374	Iter0375	16	3	10	0	8	4	0.3863636363636364	0.532019704433502	0.37062971000000006	1
375	Iter0376	22	3	2	1	11	0	3.6666666666666665	0.3821733821733784	0.6027165561999999	1
376	Iter0377	2	0	2	1	0	1	2.0	1.0	0.31929270340000004	1
377	Iter0378	8	1	3	2	4	0	5.333333333333333	0.5054945054945037	0.4067235749115021	1
378	Iter0379	8	0	3	0	3	0	2.25	1.0	0.3256031374	1
379	Iter0380	12	3	2	1	3	0	2.0	1.0	0.5675938323091698	1
380	Iter0381	13	1	4	1	4	2	3.25	0.4678362573099456	0.50865517	1
381	Iter0382	14	1	4	1	8	1	3.5	0.4473684210526331	0.48676149056	1
382	Iter0383	15	3	2	2	6	0	5.0	0.20984278879015528	0.302776419653	1
383	Iter0384	4	0	3	1	2	0	2.5	1.0	0.4020425883	1
384	Iter0385	20	3	4	0	9	0	1.05	1.0	0.484289956	1
385	Iter0386	7	0	4	0	6	1	1.6	1.0	0.45922348807395996	1
386	Iter0387	11	2	4	0	4	0	0.8	1.0	0.5255646920765039	1
387	Iter0388	14	1	2	4	9	1	28.0	0.011351909184726556	0.4106159645342	1
388	Iter0389	9	1	7	0	6	1	0.625	1.0	0.4768147634	1
389	Iter0390	8	1	9	1	5	3	0.8888888888888888	1.0	0.522734237796	1
390	Iter0391	14	0	3	1	7	0	7.5	0.22222222222222368	0.5742032998971899	1
391	Iter0392	10	2	4	2	4	3	2.5	0.5686274509803942	0.5409818639063001	1
392	Iter0393	0	0	5	1	0	2	0.3333333333333333	1.0	0.37467053014070006	1
393	Iter0394	18	1	3	1	11	0	6.0	0.32411067193675985	0.70805725	1
394	Iter0395	11	2	3	1	6	1	1.8333333333333333	1.0	0.45465780654000004	1
395	Iter0396	25	1	0	0	11	0	13.0	1.0	0.587701305904248	1
396	Iter0397	13	2	3	3	6	1	6.5	0.11455108359133245	0.4153051449300001	1
397	Iter0398	6	1	3	2	3	2	4.0	0.5227272727272729	0.525323017101489	1
398	Iter0399	6	0	6	1	4	2	2.0	1.0	0.518753515	1
399	Iter0400	12	4	2	1	8	1	1.5	1.0	0.679696068978	1
400	Iter0401	13	0	3	4	7	0	17.5	0.0072239422084623564	0.37444735283360003	1
401	Iter0402	15	1	2	0	9	0	2.6666666666666665	1.0	0.67689840678666	1
402	Iter0403	16	4	0	3	9	0	13.6	0.019762845849802174	0.49304566000000005	1
403	Iter0404	9	1	2	1	4	0	4.5	0.42307692307692296	0.31141621744000003	1
404	Iter0405	16	2	0	2	9	0	17.000000000000004	0.03157894736842118	0.37954934710982374	1
405	Iter0406	5	0	5	1	2	1	2.0	1.0	0.5793731630000001	1
406	Iter0407	16	2	7	2	11	3	2.2857142857142856	0.5815384615384667	0.4978856535300001	1
407	Iter0408	11	0	11	1	6	3	2.0	1.0	0.39722873999999997	1
408	Iter0409	13	2	10	3	5	3	1.95	0.6388888888888891	0.4708296988527401	1
409	Iter0410	5	1	4	2	3	2	2.5	1.0	0.5381619247903171	1
410	Iter0411	10	1	2	0	7	0	1.8333333333333333	1.0	0.38785008155	1
411	Iter0412	11	0	3	1	6	3	6.0	0.2666666666666666	0.48173583416067794	1
412	Iter0413	10	1	3	2	5	0	6.666666666666668	0.2142857142857131	0.30690464447000004	1
413	Iter0414	11	1	4	0	6	1	1.2	1.0	0.5489323305237	1
414	Iter0415	19	1	5	3	9	4	11.4	0.058119658119657976	0.4928331042	1
415	Iter0416	16	2	1	0	9	0	2.833333333333333	1.0	0.475866156030433	1
416	Iter0417	7	2	6	3	3	0	1.75	1.0	0.47799867910000005	1
417	Iter0418	9	3	1	0	3	1	1.25	1.0	0.45588339189729005	1
418	Iter0419	14	1	1	0	8	0	3.75	1.0	0.3260090081205851	1
419	Iter0420	12	1	3	2	8	1	8.0	0.1715686274509804	0.6120127401301079	1
420	Iter0421	7	1	2	3	4	1	10.5	0.21678321678321727	0.3707456432000001	1
421	Iter0422	5	1	3	1	2	0	1.6666666666666667	1.0	0.42058398978999995	1
422	Iter0423	9	0	1	2	7	0	15.0	0.045454545454545525	0.33384250370999996	1
423	Iter0424	13	1	7	1	9	3	1.8571428571428568	1.0	0.382806119999976	1
424	Iter0425	18	0	2	1	9	0	12.666666666666664	0.14285714285714254	0.5332284177	1
425	Iter0426	6	2	3	1	4	2	1.0	1.0	0.29624283888423	1
426	Iter0427	15	2	6	1	10	3	1.25	1.0	0.632607869558472	1
427	Iter0428	21	1	3	0	9	1	2.75	1.0	0.4988770569	1
428	Iter0429	0	0	1	2	0	1	1.5	1.0	0.46887516475098207	1
429	Iter0430	7	0	4	0	2	0	1.6	1.0	0.27346770164499995	1
430	Iter0431	10	2	6	1	5	3	0.8333333333333334	1.0	0.4223192919533001	1
431	Iter0432	11	3	6	2	7	1	1.2222222222222219	1.0	0.7402769878999998	1
432	Iter0433	4	1	3	1	1	1	1.3333333333333333	1.0	0.3691192039	1
433	Iter0434	18	1	4	3	9	2	13.5	0.046822742474916995	0.5000754969000001	1
434	Iter0435	11	1	4	0	7	1	1.2	1.0	0.41412383245719997	1
435	Iter0436	3	0	3	0	2	0	1.0	1.0	0.4785204656868	1
436	Iter0437	7	0	3	0	6	0	2.0	1.0	0.5435368110529728	1
437	Iter0438	13	3	1	0	8	0	1.75	1.0	0.688889103323	1
438	Iter0439	9	1	1	1	5	0	9.0	0.3181818181818192	0.5310057835722001	1
439	Iter0440	14	0	3	0	6	1	3.75	1.0	0.3680352766743882	1
440	Iter0441	15	1	4	4	8	3	15.0	0.02766798418972332	0.555250360728715	1
441	Iter0442	10	2	1	3	7	0	15.0	0.06318681318681309	0.57696625198	1
442	Iter0443	28	1	0	0	19	0	14.5	1.0	0.67222968508	1
443	Iter0444	15	3	3	0	7	1	1.0	1.0	0.44752622667000014	1
444	Iter0445	13	1	1	0	3	0	3.5	1.0	0.4875091738190001	1
445	Iter0446	9	0	4	5	2	1	12.0	0.029411764705882262	0.5399173021	1
446	Iter0447	18	0	2	0	7	0	6.333333333333332	1.0	0.462793638687	1
447	Iter0448	9	1	8	0	4	4	0.5555555555555556	1.0	0.5679917959207701	1
448	Iter0449	10	0	2	1	4	0	7.333333333333332	0.23076923076923114	0.266582832353	1
449	Iter0450	11	2	3	0	5	2	1.0	1.0	0.204832192	1
450	Iter0451	7	2	2	1	2	0	1.75	1.0	0.37672505530000006	1
451	Iter0452	12	1	6	2	3	2	4.0	0.5308270676691711	0.49099718890000005	1
452	Iter0453	6	1	3	0	4	0	0.875	1.0	0.30807844990230004	1
453	Iter0454	2	1	3	1	1	1	0.6666666666666666	1.0	0.34385256699892996	1
454	Iter0455	12	2	4	2	9	1	3.0	0.5492260061919542	0.27922072528356	1
455	Iter0456	14	1	4	3	6	0	10.5	0.07655502392344474	0.40362991719999997	1
456	Iter0457	15	1	0	0	6	0	8.0	1.0	0.5711777772	1
457	Iter0458	9	0	5	1	2	0	3.333333333333333	0.3999999999999996	0.3016732582579	1
458	Iter0459	17	1	2	0	10	0	3.0	1.0	0.5043452580539427	1
459	Iter0460	12	3	5	2	7	1	1.6	1.0	0.40752522649017897	1
460	Iter0461	14	3	4	1	7	0	1.1666666666666667	1.0	0.41758676461100963	1
461	Iter0462	11	3	3	3	6	0	3.6666666666666665	0.3027089783281745	0.33038328280000007	1
462	Iter0463	22	1	4	0	10	0	2.3	1.0	0.524868107982	1
463	Iter0464	16	1	7	1	8	1	2.2857142857142856	1.0	0.5792452610108499	1
464	Iter0465	13	4	3	5	7	0	5.416666666666668	0.08699812773039403	0.27376439554629994	1
465	Iter0466	2	0	0	1	1	0	6.0	0.33333333333333337	0.4073306398999995	1
466	Iter0467	14	1	1	1	7	1	14.0	0.2279411764705885	0.38396977924620007	1
467	Iter0468	13	1	2	0	7	1	2.333333333333333	1.0	0.5192032574000001	1
468	Iter0469	6	0	3	1	3	1	3.5	0.3999999999999996	0.47510900327000005	1
469	Iter0470	23	0	2	1	14	1	16.0	0.11538461538461495	0.4503436278207711	1
470	Iter0471	15	3	2	2	8	1	5.0	0.20984278879015528	0.46608073875999995	1
471	Iter0472	6	3	2	1	3	0	1.0	1.0	0.41697070029999994	1
472	Iter0473	8	2	6	1	3	2	0.6666666666666666	1.0	0.547759351352	1
473	Iter0474	7	1	4	1	3	3	1.75	1.0	0.49152947960759996	1
474	Iter0475	21	2	5	0	4	3	1.2222222222222219	1.0	0.24701353260000003	1
475	Iter0476	19	0	1	1	8	0	20.0	0.09523809523809544	0.3722544366	1
476	Iter0477	14	0	3	2	5	0	11.25	0.05847953216374273	0.269858316804	1
477	Iter0478	22	0	2	1	13	0	15.333333333333336	0.1199999999999999	0.6185709461999999	1
478	Iter0479	0	0	2	1	0	2	0.6666666666666666	1.0	0.6057881491296999	1
479	Iter0480	12	1	6	0	8	2	0.9285714285714286	1.0	0.5573326855769001	1
480	Iter0481	15	2	3	0	11	0	1.3333333333333333	1.0	0.47230049299999993	1
481	Iter0482	12	2	4	0	6	0	0.8666666666666666	1.0	0.48043125810000004	1
482	Iter0483	12	0	4	3	6	1	10.4	0.03611971104231163	0.25688898399999993	1
483	Iter0484	14	2	3	0	9	1	1.25	1.0	0.45974900029677285	1
484	Iter0485	14	4	2	2	6	0	3.5	0.2918660287081307	0.43602334564999995	1
485	Iter0486	9	1	2	1	3	0	4.5	0.42307692307692296	0.5177272948930977	1
486	Iter0487	10	1	2	2	2	1	10.0	0.15384615384615288	0.49535234699999997	1
487	Iter0488	11	2	2	2	5	0	5.5	0.2189075630252089	0.437580948058	1
488	Iter0489	2	0	7	1	2	4	0.75	1.0	0.42378046999999996	1
489	Iter0490	7	1	4	1	5	0	1.75	1.0	0.58500429	1
490	Iter0491	6	1	3	0	4	0	0.875	1.0	0.560868729992835	1
491	Iter0492	16	4	2	1	8	0	2.0	0.5392433653303165	0.5103673883676	1
492	Iter0493	0	0	7	3	0	4	0.5	1.0	0.2304860199970224	1
493	Iter0494	15	2	2	1	8	0	3.75	0.4035087719298248	0.276757472	1
494	Iter0495	9	1	4	0	5	2	1.0	1.0	0.5357897773570001	1
495	Iter0496	14	3	4	1	3	1	1.1666666666666667	1.0	0.357479368917	1
496	Iter0497	0	0	3	0	0	0	0.25	1.0	0.3056682063054	1
497	Iter0498	10	1	3	0	6	1	1.375	1.0	0.38998627069720004	1
498	Iter0499	8	0	2	2	5	1	9.0	0.0909090909090909	0.751586295704	1
499	Iter0500	16	0	8	4	4	4	9.444444444444443	0.024175824175824118	0.3651836409337899	1
500	Iter0501	14	2	9	1	10	1	0.7777777777777778	1.0	0.5991885032964599	1
501	Iter0502	10	0	9	3	3	4	4.4	0.22077922077922071	0.32778267732000005	1
502	Iter0503	15	1	4	1	6	1	3.75	0.4285714285714309	0.28431523620000004	1
503	Iter0504	12	1	1	0	9	0	3.25	1.0	0.50411070436356	1
504	Iter0505	0	0	2	1	0	1	0.6666666666666666	1.0	0.5387239577	1
505	Iter0506	0	0	3	4	0	0	1.25	1.0	0.39082424384	1
506	Iter0507	8	1	3	2	2	0	5.333333333333333	0.5054945054945037	0.46514558089381	1
507	Iter0508	18	4	5	0	4	2	0.6333333333333333	0.5612535612535696	0.48303137182238504	1
508	Iter0509	11	0	6	3	7	3	6.857142857142858	0.07368421052631563	0.443245187	1
509	Iter0510	25	2	0	0	15	0	8.666666666666666	1.0	0.57064987783	1
510	Iter0511	12	2	7	0	4	0	0.5416666666666666	0.5333333333333385	0.5773526510267999	1
511	Iter0512	0	0	1	2	0	1	1.5	1.0	0.5762744166131	1
512	Iter0513	0	0	4	1	0	2	0.4	1.0	0.3473985242	1
513	Iter0514	17	2	3	1	7	0	2.833333333333333	0.4528514963297557	0.642661308	1
514	Iter0515	10	0	2	1	2	1	7.333333333333332	0.23076923076923114	0.735635230454	1
515	Iter0516	17	2	8	1	10	4	1.0625	1.0	0.57888149804657	1
516	Iter0517	20	1	2	4	10	0	40.0	0.003976217019695321	0.5236929244059101	1
517	Iter0518	14	1	2	1	8	1	7.0	0.3137254901960785	0.7702695795977	1
518	Iter0519	15	1	3	1	7	0	5.0	0.3684210526315782	0.49925642613	1
519	Iter0520	7	0	2	1	3	0	5.333333333333333	0.2999999999999995	0.4325282563100001	1
520	Iter0521	15	4	2	1	5	0	1.875	1.0	0.3376632607292	1
521	Iter0522	10	0	3	1	7	0	5.5	0.2857142857142847	0.5389085259999999	1
522	Iter0523	15	1	8	1	8	4	1.875	1.0	0.5312619806911456	1
523	Iter0524	11	1	4	2	4	0	5.5	0.24509803921568654	0.40319373516293	1
524	Iter0525	17	1	2	2	13	0	17.0	0.07272727272727228	0.4698715206628601	1
525	Iter0526	0	0	4	0	0	0	0.2	1.0	0.47463490497	1
526	Iter0527	13	0	2	3	7	0	18.666666666666668	0.01225490196078432	0.507936056884106	1
527	Iter0528	15	4	3	1	8	0	1.25	1.0	0.532852363922627	1
528	Iter0529	6	0	3	3	3	2	7.0	0.1818181818181821	0.39457970572	1
529	Iter0530	12	4	4	3	7	2	2.25	0.6258397679854166	0.35526824	1
530	Iter0531	14	1	4	2	8	2	7.0	0.1842105263157894	0.44736402999999997	1
531	Iter0532	11	1	4	3	4	2	8.25	0.11738906088751296	0.4602360751997795	1
532	Iter0533	10	1	4	0	8	1	1.1	1.0	0.4804627090576	1
533	Iter0534	3	1	2	2	1	2	3.0	1.0	0.45725728209264005	1
534	Iter0535	16	2	8	3	7	0	3.0	0.3386383731211322	0.4816530191709999	1
535	Iter0536	11	2	3	1	3	0	1.8333333333333333	1.0	0.1880720348	1
536	Iter0537	10	2	2	0	4	0	1.2222222222222219	1.0	0.29602551639999997	1
537	Iter0538	9	2	4	0	6	2	0.6666666666666667	1.0	0.41700352024533005	1
538	Iter0539	12	0	7	1	3	0	3.25	0.3999999999999996	0.45343208000000007	1
539	Iter0540	12	2	2	1	7	1	3.0	0.4647058823529435	0.5922580806	1
540	Iter0541	22	4	8	0	11	4	0.5111111111111111	0.5514921511126464	0.6030322119999999	1
541	Iter0542	15	0	5	0	7	2	2.6666666666666665	1.0	0.597638699013	1
542	Iter0543	10	1	1	2	6	0	20.0	0.0934065934065932	0.191974914	1
543	Iter0544	11	2	6	3	6	1	2.75	0.6090225563909761	0.24730187780000001	1
544	Iter0545	0	0	2	0	0	0	0.3333333333333333	1.0	0.45194820124602103	1
545	Iter0546	8	0	4	0	5	1	1.8	1.0	0.37829877000000006	1
546	Iter0547	18	4	3	0	10	0	0.95	1.0	0.4756319333999999	1
547	Iter0548	6	0	3	0	4	3	1.75	1.0	0.35576147613000003	1
548	Iter0549	12	1	1	0	6	0	3.25	1.0	0.5796007521203	1
549	Iter0550	12	0	1	0	6	0	6.5	1.0	0.544443874777	1
550	Iter0551	11	1	1	2	3	1	22.0	0.08131868131868061	0.3429783245184	1
551	Iter0552	22	1	1	0	9	0	5.75	1.0	0.6085187730000001	1
552	Iter0553	5	0	1	4	1	0	15.0	0.0476190476190476	0.5540380297294598	1
553	Iter0554	16	2	7	0	9	4	0.7083333333333334	1.0	0.6203116562999998	1
554	Iter0555	9	1	5	0	5	2	0.8333333333333334	1.0	0.24738107780000002	1
555	Iter0556	15	0	0	1	5	0	32.0	0.06249999999999997	0.365874644549	1
556	Iter0557	17	5	2	2	8	1	3.4	0.28702341137123866	0.26218401482	1
557	Iter0558	10	1	2	0	5	0	1.8333333333333333	1.0	0.47187791147353536	1
558	Iter0559	18	5	2	2	13	0	3.6	0.26923076923077266	0.63218569594484	1
559	Iter0560	12	1	3	2	5	1	8.0	0.1715686274509804	0.44378201691187	1
560	Iter0561	17	4	4	0	7	1	0.72	1.0	0.5538042422421499	1
561	Iter0562	12	5	3	2	5	0	1.6	1.0	0.4487028145	1
562	Iter0563	11	2	4	1	4	1	1.375	1.0	0.47749125591583996	1
563	Iter0564	14	0	6	2	6	3	6.428571428571428	0.12121212121212085	0.4769333687684	1
564	Iter0565	12	1	3	1	5	1	4.0	0.4264705882352935	0.6173861585127614	1
565	Iter0566	9	0	1	1	5	1	10.0	0.1818181818181815	0.7085306597721999	1
566	Iter0567	10	0	3	0	4	1	2.75	1.0	0.5847263446180699	1
567	Iter0568	18	0	5	3	13	0	12.666666666666664	0.021538461538461617	0.5006857926870001	1
568	Iter0569	21	4	0	1	14	0	8.8	0.1923076923076912	0.523138104	1
569	Iter0570	9	0	2	2	2	1	10.0	0.07692307692307697	0.477337271484	1
570	Iter0571	15	2	4	1	8	4	1.875	1.0	0.5988515268000001	1
571	Iter0572	14	2	1	2	7	0	14.0	0.09700722394220897	0.5346212848599999	1
572	Iter0573	18	4	3	1	6	1	1.5	1.0	0.368036662	1
573	Iter0574	16	2	1	2	7	0	16.0	0.07969924812030085	0.4774893580000001	1
574	Iter0575	14	4	0	2	7	0	9.0	0.07894736842105189	0.505055843951	1
575	Iter0576	0	0	4	2	0	1	0.6	1.0	0.47941639001189995	1
576	Iter0577	8	1	4	0	4	2	0.9	1.0	0.48210708	1
577	Iter0578	13	1	5	1	6	2	2.6	0.5210526315789493	0.4362036366117	1
578	Iter0579	13	0	5	0	9	2	2.333333333333333	1.0	0.5435174599999999	1
579	Iter0580	11	2	0	1	6	0	8.0	0.21428571428571366	0.5632408085739202	1
580	Iter0581	0	0	2	0	0	0	0.3333333333333333	1.0	0.35152949939	1
581	Iter0582	13	4	3	0	8	0	0.7	1.0	0.3888857043999999	1
582	Iter0583	4	0	2	2	1	0	5.0	0.4285714285714282	0.7008602872309997	1
583	Iter0584	15	0	5	0	8	2	2.6666666666666665	1.0	0.3263474356698652	1
584	Iter0585	21	5	2	0	13	0	1.2222222222222219	1.0	0.5755686023500001	1
585	Iter0586	14	1	1	0	11	0	3.75	1.0	0.555832151	1
586	Iter0587	18	6	3	3	9	2	3.0	0.3287002652519919	0.34725524258	1
587	Iter0588	9	0	4	0	5	2	2.0	1.0	0.6023176488220501	1
588	Iter0589	12	0	2	1	6	1	8.666666666666666	0.20000000000000012	0.3735490707604999	1
589	Iter0590	11	1	1	2	5	0	22.0	0.08131868131868061	0.515864082305	1
590	Iter0591	8	4	3	5	1	0	3.333333333333333	0.3618480590616823	0.337074678115809	1
591	Iter0592	8	0	5	3	6	0	6.0	0.19999999999999946	0.4188717618384	1
592	Iter0593	11	1	7	2	5	5	3.1428571428571432	0.5533834586466142	0.28173211070000004	1
593	Iter0594	12	0	1	2	3	0	19.5	0.02857142857142844	0.29252593358213	1
594	Iter0595	11	1	2	2	6	1	11.0	0.1357142857142847	0.524089147793851	1
595	Iter0596	13	5	3	2	5	0	1.7333333333333334	0.6213854795090492	0.4929954271268127	1
596	Iter0597	7	2	3	0	3	0	0.6666666666666666	1.0	0.3843470125999666	1
597	Iter0598	11	0	5	1	8	2	4.0	0.3529411764705884	0.42354425000000007	1
598	Iter0599	24	2	5	1	9	4	2.4	0.4758064516129016	0.5576459667	1
599	Iter0600	14	2	1	2	6	0	14.0	0.09700722394220897	0.49178295511190806	1
600	Iter0601	11	3	8	0	5	5	0.3333333333333333	0.2727272727272731	0.31372169218985996	1
601	Iter0602	15	1	5	1	7	1	3.0	0.4805194805194798	0.3608545024	1
602	Iter0603	8	1	3	0	3	1	1.125	1.0	0.3896937312599	1
603	Iter0604	9	3	6	0	3	0	0.35714285714285715	0.5147058823529426	0.6238774621851002	1
604	Iter0605	0	0	2	4	0	0	1.6666666666666667	1.0	0.5874315529999999	1
605	Iter0606	9	0	3	3	7	0	10.0	0.043956043956043744	0.31642672000000005	1
606	Iter0607	18	1	9	0	10	3	0.95	1.0	0.4214778675555	1
607	Iter0608	5	1	5	2	2	1	2.0	1.0	0.47974205583	1
608	Iter0609	5	2	4	1	5	1	0.625	1.0	0.5919795597457954	1
609	Iter0610	5	2	3	2	2	1	1.6666666666666667	1.0	0.240237092391	1
610	Iter0611	11	3	1	3	6	0	11.0	0.08333333333333336	0.34823582996736874	1
611	Iter0612	13	3	7	2	5	3	1.2380952380952381	1.0	0.38469749122322	1
612	Iter0613	15	0	5	1	8	2	5.333333333333333	0.2857142857142857	0.6188147159999999	1
613	Iter0614	7	0	4	1	2	2	3.2	0.4166666666666672	0.43165984699999993	1
614	Iter0615	9	1	7	1	3	0	1.2857142857142858	1.0	0.42750775	1
615	Iter0616	6	0	1	2	2	0	10.5	0.08333333333333337	0.42554101130000005	1
616	Iter0617	17	2	4	0	11	0	1.2	1.0	0.4988390501000002	1
617	Iter0618	12	2	3	2	8	1	4.0	0.272187822497422	0.5441036248900001	1
618	Iter0619	20	1	5	1	10	3	4.0	0.4017094017094045	0.5421803799999999	1
619	Iter0620	15	0	2	5	9	0	32.0	0.0007974481658692161	0.46509712103199996	1
620	Iter0621	8	2	3	0	5	0	0.75	1.0	0.46343984200000005	1
621	Iter0622	10	1	5	0	5	1	0.9166666666666666	1.0	0.64866374321	1
622	Iter0623	0	0	2	0	0	0	0.3333333333333333	1.0	0.28853009262999996	1
623	Iter0624	18	4	10	0	8	4	0.34545454545454546	0.2826751946607393	0.35745003727120545	1
624	Iter0625	20	3	2	2	7	0	6.666666666666668	0.14444444444444635	0.5046998382000001	1
625	Iter0626	10	0	3	3	4	0	11.0	0.03571428571428551	0.41078519553500004	1
626	Iter0627	12	0	6	1	5	4	3.7142857142857135	0.3684210526315791	0.43083702823	1
627	Iter0628	10	3	3	1	9	0	1.1111111111111112	1.0	0.6167830783005187	1
628	Iter0629	8	2	6	0	4	2	0.42857142857142855	0.4999999999999994	0.66386638932	1
629	Iter0630	8	1	6	3	6	1	4.0	0.5764705882352948	0.46270748999999994	1
630	Iter0631	14	0	1	0	8	1	7.5	1.0	0.5051883845010001	1
631	Iter0632	15	0	4	6	9	0	22.4	0.0011857707509881489	0.5446066439999999	1
632	Iter0633	7	0	2	1	5	0	5.333333333333333	0.2999999999999995	0.5527879900000001	1
633	Iter0634	12	2	5	1	5	1	1.2	1.0	0.30360520749010006	1
634	Iter0635	9	0	2	1	4	0	6.666666666666668	0.25000000000000083	0.4303933469	1
635	Iter0636	9	0	4	0	5	1	2.0	1.0	0.4602160368	1
636	Iter0637	12	1	9	1	7	0	1.3333333333333333	1.0	0.5148773148	1
637	Iter0638	16	2	2	1	7	2	4.0	0.3864661654135317	0.46135406985999994	1
638	Iter0639	16	1	3	3	8	1	16.0	0.04009034443817063	0.4018045804	1
639	Iter0640	10	1	4	0	2	1	1.1	1.0	0.32032570038999997	1
640	Iter0641	17	1	3	1	8	0	5.666666666666668	0.33766233766233744	0.557327058	1
641	Iter0642	15	3	3	1	10	2	1.6666666666666667	1.0	0.62368960779	1
642	Iter0643	19	1	3	1	8	1	6.333333333333332	0.3115942028985513	0.32948336115400007	1
643	Iter0644	15	4	3	1	11	1	1.25	1.0	0.5693789989393956	1
644	Iter0645	7	1	0	1	2	0	8.0	0.2222222222222225	0.3960002983	1
645	Iter0646	9	1	2	2	3	0	9.0	0.17582417582417564	0.5163281886	1
646	Iter0647	10	2	5	2	7	0	2.0	0.6026831785345728	0.6062104204631001	1
647	Iter0648	20	1	6	0	6	2	1.5	1.0	0.34259241051945205	1
648	Iter0649	8	0	4	2	2	1	5.4	0.16483516483516408	0.27475267999999997	1
649	Iter0650	9	2	0	2	7	0	10.000000000000002	0.0769230769230771	0.35878869680000003	1
650	Iter0651	6	2	2	1	5	0	1.5	1.0	0.5647909618539002	1
651	Iter0652	14	0	2	2	4	2	15.0	0.039215686274510005	0.44580378878730004	1
652	Iter0653	21	1	3	1	11	0	7.0	0.2892307692307699	0.7410995179999998	1
653	Iter0654	13	1	3	1	7	0	4.333333333333333	0.4052287581699357	0.5938615315099999	1
654	Iter0655	7	1	5	2	4	2	2.8	0.5692307692307675	0.22708874	1
655	Iter0656	11	2	6	3	4	4	2.75	0.6090225563909761	0.5975547290930001	1
656	Iter0657	12	1	2	2	5	0	12.0	0.12058823529411752	0.46180026018	1
657	Iter0658	16	4	2	0	8	1	1.1333333333333333	1.0	0.48561632289999995	1
658	Iter0659	14	2	5	0	9	2	0.8333333333333334	1.0	0.3026510021815	1
659	Iter0660	7	1	2	2	4	0	7.0	0.2363636363636368	0.5467654013597999	1
660	Iter0661	16	1	2	1	9	1	8.0	0.2842105263157898	0.29448089951999995	1
661	Iter0662	13	1	5	2	2	0	5.2	0.247368421052632	0.27516278664550003	1
662	Iter0663	7	0	6	0	4	1	1.1428571428571428	1.0	0.32454694303444	1
663	Iter0664	19	4	2	1	10	0	2.375	0.48846153846153706	0.44767648699999996	1
664	Iter0665	6	1	2	0	4	0	1.1666666666666667	1.0	0.718660299	1
665	Iter0666	17	4	7	4	7	3	2.4285714285714284	0.3970408716237434	0.5449666874899999	1
666	Iter0667	18	1	7	0	9	3	1.1875	1.0	0.4637019889	1
667	Iter0668	9	3	0	0	3	0	2.5	1.0	0.43209204	1
668	Iter0669	9	0	2	0	2	0	3.333333333333333	1.0	0.40537010289000003	1
669	Iter0670	10	0	6	3	5	6	6.2857142857142865	0.0866873065015484	0.29244700250000005	1
670	Iter0671	13	0	2	1	7	0	9.333333333333334	0.18750000000000014	0.7704719513	1
671	Iter0672	13	2	2	1	7	0	3.25	0.4424019607843176	0.5032958662782001	1
672	Iter0673	0	0	2	0	0	2	0.3333333333333333	1.0	0.38744644148	1
673	Iter0674	5	1	5	1	4	5	1.0	1.0	0.353719271658	1
674	Iter0675	15	4	4	2	7	0	1.875	0.6060530773574245	0.37390311556000005	1
675	Iter0676	0	0	1	1	0	0	1.0	1.0	0.5925275741169999	1
676	Iter0677	3	0	4	2	3	0	2.4	0.5000000000000007	0.44487547966469104	1
677	Iter0678	0	0	0	0	0	0	1.0	1.0	0.5020637233999999	1
678	Iter0679	21	0	1	1	10	1	22.0	0.0869565217391306	0.5074028340938002	1
679	Iter0680	18	3	3	0	14	0	1.1875	1.0	0.748640867938	1
680	Iter0681	21	3	1	0	14	1	2.75	1.0	0.4867020760100001	1
681	Iter0682	10	1	4	2	3	2	5.0	0.514705882352942	0.3657220948599999	1
682	Iter0683	18	3	5	2	11	1	2.4	0.5737179487179472	0.39151001853	1
683	Iter0684	13	0	10	2	5	1	3.8181818181818175	0.22000000000000192	0.20149177407000002	1
684	Iter0685	0	0	10	1	0	6	0.18181818181818185	1.0	0.3362658513	1
685	Iter0686	11	0	2	0	4	2	4.0	1.0	0.41874490899999994	1
686	Iter0687	8	0	5	0	6	0	1.5	1.0	0.53972130491	1
687	Iter0688	14	1	1	3	6	0	42.0	0.015737874097007255	0.507503862	1
688	Iter0689	20	0	8	2	8	4	7.0	0.10344827586207013	0.40874538789708764	1
689	Iter0690	12	2	4	1	4	0	1.5	1.0	0.3964684189999999	1
690	Iter0691	19	1	6	1	10	2	3.1666666666666665	0.4586894586894626	0.5776821704599999	1
691	Iter0692	13	2	1	0	8	0	2.333333333333333	1.0	0.29451548150000006	1
692	Iter0693	22	4	5	1	12	1	1.1	1.0	0.5361605656520301	1
693	Iter0694	13	2	7	1	6	5	0.9285714285714286	1.0	0.47025117600000016	1
694	Iter0695	15	2	0	2	6	0	16.0	0.03508771929824571	0.6219483047700001	1
695	Iter0696	23	1	3	1	9	1	7.666666666666668	0.269841269841267	0.6283386102379998	1
696	Iter0697	5	2	2	1	4	0	1.25	1.0	0.7022810619800001	1
697	Iter0698	18	1	4	0	8	1	1.9	1.0	0.52705901	1
698	Iter0699	15	2	7	0	9	0	0.6666666666666666	1.0	0.507244362452222	1
699	Iter0700	3	1	3	1	3	0	1.0	1.0	0.52375337198	1
700	Iter0701	5	1	6	2	4	1	1.6666666666666667	1.0	0.46986092470000007	1
701	Iter0702	16	2	5	1	8	1	1.6	1.0	0.42166145899999996	1
702	Iter0703	18	1	1	0	10	1	4.75	1.0	0.5769090743990001	1
703	Iter0704	15	2	2	0	8	0	1.7777777777777777	1.0	0.38970595178	1
704	Iter0705	8	1	6	2	6	4	2.6666666666666665	0.5764705882352942	0.6394842501014001	1
705	Iter0706	6	2	7	3	2	0	1.2857142857142856	1.0	0.3419634748050831	1
706	Iter0707	5	1	5	2	4	0	2.0	1.0	0.39523321199999994	1
707	Iter0708	17	2	2	2	9	0	8.5	0.1245623941276112	0.5465093539783719	1
708	Iter0709	10	3	0	2	4	0	8.25	0.09523809523809497	0.41041429199999996	1
709	Iter0710	14	3	3	0	8	1	0.9375	1.0	0.6518830239999999	1
710	Iter0711	19	1	3	4	12	0	25.33333333333333	0.008931004583178621	0.45576194039999995	1
711	Iter0712	15	1	3	1	8	2	5.0	0.3684210526315782	0.5338105038200001	1
712	Iter0713	24	3	1	1	15	1	8.0	0.2610837438423657	0.41865860140699995	1
713	Iter0714	9	1	5	1	5	2	1.8	1.0	0.44974872399999993	1
714	Iter0715	10	2	3	1	7	0	1.6666666666666667	1.0	0.567614605897202	1
715	Iter0716	18	1	3	0	8	1	2.375	1.0	0.4863522724926539	1
716	Iter0717	14	1	4	3	5	1	10.5	0.07655502392344474	0.4071971555199999	1
717	Iter0718	0	0	4	0	0	2	0.2	1.0	0.4659512651999999	1
718	Iter0719	4	1	2	2	3	1	4.0	0.5238095238095241	0.75183831378063	1
719	Iter0720	16	2	1	1	6	0	8.0	0.2842105263157879	0.38694275528000005	1
720	Iter0721	12	0	2	0	6	0	4.333333333333333	1.0	0.6019597047999999	1
721	Iter0722	12	1	1	1	4	0	12.0	0.2571428571428551	0.47036214590259995	1
722	Iter0723	7	3	2	0	5	1	0.6666666666666666	1.0	0.4445056561	1
723	Iter0724	15	3	1	1	9	0	5.0	0.3684210526315783	0.50179505266	1
724	Iter0725	13	0	2	0	5	0	4.666666666666667	1.0	0.33585217479999996	1
725	Iter0726	8	0	2	0	4	1	3.0	1.0	0.49262283499446247	1
726	Iter0727	0	0	1	1	0	0	1.0	1.0	0.5501181900000001	1
727	Iter0728	14	3	3	1	9	1	1.5555555555555556	1.0	0.5414883462817	1
728	Iter0729	9	2	1	2	5	0	9.0	0.1758241758241759	0.35700992940000004	1
729	Iter0730	9	1	4	2	5	1	4.5	0.5178571428571411	0.43019594135230405	1
730	Iter0731	11	2	2	1	5	1	2.75	0.489285714285712	0.36225548172800004	1
731	Iter0732	13	1	4	2	5	1	6.5	0.2017543859649133	0.38365760000000004	1
732	Iter0733	14	0	2	0	8	0	5.0	1.0	0.6630786844248	1
733	Iter0734	4	3	3	5	4	1	2.2222222222222223	0.6192696192696198	0.6915035750999999	1
734	Iter0735	7	0	3	3	4	0	8.0	0.06993006993007002	0.46199536202459995	1
735	Iter0736	0	0	0	1	0	0	2.0	1.0	0.584101358	1
736	Iter0737	8	1	1	4	4	1	32.0	0.022977022977022855	0.49487730489	1
737	Iter0738	17	2	0	0	12	0	6.0	1.0	0.6530563169999998	1
738	Iter0739	7	3	1	2	4	0	4.666666666666667	0.5104895104895114	0.3689549819146001	1
739	Iter0740	17	1	2	3	8	2	25.5	0.020892151326933842	0.42884364177	1
740	Iter0741	18	1	5	0	7	1	1.5833333333333333	1.0	0.39001231825	1
741	Iter0742	23	2	3	0	9	1	2.0	1.0	0.5113181706700001	1
742	Iter0743	14	2	4	1	5	0	1.75	1.0	0.38580964619999997	1
743	Iter0744	10	0	5	1	8	2	3.6666666666666665	0.3749999999999997	0.40560512914995994	1
744	Iter0745	6	2	6	1	4	1	0.5	1.0	0.75169261556	1
745	Iter0746	5	2	3	0	3	0	0.5	1.0	0.31410637700000005	1
746	Iter0747	19	3	4	1	10	2	1.5833333333333333	1.0	0.3754222104	1
747	Iter0748	17	0	8	2	6	3	6.0	0.12820512820512892	0.4431357514209999	1
748	Iter0749	11	1	3	2	5	1	7.333333333333332	0.19117647058823506	0.4248683143	1
749	Iter0750	14	1	3	0	8	0	1.875	1.0	0.68661963338485	1
750	Iter0751	14	1	5	2	12	3	5.6	0.2272727272727265	0.4618691273	1
751	Iter0752	17	2	8	2	11	0	2.125	0.5920171782240786	0.47076394089992013	1
752	Iter0753	11	0	1	0	7	0	6.0	1.0	0.6008851330579998	1
753	Iter0754	4	1	4	1	2	1	1.0	1.0	0.546520938	1
754	Iter0755	17	0	1	1	9	1	18.0	0.10526315789473688	0.55546798053	1
755	Iter0756	13	5	7	2	4	1	0.7428571428571429	1.0	0.3914339576550001	1
756	Iter0757	8	3	3	1	2	3	0.8888888888888888	1.0	0.409224451	1
757	Iter0758	18	2	3	1	8	0	3.0	0.4367588932806333	0.5709876235498399	1
758	Iter0759	15	0	4	1	6	1	6.4	0.25000000000000083	0.35432619686899997	1
759	Iter0760	13	0	3	0	7	2	3.5	1.0	0.5841530357000001	1
760	Iter0761	22	4	4	1	10	0	1.375	1.0	0.42226659938567307	1
761	Iter0762	12	1	2	0	3	2	2.1666666666666665	1.0	0.36570362984849997	1
762	Iter0763	15	1	3	0	8	0	2.0	1.0	0.34895184083439995	1
763	Iter0764	10	0	1	1	3	0	11.0	0.16666666666666674	0.5574155994399999	1
764	Iter0765	20	4	4	1	14	1	1.25	1.0	0.5528760688456863	1
765	Iter0766	24	1	3	1	5	1	8.0	0.26108374384236405	0.42541248530052	1
766	Iter0767	6	2	2	5	3	1	7.5	0.13193473193473193	0.41735549288	1
767	Iter0768	18	0	1	1	9	0	19.0	0.10000000000000024	0.6179257530039889	1
768	Iter0769	5	2	4	0	1	2	0.4	0.4909090909090908	0.4663347717599999	1
769	Iter0770	10	1	3	1	5	0	3.333333333333333	0.4761904761904727	0.4699254151479999	1
770	Iter0771	0	0	7	2	0	4	0.375	1.0	0.5921275499900001	1
771	Iter0772	14	2	3	1	6	3	2.333333333333333	0.5087719298245632	0.5806103735000001	1
772	Iter0773	28	1	1	0	15	0	7.25	1.0	0.50607144273	1
773	Iter0774	9	2	4	0	5	1	0.6666666666666667	1.0	0.485778526	1
774	Iter0775	13	1	1	1	5	0	13.0	0.24166666666666656	0.61449143	1
775	Iter0776	8	1	2	1	5	1	4.0	0.4545454545454555	0.5753149075999999	1
776	Iter0777	13	1	0	4	4	0	35.0	0.001633986928104578	0.33875438783913003	1
777	Iter0778	12	1	3	1	6	0	4.0	0.4264705882352935	0.4325416059985919	1
778	Iter0779	11	2	2	2	6	1	5.5	0.2189075630252089	0.39407045049999995	1
779	Iter0780	10	1	7	1	6	1	1.4285714285714286	1.0	0.5821055248370001	1
780	Iter0781	9	1	4	0	5	0	1.0	1.0	0.637189575761015	1
781	Iter0782	15	1	1	0	9	0	4.0	1.0	0.59731557	1
782	Iter0783	11	2	3	0	3	3	1.0	1.0	0.4912056059752968	1
783	Iter0784	11	2	2	1	6	1	2.75	0.489285714285712	0.37275541981193605	1
784	Iter0785	24	1	1	4	8	0	96.0	0.0008841732979664055	0.48334226878313996	1
785	Iter0786	9	0	1	0	5	0	5.0	1.0	0.46632638114375	1
786	Iter0787	26	1	3	0	15	1	3.375	1.0	0.608549531606	1
787	Iter0788	2	1	5	1	2	2	0.4	1.0	0.4020790837000001	1
788	Iter0789	10	2	0	0	5	0	3.6666666666666665	1.0	0.4728073392	1
789	Iter0790	17	3	1	2	11	0	11.333333333333336	0.10728402032749762	0.4581504595	1
790	Iter0791	16	0	3	2	8	0	12.75	0.04761904761904764	0.3809948181988001	1
791	Iter0792	19	1	3	3	5	0	19.0	0.027759197324414887	0.38467251160899996	1
792	Iter0793	15	2	1	0	10	0	2.6666666666666665	1.0	0.53579629306	1
793	Iter0794	16	3	2	1	9	0	2.6666666666666665	0.470129870129869	0.3964170655900001	1
794	Iter0795	7	1	0	1	3	0	8.0	0.2222222222222225	0.39108569931	1
795	Iter0796	18	3	2	1	10	0	3.0	0.4367588932806333	0.7369741921	1
796	Iter0797	4	0	1	1	2	1	5.0	0.3333333333333332	0.4886623495000001	1
797	Iter0798	7	2	2	1	2	1	1.75	1.0	0.398496917	1
798	Iter0799	8	1	3	1	1	0	2.6666666666666665	1.0	0.42447010970000004	1
799	Iter0800	27	1	2	1	14	0	13.5	0.18709677419354967	0.5235118229267661	1
800	Iter0801	10	4	2	1	10	0	1.25	1.0	0.4010690526400001	1
801	Iter0802	7	0	3	0	6	0	2.0	1.0	0.682326314028	1
802	Iter0803	6	0	2	0	3	1	2.333333333333333	1.0	0.5376879928695998	1
803	Iter0804	23	0	3	0	14	0	6.0	1.0	0.45900348678253	1
804	Iter0805	0	0	1	0	0	0	0.5	1.0	0.51266268213427	1
805	Iter0806	18	2	2	5	4	2	22.5	0.004651869869261205	0.36037626747000007	1
806	Iter0807	9	1	4	4	4	0	9.0	0.11764705882352955	0.6577938897738339	1
807	Iter0808	16	0	1	1	10	0	17.0	0.11111111111111163	0.5689564736	1
808	Iter0809	5	0	1	3	2	0	12.0	0.04761904761904764	0.42493219070000005	1
809	Iter0810	13	0	7	0	12	0	1.75	1.0	0.6634791400000001	1
810	Iter0811	16	0	5	0	9	3	2.833333333333333	1.0	0.796432162388	1
811	Iter0812	15	1	2	1	7	0	7.5	0.29824561403508804	0.292612182	1
812	Iter0813	14	3	5	0	7	1	0.625	1.0	0.556281367299938	1
813	Iter0814	10	3	3	1	6	1	1.1111111111111112	1.0	0.406724802037	1
814	Iter0815	14	3	4	0	6	0	0.75	1.0	0.34723871841803894	1
815	Iter0816	10	2	5	2	8	2	2.0	0.6026831785345728	0.36077011943000004	1
816	Iter0817	11	0	5	0	5	1	2.0	1.0	0.400640183305	1
817	Iter0818	13	1	0	0	5	0	7.0	1.0	0.3974564129019472	1
818	Iter0819	16	2	3	1	11	0	2.6666666666666665	0.4701298701298662	0.44350040374999994	1
819	Iter0820	4	0	2	1	3	0	3.333333333333333	0.42857142857142827	0.6106303900000001	1
820	Iter0821	18	3	1	1	10	0	6.0	0.32411067193675985	0.3391544593647	1
821	Iter0822	14	3	4	1	6	1	1.1666666666666667	1.0	0.5600579106999999	1
822	Iter0823	14	0	4	3	9	1	12.0	0.02631578947368412	0.40420988362999993	1
823	Iter0824	0	0	2	1	0	0	0.6666666666666666	1.0	0.6705705875499999	1
824	Iter0825	7	2	5	3	4	3	2.1	0.6199095022624409	0.33809583899742535	1
825	Iter0826	9	4	1	1	3	0	2.25	1.0	0.5263252872674999	1
826	Iter0827	12	1	2	2	4	1	12.0	0.12058823529411752	0.50255626537668	1
827	Iter0828	10	0	1	0	2	1	5.5	1.0	0.47261771935958513	1
828	Iter0829	0	0	4	0	0	0	0.2	1.0	0.305715304	1
829	Iter0830	17	2	5	3	6	2	5.1	0.13578595317725858	0.46786366578700006	1
830	Iter0831	9	2	4	4	5	0	4.5	0.3188854489164083	0.3891030071	1
831	Iter0832	0	0	2	2	0	0	1.0	1.0	0.600059069083	1
832	Iter0833	13	1	2	0	6	1	2.333333333333333	1.0	0.6662565194150001	1
833	Iter0834	18	2	2	3	12	2	13.5	0.03766233766233759	0.51290375644872	1
834	Iter0835	23	2	5	1	13	0	2.3	0.488320355951057	0.5160244136700001	1
835	Iter0836	9	0	1	1	6	0	10.0	0.1818181818181815	0.41301723970000004	1
836	Iter0837	13	1	5	0	7	4	1.1666666666666667	1.0	0.7103489099999999	1
837	Iter0838	14	0	3	1	10	2	7.5	0.22222222222222368	0.7082769920000002	1
838	Iter0839	10	2	1	0	5	0	1.8333333333333333	1.0	0.3770797714076401	1
839	Iter0840	12	0	2	1	7	1	8.666666666666666	0.20000000000000012	0.4438960881000001	1
840	Iter0841	10	3	1	0	6	1	1.375	1.0	0.6062605841399997	1
841	Iter0842	14	0	3	1	10	0	7.5	0.22222222222222368	0.60810445666	1
842	Iter0843	10	2	1	1	4	0	5.0	0.3956043956043948	0.37640450987609997	1
843	Iter0844	11	1	2	2	2	1	11.0	0.1357142857142847	0.28910287234512	1
844	Iter0845	18	3	6	1	7	1	1.0	1.0	0.43069874630000005	1
845	Iter0846	19	0	3	1	10	1	10.0	0.17391304347826028	0.6205836376278999	1
846	Iter0847	11	3	2	1	6	0	1.8333333333333333	1.0	0.5248075573	1
847	Iter0848	13	1	4	0	7	1	1.4	1.0	0.5735349660000001	1
848	Iter0849	20	2	1	3	2	0	30.0	0.014381270903010097	0.45227348165299996	1
849	Iter0850	17	2	6	2	7	2	2.833333333333333	0.5582905982906048	0.33357497835000005	1
850	Iter0851	10	2	5	1	3	1	1.0	1.0	0.23483249951092997	1
851	Iter0852	20	1	3	1	12	0	6.666666666666668	0.3000000000000031	0.44542204727260004	1
852	Iter0853	9	2	6	2	5	4	1.5	1.0	0.3805888681	1
853	Iter0854	0	0	9	1	0	1	0.2	1.0	0.46510734559999983	1
854	Iter0855	11	2	0	2	7	0	12.0	0.057142857142856975	0.7108772149648002	1
855	Iter0856	0	0	7	0	0	0	0.125	1.0	0.6203206112735002	1
856	Iter0857	23	5	2	3	10	1	6.9	0.07839518657093675	0.6228663999819999	1
857	Iter0858	19	2	5	2	10	1	3.8	0.2529914529914519	0.4906611543813001	1
858	Iter0859	11	1	2	0	6	0	2.0	1.0	0.22923233629999998	1
859	Iter0860	16	1	9	7	6	6	12.444444444444445	0.01668520578420445	0.5302928516454001	1
860	Iter0861	14	1	2	1	10	0	7.0	0.3137254901960785	0.671878989999987	1
861	Iter0862	11	1	1	0	6	1	3.0	1.0	0.5839668301279001	1
862	Iter0863	20	3	7	2	11	4	1.9047619047619049	0.6042477753059035	0.508494332279	1
863	Iter0864	13	1	5	2	7	2	5.2	0.247368421052632	0.5082797655996	1
864	Iter0865	10	0	2	2	7	1	11.0	0.06593406593406557	0.3117598893	1
865	Iter0866	8	2	3	0	4	1	0.75	1.0	0.41478329729999996	1
866	Iter0867	17	1	0	4	12	0	45.0	0.0006835269993164693	0.6337563987241999	1
867	Iter0868	14	0	4	0	4	1	3.0	1.0	0.4500588833490069	1
868	Iter0869	19	4	1	1	9	0	4.75	0.3666666666666676	0.48968162932753995	1
869	Iter0870	8	1	2	2	6	0	8.0	0.2027972027972029	0.57684444368	1
870	Iter0871	17	1	1	1	7	0	17.0	0.19473684210526315	0.6439060373000002	1
871	Iter0872	4	0	5	2	1	3	2.5	0.4909090909090901	0.534023763	1
872	Iter0873	9	0	5	1	3	3	3.333333333333333	0.3999999999999996	0.3319648501090693	1
873	Iter0874	15	2	5	1	9	3	1.5	1.0	0.6448731257744501	1
874	Iter0875	17	6	4	0	9	3	0.5142857142857143	0.5452991452991492	0.57122249241	1
875	Iter0876	16	1	2	2	7	1	16.0	0.0796992481203003	0.5996563625	1
876	Iter0877	11	6	2	2	8	0	1.8333333333333333	0.6177109440267335	0.37904368971663804	1
877	Iter0878	6	2	0	0	4	0	2.333333333333333	1.0	0.5092888	1
878	Iter0879	0	0	1	0	0	0	0.5	1.0	0.3461106052000001	1
879	Iter0880	14	3	3	0	6	0	0.9375	1.0	0.489151102	1
880	Iter0881	8	3	4	0	5	1	0.45	0.5164835164835135	0.424307923121	1
881	Iter0882	11	1	3	2	6	1	7.333333333333332	0.19117647058823506	0.5157085623659	1
882	Iter0883	17	1	2	1	11	1	8.5	0.27142857142857085	0.59109855	1
883	Iter0884	0	0	2	0	0	1	0.3333333333333333	1.0	0.49470831926876724	1
884	Iter0885	16	2	4	1	5	0	2.0	0.5392433653303165	0.5596249942071201	1
885	Iter0886	17	4	2	2	8	1	4.25	0.2339920948616593	0.361719553327401	1
886	Iter0887	25	3	4	1	15	0	2.083333333333333	0.4996334310850373	0.6286330441824999	1
887	Iter0888	16	0	0	0	7	0	17.0	1.0	0.45535772272155417	1
888	Iter0889	11	1	4	0	7	1	1.2	1.0	0.2763250324290973	1
889	Iter0890	10	1	5	1	6	1	2.0	1.0	0.46551328699942907	1
890	Iter0891	5	4	4	0	3	3	0.24	0.22797202797202865	0.5739589522415769	1
891	Iter0892	11	2	3	0	8	0	1.0	1.0	0.5692108932834	1
892	Iter0893	19	2	4	2	10	1	4.75	0.20427350427350674	0.520270634	1
893	Iter0894	16	1	2	0	11	1	2.833333333333333	1.0	0.5636187914999999	1
894	Iter0895	16	1	3	0	6	1	2.125	1.0	0.5378641047399999	1
895	Iter0896	14	2	1	1	4	0	7.0	0.31372549019607954	0.36679028924270524	1
896	Iter0897	0	0	3	1	0	0	0.5	1.0	0.41196000666594695	1
897	Iter0898	17	2	2	2	11	1	8.5	0.1245623941276112	0.34995443769146	1
898	Iter0899	10	1	3	0	4	1	1.375	1.0	0.51038150686	1
899	Iter0900	21	0	4	0	7	1	4.4	1.0	0.4498458167928301	1
900	Iter0901	0	0	1	0	0	0	0.5	1.0	0.5860436899999999	1
901	Iter0902	8	1	3	1	6	0	2.6666666666666665	1.0	0.596465254	1
902	Iter0903	9	1	3	2	4	0	6.0	0.2417582417582405	0.44701676322974	1
903	Iter0904	9	3	2	0	4	2	0.8333333333333334	1.0	0.39118063881341997	1
904	Iter0905	9	1	1	1	3	0	9.0	0.3181818181818192	0.57539120675499	1
905	Iter0906	10	0	3	2	6	0	8.25	0.09523809523809476	0.45213553422532393	1
906	Iter0907	13	1	5	1	6	0	2.6	0.5210526315789493	0.54714021	1
907	Iter0908	8	3	3	2	6	1	1.7777777777777777	1.0	0.4421725574165009	1
908	Iter0909	0	0	3	1	0	0	0.5	1.0	0.38782635629139	1
909	Iter0910	14	3	0	1	3	0	7.5	0.2222222222222229	0.403879983	1
910	Iter0911	4	2	5	2	3	2	0.8	1.0	0.422113564391	1
911	Iter0912	12	2	7	0	3	3	0.5416666666666666	0.5333333333333385	0.255943520471	1
912	Iter0913	4	2	3	2	2	1	1.3333333333333333	1.0	0.440680532499913	1
913	Iter0914	17	4	4	1	6	0	1.0625	1.0	0.42567544999999996	1
914	Iter0915	21	4	6	0	7	2	0.6285714285714287	0.5614174479580452	0.3111261781882	1
915	Iter0916	9	3	4	1	4	2	0.75	1.0	0.37615163847300004	1
916	Iter0917	16	4	5	2	6	2	1.6	0.6333637377115664	0.37054965700199993	1
917	Iter0918	16	0	5	0	12	1	2.833333333333333	1.0	0.46699681914000013	1
918	Iter0919	10	1	3	3	4	0	10.0	0.09873949579831903	0.5021116155472	1
919	Iter0920	8	0	1	1	7	0	9.0	0.1999999999999998	0.4787879029652001	1
920	Iter0921	5	0	6	2	1	1	2.5714285714285707	0.4871794871794886	0.28341905418	1
921	Iter0922	14	1	2	3	7	1	21.0	0.0319917440660476	0.53161748403924	1
922	Iter0923	3	0	1	2	2	1	6.0	0.3999999999999997	0.4034860397663	1
923	Iter0924	10	2	2	1	4	0	2.5	0.5164835164835135	0.42243646907776994	1
924	Iter0925	11	1	4	1	5	0	2.75	0.5147058823529393	0.4752786178	1
925	Iter0926	6	0	3	1	3	1	3.5	0.3999999999999996	0.48834653	1
926	Iter0927	24	3	4	2	13	4	4.0	0.21617453736474695	0.4593383426660309	1
927	Iter0928	5	1	4	0	2	2	0.6	1.0	0.46559357070499996	1
928	Iter0929	17	4	6	0	10	5	0.5142857142857143	0.5452991452991508	0.45430996693000103	1
929	Iter0930	14	2	3	1	5	1	2.333333333333333	0.5087719298245632	0.47745124899999997	1
930	Iter0931	18	0	0	1	8	0	38.0	0.052631578947368335	0.5814761800000001	1
931	Iter0932	19	0	4	0	7	0	4.0	1.0	0.356981666719	1
932	Iter0933	15	4	2	4	7	1	7.5	0.05928853754940685	0.44434450802	1
933	Iter0934	5	2	4	1	2	2	0.625	1.0	0.26312621144822	1
934	Iter0935	7	3	4	1	4	0	0.5833333333333334	1.0	0.2925029021615	1
935	Iter0936	9	1	1	0	5	0	2.5	1.0	0.5143330058000001	1
936	Iter0937	20	2	5	0	12	1	1.1666666666666667	1.0	0.56363753257	1
937	Iter0938	16	3	4	1	10	1	1.3333333333333333	1.0	0.523211029823562	1
938	Iter0939	16	1	1	0	9	1	4.25	1.0	0.30585134755599996	1
939	Iter0940	22	3	3	2	11	1	4.8888888888888875	0.18333263160849303	0.4881562697999999	1
940	Iter0941	9	2	10	0	3	4	0.30303030303030304	0.4761904761904784	0.23206641400000003	1
941	Iter0942	14	2	5	0	7	2	0.8333333333333334	1.0	0.57044249	1
942	Iter0943	11	3	2	1	8	0	1.8333333333333333	1.0	0.49266293854	1
943	Iter0944	17	3	5	0	10	0	0.75	1.0	0.5275122242054	1
944	Iter0945	0	0	3	3	0	0	1.0	1.0	0.34019023530000003	1
945	Iter0946	17	0	1	0	9	0	9.0	1.0	0.5030862949060001	1
946	Iter0947	14	3	1	0	6	0	1.875	1.0	0.63369167747983	1
947	Iter0948	12	0	3	1	6	1	6.5	0.24999999999999994	0.39148955405999997	1
948	Iter0949	18	1	5	0	8	1	1.5833333333333333	1.0	0.39675697162432	1
949	Iter0950	14	2	2	0	8	0	1.6666666666666667	1.0	0.398715305	1
950	Iter0951	10	1	2	1	5	0	5.0	0.3956043956043935	0.6030804589967	1
951	Iter0952	16	0	3	2	6	0	12.75	0.04761904761904764	0.7010804437920002	1
952	Iter0953	14	5	0	1	10	0	5.0	0.29999999999999893	0.45746825591810997	1
953	Iter0954	20	3	4	0	10	0	1.05	1.0	0.5943040735549835	1
954	Iter0955	10	2	4	0	5	0	0.7333333333333333	1.0	0.29348573040000003	1
955	Iter0956	6	0	1	2	3	0	10.5	0.08333333333333337	0.388980336270395	1
956	Iter0957	0	0	3	1	0	0	0.5	1.0	0.46126925923000006	1
957	Iter0958	12	2	5	0	7	0	0.7222222222222222	1.0	0.45586270406000007	1
958	Iter0959	8	1	0	2	5	0	13.5	0.05454545454545445	0.507001270360299	1
959	Iter0960	19	0	5	1	11	1	6.666666666666668	0.24000000000000024	0.53405032041263	1
960	Iter0961	8	1	3	1	4	2	2.6666666666666665	1.0	0.31449803809999993	1
961	Iter0962	22	1	9	4	12	2	9.777777777777779	0.047035480859010284	0.4221052290638844	1
962	Iter0963	14	3	5	1	7	1	0.9333333333333332	1.0	0.34163174875999996	1
963	Iter0964	17	2	3	0	8	1	1.5	1.0	0.26597047196549994	1
964	Iter0965	12	3	1	0	6	1	1.625	1.0	0.4271219907988	1
965	Iter0966	16	2	4	2	5	3	4.0	0.2512704686617735	0.7152544375333199	1
966	Iter0967	13	0	3	2	8	1	10.5	0.0653594771241832	0.5819588	1
967	Iter0968	13	1	2	0	7	0	2.333333333333333	1.0	0.4828235588737	1
968	Iter0969	13	2	1	1	6	0	6.5	0.3308823529411776	0.502278054793	1
969	Iter0970	12	2	3	1	6	1	2.0	1.0	0.4088988035002001	1
970	Iter0971	15	1	6	3	9	0	7.5	0.11620553359683812	0.5799660649661	1
971	Iter0972	9	0	3	0	2	2	2.5	1.0	0.4967548369844255	1
972	Iter0973	12	2	6	0	4	1	0.6190476190476191	1.0	0.477606117	1
973	Iter0974	19	2	3	1	11	2	3.1666666666666665	0.4217391304347824	0.5361922550519999	1
974	Iter0975	6	0	5	1	4	1	2.333333333333333	1.0	0.41192224064999994	1
975	Iter0976	8	0	2	3	5	1	12.0	0.03496503496503507	0.5642081190000001	1
976	Iter0977	15	3	3	2	8	1	3.333333333333333	0.2906772861006249	0.30209304576260004	1
977	Iter0978	11	1	0	0	5	0	6.0	1.0	0.45305445579636905	1
978	Iter0979	13	5	3	2	8	3	1.7333333333333334	0.6213854795090492	0.38588403904161	1
979	Iter0980	14	3	1	2	6	0	9.333333333333334	0.1403508771929828	0.5452038383029999	1
980	Iter0981	13	1	5	1	7	3	2.6	0.5210526315789493	0.6267092206379999	1
981	Iter0982	17	1	3	1	10	2	5.666666666666668	0.33766233766233744	0.293838243353	1
982	Iter0983	9	2	4	2	8	3	2.25	0.5840336134453777	0.43788002039999996	1
983	Iter0984	16	3	2	0	10	2	1.4166666666666667	1.0	0.45662443268700004	1
984	Iter0985	13	1	4	0	9	2	1.4	1.0	0.5992725027684999	1
985	Iter0986	9	1	4	1	4	1	2.25	1.0	0.49476076520000006	1
986	Iter0987	14	0	5	0	5	1	2.5	1.0	0.50357512	1
987	Iter0988	12	3	1	2	7	1	8.0	0.17156862745098042	0.5862315700879999	1
988	Iter0989	18	1	1	2	13	0	36.0	0.037662337662337515	0.45496649164	1
989	Iter0990	16	3	4	0	8	1	0.85	1.0	0.6843033938549001	1
990	Iter0991	18	3	4	0	8	1	0.95	1.0	0.57802598885	1
991	Iter0992	0	0	1	0	0	0	0.5	1.0	0.559313994429	1
992	Iter0993	12	1	2	2	8	0	12.0	0.12058823529411752	0.45428104558	1
993	Iter0994	0	0	3	1	0	0	0.5	1.0	0.523283499	1
994	Iter0995	8	1	2	1	2	0	4.0	0.4545454545454555	0.4530650213499999	1
995	Iter0996	10	0	6	0	5	4	1.5714285714285714	1.0	0.4498190754	1
996	Iter0997	17	4	6	2	6	3	1.4166666666666667	1.0	0.3575127704908082	1
997	Iter0998	15	1	4	1	6	3	3.75	0.4285714285714309	0.452518737776	1
998	Iter0999	13	3	5	4	6	3	3.4666666666666663	0.20490950696900467	0.42241445800000005	1
999	Iter1000	12	0	3	2	4	1	9.75	0.07352941176470587	0.38664505459399995	1
