	IterId	dN	dS	pN	pS	bdN	bpN	MkScore	FSPVal	SelCoef	PosSel
0	Iter0001	48	7	3	2	21	3	4.571428571428571	0.15807930111661608	0.4387779094000001	1
1	Iter0002	40	4	5	4	23	2	8.0	0.021272643459626792	0.6444224195954099	1
2	Iter0003	53	5	7	2	27	1	3.0285714285714285	0.2353778184293136	0.6220594927299999	1
3	Iter0004	50	8	7	1	22	0	0.8928571428571429	1.0	0.46234491671	1
4	Iter0005	54	6	8	2	25	1	2.25	0.3198674393133832	0.5313148410039931	1
5	Iter0006	57	8	7	2	26	1	2.0357142857142856	0.5995295627646133	0.5639379458902101	1
6	Iter0007	56	7	7	4	20	1	4.571428571428571	0.05201673501974632	0.3867052502000001	1
7	Iter0008	57	6	4	1	28	1	2.375	0.4292906802372286	0.5764807808	1
8	Iter0009	52	3	4	0	18	0	2.65	1.0	0.399088848863	1
9	Iter0010	53	5	10	3	22	3	3.18	0.1556976876720085	0.3791093093653	1
10	Iter0011	38	5	6	6	14	1	7.6	0.008303067024725582	0.24610714793000002	1
11	Iter0012	55	4	5	0	22	0	1.8666666666666665	1.0	0.388254983	1
12	Iter0013	55	4	6	0	22	4	1.6	1.0	0.5448714679000001	1
13	Iter0014	35	3	6	2	20	2	3.888888888888889	0.20302111100898196	0.57763876	1
14	Iter0015	55	8	10	1	23	4	0.6875	1.0	0.47950394304499994	1
15	Iter0016	53	8	2	1	21	0	3.3125	0.3703197004608382	0.4001498094383101	1
16	Iter0017	47	3	8	2	21	2	3.9166666666666665	0.19037804915561327	0.5435461239999999	1
17	Iter0018	46	1	12	1	22	4	3.8333333333333335	0.3892655367231632	0.4940666208	1
18	Iter0019	62	8	7	0	24	1	0.875	1.0	0.4496285911670001	1
19	Iter0020	52	3	3	3	16	2	17.333333333333332	0.009856863273243859	0.36161194543	1
20	Iter0021	53	6	2	2	23	1	8.833333333333334	0.07509254362771169	0.6467410291499999	1
21	Iter0022	45	3	5	4	14	2	12.0	0.008795826717433989	0.30650868043199997	1
22	Iter0023	55	9	6	2	21	2	2.0370370370370368	0.5990498766421238	0.5406048936000001	1
23	Iter0024	50	12	4	2	26	0	2.083333333333333	0.5954884667571091	0.5856804025165999	1
24	Iter0025	50	8	5	1	17	0	1.25	1.0	0.30502119679999995	1
25	Iter0026	49	6	10	2	17	4	1.6333333333333333	0.6266486183571873	0.2746858681	1
26	Iter0027	53	7	7	1	22	1	1.0816326530612244	1.0	0.40514668963889994	1
27	Iter0028	54	7	7	0	21	0	0.859375	1.0	0.44889960674208	1
28	Iter0029	55	6	3	1	25	1	3.055555555555556	0.3733457402812378	0.5032558395982	1
29	Iter0030	65	2	6	2	23	2	10.833333333333336	0.054078736270519824	0.6351395720000002	1
30	Iter0031	57	5	7	0	21	2	1.2083333333333333	1.0	0.5667418405831001	1
31	Iter0032	64	7	5	3	25	0	5.485714285714286	0.05917757901002409	0.578967499406	1
32	Iter0033	47	9	6	3	14	2	2.6111111111111107	0.34903248287312555	0.27237714510600003	1
33	Iter0034	48	4	6	4	22	0	8.0	0.018546100968495592	0.5007725778641856	1
34	Iter0035	39	6	5	2	16	2	2.6	0.29145049324078165	0.35273046999999996	1
35	Iter0036	54	5	5	2	22	0	4.32	0.1569585689297427	0.4098213289961599	1
36	Iter0037	55	5	5	3	23	1	6.6	0.04625879750325638	0.5467329225499707	1
37	Iter0038	58	5	3	1	30	1	3.8666666666666663	0.3191537939672223	0.62606476966	1
38	Iter0039	53	5	3	0	26	1	2.25	1.0	0.46592696152000007	1
39	Iter0040	52	6	2	3	21	0	13.0	0.018087461570866898	0.44522212000000005	1
40	Iter0041	54	9	5	0	20	0	0.9166666666666666	1.0	0.5564518745699999	1
41	Iter0042	45	7	11	2	17	6	1.1688311688311688	1.0	0.37349738475999994	1
42	Iter0043	49	7	8	3	22	0	2.625	0.3489262507441545	0.5976279289809999	1
43	Iter0044	50	5	2	2	24	0	10.0	0.06525885139500301	0.5487140350999999	1
44	Iter0045	50	6	4	2	21	0	4.166666666666667	0.16831809615299048	0.5016046311000001	1
45	Iter0046	48	5	11	6	21	1	5.236363636363637	0.01932400513241036	0.38605374071500004	1
46	Iter0047	42	6	7	2	19	2	2.0	0.5989729809882864	0.35090034087592503	1
47	Iter0048	41	12	6	5	22	1	2.8472222222222223	0.14353967804280696	0.4672478373999999	1
48	Iter0049	55	1	13	3	25	4	12.692307692307693	0.032251479893855815	0.46767960789490004	1
49	Iter0050	47	6	5	4	13	2	6.2666666666666675	0.030503240380020138	0.32497679109172	1
50	Iter0051	40	11	7	2	16	3	1.0389610389610389	1.0	0.2835682625	1
51	Iter0052	56	7	4	1	22	1	2.0	0.4760701326767967	0.5367712899996999	1
52	Iter0053	59	4	4	1	19	3	3.6875	0.3257136712058584	0.308242835	1
53	Iter0054	38	8	11	2	17	2	0.8636363636363636	1.0	0.345692641492	1
54	Iter0055	57	6	5	0	27	0	1.3809523809523812	1.0	0.6615084671	1
55	Iter0056	52	6	2	1	20	0	4.333333333333333	0.310808557932758	0.39934362706145	1
56	Iter0057	49	5	5	5	26	2	9.8	0.0057198670210605	0.5702122510000002	1
57	Iter0058	51	7	7	0	23	1	0.8125	1.0	0.49420154871000005	1
58	Iter0059	56	3	6	5	20	2	15.555555555555555	0.0016767676471077515	0.3658845017259999	1
59	Iter0060	54	4	5	4	25	0	10.8	0.008813805317471262	0.5286519979983	1
60	Iter0061	49	5	3	1	14	0	3.266666666666667	0.3619039762415587	0.367955358	1
61	Iter0062	46	4	11	2	20	4	2.090909090909091	0.5946181647499567	0.3100031911	1
62	Iter0063	52	8	7	3	22	0	2.7857142857142856	0.18576258297189951	0.6394711362175424	1
63	Iter0064	49	7	8	1	20	2	0.875	1.0	0.48055939949500004	1
64	Iter0065	51	7	7	0	20	1	0.8125	1.0	0.45667838960600005	1
65	Iter0066	52	6	3	0	22	1	1.8928571428571428	1.0	0.5399677660129001	1
66	Iter0067	55	5	5	3	21	4	6.6	0.04625879750325638	0.44590322552500006	1
67	Iter0068	52	3	7	7	25	3	17.333333333333332	0.00027823546307704583	0.523517956087	1
68	Iter0069	42	6	8	1	18	3	0.875	1.0	0.42416685680780003	1
69	Iter0070	57	5	7	0	24	1	1.2083333333333333	1.0	0.46514254292999996	1
70	Iter0071	49	4	4	0	14	2	2.0	1.0	0.3900158637658397	1
71	Iter0072	41	5	6	2	16	1	2.733333333333333	0.2746537221564925	0.42725112550000005	1
72	Iter0073	41	5	1	2	21	1	16.4	0.049772036474164234	0.38826341000000003	1
73	Iter0074	57	4	2	3	25	1	21.375	0.0069342619745845595	0.616059696	1
74	Iter0075	55	9	7	3	33	0	2.619047619047618	0.35051909858619523	0.6294403670797903	1
75	Iter0076	49	6	6	0	18	2	1.020408163265306	1.0	0.417185764	1
76	Iter0077	40	6	4	1	15	0	1.6666666666666667	0.5376840097740997	0.31147822191	1
77	Iter0078	49	12	9	1	20	3	0.4537037037037037	0.6762012804465232	0.4830667447000001	1
78	Iter0079	48	5	4	2	19	0	4.8	0.14439855194724185	0.40990729389	1
79	Iter0080	39	9	8	2	17	1	1.0833333333333333	1.0	0.43471951332000003	1
80	Iter0081	58	6	3	3	30	0	9.666666666666666	0.024874999032346357	0.84828888	1
81	Iter0082	55	7	7	2	22	1	2.2448979591836733	0.3190031386961518	0.5681844847836999	1
82	Iter0083	43	4	10	3	14	2	3.225	0.16592071939052802	0.1855985114	1
83	Iter0084	41	6	2	3	20	0	10.25	0.03131868131868188	0.489749476855337	1
84	Iter0085	42	10	2	2	21	1	4.2	0.19769392033543326	0.45000936282738	1
85	Iter0086	51	4	1	0	24	0	5.2	1.0	0.5434756728100001	1
86	Iter0087	52	2	2	2	18	1	26.0	0.020748579913734442	0.42443402930325	1
87	Iter0088	51	5	4	1	22	1	2.55	0.41525045523332654	0.5223185625269999	1
88	Iter0089	48	8	11	4	23	3	2.1818181818181817	0.26427143531746106	0.5056831061729483	1
89	Iter0090	36	3	9	1	14	0	1.3333333333333333	1.0	0.39253906	1
90	Iter0091	51	7	3	4	20	0	9.714285714285714	0.0127432351280379	0.4467874729210001	1
91	Iter0092	59	6	12	0	25	2	0.6593406593406593	0.5819432462546862	0.48227820920000003	1
92	Iter0093	44	5	8	0	23	3	0.8333333333333334	1.0	0.5669222318880999	1
93	Iter0094	59	7	7	2	28	1	2.4081632653061225	0.293715187011857	0.5433669567007	1
94	Iter0095	57	8	4	7	22	0	12.46875	0.0006284224711274336	0.39900296945339997	1
95	Iter0096	59	6	11	2	31	1	1.787878787878788	0.6140008064010524	0.9849948379999997	1
96	Iter0097	49	5	4	4	19	0	9.8	0.01182021004951315	0.3984622451903973	1
97	Iter0098	45	7	4	0	21	1	1.15	1.0	0.4271514247699999	1
98	Iter0099	49	6	6	2	24	2	2.7222222222222214	0.2664432234110162	0.5099143216398828	1
99	Iter0100	47	12	3	2	16	0	2.6111111111111107	0.2992390857277042	0.40894581673200997	1
100	Iter0101	45	7	2	2	20	0	6.428571428571429	0.11704647553704026	0.466702291837677	1
101	Iter0102	43	4	3	3	16	1	10.75	0.02476308375309417	0.38174022504	1
102	Iter0103	52	11	6	3	24	2	2.363636363636364	0.3632406200957194	0.47325981482339996	1
103	Iter0104	44	7	8	2	18	0	1.5714285714285714	0.6328152844337938	0.38949074131284	1
104	Iter0105	60	3	6	1	32	1	3.333333333333333	0.3503454594037479	0.6405870382300002	1
105	Iter0106	51	5	5	0	24	2	1.4444444444444444	1.0	0.5705955974000001	1
106	Iter0107	60	7	1	2	21	0	17.142857142857142	0.04165144318597146	0.4334824580879009	1
107	Iter0108	70	6	4	2	27	1	5.833333333333332	0.10292645504130207	0.554380008398	1
108	Iter0109	48	5	10	1	23	4	0.96	1.0	0.5293106069999999	1
109	Iter0110	57	6	4	4	24	0	9.5	0.011189894642507728	0.5320711731000001	1
110	Iter0111	50	4	8	1	18	5	1.5625	0.5500670309084987	0.3925366652701	1
111	Iter0112	49	11	3	3	19	3	4.454545454545454	0.1043249122638394	0.3488875184	1
112	Iter0113	48	4	3	2	25	1	8.0	0.08087829636985751	0.6030743595200001	1
113	Iter0114	52	5	4	2	23	0	5.2	0.12860852152417804	0.46550749076090003	1
114	Iter0115	51	4	3	1	21	1	4.25	0.30513528121883776	0.5284942181000002	1
115	Iter0116	35	8	2	0	15	0	1.3333333333333333	1.0	0.33322921546196	1
116	Iter0117	44	8	4	4	18	1	5.5	0.04342039001874665	0.3752565368	1
117	Iter0118	56	8	8	2	22	0	1.75	0.6166436840140009	0.5353805552900001	1
118	Iter0119	64	5	3	4	32	2	17.066666666666666	0.002891002947869165	0.7135705170874101	1
119	Iter0120	40	7	4	2	16	2	2.8571428571428568	0.2667695234842787	0.33513968389999993	1
120	Iter0121	41	3	3	0	14	0	2.625	1.0	0.2965897010730152	1
121	Iter0122	41	4	7	0	19	2	1.05	1.0	0.4585341491619841	1
122	Iter0123	42	5	11	1	17	6	0.7636363636363637	1.0	0.48407726687	1
123	Iter0124	50	12	5	1	23	2	0.8333333333333334	1.0	0.502029201	1
124	Iter0125	50	6	3	5	19	0	13.888888888888893	0.002593012697396431	0.310815975324	1
125	Iter0126	54	4	6	2	22	2	4.5	0.15107492982956042	0.43479874439799815	1
126	Iter0127	50	13	5	5	21	1	3.8461538461538463	0.10668913452267204	0.5665847913	1
127	Iter0128	41	5	5	2	23	2	3.28	0.2273904673501971	0.52766167	1
128	Iter0129	48	8	5	3	25	1	3.6	0.13140208953892546	0.5905160870800003	1
129	Iter0130	46	10	1	2	21	0	9.2	0.10218708665293212	0.46530171	1
130	Iter0131	48	9	3	0	15	0	1.225	1.0	0.31028446865579995	1
131	Iter0132	64	6	2	2	19	0	10.666666666666666	0.055470674224293415	0.38403752611010006	1
132	Iter0133	42	7	2	2	20	0	6.0	0.12935370955348427	0.45835349400000003	1
133	Iter0134	53	5	5	1	24	0	2.12	0.460144058833543	0.4821685984798	1
134	Iter0135	56	9	5	4	22	1	4.977777777777779	0.04515072899673886	0.48803825150999997	1
135	Iter0136	47	3	3	1	23	1	5.222222222222221	0.27178095879537456	0.52649958787	1
136	Iter0137	54	4	7	0	22	3	1.375	1.0	0.36100945949999996	1
137	Iter0138	52	6	11	1	21	1	0.7878787878787878	1.0	0.49708199520000007	1
138	Iter0139	54	4	5	4	21	2	10.8	0.008813805317471262	0.40136424667000004	1
139	Iter0140	44	6	4	3	13	1	5.5	0.07061729282653399	0.27658017	1
140	Iter0141	51	10	3	3	22	0	5.1	0.08205086319554387	0.47438304002028403	1
141	Iter0142	45	7	1	2	13	0	12.857142857142858	0.06632361349342067	0.25599424726099995	1
142	Iter0143	39	8	9	1	21	3	0.5416666666666666	1.0	0.41492137399999995	1
143	Iter0144	53	11	6	3	21	2	2.409090909090909	0.3604459586331751	0.4912601813000001	1
144	Iter0145	48	5	7	7	21	5	9.6	0.0017969781214822976	0.49040833200000006	1
145	Iter0146	46	7	5	2	20	0	2.628571428571429	0.2805404936814768	0.517276158425	1
146	Iter0147	43	7	7	0	19	3	0.6875	0.5792705778686078	0.54957122197411	1
147	Iter0148	48	8	5	2	22	1	2.4	0.3064554112249494	0.45757992896770006	1
148	Iter0149	48	8	3	3	18	0	6.0	0.0631302052155972	0.27308639416	1
149	Iter0150	61	3	5	4	26	1	16.266666666666666	0.00338116223834844	0.5498024674509999	1
150	Iter0151	52	5	3	1	23	0	3.466666666666667	0.3464563911431288	0.4999446499676882	1
151	Iter0152	46	6	8	0	23	2	0.7460317460317459	0.5846968252148428	0.4961660408300001	1
152	Iter0153	47	6	2	2	26	0	7.833333333333332	0.0904837852206284	0.6959733637475499	1
153	Iter0154	53	6	5	1	17	0	1.7666666666666668	0.5099769149412194	0.3163673248	1
154	Iter0155	49	11	5	0	22	2	0.6944444444444445	0.5788367832590914	0.5300171258209601	1
155	Iter0156	53	5	11	3	21	0	2.890909090909091	0.1804262072799396	0.40787307145999996	1
156	Iter0157	41	8	8	1	17	2	0.640625	1.0	0.31704652409089995	1
157	Iter0158	40	2	3	1	19	0	6.666666666666668	0.243741765480899	0.42594764094040904	1
158	Iter0159	52	8	2	1	23	2	3.25	0.3753871723200278	0.5520304657986	1
159	Iter0160	57	3	2	1	27	1	9.5	0.18136032837249852	0.49708428720999986	1
160	Iter0161	52	7	2	6	23	0	22.28571428571429	0.0003908932334625098	0.48342907246999994	1
161	Iter0162	52	3	7	2	22	1	4.9523809523809526	0.14115736194001585	0.5039865510999999	1
162	Iter0163	58	6	3	2	25	3	6.444444444444443	0.09917023720130837	0.6165506452	1
163	Iter0164	50	8	2	1	24	0	3.125	0.3859405390386224	0.49444721502000005	1
164	Iter0165	43	5	4	0	15	0	1.4666666666666666	1.0	0.42356074200000005	1
165	Iter0166	46	9	4	0	16	2	0.94	1.0	0.3518501866	1
166	Iter0167	49	5	6	1	20	0	1.6333333333333335	0.5348583166629001	0.41608755250000007	1
167	Iter0168	57	8	5	2	24	1	2.85	0.24883982571333144	0.496510427101	1
168	Iter0169	49	7	4	2	18	0	3.5	0.20642494169008566	0.47472696999993896	1
169	Iter0170	36	4	5	1	15	2	1.8	0.5199663834648736	0.39390518159999993	1
170	Iter0171	43	5	4	1	23	2	2.15	0.4654678126693248	0.6303470726	1
171	Iter0172	67	2	3	1	24	0	11.166666666666664	0.15759855939288195	0.5216726987110001	1
172	Iter0173	50	9	11	4	18	7	2.0202020202020203	0.4460588922123927	0.40596349449993335	1
173	Iter0174	66	6	8	1	32	0	1.375	0.5763537698514271	0.7868403031000002	1
174	Iter0175	56	6	4	2	26	0	4.666666666666667	0.14341624866207567	0.6052126420924373	1
175	Iter0176	36	6	7	2	15	1	1.7142857142857142	0.6186886911858234	0.3495422242701127	1
176	Iter0177	48	6	9	0	18	4	0.7	0.5810968908458443	0.40584192323	1
177	Iter0178	47	4	10	1	19	3	1.175	1.0	0.38116688669928006	1
178	Iter0179	51	9	3	1	21	0	1.8888888888888893	0.5022616529425235	0.4822340567769705	1
179	Iter0180	43	3	9	5	12	4	7.962962962962963	0.013155266856273546	0.4695510829999957	1
180	Iter0181	48	3	2	3	25	1	24.0	0.006611836800515921	0.58591037	1
181	Iter0182	44	8	10	2	21	1	1.1	1.0	0.38811757059	1
182	Iter0183	59	6	3	1	29	0	3.2777777777777786	0.35472023745488485	0.6356456371799999	1
183	Iter0184	53	8	4	0	28	0	1.2	1.0	0.6806821230841571	1
184	Iter0185	44	3	9	3	22	1	4.8888888888888875	0.09189469875741704	0.5358083521	1
185	Iter0186	53	9	4	1	20	1	1.4722222222222223	0.5664466130883556	0.50728087473254	1
186	Iter0187	62	7	6	1	25	1	1.4761904761904765	0.5565599650241176	0.442787638223637	1
187	Iter0188	44	3	1	3	20	0	44.0	0.003661464585834455	0.32460053799999994	1
188	Iter0189	43	5	3	0	16	1	1.8333333333333333	1.0	0.366557257955	1
189	Iter0190	46	6	2	0	22	1	2.238095238095238	1.0	0.358539865	1
190	Iter0191	47	6	6	2	24	0	2.6111111111111107	0.28027459697630724	0.543677881	1
191	Iter0192	44	5	5	1	18	1	1.7600000000000002	0.5176277071060273	0.34433740716100003	1
192	Iter0193	50	8	8	4	20	3	3.125	0.1992677530905896	0.419627968	1
193	Iter0194	47	12	2	5	24	0	9.791666666666666	0.01014774930692419	0.6022262800800001	1
194	Iter0195	47	4	3	0	21	1	2.4	1.0	0.3884712800000001	1
195	Iter0196	56	8	5	5	22	1	7.0	0.01199349924714113	0.505481128625959	1
196	Iter0197	52	4	4	2	20	0	6.5	0.0990196767542044	0.4040970755566	1
197	Iter0198	50	10	7	1	20	2	0.7142857142857143	1.0	0.39050203626500013	1
198	Iter0199	47	3	5	2	21	3	6.2666666666666675	0.10896452107971404	0.546860010496175	1
199	Iter0200	51	4	6	3	24	1	6.375	0.05174687397716832	0.5171468671099999	1
200	Iter0201	58	6	4	1	24	1	2.4166666666666665	0.4242119041905043	0.483615697	1
201	Iter0202	53	8	6	6	25	2	6.625	0.00837195006970424	0.5185439441999999	1
202	Iter0203	56	7	4	1	17	1	2.0	0.4760701326767967	0.34573333609421003	1
203	Iter0204	48	9	5	1	19	1	1.0666666666666669	1.0	0.4880419281621161	1
204	Iter0205	54	6	8	2	21	3	2.25	0.3198674393133832	0.5562113805287998	1
205	Iter0206	56	7	6	1	22	0	1.3333333333333333	1.0	0.47900695905253216	1
206	Iter0207	52	4	9	2	24	0	2.888888888888889	0.2536109773712092	0.6224756100000001	1
207	Iter0208	58	5	5	4	21	1	9.28	0.011327236191939104	0.51765864506	1
208	Iter0209	56	6	3	2	27	2	6.222222222222222	0.10460662886035434	0.584071608101	1
209	Iter0210	40	7	6	2	22	0	1.9047619047619049	0.6043565757217072	0.4871956462959145	1
210	Iter0211	55	5	8	3	19	1	4.125	0.10139144996505806	0.4073684763399999	1
211	Iter0212	52	5	12	3	16	5	2.6	0.3503180398572625	0.39900070558000006	1
212	Iter0213	54	6	8	1	24	1	1.125	1.0	0.5206843796	1
213	Iter0214	55	2	5	2	22	3	11.0	0.055944826370527424	0.452490829111	1
214	Iter0215	51	3	2	2	25	0	17.0	0.033740306880052966	0.50607599569	1
215	Iter0216	66	3	4	0	25	0	3.35	1.0	0.5322333222112999	1
216	Iter0217	37	4	9	1	11	4	1.0277777777777777	1.0	0.2427935570274582	1
217	Iter0218	44	3	7	3	21	1	6.285714285714286	0.060208576593881215	0.5040570992078001	1
218	Iter0219	47	3	4	0	20	0	2.4	1.0	0.3786219259	1
219	Iter0220	45	7	5	1	23	1	1.2857142857142858	1.0	0.5120526517	1
220	Iter0221	47	6	9	4	18	1	3.4814814814814814	0.09788760743834976	0.37864646999999996	1
221	Iter0222	56	6	1	2	24	0	18.666666666666668	0.03782051282051261	0.529841856	1
222	Iter0223	54	5	4	1	20	0	2.7	0.3990282919090287	0.32979723905	1
223	Iter0224	48	12	4	3	15	2	3.0	0.1812170099935496	0.21057613296086	1
224	Iter0225	42	10	4	1	16	1	1.05	1.0	0.4057066447	1
225	Iter0226	46	3	6	2	23	1	5.1111111111111125	0.13976574751152945	0.41589836440000005	1
226	Iter0227	54	6	6	3	20	1	4.5	0.08748392418661903	0.4642344432953698	1
227	Iter0228	58	7	4	4	29	1	8.285714285714286	0.015061304756553102	0.7108148463991001	1
228	Iter0229	49	3	5	2	21	1	6.533333333333332	0.10233949200082257	0.5093507615231729	1
229	Iter0230	62	8	6	1	24	1	1.2916666666666667	1.0	0.5154826003240001	1
230	Iter0231	48	4	9	2	18	1	2.6666666666666665	0.27961285336233616	0.3482441810000001	1
231	Iter0232	48	2	9	1	22	3	2.6666666666666665	0.4272355347749636	0.40025100825	1
232	Iter0233	64	6	7	2	28	0	3.0476190476190474	0.2245969057775013	0.5651413682325936	1
233	Iter0234	49	7	4	1	22	0	1.75	0.517630846909664	0.5734260701872919	1
234	Iter0235	48	6	8	1	26	3	1.0	1.0	0.62418089343	1
235	Iter0236	56	5	7	3	28	2	4.8	0.07829105165074529	0.5822319549999999	1
236	Iter0237	46	4	8	5	19	3	7.1875	0.01403588045967486	0.523881267004	1
237	Iter0238	39	2	6	1	18	0	3.25	0.383672525439421	0.3865593956700001	1
238	Iter0239	43	11	4	1	21	0	0.9772727272727272	1.0	0.4086236660000001	1
239	Iter0240	52	3	7	4	19	0	9.904761904761905	0.012030671602326936	0.4070812153882943	1
240	Iter0241	60	6	5	1	29	0	2.0	0.4713296383254014	0.6060876212579999	1
241	Iter0242	40	7	6	2	18	1	1.9047619047619049	0.6043565757217072	0.42053793807	1
242	Iter0243	52	6	3	4	19	1	11.555555555555555	0.008467853973774433	0.34050304714472207	1
243	Iter0244	50	7	6	2	19	1	2.380952380952381	0.30503556481670685	0.4093737401296999	1
244	Iter0245	52	5	9	1	19	4	1.1555555555555557	1.0	0.5878520114129999	1
245	Iter0246	48	5	13	1	17	4	0.7384615384615384	1.0	0.35897609723999996	1
246	Iter0247	43	10	9	2	20	3	0.9555555555555556	1.0	0.5318547527999999	1
247	Iter0248	51	6	9	1	22	2	0.9444444444444444	1.0	0.5208392040000001	1
248	Iter0249	47	8	5	1	21	3	1.175	1.0	0.5050259949999999	1
249	Iter0250	61	7	7	1	27	0	1.2448979591836733	1.0	0.6850729391100001	1
250	Iter0251	62	6	3	1	26	0	3.4444444444444446	0.34190651153296964	0.39520294319999844	1
251	Iter0252	59	4	8	3	22	3	5.53125	0.062415194334582785	0.4424116259733691	1
252	Iter0253	53	6	10	1	19	1	0.8833333333333334	1.0	0.634060367207	1
253	Iter0254	51	7	3	2	20	1	4.857142857142857	0.14512735872612026	0.438280613597566	1
254	Iter0255	48	8	12	1	21	5	0.5	1.0	0.49984133609000003	1
255	Iter0256	49	10	4	3	24	1	3.675	0.13143949409484	0.620141019102171	1
256	Iter0257	45	7	10	1	21	0	0.6428571428571429	1.0	0.44879963000000006	1
257	Iter0258	51	11	5	4	21	0	3.709090909090909	0.08682285145003818	0.3721360289999999	1
258	Iter0259	45	7	11	1	14	1	0.5844155844155844	1.0	0.21318359430500003	1
259	Iter0260	52	4	2	0	24	0	3.533333333333333	1.0	0.526735363716803	1
260	Iter0261	56	10	11	1	25	0	0.509090909090909	1.0	0.59880629872894	1
261	Iter0262	49	2	1	2	15	0	49.0	0.012256087727785914	0.38643603171163204	1
262	Iter0263	51	1	8	1	23	2	6.375	0.27540983606556235	0.42603710190000005	1
263	Iter0264	47	2	9	2	22	4	5.222222222222221	0.14989695161339378	0.46533521856	1
264	Iter0265	51	6	6	3	25	0	4.25	0.0980186607885441	0.64752481370906	1
265	Iter0266	45	6	4	1	15	0	1.875	0.5007916611689998	0.293988325	1
266	Iter0267	46	8	6	1	20	0	0.9583333333333334	1.0	0.47208946377	1
267	Iter0268	41	6	5	1	12	3	1.3666666666666667	1.0	0.13759447700000002	1
268	Iter0269	51	3	6	3	21	0	8.5	0.033419862951672916	0.5231528775799998	1
269	Iter0270	47	9	5	0	24	0	0.7999999999999999	1.0	0.44600926057999996	1
270	Iter0271	47	5	9	1	22	2	1.0444444444444445	1.0	0.45637374899999994	1
271	Iter0272	44	8	3	3	19	0	5.5	0.07546272969346132	0.36823886	1
272	Iter0273	45	7	6	2	16	0	2.142857142857143	0.5927587700083639	0.3587518376	1
273	Iter0274	53	3	5	2	16	1	7.066666666666667	0.09076894119334328	0.260013779837	1
274	Iter0275	55	7	7	4	20	1	4.489795918367347	0.054481983437806865	0.46719077609973664	1
275	Iter0276	56	3	7	1	29	0	2.666666666666667	0.40621281703369416	0.565264279174397	1
276	Iter0277	60	3	9	6	25	3	13.333333333333336	0.0011610338976120109	0.46154785915940005	1
277	Iter0278	45	4	7	3	23	0	4.821428571428571	0.08676819601225208	0.5368467360000001	1
278	Iter0279	44	5	3	5	18	0	14.666666666666668	0.002613680106524309	0.39509449657761697	1
279	Iter0280	47	12	5	4	20	1	3.1333333333333333	0.19854958178675225	0.40617373000000007	1
280	Iter0281	52	5	3	1	21	1	3.466666666666667	0.3464563911431288	0.4758037930704299	1
281	Iter0282	53	6	2	2	28	1	8.833333333333334	0.07509254362771169	0.7546150441611001	1
282	Iter0283	51	4	5	0	24	2	1.7333333333333334	1.0	0.5780776570988778	1
283	Iter0284	44	7	4	0	18	2	1.125	1.0	0.356952659657	1
284	Iter0285	69	5	7	2	35	0	3.9428571428571435	0.16500383349997774	0.8674799608934122	1
285	Iter0286	42	4	6	1	19	2	1.75	0.5223329389810794	0.51460154	1
286	Iter0287	47	8	9	5	18	5	3.263888888888889	0.11924196813359968	0.27960949559000003	1
287	Iter0288	45	5	2	4	21	0	18.0	0.004380007709641373	0.4640745685	1
288	Iter0289	49	10	4	6	20	0	7.35	0.0077383356594354375	0.4162260331	1
289	Iter0290	45	5	7	1	18	2	1.2857142857142858	1.0	0.41211241496999995	1
290	Iter0291	43	10	8	3	24	2	1.6125	0.6808745166387478	0.39657138088820004	1
291	Iter0292	53	6	4	0	22	0	1.542857142857143	1.0	0.49888931499999994	1
292	Iter0293	49	5	7	4	26	2	5.6000000000000005	0.037591463302058564	0.5413639100000002	1
293	Iter0294	56	2	6	0	18	0	2.7142857142857144	1.0	0.4390408432999999	1
294	Iter0295	60	7	7	1	24	2	1.2244897959183674	1.0	0.46488491883349997	1
295	Iter0296	52	8	4	1	22	1	1.625	0.5375462718138762	0.5625179503	1
296	Iter0297	47	2	7	1	23	2	3.3571428571428568	0.3703349282296643	0.5256265099999999	1
297	Iter0298	62	3	8	3	23	0	7.750000000000001	0.036246136771131116	0.41163380623199997	1
298	Iter0299	41	5	6	0	15	1	1.0	1.0	0.28614566	1
299	Iter0300	46	1	7	2	22	2	13.142857142857142	0.06406926406926647	0.5771495123400001	1
300	Iter0301	51	2	4	5	20	0	31.875	0.0003621744482458043	0.3299419936559999	1
301	Iter0302	64	7	5	1	28	1	1.8285714285714283	0.494387950624443	0.6666658752000001	1
302	Iter0303	49	9	6	1	19	1	0.9074074074074074	1.0	0.42298912639999997	1
303	Iter0304	51	3	2	3	23	0	25.5	0.00566496470707622	0.5747627833191101	1
304	Iter0305	55	2	10	1	23	1	2.75	0.4161545215100617	0.4088207925089999	1
305	Iter0306	50	5	7	1	24	2	1.4285714285714286	0.5733394258615155	0.6982913882699999	1
306	Iter0307	50	3	5	1	25	0	3.333333333333333	0.3566067418693106	0.651288726	1
307	Iter0308	51	7	4	1	24	0	1.8214285714285716	0.5050737339993467	0.5943755465399999	1
308	Iter0309	51	13	2	2	21	2	3.9230769230769234	0.2089552238805928	0.45045990380900014	1
309	Iter0310	58	7	6	1	25	0	1.3809523809523812	0.5782960425057204	0.59491988415	1
310	Iter0311	50	8	7	0	23	0	0.7083333333333334	0.5830078247542059	0.47854646160263997	1
311	Iter0312	42	9	6	2	15	3	1.5555555555555556	0.6347552476369291	0.25934756	1
312	Iter0313	42	3	5	2	17	0	5.6	0.12860374919198855	0.35038183891888997	1
313	Iter0314	52	6	10	6	22	3	5.199999999999998	0.017424888101996647	0.553223550587	1
314	Iter0315	57	4	1	1	25	1	14.25	0.15360983102919207	0.5536897156199501	1
315	Iter0316	52	11	3	1	26	1	1.575757575757576	0.5550373134328158	0.7199635770999999	1
316	Iter0317	57	10	4	0	25	3	1.0545454545454545	1.0	0.4686852354371	1
317	Iter0318	67	10	1	2	21	0	13.4	0.057302823758518334	0.45864655194513015	1
318	Iter0319	42	7	5	3	17	2	3.6	0.1366779451831162	0.44418977336	1
319	Iter0320	51	4	3	1	24	1	4.25	0.30513528121883776	0.48514735438875817	1
320	Iter0321	43	7	2	2	19	0	6.142857142857142	0.12504624491306102	0.32285798	1
321	Iter0322	50	6	2	0	18	0	2.4285714285714284	1.0	0.4064634154999999	1
322	Iter0323	48	6	5	0	25	1	1.1666666666666667	1.0	0.488663909	1
323	Iter0324	56	11	5	1	27	1	1.018181818181818	1.0	0.5888972659820001	1
324	Iter0325	45	7	6	1	23	1	1.0714285714285714	1.0	0.43891955577999997	1
325	Iter0326	51	4	9	0	16	1	1.04	1.0	0.3701251684999999	1
326	Iter0327	42	8	7	1	19	1	0.75	1.0	0.3821812951488159	1
327	Iter0328	39	10	8	4	11	3	1.95	0.4447901135239168	0.2685657454008	1
328	Iter0329	46	5	6	2	21	0	3.0666666666666664	0.2383080698304981	0.37477687749513006	1
329	Iter0330	47	3	4	3	14	0	11.75	0.02011482944948661	0.321595941915	1
330	Iter0331	43	7	3	0	17	0	1.375	1.0	0.4630944760000001	1
331	Iter0332	56	5	7	1	27	0	1.6	0.5368156245403469	0.6217377617600001	1
332	Iter0333	35	7	1	3	17	1	15.0	0.027759904402978867	0.34051094483778993	1
333	Iter0334	58	5	5	1	20	1	2.32	0.43320859318752464	0.4690320130300001	1
334	Iter0335	43	4	6	1	19	0	1.7916666666666667	0.5149615337184512	0.36057160042	1
335	Iter0336	47	5	6	0	22	1	1.1428571428571428	1.0	0.513929116	1
336	Iter0337	45	6	13	2	15	6	1.1538461538461535	1.0	0.37925218197860006	1
337	Iter0338	59	8	1	1	27	0	7.375	0.2455242966751992	0.6001444570330001	1
338	Iter0339	52	5	5	1	21	0	2.08	0.46592135190190703	0.47299124781867	1
339	Iter0340	57	11	5	0	26	1	0.8055555555555555	1.0	0.5313666794699999	1
340	Iter0341	53	6	10	1	20	1	0.8833333333333334	1.0	0.4274272112292	1
341	Iter0342	48	7	4	0	21	1	1.225	1.0	0.54090431	1
342	Iter0343	43	3	1	2	21	1	28.66666666666667	0.024424663482413983	0.31578339769091	1
343	Iter0344	42	2	4	0	12	1	2.8666666666666667	1.0	0.341819807201	1
344	Iter0345	47	8	4	2	21	0	2.9375	0.25259285070616266	0.4094172701869999	1
345	Iter0346	50	9	1	2	23	0	11.111111111111109	0.07852987837123328	0.48308016941	1
346	Iter0347	52	10	4	3	26	0	3.9	0.11766137343970293	0.5569121830999999	1
347	Iter0348	48	5	2	2	22	1	9.6	0.06964380648591416	0.4202748975994	1
348	Iter0349	50	5	3	1	21	2	3.333333333333333	0.3566067418693106	0.5232713214200001	1
349	Iter0350	40	1	6	1	15	2	6.666666666666668	0.2730496453900697	0.3003190529999999	1
350	Iter0351	48	3	5	0	16	2	2.0416666666666665	1.0	0.30943877291000005	1
351	Iter0352	65	7	7	2	26	0	2.6530612244897958	0.2608541800906798	0.6529860169299999	1
352	Iter0353	40	2	3	0	18	0	3.4166666666666665	1.0	0.40706258940000006	1
353	Iter0354	58	7	3	2	24	0	5.523809523809526	0.1203974481067296	0.4889186270269001	1
354	Iter0355	54	10	4	1	22	0	1.35	1.0	0.44545927606827995	1
355	Iter0356	52	3	4	4	20	0	17.333333333333332	0.003472365517817375	0.41389611531347	1
356	Iter0357	44	4	2	1	22	0	5.5	0.27106842737093484	0.5508259340000001	1
357	Iter0358	57	8	6	2	24	2	2.375	0.3002891527192669	0.6492155418000003	1
358	Iter0359	43	5	8	4	15	0	4.3	0.0689025820440788	0.34659730962000007	1
359	Iter0360	49	11	4	0	21	1	0.8333333333333334	1.0	0.5032172340421601	1
360	Iter0361	51	9	4	4	21	1	5.666666666666668	0.0379142757918508	0.44050468583450003	1
361	Iter0362	43	8	6	2	21	0	1.7916666666666667	0.6126192020391457	0.5704712952	1
362	Iter0363	54	5	5	4	25	1	8.64	0.01402074843686736	0.513014650855	1
363	Iter0364	49	9	3	1	21	0	1.8148148148148149	0.5146949421434511	0.4410275781999999	1
364	Iter0365	45	4	6	2	22	0	3.75	0.1942602250447295	0.5497267299999998	1
365	Iter0366	45	7	7	0	22	3	0.71875	0.5822662423435498	0.49018234691000007	1
366	Iter0367	46	5	4	2	25	0	4.6	0.1533893668948317	0.543887923	1
367	Iter0368	50	7	5	0	21	4	1.0625	1.0	0.41424246054930003	1
368	Iter0369	61	8	5	1	21	2	1.525	0.5487734850420664	0.4882625132985059	1
369	Iter0370	51	5	7	3	19	0	4.371428571428571	0.0945098997033235	0.4509133269744001	1
370	Iter0371	38	5	5	2	14	0	3.04	0.25014024211989416	0.20291583088999998	1
371	Iter0372	48	6	3	0	25	2	1.75	1.0	0.58005793023	1
372	Iter0373	67	8	9	1	27	1	0.9305555555555556	1.0	0.427923432552803	1
373	Iter0374	41	7	5	1	15	0	1.1714285714285713	1.0	0.30106390605	1
374	Iter0375	50	6	13	0	15	4	0.5204081632653061	0.5857636370576547	0.37062971000000006	1
375	Iter0376	52	7	4	1	23	0	1.8571428571428568	0.4990084611316684	0.6027165561999999	1
376	Iter0377	50	7	5	3	18	1	4.285714285714286	0.09826928658035007	0.31929270340000004	1
377	Iter0378	54	7	8	2	21	0	1.9285714285714288	0.6045824676300332	0.4067235749115021	1
378	Iter0379	46	6	3	0	16	0	1.6785714285714286	1.0	0.3256031374	1
379	Iter0380	46	6	5	2	19	0	3.066666666666667	0.23830806983050476	0.5675938323091698	1
380	Iter0381	41	11	5	1	20	2	0.7454545454545454	1.0	0.50865517	1
381	Iter0382	53	3	5	0	24	1	2.25	1.0	0.48676149056	1
382	Iter0383	45	11	4	2	16	0	2.0454545454545454	0.5967517533565402	0.302776419653	1
383	Iter0384	51	5	5	1	21	0	2.04	0.4718391208559245	0.4020425883	1
384	Iter0385	59	6	6	1	20	0	1.6388888888888893	0.5274007372908908	0.484289956	1
385	Iter0386	40	6	6	1	17	0	1.1111111111111112	1.0	0.45922348807395996	1
386	Iter0387	58	7	4	1	18	0	2.071428571428572	0.4653396253197674	0.5255646920765039	1
387	Iter0388	51	8	5	4	24	1	5.1	0.044816570242387	0.4106159645342	1
388	Iter0389	52	4	7	1	23	1	1.8571428571428568	0.4990084611316684	0.4768147634	1
389	Iter0390	47	4	9	1	21	3	1.3055555555555556	1.0	0.522734237796	1
390	Iter0391	53	4	4	3	22	0	9.9375	0.023958432171709045	0.5742032998971899	1
391	Iter0392	48	9	6	5	23	3	4.4444444444444455	0.04068063956710204	0.5409818639063001	1
392	Iter0393	44	4	5	2	17	2	4.4	0.16323173681663308	0.37467053014070006	1
393	Iter0394	51	7	4	0	26	0	1.3	1.0	0.70805725	1
394	Iter0395	57	6	6	1	24	1	1.5833333333333333	0.5384698544527327	0.45465780654000004	1
395	Iter0396	59	5	2	2	27	0	11.8	0.04985357048570462	0.587701305904248	1
396	Iter0397	52	5	5	3	18	1	6.24	0.052267168206717535	0.4153051449300001	1
397	Iter0398	52	4	7	3	22	2	5.571428571428571	0.064582231623478	0.525323017101489	1
398	Iter0399	45	2	9	2	22	2	5.0	0.1591910811511555	0.518753515	1
399	Iter0400	55	9	3	2	25	2	4.0740740740740735	0.177018703453015	0.679696068978	1
400	Iter0401	41	4	3	4	15	0	13.666666666666664	0.007334897240757948	0.37444735283360003	1
401	Iter0402	61	3	3	0	29	0	3.875	1.0	0.67689840678666	1
402	Iter0403	44	9	1	4	19	0	19.555555555555557	0.00730273960764014	0.49304566000000005	1
403	Iter0404	56	7	3	1	20	0	2.6666666666666665	0.40621281703369416	0.31141621744000003	1
404	Iter0405	44	8	1	2	18	0	11.0	0.08176100628930869	0.37954934710982374	1
405	Iter0406	50	4	6	1	26	1	2.083333333333333	0.468409504757579	0.5793731630000001	1
406	Iter0407	56	5	11	3	23	4	3.0545454545454547	0.16392729423307806	0.4978856535300001	1
407	Iter0408	46	1	13	2	20	3	7.0769230769230775	0.14251718667372146	0.39722873999999997	1
408	Iter0409	49	5	10	4	20	3	3.92	0.07870056118140127	0.4708296988527401	1
409	Iter0410	44	4	5	2	23	3	4.4	0.16323173681663308	0.5381619247903171	1
410	Iter0411	46	1	1	1	21	0	46.0	0.0807823129251757	0.38785008155	1
411	Iter0412	52	3	6	2	22	3	5.777777777777778	0.11689627046940035	0.48173583416067794	1
412	Iter0413	43	7	5	2	17	0	2.4571428571428573	0.30377253643799	0.30690464447000004	1
413	Iter0414	55	5	11	3	23	3	3.0	0.16920346106536585	0.5149744205237	1
414	Iter0415	56	4	8	3	26	4	5.25	0.06962840228288024	0.4928331042	1
415	Iter0416	50	6	5	0	21	0	1.2142857142857142	1.0	0.475866156030433	1
416	Iter0417	49	8	10	3	20	0	1.8375	0.4162684568214998	0.47799867910000005	1
417	Iter0418	57	9	3	1	23	1	2.1111111111111107	0.468167020214993	0.45588339189729005	1
418	Iter0419	48	2	2	2	18	0	24.0	0.023876604342752333	0.3260090081205851	1
419	Iter0420	60	6	4	3	27	1	7.5	0.03613755556444274	0.6120127401301079	1
420	Iter0421	47	4	3	3	18	1	11.75	0.02011482944948661	0.3707456432000001	1
421	Iter0422	41	4	6	1	23	0	1.7083333333333333	0.5299046541693798	0.42058398978999995	1
422	Iter0423	41	3	3	3	18	0	13.666666666666664	0.01757852077000987	0.33384250370999996	1
423	Iter0424	46	5	6	1	17	3	1.5333333333333332	0.5550512487128784	0.382806119999976	1
424	Iter0425	51	3	2	1	23	0	8.5	0.19938482570062135	0.5332284177	1
425	Iter0426	42	6	5	0	15	3	1.023809523809524	1.0	0.29624283888423	1
426	Iter0427	58	10	8	1	25	3	0.725	1.0	0.632607869558472	1
427	Iter0428	65	3	5	0	27	2	2.75	1.0	0.4537728569	1
428	Iter0429	50	4	3	4	24	1	16.666666666666668	0.0039390215407047145	0.46887516475098207	1
429	Iter0430	39	2	10	0	12	0	1.2121212121212122	1.0	0.27346770164499995	1
430	Iter0431	54	11	7	1	21	3	0.7012987012987013	1.0	0.4223192919533001	1
431	Iter0432	65	5	7	2	33	1	3.7142857142857135	0.17936505861452487	0.7402769878999998	1
432	Iter0433	45	7	5	4	16	1	5.142857142857143	0.04699966959905661	0.3691192039	1
433	Iter0434	41	5	8	4	19	2	4.1	0.07725087026689635	0.5000754969000001	1
434	Iter0435	44	10	5	0	19	1	0.6818181818181818	0.5767885256949906	0.41412383245719997	1
435	Iter0436	38	4	3	1	18	0	3.1666666666666665	0.3794160002451213	0.4785204656868	1
436	Iter0437	51	5	3	1	28	0	3.4	0.35145959580423275	0.5435368110529728	1
437	Iter0438	47	5	3	1	24	0	3.1333333333333333	0.3729750333523829	0.688889103323	1
438	Iter0439	49	7	4	1	23	2	1.75	0.517630846909664	0.49101408357220006	1
439	Iter0440	58	5	5	3	23	1	6.959999999999999	0.04113035241869648	0.3680352766743882	1
440	Iter0441	56	7	7	7	26	4	8.0	0.0025209399172672997	0.555250360728715	1
441	Iter0442	51	13	2	3	26	0	5.884615384615384	0.07763553772638562	0.57696625198	1
442	Iter0443	56	7	4	2	28	1	4.0	0.1723426733590058	0.67222968508	1
443	Iter0444	51	4	4	1	23	1	3.1875	0.36304067445058624	0.44752622667000014	1
444	Iter0445	51	6	5	0	21	0	1.238095238095238	1.0	0.4875091738190001	1
445	Iter0446	46	10	6	6	23	1	4.6	0.02698576509569014	0.5399173021	1
446	Iter0447	54	4	3	2	22	0	9.0	0.06710645430182048	0.462793638687	1
447	Iter0448	44	4	8	0	18	4	1.0	1.0	0.5679917959207701	1
448	Iter0449	51	3	2	1	16	0	8.5	0.19938482570062135	0.266582832353	1
449	Iter0450	43	4	3	2	14	2	7.166666666666668	0.09584449164280824	0.204832192	1
450	Iter0451	59	8	6	1	18	0	1.2291666666666667	1.0	0.37672505530000006	1
451	Iter0452	53	4	6	4	26	2	8.833333333333334	0.013901048595042079	0.49099718890000005	1
452	Iter0453	36	5	4	0	16	0	1.2333333333333334	1.0	0.30807844990230004	1
453	Iter0454	39	7	5	1	15	1	1.1142857142857143	1.0	0.34385256699892996	1
454	Iter0455	46	5	4	4	14	1	9.2	0.014246907091675757	0.27922072528356	1
455	Iter0456	53	3	7	4	21	1	10.095238095238095	0.0113669894436213	0.40362991719999997	1
456	Iter0457	53	2	1	0	25	0	9.0	1.0	0.5711777772	1
457	Iter0458	48	7	9	1	12	0	0.7619047619047619	1.0	0.3016732582579	1
458	Iter0459	58	4	4	3	22	1	10.875	0.019360899324491032	0.49572594805394266	1
459	Iter0460	47	5	8	3	23	1	3.5250000000000004	0.1365923497506429	0.40752522649017897	1
460	Iter0461	55	6	6	2	19	0	3.055555555555556	0.2303976966889276	0.41758676461100963	1
461	Iter0462	40	8	4	1	14	0	1.25	1.0	0.33038328280000007	1
462	Iter0463	51	5	6	0	25	0	1.2380952380952381	1.0	0.524868107982	1
463	Iter0464	66	3	9	1	26	1	2.4444444444444446	0.4246253413475618	0.5792452610108499	1
464	Iter0465	50	8	6	5	18	0	5.208333333333334	0.02687162195830459	0.27376439554629994	1
465	Iter0466	46	6	6	2	21	1	2.5555555555555562	0.28757923098997584	0.4073306398999995	1
466	Iter0467	46	2	2	2	19	1	23.0	0.025712438821682195	0.38396977924620007	1
467	Iter0468	48	3	2	0	19	0	4.083333333333333	1.0	0.5192032574000001	1
468	Iter0469	44	3	4	1	18	1	3.6666666666666665	0.3411580016622002	0.47510900327000005	1
469	Iter0470	48	2	3	1	22	1	8.0	0.20980487018222835	0.4503436278207711	1
470	Iter0471	48	7	2	2	20	1	6.857142857142858	0.10640130425421086	0.46608073875999995	1
471	Iter0472	46	5	6	1	18	1	1.5333333333333332	0.5550512487128784	0.40820480029999995	1
472	Iter0473	59	6	5	1	26	2	1.9666666666666668	0.4765054320760868	0.547759351352	1
473	Iter0474	46	5	6	2	18	3	3.0666666666666664	0.2383080698304981	0.49152947960759996	1
474	Iter0475	51	7	9	2	14	3	1.619047619047619	0.6279513241279971	0.24701353260000003	1
475	Iter0476	55	1	0	1	18	0	56.0	0.03508771929824645	0.3722544366	1
476	Iter0477	43	4	8	4	14	1	5.375	0.046074785021389036	0.269858316804	1
477	Iter0478	54	3	3	1	27	0	6.0	0.24306560251409665	0.6185709461999999	1
478	Iter0479	53	3	5	3	24	2	10.6	0.022184701843702272	0.6057881491296999	1
479	Iter0480	39	4	5	0	21	2	1.3333333333333333	1.0	0.5573326855769001	1
480	Iter0481	48	8	6	0	21	1	0.7777777777777778	1.0	0.458592293	1
481	Iter0482	49	5	7	0	23	0	1.0416666666666667	1.0	0.48043125810000004	1
482	Iter0483	39	3	6	4	12	1	8.666666666666666	0.01970864201369744	0.25688898399999993	1
483	Iter0484	55	4	4	0	22	1	2.24	1.0	0.45974900029677285	1
484	Iter0485	52	15	4	3	21	0	2.6	0.35047938743970725	0.43602334564999995	1
485	Iter0486	67	5	3	1	27	0	4.466666666666667	0.2853368148249101	0.5177272948930977	1
486	Iter0487	50	4	6	2	20	2	4.166666666666667	0.16831809615298576	0.49535234699999997	1
487	Iter0488	47	7	3	2	16	0	4.476190476190476	0.16277730083137798	0.437580948058	1
488	Iter0489	48	3	7	2	21	4	4.571428571428571	0.15807930111661608	0.42378046999999996	1
489	Iter0490	47	6	7	2	25	0	2.238095238095238	0.3275527466177621	0.58500429	1
490	Iter0491	51	9	5	0	20	0	0.8666666666666667	1.0	0.562897959992835	1
491	Iter0492	51	8	4	1	21	0	1.59375	0.5437398485306263	0.5103673883676	1
492	Iter0493	47	5	10	5	13	6	4.7	0.037543809623945684	0.2304860199970224	1
493	Iter0494	35	5	4	1	14	0	1.75	0.528747486206346	0.276757472	1
494	Iter0495	41	9	5	1	21	2	0.9111111111111112	1.0	0.5357897773570001	1
495	Iter0496	43	5	5	1	15	1	1.72	0.5248602779282834	0.357479368917	1
496	Iter0497	42	4	9	2	15	2	2.333333333333333	0.3263628956280407	0.27575160630539997	1
497	Iter0498	49	5	3	0	21	1	2.083333333333333	1.0	0.38998627069720004	1
498	Iter0499	50	3	3	2	28	1	11.111111111111114	0.05419024747518548	0.751586295704	1
499	Iter0500	59	6	13	4	19	4	3.0256410256410264	0.20380313539923275	0.3651836409337899	1
500	Iter0501	50	4	9	2	25	1	2.7777777777777777	0.2661550011331952	0.5991885032964599	1
501	Iter0502	49	7	11	5	16	4	3.1818181818181817	0.12238015791310222	0.32778267732000005	1
502	Iter0503	46	4	4	1	15	1	2.875	0.3909440746288453	0.28431523620000004	1
503	Iter0504	52	6	3	0	26	0	1.8928571428571428	1.0	0.50411070436356	1
504	Iter0505	52	7	5	1	23	2	1.4857142857142858	0.5606689582231555	0.5271453577	1
505	Iter0506	49	8	5	4	22	0	4.9	0.04971053941877999	0.39082424384	1
506	Iter0507	57	2	5	2	22	0	11.4	0.05276806526806432	0.46514558089381	1
507	Iter0508	50	7	6	2	18	2	2.380952380952381	0.30503556481670685	0.48303137182238504	1
508	Iter0509	49	5	7	2	22	3	2.8000000000000003	0.2597745254420142	0.443245187	1
509	Iter0510	51	6	3	1	23	0	2.833333333333333	0.3939868354236263	0.57064987783	1
510	Iter0511	60	8	9	2	25	0	1.6666666666666667	0.62373289562488	0.5773526510267999	1
511	Iter0512	58	7	2	3	25	1	12.428571428571429	0.01861123187992705	0.5762744166131	1
512	Iter0513	45	7	6	3	20	2	3.2142857142857144	0.15695872880605116	0.3473985242	1
513	Iter0514	55	4	3	1	25	0	4.583333333333333	0.2877372348551541	0.642661308	1
514	Iter0515	49	5	5	1	27	2	1.96	0.4841155875715616	0.735635230454	1
515	Iter0516	54	4	9	1	24	4	1.5	0.5604317214830471	0.57888149804657	1
516	Iter0517	52	1	4	4	21	1	52.0	0.0006330319287790287	0.5236929244059101	1
517	Iter0518	69	7	6	1	29	3	1.642857142857143	0.5219487596373996	0.7702695795977	1
518	Iter0519	52	5	4	3	20	0	7.800000000000002	0.03637454446776575	0.49925642613	1
519	Iter0520	38	5	4	2	15	0	3.8	0.19904109150177726	0.4325282563100001	1
520	Iter0521	54	8	5	4	16	0	5.4	0.038537588414077485	0.3376632607292	1
521	Iter0522	48	5	4	3	19	0	7.2	0.043456808075837586	0.5389085259999999	1
522	Iter0523	54	5	11	1	24	4	0.981818181818182	1.0	0.5312619806911456	1
523	Iter0524	49	6	4	3	18	0	6.125	0.056379237387775574	0.40319373516293	1
524	Iter0525	48	4	3	4	24	0	16.0	0.004486555724906792	0.4698715206628601	1
525	Iter0526	57	7	7	3	16	1	3.4897959183673466	0.12854894598180205	0.46440590497	1
526	Iter0527	54	6	3	3	22	0	9.0	0.02934446568767055	0.507936056884106	1
527	Iter0528	53	9	5	2	25	0	2.355555555555556	0.3086431285437636	0.532852363922627	1
528	Iter0529	40	8	4	4	19	2	5.0	0.055329650002233284	0.39457970572	1
529	Iter0530	42	8	6	3	16	2	2.625	0.3473935674688783	0.35526824	1
530	Iter0531	40	6	5	2	19	2	2.666666666666667	0.2828734186445453	0.44736402999999997	1
531	Iter0532	47	7	2	3	18	1	10.071428571428571	0.030293708875024205	0.4602360751997795	1
532	Iter0533	48	5	6	1	20	1	1.6	0.5414360778413925	0.4804627090576	1
533	Iter0534	52	6	5	3	19	2	5.199999999999998	0.07056776523944698	0.45725728209264005	1
534	Iter0535	49	9	8	4	22	0	2.7222222222222223	0.21609480830471847	0.4816530191709999	1
535	Iter0536	39	6	4	3	11	0	4.875	0.08998670698621977	0.1880720348	1
536	Iter0537	54	11	4	1	18	0	1.2272727272727273	1.0	0.29602551639999997	1
537	Iter0538	46	7	5	1	22	2	1.3142857142857145	1.0	0.41700352024533005	1
538	Iter0539	55	4	7	1	19	0	1.9642857142857144	0.4816143640770133	0.45343208000000007	1
539	Iter0540	57	5	4	2	26	1	5.7	0.11222994703569547	0.5922580806	1
540	Iter0541	48	10	6	0	22	4	0.6363636363636364	0.5781878414767172	0.6030322119999999	1
541	Iter0542	53	5	8	3	24	4	3.975	0.10896391210669387	0.556537699013	1
542	Iter0543	45	5	3	3	12	1	9.0	0.03234686142566092	0.191974914	1
543	Iter0544	42	10	9	4	11	2	1.8666666666666667	0.452833905372328	0.24730187780000001	1
544	Iter0545	56	4	5	1	20	0	2.8	0.3888826227536015	0.45194820124602103	1
545	Iter0546	44	3	6	0	18	1	1.6071428571428572	1.0	0.37829877000000006	1
546	Iter0547	54	8	5	1	22	0	1.35	1.0	0.4756319333999999	1
547	Iter0548	45	7	5	1	19	3	1.2857142857142858	1.0	0.35576147613000003	1
548	Iter0549	50	8	2	0	23	0	1.8888888888888893	1.0	0.5796007521203	1
549	Iter0550	51	5	3	1	20	1	3.4	0.35145959580423275	0.544443874777	1
550	Iter0551	45	7	2	3	21	1	9.642857142857146	0.03339824690370835	0.3429783245184	1
551	Iter0552	65	1	1	2	28	0	130.0	0.003798144825743376	0.6085187730000001	1
552	Iter0553	42	9	6	4	20	0	3.111111111111111	0.1983167994424792	0.5540380297294598	1
553	Iter0554	64	7	13	1	29	4	0.7032967032967032	1.0	0.6203116562999998	1
554	Iter0555	37	3	7	0	14	2	1.1875	1.0	0.24738107780000002	1
555	Iter0556	50	7	4	2	21	0	3.571428571428572	0.20098110661334934	0.365874644549	1
556	Iter0557	39	11	2	4	14	1	7.090909090909091	0.03841971322548336	0.26218401482	1
557	Iter0558	46	4	5	1	17	1	2.3	0.4453240679655724	0.47187791147353536	1
558	Iter0559	50	11	6	4	25	1	3.0303030303030307	0.20233167125675106	0.63218569594484	1
559	Iter0560	49	2	4	2	20	1	12.25	0.05103668261563269	0.44378201691187	1
560	Iter0561	61	6	5	0	26	1	1.4761904761904765	1.0	0.5538042422421499	1
561	Iter0562	44	8	7	3	18	0	2.357142857142857	0.36302006331883385	0.4487028145	1
562	Iter0563	52	5	6	4	23	1	6.933333333333334	0.02304084160220449	0.47749125591583996	1
563	Iter0564	51	2	10	3	22	5	7.649999999999999	0.04848310291858705	0.4769333687684	1
564	Iter0565	57	6	7	2	26	1	2.7142857142857144	0.2603961360869837	0.6173861585127614	1
565	Iter0566	46	6	5	1	27	1	1.5333333333333334	0.5550512487128784	0.7085306597721999	1
566	Iter0567	47	6	9	1	20	4	0.8703703703703703	1.0	0.4869424446180701	1
567	Iter0568	52	3	6	3	27	0	8.666666666666666	0.03198245032222296	0.5006857926870001	1
568	Iter0569	49	6	1	1	27	1	8.166666666666666	0.2324561403508897	0.523138104	1
569	Iter0570	55	8	4	3	25	1	5.15625	0.07227532292305605	0.477337271484	1
570	Iter0571	68	8	7	1	24	4	1.2142857142857142	1.0	0.5988515268000001	1
571	Iter0572	48	6	3	2	23	0	5.333333333333333	0.13145730273295755	0.5346212848599999	1
572	Iter0573	54	7	6	2	18	3	2.571428571428572	0.2782973676924581	0.33784716200000003	1
573	Iter0574	47	4	4	2	20	1	5.875	0.11531092762473147	0.4774893580000001	1
574	Iter0575	52	13	3	3	22	0	4.0	0.12318580721263113	0.505055843951	1
575	Iter0576	50	12	5	3	22	1	2.5	0.3551265412070235	0.47941639001189995	1
576	Iter0577	45	2	4	1	25	2	5.625	0.2662895927601658	0.48210708	1
577	Iter0578	46	6	4	2	19	2	3.8333333333333335	0.18862286529992026	0.4362036366117	1
578	Iter0579	47	4	5	0	25	2	1.6	1.0	0.5435174599999999	1
579	Iter0580	50	8	0	3	24	0	22.66666666666667	0.004584606835231988	0.5632408085739202	1
580	Iter0581	53	3	3	0	21	0	3.375	1.0	0.35152949939	1
581	Iter0582	42	7	6	0	16	0	0.7678571428571429	1.0	0.3888857043999999	1
582	Iter0583	53	4	6	4	28	0	8.833333333333334	0.013901048595042079	0.7008602872309997	1
583	Iter0584	49	7	7	0	16	2	0.78125	1.0	0.3263474356698652	1
584	Iter0585	55	6	6	0	26	0	1.1428571428571428	1.0	0.5755686023500001	1
585	Iter0586	51	9	5	1	21	1	1.1333333333333333	1.0	0.5483090662000001	1
586	Iter0587	43	11	5	4	18	2	3.1272727272727274	0.1982814724074145	0.34725524258	1
587	Iter0588	44	3	5	1	20	2	2.933333333333333	0.3908819260650477	0.6023176488220501	1
588	Iter0589	53	5	5	1	20	1	2.12	0.460144058833543	0.4088617707604999	1
589	Iter0590	45	2	1	3	21	0	67.5	0.0018607442977189828	0.515864082305	1
590	Iter0591	50	8	6	5	22	0	5.208333333333334	0.02687162195830459	0.337074678115809	1
591	Iter0592	58	7	10	4	22	0	3.3142857142857145	0.0984301761142002	0.4188717618384	1
592	Iter0593	49	3	15	5	15	5	5.444444444444443	0.03326849579968565	0.28173211070000004	1
593	Iter0594	42	3	1	3	12	0	42.0	0.00412977401876596	0.29252593358213	1
594	Iter0595	44	5	3	2	22	0	5.866666666666667	0.12016278209396755	0.529709417793851	1
595	Iter0596	50	6	6	4	22	0	5.555555555555557	0.03726169252337013	0.4929954271268127	1
596	Iter0597	39	4	5	0	18	0	1.3333333333333333	1.0	0.3843470125999666	1
597	Iter0598	49	4	6	1	20	3	2.0416666666666665	0.4745621725265976	0.40229885	1
598	Iter0599	54	8	8	1	22	5	0.84375	1.0	0.5285832667000001	1
599	Iter0600	59	7	1	2	22	0	16.857142857142858	0.04282933160285599	0.49178295511190806	1
600	Iter0601	48	5	8	0	16	5	0.9074074074074072	1.0	0.31372169218985996	1
601	Iter0602	56	4	9	2	19	1	3.111111111111111	0.2309645174939417	0.3608545024	1
602	Iter0603	45	4	4	1	18	1	2.8125	0.3970346338825407	0.3896937312599	1
603	Iter0604	56	10	8	1	25	0	0.7	1.0	0.6238774621851002	1
604	Iter0605	51	6	5	4	26	1	6.8	0.02433467799886309	0.5590750529999999	1
605	Iter0606	50	4	4	4	21	0	12.5	0.006970247890246406	0.31642672000000005	1
606	Iter0607	54	10	12	0	21	5	0.38461538461538464	0.34772499310643035	0.4214778675555	1
607	Iter0608	52	7	6	3	21	1	3.7142857142857135	0.12039115787596492	0.47974205583	1
608	Iter0609	43	6	3	1	25	1	2.3888888888888893	0.442721762144598	0.5919795597457954	1
609	Iter0610	45	6	8	2	17	2	1.875	0.606852728787694	0.240237092391	1
610	Iter0611	40	4	2	3	18	0	15.0	0.016585172459362762	0.34823582996736874	1
611	Iter0612	42	7	8	2	17	3	1.5	0.6411030842421415	0.38469749122322	1
612	Iter0613	48	5	6	1	25	2	1.6	0.5414360778413925	0.6188147159999999	1
613	Iter0614	38	4	6	1	13	2	1.5833333333333333	0.5538963041275765	0.43165984699999993	1
614	Iter0615	56	7	9	1	19	0	0.8888888888888888	1.0	0.42750775	1
615	Iter0616	47	6	2	2	19	0	7.833333333333332	0.0904837852206284	0.42554101130000005	1
616	Iter0617	52	8	5	1	26	1	1.3	1.0	0.48649845010000015	1
617	Iter0618	45	12	3	3	19	1	3.75	0.14067960417876374	0.5441036248900001	1
618	Iter0619	52	3	13	1	21	5	1.3333333333333333	1.0	0.5171496799999998	1
619	Iter0620	53	2	4	5	21	0	33.125	0.00030869446493757974	0.46509712103199996	1
620	Iter0621	48	8	3	1	22	0	2.0	0.4875265311144646	0.46343984200000005	1
621	Iter0622	49	4	7	4	25	1	7.0	0.024425059619690083	0.64866374321	1
622	Iter0623	36	8	4	2	11	1	2.25	0.5859162906605779	0.27291539263	1
623	Iter0624	55	8	13	1	22	4	0.5288461538461539	1.0	0.35745003727120545	1
624	Iter0625	51	7	5	5	20	0	7.2857142857142865	0.011650460467339193	0.5046998382000001	1
625	Iter0626	55	0	4	4	19	0	56.0	0.00011751571772724617	0.41078519553500004	1
626	Iter0627	54	9	8	1	21	5	0.75	1.0	0.42589742823000004	1
627	Iter0628	52	6	3	1	27	0	2.888888888888889	0.3886204949403708	0.6167830783005187	1
628	Iter0629	49	8	7	1	24	2	0.875	1.0	0.66386638932	1
629	Iter0630	50	7	7	4	22	1	4.081632653061225	0.0691964746911509	0.46270748999999994	1
630	Iter0631	50	5	6	2	23	3	3.333333333333333	0.21404631079749908	0.4967127745010001	1
631	Iter0632	53	1	9	6	26	1	35.333333333333336	0.00025647020651218606	0.536485944	1
632	Iter0633	47	4	6	2	24	2	3.9166666666666665	0.18322229959008246	0.5300352900000002	1
633	Iter0634	41	6	7	3	14	2	2.9285714285714284	0.184419256970228	0.30360520749010006	1
634	Iter0635	53	7	5	1	21	0	1.5142857142857142	0.5545244681283941	0.4303933469	1
635	Iter0636	54	6	7	0	22	1	0.9821428571428572	1.0	0.4602160368	1
636	Iter0637	54	5	9	1	26	0	1.2000000000000002	1.0	0.5148773148	1
637	Iter0638	53	10	5	1	22	2	1.06	1.0	0.46135406985999994	1
638	Iter0639	46	6	4	4	20	2	7.666666666666668	0.02093530000925131	0.4018045804	1
639	Iter0640	44	7	5	1	15	1	1.2571428571428571	1.0	0.32032570038999997	1
640	Iter0641	39	5	6	1	21	0	1.3	1.0	0.557327058	1
641	Iter0642	48	8	5	3	22	2	3.6	0.13140208953892546	0.62368960779	1
642	Iter0643	61	7	6	1	21	1	1.4523809523809523	0.5618525144611572	0.32948336115400007	1
643	Iter0644	53	8	5	1	25	2	1.325	1.0	0.5693789989393956	1
644	Iter0645	49	4	2	1	20	0	6.125	0.24873737373738106	0.3960002983	1
645	Iter0646	50	5	3	2	21	0	6.666666666666668	0.09924943861700078	0.5163281886	1
646	Iter0647	50	5	7	3	27	0	4.285714285714286	0.09826928658035246	0.6062104204631001	1
647	Iter0648	51	7	5	1	18	2	1.457142857142857	0.566939517249426	0.34259241051945205	1
648	Iter0649	40	7	6	3	15	2	2.8571428571428568	0.33765051739127666	0.27475267999999997	1
649	Iter0650	47	4	4	2	20	1	5.875	0.11531092762473147	0.35878869680000003	1
650	Iter0651	56	7	3	1	31	0	2.6666666666666665	0.40621281703369416	0.5647909618539002	1
651	Iter0652	46	1	1	2	20	1	92.0	0.0072448979591840795	0.44580378878730004	1
652	Iter0653	66	8	3	1	26	0	2.75	0.3939386928860664	0.7410995179999998	1
653	Iter0654	62	9	8	1	28	0	0.8611111111111112	1.0	0.5938615315099999	1
654	Iter0655	35	9	7	4	13	3	2.2222222222222223	0.4272114365908557	0.22708874	1
655	Iter0656	57	7	8	3	27	5	3.0535714285714284	0.1581221475007175	0.5975547290930001	1
656	Iter0657	47	7	2	4	18	0	13.428571428571427	0.008213110215632202	0.46180026018	1
657	Iter0658	57	11	8	0	29	2	0.537037037037037	0.5938617180393794	0.48561632289999995	1
658	Iter0659	45	6	7	0	20	2	0.8214285714285714	1.0	0.3026510021815	1
659	Iter0660	46	3	5	2	22	0	6.133333333333334	0.1125185087449233	0.5467654013597999	1
660	Iter0661	49	7	4	2	19	1	3.5	0.20642494169008566	0.29448089951999995	1
661	Iter0662	48	5	8	4	15	0	4.8	0.052403667444722205	0.27516278664550003	1
662	Iter0663	42	4	9	1	17	1	1.1666666666666667	1.0	0.32454694303444	1
663	Iter0664	54	7	2	1	25	0	3.8571428571428568	0.33467741935484663	0.44767648699999996	1
664	Iter0665	49	3	5	1	29	1	3.2666666666666666	0.36190397624155995	0.6880603989999999	1
665	Iter0666	50	16	9	7	24	3	2.430555555555556	0.13256195935176726	0.5449666874899999	1
666	Iter0667	60	3	9	1	22	3	2.2222222222222223	0.4527300791047513	0.4637019889	1
667	Iter0668	47	11	3	0	18	0	1.0	1.0	0.43209204	1
668	Iter0669	51	7	4	0	23	0	1.3	1.0	0.40537010289000003	1
669	Iter0670	37	3	7	3	15	6	5.285714285714286	0.08556514187543819	0.29244700250000005	1
670	Iter0671	63	2	6	1	32	0	5.25	0.2676056338028183	0.7704719513	1
671	Iter0672	46	9	4	3	20	1	3.833333333333333	0.12481836580128786	0.48178516627820006	1
672	Iter0673	47	10	4	2	20	3	2.35	0.32007026629466656	0.38744644148	1
673	Iter0674	47	5	5	3	18	5	5.64	0.06478789357318822	0.353719271658	1
674	Iter0675	50	9	5	2	20	1	2.2222222222222223	0.32996760973031064	0.37390311556000005	1
675	Iter0676	59	7	7	2	27	0	2.4081632653061225	0.293715187011857	0.5925275741169999	1
676	Iter0677	39	4	7	5	22	1	6.9642857142857135	0.017281147705970546	0.44487547966469104	1
677	Iter0678	57	6	1	0	20	1	4.142857142857143	1.0	0.5020637233999999	1
678	Iter0679	54	4	4	2	24	2	6.75	0.09344945728652	0.4994366340938001	1
679	Iter0680	57	7	6	0	31	0	1.0357142857142858	1.0	0.748640867938	1
680	Iter0681	55	8	2	0	24	1	2.074074074074074	1.0	0.4867020760100001	1
681	Iter0682	45	6	3	2	16	2	5.0	0.1442142762897442	0.3657220948599999	1
682	Iter0683	41	7	6	2	19	1	1.9523809523809523	0.6015305512625962	0.39151001853	1
683	Iter0684	42	2	13	2	13	1	3.2307692307692313	0.26523424282507785	0.20149177407000002	1
684	Iter0685	46	9	11	0	20	6	0.39166666666666666	0.3366248573250477	0.3362658513	1
685	Iter0686	49	8	8	2	22	3	1.53125	0.6372316353119705	0.41874490899999994	1
686	Iter0687	60	4	5	1	27	0	3.0	0.3700319606339237	0.53972130491	1
687	Iter0688	42	7	3	5	19	0	10.0	0.007376718925290836	0.507503862	1
688	Iter0689	51	2	12	2	16	4	4.25	0.19007801899592527	0.40874538789708764	1
689	Iter0690	45	7	5	1	18	0	1.2857142857142858	1.0	0.3964684189999999	1
690	Iter0691	53	2	7	1	26	2	3.7857142857142856	0.33935181687695504	0.5776821704599999	1
691	Iter0692	37	8	1	0	15	0	2.1111111111111107	1.0	0.29451548150000006	1
692	Iter0693	56	8	4	1	26	1	1.75	0.5140360650915186	0.5361605656520301	1
693	Iter0694	49	9	10	1	21	5	0.5444444444444445	1.0	0.47025117600000016	1
694	Iter0695	63	3	5	5	29	0	21.0	0.0006358723499914567	0.6219483047700001	1
695	Iter0696	53	7	4	2	27	1	3.7857142857142856	0.1858550624415274	0.6283386102379998	1
696	Iter0697	43	6	2	2	28	0	7.166666666666668	0.10350892171092073	0.7022810619800001	1
697	Iter0698	58	4	7	1	22	1	2.071428571428572	0.4653396253197674	0.52705901	1
698	Iter0699	49	6	10	2	20	0	1.6333333333333333	0.6266486183571873	0.507244362452222	1
699	Iter0700	55	10	3	2	26	0	3.6666666666666665	0.20074817727220176	0.52375337198	1
700	Iter0701	34	7	7	3	23	1	2.081632653061224	0.3893189364114117	0.46986092470000007	1
701	Iter0702	46	5	7	1	21	1	1.3142857142857145	1.0	0.42166145899999996	1
702	Iter0703	58	4	5	1	26	1	2.9	0.379228459205385	0.5769090743990001	1
703	Iter0704	50	6	6	2	18	2	2.7777777777777786	0.2598936093343105	0.37007103178	1
704	Iter0705	52	6	10	4	29	4	3.4666666666666663	0.0952501952970594	0.6394842501014001	1
705	Iter0706	48	5	10	3	13	0	2.88	0.18502526089983976	0.3419634748050831	1
706	Iter0707	43	6	6	2	17	0	2.3888888888888893	0.31119896271598324	0.39523321199999994	1
707	Iter0708	53	8	4	3	27	0	4.96875	0.07797920610783061	0.5465093539783719	1
708	Iter0709	53	10	1	5	20	0	26.5	0.0013944821926174275	0.41041429199999996	1
709	Iter0710	48	6	6	1	24	2	1.3333333333333333	1.0	0.6350878239999999	1
710	Iter0711	56	3	6	4	23	0	12.444444444444445	0.0067388919690704934	0.45576194039999995	1
711	Iter0712	56	4	6	3	26	2	7.0	0.04217376222281289	0.5338105038200001	1
712	Iter0713	51	8	3	1	22	1	2.125	0.4690790964720098	0.41865860140699995	1
713	Iter0714	40	4	6	1	16	2	1.6666666666666667	0.5376840097740997	0.44974872399999993	1
714	Iter0715	61	8	5	2	26	1	3.05	0.22816517178246384	0.567614605897202	1
715	Iter0716	56	4	6	1	23	1	2.333333333333333	0.4344883971749579	0.4863522724926539	1
716	Iter0717	42	7	5	2	19	1	2.4	0.31212726600073715	0.4071971555199999	1
717	Iter0718	47	4	4	1	16	2	2.9375	0.3850332057879173	0.4659512651999999	1
718	Iter0719	56	12	2	2	28	1	4.666666666666667	0.16770769544805125	0.75183831378063	1
719	Iter0720	58	5	2	1	20	0	5.8	0.25218531468531663	0.38694275528000005	1
720	Iter0721	51	1	3	0	27	0	6.5	1.0	0.6019597047999999	1
721	Iter0722	54	6	1	1	22	0	9.0	0.2147012162876938	0.47036214590259995	1
722	Iter0723	38	7	4	1	20	1	1.3571428571428572	1.0	0.4445056561	1
723	Iter0724	51	10	1	1	23	0	5.1	0.3210445468510076	0.50179505266	1
724	Iter0725	53	3	2	1	16	0	8.833333333333334	0.19299270971116375	0.33585217479999996	1
725	Iter0726	57	2	7	0	23	2	2.4166666666666665	1.0	0.49262283499446247	1
726	Iter0727	55	3	4	1	25	0	4.583333333333333	0.2877372348551541	0.5501181900000001	1
727	Iter0728	52	7	7	2	24	2	2.122448979591837	0.34003914619825004	0.5414883462817	1
728	Iter0729	45	6	3	2	20	0	5.0	0.1442142762897442	0.35700992940000004	1
729	Iter0730	54	8	4	3	19	1	5.0625	0.07505612063623858	0.43019594135230405	1
730	Iter0731	55	9	3	2	19	1	4.0740740740740735	0.177018703453015	0.36225548172800004	1
731	Iter0732	48	6	5	2	21	1	3.2	0.22570354127316206	0.38365760000000004	1
732	Iter0733	55	1	1	1	27	0	55.0	0.06836055656382302	0.6630786844248	1
733	Iter0734	49	8	3	5	29	1	10.208333333333334	0.006103884684319741	0.6915035750999999	1
734	Iter0735	44	1	5	3	18	0	26.4	0.008844873217792329	0.46199536202459995	1
735	Iter0736	44	6	5	2	20	0	2.933333333333333	0.25196026007989303	0.584620984	1
736	Iter0737	39	6	3	5	17	1	10.833333333333336	0.006448629754731283	0.49487730489	1
737	Iter0738	54	8	3	1	25	1	2.25	0.4519230769230562	0.6197974169999998	1
738	Iter0739	46	8	2	2	17	0	5.75	0.13371202300421894	0.3689549819146001	1
739	Iter0740	52	3	2	5	19	2	43.33333333333333	0.00016603627268723523	0.42884364177	1
740	Iter0741	50	6	6	0	18	1	1.0408163265306123	1.0	0.39001231825	1
741	Iter0742	54	7	5	0	24	1	1.1458333333333333	1.0	0.5113181706700001	1
742	Iter0743	53	7	5	0	18	0	1.125	1.0	0.38580964619999997	1
743	Iter0744	51	2	5	2	22	2	10.2	0.06321941616167794	0.40560512914995994	1
744	Iter0745	62	8	9	2	28	1	1.7222222222222223	0.6191590152449935	0.75169261556	1
745	Iter0746	41	7	4	1	14	0	1.4642857142857142	0.5742532717005586	0.31410637700000005	1
746	Iter0747	51	6	7	3	18	2	3.6428571428571432	0.1248842493962936	0.3754222104	1
747	Iter0748	46	8	10	1	20	3	0.575	1.0	0.4431357514209999	1
748	Iter0749	48	3	4	4	20	1	16.0	0.004486555724906786	0.4248683143	1
749	Iter0750	51	7	6	1	26	0	1.2142857142857142	1.0	0.68661963338485	1
750	Iter0751	39	5	8	3	23	4	2.9250000000000003	0.3349240408951795	0.4618691273	1
751	Iter0752	49	8	8	3	21	0	2.296875	0.3673959899308161	0.47076394089992013	1
752	Iter0753	49	4	3	0	27	2	2.5	1.0	0.6008851330579998	1
753	Iter0754	49	7	8	1	24	1	0.875	1.0	0.546520938	1
754	Iter0755	57	6	2	3	22	1	14.25	0.01451286860637104	0.55546798053	1
755	Iter0756	49	8	8	2	20	1	1.53125	0.6372316353119705	0.3914339576550001	1
756	Iter0757	52	9	7	1	20	3	0.8253968253968254	1.0	0.409224451	1
757	Iter0758	57	5	6	2	22	0	3.8	0.17950196347150552	0.5709876235498399	1
758	Iter0759	56	5	4	1	19	1	2.8	0.3888826227536015	0.35432619686899997	1
759	Iter0760	58	7	6	0	28	2	1.0535714285714286	1.0	0.5841530357000001	1
760	Iter0761	62	7	5	1	19	0	1.7714285714285716	0.5043905491445899	0.42226659938567307	1
761	Iter0762	45	5	2	1	16	2	4.5	0.3078203705284576	0.36570362984849997	1
762	Iter0763	46	7	6	1	16	2	1.0952380952380951	1.0	0.32118244083439995	1
763	Iter0764	54	5	3	1	25	0	3.6	0.3368588048651421	0.5574155994399999	1
764	Iter0765	66	10	3	2	28	0	4.4	0.15647233685208184	0.5528760688456863	1
765	Iter0766	59	6	4	1	18	1	2.458333333333333	0.4192482137094107	0.42541248530052	1
766	Iter0767	46	5	2	4	19	1	18.4	0.004085619775788706	0.41735549288	1
767	Iter0768	55	3	1	3	27	0	55.0	0.0020346153501420773	0.6179257530039889	1
768	Iter0769	48	3	10	0	23	2	1.1136363636363635	1.0	0.4663347717599999	1
769	Iter0770	53	3	4	2	21	0	8.833333333333334	0.0691463238614346	0.4699254151479999	1
770	Iter0771	54	10	7	3	28	4	2.3142857142857145	0.36646007442736783	0.5921275499900001	1
771	Iter0772	56	9	5	4	23	3	4.977777777777779	0.04515072899673886	0.5806103735000001	1
772	Iter0773	47	2	5	0	19	0	2.6666666666666665	1.0	0.50607144273	1
773	Iter0774	45	8	5	0	20	1	0.8518518518518517	1.0	0.485778526	1
774	Iter0775	50	3	2	3	23	0	25.000000000000004	0.00595925550553511	0.61449143	1
775	Iter0776	48	5	1	1	23	0	9.6	0.2080808080808048	0.5753149075999999	1
776	Iter0777	49	3	1	4	19	0	65.33333333333333	0.0004229651697377687	0.33875438783913003	1
777	Iter0778	57	8	6	2	20	0	2.375	0.3002891527192669	0.4325416059985919	1
778	Iter0779	48	6	3	2	21	2	5.333333333333333	0.13145730273295755	0.39407045049999995	1
779	Iter0780	51	5	7	2	23	1	2.914285714285714	0.2471410069105303	0.5821055248370001	1
780	Iter0781	53	7	6	3	26	0	3.7857142857142856	0.11610594071248805	0.637189575761015	1
781	Iter0782	50	2	2	1	24	1	12.5	0.1576138745950072	0.59731557	1
782	Iter0783	48	5	3	2	20	3	6.4	0.10557480430439084	0.4912056059752968	1
783	Iter0784	38	4	3	2	21	1	6.333333333333332	0.11533770247708333	0.37275541981193605	1
784	Iter0785	51	6	3	4	18	0	11.333333333333336	0.008983848251012673	0.48334226878313996	1
785	Iter0786	49	3	1	1	23	0	16.333333333333332	0.14395527603074895	0.46632638114375	1
786	Iter0787	51	4	3	1	23	1	4.25	0.30513528121883776	0.608549531606	1
787	Iter0788	51	5	7	1	21	3	1.457142857142857	0.5669395172494183	0.4020790837000001	1
788	Iter0789	59	6	1	1	23	0	9.833333333333334	0.1994572591587549	0.4728073392	1
789	Iter0790	47	6	4	2	22	0	3.9166666666666665	0.18322229959008246	0.4581504595	1
790	Iter0791	44	2	6	2	16	0	7.333333333333332	0.10000284584080114	0.3809948181988001	1
791	Iter0792	46	3	6	3	15	0	7.666666666666668	0.04205151193474315	0.38467251160899996	1
792	Iter0793	54	4	2	1	22	0	6.75	0.2297860516810157	0.53579629306	1
793	Iter0794	51	5	2	3	22	0	15.3	0.013604303272385126	0.3964170655900001	1
794	Iter0795	43	3	2	1	19	0	7.166666666666668	0.2298089448545471	0.39108569931	1
795	Iter0796	53	8	7	1	25	1	0.9464285714285714	1.0	0.6818945921	1
796	Iter0797	54	8	4	1	24	1	1.6875	0.5255453501721844	0.4886623495000001	1
797	Iter0798	46	10	3	1	16	1	1.5333333333333332	0.5655028863801785	0.398496917	1
798	Iter0799	50	1	4	2	20	0	25.0	0.026828434723173332	0.42447010970000004	1
799	Iter0800	53	4	3	3	24	0	13.25	0.015089780531670156	0.5235118229267661	1
800	Iter0801	37	8	3	1	16	0	1.5416666666666667	0.5686628027714694	0.4010690526400001	1
801	Iter0802	50	8	5	0	24	0	0.9444444444444444	1.0	0.682326314028	1
802	Iter0803	60	8	7	3	21	3	3.214285714285714	0.14404701481693313	0.5064119928695997	1
803	Iter0804	53	4	4	0	23	0	2.16	1.0	0.45900348678253	1
804	Iter0805	59	6	2	2	23	0	9.833333333333334	0.06330357049905068	0.51266268213427	1
805	Iter0806	50	5	5	4	17	2	8.0	0.017557888496859776	0.36037626747000007	1
806	Iter0807	47	5	10	5	25	0	4.7	0.037543809623945684	0.6577938897738339	1
807	Iter0808	50	2	2	1	23	0	12.5	0.1576138745950072	0.5689564736	1
808	Iter0809	42	5	5	5	20	0	8.4	0.009865085748607415	0.42493219070000005	1
809	Iter0810	56	4	10	0	29	0	1.0363636363636364	1.0	0.6634791400000001	1
810	Iter0811	54	1	7	1	23	4	7.7142857142857135	0.2396313364055426	0.736603562388	1
811	Iter0812	43	5	3	1	15	0	2.8666666666666667	0.39722966109518587	0.292612182	1
812	Iter0813	59	8	5	2	22	1	2.95	0.23817747192908106	0.556281367299938	1
813	Iter0814	45	6	9	2	18	3	1.6666666666666667	0.6233395498385639	0.406724802037	1
814	Iter0815	49	8	3	0	17	0	1.3888888888888888	1.0	0.34723871841803894	1
815	Iter0816	47	8	8	2	18	3	1.46875	0.6448093904565956	0.36077011943000004	1
816	Iter0817	43	9	7	1	19	1	0.6825396825396826	1.0	0.400640183305	1
817	Iter0818	55	5	5	3	17	2	6.6	0.04625879750325638	0.3865383129019473	1
818	Iter0819	52	4	5	2	23	0	5.2	0.12860852152417804	0.44350040374999994	1
819	Iter0820	46	3	3	2	26	1	10.222222222222225	0.062053874928455176	0.6106303900000001	1
820	Iter0821	55	8	3	4	20	2	9.166666666666666	0.013878570946173794	0.32713275936470004	1
821	Iter0822	55	5	6	2	25	1	3.6666666666666665	0.18848548456084693	0.5600579106999999	1
822	Iter0823	54	3	4	3	23	1	13.5	0.014420448332421709	0.40420988362999993	1
823	Iter0824	48	8	3	1	24	0	2.0	0.4875265311144646	0.6705705875499999	1
824	Iter0825	49	5	6	2	19	2	3.266666666666667	0.21976233762806688	0.33809583899742535	1
825	Iter0826	50	11	3	2	20	1	3.0303030303030307	0.2529412791509716	0.5263252872674999	1
826	Iter0827	53	6	2	3	19	1	13.250000000000002	0.01728582760444199	0.50255626537668	1
827	Iter0828	55	3	2	1	22	1	9.166666666666666	0.1869963878855149	0.47261771935958513	1
828	Iter0829	46	8	6	0	18	0	0.7460317460317459	0.584696825214847	0.305715304	1
829	Iter0830	64	5	5	4	24	2	10.24	0.008386856143388991	0.46786366578700006	1
830	Iter0831	52	8	6	4	21	0	4.333333333333333	0.06070420452752079	0.3891030071	1
831	Iter0832	48	5	4	3	18	0	7.2	0.043456808075837586	0.600059069083	1
832	Iter0833	52	9	2	1	28	1	2.888888888888889	0.4046658986175167	0.6662565194150001	1
833	Iter0834	48	9	6	3	23	3	2.6666666666666665	0.3468919707278148	0.49435075644872	1
834	Iter0835	53	5	6	1	24	0	1.7666666666666666	0.5099769149412194	0.5160244136700001	1
835	Iter0836	41	6	5	2	17	0	2.7333333333333334	0.2746537221565001	0.41301723970000004	1
836	Iter0837	52	4	6	0	28	5	1.5142857142857142	1.0	0.7103489099999999	1
837	Iter0838	58	4	6	2	29	2	4.833333333333333	0.13631785628578885	0.7082769920000002	1
838	Iter0839	40	6	2	2	19	0	6.666666666666668	0.11519756838905737	0.3770797714076401	1
839	Iter0840	51	5	6	2	23	1	3.4	0.2085446349730704	0.4438960881000001	1
840	Iter0841	51	7	4	0	19	2	1.3	1.0	0.5886234841399997	1
841	Iter0842	60	2	4	2	27	0	15.0	0.036371003886365036	0.60810445666	1
842	Iter0843	46	7	2	2	15	0	6.571428571428571	0.11332877648667546	0.37640450987609997	1
843	Iter0844	43	8	4	4	11	1	5.375	0.04607478502138791	0.28910287234512	1
844	Iter0845	53	7	7	1	19	1	1.0816326530612244	1.0	0.43069874630000005	1
845	Iter0846	54	1	5	2	25	1	21.6	0.03146483342147075	0.6205836376278999	1
846	Iter0847	47	9	6	1	25	0	0.8703703703703703	1.0	0.5248075573	1
847	Iter0848	48	3	7	0	22	2	1.53125	1.0	0.5735349660000001	1
848	Iter0849	55	4	6	7	16	1	16.041666666666668	0.0002726663756136325	0.43229278165299995	1
849	Iter0850	56	3	6	2	20	2	6.222222222222222	0.10460662886035403	0.33357497835000005	1
850	Iter0851	50	5	7	3	15	1	4.285714285714286	0.09826928658035246	0.23483249951092997	1
851	Iter0852	45	5	4	2	22	0	4.5	0.15819770314775053	0.44542204727260004	1
852	Iter0853	40	8	7	4	19	4	2.8571428571428568	0.20945119160642045	0.3805888681	1
853	Iter0854	54	4	9	1	21	1	1.5	0.5604317214830471	0.46510734559999983	1
854	Iter0855	60	9	2	2	27	0	6.666666666666668	0.10525711345699536	0.7108772149648002	1
855	Iter0856	63	4	9	1	28	1	1.75	0.5111985814220983	0.6203206112735002	1
856	Iter0857	61	8	2	4	22	1	15.25	0.005053423093168275	0.6228663999819999	1
857	Iter0858	47	7	7	2	19	1	1.918367346938776	0.604347015564454	0.4906611543813001	1
858	Iter0859	51	6	4	3	13	0	6.375	0.05174687397716832	0.22923233629999998	1
859	Iter0860	49	4	10	8	22	6	9.8	0.0010946418972671312	0.5302928516454001	1
860	Iter0861	50	5	4	4	26	1	10.0	0.011127358312474992	0.671878989999987	1
861	Iter0862	55	6	5	0	23	1	1.3333333333333333	1.0	0.5839668301279001	1
862	Iter0863	49	7	10	2	22	5	1.4	0.6541009258309072	0.49801043227899994	1
863	Iter0864	47	1	8	2	20	3	11.75	0.07389162561576412	0.5082797655996	1
864	Iter0865	36	4	5	4	13	1	7.2	0.02844260057649946	0.3117598893	1
865	Iter0866	48	10	5	0	21	2	0.7424242424242423	0.5833953989893624	0.41478329729999996	1
866	Iter0867	54	4	3	4	32	0	18.0	0.003072693200551311	0.6337563987241999	1
867	Iter0868	47	9	6	1	22	1	0.8703703703703703	1.0	0.4500588833490069	1
868	Iter0869	58	13	5	2	22	0	1.7846153846153847	0.6142238551214784	0.48968162932753995	1
869	Iter0870	42	2	3	3	23	0	21.0	0.009244086163605515	0.57684444368	1
870	Iter0871	54	6	3	1	27	0	3.0	0.3783051295610864	0.6439060373000002	1
871	Iter0872	54	7	7	3	23	3	3.3061224489795915	0.14212819948551633	0.534023763	1
872	Iter0873	43	11	5	2	19	3	1.5636363636363635	0.6343333926695691	0.3319648501090693	1
873	Iter0874	56	4	9	1	25	5	1.5555555555555556	0.548747774727858	0.6448731257744501	1
874	Iter0875	49	11	4	2	23	3	2.227272727272727	0.33673561367244603	0.57122249241	1
875	Iter0876	51	7	2	2	21	1	7.2857142857142865	0.09713450868969292	0.5996563625	1
876	Iter0877	43	10	3	2	20	0	2.8666666666666667	0.2734854377322584	0.37904368971663804	1
877	Iter0878	45	8	3	2	22	1	3.75	0.20165617806270325	0.478792	1
878	Iter0879	47	10	4	2	18	0	2.35	0.32007026629466656	0.3461106052000001	1
879	Iter0880	53	7	4	0	20	0	1.35	1.0	0.489151102	1
880	Iter0881	41	6	5	1	18	1	1.3666666666666667	1.0	0.424307923121	1
881	Iter0882	48	5	5	3	20	1	5.76	0.06199037416370275	0.5157085623659	1
882	Iter0883	56	6	3	1	27	1	3.111111111111111	0.3685120435120319	0.59109855	1
883	Iter0884	58	6	2	1	24	1	4.833333333333333	0.2856695543262745	0.49470831926876724	1
884	Iter0885	52	6	5	1	20	0	1.7333333333333332	0.5159912251611072	0.5596249942071201	1
885	Iter0886	55	6	3	3	21	1	9.166666666666666	0.028133217288248188	0.361719553327401	1
886	Iter0887	67	8	6	1	33	1	1.3958333333333333	0.5714221895669552	0.6085491441825	1
887	Iter0888	52	6	1	1	19	0	8.666666666666666	0.2214689265536712	0.45535772272155417	1
888	Iter0889	42	4	7	0	15	2	1.075	1.0	0.2763250324290973	1
889	Iter0890	53	4	5	1	23	1	2.65	0.40429689250597584	0.46551328699942907	1
890	Iter0891	49	7	5	3	20	3	4.2	0.10222653592458683	0.5739589522415769	1
891	Iter0892	52	6	5	1	22	0	1.7333333333333332	0.5159912251611072	0.5692108932834	1
892	Iter0893	55	8	6	2	27	2	2.2916666666666665	0.3131451011795631	0.520270634	1
893	Iter0894	49	7	2	1	26	0	3.5	0.3594081638930998	0.5836593914999999	1
894	Iter0895	54	5	6	2	23	2	3.6	0.1932263741294292	0.5378641047399999	1
895	Iter0896	52	4	3	1	14	0	4.333333333333333	0.3005936817496657	0.36679028924270524	1
896	Iter0897	46	8	4	1	22	0	1.4375	0.5767885256949903	0.41196000666594695	1
897	Iter0898	45	5	8	4	15	5	4.5	0.06163131860644128	0.22551393449146004	1
898	Iter0899	51	6	5	1	22	1	1.7	0.5221401569648759	0.51038150686	1
899	Iter0900	51	5	7	0	21	1	1.0833333333333333	1.0	0.4498458167928301	1
900	Iter0901	48	7	3	2	25	0	4.571428571428571	0.15807930111661608	0.5860436899999999	1
901	Iter0902	50	5	4	4	21	0	10.0	0.011127358312474992	0.596465254	1
902	Iter0903	62	6	3	2	19	0	6.888888888888888	0.08948709129903587	0.44701676322974	1
903	Iter0904	56	5	4	2	16	2	5.6	0.11524797622534955	0.39118063881341997	1
904	Iter0905	56	6	1	1	27	0	9.333333333333334	0.208333333333328	0.57539120675499	1
905	Iter0906	55	5	4	2	21	0	5.5	0.11838804593960416	0.45213553422532393	1
906	Iter0907	50	3	6	1	26	0	2.7777777777777786	0.3994996257446745	0.54714021	1
907	Iter0908	49	9	3	4	22	1	7.2592592592592595	0.025279012688711473	0.4421725574165009	1
908	Iter0909	47	5	4	1	21	0	2.35	0.43897766142056704	0.38782635629139	1
909	Iter0910	39	5	1	1	13	0	7.8	0.24637681159420696	0.403879983	1
910	Iter0911	47	10	7	4	20	2	2.685714285714286	0.2187564257678582	0.422113564391	1
911	Iter0912	38	6	8	1	14	3	0.7916666666666666	1.0	0.255943520471	1
912	Iter0913	45	5	6	3	15	2	4.5	0.09450762210259447	0.440680532499913	1
913	Iter0914	49	8	4	1	22	0	1.53125	0.5565315850621154	0.42567544999999996	1
914	Iter0915	51	7	7	0	18	2	0.8125	1.0	0.3111261781882	1
915	Iter0916	54	8	3	3	18	2	6.75	0.04916593503072544	0.37615163847300004	1
916	Iter0917	42	11	6	3	18	2	1.9090909090909087	0.4093077881585543	0.37054965700199993	1
917	Iter0918	50	9	8	0	25	2	0.5666666666666667	0.585109355391191	0.4576757191400001	1
918	Iter0919	54	5	6	3	24	1	5.4	0.06522235577760123	0.5021116155472	1
919	Iter0920	49	5	1	2	24	0	19.6	0.03708133971292004	0.4787879029652001	1
920	Iter0921	49	6	7	2	17	1	2.333333333333333	0.31229052194782464	0.28341905418	1
921	Iter0922	50	4	5	2	23	1	5.0	0.1361654452310593	0.53161748403924	1
922	Iter0923	48	5	2	3	17	1	14.4	0.015747309758199275	0.4034860397663	1
923	Iter0924	50	6	4	1	21	0	2.083333333333333	0.468409504757579	0.42243646907776994	1
924	Iter0925	55	5	6	2	16	0	3.6666666666666665	0.18848548456084693	0.4752786178	1
925	Iter0926	60	9	4	1	26	1	1.6666666666666667	0.5266854738203458	0.48834653	1
926	Iter0927	54	4	7	2	24	5	3.8571428571428568	0.18118310432946613	0.4593383426660309	1
927	Iter0928	47	11	9	1	19	2	0.4747474747474747	0.6775517105203323	0.46559357070499996	1
928	Iter0929	50	8	8	2	20	5	1.5625	0.6337476654230255	0.45430996693000103	1
929	Iter0930	48	8	3	2	21	1	4.0	0.1850831724279121	0.47745124899999997	1
930	Iter0931	58	6	2	1	24	0	4.833333333333333	0.2856695543262745	0.5814761800000001	1
931	Iter0932	49	5	8	0	14	2	0.9259259259259259	1.0	0.323452386719	1
932	Iter0933	47	11	4	6	21	1	6.409090909090909	0.012140989033041377	0.44434450802	1
933	Iter0934	50	6	5	3	16	3	5.0	0.07650441518705065	0.26312621144822	1
934	Iter0935	39	13	3	4	14	0	4.0	0.17636797217604608	0.2925029021615	1
935	Iter0936	45	6	3	1	24	0	2.5	0.4294761841931521	0.5143330058000001	1
936	Iter0937	58	4	7	1	26	1	2.071428571428572	0.4653396253197674	0.56363753257	1
937	Iter0938	51	4	8	1	22	1	1.59375	0.5437398485306263	0.523528175823562	1
938	Iter0939	51	3	2	2	18	1	17.0	0.033740306880052966	0.30585134755599996	1
939	Iter0940	50	9	3	3	22	1	5.5555555555555545	0.07117203041978422	0.4881562697999999	1
940	Iter0941	33	5	12	0	12	4	0.4358974358974359	0.3191508240669159	0.23206641400000003	1
941	Iter0942	46	4	4	0	21	2	1.88	1.0	0.57044249	1
942	Iter0943	41	11	2	2	20	0	3.727272727272727	0.22719649323422786	0.49266293854	1
943	Iter0944	47	6	6	0	20	0	0.979591836734694	1.0	0.5275122242054	1
944	Iter0945	49	4	5	5	20	0	12.25	0.00333277627079658	0.34019023530000003	1
945	Iter0946	49	1	1	0	21	0	12.5	1.0	0.5030862949060001	1
946	Iter0947	51	5	2	1	24	0	5.1	0.27939955089360696	0.63369167747983	1
947	Iter0948	52	3	2	2	21	1	17.333333333333332	0.03263931306934903	0.39148955405999997	1
948	Iter0949	48	9	8	0	17	1	0.5444444444444445	0.5864674435273092	0.39675697162432	1
949	Iter0950	42	6	3	0	22	0	1.5357142857142858	1.0	0.398715305	1
950	Iter0951	48	1	2	2	25	0	48.0	0.012720908392383951	0.6030804589967	1
951	Iter0952	56	5	5	4	24	0	8.959999999999997	0.01258482908927462	0.7010804437920002	1
952	Iter0953	57	11	0	2	24	0	14.5	0.032298136645965154	0.45746825591810997	1
953	Iter0954	54	6	3	0	29	0	1.9642857142857144	1.0	0.5943040735549835	1
954	Iter0955	43	8	6	0	17	0	0.6984126984126985	0.5796140304581241	0.29348573040000003	1
955	Iter0956	47	5	3	2	16	0	6.2666666666666675	0.10896452107971404	0.388980336270395	1
956	Iter0957	53	3	5	1	23	1	3.5333333333333337	0.3415913022434613	0.45223751923000005	1
957	Iter0958	46	7	7	0	17	1	0.734375	0.5838957002634929	0.45586270406000007	1
958	Iter0959	46	4	2	2	24	1	11.5	0.056584801312879324	0.507001270360299	1
959	Iter0960	54	10	6	3	25	1	2.7	0.1948112304894556	0.53405032041263	1
960	Iter0961	47	5	7	2	19	2	2.685714285714286	0.2733612826419424	0.3159330980999999	1
961	Iter0962	51	6	13	7	23	2	4.5769230769230775	0.031896344045118354	0.4221052290638844	1
962	Iter0963	38	6	7	1	15	1	0.9047619047619048	1.0	0.34163174875999996	1
963	Iter0964	46	6	5	2	15	1	3.066666666666667	0.23830806983050476	0.26597047196549994	1
964	Iter0965	43	4	3	2	19	1	7.166666666666668	0.09584449164280824	0.4271219907988	1
965	Iter0966	58	5	4	4	23	3	11.6	0.007069648159545421	0.7152544375333199	1
966	Iter0967	53	4	10	2	25	1	2.65	0.278150243275042	0.58302342	1
967	Iter0968	50	7	4	3	21	0	5.3571428571428585	0.07007388500266322	0.4828235588737	1
968	Iter0969	47	8	2	2	20	0	5.875	0.12965640284228933	0.502278054793	1
969	Iter0970	42	10	3	2	19	1	2.8000000000000003	0.28119827871567404	0.4088988035002001	1
970	Iter0971	54	7	9	4	23	0	3.428571428571429	0.09439316246414378	0.5799660649661	1
971	Iter0972	44	6	4	0	18	2	1.2857142857142858	1.0	0.4967548369844255	1
972	Iter0973	41	5	11	2	19	1	1.4909090909090907	0.6430636237937882	0.477606117	1
973	Iter0974	58	4	7	1	29	2	2.071428571428572	0.4653396253197674	0.5361922550519999	1
974	Iter0975	46	5	7	3	17	1	3.942857142857142	0.11541863977230317	0.41192224064999994	1
975	Iter0976	49	5	3	3	25	1	9.8	0.02663318409727149	0.5642081190000001	1
976	Iter0977	44	10	7	2	19	1	1.2571428571428571	1.0	0.30209304576260004	1
977	Iter0978	44	8	2	0	20	0	1.6666666666666667	1.0	0.45305445579636905	1
978	Iter0979	48	10	6	2	16	3	1.6	0.6299851946492359	0.38588403904161	1
979	Iter0980	59	10	3	2	21	0	3.9333333333333336	0.18273419363522392	0.5452038383029999	1
980	Iter0981	50	5	6	2	25	3	3.333333333333333	0.21404631079749908	0.6267092206379999	1
981	Iter0982	40	7	5	1	19	2	1.1428571428571428	1.0	0.293838243353	1
982	Iter0983	54	5	5	2	24	3	4.32	0.1569585689297427	0.43788002039999996	1
983	Iter0984	43	10	4	1	22	2	1.075	1.0	0.45662443268700004	1
984	Iter0985	55	6	5	4	26	2	7.333333333333332	0.019639144273430137	0.5992725027684999	1
985	Iter0986	53	3	8	4	21	1	8.833333333333334	0.01546620277680341	0.4947851831000001	1
986	Iter0987	47	3	4	0	20	1	2.4	1.0	0.50357512	1
987	Iter0988	55	9	2	4	29	1	12.222222222222221	0.009275871282971441	0.5862315700879999	1
988	Iter0989	55	1	1	3	24	0	165.0	0.000461410686271482	0.45496649164	1
989	Iter0990	60	8	5	0	29	1	1.1296296296296295	1.0	0.6843033938549001	1
990	Iter0991	53	7	4	1	22	1	1.8928571428571428	0.4930795671805825	0.57802598885	1
991	Iter0992	60	4	5	1	31	1	3.0	0.3700319606339237	0.559313994429	1
992	Iter0993	47	6	5	3	22	0	4.699999999999998	0.0867017956141825	0.45428104558	1
993	Iter0994	47	7	6	2	18	0	2.238095238095238	0.3275527466177621	0.523283499	1
994	Iter0995	63	4	3	2	26	0	10.5	0.0521955260977625	0.4530650213499999	1
995	Iter0996	47	6	6	0	21	4	0.979591836734694	1.0	0.4498190754	1
996	Iter0997	50	7	8	2	19	3	1.7857142857142858	0.613540640067048	0.3575127704908082	1
997	Iter0998	49	6	6	1	17	3	1.3611111111111107	1.0	0.452518737776	1
998	Iter0999	42	6	9	5	17	3	3.888888888888889	0.10432786390037008	0.42241445800000005	1
999	Iter1000	56	7	4	2	20	2	4.0	0.1723426733590058	0.38664505459399995	1
