	IterId	dN	dS	pN	pS	bdN	bpN	MkScore	FSPVal	SelCoef	PosSel
0	Iter0001	48	7	3	0	21	3	1.53125	1.0	0.4387779094000001	1
1	Iter0002	40	4	3	2	23	2	6.666666666666668	0.10688956433637402	0.6444224195954099	1
2	Iter0003	53	5	7	1	27	1	1.5142857142857142	0.5545244681283941	0.6220594927299999	1
3	Iter0004	50	8	3	0	22	0	1.4166666666666667	1.0	0.46234491671	1
4	Iter0005	53	6	4	1	25	1	2.208333333333333	0.4508361977789334	0.5313148410039931	1
5	Iter0006	56	8	3	1	26	1	2.333333333333333	0.4411414748552364	0.5639379458902101	1
6	Iter0007	57	7	4	2	20	1	4.071428571428571	0.16815867264393033	0.3867052502000001	1
7	Iter0008	56	6	1	1	28	0	9.333333333333334	0.208333333333328	0.5764807808	1
8	Iter0009	53	2	3	0	18	0	4.5	1.0	0.399088848863	1
9	Iter0010	52	4	7	2	22	1	3.7142857142857135	0.19070597567424571	0.3791093093653	1
10	Iter0011	38	5	5	3	14	1	4.56	0.09934765058996407	0.24610714793000002	1
11	Iter0012	56	4	4	0	22	0	2.28	1.0	0.388254983	1
12	Iter0013	55	4	7	0	22	4	1.4	1.0	0.5448714679000001	1
13	Iter0014	35	3	5	2	20	2	4.666666666666666	0.166245552518948	0.57763876	1
14	Iter0015	55	8	6	1	23	4	1.1458333333333333	1.0	0.47950394304499994	1
15	Iter0016	53	8	0	0	21	0	6.0	1.0	0.4001498094383101	1
16	Iter0017	47	3	8	1	21	2	1.9583333333333333	0.4939862807222713	0.5435461239999999	1
17	Iter0018	47	3	3	0	22	3	3.0	1.0	0.4940666208	1
18	Iter0019	62	8	7	0	24	1	0.875	1.0	0.4496285911670001	1
19	Iter0020	52	3	3	3	16	2	17.333333333333332	0.009856863273243859	0.36161194543	1
20	Iter0021	53	6	2	3	23	1	13.250000000000002	0.01728582760444199	0.6467410291499999	1
21	Iter0022	46	3	5	3	14	3	9.2	0.03077679244511417	0.30650868043199997	1
22	Iter0023	55	9	3	1	21	2	2.0370370370370368	0.4790301884243698	0.5406048936000001	1
23	Iter0024	50	13	3	0	26	0	0.9107142857142856	1.0	0.5856804025165999	1
24	Iter0025	50	8	4	0	17	0	1.1333333333333333	1.0	0.30502119679999995	1
25	Iter0026	49	6	7	2	17	4	2.333333333333333	0.31229052194782464	0.2746858681	1
26	Iter0027	53	7	3	1	22	1	2.523809523809524	0.4219328397673348	0.40514668963889994	1
27	Iter0028	54	7	6	0	21	0	0.9821428571428572	1.0	0.44889960674208	1
28	Iter0029	55	6	3	0	25	1	2.0	1.0	0.5032558395982	1
29	Iter0030	66	2	3	1	23	1	11.0	0.15969148222669846	0.6351395720000002	1
30	Iter0031	57	5	5	0	21	2	1.6111111111111107	1.0	0.5667418405831001	1
31	Iter0032	64	7	4	0	25	0	1.625	1.0	0.578967499406	1
32	Iter0033	47	9	5	3	14	2	3.1333333333333333	0.16369704196736531	0.27237714510600003	1
33	Iter0034	48	4	5	3	22	0	7.199999999999998	0.04345680807583646	0.5007725778641856	1
34	Iter0035	40	6	1	1	16	1	6.666666666666668	0.2730496453900661	0.3527304586901	1
35	Iter0036	54	6	2	2	22	0	9.0	0.07291115811740152	0.4098213289961599	1
36	Iter0037	55	5	4	2	23	1	5.5	0.11838804593960416	0.5467329225499707	1
37	Iter0038	59	6	1	0	31	0	4.285714285714286	1.0	0.65195476966	1
38	Iter0039	53	5	3	0	26	1	2.25	1.0	0.46592696152000007	1
39	Iter0040	52	6	0	3	21	0	30.285714285714285	0.002333981661572651	0.44522212000000005	1
40	Iter0041	58	8	2	0	20	0	2.185185185185185	1.0	0.5564518745699999	1
41	Iter0042	44	7	8	2	17	6	1.5714285714285714	0.6328152844337938	0.37349738475999994	1
42	Iter0043	49	7	4	2	22	0	3.5	0.20642494169008566	0.5976279289809999	1
43	Iter0044	50	5	0	1	24	0	17.0	0.10714285714285857	0.5487140350999999	1
44	Iter0045	50	6	1	1	21	0	8.333333333333334	0.2286751361161624	0.5016046311000001	1
45	Iter0046	48	5	8	3	21	2	3.6	0.1314020895389285	0.38605374071500004	1
46	Iter0047	42	6	5	1	19	2	1.4	1.0	0.35090034087592503	1
47	Iter0048	40	12	4	4	22	0	3.333333333333333	0.19160362816476048	0.4672478373999999	1
48	Iter0049	55	1	7	2	25	3	15.714285714285715	0.04807692307692256	0.46767960789490004	1
49	Iter0050	47	6	5	3	13	2	4.699999999999998	0.0867017956141825	0.32497679109172	1
50	Iter0051	39	11	4	1	16	3	0.8863636363636364	1.0	0.2835682625	1
51	Iter0052	56	7	3	1	22	1	2.6666666666666665	0.40621281703369416	0.5367712899996999	1
52	Iter0053	59	4	5	1	19	3	2.95	0.37457499937934896	0.308242835	1
53	Iter0054	41	8	4	1	18	0	1.28125	1.0	0.35920434149200003	1
54	Iter0055	57	5	3	0	27	0	2.4166666666666665	1.0	0.6615084671	1
55	Iter0056	52	6	1	0	20	0	3.7857142857142856	1.0	0.39934362706145	1
56	Iter0057	49	5	1	2	26	1	19.6	0.03708133971292004	0.5702122510000002	1
57	Iter0058	51	7	2	0	23	1	2.1666666666666665	1.0	0.49420154871000005	1
58	Iter0059	56	3	5	2	20	2	7.466666666666668	0.083323934130385	0.3658845017259999	1
59	Iter0060	53	4	3	4	25	0	17.666666666666668	0.0032649116782840913	0.5286519979983	1
60	Iter0061	50	5	1	1	14	0	10.0	0.2011278195488851	0.367955358	1
61	Iter0062	47	4	6	2	21	3	3.9166666666666665	0.18322229959008246	0.33177159110000004	1
62	Iter0063	52	8	5	3	22	0	3.9	0.11302748010653915	0.6394711362175424	1
63	Iter0064	48	7	4	1	20	2	1.7142857142857142	0.5241317788920073	0.48055939949500004	1
64	Iter0065	50	7	5	0	20	1	1.0625	1.0	0.45667838960600005	1
65	Iter0066	52	6	2	0	22	1	2.523809523809524	1.0	0.5399677660129001	1
66	Iter0067	56	5	2	1	22	2	5.6	0.2594086021505416	0.45963212552500005	1
67	Iter0068	53	3	5	6	25	2	21.2	0.00031161951860447	0.523517956087	1
68	Iter0069	42	6	6	0	18	2	0.8775510204081634	1.0	0.42416685680780003	1
69	Iter0070	57	5	3	0	24	1	2.4166666666666665	1.0	0.46514254292999996	1
70	Iter0071	49	3	4	0	14	2	2.5	1.0	0.3900158637658397	1
71	Iter0072	39	5	6	2	16	1	2.6	0.29145049324077354	0.42725112550000005	1
72	Iter0073	41	5	1	1	21	1	8.2	0.2367021276595743	0.38826341000000003	1
73	Iter0074	57	4	4	2	25	1	7.125	0.0859299783830362	0.616059696	1
74	Iter0075	56	9	4	0	33	0	1.14	1.0	0.6294403670797903	1
75	Iter0076	50	6	4	0	18	1	1.457142857142857	1.0	0.417185764	1
76	Iter0077	39	5	1	1	15	0	7.8	0.24637681159420696	0.31147822191	1
77	Iter0078	47	12	9	1	20	3	0.4351851851851852	0.6741530460725933	0.4830667447000001	1
78	Iter0079	48	5	2	2	19	0	9.6	0.06964380648591416	0.40990729389	1
79	Iter0080	39	9	9	2	17	1	0.9629629629629628	1.0	0.43471951332000003	1
80	Iter0081	58	6	1	1	30	0	9.666666666666666	0.20233100233099952	0.84828888	1
81	Iter0082	55	7	5	2	22	1	3.1428571428571432	0.22441023781348315	0.5681844847836999	1
82	Iter0083	43	4	4	0	14	2	1.7600000000000002	1.0	0.1855985114	1
83	Iter0084	41	8	2	3	20	0	7.6875	0.05174592333304697	0.489749476855337	1
84	Iter0085	42	9	1	0	21	1	2.15	1.0	0.45000936282738	1
85	Iter0086	52	4	1	0	24	0	5.3	1.0	0.5434756728100001	1
86	Iter0087	51	2	1	2	18	0	51.0	0.011399711399711429	0.42443402930325	1
87	Iter0088	53	5	2	0	22	0	3.0	1.0	0.5223185625269999	1
88	Iter0089	52	8	4	1	25	0	1.625	0.5375462718138762	0.5431282361729483	1
89	Iter0090	36	3	3	0	14	0	2.3125	1.0	0.39253906	1
90	Iter0091	49	6	1	3	20	0	24.5	0.009505060137193369	0.4467874729210001	1
91	Iter0092	59	6	9	0	25	2	0.8571428571428571	1.0	0.48227820920000003	1
92	Iter0093	45	5	2	0	24	1	2.5555555555555562	1.0	0.5827871318880999	1
93	Iter0094	59	7	6	1	28	0	1.4047619047619049	0.5727184748109532	0.5433669567007	1
94	Iter0095	57	8	4	5	22	0	8.90625	0.006664658751669947	0.39900296945339997	1
95	Iter0096	59	6	6	2	31	0	3.2777777777777786	0.21017657465055745	0.9849948379999997	1
96	Iter0097	49	4	2	3	19	0	18.375	0.010133091349062678	0.3984622451903973	1
97	Iter0098	45	7	3	0	21	1	1.4375	1.0	0.4271514247699999	1
98	Iter0099	49	6	3	2	24	2	5.444444444444443	0.127574927968669	0.5099143216398828	1
99	Iter0100	48	12	1	1	16	0	4.0	0.3781068217874379	0.40894581673200997	1
100	Iter0101	45	7	1	1	20	0	6.428571428571429	0.2767295597484164	0.466702291837677	1
101	Iter0102	44	4	3	1	16	1	3.6666666666666665	0.3411580016622002	0.38174022504	1
102	Iter0103	52	11	5	2	24	2	1.8909090909090909	0.6064754552047974	0.47325981482339996	1
103	Iter0104	44	7	3	1	18	0	2.095238095238096	0.4770198355104093	0.38949074131284	1
104	Iter0105	60	3	2	0	32	1	5.083333333333333	1.0	0.6405870382300002	1
105	Iter0106	51	5	3	0	24	2	2.1666666666666665	1.0	0.5705955974000001	1
106	Iter0107	60	7	1	2	21	0	17.142857142857142	0.04165144318597146	0.4334824580879009	1
107	Iter0108	70	6	2	2	27	1	11.666666666666664	0.04784456050278984	0.554380008398	1
108	Iter0109	48	5	8	0	23	4	0.9074074074074072	1.0	0.5293106069999999	1
109	Iter0110	57	6	2	1	24	0	4.75	0.2895760489510445	0.5320711731000001	1
110	Iter0111	50	4	7	1	18	5	1.7857142857142858	0.5112797059868148	0.3925366652701	1
111	Iter0112	49	11	3	1	19	3	1.4848484848484846	0.5739137140842966	0.3488875184	1
112	Iter0113	48	4	4	2	25	1	6.0	0.11174893128802277	0.6030743595200001	1
113	Iter0114	53	6	3	3	23	0	8.833333333333334	0.03062583899442708	0.46550749076090003	1
114	Iter0115	51	4	3	0	21	1	2.6	1.0	0.5284942181000002	1
115	Iter0116	35	7	2	0	15	0	1.5	1.0	0.33322921546196	1
116	Iter0117	43	8	2	3	18	0	8.0625	0.04677240997995783	0.3752565368	1
117	Iter0118	56	8	5	1	22	0	1.4	0.5765171424369273	0.5353805552900001	1
118	Iter0119	66	4	4	2	32	2	8.25	0.06808591698413252	0.7135705170874101	1
119	Iter0120	39	8	3	2	16	2	3.25	0.24201680672268894	0.33513968389999993	1
120	Iter0121	41	3	3	1	14	0	4.5555555555555545	0.3023383698221821	0.2965897010730152	1
121	Iter0122	42	4	2	1	19	1	5.25	0.2811550151975734	0.4585341491619841	1
122	Iter0123	44	6	11	0	17	6	0.5357142857142857	0.5802574722056824	0.48407726687	1
123	Iter0124	51	12	3	1	24	0	1.4166666666666667	1.0	0.524226801	1
124	Iter0125	50	6	4	3	19	0	6.250000000000001	0.05399755954170536	0.310815975324	1
125	Iter0126	55	4	2	0	23	1	3.733333333333333	1.0	0.46413354439799814	1
126	Iter0127	50	14	5	2	21	1	1.4285714285714286	0.6512233687655156	0.5665847913	1
127	Iter0128	40	5	3	2	23	1	5.333333333333333	0.13795427514207098	0.52766167	1
128	Iter0129	48	8	2	2	25	1	6.0	0.12578055307760488	0.5905160870800003	1
129	Iter0130	46	12	1	1	21	0	3.8333333333333335	0.38926553672317293	0.46530171	1
130	Iter0131	48	9	1	1	15	0	5.333333333333333	0.3126826417299786	0.31028446865579995	1
131	Iter0132	63	6	1	2	19	0	21.0	0.0309859154929587	0.38403752611010006	1
132	Iter0133	41	7	2	2	20	0	5.857142857142858	0.13388493859082012	0.45835349400000003	1
133	Iter0134	52	5	0	0	24	0	8.833333333333334	1.0	0.4821685984798	1
134	Iter0135	57	9	3	4	22	1	8.444444444444445	0.016478957174820258	0.48803825150999997	1
135	Iter0136	47	4	3	0	23	1	2.4	1.0	0.52649958787	1
136	Iter0137	55	4	6	0	22	3	1.6	1.0	0.36100945949999996	1
137	Iter0138	52	6	8	0	21	1	0.8412698412698413	1.0	0.49708199520000007	1
138	Iter0139	54	4	4	2	21	2	6.75	0.09344945728652	0.40136424667000004	1
139	Iter0140	44	6	3	2	13	1	4.8888888888888875	0.14887541857574926	0.27658017	1
140	Iter0141	51	10	4	2	22	0	2.55	0.2912038310750451	0.47438304002028403	1
141	Iter0142	45	8	1	1	13	0	5.625	0.3030303030302869	0.25599424726099995	1
142	Iter0143	40	8	5	1	21	3	1.0	1.0	0.41492137399999995	1
143	Iter0144	52	10	3	2	21	2	3.466666666666667	0.21601812366736955	0.4912601813000001	1
144	Iter0145	48	6	3	3	21	3	8.0	0.03828030839012455	0.49040833200000006	1
145	Iter0146	46	7	3	0	20	0	1.46875	1.0	0.517276158425	1
146	Iter0147	43	7	6	0	19	3	0.7857142857142857	1.0	0.54957122197411	1
147	Iter0148	48	7	4	2	22	1	3.4285714285714284	0.21208704373921586	0.45757992896770006	1
148	Iter0149	48	8	1	2	18	0	12.0	0.07151865637208167	0.27308639416	1
149	Iter0150	61	3	1	1	26	0	20.33333333333333	0.1184149184149142	0.5498024674509999	1
150	Iter0151	53	5	2	0	23	0	3.0	1.0	0.4999446499676882	1
151	Iter0152	48	7	2	0	25	0	2.0416666666666665	1.0	0.5235449008300002	1
152	Iter0153	47	6	1	2	26	0	15.666666666666664	0.050505050505050365	0.6959733637475499	1
153	Iter0154	55	6	3	1	17	0	3.055555555555556	0.3733457402812378	0.3163673248	1
154	Iter0155	49	12	2	0	22	2	1.2820512820512822	1.0	0.5300171258209601	1
155	Iter0156	54	7	5	2	21	0	3.085714285714286	0.22979895080138002	0.40787307145999996	1
156	Iter0157	40	8	5	0	17	2	0.7592592592592592	1.0	0.31704652409089995	1
157	Iter0158	41	2	1	1	19	0	20.5	0.13030303030302626	0.42594764094040904	1
158	Iter0159	52	8	2	1	23	2	3.25	0.3753871723200278	0.5520304657986	1
159	Iter0160	57	3	2	1	27	1	9.5	0.18136032837249852	0.49708428720999986	1
160	Iter0161	52	6	1	4	23	0	34.666666666666664	0.001619326754444963	0.48342907246999994	1
161	Iter0162	51	3	6	2	22	1	5.666666666666668	0.12030347077624312	0.5039865510999999	1
162	Iter0163	58	5	4	2	25	3	5.8	0.10932778929471476	0.6165506452	1
163	Iter0164	50	8	1	0	24	0	2.833333333333333	1.0	0.49444721502000005	1
164	Iter0165	43	5	1	0	15	0	3.6666666666666665	1.0	0.42356074200000005	1
165	Iter0166	46	7	2	0	16	0	1.9583333333333333	1.0	0.3518501866	1
166	Iter0167	49	5	4	0	20	0	1.6666666666666667	1.0	0.41608755250000007	1
167	Iter0168	56	8	3	1	24	1	2.333333333333333	0.4411414748552364	0.496510427101	1
168	Iter0169	49	7	2	1	18	0	3.5	0.3594081638930998	0.47472696999993896	1
169	Iter0170	38	4	1	1	16	1	9.5	0.21670190274841225	0.4084163815999999	1
170	Iter0171	44	5	4	1	23	2	2.2	0.4585617120578021	0.6303470726	1
171	Iter0172	67	2	2	1	24	0	16.75	0.12149564050972672	0.5216726987110001	1
172	Iter0173	52	8	10	1	18	6	0.65	1.0	0.40596349449993335	1
173	Iter0174	64	7	6	1	32	0	1.5238095238095235	0.5462455967142411	0.7868403031000002	1
174	Iter0175	56	6	2	1	26	0	4.666666666666667	0.29358974358974554	0.6052126420924373	1
175	Iter0176	36	6	3	1	15	1	2.0	0.4959647026381065	0.3495422242701127	1
176	Iter0177	48	6	5	0	19	4	1.1666666666666667	1.0	0.40584192323	1
177	Iter0178	47	4	7	1	19	3	1.6785714285714286	0.5307872784879334	0.38116688669928006	1
178	Iter0179	51	9	2	1	21	0	2.833333333333333	0.4100878849689161	0.4822340567769705	1
179	Iter0180	43	3	6	1	12	3	2.3888888888888893	0.442721762144598	0.4695510829999957	1
180	Iter0181	48	3	2	1	25	1	8.0	0.20980487018222835	0.58591037	1
181	Iter0182	44	8	6	0	21	1	0.7142857142857143	0.5812247046709281	0.38811757059	1
182	Iter0183	59	6	5	0	29	0	1.4285714285714286	1.0	0.6356456371799999	1
183	Iter0184	53	8	3	0	28	0	1.5	1.0	0.6806821230841571	1
184	Iter0185	44	3	3	1	22	0	4.8888888888888875	0.28625450180072776	0.5358083521	1
185	Iter0186	52	9	3	0	20	1	1.325	1.0	0.50728087473254	1
186	Iter0187	62	7	3	1	25	0	2.952380952380953	0.37796642870924896	0.442787638223637	1
187	Iter0188	45	4	0	1	20	0	18.4	0.09999999999999812	0.32460053799999994	1
188	Iter0189	43	5	1	2	16	1	17.2	0.046050420168066236	0.366557257955	1
189	Iter0190	47	6	3	0	22	1	1.7142857142857142	1.0	0.358539865	1
190	Iter0191	48	6	4	1	24	0	2.0	0.4808710315185691	0.543677881	1
191	Iter0192	44	5	3	1	18	1	2.9333333333333336	0.3908819260650477	0.34433740716100003	1
192	Iter0193	49	8	6	1	20	3	1.0208333333333333	1.0	0.419627968	1
193	Iter0194	48	12	2	1	24	0	2.0	0.5064339855455987	0.6022262800800001	1
194	Iter0195	47	4	1	0	21	1	4.8	1.0	0.3884712800000001	1
195	Iter0196	56	8	3	5	22	1	11.666666666666668	0.0037494885716941977	0.505481128625959	1
196	Iter0197	52	4	2	0	20	0	3.533333333333333	1.0	0.4040970755566	1
197	Iter0198	50	8	2	0	20	2	1.8888888888888893	1.0	0.39050203626500013	1
198	Iter0199	47	3	4	1	21	3	3.9166666666666665	0.32474234361025395	0.546860010496175	1
199	Iter0200	51	4	2	2	24	1	12.75	0.04777797796654281	0.5171468671099999	1
200	Iter0201	58	6	3	0	24	1	2.107142857142857	1.0	0.483615697	1
201	Iter0202	53	8	4	3	25	2	4.96875	0.07797920610783061	0.5185439441999999	1
202	Iter0203	56	8	3	1	17	1	2.333333333333333	0.4411414748552364	0.34573333609421003	1
203	Iter0204	48	9	2	1	19	1	2.6666666666666665	0.4272355347749617	0.4880419281621161	1
204	Iter0205	54	6	4	1	21	2	2.25	0.4452568848391348	0.5562113805287998	1
205	Iter0206	57	6	3	0	22	0	2.071428571428572	1.0	0.47900695905253216	1
206	Iter0207	52	4	1	2	24	0	26.0	0.02506998062075174	0.6224756100000001	1
207	Iter0208	59	6	4	2	21	1	4.916666666666667	0.13296212187602074	0.51765864506	1
208	Iter0209	59	7	2	2	27	1	8.428571428571429	0.077577039900975	0.584071608101	1
209	Iter0210	39	7	1	1	22	0	5.571428571428571	0.30851063829787395	0.4871956462959145	1
210	Iter0211	56	5	3	1	19	1	3.733333333333333	0.32777088502895546	0.4073667056099999	1
211	Iter0212	51	5	9	4	16	5	4.533333333333333	0.057420760108591276	0.39900070558000006	1
212	Iter0213	55	6	4	1	25	0	2.2916666666666665	0.4398090708574484	0.5397865796	1
213	Iter0214	55	2	4	1	22	3	6.875	0.2263352723426655	0.452490829111	1
214	Iter0215	51	3	2	2	25	0	17.0	0.033740306880052966	0.50607599569	1
215	Iter0216	65	3	3	1	25	0	7.222222222222222	0.20840501948892545	0.5322333222112999	1
216	Iter0217	39	4	2	0	13	2	2.6666666666666665	1.0	0.28242225702745816	1
217	Iter0218	44	3	4	0	21	1	2.25	1.0	0.5040570992078001	1
218	Iter0219	47	3	3	0	20	0	3.0	1.0	0.3786219259	1
219	Iter0220	45	7	1	1	23	1	6.428571428571429	0.2767295597484164	0.5120526517	1
220	Iter0221	47	5	7	3	18	2	4.0285714285714285	0.1107868907145429	0.37864646999999996	1
221	Iter0222	56	6	1	1	24	0	9.333333333333334	0.208333333333328	0.529841856	1
222	Iter0223	54	5	2	0	20	0	3.055555555555556	1.0	0.32979723905	1
223	Iter0224	47	12	2	0	16	1	1.2307692307692308	1.0	0.22190373296086	1
224	Iter0225	42	10	1	0	16	1	1.9545454545454544	1.0	0.4057066447	1
225	Iter0226	46	3	3	2	23	1	10.222222222222225	0.062053874928455176	0.41589836440000005	1
226	Iter0227	53	6	4	3	20	0	6.625000000000001	0.04760403530895154	0.4642344432953698	1
227	Iter0228	60	7	2	3	29	0	12.857142857142858	0.017166940260487557	0.7101256423991001	1
228	Iter0229	50	3	2	1	21	1	8.333333333333334	0.2027417027417092	0.5093507615231729	1
229	Iter0230	63	8	4	1	25	0	1.96875	0.4772540384652863	0.5251889603240002	1
230	Iter0231	48	4	2	1	18	0	6.0	0.2529064227177355	0.3482441810000001	1
231	Iter0232	48	2	6	1	22	2	4.0	0.330143540669866	0.40025100825	1
232	Iter0233	63	6	4	1	28	0	2.625	0.40047243848135133	0.5651413682325936	1
233	Iter0234	49	6	2	1	22	0	4.083333333333333	0.3250907441016533	0.5734260701872919	1
234	Iter0235	48	6	6	2	26	3	2.6666666666666665	0.27323317043398265	0.62418089343	1
235	Iter0236	56	5	5	2	28	2	4.48	0.14904990314942734	0.5822319549999999	1
236	Iter0237	47	4	5	4	20	2	9.4	0.013374508015469454	0.551768267004	1
237	Iter0238	39	3	1	0	18	0	5.0	1.0	0.3865593956700001	1
238	Iter0239	43	11	3	1	21	0	1.303030303030303	1.0	0.4086236660000001	1
239	Iter0240	52	3	4	4	19	0	17.333333333333332	0.003472365517817375	0.4070812153882943	1
240	Iter0241	59	6	2	0	29	0	2.8571428571428568	1.0	0.6060876212579999	1
241	Iter0242	39	8	5	1	18	1	0.975	1.0	0.42053793807	1
242	Iter0243	53	6	3	2	19	1	5.888888888888888	0.1136303543098873	0.34050304714472207	1
243	Iter0244	50	7	2	2	19	1	7.142857142857142	0.10008527272901416	0.4093737401296999	1
244	Iter0245	51	5	8	0	19	4	0.9629629629629628	1.0	0.5878520114129999	1
245	Iter0246	48	5	9	1	17	4	1.0666666666666669	1.0	0.35897609723999996	1
246	Iter0247	42	10	6	1	20	2	0.7000000000000001	1.0	0.5318547527999999	1
247	Iter0248	51	6	7	1	22	2	1.2142857142857142	1.0	0.5208392040000001	1
248	Iter0249	46	7	1	0	22	1	2.9375	1.0	0.513496465	1
249	Iter0250	61	7	3	0	27	0	1.9375	1.0	0.6850729391100001	1
250	Iter0251	63	5	2	0	26	0	3.555555555555556	1.0	0.39520294319999844	1
251	Iter0252	57	4	5	3	22	2	8.549999999999999	0.029518451417904563	0.4424116259733691	1
252	Iter0253	53	6	5	0	19	0	1.2857142857142858	1.0	0.634060367207	1
253	Iter0254	52	7	1	2	20	1	14.857142857142858	0.05267054468535224	0.438280613597566	1
254	Iter0255	49	8	6	2	22	3	2.0416666666666665	0.5979544589848925	0.54991183609	1
255	Iter0256	49	10	3	1	24	1	1.6333333333333335	0.5455079616898922	0.620141019102171	1
256	Iter0257	44	7	8	0	21	0	0.625	0.5776757614902002	0.44879963000000006	1
257	Iter0258	51	10	2	1	21	0	2.55	0.4377400153609937	0.3721360289999999	1
258	Iter0259	45	7	6	1	14	1	1.0714285714285714	1.0	0.21318359430500003	1
259	Iter0260	51	4	1	0	24	0	5.2	1.0	0.526735363716803	1
260	Iter0261	56	10	5	1	25	0	1.12	1.0	0.59880629872894	1
261	Iter0262	49	1	1	1	15	0	49.0	0.07616892911010452	0.38643603171163204	1
262	Iter0263	53	0	3	1	24	1	27.0	0.07017543859649304	0.45054901650000007	1
263	Iter0264	47	2	9	0	22	4	1.6	1.0	0.46533521856	1
264	Iter0265	51	6	5	3	25	0	5.1	0.07345733319198539	0.64752481370906	1
265	Iter0266	45	6	2	1	15	0	3.75	0.34627479438800074	0.293988325	1
266	Iter0267	46	8	5	1	20	0	1.15	1.0	0.47208946377	1
267	Iter0268	41	6	5	1	12	3	1.3666666666666667	1.0	0.13759447700000002	1
268	Iter0269	51	3	5	2	21	0	6.8	0.0962961580878729	0.5231528775799998	1
269	Iter0270	46	9	1	0	24	0	2.35	1.0	0.44600926057999996	1
270	Iter0271	46	6	7	0	22	2	0.8392857142857143	1.0	0.45637374899999994	1
271	Iter0272	44	8	2	2	19	0	5.5	0.14240790655884608	0.36823886	1
272	Iter0273	45	7	3	1	16	0	2.142857142857143	0.4702278853222149	0.3587518376	1
273	Iter0274	55	3	4	0	16	1	2.8	1.0	0.260013779837	1
274	Iter0275	54	7	4	2	20	0	3.8571428571428568	0.18118310432947046	0.46719077609973664	1
275	Iter0276	56	3	3	1	29	0	6.222222222222222	0.23593630648098698	0.565264279174397	1
276	Iter0277	59	3	2	3	26	1	29.500000000000004	0.0038851074298834744	0.46154785915940005	1
277	Iter0278	45	4	4	3	23	0	8.4375	0.034863878260101726	0.5368467360000001	1
278	Iter0279	44	5	3	3	18	0	8.8	0.03402487264862332	0.39509449657761697	1
279	Iter0280	47	12	3	3	20	1	3.9166666666666665	0.13008989952406108	0.40617373000000007	1
280	Iter0281	52	5	3	1	21	1	3.466666666666667	0.3464563911431288	0.4758037930704299	1
281	Iter0282	53	6	0	2	28	0	23.142857142857146	0.015300546448087112	0.7546150441611001	1
282	Iter0283	51	4	2	0	24	1	3.466666666666667	1.0	0.5780776570988778	1
283	Iter0284	44	7	4	0	18	2	1.125	1.0	0.356952659657	1
284	Iter0285	69	5	4	1	35	0	3.45	0.33354080962342625	0.8674799608934122	1
285	Iter0286	42	4	3	1	19	2	3.5	0.35303951367781805	0.51460154	1
286	Iter0287	47	8	5	4	18	5	4.7	0.055278273100438056	0.27960949559000003	1
287	Iter0288	45	5	1	3	21	0	27.0	0.008366771962775913	0.4640745685	1
288	Iter0289	49	10	3	4	20	0	6.533333333333334	0.03201936071449595	0.4162260331	1
289	Iter0290	45	5	6	0	18	2	1.0952380952380951	1.0	0.41211241496999995	1
290	Iter0291	43	10	7	2	24	2	1.2285714285714284	1.0	0.39657138088820004	1
291	Iter0292	53	6	3	0	22	0	1.9285714285714288	1.0	0.49888931499999994	1
292	Iter0293	50	5	3	1	27	0	3.333333333333333	0.3566067418693106	0.5854820100000001	1
293	Iter0294	57	2	3	0	18	0	4.833333333333333	1.0	0.4390408432999999	1
294	Iter0295	60	6	4	1	24	2	2.5	0.41439590706815743	0.46488491883349997	1
295	Iter0296	52	8	5	0	22	1	0.9814814814814816	1.0	0.5625179503	1
296	Iter0297	48	2	4	1	23	2	6.0	0.2529064227177355	0.5256265099999999	1
297	Iter0298	62	3	5	1	23	0	4.133333333333334	0.30319512985844244	0.41163380623199997	1
298	Iter0299	42	6	2	0	16	0	2.047619047619048	1.0	0.29735436	1
299	Iter0300	47	2	5	1	23	1	4.7	0.2977320373546644	0.5892502123400001	1
300	Iter0301	51	2	4	1	20	0	6.375	0.24079595540575854	0.3299419936559999	1
301	Iter0302	64	7	3	1	28	1	3.0476190476190474	0.3693858241803562	0.6666658752000001	1
302	Iter0303	49	10	1	1	19	0	4.9	0.3306010928961725	0.42298912639999997	1
303	Iter0304	51	3	2	1	23	0	8.5	0.19938482570062135	0.5747627833191101	1
304	Iter0305	55	2	8	1	23	1	3.4375	0.3605769230769032	0.4088207925089999	1
305	Iter0306	49	5	7	0	24	2	1.0416666666666667	1.0	0.6982913882699999	1
306	Iter0307	50	3	4	0	25	0	2.55	1.0	0.651288726	1
307	Iter0308	51	8	2	1	24	0	3.1875	0.3805922792173464	0.5943755465399999	1
308	Iter0309	51	13	2	1	21	2	1.9615384615384612	0.5109905020352629	0.45045990380900014	1
309	Iter0310	57	7	4	1	25	0	2.0357142857142856	0.4706464280461265	0.59491988415	1
310	Iter0311	50	8	1	0	23	0	2.833333333333333	1.0	0.47854646160263997	1
311	Iter0312	42	9	5	2	15	3	1.8666666666666667	0.6071716595678289	0.25934756	1
312	Iter0313	42	3	3	2	17	0	9.333333333333334	0.07175234571164861	0.35038183891888997	1
313	Iter0314	52	5	6	6	22	3	10.4	0.0023009916134464326	0.553223550587	1
314	Iter0315	57	4	1	0	25	1	5.8	1.0	0.5536897156199501	1
315	Iter0316	52	11	3	0	26	1	1.1041666666666667	1.0	0.7199635770999999	1
316	Iter0317	54	9	4	0	25	3	1.1	1.0	0.4686852354371	1
317	Iter0318	66	10	1	1	21	0	6.6	0.2637362637362828	0.45864655194513015	1
318	Iter0319	45	6	1	1	18	1	7.5	0.2489114658925881	0.45851630556	1
319	Iter0320	53	4	1	1	24	0	13.25	0.16364699006428834	0.48514735438875817	1
320	Iter0321	43	6	3	2	19	0	4.777777777777779	0.15376267584924005	0.32285798	1
321	Iter0322	50	6	1	0	18	0	3.6428571428571432	1.0	0.4064634154999999	1
322	Iter0323	48	7	4	0	25	1	1.225	1.0	0.488663909	1
323	Iter0324	56	11	2	0	27	1	1.5833333333333333	1.0	0.5888972659820001	1
324	Iter0325	45	7	5	1	23	0	1.2857142857142858	1.0	0.43891955577999997	1
325	Iter0326	50	4	5	0	16	1	1.7	1.0	0.3701251684999999	1
326	Iter0327	42	8	3	0	19	0	1.1944444444444444	1.0	0.3821812951488159	1
327	Iter0328	40	10	3	1	12	2	1.3333333333333333	1.0	0.2866109454008	1
328	Iter0329	46	5	3	1	21	0	3.0666666666666664	0.3787629561214403	0.37477687749513006	1
329	Iter0330	47	3	2	2	14	0	15.666666666666664	0.0387508656099084	0.321595941915	1
330	Iter0331	43	7	2	0	17	0	1.8333333333333333	1.0	0.4630944760000001	1
331	Iter0332	56	5	4	0	27	0	1.9	1.0	0.6217377617600001	1
332	Iter0333	35	7	0	3	17	0	18.0	0.008456659619449976	0.34051094483778993	1
333	Iter0334	59	5	1	0	20	1	5.0	1.0	0.4690320130300001	1
334	Iter0335	43	4	6	2	19	0	3.583333333333333	0.20630069153930475	0.36057160042	1
335	Iter0336	48	5	4	0	22	1	1.6333333333333333	1.0	0.513929116	1
336	Iter0337	45	6	11	1	15	6	0.6818181818181818	1.0	0.37925218197860006	1
337	Iter0338	59	8	1	1	27	0	7.375	0.2455242966751992	0.6001444570330001	1
338	Iter0339	52	5	2	0	21	0	2.9444444444444446	1.0	0.47299124781867	1
339	Iter0340	57	11	2	0	26	1	1.6111111111111107	1.0	0.5313666794699999	1
340	Iter0341	55	6	5	1	21	0	1.8333333333333333	0.4983364813648961	0.4285190712292	1
341	Iter0342	48	7	2	0	22	0	2.0416666666666665	1.0	0.5476308000000001	1
342	Iter0343	43	3	1	1	21	1	14.333333333333336	0.16134751773049116	0.31578339769091	1
343	Iter0344	42	2	2	0	12	1	4.777777777777779	1.0	0.341819807201	1
344	Iter0345	47	8	2	2	21	0	5.875	0.12965640284228933	0.4094172701869999	1
345	Iter0346	50	10	1	2	23	0	10.0	0.09030243509355684	0.48308016941	1
346	Iter0347	52	10	1	1	26	0	5.2	0.3164682539682587	0.5569121830999999	1
347	Iter0348	49	4	2	2	22	1	12.25	0.05103668261563269	0.4202748975994	1
348	Iter0349	50	5	1	1	21	1	10.0	0.2011278195488851	0.5232713214200001	1
349	Iter0350	41	1	3	1	16	1	13.666666666666664	0.16811594202898672	0.30639213299999996	1
350	Iter0351	48	3	3	0	16	2	3.0625	1.0	0.30943877291000005	1
351	Iter0352	65	7	4	2	26	0	4.642857142857143	0.1394871851973628	0.6529860169299999	1
352	Iter0353	39	2	3	0	18	0	3.333333333333333	1.0	0.40706258940000006	1
353	Iter0354	58	7	3	1	24	0	2.7619047619047623	0.3963511898771567	0.4889186270269001	1
354	Iter0355	54	10	3	1	22	0	1.8	0.5149591409468196	0.44545927606827995	1
355	Iter0356	52	3	2	2	20	0	17.333333333333332	0.03263931306934903	0.41389611531347	1
356	Iter0357	44	4	4	0	22	0	1.8	1.0	0.5508259340000001	1
357	Iter0358	57	9	2	1	24	2	3.1666666666666665	0.3795281902507739	0.6492155418000003	1
358	Iter0359	43	5	5	3	15	0	5.159999999999998	0.07779699397901217	0.34659730962000007	1
359	Iter0360	49	10	0	0	21	0	4.545454545454546	1.0	0.5032172340421601	1
360	Iter0361	51	9	3	3	21	1	5.666666666666668	0.06833591448213401	0.44050468583450003	1
361	Iter0362	43	8	2	2	21	0	5.375	0.14707305273343205	0.5704712952	1
362	Iter0363	55	4	2	4	25	0	27.5	0.0013915442921259395	0.513014650855	1
363	Iter0364	50	9	1	0	21	0	2.55	1.0	0.4410275781999999	1
364	Iter0365	45	4	3	1	22	0	3.75	0.3355075557073061	0.5497267299999998	1
365	Iter0366	45	7	4	0	23	2	1.15	1.0	0.49992686691	1
366	Iter0367	46	5	5	1	25	0	1.84	0.50371100817975	0.543887923	1
367	Iter0368	51	7	2	0	22	2	2.1666666666666665	1.0	0.4449899605493	1
368	Iter0369	61	8	6	1	21	2	1.2708333333333333	1.0	0.4882625132985059	1
369	Iter0370	52	3	6	1	19	0	2.888888888888889	0.3886204949403708	0.4509133269744001	1
370	Iter0371	38	5	3	2	14	0	5.066666666666666	0.14834748969809192	0.20291583088999998	1
371	Iter0372	48	6	2	0	25	2	2.333333333333333	1.0	0.58005793023	1
372	Iter0373	67	8	4	1	27	1	2.09375	0.4584068080486742	0.427923432552803	1
373	Iter0374	41	7	1	1	15	0	5.857142857142858	0.29714285714285915	0.30106390605	1
374	Iter0375	50	6	10	0	15	4	0.6623376623376623	0.5795875198308041	0.37062971000000006	1
375	Iter0376	52	7	2	1	23	0	3.7142857142857135	0.3441565309360162	0.6027165561999999	1
376	Iter0377	49	8	2	1	18	1	3.0625	0.39143775569841693	0.31929270340000004	1
377	Iter0378	54	7	3	2	21	0	5.142857142857143	0.1336848635235713	0.4067235749115021	1
378	Iter0379	46	6	3	0	16	0	1.6785714285714286	1.0	0.3256031374	1
379	Iter0380	46	6	2	1	19	0	3.8333333333333335	0.3407280350676564	0.5675938323091698	1
380	Iter0381	41	11	4	1	20	2	0.9318181818181818	1.0	0.50865517	1
381	Iter0382	53	3	4	1	24	1	4.416666666666667	0.2961838058464384	0.48676149056	1
382	Iter0383	45	11	2	2	16	0	4.090909090909091	0.20194407702482264	0.302776419653	1
383	Iter0384	51	5	3	1	21	0	3.4	0.35145959580423275	0.4020425883	1
384	Iter0385	61	6	4	0	20	0	1.7714285714285716	1.0	0.484289956	1
385	Iter0386	40	7	4	0	17	1	1.025	1.0	0.45922348807395996	1
386	Iter0387	57	6	4	0	18	0	1.6571428571428573	1.0	0.5255646920765039	1
387	Iter0388	51	8	2	4	24	1	12.75	0.008777479791493611	0.4106159645342	1
388	Iter0389	53	3	7	0	23	1	1.6875	1.0	0.4768147634	1
389	Iter0390	47	4	9	1	21	3	1.3055555555555556	1.0	0.522734237796	1
390	Iter0391	53	3	3	1	22	0	5.888888888888888	0.2467931957304084	0.5742032998971899	1
391	Iter0392	48	9	4	2	23	3	2.6666666666666665	0.27961285336233466	0.5409818639063001	1
392	Iter0393	44	4	5	1	17	2	2.2	0.4585617120578021	0.37467053014070006	1
393	Iter0394	51	7	3	1	26	0	2.4285714285714284	0.4330844589447045	0.70805725	1
394	Iter0395	55	6	3	1	24	1	3.055555555555556	0.3733457402812378	0.45465780654000004	1
395	Iter0396	59	4	0	0	27	0	12.0	1.0	0.587701305904248	1
396	Iter0397	52	5	3	3	18	1	10.4	0.023198262031135772	0.4153051449300001	1
397	Iter0398	53	4	3	2	22	2	8.833333333333334	0.0691463238614346	0.525323017101489	1
398	Iter0399	45	2	6	1	22	2	3.75	0.34627479438800074	0.518753515	1
399	Iter0400	52	10	2	1	25	1	2.6	0.4321428571428579	0.679696068978	1
400	Iter0401	41	4	3	4	15	0	13.666666666666664	0.007334897240757948	0.37444735283360003	1
401	Iter0402	61	4	2	0	29	0	4.133333333333334	1.0	0.67689840678666	1
402	Iter0403	44	9	0	3	19	0	18.0	0.007936507936507887	0.49304566000000005	1
403	Iter0404	56	8	2	1	20	0	3.5	0.35589186932469474	0.31141621744000003	1
404	Iter0405	44	8	0	2	18	0	15.0	0.03144654088050256	0.37954934710982374	1
405	Iter0406	50	4	5	1	26	1	2.5	0.4209460676823583	0.5793731630000001	1
406	Iter0407	56	5	7	2	23	3	3.2	0.2192034813680496	0.4978856535300001	1
407	Iter0408	46	1	11	1	20	3	4.181818181818182	0.3682057276446659	0.39722873999999997	1
408	Iter0409	49	5	10	3	20	3	2.94	0.1786269603858032	0.4708296988527401	1
409	Iter0410	44	4	4	2	23	2	5.5	0.12706888270547345	0.5381619247903171	1
410	Iter0411	44	2	2	0	21	0	5.0	1.0	0.38785008155	1
411	Iter0412	52	3	3	1	22	3	5.777777777777778	0.2506360875889473	0.48173583416067794	1
412	Iter0413	43	7	3	2	17	0	4.095238095238096	0.1837843991007038	0.30690464447000004	1
413	Iter0414	57	5	4	0	25	1	1.933333333333333	1.0	0.5489323305237	1
414	Iter0415	56	4	5	3	26	4	8.4	0.030743158915154774	0.4928331042	1
415	Iter0416	50	6	1	0	21	0	3.6428571428571432	1.0	0.475866156030433	1
416	Iter0417	49	8	6	3	20	0	3.0625	0.16484176252766336	0.47799867910000005	1
417	Iter0418	57	9	1	0	23	1	2.9	1.0	0.45588339189729005	1
418	Iter0419	48	2	1	0	18	0	8.166666666666666	1.0	0.3260090081205851	1
419	Iter0420	60	6	3	2	27	1	6.666666666666668	0.09414366874606908	0.6120127401301079	1
420	Iter0421	46	4	2	3	18	1	17.25	0.011837835367246596	0.3707456432000001	1
421	Iter0422	43	5	3	1	23	0	2.8666666666666667	0.39722966109518587	0.42058398978999995	1
422	Iter0423	42	3	1	2	18	0	28.0	0.025439407955598625	0.33384250370999996	1
423	Iter0424	45	5	7	1	17	3	1.2857142857142858	1.0	0.382806119999976	1
424	Iter0425	51	3	2	1	23	0	8.5	0.19938482570062135	0.5332284177	1
425	Iter0426	43	6	3	1	15	2	2.3888888888888893	0.442721762144598	0.29624283888423	1
426	Iter0427	58	10	6	1	25	3	0.9666666666666668	1.0	0.632607869558472	1
427	Iter0428	66	3	3	0	28	1	4.1875	1.0	0.4988770569	1
428	Iter0429	50	5	1	2	24	1	20.0	0.035843920145192464	0.46887516475098207	1
429	Iter0430	39	2	4	0	12	0	2.666666666666667	1.0	0.27346770164499995	1
430	Iter0431	54	11	6	1	21	3	0.8181818181818182	1.0	0.4223192919533001	1
431	Iter0432	65	5	6	2	33	1	4.333333333333333	0.14921049383919308	0.7402769878999998	1
432	Iter0433	43	8	3	1	16	1	1.7916666666666667	0.5215287856797064	0.3691192039	1
433	Iter0434	41	4	4	3	19	2	7.6875	0.042849346740762205	0.5000754969000001	1
434	Iter0435	44	11	4	0	19	1	0.75	1.0	0.41412383245719997	1
435	Iter0436	38	4	3	0	18	0	1.95	1.0	0.4785204656868	1
436	Iter0437	51	5	3	0	28	0	2.1666666666666665	1.0	0.5435368110529728	1
437	Iter0438	48	5	1	0	24	0	4.083333333333333	1.0	0.688889103323	1
438	Iter0439	49	7	1	1	24	0	7.0	0.25892316999395565	0.5310057835722001	1
439	Iter0440	58	4	3	0	23	1	2.95	1.0	0.3680352766743882	1
440	Iter0441	56	7	4	4	26	3	8.0	0.016689989479248712	0.555250360728715	1
441	Iter0442	53	10	1	3	26	0	15.9	0.02108208955223846	0.57696625198	1
442	Iter0443	56	7	0	0	28	0	7.125	1.0	0.67222968508	1
443	Iter0444	51	4	3	0	23	1	2.6	1.0	0.44752622667000014	1
444	Iter0445	51	6	1	0	21	0	3.7142857142857135	1.0	0.4875091738190001	1
445	Iter0446	46	10	4	5	23	1	5.749999999999999	0.024960264430862567	0.5399173021	1
446	Iter0447	55	4	2	0	22	0	3.733333333333333	1.0	0.462793638687	1
447	Iter0448	43	4	8	0	18	4	0.977777777777778	1.0	0.5679917959207701	1
448	Iter0449	49	3	2	1	16	0	8.166666666666666	0.2062130741376068	0.266582832353	1
449	Iter0450	43	4	3	0	14	2	2.2	1.0	0.204832192	1
450	Iter0451	59	8	2	1	18	0	3.6875	0.3425283156741195	0.37672505530000006	1
451	Iter0452	53	4	6	2	26	2	4.416666666666667	0.15513261196761227	0.49099718890000005	1
452	Iter0453	36	5	3	0	16	0	1.5416666666666667	1.0	0.30807844990230004	1
453	Iter0454	39	7	3	1	15	1	1.857142857142857	0.513981762917927	0.34385256699892996	1
454	Iter0455	47	5	4	2	14	1	4.7	0.1487936931898173	0.27922072528356	1
455	Iter0456	53	3	4	3	21	0	13.250000000000002	0.015089780531670156	0.40362991719999997	1
456	Iter0457	53	2	0	0	25	0	18.0	1.0	0.5711777772	1
457	Iter0458	48	7	5	1	12	0	1.3714285714285714	1.0	0.3016732582579	1
458	Iter0459	59	5	2	0	23	0	3.333333333333333	1.0	0.5043452580539427	1
459	Iter0460	47	5	5	2	23	1	3.76	0.1901080208701338	0.40752522649017897	1
460	Iter0461	55	7	4	1	19	0	1.9642857142857144	0.4816143640770135	0.41758676461100963	1
461	Iter0462	42	8	3	3	14	0	5.25	0.08282819659068327	0.33038328280000007	1
462	Iter0463	51	5	4	0	25	0	1.7333333333333332	1.0	0.524868107982	1
463	Iter0464	65	3	7	1	26	1	3.095238095238096	0.3652370467078716	0.5792452610108499	1
464	Iter0465	50	8	3	5	18	0	10.416666666666668	0.005676980164741417	0.27376439554629994	1
465	Iter0466	46	7	0	1	21	0	11.75	0.14814814814814975	0.4073306398999995	1
466	Iter0467	46	2	1	1	19	1	23.0	0.11755102040816733	0.38396977924620007	1
467	Iter0468	48	2	2	0	19	1	5.444444444444443	1.0	0.5192032574000001	1
468	Iter0469	45	3	3	1	18	1	5.0	0.28126327454057154	0.47510900327000005	1
469	Iter0470	48	2	2	1	22	1	12.0	0.16332280372235294	0.4503436278207711	1
470	Iter0471	48	7	2	2	20	1	6.857142857142858	0.10640130425421086	0.46608073875999995	1
471	Iter0472	48	5	2	1	19	0	4.8	0.2929292929292933	0.41697070029999994	1
472	Iter0473	59	6	6	1	26	2	1.6388888888888893	0.5274007372908908	0.547759351352	1
473	Iter0474	45	6	4	1	18	3	1.875	0.5007916611689998	0.49152947960759996	1
474	Iter0475	51	7	5	0	14	3	1.0833333333333333	1.0	0.24701353260000003	1
475	Iter0476	55	1	1	1	18	0	55.0	0.06836055656382302	0.3722544366	1
476	Iter0477	43	5	3	2	14	0	5.7333333333333325	0.12427705479869215	0.269858316804	1
477	Iter0478	54	3	2	1	27	0	9.0	0.1899473991817569	0.6185709461999999	1
478	Iter0479	52	3	2	1	24	2	8.666666666666666	0.1961368939590403	0.6057881491296999	1
479	Iter0480	39	5	6	0	21	2	0.9523809523809524	1.0	0.5573326855769001	1
480	Iter0481	49	8	3	0	22	0	1.3888888888888888	1.0	0.47230049299999993	1
481	Iter0482	48	5	4	0	23	0	1.6333333333333333	1.0	0.48043125810000004	1
482	Iter0483	39	2	4	3	12	1	14.625	0.017611358730693208	0.25688898399999993	1
483	Iter0484	55	4	3	0	22	1	2.8	1.0	0.45974900029677285	1
484	Iter0485	52	15	2	2	21	0	3.466666666666667	0.24053888548683705	0.43602334564999995	1
485	Iter0486	68	5	2	1	27	0	6.8	0.2213371266002741	0.5177272948930977	1
486	Iter0487	50	4	2	2	20	1	12.5	0.04936714827822	0.49535234699999997	1
487	Iter0488	46	7	2	2	16	0	6.571428571428571	0.11332877648667546	0.437580948058	1
488	Iter0489	48	3	7	1	21	4	2.2857142857142856	0.4509212833369578	0.42378046999999996	1
489	Iter0490	47	4	4	1	25	0	2.9375	0.3850332057879173	0.58500429	1
490	Iter0491	51	9	3	0	20	0	1.3	1.0	0.560868729992835	1
491	Iter0492	51	8	2	1	21	0	3.1875	0.3805922792173464	0.5103673883676	1
492	Iter0493	47	4	7	3	13	4	5.035714285714286	0.07952258457465261	0.2304860199970224	1
493	Iter0494	35	5	2	1	14	0	3.5	0.370391378332378	0.276757472	1
494	Iter0495	42	9	4	0	21	2	0.86	1.0	0.5357897773570001	1
495	Iter0496	43	5	4	1	15	1	2.15	0.4654678126693248	0.357479368917	1
496	Iter0497	44	5	3	0	17	0	1.875	1.0	0.3056682063054	1
497	Iter0498	48	5	3	0	21	1	2.0416666666666665	1.0	0.38998627069720004	1
498	Iter0499	50	3	2	2	28	1	16.666666666666668	0.03489785068732594	0.751586295704	1
499	Iter0500	59	6	8	4	19	4	4.916666666666667	0.043837547416237584	0.3651836409337899	1
500	Iter0501	50	4	9	1	25	1	1.3888888888888888	1.0	0.5991885032964599	1
501	Iter0502	50	7	9	3	16	4	2.380952380952381	0.3617764790422437	0.32778267732000005	1
502	Iter0503	46	4	4	1	15	1	2.875	0.3909440746288453	0.28431523620000004	1
503	Iter0504	52	6	1	0	26	0	3.7857142857142856	1.0	0.50411070436356	1
504	Iter0505	53	7	2	1	24	1	3.7857142857142856	0.33935181687695504	0.5387239577	1
505	Iter0506	50	7	3	4	22	0	9.523809523809524	0.013509036158542506	0.39082424384	1
506	Iter0507	57	2	3	2	22	0	19.0	0.02786538994233392	0.46514558089381	1
507	Iter0508	51	7	5	0	18	2	1.0833333333333333	1.0	0.48303137182238504	1
508	Iter0509	50	5	6	3	22	3	5.0	0.07650441518705252	0.443245187	1
509	Iter0510	51	6	0	0	23	0	7.428571428571429	1.0	0.57064987783	1
510	Iter0511	59	8	7	0	25	0	0.8333333333333334	1.0	0.5773526510267999	1
511	Iter0512	57	7	1	2	25	1	16.285714285714285	0.04533973489197345	0.5762744166131	1
512	Iter0513	45	7	4	1	20	2	1.6071428571428572	0.5445818663296207	0.3473985242	1
513	Iter0514	55	4	3	1	25	0	4.583333333333333	0.2877372348551541	0.642661308	1
514	Iter0515	49	5	2	1	28	1	4.9	0.28827751196173856	0.735635230454	1
515	Iter0516	54	4	8	1	24	4	1.6875	0.5255453501721844	0.57888149804657	1
516	Iter0517	51	1	2	4	21	0	102.0	0.00017153646917712032	0.5236929244059101	1
517	Iter0518	67	6	2	1	29	1	5.583333333333332	0.2547083926031363	0.7702695795977	1
518	Iter0519	52	5	3	1	20	0	3.466666666666667	0.3464563911431288	0.49925642613	1
519	Iter0520	38	4	2	1	15	0	4.75	0.3037350246652434	0.4325282563100001	1
520	Iter0521	56	8	2	1	16	0	3.5	0.35589186932469474	0.3376632607292	1
521	Iter0522	48	5	3	1	19	0	3.2	0.3673577884104411	0.5389085259999999	1
522	Iter0523	54	5	8	1	24	4	1.35	1.0	0.5312619806911456	1
523	Iter0524	49	6	4	2	18	0	4.083333333333333	0.17308145184512153	0.40319373516293	1
524	Iter0525	48	4	2	2	24	0	12.0	0.05279207165999531	0.4698715206628601	1
525	Iter0526	58	7	4	0	17	0	1.475	1.0	0.47463490497	1
526	Iter0527	54	5	2	3	22	0	16.200000000000006	0.01183236382866195	0.507936056884106	1
527	Iter0528	54	9	3	1	25	0	2.0	0.4846440872559958	0.532852363922627	1
528	Iter0529	41	7	3	3	19	2	5.857142857142858	0.06966455667898228	0.39457970572	1
529	Iter0530	42	8	4	3	16	2	3.9375	0.12267932916043282	0.35526824	1
530	Iter0531	40	6	4	2	19	2	3.333333333333333	0.2265097855836199	0.44736402999999997	1
531	Iter0532	46	7	4	3	18	2	4.928571428571429	0.08304180567246015	0.4602360751997795	1
532	Iter0533	48	5	4	0	20	1	1.6333333333333333	1.0	0.4804627090576	1
533	Iter0534	52	6	2	2	19	2	8.666666666666666	0.07737274690998726	0.45725728209264005	1
534	Iter0535	49	9	8	3	22	0	2.041666666666667	0.3903079202785637	0.4816530191709999	1
535	Iter0536	38	6	3	1	11	0	2.1111111111111107	0.4795456881488285	0.1880720348	1
536	Iter0537	54	9	2	0	18	0	1.8333333333333333	1.0	0.29602551639999997	1
537	Iter0538	46	6	4	0	22	2	1.342857142857143	1.0	0.41700352024533005	1
538	Iter0539	54	4	7	1	19	0	1.9285714285714288	0.4872828784119134	0.45343208000000007	1
539	Iter0540	57	5	2	1	26	1	5.7	0.2557463369963352	0.5922580806	1
540	Iter0541	48	10	8	0	22	4	0.4949494949494949	0.3418288234186975	0.6030322119999999	1
541	Iter0542	54	5	5	0	25	2	1.5277777777777777	1.0	0.597638699013	1
542	Iter0543	45	5	1	2	12	0	18.0	0.04273029966703343	0.191974914	1
543	Iter0544	43	10	6	3	11	1	2.15	0.3807259069404129	0.24730187780000001	1
544	Iter0545	56	4	2	0	20	0	3.8	1.0	0.45194820124602103	1
545	Iter0546	44	3	4	0	18	1	2.25	1.0	0.37829877000000006	1
546	Iter0547	53	8	3	0	22	0	1.5	1.0	0.4756319333999999	1
547	Iter0548	45	8	3	0	19	3	1.2777777777777777	1.0	0.35576147613000003	1
548	Iter0549	50	8	1	0	23	0	2.833333333333333	1.0	0.5796007521203	1
549	Iter0550	51	5	1	0	20	0	4.333333333333333	1.0	0.544443874777	1
550	Iter0551	45	7	1	2	21	1	12.857142857142858	0.06632361349342067	0.3429783245184	1
551	Iter0552	65	1	1	0	28	0	16.5	1.0	0.6085187730000001	1
552	Iter0553	43	9	1	4	20	0	19.11111111111111	0.007820914970865433	0.5540380297294598	1
553	Iter0554	64	7	7	0	29	4	1.015625	1.0	0.6203116562999998	1
554	Iter0555	37	3	5	0	14	2	1.5833333333333333	1.0	0.24738107780000002	1
555	Iter0556	50	7	0	1	21	0	12.75	0.1379310344827571	0.365874644549	1
556	Iter0557	39	11	2	2	14	1	3.5454545454545454	0.2415834258231515	0.26218401482	1
557	Iter0558	46	4	2	0	17	0	3.1333333333333333	1.0	0.47187791147353536	1
558	Iter0559	50	11	2	2	25	0	4.545454545454546	0.17578725038403942	0.63218569594484	1
559	Iter0560	49	2	3	2	20	1	16.333333333333332	0.036115875738518176	0.44378201691187	1
560	Iter0561	61	6	4	0	26	1	1.7714285714285716	1.0	0.5538042422421499	1
561	Iter0562	43	8	3	2	18	0	3.583333333333333	0.2139401479024056	0.4487028145	1
562	Iter0563	52	5	4	1	23	1	2.6	0.4097025468389574	0.47749125591583996	1
563	Iter0564	51	4	6	2	22	3	4.25	0.16374527468852818	0.4769333687684	1
564	Iter0565	57	6	3	1	26	1	3.1666666666666665	0.3637994468218421	0.6173861585127614	1
565	Iter0566	45	6	1	1	27	1	7.5	0.2489114658925881	0.7085306597721999	1
566	Iter0567	46	7	3	0	22	1	1.46875	1.0	0.5847263446180699	1
567	Iter0568	52	3	5	3	27	0	10.4	0.023198262031135158	0.5006857926870001	1
568	Iter0569	49	6	0	1	27	0	14.285714285714285	0.12500000000000286	0.523138104	1
569	Iter0570	55	6	2	2	25	1	9.166666666666666	0.07082299421009246	0.477337271484	1
570	Iter0571	68	8	4	1	24	4	2.125	0.4539159855615375	0.5988515268000001	1
571	Iter0572	49	6	1	2	23	0	16.333333333333332	0.04718693284936662	0.5346212848599999	1
572	Iter0573	56	7	3	1	19	1	2.6666666666666665	0.40621281703369416	0.368036662	1
573	Iter0574	47	4	1	2	20	0	23.5	0.02983389775842495	0.4774893580000001	1
574	Iter0575	51	13	0	2	22	0	11.142857142857144	0.04895104895104863	0.505055843951	1
575	Iter0576	52	9	4	2	22	1	2.888888888888889	0.2536109773712034	0.47941639001189995	1
576	Iter0577	45	2	4	0	25	2	3.066666666666667	1.0	0.48210708	1
577	Iter0578	45	5	5	1	19	2	1.8	0.5105800599695971	0.4362036366117	1
578	Iter0579	46	4	5	0	25	2	1.5666666666666669	1.0	0.5435174599999999	1
579	Iter0580	49	8	0	1	24	0	11.111111111111109	0.15517241379310015	0.5632408085739202	1
580	Iter0581	53	3	2	0	21	0	4.5	1.0	0.35152949939	1
581	Iter0582	42	7	3	0	16	0	1.34375	1.0	0.3888857043999999	1
582	Iter0583	53	4	2	2	28	0	13.25	0.04482087936303989	0.7008602872309997	1
583	Iter0584	49	6	5	0	16	2	1.1904761904761905	1.0	0.3263474356698652	1
584	Iter0585	55	6	2	0	26	0	2.6666666666666665	1.0	0.5755686023500001	1
585	Iter0586	53	9	1	0	22	0	2.7	1.0	0.555832151	1
586	Iter0587	44	11	3	3	18	2	4.0	0.12753517437037928	0.34725524258	1
587	Iter0588	44	3	4	0	20	2	2.25	1.0	0.6023176488220501	1
588	Iter0589	52	5	2	1	19	1	5.2	0.2751607247223731	0.3735490707604999	1
589	Iter0590	45	2	1	2	21	0	45.0	0.014285714285713971	0.515864082305	1
590	Iter0591	50	8	3	5	22	0	10.416666666666668	0.005676980164741417	0.337074678115809	1
591	Iter0592	58	7	5	3	22	0	4.971428571428572	0.0728289701667212	0.4188717618384	1
592	Iter0593	49	3	7	2	15	5	4.666666666666666	0.1535786558980665	0.28173211070000004	1
593	Iter0594	42	3	1	2	12	0	28.0	0.025439407955598625	0.29252593358213	1
594	Iter0595	43	5	2	2	21	1	8.6	0.08274078862314363	0.524089147793851	1
595	Iter0596	50	6	3	2	22	0	5.555555555555557	0.12386010969304018	0.4929954271268127	1
596	Iter0597	39	4	3	0	18	0	2.0	1.0	0.3843470125999666	1
597	Iter0598	47	4	5	1	21	2	2.35	0.43897766142056704	0.42354425000000007	1
598	Iter0599	55	8	5	1	23	4	1.375	0.5823747434380103	0.5576459667	1
599	Iter0600	59	7	1	2	22	0	16.857142857142858	0.04282933160285599	0.49178295511190806	1
600	Iter0601	48	5	8	0	16	5	0.9074074074074072	1.0	0.31372169218985996	1
601	Iter0602	54	5	5	1	19	1	2.16	0.454502603425117	0.3608545024	1
602	Iter0603	45	4	3	0	18	1	2.3	1.0	0.3896937312599	1
603	Iter0604	56	10	6	0	25	0	0.7402597402597403	0.5858264703181079	0.6238774621851002	1
604	Iter0605	51	5	2	4	27	0	20.4	0.002934386521999557	0.5874315529999999	1
605	Iter0606	50	4	3	3	21	0	12.5	0.017363023945816486	0.31642672000000005	1
606	Iter0607	54	11	9	0	21	3	0.4583333333333333	0.33922377856161795	0.4214778675555	1
607	Iter0608	52	7	5	2	21	1	2.9714285714285715	0.24115547329454576	0.47974205583	1
608	Iter0609	43	6	4	1	25	1	1.7916666666666667	0.5149615337184624	0.5919795597457954	1
609	Iter0610	45	6	3	2	17	1	5.0	0.1442142762897442	0.240237092391	1
610	Iter0611	41	4	1	3	18	0	30.75	0.007103211312277308	0.34823582996736874	1
611	Iter0612	42	7	7	2	17	3	1.7142857142857142	0.6188514754651399	0.38469749122322	1
612	Iter0613	48	5	5	1	25	2	1.92	0.4904845309348981	0.6188147159999999	1
613	Iter0614	37	4	4	1	13	2	2.3125	0.4532950478349994	0.43165984699999993	1
614	Iter0615	57	8	7	1	19	0	1.0178571428571428	1.0	0.42750775	1
615	Iter0616	47	6	1	2	19	0	15.666666666666664	0.050505050505050365	0.42554101130000005	1
616	Iter0617	53	8	4	0	27	0	1.2	1.0	0.4988390501000002	1
617	Iter0618	45	12	3	2	19	1	2.5	0.3144146764287735	0.5441036248900001	1
618	Iter0619	52	3	5	1	22	3	3.4666666666666663	0.3464563911431288	0.5421803799999999	1
619	Iter0620	52	2	2	5	21	0	65.0	6.975025923120523e-05	0.46509712103199996	1
620	Iter0621	48	8	3	0	22	0	1.3611111111111112	1.0	0.46343984200000005	1
621	Iter0622	49	4	5	0	25	1	1.6666666666666667	1.0	0.64866374321	1
622	Iter0623	34	8	2	0	12	0	1.2962962962962965	1.0	0.28853009262999996	1
623	Iter0624	55	8	10	0	22	4	0.5656565656565656	0.5884053839524898	0.35745003727120545	1
624	Iter0625	51	7	2	2	20	0	7.2857142857142865	0.09713450868969292	0.5046998382000001	1
625	Iter0626	55	0	3	3	19	0	56.0	0.0005557099194220497	0.41078519553500004	1
626	Iter0627	56	9	6	1	22	4	1.037037037037037	1.0	0.43083702823	1
627	Iter0628	53	6	3	1	27	0	2.9444444444444446	0.3833950290851416	0.6167830783005187	1
628	Iter0629	49	9	6	0	24	2	0.7142857142857143	0.5824059630619652	0.66386638932	1
629	Iter0630	50	7	6	3	22	1	3.571428571428572	0.12959751055555402	0.46270748999999994	1
630	Iter0631	51	5	1	0	24	1	4.333333333333333	1.0	0.5051883845010001	1
631	Iter0632	53	1	4	6	27	0	79.5	1.844768399082525e-05	0.5446066439999999	1
632	Iter0633	49	4	2	1	25	0	6.125	0.24873737373738106	0.5527879900000001	1
633	Iter0634	41	7	5	1	14	1	1.1714285714285713	1.0	0.30360520749010006	1
634	Iter0635	53	7	2	1	21	0	3.7857142857142856	0.33935181687695504	0.4303933469	1
635	Iter0636	53	6	4	0	22	1	1.542857142857143	1.0	0.4602160368	1
636	Iter0637	55	4	9	1	26	0	1.5277777777777777	0.5545330596671891	0.5148773148	1
637	Iter0638	52	10	2	1	22	2	2.6	0.4321428571428579	0.46135406985999994	1
638	Iter0639	47	7	3	3	20	1	6.7142857142857135	0.0523743075344142	0.4018045804	1
639	Iter0640	44	7	4	0	15	1	1.125	1.0	0.32032570038999997	1
640	Iter0641	40	5	3	1	21	0	2.6666666666666665	0.4175366723933076	0.557327058	1
641	Iter0642	48	9	3	1	22	2	1.7777777777777777	0.5211313487462943	0.62368960779	1
642	Iter0643	61	7	3	1	21	1	2.9047619047619047	0.382404572361705	0.32948336115400007	1
643	Iter0644	53	9	3	1	25	1	1.9629629629629632	0.4903846153845992	0.5693789989393956	1
644	Iter0645	49	4	0	1	20	0	20.0	0.09259259259259202	0.3960002983	1
645	Iter0646	50	5	2	2	21	0	10.0	0.06525885139500301	0.5163281886	1
646	Iter0647	50	5	5	2	27	0	4.0	0.17474862633737726	0.6062104204631001	1
647	Iter0648	53	7	6	0	18	2	0.9642857142857144	1.0	0.34259241051945205	1
648	Iter0649	40	7	4	2	15	1	2.8571428571428568	0.2667695234842787	0.27475267999999997	1
649	Iter0650	47	4	0	2	20	0	28.8	0.010885341074020128	0.35878869680000003	1
650	Iter0651	56	7	2	1	31	0	4.0	0.32569930069929626	0.5647909618539002	1
651	Iter0652	47	2	2	2	20	2	23.5	0.02476906001878072	0.44580378878730004	1
652	Iter0653	66	8	3	1	26	0	2.75	0.3939386928860664	0.7410995179999998	1
653	Iter0654	62	7	3	1	28	0	2.952380952380953	0.37796642870924896	0.5938615315099999	1
654	Iter0655	35	9	5	2	13	2	1.5555555555555556	0.6353086285392762	0.22708874	1
655	Iter0656	55	6	6	3	27	4	4.583333333333333	0.08430370012819051	0.5975547290930001	1
656	Iter0657	48	6	2	2	18	0	8.0	0.08760930539515104	0.46180026018	1
657	Iter0658	57	11	2	0	29	1	1.6111111111111107	1.0	0.48561632289999995	1
658	Iter0659	45	6	5	0	20	2	1.0952380952380951	1.0	0.3026510021815	1
659	Iter0660	46	3	2	2	22	0	15.333333333333336	0.040177580466147035	0.5467654013597999	1
660	Iter0661	49	7	2	1	19	1	3.5	0.3594081638930998	0.29448089951999995	1
661	Iter0662	48	4	5	2	15	0	4.8	0.14439855194723827	0.27516278664550003	1
662	Iter0663	42	5	6	0	17	1	1.023809523809524	1.0	0.32454694303444	1
663	Iter0664	54	7	2	1	25	0	3.8571428571428568	0.33467741935484663	0.44767648699999996	1
664	Iter0665	50	3	2	0	30	0	4.25	1.0	0.718660299	1
665	Iter0666	51	16	7	4	24	3	1.8214285714285716	0.4589782955091121	0.5449666874899999	1
666	Iter0667	59	3	7	0	22	3	1.875	1.0	0.4637019889	1
667	Iter0668	45	11	0	0	18	0	3.8333333333333335	1.0	0.43209204	1
668	Iter0669	51	6	2	0	23	0	2.4761904761904763	1.0	0.40537010289000003	1
669	Iter0670	37	3	6	3	15	6	6.166666666666668	0.0667431550872848	0.29244700250000005	1
670	Iter0671	63	2	2	1	32	0	15.75	0.12842206081889262	0.7704719513	1
671	Iter0672	47	9	2	1	21	0	2.6111111111111107	0.4332646344089264	0.5032958662782001	1
672	Iter0673	46	10	2	0	20	2	1.424242424242424	1.0	0.38744644148	1
673	Iter0674	47	6	5	1	18	5	1.5666666666666669	0.5481655274328353	0.353719271658	1
674	Iter0675	51	8	4	2	20	0	3.1875	0.2278674359749225	0.37390311556000005	1
675	Iter0676	59	7	1	1	27	0	8.428571428571429	0.22300263388938316	0.5925275741169999	1
676	Iter0677	39	4	4	2	22	0	4.875	0.15101557400355667	0.44487547966469104	1
677	Iter0678	57	6	0	0	20	0	8.285714285714286	1.0	0.5020637233999999	1
678	Iter0679	54	4	1	1	25	1	13.5	0.16101694915253867	0.5074028340938002	1
679	Iter0680	57	6	3	0	31	0	2.071428571428572	1.0	0.748640867938	1
680	Iter0681	54	8	1	0	24	1	3.055555555555556	1.0	0.4867020760100001	1
681	Iter0682	45	6	4	2	16	2	3.75	0.1942602250447303	0.3657220948599999	1
682	Iter0683	41	7	5	2	19	1	2.3428571428571425	0.3208121216556179	0.39151001853	1
683	Iter0684	42	2	10	2	13	1	4.2	0.1976939203354316	0.20149177407000002	1
684	Iter0685	46	9	10	1	19	6	0.5111111111111111	1.0	0.3362658513	1
685	Iter0686	49	8	2	0	22	2	1.851851851851852	1.0	0.41874490899999994	1
686	Iter0687	60	4	5	0	27	0	2.033333333333333	1.0	0.53972130491	1
687	Iter0688	42	7	1	3	19	0	18.0	0.018338598138819617	0.507503862	1
688	Iter0689	51	2	8	2	16	4	6.375	0.11513182745335232	0.40874538789708764	1
689	Iter0690	46	7	4	1	18	0	1.6428571428571428	0.5376022780741521	0.3964684189999999	1
690	Iter0691	53	2	6	1	26	2	4.416666666666667	0.3063194077207877	0.5776821704599999	1
691	Iter0692	37	7	1	0	15	0	2.375	1.0	0.29451548150000006	1
692	Iter0693	55	8	5	1	26	1	1.375	0.5823747434380103	0.5361605656520301	1
693	Iter0694	46	9	7	1	21	5	0.7301587301587301	1.0	0.47025117600000016	1
694	Iter0695	63	4	0	2	29	0	38.40000000000001	0.006393861892582973	0.6219483047700001	1
695	Iter0696	53	7	3	1	27	1	2.523809523809524	0.4219328397673348	0.6283386102379998	1
696	Iter0697	44	6	2	1	28	0	3.6666666666666665	0.3520020490053646	0.7022810619800001	1
697	Iter0698	58	4	4	0	22	1	2.3600000000000003	1.0	0.52705901	1
698	Iter0699	49	6	7	0	20	0	0.8928571428571429	1.0	0.507244362452222	1
699	Iter0700	55	10	3	1	26	0	1.8333333333333333	0.5092313369215089	0.52375337198	1
700	Iter0701	33	7	6	2	23	1	1.5714285714285714	0.633155420575991	0.46986092470000007	1
701	Iter0702	45	5	5	1	21	1	1.8	0.5105800599695971	0.42166145899999996	1
702	Iter0703	58	4	1	0	26	1	5.9	1.0	0.5769090743990001	1
703	Iter0704	54	6	2	0	20	0	2.619047619047619	1.0	0.38970595178	1
704	Iter0705	52	6	6	2	29	4	2.888888888888889	0.2474735365558545	0.6394842501014001	1
705	Iter0706	48	5	7	3	13	0	4.114285714285714	0.10639447215521132	0.3419634748050831	1
706	Iter0707	43	6	5	2	17	0	2.8666666666666667	0.2592139787700177	0.39523321199999994	1
707	Iter0708	53	8	2	2	27	0	6.625	0.10876019142148552	0.5465093539783719	1
708	Iter0709	52	10	0	2	20	0	14.454545454545455	0.032738095238094615	0.41041429199999996	1
709	Iter0710	49	6	3	0	25	1	1.7857142857142858	1.0	0.6518830239999999	1
710	Iter0711	55	3	3	4	23	0	24.444444444444446	0.0016016879056791704	0.45576194039999995	1
711	Iter0712	56	3	3	1	26	2	6.222222222222222	0.23593630648098698	0.5338105038200001	1
712	Iter0713	51	8	1	1	22	1	6.375	0.27540983606556235	0.41865860140699995	1
713	Iter0714	40	4	5	1	16	2	2.0	0.4874322717061033	0.44974872399999993	1
714	Iter0715	60	6	3	1	26	0	3.333333333333333	0.3503454594037479	0.567614605897202	1
715	Iter0716	57	4	3	0	23	1	2.9	1.0	0.4863522724926539	1
716	Iter0717	42	7	4	3	19	1	4.5	0.0993483024559571	0.4071971555199999	1
717	Iter0718	47	4	4	0	16	2	1.92	1.0	0.4659512651999999	1
718	Iter0719	56	12	2	2	28	1	4.666666666666667	0.16770769544805125	0.75183831378063	1
719	Iter0720	59	5	1	1	20	0	11.8	0.17482517482518214	0.38694275528000005	1
720	Iter0721	51	1	2	0	27	0	8.666666666666666	1.0	0.6019597047999999	1
721	Iter0722	54	6	1	1	22	0	9.0	0.2147012162876938	0.47036214590259995	1
722	Iter0723	38	7	2	0	20	1	1.625	1.0	0.4445056561	1
723	Iter0724	51	10	1	1	23	0	5.1	0.3210445468510076	0.50179505266	1
724	Iter0725	53	3	2	0	16	0	4.5	1.0	0.33585217479999996	1
725	Iter0726	57	2	2	0	23	1	6.444444444444443	1.0	0.49262283499446247	1
726	Iter0727	55	3	1	1	25	0	18.33333333333333	0.12994350282485448	0.5501181900000001	1
727	Iter0728	50	7	3	1	24	1	2.380952380952381	0.438876699466331	0.5414883462817	1
728	Iter0729	45	6	1	2	20	0	15.0	0.054184808901788194	0.35700992940000004	1
729	Iter0730	54	8	4	2	19	1	3.375	0.21156800837440606	0.43019594135230405	1
730	Iter0731	55	9	2	1	19	1	3.055555555555556	0.38920780711822894	0.36225548172800004	1
731	Iter0732	48	6	4	2	21	1	4.0	0.17804579990436786	0.38365760000000004	1
732	Iter0733	56	1	2	0	27	0	9.5	1.0	0.6630786844248	1
733	Iter0734	50	9	3	5	29	1	9.25925925925926	0.00785327285658767	0.6915035750999999	1
734	Iter0735	44	1	3	3	18	0	44.0	0.003661464585834455	0.46199536202459995	1
735	Iter0736	45	6	0	1	20	0	13.142857142857142	0.13461538461538636	0.584101358	1
736	Iter0737	39	7	1	4	17	1	22.285714285714285	0.005815943398635906	0.49487730489	1
737	Iter0738	55	7	0	0	26	0	7.0	1.0	0.6530563169999998	1
738	Iter0739	45	8	1	2	17	0	11.25	0.07900432900432472	0.3689549819146001	1
739	Iter0740	52	3	2	3	19	2	26.0	0.005389716254399776	0.42884364177	1
740	Iter0741	50	6	5	0	18	1	1.2142857142857142	1.0	0.39001231825	1
741	Iter0742	55	7	3	0	24	1	1.75	1.0	0.5113181706700001	1
742	Iter0743	53	7	4	1	18	0	1.8928571428571428	0.4930795671805825	0.38580964619999997	1
743	Iter0744	52	2	5	1	22	2	5.2	0.2751607247223731	0.40560512914995994	1
744	Iter0745	62	8	6	1	28	1	1.2916666666666667	1.0	0.75169261556	1
745	Iter0746	40	7	3	0	14	0	1.28125	1.0	0.31410637700000005	1
746	Iter0747	53	6	4	1	18	2	2.208333333333333	0.4508361977789334	0.3754222104	1
747	Iter0748	45	8	8	2	20	3	1.40625	0.6532533667879272	0.4431357514209999	1
748	Iter0749	47	3	3	2	20	1	10.444444444444443	0.059935419535858486	0.4248683143	1
749	Iter0750	52	8	3	0	26	0	1.4722222222222223	1.0	0.68661963338485	1
750	Iter0751	39	5	5	2	23	3	3.12	0.2422037899340982	0.4618691273	1
751	Iter0752	49	8	8	2	21	0	1.53125	0.6372316353119705	0.47076394089992013	1
752	Iter0753	49	4	1	0	27	0	5.0	1.0	0.6008851330579998	1
753	Iter0754	48	7	4	1	24	1	1.7142857142857142	0.5241317788920073	0.546520938	1
754	Iter0755	57	6	1	1	22	1	9.5	0.20528846153846855	0.55546798053	1
755	Iter0756	48	8	7	2	20	1	1.7142857142857142	0.6191147506172869	0.3914339576550001	1
756	Iter0757	52	8	3	1	20	3	2.1666666666666665	0.4632233512125326	0.409224451	1
757	Iter0758	57	6	3	1	22	0	3.1666666666666665	0.3637994468218421	0.5709876235498399	1
758	Iter0759	56	5	4	1	19	1	2.8	0.3888826227536015	0.35432619686899997	1
759	Iter0760	59	6	3	0	28	2	2.142857142857143	1.0	0.5841530357000001	1
760	Iter0761	62	7	4	1	19	0	2.2142857142857144	0.4452133012812519	0.42226659938567307	1
761	Iter0762	44	5	2	0	16	2	2.5	1.0	0.36570362984849997	1
762	Iter0763	47	7	3	0	17	0	1.5	1.0	0.34895184083439995	1
763	Iter0764	54	5	1	1	25	0	10.8	0.18852459016393008	0.5574155994399999	1
764	Iter0765	66	10	4	1	28	1	1.65	0.5276245086371422	0.5528760688456863	1
765	Iter0766	59	6	3	1	18	1	3.2777777777777786	0.35472023745488485	0.42541248530052	1
766	Iter0767	46	6	2	5	19	1	19.166666666666668	0.0015935596741377064	0.41735549288	1
767	Iter0768	56	3	1	1	27	0	18.666666666666668	0.1278688524590098	0.6179257530039889	1
768	Iter0769	48	3	4	0	23	2	2.45	1.0	0.4663347717599999	1
769	Iter0770	54	3	3	1	21	0	6.0	0.24306560251409665	0.4699254151479999	1
770	Iter0771	54	10	7	2	28	4	1.542857142857143	0.6359992030785941	0.5921275499900001	1
771	Iter0772	55	9	3	1	23	3	2.0370370370370368	0.4790301884243698	0.5806103735000001	1
772	Iter0773	47	3	1	0	19	0	6.0	1.0	0.50607144273	1
773	Iter0774	45	8	4	0	20	1	1.022222222222222	1.0	0.485778526	1
774	Iter0775	51	3	1	1	23	0	17.0	0.13896103896103948	0.61449143	1
775	Iter0776	48	5	2	1	23	1	4.8	0.2929292929292933	0.5753149075999999	1
776	Iter0777	50	4	0	4	19	0	50.99999999999999	0.00016498927569708136	0.33875438783913003	1
777	Iter0778	56	8	3	1	20	0	2.333333333333333	0.4411414748552364	0.4325416059985919	1
778	Iter0779	48	6	2	2	21	1	8.0	0.08760930539515104	0.39407045049999995	1
779	Iter0780	51	5	7	1	23	1	1.457142857142857	0.5669395172494183	0.5821055248370001	1
780	Iter0781	53	8	4	0	26	0	1.2	1.0	0.637189575761015	1
781	Iter0782	50	2	1	0	24	0	8.5	1.0	0.59731557	1
782	Iter0783	49	5	3	0	20	3	2.083333333333333	1.0	0.4912056059752968	1
783	Iter0784	39	4	2	1	21	1	4.875	0.2977602108036966	0.37275541981193605	1
784	Iter0785	53	6	1	4	18	0	35.333333333333336	0.0015203595980962015	0.48334226878313996	1
785	Iter0786	48	3	1	0	23	0	6.125	1.0	0.46632638114375	1
786	Iter0787	52	5	3	0	23	1	2.208333333333333	1.0	0.608549531606	1
787	Iter0788	51	5	5	1	21	2	2.04	0.4718391208559245	0.4020790837000001	1
788	Iter0789	57	6	0	0	23	0	8.285714285714286	1.0	0.4728073392	1
789	Iter0790	48	5	1	2	22	0	19.2	0.038383838383838506	0.4581504595	1
790	Iter0791	45	2	3	2	16	0	15.0	0.04168436605411215	0.3809948181988001	1
791	Iter0792	46	3	3	3	15	0	15.333333333333336	0.013329400898767371	0.38467251160899996	1
792	Iter0793	54	5	1	0	22	0	4.583333333333333	1.0	0.53579629306	1
793	Iter0794	51	5	2	1	22	0	5.1	0.27939955089360696	0.3964170655900001	1
794	Iter0795	43	3	0	1	19	0	22.0	0.08510638297872092	0.39108569931	1
795	Iter0796	54	8	2	1	26	0	3.375	0.3653846153846131	0.7369741921	1
796	Iter0797	54	8	1	1	24	1	6.75	0.2633928571428553	0.4886623495000001	1
797	Iter0798	46	11	2	1	16	1	2.090909090909091	0.4945645821157018	0.398496917	1
798	Iter0799	50	1	3	1	20	0	16.666666666666668	0.1414141414141452	0.42447010970000004	1
799	Iter0800	53	5	2	1	24	0	5.3	0.2710475131981078	0.5235118229267661	1
800	Iter0801	37	8	2	1	16	0	2.3125	0.4716119333950248	0.4010690526400001	1
801	Iter0802	50	8	3	0	24	0	1.4166666666666667	1.0	0.682326314028	1
802	Iter0803	60	7	2	0	22	1	2.5416666666666665	1.0	0.5376879928695998	1
803	Iter0804	53	4	3	0	23	0	2.7	1.0	0.45900348678253	1
804	Iter0805	59	6	1	0	23	0	4.285714285714286	1.0	0.51266268213427	1
805	Iter0806	50	5	2	5	17	2	25.0	0.000701900571194436	0.36037626747000007	1
806	Iter0807	47	5	4	4	25	0	9.4	0.013374508015469423	0.6577938897738339	1
807	Iter0808	49	2	1	1	23	0	24.5	0.1110304789550074	0.5689564736	1
808	Iter0809	42	5	1	3	20	0	25.200000000000006	0.009915966386554828	0.42493219070000005	1
809	Iter0810	54	3	7	0	29	0	1.71875	1.0	0.6634791400000001	1
810	Iter0811	55	1	5	0	24	3	4.666666666666667	1.0	0.796432162388	1
811	Iter0812	43	5	2	1	15	0	4.3	0.3186074429771939	0.292612182	1
812	Iter0813	60	8	5	0	22	1	1.1296296296296295	1.0	0.556281367299938	1
813	Iter0814	46	6	3	1	18	1	2.5555555555555562	0.4231370306842019	0.406724802037	1
814	Iter0815	51	7	4	0	17	0	1.3	1.0	0.34723871841803894	1
815	Iter0816	47	7	5	2	18	2	2.685714285714286	0.2733612826419424	0.36077011943000004	1
816	Iter0817	42	9	5	0	19	1	0.7166666666666667	0.5797480821065825	0.400640183305	1
817	Iter0818	55	5	0	0	18	0	9.333333333333334	1.0	0.3974564129019472	1
818	Iter0819	51	4	3	1	23	0	4.25	0.30513528121883776	0.44350040374999994	1
819	Iter0820	47	3	2	1	26	0	7.833333333333332	0.2135234354990042	0.6106303900000001	1
820	Iter0821	56	9	1	1	21	0	6.222222222222222	0.27815468113973685	0.3391544593647	1
821	Iter0822	53	5	4	1	25	1	2.65	0.4042968925059741	0.5600579106999999	1
822	Iter0823	55	3	4	3	23	1	13.75	0.013790017491762284	0.40420988362999993	1
823	Iter0824	48	8	2	1	24	0	3.0	0.3970900366052557	0.6705705875499999	1
824	Iter0825	49	5	5	3	19	3	5.88	0.05934983921032496	0.33809583899742535	1
825	Iter0826	49	11	1	1	20	0	4.454545454545454	0.352194606028577	0.5263252872674999	1
826	Iter0827	53	6	2	2	19	1	8.833333333333334	0.07509254362771169	0.50255626537668	1
827	Iter0828	55	3	1	0	22	1	7.0	1.0	0.47261771935958513	1
828	Iter0829	46	8	4	0	18	0	1.0444444444444445	1.0	0.305715304	1
829	Iter0830	64	5	5	3	24	2	7.68	0.03292793936335325	0.46786366578700006	1
830	Iter0831	53	8	4	4	21	0	6.625	0.02633802944306837	0.3891030071	1
831	Iter0832	48	5	2	2	18	0	9.6	0.06964380648591416	0.600059069083	1
832	Iter0833	52	10	2	0	28	1	1.6060606060606062	1.0	0.6662565194150001	1
833	Iter0834	49	9	2	3	24	2	8.166666666666668	0.04361127792367794	0.51290375644872	1
834	Iter0835	52	5	5	1	24	0	2.08	0.46592135190190703	0.5160244136700001	1
835	Iter0836	41	6	1	1	17	0	6.833333333333332	0.2678571428571536	0.41301723970000004	1
836	Iter0837	52	4	5	0	28	4	1.7666666666666666	1.0	0.7103489099999999	1
837	Iter0838	57	3	3	1	29	2	6.333333333333332	0.23252530784922945	0.7082769920000002	1
838	Iter0839	40	6	1	0	19	0	2.9285714285714284	1.0	0.3770797714076401	1
839	Iter0840	51	5	2	1	23	1	5.1	0.27939955089360696	0.4438960881000001	1
840	Iter0841	52	7	1	0	20	1	3.3125	1.0	0.6062605841399997	1
841	Iter0842	60	2	3	1	27	0	10.0	0.17351398601397516	0.60810445666	1
842	Iter0843	46	7	1	1	15	0	6.571428571428571	0.2720538720538807	0.37640450987609997	1
843	Iter0844	43	8	2	2	11	1	5.375	0.14707305273343205	0.28910287234512	1
844	Iter0845	53	7	6	1	19	1	1.261904761904762	1.0	0.43069874630000005	1
845	Iter0846	54	1	3	1	25	1	18.0	0.13208649912332265	0.6205836376278999	1
846	Iter0847	48	9	2	1	25	0	2.6666666666666665	0.4272355347749617	0.5248075573	1
847	Iter0848	48	4	4	0	22	1	1.96	1.0	0.5735349660000001	1
848	Iter0849	56	4	1	3	17	0	42.0	0.0031949585757095433	0.45227348165299996	1
849	Iter0850	56	3	6	2	20	2	6.222222222222222	0.10460662886035403	0.33357497835000005	1
850	Iter0851	50	5	5	1	15	1	2.0	0.4779021921726327	0.23483249951092997	1
851	Iter0852	46	5	3	1	22	0	3.0666666666666664	0.3787629561214403	0.44542204727260004	1
852	Iter0853	40	8	6	2	19	4	1.6666666666666667	0.6231967387825674	0.3805888681	1
853	Iter0854	54	5	9	1	21	1	1.2000000000000002	1.0	0.46510734559999983	1
854	Iter0855	60	9	0	2	27	0	18.3	0.022132796780685225	0.7108772149648002	1
855	Iter0856	62	4	7	0	28	0	1.575	1.0	0.6203206112735002	1
856	Iter0857	61	8	2	3	22	1	11.4375	0.021323609930594446	0.6228663999819999	1
857	Iter0858	47	7	5	2	19	1	2.685714285714286	0.2733612826419424	0.4906611543813001	1
858	Iter0859	51	6	2	0	13	0	2.4761904761904763	1.0	0.22923233629999998	1
859	Iter0860	49	4	9	7	22	6	9.527777777777775	0.0020109566826826053	0.5302928516454001	1
860	Iter0861	50	5	2	1	26	0	5.0	0.2837697692507237	0.671878989999987	1
861	Iter0862	55	6	1	0	23	1	4.0	1.0	0.5839668301279001	1
862	Iter0863	51	8	7	2	23	4	1.8214285714285716	0.6110400206792341	0.508494332279	1
863	Iter0864	47	1	5	2	20	2	18.8	0.039756051076804494	0.5082797655996	1
864	Iter0865	36	4	2	2	13	1	9.0	0.08338796767611358	0.3117598893	1
865	Iter0866	49	10	3	0	21	1	1.1363636363636365	1.0	0.41478329729999996	1
866	Iter0867	54	4	0	4	32	0	55.0	0.00012548288503079155	0.6337563987241999	1
867	Iter0868	47	7	4	0	22	1	1.2	1.0	0.4500588833490069	1
868	Iter0869	56	15	1	1	22	0	3.733333333333333	0.3926940639269279	0.48968162932753995	1
869	Iter0870	42	2	2	2	23	0	21.0	0.030080172679617313	0.57684444368	1
870	Iter0871	54	6	1	1	27	0	9.0	0.2147012162876938	0.6439060373000002	1
871	Iter0872	54	6	5	2	23	3	3.6	0.1932263741294346	0.534023763	1
872	Iter0873	42	11	5	1	19	3	0.7636363636363637	1.0	0.3319648501090693	1
873	Iter0874	56	4	5	1	25	3	2.8	0.3888826227536015	0.6448731257744501	1
874	Iter0875	49	11	4	0	23	3	0.8333333333333334	1.0	0.57122249241	1
875	Iter0876	52	7	2	2	21	1	7.428571428571429	0.09431139986401783	0.5996563625	1
876	Iter0877	43	10	2	2	20	0	4.3	0.19172932330828285	0.37904368971663804	1
877	Iter0878	46	8	0	0	23	0	5.222222222222221	1.0	0.5092888	1
878	Iter0879	47	10	1	0	18	0	2.1818181818181817	1.0	0.3461106052000001	1
879	Iter0880	52	7	3	0	20	0	1.65625	1.0	0.489151102	1
880	Iter0881	41	6	4	0	18	1	1.2	1.0	0.424307923121	1
881	Iter0882	49	5	3	2	20	1	6.533333333333334	0.10233949200082257	0.5157085623659	1
882	Iter0883	56	6	2	1	27	1	4.666666666666667	0.29358974358974554	0.59109855	1
883	Iter0884	58	6	2	0	24	1	2.8095238095238098	1.0	0.49470831926876724	1
884	Iter0885	52	6	4	1	20	0	2.1666666666666665	0.4565515510580979	0.5596249942071201	1
885	Iter0886	55	6	2	2	21	1	9.166666666666666	0.07082299421009246	0.361719553327401	1
886	Iter0887	68	8	4	1	34	0	2.125	0.4539159855615375	0.6286330441824999	1
887	Iter0888	52	6	0	0	19	0	7.571428571428571	1.0	0.45535772272155417	1
888	Iter0889	41	4	4	0	15	1	1.6800000000000002	1.0	0.2763250324290973	1
889	Iter0890	53	4	5	1	23	1	2.65	0.40429689250597584	0.46551328699942907	1
890	Iter0891	48	7	4	0	20	3	1.225	1.0	0.5739589522415769	1
891	Iter0892	52	6	3	0	22	0	1.8928571428571428	1.0	0.5692108932834	1
892	Iter0893	54	8	4	2	27	1	3.375	0.21156800837440606	0.520270634	1
893	Iter0894	48	7	2	0	25	1	2.0416666666666665	1.0	0.5636187914999999	1
894	Iter0895	54	5	3	0	23	1	2.2916666666666665	1.0	0.5378641047399999	1
895	Iter0896	53	4	1	1	14	0	13.25	0.16364699006428834	0.36679028924270524	1
896	Iter0897	49	9	3	1	22	0	1.8148148148148149	0.5146949421434511	0.41196000666594695	1
897	Iter0898	48	6	2	2	18	1	8.0	0.08760930539515104	0.34995443769146	1
898	Iter0899	51	6	3	0	22	1	1.8571428571428568	1.0	0.51038150686	1
899	Iter0900	51	5	4	0	21	1	1.7333333333333332	1.0	0.4498458167928301	1
900	Iter0901	48	7	1	0	25	0	3.0625	1.0	0.5860436899999999	1
901	Iter0902	50	5	3	1	21	0	3.333333333333333	0.3566067418693106	0.596465254	1
902	Iter0903	62	6	3	2	19	0	6.888888888888888	0.08948709129903587	0.44701676322974	1
903	Iter0904	56	5	2	0	16	2	3.1666666666666665	1.0	0.39118063881341997	1
904	Iter0905	55	6	1	1	27	0	9.166666666666666	0.21146953405018587	0.57539120675499	1
905	Iter0906	54	5	3	2	21	0	7.2	0.08818085668957873	0.45213553422532393	1
906	Iter0907	50	3	5	1	26	0	3.333333333333333	0.3566067418693106	0.54714021	1
907	Iter0908	49	10	3	2	22	1	3.266666666666667	0.2330446853516664	0.4421725574165009	1
908	Iter0909	47	5	3	1	21	0	3.1333333333333333	0.3729750333523829	0.38782635629139	1
909	Iter0910	40	5	0	1	13	0	13.666666666666664	0.13043478260870184	0.403879983	1
910	Iter0911	47	11	5	2	20	2	1.709090909090909	0.6198443713457035	0.422113564391	1
911	Iter0912	38	6	7	0	14	3	0.6964285714285714	0.577885400228543	0.255943520471	1
912	Iter0913	44	6	3	2	15	1	4.8888888888888875	0.14887541857574926	0.440680532499913	1
913	Iter0914	49	8	4	1	22	0	1.53125	0.5565315850621154	0.42567544999999996	1
914	Iter0915	53	7	6	0	18	2	0.9642857142857144	1.0	0.3111261781882	1
915	Iter0916	54	8	4	1	18	2	1.6875	0.5255453501721844	0.37615163847300004	1
916	Iter0917	42	10	5	2	18	2	1.6800000000000002	0.6223037219881894	0.37054965700199993	1
917	Iter0918	51	9	5	0	26	1	0.8666666666666667	1.0	0.46699681914000013	1
918	Iter0919	54	5	3	3	24	0	10.8	0.02122910141154428	0.5021116155472	1
919	Iter0920	49	5	1	1	24	0	9.8	0.20454545454545656	0.4787879029652001	1
920	Iter0921	49	6	6	2	17	1	2.7222222222222214	0.2664432234110162	0.28341905418	1
921	Iter0922	50	4	2	3	23	1	18.75	0.009637890486271328	0.53161748403924	1
922	Iter0923	48	5	1	2	17	1	19.2	0.038383838383838506	0.4034860397663	1
923	Iter0924	50	6	2	1	21	0	4.166666666666667	0.3201882555600167	0.42243646907776994	1
924	Iter0925	56	5	4	1	16	0	2.8	0.3888826227536015	0.4752786178	1
925	Iter0926	61	9	3	1	26	1	2.2592592592592595	0.4477997194570549	0.48834653	1
926	Iter0927	54	4	4	2	24	4	6.75	0.09344945728652	0.4593383426660309	1
927	Iter0928	47	11	4	0	19	2	0.8	1.0	0.46559357070499996	1
928	Iter0929	51	8	6	0	20	5	0.8253968253968254	1.0	0.45430996693000103	1
929	Iter0930	47	8	3	1	21	1	1.9583333333333333	0.4939862807222713	0.47745124899999997	1
930	Iter0931	57	6	0	1	24	0	16.571428571428573	0.10937499999999976	0.5814761800000001	1
931	Iter0932	50	5	4	0	16	0	1.7	1.0	0.356981666719	1
932	Iter0933	47	11	2	4	21	1	8.545454545454545	0.02343990415497696	0.44434450802	1
933	Iter0934	50	6	4	1	16	2	2.083333333333333	0.468409504757579	0.26312621144822	1
934	Iter0935	40	14	4	1	14	0	0.7142857142857143	1.0	0.2925029021615	1
935	Iter0936	45	6	1	0	24	0	3.2857142857142856	1.0	0.5143330058000001	1
936	Iter0937	58	4	5	0	26	1	1.9666666666666668	1.0	0.56363753257	1
937	Iter0938	52	4	4	1	22	1	3.25	0.3579220684914893	0.523211029823562	1
938	Iter0939	51	3	1	0	18	1	6.5	1.0	0.30585134755599996	1
939	Iter0940	51	9	3	2	22	1	3.7777777777777786	0.19596113167637214	0.4881562697999999	1
940	Iter0941	33	5	10	0	12	4	0.5151515151515151	0.5689141647744864	0.23206641400000003	1
941	Iter0942	46	4	5	0	21	2	1.5666666666666669	1.0	0.57044249	1
942	Iter0943	40	11	2	1	20	0	1.818181818181818	0.5371714239638773	0.49266293854	1
943	Iter0944	47	7	5	0	20	0	1.0	1.0	0.5275122242054	1
944	Iter0945	49	4	3	3	20	0	12.25	0.01822137210798914	0.34019023530000003	1
945	Iter0946	51	1	1	0	21	0	13.0	1.0	0.5030862949060001	1
946	Iter0947	52	5	1	0	24	0	4.416666666666667	1.0	0.63369167747983	1
947	Iter0948	52	2	3	1	21	1	8.666666666666666	0.1961368939590403	0.39148955405999997	1
948	Iter0949	49	9	5	0	17	1	0.8333333333333334	1.0	0.39675697162432	1
949	Iter0950	42	6	2	0	22	0	2.047619047619048	1.0	0.398715305	1
950	Iter0951	48	1	2	1	25	0	24.0	0.11312217194569732	0.6030804589967	1
951	Iter0952	56	5	3	2	24	0	7.466666666666666	0.083323934130385	0.7010804437920002	1
952	Iter0953	57	11	0	1	24	0	9.666666666666666	0.17391304347826028	0.45746825591810997	1
953	Iter0954	54	6	4	0	29	0	1.5714285714285714	1.0	0.5943040735549835	1
954	Iter0955	44	8	4	0	17	0	1.0	1.0	0.29348573040000003	1
955	Iter0956	47	5	1	2	16	0	18.8	0.039756051076804494	0.388980336270395	1
956	Iter0957	54	3	3	1	24	0	6.0	0.24306560251409665	0.46126925923000006	1
957	Iter0958	46	7	5	0	17	0	0.9791666666666666	1.0	0.45586270406000007	1
958	Iter0959	44	4	0	2	24	0	27.0	0.012244897959183564	0.507001270360299	1
959	Iter0960	55	10	5	1	25	1	1.1	1.0	0.53405032041263	1
960	Iter0961	48	5	3	1	19	2	3.2	0.3673577884104411	0.31449803809999993	1
961	Iter0962	51	6	9	4	23	2	3.7777777777777777	0.08082854128868522	0.4221052290638844	1
962	Iter0963	37	5	5	1	15	1	1.48	0.572523255487994	0.34163174875999996	1
963	Iter0964	46	6	3	0	15	1	1.6785714285714286	1.0	0.26597047196549994	1
964	Iter0965	43	4	1	0	19	1	4.4	1.0	0.4271219907988	1
965	Iter0966	58	5	4	2	23	3	5.8	0.10932778929471476	0.7152544375333199	1
966	Iter0967	55	4	3	2	25	1	9.166666666666666	0.06515512074739657	0.5819588	1
967	Iter0968	49	7	2	0	21	0	2.083333333333333	1.0	0.4828235588737	1
968	Iter0969	47	8	1	1	20	0	5.875	0.2932330827067704	0.502278054793	1
969	Iter0970	44	9	3	1	19	1	1.6296296296296298	0.5484544695071221	0.4088988035002001	1
970	Iter0971	54	7	6	3	23	0	3.8571428571428568	0.11201708120880233	0.5799660649661	1
971	Iter0972	44	6	3	0	18	2	1.6071428571428572	1.0	0.4967548369844255	1
972	Iter0973	41	5	6	0	19	1	1.0	1.0	0.477606117	1
973	Iter0974	58	4	3	1	29	2	4.833333333333333	0.27592546342546026	0.5361922550519999	1
974	Iter0975	46	5	5	1	17	1	1.84	0.50371100817975	0.41192224064999994	1
975	Iter0976	49	5	2	3	25	1	14.7	0.014986059804418838	0.5642081190000001	1
976	Iter0977	44	10	3	2	19	1	2.9333333333333336	0.2660735708353377	0.30209304576260004	1
977	Iter0978	44	8	0	0	20	0	5.0	1.0	0.45305445579636905	1
978	Iter0979	48	9	3	2	16	3	3.555555555555556	0.21218383180843092	0.38588403904161	1
979	Iter0980	58	10	1	2	21	0	11.6	0.07197970431283386	0.5452038383029999	1
980	Iter0981	51	5	5	1	25	3	2.04	0.4718391208559245	0.6267092206379999	1
981	Iter0982	40	8	3	1	19	2	1.6666666666666667	0.544149967679373	0.293838243353	1
982	Iter0983	53	5	4	2	24	3	5.3	0.1250610608681591	0.43788002039999996	1
983	Iter0984	43	10	2	0	22	2	1.3333333333333333	1.0	0.45662443268700004	1
984	Iter0985	55	7	4	0	26	2	1.4	1.0	0.5992725027684999	1
985	Iter0986	54	3	4	1	21	1	4.5	0.2919000797712601	0.49476076520000006	1
986	Iter0987	48	3	5	0	20	1	2.0416666666666665	1.0	0.50357512	1
987	Iter0988	57	9	1	2	29	1	12.666666666666664	0.06403404970034722	0.5862315700879999	1
988	Iter0989	54	2	1	2	24	0	54.0	0.01027407794764566	0.45496649164	1
989	Iter0990	61	8	4	0	29	1	1.3777777777777778	1.0	0.6843033938549001	1
990	Iter0991	53	7	4	0	22	1	1.35	1.0	0.57802598885	1
991	Iter0992	60	4	1	0	31	0	6.1	1.0	0.559313994429	1
992	Iter0993	47	6	2	2	22	0	7.833333333333332	0.0904837852206284	0.45428104558	1
993	Iter0994	47	6	3	1	18	0	2.6111111111111107	0.4169767853978459	0.523283499	1
994	Iter0995	63	4	2	1	26	0	7.875	0.2020460358056315	0.4530650213499999	1
995	Iter0996	47	6	6	0	21	4	0.979591836734694	1.0	0.4498190754	1
996	Iter0997	50	7	6	2	19	3	2.380952380952381	0.30503556481670685	0.3575127704908082	1
997	Iter0998	49	6	4	1	17	3	2.0416666666666665	0.4745621725265976	0.452518737776	1
998	Iter0999	42	6	5	4	17	3	5.6	0.04119532160889792	0.42241445800000005	1
999	Iter1000	56	7	3	2	20	1	5.333333333333333	0.12678355446133305	0.38664505459399995	1
