	IterId	dN	dS	pN	pS	bdN	bpN	MkScore	FSPVal	SelCoef	PosSel
0	Iter0001	48	7	5	2	21	3	2.7428571428571433	0.26644322341101023	0.4387779094000001	1
1	Iter0002	39	4	9	5	23	2	5.416666666666668	0.0319411180559616	0.6444224195954099	1
2	Iter0003	54	5	13	4	27	1	3.3230769230769237	0.10647110128860583	0.6220594927299999	1
3	Iter0004	51	8	8	2	22	0	1.59375	0.630456702416645	0.46234491671	1
4	Iter0005	53	6	7	3	25	1	3.7857142857142856	0.11610594071248805	0.5313148410039931	1
5	Iter0006	57	8	9	4	26	1	3.1666666666666665	0.10733567099918888	0.5639379458902101	1
6	Iter0007	55	7	9	4	20	1	3.492063492063492	0.090412979131101	0.3867052502000001	1
7	Iter0008	57	6	8	2	28	1	2.375	0.30028915271927514	0.5764807808	1
8	Iter0009	52	2	6	1	18	0	4.333333333333333	0.310808557932758	0.399088848863	1
9	Iter0010	53	4	15	4	22	3	3.533333333333333	0.10169475232347823	0.3791093093653	1
10	Iter0011	38	5	6	6	14	1	7.6	0.008303067024725582	0.24610714793000002	1
11	Iter0012	55	4	6	3	22	0	6.875	0.04388835271896088	0.388254983	1
12	Iter0013	56	4	13	0	22	4	0.8142857142857143	1.0	0.5448714679000001	1
13	Iter0014	35	3	13	3	20	2	2.6923076923076925	0.34608107393899923	0.57763876	1
14	Iter0015	55	8	10	1	23	4	0.6875	1.0	0.47950394304499994	1
15	Iter0016	53	8	4	1	21	0	1.65625	0.5314826302729404	0.4001498094383101	1
16	Iter0017	47	3	9	2	21	2	3.4814814814814814	0.2180290720669644	0.5435461239999999	1
17	Iter0018	46	1	13	2	22	4	7.0769230769230775	0.14251718667372146	0.4940666208	1
18	Iter0019	62	8	11	2	24	1	1.4090909090909092	0.6524176153883298	0.4496285911670001	1
19	Iter0020	53	3	5	6	16	2	21.2	0.00031161951860447	0.36161194543	1
20	Iter0021	53	6	3	5	23	1	14.722222222222225	0.002075439221740913	0.6467410291499999	1
21	Iter0022	45	3	7	4	14	3	8.571428571428571	0.018324291811982047	0.30650868043199997	1
22	Iter0023	54	9	8	3	21	2	2.25	0.37099186613075824	0.5406048936000001	1
23	Iter0024	50	12	6	2	26	0	1.3888888888888893	0.6560674886437554	0.5856804025165999	1
24	Iter0025	49	8	7	4	17	0	3.5	0.09415728527718957	0.30502119679999995	1
25	Iter0026	49	6	12	1	17	4	0.6805555555555555	1.0	0.2746858681	1
26	Iter0027	52	7	8	2	22	1	1.8571428571428568	0.6087188613823611	0.40514668963889994	1
27	Iter0028	53	7	10	1	20	1	0.7571428571428571	1.0	0.42952390674208	1
28	Iter0029	55	6	7	0	25	1	1.0	1.0	0.5032558395982	1
29	Iter0030	65	2	9	2	22	2	7.222222222222222	0.09323308270677057	0.6351395720000002	1
30	Iter0031	57	5	8	0	21	2	1.074074074074074	1.0	0.5667418405831001	1
31	Iter0032	64	7	7	5	25	0	6.530612244897959	0.012353126249296966	0.578967499406	1
32	Iter0033	47	9	7	4	14	2	2.9841269841269837	0.20356337353173184	0.27237714510600003	1
33	Iter0034	48	4	9	4	22	0	5.333333333333333	0.0444541406931022	0.5007725778641856	1
34	Iter0035	38	6	9	1	15	3	0.7037037037037037	1.0	0.33972797	1
35	Iter0036	54	5	6	3	22	0	5.4	0.06522235577760123	0.4098213289961599	1
36	Iter0037	55	5	5	5	23	1	11.0	0.0037380239812760357	0.5467329225499707	1
37	Iter0038	58	5	6	2	30	1	3.8666666666666663	0.1752443754391051	0.62606476966	1
38	Iter0039	53	5	4	1	26	1	2.65	0.4042968925059741	0.46592696152000007	1
39	Iter0040	53	6	2	4	21	0	17.666666666666668	0.003945816214457146	0.44522212000000005	1
40	Iter0041	54	9	6	1	20	0	1.0	1.0	0.5564518745699999	1
41	Iter0042	44	7	14	3	17	6	1.3469387755102042	0.7021528300244347	0.37349738475999994	1
42	Iter0043	49	7	8	3	22	0	2.625	0.3489262507441545	0.5976279289809999	1
43	Iter0044	50	5	5	4	24	0	8.0	0.017557888496859776	0.5487140350999999	1
44	Iter0045	50	6	8	1	21	0	1.0416666666666667	1.0	0.5016046311000001	1
45	Iter0046	48	5	11	6	21	2	5.236363636363637	0.01932400513241036	0.38605374071500004	1
46	Iter0047	42	6	11	1	19	2	0.6363636363636364	1.0	0.35090034087592503	1
47	Iter0048	41	12	7	5	22	1	2.4404761904761907	0.2730391626498868	0.4672478373999999	1
48	Iter0049	55	1	16	4	25	5	13.75	0.015525114155250546	0.46767960789490004	1
49	Iter0050	47	6	6	5	13	2	6.527777777777778	0.0161818079635754	0.32497679109172	1
50	Iter0051	39	11	12	1	16	3	0.2954545454545455	0.4312030315856787	0.2835682625	1
51	Iter0052	56	7	8	1	22	1	1.0	1.0	0.5367712899996999	1
52	Iter0053	59	4	7	1	19	3	2.107142857142857	0.4601462268284661	0.308242835	1
53	Iter0054	40	8	11	3	17	2	1.3636363636363638	0.6997337892062048	0.345692641492	1
54	Iter0055	57	5	6	0	27	0	1.380952380952381	1.0	0.6615084671	1
55	Iter0056	52	6	3	2	20	0	5.777777777777778	0.11689627046940035	0.39934362706145	1
56	Iter0057	48	5	9	4	26	2	4.266666666666667	0.06676701691639303	0.5736660610000002	1
57	Iter0058	51	7	8	1	23	1	0.9107142857142856	1.0	0.49420154871000005	1
58	Iter0059	57	3	9	7	20	2	14.777777777777775	0.0004347192127757828	0.3658845017259999	1
59	Iter0060	54	4	9	4	25	0	6.0	0.032521665474005784	0.5286519979983	1
60	Iter0061	50	5	7	2	14	1	2.8571428571428568	0.2533439952576213	0.367955358	1
61	Iter0062	46	4	13	5	20	4	4.4230769230769225	0.048260604246537823	0.3100031911	1
62	Iter0063	55	8	6	4	22	0	4.583333333333333	0.05264298764207585	0.6394711362175424	1
63	Iter0064	48	7	13	3	20	2	1.5824175824175823	0.6835695885977584	0.48055939949500004	1
64	Iter0065	50	7	10	2	20	2	1.4285714285714286	0.6501109631297697	0.45667838960600005	1
65	Iter0066	51	6	9	0	21	2	0.7428571428571429	0.5852469186022871	0.5221257660129001	1
66	Iter0067	55	7	8	4	21	4	3.928571428571429	0.07143056631200627	0.44590322552500006	1
67	Iter0068	52	3	9	7	25	3	13.481481481481481	0.0006927684562207722	0.523517956087	1
68	Iter0069	43	6	12	1	18	3	0.5972222222222222	1.0	0.42416685680780003	1
69	Iter0070	57	5	8	0	24	1	1.074074074074074	1.0	0.46514254292999996	1
70	Iter0071	49	3	4	1	14	2	4.083333333333333	0.31463760411130504	0.3900158637658397	1
71	Iter0072	40	5	9	3	16	1	2.6666666666666665	0.34512110550431696	0.42725112550000005	1
72	Iter0073	41	5	2	2	21	1	8.2	0.08902735562310167	0.38826341000000003	1
73	Iter0074	56	4	6	4	25	1	9.333333333333334	0.011801016291034614	0.616059696	1
74	Iter0075	56	9	8	4	33	0	3.111111111111111	0.1117518863471451	0.6294403670797903	1
75	Iter0076	49	6	8	2	18	2	2.0416666666666665	0.5979544589848949	0.417185764	1
76	Iter0077	38	5	5	1	14	1	1.52	0.5640350244883354	0.29427182190999995	1
77	Iter0078	48	11	14	3	20	3	0.9350649350649348	1.0	0.4830667447000001	1
78	Iter0079	48	5	6	4	19	0	6.4	0.028795077606945794	0.40990729389	1
79	Iter0080	38	9	14	5	17	1	1.507936507936508	0.5227276112675378	0.43504398432	1
80	Iter0081	58	6	6	3	30	0	4.833333333333333	0.07562848010583459	0.84828888	1
81	Iter0082	55	7	9	3	22	1	2.619047619047619	0.3505190985862007	0.5681844847836999	1
82	Iter0083	43	4	12	4	14	2	3.583333333333333	0.18567923201141506	0.1855985114	1
83	Iter0084	42	6	6	3	20	1	3.5	0.14145207636182672	0.489749476855337	1
84	Iter0085	41	9	5	3	21	1	2.733333333333333	0.3423894082246942	0.4500093700000001	1
85	Iter0086	51	4	3	1	24	0	4.25	0.30513528121883776	0.5434756728100001	1
86	Iter0087	50	2	3	2	18	1	16.666666666666668	0.03489785068732594	0.42443402930325	1
87	Iter0088	53	5	4	1	22	0	2.65	0.4042968925059741	0.5223185625269999	1
88	Iter0089	48	8	13	4	23	3	1.8461538461538465	0.4564096921768042	0.5056831061729483	1
89	Iter0090	37	2	11	2	14	0	3.363636363636364	0.25733493397358786	0.39253906	1
90	Iter0091	49	6	7	4	20	0	4.666666666666666	0.05375023145769103	0.4467874729210001	1
91	Iter0092	59	6	12	1	25	2	0.8194444444444445	1.0	0.48227820920000003	1
92	Iter0093	44	5	8	2	23	3	2.2	0.33829954394825545	0.5669222318880999	1
93	Iter0094	59	7	10	2	28	1	1.6857142857142855	0.6220601302234973	0.5433669567007	1
94	Iter0095	57	8	3	6	22	0	14.25	0.0009863860925613227	0.39900296945339997	1
95	Iter0096	58	6	16	2	31	2	1.2083333333333333	1.0	0.9849948379999997	1
96	Iter0097	48	4	7	4	19	0	6.857142857142858	0.025866798567388896	0.3984622451903973	1
97	Iter0098	44	7	9	1	21	2	0.6984126984126984	1.0	0.4271514247699999	1
98	Iter0099	48	6	8	2	23	3	2.0	0.5998781218605665	0.49839952163988294	1
99	Iter0100	48	12	4	1	16	0	1.0	1.0	0.40894581673200997	1
100	Iter0101	44	7	3	3	20	0	6.2857142857142865	0.06020857659388122	0.466702291837677	1
101	Iter0102	44	4	3	4	16	1	14.666666666666664	0.00589820833993967	0.38174022504	1
102	Iter0103	52	11	9	3	24	2	1.575757575757576	0.6858766946597623	0.47325981482339996	1
103	Iter0104	44	7	9	4	18	0	2.793650793650793	0.21257642361319526	0.38949074131284	1
104	Iter0105	60	3	9	1	32	1	2.2222222222222223	0.4527300791047513	0.6405870382300002	1
105	Iter0106	51	5	7	2	24	3	2.914285714285714	0.2471410069105303	0.5705955974000001	1
106	Iter0107	61	8	5	2	21	0	3.05	0.22816517178246384	0.4334824580879009	1
107	Iter0108	70	6	6	2	27	1	3.888888888888889	0.16629711221788385	0.554380008398	1
108	Iter0109	47	6	11	4	22	5	2.848484848484848	0.2100728947567445	0.511739807	1
109	Iter0110	58	7	5	5	24	0	8.285714285714286	0.007418798751613128	0.5320711731000001	1
110	Iter0111	50	4	8	2	18	5	3.125	0.2337079120160123	0.3925366652701	1
111	Iter0112	49	11	4	4	19	2	4.454545454545454	0.06456955523330828	0.3488875184	1
112	Iter0113	48	4	6	3	25	1	6.0	0.058901446482390214	0.6030743595200001	1
113	Iter0114	52	5	7	3	23	0	4.457142857142856	0.09093644679826224	0.46550749076090003	1
114	Iter0115	51	4	7	1	20	4	1.8214285714285716	0.5050737339993467	0.49164201810000013	1
115	Iter0116	35	8	8	0	15	1	0.4444444444444444	0.3270752377984255	0.33322921546196	1
116	Iter0117	43	8	6	4	18	0	3.583333333333333	0.09584686705446747	0.3752565368	1
117	Iter0118	56	8	13	2	22	1	1.0769230769230769	1.0	0.5353805552900001	1
118	Iter0119	64	5	4	4	32	3	12.8	0.005185845288610683	0.7135705170874101	1
119	Iter0120	39	7	7	2	16	2	1.5918367346938775	0.6306626544636038	0.33513968389999993	1
120	Iter0121	40	3	6	1	14	0	2.2222222222222223	0.4641337386018245	0.2965897010730152	1
121	Iter0122	41	4	9	2	19	2	2.2777777777777777	0.5860795697088743	0.4585341491619841	1
122	Iter0123	42	5	13	1	17	6	0.6461538461538462	1.0	0.48407726687	1
123	Iter0124	50	12	9	5	23	2	2.314814814814815	0.2839753889611013	0.502029201	1
124	Iter0125	50	6	6	5	19	0	6.9444444444444455	0.01314412811197828	0.310815975324	1
125	Iter0126	54	4	4	3	23	1	10.125	0.02293126468132552	0.46413354439799814	1
126	Iter0127	51	13	9	6	21	2	2.6153846153846154	0.1756689390623931	0.5665847913	1
127	Iter0128	41	5	7	3	23	2	3.5142857142857142	0.14277258073040125	0.52766167	1
128	Iter0129	48	8	6	3	25	1	3.0	0.17090130058603295	0.5905160870800003	1
129	Iter0130	46	10	1	2	21	0	9.2	0.10218708665293212	0.46530171	1
130	Iter0131	48	9	5	1	15	0	1.0666666666666669	1.0	0.31028446865579995	1
131	Iter0132	64	6	5	3	19	0	6.4	0.04519848097333326	0.38403752611010006	1
132	Iter0133	41	7	6	4	20	0	3.9047619047619047	0.08317475093894046	0.45835349400000003	1
133	Iter0134	51	5	8	3	23	1	3.825	0.11729066197305235	0.4292482984797999	1
134	Iter0135	56	8	8	5	22	1	4.375	0.037559468501433296	0.48803825150999997	1
135	Iter0136	47	3	3	1	23	1	5.222222222222221	0.27178095879537456	0.52649958787	1
136	Iter0137	54	4	11	3	22	3	3.6818181818181817	0.1281697130141167	0.36100945949999996	1
137	Iter0138	53	6	14	1	21	1	0.6309523809523809	1.0	0.49708199520000007	1
138	Iter0139	53	4	11	4	21	3	4.818181818181818	0.05308854309196591	0.40136424667000004	1
139	Iter0140	45	6	4	4	13	1	7.5	0.022272978592766588	0.27658017	1
140	Iter0141	51	11	7	5	22	0	3.311688311688312	0.11791397223715053	0.47438304002028403	1
141	Iter0142	46	7	3	2	13	1	4.3809523809523805	0.1676841005334653	0.25599424726099995	1
142	Iter0143	39	8	12	2	20	3	0.8125	1.0	0.41492137399999995	1
143	Iter0144	52	10	9	4	21	3	2.311111111111112	0.2475545644086584	0.4912601813000001	1
144	Iter0145	48	5	10	8	21	5	7.68	0.002424565965269576	0.49040833200000006	1
145	Iter0146	45	7	7	2	20	0	1.836734693877551	0.6094489843522917	0.517276158425	1
146	Iter0147	42	6	12	3	19	3	1.75	0.4341954126206062	0.54957122197411	1
147	Iter0148	48	7	7	2	22	1	1.959183673469388	0.6021109448412728	0.45757992896770006	1
148	Iter0149	47	8	6	3	18	0	2.9375	0.17724938807574253	0.27308639416	1
149	Iter0150	61	3	6	4	26	1	13.555555555555555	0.005151778093813339	0.5498024674509999	1
150	Iter0151	52	5	5	1	23	0	2.08	0.46592135190190703	0.4999446499676882	1
151	Iter0152	46	6	10	0	23	2	0.6103896103896104	0.5772297136639928	0.4961660408300001	1
152	Iter0153	47	6	2	2	26	0	7.833333333333332	0.0904837852206284	0.6959733637475499	1
153	Iter0154	54	6	7	3	17	0	3.8571428571428568	0.11201708120880234	0.3163673248	1
154	Iter0155	49	11	8	0	22	3	0.46296296296296297	0.3365676981069698	0.5300171258209601	1
155	Iter0156	53	5	13	3	21	0	2.4461538461538463	0.3585346765690496	0.40787307145999996	1
156	Iter0157	41	8	11	1	16	2	0.4659090909090909	0.6730760085405596	0.31704652409089995	1
157	Iter0158	40	2	8	1	19	0	2.5	0.4487394957983065	0.42594764094040904	1
158	Iter0159	52	7	9	3	23	2	2.4761904761904763	0.3564724291628889	0.5520304657986	1
159	Iter0160	57	3	5	1	27	1	3.8	0.323405760905769	0.49708428720999986	1
160	Iter0161	52	7	4	6	23	0	11.142857142857144	0.001999395843965977	0.48342907246999994	1
161	Iter0162	51	3	9	1	22	1	1.8888888888888888	0.5022616529425263	0.5039865510999999	1
162	Iter0163	58	6	6	2	25	3	3.2222222222222214	0.21498186374145026	0.6165506452	1
163	Iter0164	50	8	8	2	24	0	1.5625	0.6337476654230255	0.49444721502000005	1
164	Iter0165	43	5	5	1	15	2	1.72	0.5248602779282834	0.42356074200000005	1
165	Iter0166	46	9	7	2	16	2	1.4603174603174602	0.6459933591550757	0.3518501866	1
166	Iter0167	48	5	8	2	19	1	2.4	0.30645541122494946	0.3409249525	1
167	Iter0168	56	8	7	2	24	1	2.0	0.6010698336770279	0.496510427101	1
168	Iter0169	49	7	9	4	18	0	3.111111111111111	0.19943514859947165	0.47472696999993896	1
169	Iter0170	36	5	5	2	15	2	2.88	0.2671827236937043	0.39390518159999993	1
170	Iter0171	44	4	5	3	23	2	6.6	0.052482996101196736	0.6303470726	1
171	Iter0172	68	2	9	3	24	0	11.333333333333336	0.020770937180320317	0.5216726987110001	1
172	Iter0173	52	8	15	7	18	6	3.033333333333333	0.102681673696267	0.40596349449993335	1
173	Iter0174	64	7	9	1	32	0	1.0158730158730158	1.0	0.7868403031000002	1
174	Iter0175	56	6	6	2	26	0	3.111111111111111	0.22508518772308772	0.6052126420924373	1
175	Iter0176	36	6	9	3	15	2	2.0	0.3988397544275967	0.3495422242701127	1
176	Iter0177	48	6	11	0	18	4	0.5833333333333334	0.5788367832590646	0.40584192323	1
177	Iter0178	48	4	10	1	19	3	1.2	1.0	0.38116688669928006	1
178	Iter0179	51	9	7	2	21	0	1.619047619047619	0.6279513241279965	0.4822340567769705	1
179	Iter0180	43	3	11	5	12	4	6.515151515151515	0.022221662279293543	0.4695510829999957	1
180	Iter0181	48	3	5	5	25	1	16.0	0.0018750892889656718	0.58591037	1
181	Iter0182	44	8	12	3	21	1	1.375	0.6993899806961809	0.38811757059	1
182	Iter0183	59	6	5	1	29	0	1.9666666666666668	0.4765054320760868	0.6356456371799999	1
183	Iter0184	53	8	5	1	28	0	1.325	1.0	0.6806821230841571	1
184	Iter0185	44	3	9	4	22	1	6.518518518518517	0.03383507473144238	0.5358083521	1
185	Iter0186	53	9	6	1	20	2	0.9814814814814816	1.0	0.50728087473254	1
186	Iter0187	62	7	5	2	25	1	3.542857142857143	0.1913740538674404	0.442787638223637	1
187	Iter0188	44	3	5	5	20	0	14.666666666666664	0.002613680106524379	0.32460053799999994	1
188	Iter0189	43	5	4	2	16	1	4.3	0.1685054863745194	0.366557257955	1
189	Iter0190	46	6	5	0	22	1	1.119047619047619	1.0	0.358539865	1
190	Iter0191	47	6	13	3	24	0	1.807692307692308	0.4233785682881589	0.543677881	1
191	Iter0192	45	5	5	2	18	1	3.6	0.20147272942412295	0.34433740716100003	1
192	Iter0193	50	8	10	7	20	3	4.375	0.03307806241727096	0.419627968	1
193	Iter0194	48	12	6	6	24	0	4.0	0.061068643667364635	0.6022262800800001	1
194	Iter0195	47	4	5	1	21	1	2.35	0.43897766142056704	0.3884712800000001	1
195	Iter0196	56	8	6	6	22	1	7.0	0.006723244834309536	0.505481128625959	1
196	Iter0197	52	4	5	2	20	0	5.2	0.12860852152417804	0.4040970755566	1
197	Iter0198	50	8	8	1	20	2	0.78125	1.0	0.39050203626500013	1
198	Iter0199	47	4	8	3	21	3	4.40625	0.09906277591208726	0.546860010496175	1
199	Iter0200	51	4	7	3	24	1	5.4642857142857135	0.06725434484489626	0.5171468671099999	1
200	Iter0201	56	7	5	1	24	1	1.6	0.5368156245403539	0.483615697	1
201	Iter0202	53	8	6	5	25	2	5.520833333333334	0.022302328634901208	0.5185439441999999	1
202	Iter0203	57	7	6	1	17	1	1.357142857142857	0.5839728265489385	0.34573333609421003	1
203	Iter0204	48	9	8	1	19	1	0.6666666666666666	1.0	0.4880419281621161	1
204	Iter0205	54	6	9	2	21	3	2.0	0.6006931148526385	0.5562113805287998	1
205	Iter0206	57	6	8	3	22	0	3.5625	0.12508333642880382	0.47900695905253216	1
206	Iter0207	53	4	9	2	24	0	2.9444444444444446	0.24765735800633085	0.6224756100000001	1
207	Iter0208	58	5	11	4	21	1	4.218181818181818	0.06358080245181008	0.51765864506	1
208	Iter0209	56	6	6	2	27	2	3.111111111111111	0.22508518772308772	0.584071608101	1
209	Iter0210	39	8	6	4	22	0	3.25	0.19310912051018064	0.4871956462959145	1
210	Iter0211	56	5	9	3	19	1	3.733333333333333	0.11883346177361832	0.4073684763399999	1
211	Iter0212	52	5	13	5	16	6	4.0	0.05333605243553796	0.39900070558000006	1
212	Iter0213	54	6	9	1	24	1	1.0	1.0	0.5206843796	1
213	Iter0214	55	2	7	2	22	3	7.857142857142858	0.08653846153845697	0.452490829111	1
214	Iter0215	51	3	4	2	25	0	8.5	0.07351370829176783	0.50607599569	1
215	Iter0216	65	3	7	3	25	0	9.285714285714286	0.025343996793169583	0.5322333222112999	1
216	Iter0217	37	4	11	2	11	4	1.681818181818182	0.6227935199236716	0.2427935570274582	1
217	Iter0218	44	3	9	4	21	1	6.518518518518517	0.03383507473144238	0.5040570992078001	1
218	Iter0219	47	3	9	1	20	1	1.7407407407407407	0.5277205286740889	0.3786219259	1
219	Iter0220	44	7	6	2	22	2	2.095238095238096	0.5946014905060937	0.49065545169999997	1
220	Iter0221	47	5	13	4	18	2	2.892307692307692	0.20892887019577416	0.37864646999999996	1
221	Iter0222	56	7	3	3	24	0	8.0	0.03566531666600085	0.529841856	1
222	Iter0223	54	5	7	2	20	0	3.085714285714286	0.22979895080138002	0.32979723905	1
223	Iter0224	46	12	7	3	15	2	1.6428571428571428	0.6799204766506048	0.21057613296086	1
224	Iter0225	42	10	5	1	16	1	0.8400000000000001	1.0	0.4057066447	1
225	Iter0226	46	3	8	3	23	1	5.750000000000001	0.06893475652895976	0.41589836440000005	1
226	Iter0227	53	7	7	3	20	0	3.2448979591836733	0.1470644483833452	0.4642344432953698	1
227	Iter0228	59	7	7	5	29	1	6.020408163265308	0.01630633195300801	0.7108148463991001	1
228	Iter0229	50	3	9	3	21	1	5.555555555555557	0.07117203041978422	0.5093507615231729	1
229	Iter0230	62	8	9	3	24	1	2.583333333333333	0.19896727685461854	0.5154826003240001	1
230	Iter0231	48	4	10	3	18	1	3.6	0.1364947551141802	0.3482441810000001	1
231	Iter0232	47	2	11	3	22	3	6.409090909090909	0.0681640957613663	0.40025100825	1
232	Iter0233	64	6	9	3	28	0	3.555555555555556	0.1215320356023252	0.5651413682325936	1
233	Iter0234	49	6	6	5	22	0	6.8055555555555545	0.014074684646984604	0.5734260701872919	1
234	Iter0235	48	6	12	2	26	3	1.3333333333333333	0.6645827159572886	0.62418089343	1
235	Iter0236	56	5	11	4	28	2	4.072727272727272	0.0693496896560934	0.5822319549999999	1
236	Iter0237	46	4	11	5	19	3	5.227272727272727	0.03181423132699596	0.523881267004	1
237	Iter0238	39	3	5	2	18	0	5.2	0.14301132108717904	0.3865593956700001	1
238	Iter0239	42	11	7	1	20	1	0.5454545454545455	1.0	0.3677331660000001	1
239	Iter0240	51	3	10	5	19	0	8.5	0.009807205208180887	0.4070812153882943	1
240	Iter0241	59	6	9	2	29	0	2.185185185185185	0.32617966856534103	0.6060876212579999	1
241	Iter0242	39	8	6	3	18	1	2.4375	0.35757859747674176	0.42053793807	1
242	Iter0243	53	6	5	4	19	1	7.066666666666667	0.02183116311596204	0.34050304714472207	1
243	Iter0244	49	7	8	4	19	1	3.5	0.09415728527719386	0.4093737401296999	1
244	Iter0245	52	5	14	3	19	4	2.2285714285714286	0.374330535259372	0.5878520114129999	1
245	Iter0246	48	5	14	2	17	4	1.3714285714285714	0.6595415544150062	0.35897609723999996	1
246	Iter0247	43	10	13	5	20	3	1.6538461538461535	0.5070266311567282	0.5318547527999999	1
247	Iter0248	51	6	12	2	22	2	1.4166666666666667	0.6520953103435614	0.5208392040000001	1
248	Iter0249	45	7	7	4	21	4	3.673469387755102	0.08906980778808397	0.5050259949999999	1
249	Iter0250	61	7	10	1	27	1	0.8714285714285713	1.0	0.6850729391100001	1
250	Iter0251	62	6	5	1	26	0	2.066666666666667	0.4612940751571696	0.39520294319999844	1
251	Iter0252	58	4	13	3	22	3	3.3461538461538463	0.14761842274459405	0.4424116259733691	1
252	Iter0253	53	6	12	1	19	1	0.7361111111111112	1.0	0.634060367207	1
253	Iter0254	52	7	5	3	20	1	4.457142857142856	0.09093644679826003	0.438280613597566	1
254	Iter0255	48	8	15	4	21	5	1.6	0.4859142537823875	0.49984133609000003	1
255	Iter0256	49	10	7	3	24	1	2.1	0.3845113092482517	0.620141019102171	1
256	Iter0257	44	7	12	1	21	0	0.5238095238095238	1.0	0.44879963000000006	1
257	Iter0258	51	10	7	5	21	0	3.6428571428571432	0.1103949370681848	0.3721360289999999	1
258	Iter0259	45	7	16	1	14	1	0.4017857142857143	0.6688663444645099	0.21318359430500003	1
259	Iter0260	51	4	2	1	24	0	6.375	0.24079595540575854	0.526735363716803	1
260	Iter0261	56	10	15	2	25	0	0.7466666666666666	1.0	0.59880629872894	1
261	Iter0262	49	1	1	3	15	0	147.0	0.0006355711128186059	0.38643603171163204	1
262	Iter0263	51	0	9	1	23	2	10.4	0.16393442622950852	0.42603710190000005	1
263	Iter0264	46	1	13	2	22	4	7.0769230769230775	0.14251718667372146	0.46533521856	1
264	Iter0265	51	6	8	3	25	0	3.1875	0.15352770783837938	0.64752481370906	1
265	Iter0266	46	6	6	2	15	0	2.5555555555555562	0.28757923098997584	0.293988325	1
266	Iter0267	46	8	9	4	20	0	2.555555555555556	0.2276218745200814	0.47208946377	1
267	Iter0268	42	6	5	2	12	3	2.8	0.2667730198029863	0.13759447700000002	1
268	Iter0269	51	3	8	3	21	0	6.375	0.05557339276271104	0.5231528775799998	1
269	Iter0270	46	9	8	1	24	0	0.6388888888888888	1.0	0.44600926057999996	1
270	Iter0271	47	5	11	2	22	2	1.7090909090909092	0.6198443713457004	0.45637374899999994	1
271	Iter0272	44	8	5	4	19	0	4.4	0.06514291436820978	0.36823886	1
272	Iter0273	44	6	8	4	16	0	3.6666666666666665	0.0908946166212074	0.3587518376	1
273	Iter0274	55	3	6	3	16	1	9.166666666666666	0.028133217288248188	0.260013779837	1
274	Iter0275	55	7	8	6	20	1	5.892857142857142	0.01118638247034042	0.46719077609973664	1
275	Iter0276	55	3	10	2	29	1	3.6666666666666665	0.20074817727220184	0.565264279174397	1
276	Iter0277	60	3	7	7	26	3	20.0	0.00012970008518321512	0.46154785915940005	1
277	Iter0278	45	3	7	5	23	0	10.714285714285717	0.005776242708598429	0.5368467360000001	1
278	Iter0279	43	6	5	6	18	0	8.6	0.005092175307704396	0.39509449657761697	1
279	Iter0280	47	12	8	7	20	1	3.427083333333333	0.05022703781307234	0.40617373000000007	1
280	Iter0281	52	5	3	3	21	1	10.4	0.023198262031135772	0.4758037930704299	1
281	Iter0282	53	6	5	2	28	1	3.5333333333333337	0.1981440426310847	0.7546150441611001	1
282	Iter0283	51	2	6	4	24	2	17.0	0.0044586603434831115	0.5780776570988778	1
283	Iter0284	44	7	6	1	18	2	1.0476190476190477	1.0	0.356952659657	1
284	Iter0285	68	5	9	3	35	0	4.533333333333333	0.08093572348306888	0.8674799608934122	1
285	Iter0286	42	4	8	1	19	2	1.3125	1.0	0.51460154	1
286	Iter0287	47	9	9	5	18	5	2.9012345679012346	0.13525756609299966	0.27960949559000003	1
287	Iter0288	45	5	4	3	21	0	6.75	0.05001013745683218	0.4640745685	1
288	Iter0289	49	10	7	6	20	1	4.2	0.032185963143905316	0.4162260331	1
289	Iter0290	45	5	8	3	18	2	3.375	0.14779547387213487	0.41211241496999995	1
290	Iter0291	43	10	15	5	24	2	1.4333333333333331	0.5369271277594343	0.39657138088820004	1
291	Iter0292	53	6	5	1	22	0	1.7666666666666668	0.5099769149412194	0.49888931499999994	1
292	Iter0293	49	5	9	4	26	3	4.355555555555556	0.06345755113327313	0.5413639100000002	1
293	Iter0294	56	2	8	3	18	0	10.5	0.026012960967344127	0.4390408432999999	1
294	Iter0295	59	7	10	1	24	2	0.8428571428571429	1.0	0.46488491883349997	1
295	Iter0296	52	8	8	2	22	1	1.625	0.6273512965546941	0.5625179503	1
296	Iter0297	47	2	11	2	23	2	4.2727272727272725	0.19083616416746352	0.5256265099999999	1
297	Iter0298	62	3	10	4	23	0	8.266666666666667	0.01658866938269854	0.41163380623199997	1
298	Iter0299	40	4	8	1	15	1	1.25	1.0	0.28614566	1
299	Iter0300	47	1	10	3	22	2	14.1	0.02767627022831849	0.5771495123400001	1
300	Iter0301	50	2	8	5	20	0	15.625	0.002581922397798827	0.3299419936559999	1
301	Iter0302	64	7	7	3	28	1	3.918367346938775	0.1028299013514294	0.6666658752000001	1
302	Iter0303	49	10	8	1	19	1	0.6125	1.0	0.42298912639999997	1
303	Iter0304	51	3	3	3	23	0	17.0	0.010344188402571907	0.5747627833191101	1
304	Iter0305	55	2	13	2	23	1	4.230769230769232	0.18942641355378065	0.4088207925089999	1
305	Iter0306	49	5	10	1	24	3	0.98	1.0	0.6982913882699999	1
306	Iter0307	51	4	8	2	25	0	3.1875	0.2278674359749172	0.651288726	1
307	Iter0308	52	7	6	1	24	0	1.238095238095238	1.0	0.5943755465399999	1
308	Iter0309	51	13	4	4	21	2	3.9230769230769234	0.08300810704590916	0.45045990380900014	1
309	Iter0310	57	7	10	1	25	0	0.8142857142857143	1.0	0.59491988415	1
310	Iter0311	49	7	6	2	23	0	2.333333333333333	0.31229052194781604	0.47854646160263997	1
311	Iter0312	42	8	7	2	15	3	1.5	0.6411030842421377	0.25934756	1
312	Iter0313	42	3	7	2	17	0	4.0	0.1896582145194815	0.35038183891888997	1
313	Iter0314	52	5	11	6	22	3	5.672727272727273	0.014415208158906628	0.553223550587	1
314	Iter0315	56	4	4	2	24	2	7.0	0.08833309296027671	0.52114951561995	1
315	Iter0316	50	11	8	1	25	2	0.5681818181818182	1.0	0.6869498771	1
316	Iter0317	54	9	5	1	25	3	1.2	1.0	0.4686852354371	1
317	Iter0318	66	10	3	2	21	0	4.4	0.15647233685208184	0.45864655194513015	1
318	Iter0319	43	7	11	5	17	2	2.7922077922077917	0.14470885748761655	0.44418977336	1
319	Iter0320	51	5	6	1	24	2	1.7	0.5221401569648759	0.48514735438875817	1
320	Iter0321	44	6	4	2	19	0	3.6666666666666665	0.2001479837217895	0.32285798	1
321	Iter0322	50	5	4	0	18	0	1.7	1.0	0.4064634154999999	1
322	Iter0323	48	6	8	1	25	1	1.0	1.0	0.488663909	1
323	Iter0324	56	11	9	3	27	2	1.6969696969696968	0.4371915532337056	0.5888972659820001	1
324	Iter0325	45	7	7	3	23	1	2.7551020408163263	0.3428601986811989	0.43891955577999997	1
325	Iter0326	50	5	9	1	16	1	1.1111111111111112	1.0	0.3701251684999999	1
326	Iter0327	42	8	8	1	19	1	0.65625	1.0	0.3821812951488159	1
327	Iter0328	40	10	8	5	12	2	2.5	0.2703997495811798	0.2866109454008	1
328	Iter0329	45	5	9	4	21	1	4.0	0.07804353865704748	0.37477687749513006	1
329	Iter0330	49	4	5	4	14	0	9.8	0.011820210049513152	0.321595941915	1
330	Iter0331	42	7	5	0	17	0	0.8958333333333334	1.0	0.4630944760000001	1
331	Iter0332	56	5	11	1	27	0	1.018181818181818	1.0	0.6217377617600001	1
332	Iter0333	36	7	5	4	17	1	4.114285714285715	0.08134935750433216	0.34051094483778993	1
333	Iter0334	58	5	6	2	20	1	3.8666666666666663	0.1752443754391051	0.4690320130300001	1
334	Iter0335	46	4	9	3	19	0	3.8333333333333335	0.12481836580128845	0.36057160042	1
335	Iter0336	49	5	11	0	22	1	0.6944444444444445	0.5788367832590922	0.513929116	1
336	Iter0337	45	6	15	4	15	6	2.0	0.4427274206491833	0.37925218197860006	1
337	Iter0338	58	9	4	2	27	0	3.2222222222222223	0.22072966709856587	0.6001444570330001	1
338	Iter0339	52	6	5	2	21	0	3.4666666666666663	0.20324709372675734	0.47299124781867	1
339	Iter0340	57	11	6	0	26	1	0.6904761904761905	0.582634337648678	0.5313666794699999	1
340	Iter0341	53	6	10	2	20	1	1.7666666666666668	0.6152133652216005	0.4274272112292	1
341	Iter0342	47	7	8	2	20	2	1.6785714285714286	0.6222063516674443	0.52616301	1
342	Iter0343	43	3	2	3	21	1	21.500000000000004	0.008718806671604691	0.31578339769091	1
343	Iter0344	42	2	6	1	12	1	3.5	0.3640336134453669	0.341819807201	1
344	Iter0345	47	8	6	2	21	0	1.9583333333333333	0.601995168834842	0.4094172701869999	1
345	Iter0346	49	10	3	3	23	0	4.9	0.08883086550326502	0.48308016941	1
346	Iter0347	52	10	7	3	26	0	2.2285714285714286	0.37279184724586695	0.5569121830999999	1
347	Iter0348	49	4	4	3	22	2	9.1875	0.028736137094592367	0.4202748975994	1
348	Iter0349	50	5	6	2	21	2	3.333333333333333	0.21404631079749908	0.5232713214200001	1
349	Iter0350	41	1	8	2	15	2	10.25	0.0909502262443402	0.3003190529999999	1
350	Iter0351	48	3	9	1	16	2	1.7777777777777777	0.5211313487462974	0.30943877291000005	1
351	Iter0352	65	7	9	4	26	0	4.126984126984127	0.060004425013490535	0.6529860169299999	1
352	Iter0353	40	2	3	2	18	0	13.333333333333336	0.050654556667506866	0.40706258940000006	1
353	Iter0354	58	7	4	4	24	0	8.285714285714286	0.015061304756553102	0.4889186270269001	1
354	Iter0355	54	10	5	2	22	0	2.16	0.336908566482527	0.44545927606827995	1
355	Iter0356	52	3	4	5	20	0	21.666666666666664	0.0007754656038870683	0.41389611531347	1
356	Iter0357	44	4	7	1	22	0	1.5714285714285714	0.5517312875803396	0.5508259340000001	1
357	Iter0358	57	8	9	2	24	2	1.5833333333333333	0.6316140363910461	0.6492155418000003	1
358	Iter0359	44	5	9	4	15	0	3.911111111111112	0.082310715870208	0.34659730962000007	1
359	Iter0360	49	10	6	0	21	2	0.6493506493506495	0.5788367832590695	0.5032172340421601	1
360	Iter0361	51	9	6	4	21	1	3.7777777777777786	0.08082854128868568	0.44050468583450003	1
361	Iter0362	43	8	7	3	21	0	2.3035714285714284	0.3669340443160095	0.5704712952	1
362	Iter0363	55	4	6	5	25	1	11.458333333333336	0.003473005309739913	0.513014650855	1
363	Iter0364	49	9	4	2	21	0	2.7222222222222223	0.2727645933607722	0.4410275781999999	1
364	Iter0365	45	4	8	3	22	0	4.21875	0.10772914167358283	0.5497267299999998	1
365	Iter0366	44	7	8	1	22	3	0.7857142857142857	1.0	0.49018234691000007	1
366	Iter0367	44	5	9	2	25	0	1.955555555555556	0.6017109791818218	0.543887923	1
367	Iter0368	50	7	6	0	21	4	0.9107142857142856	1.0	0.41424246054930003	1
368	Iter0369	59	7	7	3	21	2	3.612244897959184	0.1204200113903737	0.4882625132985059	1
369	Iter0370	53	3	14	4	19	0	5.0476190476190474	0.05506250321658791	0.4509133269744001	1
370	Iter0371	38	5	9	2	14	0	1.6888888888888889	0.6213394582151511	0.20291583088999998	1
371	Iter0372	48	6	4	3	25	2	6.0	0.058901446482390214	0.58005793023	1
372	Iter0373	66	8	10	2	27	1	1.65	0.6254365298102718	0.427923432552803	1
373	Iter0374	41	7	7	1	15	0	0.836734693877551	1.0	0.30106390605	1
374	Iter0375	49	6	14	0	15	4	0.4761904761904762	0.3348319941214627	0.37062971000000006	1
375	Iter0376	52	6	5	3	23	0	5.199999999999998	0.07056776523944698	0.6027165561999999	1
376	Iter0377	48	7	6	4	18	1	4.571428571428571	0.056635725771198166	0.31929270340000004	1
377	Iter0378	54	7	10	3	21	0	2.3142857142857136	0.3664600744273629	0.4067235749115021	1
378	Iter0379	46	6	5	3	16	0	4.6	0.09049458635204982	0.3256031374	1
379	Iter0380	46	6	5	2	19	0	3.066666666666667	0.23830806983050476	0.5675938323091698	1
380	Iter0381	41	11	7	1	20	2	0.5324675324675324	1.0	0.50865517	1
381	Iter0382	53	3	6	2	24	2	5.888888888888888	0.1136303543098873	0.48676149056	1
382	Iter0383	45	11	6	2	16	0	1.3636363636363635	0.6599593158264755	0.302776419653	1
383	Iter0384	51	5	6	2	21	0	3.4	0.2085446349730704	0.4020425883	1
384	Iter0385	59	6	9	1	20	0	1.0925925925925926	1.0	0.484289956	1
385	Iter0386	40	7	7	2	17	1	1.6326530612244898	0.6264348918086997	0.45922348807395996	1
386	Iter0387	58	7	5	1	18	0	1.6571428571428573	0.5255830478189424	0.5255646920765039	1
387	Iter0388	52	9	6	5	24	1	4.814814814814816	0.0318778242588129	0.4106159645342	1
388	Iter0389	53	3	9	2	23	1	3.9259259259259265	0.18613662456945315	0.4768147634	1
389	Iter0390	47	4	10	3	21	3	3.525	0.14180479056154266	0.522734237796	1
390	Iter0391	53	5	5	4	22	0	8.48	0.014815027895759012	0.5742032998971899	1
391	Iter0392	48	9	8	5	23	4	3.333333333333333	0.11700744392198112	0.5409818639063001	1
392	Iter0393	44	4	8	2	17	2	2.75	0.27376671998799723	0.37467053014070006	1
393	Iter0394	51	7	5	3	26	0	4.371428571428571	0.09450989970332124	0.70805725	1
394	Iter0395	57	6	7	2	24	1	2.7142857142857144	0.2603961360869837	0.45465780654000004	1
395	Iter0396	59	4	3	3	27	0	14.75	0.011605132947747836	0.587701305904248	1
396	Iter0397	52	5	9	3	18	1	3.466666666666667	0.13650587299456468	0.4153051449300001	1
397	Iter0398	52	4	7	4	22	2	7.428571428571429	0.02065853966550078	0.525323017101489	1
398	Iter0399	45	2	12	2	22	2	3.75	0.2232037634975156	0.518753515	1
399	Iter0400	52	10	3	4	25	2	6.933333333333334	0.027252643432453143	0.679696068978	1
400	Iter0401	41	4	6	4	15	0	6.833333333333332	0.028810072650250974	0.37444735283360003	1
401	Iter0402	61	3	3	0	29	0	3.875	1.0	0.67689840678666	1
402	Iter0403	44	9	4	7	19	0	8.555555555555559	0.003310787731960003	0.49304566000000005	1
403	Iter0404	56	7	3	1	20	0	2.6666666666666665	0.40621281703369416	0.31141621744000003	1
404	Iter0405	44	8	4	4	18	0	5.5	0.04342039001874665	0.37954934710982374	1
405	Iter0406	50	4	6	1	26	1	2.083333333333333	0.468409504757579	0.5793731630000001	1
406	Iter0407	56	5	15	4	23	4	2.9866666666666664	0.20501129748874802	0.4978856535300001	1
407	Iter0408	45	1	16	3	20	4	8.4375	0.07156150301311648	0.39722873999999997	1
408	Iter0409	48	5	15	4	20	4	2.56	0.2310881727448038	0.4708296988527401	1
409	Iter0410	44	4	8	4	23	3	5.5	0.043420390018747874	0.5381619247903171	1
410	Iter0411	44	1	4	1	21	0	11.0	0.19183673469388374	0.38785008155	1
411	Iter0412	52	3	6	2	22	3	5.777777777777778	0.11689627046940035	0.48173583416067794	1
412	Iter0413	43	7	5	3	17	0	3.685714285714286	0.13091606272604475	0.30690464447000004	1
413	Iter0414	55	5	11	3	23	3	3.0	0.16920346106536585	0.5149744205237	1
414	Iter0415	56	4	11	5	26	4	6.363636363636362	0.01702191663194475	0.4928331042	1
415	Iter0416	50	6	7	1	21	0	1.1904761904761905	1.0	0.475866156030433	1
416	Iter0417	49	8	14	3	20	0	1.3125	0.7072796863042925	0.47799867910000005	1
417	Iter0418	57	9	3	2	23	1	4.222222222222221	0.16854280625157256	0.45588339189729005	1
418	Iter0419	48	2	7	1	18	0	3.4285714285714284	0.3647912885662513	0.3260090081205851	1
419	Iter0420	60	6	7	3	27	1	4.285714285714286	0.09104794772571667	0.6120127401301079	1
420	Iter0421	46	4	5	4	18	1	9.2	0.014246907091675788	0.3707456432000001	1
421	Iter0422	44	5	9	3	23	0	2.9333333333333336	0.18340999138195926	0.42058398978999995	1
422	Iter0423	39	4	3	5	18	0	16.25	0.00238758357602564	0.33384250370999996	1
423	Iter0424	44	5	12	2	17	3	1.4666666666666668	0.6461525357088859	0.382806119999976	1
424	Iter0425	52	3	2	3	23	0	26.0	0.005389716254399776	0.5332284177	1
425	Iter0426	44	6	9	3	15	3	2.4444444444444438	0.3574615850186757	0.29624283888423	1
426	Iter0427	58	10	13	1	25	4	0.4461538461538461	0.6797381750681784	0.632607869558472	1
427	Iter0428	64	3	5	1	27	2	4.266666666666667	0.2957930229780619	0.4537728569	1
428	Iter0429	50	4	5	4	23	1	10.0	0.011127358312474992	0.46887516475098207	1
429	Iter0430	39	2	16	0	12	0	0.7843137254901961	1.0	0.27346770164499995	1
430	Iter0431	54	11	11	3	21	3	1.3388429752066116	0.7054145511218182	0.4223192919533001	1
431	Iter0432	66	5	9	4	33	1	5.866666666666666	0.02896250509586121	0.7402769878999998	1
432	Iter0433	43	8	9	5	16	1	2.986111111111111	0.13203258163132106	0.3691192039	1
433	Iter0434	41	4	9	6	19	2	6.833333333333332	0.011189633054972174	0.5000754969000001	1
434	Iter0435	44	10	5	0	19	1	0.6818181818181818	0.5767885256949906	0.41412383245719997	1
435	Iter0436	38	4	5	2	18	0	3.8	0.19904109150178007	0.4785204656868	1
436	Iter0437	50	5	6	1	28	0	1.6666666666666667	0.5284277864785286	0.5435368110560002	1
437	Iter0438	48	5	5	3	24	0	5.76	0.06199037416370275	0.688889103323	1
438	Iter0439	49	8	4	2	23	2	3.0625	0.2397684315350279	0.49101408357220006	1
439	Iter0440	58	4	10	4	23	1	5.8	0.033942347090462295	0.3680352766743882	1
440	Iter0441	56	7	7	7	26	4	8.0	0.0025209399172672997	0.555250360728715	1
441	Iter0442	51	13	4	5	26	0	4.903846153846153	0.03562863316816025	0.57696625198	1
442	Iter0443	56	5	7	2	28	1	3.2	0.2192034813680496	0.67222968508	1
443	Iter0444	51	4	8	2	23	2	3.1875	0.2278674359749172	0.44752622667000014	1
444	Iter0445	50	6	4	1	21	0	2.083333333333333	0.468409504757579	0.4875091738190001	1
445	Iter0446	45	10	7	7	23	1	4.5	0.031916919652224124	0.5399173021	1
446	Iter0447	55	4	3	2	22	0	9.166666666666666	0.06515512074739657	0.462793638687	1
447	Iter0448	45	4	12	2	18	4	1.875	0.6070914519884067	0.5679917959207701	1
448	Iter0449	49	3	3	2	16	0	10.888888888888886	0.056010284908002826	0.266582832353	1
449	Iter0450	43	5	7	2	13	3	2.457142857142857	0.3037725364379966	0.18421789199999997	1
450	Iter0451	59	8	9	1	18	1	0.8194444444444444	1.0	0.37672505530000006	1
451	Iter0452	53	4	8	6	26	2	9.9375	0.0027971341006771387	0.49099718890000005	1
452	Iter0453	36	5	6	1	16	0	1.2	1.0	0.30807844990230004	1
453	Iter0454	39	7	6	1	15	2	0.9285714285714284	1.0	0.34385256699892996	1
454	Iter0455	46	5	7	5	14	1	6.571428571428571	0.01649771346726699	0.27922072528356	1
455	Iter0456	53	3	10	4	21	1	7.066666666666667	0.02586173989388111	0.40362991719999997	1
456	Iter0457	53	2	3	1	25	0	8.833333333333334	0.19299270971116375	0.5711777772	1
457	Iter0458	48	7	14	1	12	1	0.4897959183673469	1.0	0.3016732582579	1
458	Iter0459	58	4	6	3	22	1	7.25	0.03900155840250008	0.49572594805394266	1
459	Iter0460	48	5	10	3	23	1	2.88	0.18502526089983976	0.40752522649017897	1
460	Iter0461	55	7	8	4	19	0	3.928571428571429	0.07143056631200627	0.41758676461100963	1
461	Iter0462	41	9	3	3	14	0	4.5555555555555545	0.10526290825957486	0.33038328280000007	1
462	Iter0463	51	5	12	1	25	1	0.85	1.0	0.524868107982	1
463	Iter0464	65	3	12	2	26	1	3.611111111111111	0.2001008160573857	0.5792452610108499	1
464	Iter0465	50	9	8	5	18	0	3.4722222222222214	0.11352100031027527	0.27376439554629994	1
465	Iter0466	48	7	10	3	21	0	2.057142857142857	0.3890698353726079	0.4073306398999995	1
466	Iter0467	46	2	4	4	19	1	23.0	0.002515550795239956	0.38396977924620007	1
467	Iter0468	49	2	5	0	19	1	2.7777777777777786	1.0	0.5192032574000001	1
468	Iter0469	44	3	7	1	18	1	2.095238095238096	0.4770198355104093	0.47510900327000005	1
469	Iter0470	48	2	7	4	22	1	13.714285714285715	0.00770480204977288	0.4503436278207711	1
470	Iter0471	48	7	4	3	20	1	5.142857142857143	0.07619659455977637	0.46608073875999995	1
471	Iter0472	46	5	8	1	18	1	1.15	1.0	0.40820480029999995	1
472	Iter0473	59	6	9	1	26	2	1.0925925925925926	1.0	0.547759351352	1
473	Iter0474	45	5	9	3	18	3	3.0	0.17651685896070266	0.49152947960759996	1
474	Iter0475	52	7	13	2	14	4	1.1428571428571428	1.0	0.24701353260000003	1
475	Iter0476	56	1	4	1	18	1	14.0	0.15600211528292202	0.3722544366	1
476	Iter0477	43	4	12	6	14	1	5.375	0.021656572457281916	0.269858316804	1
477	Iter0478	54	3	9	1	27	0	2.0	0.4846440872559986	0.6185709461999999	1
478	Iter0479	52	3	4	3	24	2	13.0	0.015801050838641518	0.6057881491296999	1
479	Iter0480	39	4	9	3	21	3	3.25	0.1676197523034311	0.5573326855769001	1
480	Iter0481	49	8	9	0	21	1	0.5555555555555556	0.5857155661518927	0.458592293	1
481	Iter0482	49	5	11	1	23	0	0.890909090909091	1.0	0.48043125810000004	1
482	Iter0483	38	2	10	4	12	1	7.6	0.03344784454662278	0.25688898399999993	1
483	Iter0484	55	4	8	3	22	1	5.15625	0.07227532292305805	0.45974900029677285	1
484	Iter0485	52	15	5	3	21	0	2.08	0.3888320331337266	0.43602334564999995	1
485	Iter0486	68	5	8	1	27	0	1.7	0.513852035926719	0.5177272948930977	1
486	Iter0487	50	4	8	2	20	2	3.125	0.2337079120160123	0.49535234699999997	1
487	Iter0488	46	7	5	2	16	1	2.628571428571429	0.2805404936814768	0.437580948058	1
488	Iter0489	48	3	12	4	21	4	5.333333333333333	0.05046931344910174	0.42378046999999996	1
489	Iter0490	47	4	7	3	25	0	5.035714285714286	0.07952258457465261	0.58500429	1
490	Iter0491	50	9	6	0	20	0	0.7285714285714285	0.5837916446324821	0.562897959992835	1
491	Iter0492	51	8	4	2	21	0	3.1875	0.2278674359749225	0.5103673883676	1
492	Iter0493	47	4	10	6	13	6	7.05	0.00909873507005856	0.2304860199970224	1
493	Iter0494	37	5	7	1	14	0	1.0571428571428572	1.0	0.276757472	1
494	Iter0495	41	8	6	1	21	2	0.8541666666666666	1.0	0.5357897773570001	1
495	Iter0496	44	6	7	1	15	1	1.0476190476190477	1.0	0.357479368917	1
496	Iter0497	42	4	10	2	15	2	2.1	0.5936033969112708	0.27575160630539997	1
497	Iter0498	49	5	5	0	21	1	1.3888888888888893	1.0	0.38998627069720004	1
498	Iter0499	50	3	5	2	28	1	6.666666666666668	0.09924943861700078	0.751586295704	1
499	Iter0500	59	6	16	4	19	4	2.458333333333333	0.2355799353873165	0.3651836409337899	1
500	Iter0501	50	4	11	2	25	1	2.272727272727273	0.32923164341676786	0.5991885032964599	1
501	Iter0502	50	7	11	6	16	4	3.896103896103897	0.06247161627402688	0.32778267732000005	1
502	Iter0503	46	4	6	2	15	1	3.8333333333333335	0.18862286529991945	0.28431523620000004	1
503	Iter0504	53	6	5	1	26	0	1.7666666666666668	0.5099769149412194	0.50411070436356	1
504	Iter0505	53	7	6	2	23	2	2.523809523809524	0.2846578158093101	0.5271453577	1
505	Iter0506	49	7	7	6	22	0	6.0	0.01187228818280367	0.39082424384	1
506	Iter0507	57	2	7	2	22	0	8.142857142857142	0.08187528011935126	0.46514558089381	1
507	Iter0508	51	7	9	2	18	2	1.619047619047619	0.6279513241279971	0.48303137182238504	1
508	Iter0509	49	5	7	5	22	3	7.000000000000001	0.0133533110686077	0.443245187	1
509	Iter0510	51	6	6	1	23	0	1.4166666666666667	0.5744060772968311	0.57064987783	1
510	Iter0511	60	7	12	2	25	1	1.4285714285714286	0.6499911079889696	0.5773526510267999	1
511	Iter0512	57	7	6	7	25	2	9.5	0.0013906648016491134	0.5762744166131	1
512	Iter0513	45	7	6	3	19	2	3.2142857142857144	0.15695872880605116	0.3473985242	1
513	Iter0514	54	4	3	1	25	0	4.5	0.2919000797712601	0.642661308	1
514	Iter0515	49	4	7	1	28	2	1.75	0.5176308469096635	0.735635230454	1
515	Iter0516	55	4	9	3	24	4	4.583333333333333	0.08845094905749976	0.57888149804657	1
516	Iter0517	51	1	6	5	21	1	42.5	0.0003603769555317689	0.5236929244059101	1
517	Iter0518	67	6	8	1	29	3	1.3958333333333333	0.57142218956697	0.7702695795977	1
518	Iter0519	51	5	5	4	20	0	8.16	0.01657846928416061	0.49925642613	1
519	Iter0520	38	4	4	2	15	0	4.75	0.15659993650333934	0.4325282563100001	1
520	Iter0521	54	8	10	6	16	0	4.05	0.03279363610509474	0.3376632607292	1
521	Iter0522	47	5	10	4	19	1	3.76	0.08684860551735231	0.5389085259999999	1
522	Iter0523	51	7	12	5	24	4	3.0357142857142856	0.12836905715380198	0.5312619806911456	1
523	Iter0524	49	6	6	3	18	0	4.083333333333333	0.10597767853215112	0.40319373516293	1
524	Iter0525	48	4	6	4	24	0	8.0	0.018546100968495592	0.4698715206628601	1
525	Iter0526	57	7	9	5	16	1	4.523809523809524	0.03446811775786407	0.46440590497	1
526	Iter0527	54	5	4	6	22	0	16.200000000000006	0.0006072101836399383	0.507936056884106	1
527	Iter0528	53	9	7	2	25	1	1.6825396825396826	0.6220845551283802	0.532852363922627	1
528	Iter0529	39	8	8	4	19	2	2.4375	0.24024060740011025	0.39492491671999996	1
529	Iter0530	42	8	9	3	16	2	1.75	0.4321419503186277	0.35526824	1
530	Iter0531	40	6	7	3	19	2	2.8571428571428568	0.3376505173912808	0.44736402999999997	1
531	Iter0532	46	7	8	5	18	2	4.107142857142857	0.04938076864009516	0.4602360751997795	1
532	Iter0533	48	5	9	4	20	1	4.266666666666667	0.06676701691639303	0.4804627090576	1
533	Iter0534	52	6	6	4	19	2	5.777777777777778	0.03352472181630205	0.45725728209264005	1
534	Iter0535	49	9	13	4	22	0	1.6752136752136753	0.4751343145226802	0.4816530191709999	1
535	Iter0536	38	6	8	7	11	0	5.541666666666668	0.013128005252274623	0.1880720348	1
536	Iter0537	54	11	10	1	18	0	0.4909090909090909	1.0	0.29602551639999997	1
537	Iter0538	46	7	5	3	22	2	3.942857142857143	0.11541863977230317	0.41700352024533005	1
538	Iter0539	54	4	10	1	19	0	1.35	1.0	0.45343208000000007	1
539	Iter0540	58	5	5	1	26	2	2.32	0.43320859318752464	0.5922580806	1
540	Iter0541	47	10	9	1	22	4	0.5222222222222223	1.0	0.6030322119999999	1
541	Iter0542	53	5	10	4	24	4	4.24	0.06502644910958777	0.556537699013	1
542	Iter0543	44	6	5	4	12	0	5.866666666666666	0.03643663418292868	0.191974914	1
543	Iter0544	42	10	11	4	11	2	1.5272727272727271	0.4977286890962594	0.24730187780000001	1
544	Iter0545	56	4	10	1	20	0	1.4	0.5805261004512534	0.45194820124602103	1
545	Iter0546	44	3	9	1	18	1	1.6296296296296295	0.5484544695071254	0.37829877000000006	1
546	Iter0547	53	8	8	1	22	0	0.828125	1.0	0.4756319333999999	1
547	Iter0548	45	8	7	2	18	4	1.6071428571428572	0.6290465263561479	0.34010217613000004	1
548	Iter0549	50	9	3	1	23	0	1.851851851851852	0.5084065708074266	0.5796007521203	1
549	Iter0550	51	5	4	1	20	0	2.55	0.41525045523332654	0.544443874777	1
550	Iter0551	45	7	3	3	21	1	6.428571428571429	0.057435094212135	0.3429783245184	1
551	Iter0552	64	1	4	2	27	1	32.0	0.017408800629866626	0.5965002730000001	1
552	Iter0553	42	8	9	5	20	0	2.9166666666666665	0.1363358702445288	0.5540380297294598	1
553	Iter0554	65	7	14	2	29	4	1.3265306122448979	0.6648216666222544	0.6203116562999998	1
554	Iter0555	37	3	9	1	14	3	1.3703703703703705	1.0	0.24738107780000002	1
555	Iter0556	50	7	3	3	21	0	7.142857142857142	0.04583180692661211	0.365874644549	1
556	Iter0557	39	11	4	5	14	1	4.431818181818182	0.05163088899306194	0.26218401482	1
557	Iter0558	45	4	9	2	16	2	2.5	0.301701067396704	0.44580891147353535	1
558	Iter0559	51	11	9	4	25	1	2.060606060606061	0.2790055352376249	0.63218569594484	1
559	Iter0560	51	2	4	3	20	1	19.125	0.009174382478698095	0.44378201691187	1
560	Iter0561	61	6	6	1	26	2	1.6944444444444444	0.5167490968321655	0.5538042422421499	1
561	Iter0562	43	8	10	3	18	0	1.6124999999999998	0.6808745166387413	0.4487028145	1
562	Iter0563	52	5	9	7	23	1	8.088888888888889	0.0029007552153430217	0.47749125591583996	1
563	Iter0564	51	2	13	5	22	5	9.807692307692307	0.009641709617032236	0.4769333687684	1
564	Iter0565	57	6	7	4	26	1	5.428571428571429	0.03613269123517237	0.6173861585127614	1
565	Iter0566	45	6	8	1	27	1	0.9375	1.0	0.7085306597721999	1
566	Iter0567	47	6	9	1	20	4	0.8703703703703703	1.0	0.4869424446180701	1
567	Iter0568	51	3	8	4	27	1	8.5	0.017285827604441938	0.5006857926870001	1
568	Iter0569	49	6	2	1	27	1	4.083333333333333	0.3250907441016533	0.523138104	1
569	Iter0570	56	6	5	3	25	1	5.6000000000000005	0.0603974097818839	0.477337271484	1
570	Iter0571	68	8	9	3	24	4	2.833333333333333	0.16939715123418947	0.5988515268000001	1
571	Iter0572	48	6	4	2	23	0	4.0	0.17804579990436786	0.5346212848599999	1
572	Iter0573	55	7	7	2	18	3	2.2448979591836733	0.3190031386961518	0.33784716200000003	1
573	Iter0574	47	4	5	3	20	1	7.05	0.045507873989044184	0.4774893580000001	1
574	Iter0575	51	13	5	3	22	0	2.353846153846153	0.3644514719726474	0.505055843951	1
575	Iter0576	50	12	5	4	22	1	3.333333333333333	0.10807642741589664	0.47941639001189995	1
576	Iter0577	45	2	6	1	25	2	3.75	0.34627479438800074	0.48210708	1
577	Iter0578	46	6	6	2	19	2	2.5555555555555562	0.28757923098997584	0.4362036366117	1
578	Iter0579	46	4	7	1	25	2	1.6428571428571428	0.5376022780741521	0.5435174599999999	1
579	Iter0580	49	8	1	3	24	1	18.375	0.01644134865048702	0.5632408085739202	1
580	Iter0581	52	3	5	0	21	1	2.208333333333333	1.0	0.35152949939	1
581	Iter0582	42	7	6	2	16	0	2.0	0.5989729809882787	0.3888857043999999	1
582	Iter0583	53	4	5	3	28	0	7.949999999999998	0.03484640756978896	0.7008602872309997	1
583	Iter0584	50	6	8	2	16	2	2.083333333333333	0.5962140020973802	0.3263474356698652	1
584	Iter0585	55	6	7	3	26	0	3.928571428571428	0.10811378809884868	0.5755686023500001	1
585	Iter0586	45	7	6	2	21	1	2.142857142857143	0.5927587700083639	0.5483090662000001	1
586	Iter0587	44	10	5	7	18	2	6.16	0.00867523908564453	0.34725524258	1
587	Iter0588	44	3	6	1	20	2	2.4444444444444438	0.4360017833935711	0.6023176488220501	1
588	Iter0589	52	5	8	2	19	2	2.6	0.2787102299186264	0.3735490707604999	1
589	Iter0590	44	2	3	4	21	0	29.33333333333333	0.0016202997890011847	0.515864082305	1
590	Iter0591	50	8	9	6	22	0	4.166666666666667	0.03195050599069873	0.337074678115809	1
591	Iter0592	58	7	14	5	22	0	2.9591836734693877	0.13129844028290896	0.4188717618384	1
592	Iter0593	49	3	16	5	15	5	5.104166666666666	0.03927332715640374	0.28173211070000004	1
593	Iter0594	42	2	1	5	12	0	105.0	5.72661997268846e-05	0.29252593358213	1
594	Iter0595	44	5	3	3	21	1	8.8	0.03402487264862332	0.524089147793851	1
595	Iter0596	50	6	11	5	22	1	3.787878787878788	0.058560927853867385	0.4929954271268127	1
596	Iter0597	40	4	7	0	18	0	1.025	1.0	0.3843470125999666	1
597	Iter0598	46	4	10	2	20	3	2.3	0.3279195889275722	0.40229885	1
598	Iter0599	52	8	8	2	23	4	1.625	0.6273512965546941	0.5576459667	1
599	Iter0600	59	7	5	3	22	1	5.057142857142857	0.07028514706269247	0.49178295511190806	1
600	Iter0601	48	5	15	2	16	5	1.28	1.0	0.31372169218985996	1
601	Iter0602	56	4	10	3	19	1	4.2	0.10207365985100772	0.3608545024	1
602	Iter0603	45	4	8	2	18	2	2.8125	0.26643344453796125	0.3896937312599	1
603	Iter0604	56	10	13	1	25	0	0.4307692307692307	0.6785274121031489	0.6238774621851002	1
604	Iter0605	50	5	7	5	26	1	7.142857142857142	0.012467359722882636	0.5590750529999999	1
605	Iter0606	50	4	6	5	21	0	10.416666666666668	0.004944156212105034	0.31642672000000005	1
606	Iter0607	54	10	13	1	21	5	0.4153846153846154	0.6778125558366943	0.4214778675555	1
607	Iter0608	52	7	6	4	21	1	4.9523809523809526	0.04611406037567329	0.47974205583	1
608	Iter0609	43	6	5	2	25	1	2.8666666666666667	0.2592139787700177	0.5919795597457954	1
609	Iter0610	45	6	9	2	17	2	1.6666666666666667	0.6233395498385639	0.240237092391	1
610	Iter0611	41	4	3	4	18	0	13.666666666666664	0.007334897240757948	0.34823582996736874	1
611	Iter0612	42	7	14	3	17	3	1.2857142857142856	0.7092953961574249	0.38469749122322	1
612	Iter0613	48	5	10	2	25	3	1.92	0.6042897220554508	0.6188147159999999	1
613	Iter0614	38	4	8	1	13	2	1.1875	1.0	0.43165984699999993	1
614	Iter0615	57	8	12	1	19	0	0.59375	1.0	0.42750775	1
615	Iter0616	47	6	7	2	19	1	2.238095238095238	0.3275527466177621	0.42554101130000005	1
616	Iter0617	52	8	6	1	26	1	1.0833333333333333	1.0	0.48649845010000015	1
617	Iter0618	45	12	9	4	18	2	1.6666666666666667	0.4756661990481973	0.53902007489	1
618	Iter0619	51	3	15	3	21	5	3.4	0.16065242852311426	0.5171496799999998	1
619	Iter0620	52	2	6	5	21	0	21.66666666666667	0.0009859369538133688	0.46509712103199996	1
620	Iter0621	49	8	7	2	22	0	1.75	0.6162292563037398	0.46343984200000005	1
621	Iter0622	49	4	8	4	25	1	6.125	0.032654061921169694	0.64866374321	1
622	Iter0623	33	8	8	3	11	1	1.546875	0.6809982356214821	0.27291539263	1
623	Iter0624	55	8	15	1	22	4	0.4583333333333333	0.6774112424254115	0.35745003727120545	1
624	Iter0625	51	7	5	6	20	0	8.742857142857142	0.003959768345588735	0.5046998382000001	1
625	Iter0626	55	0	5	5	19	0	56.0	3.0508888256113563e-05	0.41078519553500004	1
626	Iter0627	56	9	11	3	21	5	1.6969696969696968	0.4371915532336965	0.42589742823000004	1
627	Iter0628	51	5	5	2	27	0	4.08	0.17003290420215222	0.6167830783005187	1
628	Iter0629	49	8	10	1	24	2	0.6125	1.0	0.66386638932	1
629	Iter0630	50	7	6	5	22	1	5.9523809523809526	0.01927485351907471	0.46270748999999994	1
630	Iter0631	50	5	9	1	23	3	1.1111111111111112	1.0	0.4967127745010001	1
631	Iter0632	53	1	7	8	27	0	60.57142857142857	6.2199063771112824e-06	0.5446066439999999	1
632	Iter0633	47	4	10	3	24	2	3.525	0.14180479056154266	0.5300352900000002	1
633	Iter0634	41	6	13	6	14	3	3.1538461538461537	0.08855750125826856	0.30360520749010006	1
634	Iter0635	53	7	5	1	21	0	1.5142857142857142	0.5545244681283941	0.4303933469	1
635	Iter0636	53	6	8	0	22	1	0.8571428571428572	1.0	0.4602160368	1
636	Iter0637	54	4	10	4	26	0	5.4	0.041075555904421635	0.5148773148	1
637	Iter0638	52	10	8	1	22	2	0.65	1.0	0.46135406985999994	1
638	Iter0639	45	6	6	6	20	2	7.5	0.006981484279721552	0.4029545904	1
639	Iter0640	43	7	7	2	14	2	1.7551020408163267	0.6154675902594433	0.29745400039	1
640	Iter0641	40	5	8	1	21	0	1.0	1.0	0.557327058	1
641	Iter0642	48	9	4	4	22	2	5.333333333333333	0.04445414069310221	0.62368960779	1
642	Iter0643	61	7	7	2	21	1	2.4897959183673466	0.2821329303918883	0.32948336115400007	1
643	Iter0644	53	9	7	1	25	2	0.8412698412698413	1.0	0.5693789989393956	1
644	Iter0645	49	4	5	1	20	0	2.45	0.4267950973017502	0.3960002983	1
645	Iter0646	49	5	7	2	20	1	2.8000000000000003	0.2597745254420142	0.4932179886	1
646	Iter0647	50	5	8	3	27	0	3.75	0.12176545456175872	0.6062104204631001	1
647	Iter0648	53	7	8	2	18	2	1.8928571428571428	0.6065689650163778	0.34259241051945205	1
648	Iter0649	41	9	7	5	15	1	3.2539682539682535	0.12055719972310505	0.27475267999999997	1
649	Iter0650	44	4	7	3	20	1	4.714285714285714	0.09071688279303884	0.35878869680000003	1
650	Iter0651	56	7	4	3	31	0	6.0	0.05519065333643485	0.5647909618539002	1
651	Iter0652	47	1	3	5	20	2	78.33333333333334	8.365047210773809e-05	0.44580378878730004	1
652	Iter0653	65	8	4	2	26	0	4.0625	0.16441085608309638	0.7410995179999998	1
653	Iter0654	62	9	10	2	28	0	1.3777777777777778	0.6567395038376715	0.5938615315099999	1
654	Iter0655	35	10	11	4	13	3	1.2727272727272727	0.7337398752123137	0.22708874	1
655	Iter0656	57	6	10	4	27	4	3.8	0.07658777163902354	0.5975547290930001	1
656	Iter0657	49	6	4	4	18	0	8.166666666666666	0.017478499235324126	0.46180026018	1
657	Iter0658	57	9	8	3	29	2	2.375	0.3627401252894813	0.48561632289999995	1
658	Iter0659	46	6	9	0	20	2	0.6714285714285715	0.5787396075437546	0.3026510021815	1
659	Iter0660	46	3	6	2	22	0	5.1111111111111125	0.13976574751152945	0.5467654013597999	1
660	Iter0661	49	8	5	3	19	1	3.675	0.1264646881580374	0.29448089951999995	1
661	Iter0662	47	4	11	4	15	0	4.2727272727272725	0.07144803990029848	0.27516278664550003	1
662	Iter0663	42	4	12	1	17	1	0.875	1.0	0.32454694303444	1
663	Iter0664	54	7	3	2	25	0	5.142857142857143	0.1336848635235713	0.44767648699999996	1
664	Iter0665	49	3	5	2	29	1	6.533333333333332	0.10233949200082257	0.6880603989999999	1
665	Iter0666	49	16	12	6	24	3	1.53125	0.548181966280063	0.5449666874899999	1
666	Iter0667	59	3	11	1	22	3	1.787878787878788	0.5151813013090261	0.4637019889	1
667	Iter0668	46	11	7	0	18	0	0.4895833333333333	0.3394168402487674	0.43209204	1
668	Iter0669	51	6	8	1	23	0	1.0625	1.0	0.40537010289000003	1
669	Iter0670	38	2	7	3	15	6	8.142857142857142	0.0482603031962109	0.29244700250000005	1
670	Iter0671	63	2	6	2	32	0	10.5	0.056916843526915985	0.7704719513	1
671	Iter0672	46	9	6	4	20	1	3.4074074074074066	0.10281573329594486	0.48178516627820006	1
672	Iter0673	46	10	6	2	20	3	1.5333333333333332	0.6372899368815584	0.38744644148	1
673	Iter0674	47	5	6	5	18	5	7.833333333333334	0.01043232779638921	0.353719271658	1
674	Iter0675	50	9	6	2	20	1	1.851851851851852	0.6088699811360865	0.37390311556000005	1
675	Iter0676	59	7	8	3	27	0	3.160714285714286	0.14855234509516285	0.5925275741169999	1
676	Iter0677	39	4	9	5	22	1	5.416666666666668	0.0319411180559616	0.44487547966469104	1
677	Iter0678	57	6	1	1	20	1	9.5	0.20528846153846855	0.5020637233999999	1
678	Iter0679	54	4	4	2	24	2	6.75	0.09344945728652	0.4994366340938001	1
679	Iter0680	57	6	7	1	31	0	1.3571428571428572	0.5839728265489342	0.748640867938	1
680	Iter0681	54	8	5	1	24	1	1.35	1.0	0.4867020760100001	1
681	Iter0682	46	6	6	3	16	2	3.8333333333333335	0.1195726486756788	0.3657220948599999	1
682	Iter0683	41	7	9	2	19	1	1.3015873015873014	0.6696683489657395	0.39151001853	1
683	Iter0684	42	2	17	2	13	1	2.4705882352941178	0.5775544979140912	0.20149177407000002	1
684	Iter0685	46	9	12	1	19	6	0.4259259259259259	0.6733640703972392	0.3362658513	1
685	Iter0686	49	8	9	2	22	3	1.3611111111111112	0.6596379166603479	0.41874490899999994	1
686	Iter0687	59	4	6	1	27	0	2.458333333333333	0.4192482137094107	0.53972130491	1
687	Iter0688	41	7	9	5	19	0	3.253968253968253	0.12055719972310505	0.507503862	1
688	Iter0689	51	2	14	4	16	4	7.2857142857142865	0.032742499478018834	0.40874538789708764	1
689	Iter0690	45	7	9	2	18	1	1.4285714285714286	0.6502438677072238	0.3964684189999999	1
690	Iter0691	53	2	7	3	26	2	11.357142857142856	0.02300297534300804	0.5776821704599999	1
691	Iter0692	37	7	6	1	15	0	0.8809523809523809	1.0	0.29451548150000006	1
692	Iter0693	56	8	8	2	26	1	1.75	0.6166436840140009	0.5361605656520301	1
693	Iter0694	46	9	15	2	21	5	0.6814814814814815	1.0	0.47025117600000016	1
694	Iter0695	63	3	6	6	29	0	21.0	0.00024135145838692675	0.6219483047700001	1
695	Iter0696	52	7	8	2	26	2	1.8571428571428568	0.6087188613823611	0.6119554102379998	1
696	Iter0697	44	7	2	1	28	0	3.1428571428571432	0.3880019351717432	0.7022810619800001	1
697	Iter0698	58	4	9	1	22	1	1.6111111111111112	0.5375062251885644	0.52705901	1
698	Iter0699	49	6	13	3	20	0	1.8846153846153848	0.4114394347917664	0.507244362452222	1
699	Iter0700	55	10	6	1	26	0	0.9166666666666666	1.0	0.52375337198	1
700	Iter0701	34	7	10	4	23	1	1.9428571428571424	0.4428847554901173	0.46986092470000007	1
701	Iter0702	45	5	8	2	21	1	2.25	0.3299151656837124	0.42166145899999996	1
702	Iter0703	58	4	8	1	26	1	1.8125	0.5029917643817504	0.5769090743990001	1
703	Iter0704	50	6	10	3	18	2	2.5	0.3549560299804681	0.37007103178	1
704	Iter0705	52	6	13	4	29	4	2.6666666666666665	0.2204736119417987	0.6394842501014001	1
705	Iter0706	49	5	10	4	13	0	3.92	0.07870056118140127	0.3419634748050831	1
706	Iter0707	43	6	9	3	17	0	2.3888888888888893	0.3610121985111148	0.39523321199999994	1
707	Iter0708	53	8	6	3	27	1	3.3125	0.1431946349244857	0.5465093539783719	1
708	Iter0709	52	11	1	5	20	0	23.63636363636364	0.001997973397370205	0.41041429199999996	1
709	Iter0710	48	6	8	2	24	2	2.0	0.5998781218605665	0.6350878239999999	1
710	Iter0711	55	3	6	5	23	0	15.277777777777775	0.0017985464716929586	0.45576194039999995	1
711	Iter0712	57	4	7	4	26	2	8.142857142857142	0.015849697212524234	0.5338105038200001	1
712	Iter0713	51	8	6	3	22	1	3.1875	0.15352770783837608	0.41865860140699995	1
713	Iter0714	40	4	8	2	16	2	2.5	0.3061905168453343	0.44974872399999993	1
714	Iter0715	60	6	8	2	26	1	2.5	0.2823743068746624	0.567614605897202	1
715	Iter0716	57	4	8	2	23	2	3.5625	0.1969163113617325	0.4863522724926539	1
716	Iter0717	42	7	8	3	19	1	2.25	0.3712657735056615	0.4071971555199999	1
717	Iter0718	47	4	5	2	16	2	4.7	0.1487936931898173	0.4659512651999999	1
718	Iter0719	56	12	4	4	28	1	4.666666666666667	0.055783229983168134	0.75183831378063	1
719	Iter0720	58	5	4	1	20	1	2.9	0.379228459205385	0.38694275528000005	1
720	Iter0721	50	1	4	0	27	0	5.1	1.0	0.6019597047999999	1
721	Iter0722	54	6	2	2	22	0	9.0	0.07291115811740152	0.47036214590259995	1
722	Iter0723	38	7	5	2	20	1	2.171428571428572	0.5898772922675206	0.4445056561	1
723	Iter0724	51	10	3	1	23	0	1.7	0.5328917050691564	0.50179505266	1
724	Iter0725	53	3	5	1	16	0	3.5333333333333337	0.3415913022434613	0.33585217479999996	1
725	Iter0726	57	2	8	2	23	2	7.125	0.09749554945569316	0.49262283499446247	1
726	Iter0727	55	4	5	1	25	0	2.75	0.3938917815834794	0.5501181900000001	1
727	Iter0728	51	7	12	3	25	4	1.8214285714285716	0.4189886721276935	0.5255664462817	1
728	Iter0729	45	6	5	2	20	0	3.0	0.24499646274806205	0.35700992940000004	1
729	Iter0730	54	8	5	3	19	1	4.05	0.10508873593863756	0.43019594135230405	1
730	Iter0731	53	9	4	2	19	1	2.9444444444444446	0.24765735800633085	0.36225548172800004	1
731	Iter0732	48	5	7	3	21	1	4.114285714285714	0.10639447215521132	0.38365760000000004	1
732	Iter0733	56	1	2	3	27	0	84.0	0.0010307522698957561	0.6630786844248	1
733	Iter0734	49	8	4	8	29	1	12.25	0.0004592037579466858	0.6915035750999999	1
734	Iter0735	44	1	7	4	18	0	25.142857142857146	0.004008570046306071	0.46199536202459995	1
735	Iter0736	44	6	11	2	20	0	1.3333333333333333	0.6647217903947266	0.584620984	1
736	Iter0737	40	7	5	5	17	1	5.7142857142857135	0.025867644437655702	0.49487730489	1
737	Iter0738	53	7	9	2	24	2	1.6825396825396826	0.6220845551283758	0.5865587169999998	1
738	Iter0739	45	8	5	6	17	1	6.75	0.009702028602560558	0.3689549819146001	1
739	Iter0740	52	3	4	7	19	2	30.33333333333333	4.221057833734458e-05	0.42884364177	1
740	Iter0741	50	6	9	0	18	1	0.7285714285714285	0.5837916446324821	0.39001231825	1
741	Iter0742	55	7	10	0	24	1	0.6363636363636364	0.5826887920629318	0.5113181706700001	1
742	Iter0743	55	7	5	0	18	0	1.1666666666666667	1.0	0.38580964619999997	1
743	Iter0744	52	2	8	2	22	3	6.5	0.1118786356425227	0.40560512914995994	1
744	Iter0745	64	8	11	3	28	1	2.1818181818181817	0.376552306053348	0.75169261556	1
745	Iter0746	42	7	5	2	14	0	2.4	0.31212726600073715	0.31410637700000005	1
746	Iter0747	53	6	8	4	18	2	4.416666666666667	0.05785888930830741	0.3754222104	1
747	Iter0748	45	8	15	2	20	3	0.75	1.0	0.4431357514209999	1
748	Iter0749	47	3	5	5	20	1	15.666666666666664	0.0020333200247963385	0.4248683143	1
749	Iter0750	51	8	9	1	26	0	0.7083333333333334	1.0	0.68661963338485	1
750	Iter0751	41	4	9	4	23	4	4.5555555555555545	0.06603270010534942	0.4618691273	1
751	Iter0752	49	8	11	3	21	0	1.6704545454545454	0.4441655824555492	0.47076394089992013	1
752	Iter0753	49	4	4	0	27	2	2.0	1.0	0.6008851330579998	1
753	Iter0754	49	7	10	3	24	1	2.1	0.3845113092482457	0.546520938	1
754	Iter0755	57	6	4	3	22	1	7.125	0.04054665083361322	0.55546798053	1
755	Iter0756	49	8	9	2	20	1	1.3611111111111112	0.6596379166603479	0.3914339576550001	1
756	Iter0757	52	8	12	2	20	4	1.0833333333333333	1.0	0.409224451	1
757	Iter0758	57	5	7	3	22	0	4.885714285714285	0.07549517010873245	0.5709876235498399	1
758	Iter0759	56	5	4	1	19	1	2.8	0.3888826227536015	0.35432619686899997	1
759	Iter0760	59	7	11	0	28	2	0.625	0.5843966309597726	0.5841530357000001	1
760	Iter0761	62	7	6	2	19	0	2.952380952380953	0.2340581214052353	0.42226659938567307	1
761	Iter0762	44	5	4	1	16	3	2.2	0.4585617120578021	0.36570362984849997	1
762	Iter0763	46	7	10	3	16	2	1.9714285714285715	0.39926145796006746	0.32118244083439995	1
763	Iter0764	55	5	5	2	25	0	4.4	0.15292881279645495	0.5574155994399999	1
764	Iter0765	66	10	7	6	28	0	5.6571428571428575	0.010811843254096442	0.5528760688456863	1
765	Iter0766	60	5	6	3	18	1	6.0	0.05207309826362639	0.42541248530052	1
766	Iter0767	46	5	7	5	19	1	6.571428571428571	0.01649771346726699	0.4173616097	1
767	Iter0768	55	3	4	4	26	1	18.33333333333333	0.002894389528445484	0.6000516530039889	1
768	Iter0769	49	3	11	1	23	2	1.4848484848484846	0.5739137140842966	0.4663347717599999	1
769	Iter0770	53	3	8	3	21	1	6.625000000000001	0.05118791896596405	0.4699254151479999	1
770	Iter0771	52	12	9	5	28	4	2.407407407407407	0.17217278293399818	0.5921275499900001	1
771	Iter0772	56	9	6	5	23	3	5.185185185185184	0.02523700095414149	0.5806103735000001	1
772	Iter0773	47	3	5	1	19	0	3.1333333333333333	0.3729750333523829	0.50607144273	1
773	Iter0774	45	8	5	0	20	1	0.8518518518518517	1.0	0.485778526	1
774	Iter0775	52	3	2	3	23	0	26.0	0.005389716254399776	0.61449143	1
775	Iter0776	48	6	5	1	22	2	1.6	0.5414360778413925	0.5713702476	1
776	Iter0777	50	3	4	4	19	0	16.666666666666668	0.003939021540704711	0.33875438783913003	1
777	Iter0778	56	8	8	3	20	0	2.625	0.19878529958923627	0.4325416059985919	1
778	Iter0779	48	6	5	4	21	2	6.4	0.028795077606945794	0.39407045049999995	1
779	Iter0780	51	5	11	5	23	1	4.636363636363637	0.03723117419637744	0.5821055248370001	1
780	Iter0781	53	7	10	3	26	0	2.271428571428572	0.3694872732060783	0.637189575761015	1
781	Iter0782	50	2	3	0	24	1	4.25	1.0	0.59731557	1
782	Iter0783	48	5	8	2	20	3	2.4	0.30645541122494946	0.4912056059752968	1
783	Iter0784	38	4	3	3	21	1	9.5	0.03281323442457545	0.37275541981193605	1
784	Iter0785	54	6	5	4	18	0	7.2	0.020699218959572014	0.48334226878313996	1
785	Iter0786	49	3	7	1	23	0	2.333333333333333	0.4448204087073419	0.46632638114375	1
786	Iter0787	51	5	5	2	23	1	4.08	0.17003290420215222	0.608549531606	1
787	Iter0788	51	5	9	2	21	3	2.2666666666666666	0.32263392187661283	0.4020790837000001	1
788	Iter0789	58	6	1	2	23	0	19.33333333333333	0.035653898340464465	0.4728073392	1
789	Iter0790	47	6	7	2	22	1	2.238095238095238	0.3275527466177621	0.4581504595	1
790	Iter0791	45	2	8	2	16	1	5.625	0.13795853269537905	0.3809948181988001	1
791	Iter0792	46	3	9	3	15	0	5.1111111111111125	0.08419812117602589	0.38467251160899996	1
792	Iter0793	54	4	5	3	22	0	8.1	0.03340214782573275	0.53579629306	1
793	Iter0794	51	5	2	6	22	0	30.6	0.00014782344209964858	0.3964170655900001	1
794	Iter0795	43	3	5	1	19	0	2.8666666666666667	0.397229661095197	0.39108569931	1
795	Iter0796	52	8	10	2	25	1	1.3	0.6691649304153972	0.6818945921	1
796	Iter0797	54	9	7	1	24	1	0.8571428571428571	1.0	0.4886623495000001	1
797	Iter0798	46	11	7	1	16	1	0.5974025974025974	1.0	0.398496917	1
798	Iter0799	50	1	9	2	20	1	11.111111111111109	0.07852987837123539	0.42447010970000004	1
799	Iter0800	53	5	5	3	24	0	6.3599999999999985	0.05015556085678707	0.5235118229267661	1
800	Iter0801	36	8	4	1	16	0	1.125	1.0	0.4010690526400001	1
801	Iter0802	50	8	9	1	24	0	0.6944444444444444	1.0	0.682326314028	1
802	Iter0803	59	8	10	3	21	3	2.2125	0.3739994384452249	0.5064119928695997	1
803	Iter0804	53	4	6	3	23	0	6.625	0.04760403530895154	0.45900348678253	1
804	Iter0805	59	6	3	2	23	0	6.555555555555557	0.09660833243686287	0.51266268213427	1
805	Iter0806	48	5	7	6	16	3	8.228571428571428	0.005081560703224378	0.34803856747000006	1
806	Iter0807	47	5	12	5	25	1	3.916666666666667	0.10503762449314638	0.6577938897738339	1
807	Iter0808	50	2	3	2	23	0	16.666666666666668	0.03489785068732594	0.5689564736	1
808	Iter0809	42	5	7	6	20	0	7.2	0.008637197904169898	0.42493219070000005	1
809	Iter0810	54	3	13	0	29	0	0.9821428571428572	1.0	0.6634791400000001	1
810	Iter0811	55	1	6	2	24	3	18.33333333333333	0.03897849462365675	0.796432162388	1
811	Iter0812	43	5	7	1	15	0	1.2285714285714284	1.0	0.292612182	1
812	Iter0813	59	8	6	3	22	1	3.6875	0.11713790579148214	0.556281367299938	1
813	Iter0814	45	6	12	2	18	3	1.25	1.0	0.406865239037	1
814	Iter0815	49	7	5	1	17	0	1.4	0.5798720279536087	0.34723871841803894	1
815	Iter0816	47	7	12	2	18	3	1.119047619047619	1.0	0.36077011943000004	1
816	Iter0817	43	9	7	2	19	1	1.3650793650793651	0.6594541755630747	0.400640183305	1
817	Iter0818	55	5	5	4	17	2	8.8	0.013278696156567977	0.3865383129019473	1
818	Iter0819	52	4	6	3	23	0	6.5	0.04961839758355999	0.44350040374999994	1
819	Iter0820	46	2	3	2	26	1	15.333333333333336	0.040177580466147035	0.6106303900000001	1
820	Iter0821	55	8	7	5	20	2	4.910714285714286	0.028720137469033773	0.32713275936470004	1
821	Iter0822	53	5	6	2	25	1	3.533333333333333	0.1981440426310847	0.5600579106999999	1
822	Iter0823	54	3	7	3	23	1	7.7142857142857135	0.038688381911779535	0.40420988362999993	1
823	Iter0824	47	7	6	3	23	1	3.3571428571428568	0.14519416942933894	0.6612610375499999	1
824	Iter0825	49	5	8	4	19	2	4.9	0.0497105394187812	0.33809583899742535	1
825	Iter0826	50	11	4	3	20	1	3.4090909090909096	0.1474810697246934	0.5263252872674999	1
826	Iter0827	51	6	3	4	19	1	11.333333333333336	0.008983848251012673	0.50255626537668	1
827	Iter0828	56	3	3	1	22	1	6.222222222222222	0.23593630648098698	0.47261771935958513	1
828	Iter0829	46	8	7	1	18	0	0.8214285714285714	1.0	0.305715304	1
829	Iter0830	64	5	7	5	24	2	9.142857142857146	0.005186548745637166	0.46786366578700006	1
830	Iter0831	53	8	6	6	21	0	6.625	0.00837195006970424	0.3891030071	1
831	Iter0832	48	5	5	3	18	0	5.76	0.06199037416370275	0.600059069083	1
832	Iter0833	52	10	2	2	28	1	5.2	0.1482142857142826	0.6662565194150001	1
833	Iter0834	48	9	11	3	23	3	1.4545454545454546	0.6930613481878234	0.49435075644872	1
834	Iter0835	55	5	10	2	24	0	2.2	0.33000696599849666	0.5160244136700001	1
835	Iter0836	41	6	9	3	16	1	2.2777777777777777	0.3693668480255009	0.39807723970000003	1
836	Iter0837	51	4	6	1	28	5	2.125	0.4624076765854895	0.7103489099999999	1
837	Iter0838	57	4	7	2	29	2	4.071428571428571	0.16815867264392628	0.7082769920000002	1
838	Iter0839	40	6	3	2	19	0	4.4444444444444455	0.1699326539126254	0.3770797714076401	1
839	Iter0840	51	5	8	2	23	1	2.55	0.2852987837123141	0.4438960881000001	1
840	Iter0841	51	7	8	0	19	2	0.7222222222222222	0.5842228369198117	0.5886234841399997	1
841	Iter0842	60	2	5	2	27	0	12.0	0.04848577387417268	0.60810445666	1
842	Iter0843	45	7	4	2	15	0	3.2142857142857144	0.2305003948328208	0.37640450987609997	1
843	Iter0844	41	8	5	4	11	1	4.1	0.07725087026689421	0.28910287234512	1
844	Iter0845	53	7	12	3	19	1	1.8928571428571428	0.408391934063849	0.43069874630000005	1
845	Iter0846	53	1	10	1	25	1	5.3	0.3120192307692311	0.620583657	1
846	Iter0847	46	9	10	2	24	1	1.022222222222222	1.0	0.4814065573	1
847	Iter0848	49	4	7	0	22	2	1.25	1.0	0.5735349660000001	1
848	Iter0849	55	4	7	7	16	1	13.75	0.0004673606951830915	0.43229278165299995	1
849	Iter0850	56	3	7	2	20	2	5.333333333333334	0.12678355446133305	0.33357497835000005	1
850	Iter0851	50	5	7	4	15	1	5.7142857142857135	0.035612838629938644	0.23483249951092997	1
851	Iter0852	45	5	7	2	22	0	2.571428571428572	0.2879932743610556	0.44542204727260004	1
852	Iter0853	40	8	8	5	19	4	3.125	0.12615011608587312	0.3805888681	1
853	Iter0854	55	4	10	4	21	1	5.5	0.03913129263053525	0.46510734559999983	1
854	Iter0855	60	9	2	3	27	0	10.000000000000002	0.027780033278779037	0.7108772149648002	1
855	Iter0856	62	4	12	2	28	2	2.583333333333333	0.2812791472351561	0.6203206112735002	1
856	Iter0857	61	8	4	4	22	1	7.625	0.017664764086770632	0.6228663999819999	1
857	Iter0858	47	7	9	4	19	1	2.9841269841269837	0.2035633735317317	0.4906611543813001	1
858	Iter0859	52	6	5	5	13	0	8.666666666666666	0.0073150212810583655	0.22923233629999998	1
859	Iter0860	49	4	11	8	22	6	8.909090909090908	0.0015900050286569167	0.5302928516454001	1
860	Iter0861	50	4	8	6	26	2	9.375	0.0035742973727656085	0.671878989999987	1
861	Iter0862	55	6	7	1	23	1	1.3095238095238095	1.0	0.5839668301279001	1
862	Iter0863	49	9	11	2	22	5	0.98989898989899	1.0	0.49801043227899994	1
863	Iter0864	47	1	8	2	20	3	11.75	0.07389162561576412	0.5082797655996	1
864	Iter0865	36	4	7	4	13	1	5.142857142857143	0.05511781030636125	0.3117598893	1
865	Iter0866	50	10	6	2	21	2	1.6666666666666667	0.6235112117887669	0.41478329729999996	1
866	Iter0867	54	4	6	7	32	0	15.75	0.00030030983137914686	0.6337563987241999	1
867	Iter0868	49	8	7	1	22	2	0.875	1.0	0.4500588833490069	1
868	Iter0869	57	13	5	3	22	0	2.6307692307692307	0.3497778869957108	0.48968162932753995	1
869	Iter0870	43	2	7	4	23	0	12.285714285714285	0.01071662336923143	0.57684444368	1
870	Iter0871	54	6	3	2	27	0	6.0	0.11049810844893172	0.6439060373000002	1
871	Iter0872	53	6	13	3	22	4	2.0384615384615388	0.3915593984834652	0.511594763	1
872	Iter0873	42	11	8	2	18	4	0.9545454545454546	1.0	0.3246128801090693	1
873	Iter0874	56	4	10	2	25	5	2.8	0.2600946494070441	0.6448731257744501	1
874	Iter0875	49	10	11	3	23	3	1.3363636363636364	0.704786026694268	0.57122249241	1
875	Iter0876	50	7	6	2	21	1	2.380952380952381	0.30503556481670685	0.6010113725	1
876	Iter0877	43	9	5	3	20	0	2.8666666666666667	0.19065083283177	0.37904368971663804	1
877	Iter0878	45	8	5	2	22	1	2.25	0.3299151656837053	0.478792	1
878	Iter0879	49	10	6	3	18	0	2.45	0.3576160051145724	0.3461106052000001	1
879	Iter0880	53	7	6	0	20	0	0.9642857142857144	1.0	0.489151102	1
880	Iter0881	40	6	8	1	18	1	0.8333333333333334	1.0	0.42479234712099995	1
881	Iter0882	48	5	8	3	20	1	3.6	0.1314020895389285	0.5157085623659	1
882	Iter0883	56	6	6	1	27	1	1.5555555555555556	0.5441677574841378	0.59109855	1
883	Iter0884	58	6	5	1	24	2	1.933333333333333	0.481790713771482	0.49470831926876724	1
884	Iter0885	52	6	8	3	20	1	3.25	0.14824506943858307	0.5596249942071201	1
885	Iter0886	55	6	3	4	21	1	12.222222222222221	0.007126370047296551	0.361719553327401	1
886	Iter0887	67	8	11	1	33	1	0.7613636363636364	1.0	0.6085491441825	1
887	Iter0888	52	6	2	2	19	0	8.666666666666666	0.07737274690998726	0.45535772272155417	1
888	Iter0889	41	4	7	0	15	2	1.05	1.0	0.2763250324290973	1
889	Iter0890	53	4	7	2	23	1	3.7857142857142856	0.18585506244152294	0.46551328699942907	1
890	Iter0891	48	7	7	3	20	3	2.9387755102040813	0.17535320609829902	0.5739589522415769	1
891	Iter0892	52	6	4	2	22	0	4.333333333333333	0.15935318054298814	0.5692108932834	1
892	Iter0893	55	8	7	3	27	2	2.946428571428571	0.16849972277329472	0.520270634	1
893	Iter0894	48	7	6	1	25	2	1.1428571428571428	1.0	0.5636187914999999	1
894	Iter0895	54	5	8	2	23	2	2.7	0.2661727634696637	0.5378641047399999	1
895	Iter0896	52	5	4	2	14	0	5.2	0.12860852152417804	0.36679028924270524	1
896	Iter0897	49	9	5	2	22	0	2.177777777777778	0.3375385971910005	0.41196000666594695	1
897	Iter0898	44	5	11	7	15	5	5.6000000000000005	0.01182344583326268	0.22551393449146004	1
898	Iter0899	50	6	7	2	21	2	2.380952380952381	0.3050355648167153	0.49207220686	1
899	Iter0900	51	5	10	1	21	1	1.02	1.0	0.4498458167928301	1
900	Iter0901	47	7	4	2	25	0	3.3571428571428568	0.2179787974798593	0.5860436899999999	1
901	Iter0902	50	5	4	4	21	0	10.0	0.011127358312474992	0.596465254	1
902	Iter0903	63	6	7	3	19	0	4.5	0.0824760757378392	0.44701676322974	1
903	Iter0904	55	4	7	2	16	2	3.928571428571429	0.17668163706353482	0.39118063881341997	1
904	Iter0905	56	6	1	3	27	0	28.000000000000004	0.006818181818181632	0.57539120675499	1
905	Iter0906	54	5	9	2	21	0	2.4000000000000004	0.3019692140321346	0.45213553422532393	1
906	Iter0907	50	3	6	1	26	0	2.7777777777777786	0.3994996257446745	0.54714021	1
907	Iter0908	49	9	3	5	22	1	9.074074074074074	0.008428142624245611	0.4421725574165009	1
908	Iter0909	47	5	4	2	21	0	4.7	0.1487936931898173	0.38782635629139	1
909	Iter0910	38	6	4	1	13	0	1.5833333333333333	0.5538963041275667	0.403879983	1
910	Iter0911	47	11	8	4	20	2	2.136363636363636	0.2706963178718605	0.422113564391	1
911	Iter0912	38	6	9	2	14	3	1.4074074074074074	0.6537960760824166	0.255943520471	1
912	Iter0913	44	5	6	5	15	2	7.333333333333334	0.013066602459160952	0.440680532499913	1
913	Iter0914	49	8	6	1	22	0	1.0208333333333333	1.0	0.42567544999999996	1
914	Iter0915	52	7	13	1	18	2	0.5714285714285714	1.0	0.3111261781882	1
915	Iter0916	54	8	4	3	18	2	5.0625	0.07505612063623858	0.37615163847300004	1
916	Iter0917	41	10	7	5	18	2	2.9285714285714284	0.13661858559932474	0.37054965700199993	1
917	Iter0918	50	9	9	1	25	2	0.6172839506172839	1.0	0.4576757191400001	1
918	Iter0919	54	5	11	4	24	1	3.927272727272728	0.07577134007696593	0.5021116155472	1
919	Iter0920	49	5	5	3	24	0	5.88	0.05934983921032496	0.4787879029652001	1
920	Iter0921	49	6	9	3	17	1	2.7222222222222214	0.3450530847452442	0.28341905418	1
921	Iter0922	50	4	9	3	23	1	4.166666666666667	0.10662347964040148	0.53161748403924	1
922	Iter0923	48	5	4	3	17	1	7.2	0.043456808075837586	0.4034860397663	1
923	Iter0924	49	6	7	2	20	1	2.333333333333333	0.31229052194782464	0.39593286907777	1
924	Iter0925	53	5	7	3	16	0	4.542857142857144	0.087537826289301	0.4752786178	1
925	Iter0926	61	9	5	2	26	1	2.7111111111111112	0.2605498498894842	0.48834653	1
926	Iter0927	54	4	7	2	24	5	3.8571428571428568	0.18118310432946613	0.4593383426660309	1
927	Iter0928	47	11	13	1	19	3	0.32867132867132864	0.4386276499948888	0.46559357070499996	1
928	Iter0929	50	8	7	2	20	5	1.7857142857142858	0.613540640067048	0.45430996693000103	1
929	Iter0930	48	8	4	3	21	1	4.5	0.09507026805691952	0.47745124899999997	1
930	Iter0931	57	6	5	1	24	0	1.9	0.487188727169665	0.5814761800000001	1
931	Iter0932	48	5	10	0	14	2	0.7424242424242423	0.5833953989893667	0.323452386719	1
932	Iter0933	47	11	4	7	21	1	7.477272727272727	0.004895427662266206	0.44434450802	1
933	Iter0934	50	6	6	2	16	3	2.7777777777777786	0.2598936093343105	0.26312621144822	1
934	Iter0935	40	13	5	4	14	1	2.4615384615384617	0.2421263271698155	0.2925029021615	1
935	Iter0936	45	5	6	3	24	0	4.5	0.09450762210259447	0.5143330058000001	1
936	Iter0937	58	4	10	2	26	1	2.9	0.24898271146877105	0.56363753257	1
937	Iter0938	51	4	12	1	22	1	1.0625	1.0	0.523528175823562	1
938	Iter0939	51	3	5	3	18	2	10.2	0.02427422002277096	0.30585134755599996	1
939	Iter0940	50	9	6	3	22	1	2.7777777777777777	0.18976475370371376	0.4881562697999999	1
940	Iter0941	33	5	14	0	11	4	0.3777777777777778	0.3069974143503512	0.23206641400000003	1
941	Iter0942	46	4	8	0	21	2	1.0444444444444445	1.0	0.57044249	1
942	Iter0943	40	11	4	2	20	0	1.818181818181818	0.6109456030012255	0.49266293854	1
943	Iter0944	48	6	12	2	20	0	1.3333333333333333	0.6645827159572886	0.5275122242054	1
944	Iter0945	49	4	8	6	20	0	9.1875	0.003887167037136196	0.34019023530000003	1
945	Iter0946	49	1	3	1	21	0	16.333333333333332	0.14395527603074895	0.5030862949060001	1
946	Iter0947	52	5	3	1	24	0	3.466666666666667	0.3464563911431288	0.63369167747983	1
947	Iter0948	52	2	6	3	21	2	13.0	0.018087461570866898	0.39148955405999997	1
948	Iter0949	49	10	9	0	17	1	0.4545454545454546	0.3364800352763747	0.39675697162432	1
949	Iter0950	43	6	5	1	22	0	1.4333333333333331	0.5766937021542641	0.398715305	1
950	Iter0951	48	1	4	3	25	0	36.0	0.004764627406136785	0.6030804589967	1
951	Iter0952	55	5	6	4	24	0	7.333333333333332	0.019639144273430137	0.7010804437920002	1
952	Iter0953	56	11	3	3	23	1	5.090909090909091	0.08028591735161274	0.45208774591810996	1
953	Iter0954	54	6	5	0	29	0	1.3095238095238095	1.0	0.5943040735549835	1
954	Iter0955	44	8	10	1	17	0	0.55	1.0	0.29348573040000003	1
955	Iter0956	47	5	4	2	16	0	4.7	0.1487936931898173	0.388980336270395	1
956	Iter0957	54	3	6	3	23	1	9.0	0.02934446568767055	0.45223751923000005	1
957	Iter0958	46	7	8	0	17	1	0.6527777777777778	0.5790232845757158	0.45586270406000007	1
958	Iter0959	44	4	3	2	24	1	7.333333333333332	0.09253837964793762	0.507001270360299	1
959	Iter0960	54	10	7	4	25	1	3.085714285714286	0.2012423353322212	0.53405032041263	1
960	Iter0961	47	4	8	3	19	2	4.40625	0.09906277591208726	0.3159330980999999	1
961	Iter0962	51	6	16	7	23	2	3.71875	0.04365134074402525	0.4221052290638844	1
962	Iter0963	37	5	10	2	15	1	1.48	0.6445554322357813	0.34163174875999996	1
963	Iter0964	46	6	9	6	15	2	5.1111111111111125	0.0200894175940139	0.26597047196549994	1
964	Iter0965	44	4	3	3	19	1	11.0	0.023477373532867097	0.4271219907988	1
965	Iter0966	58	5	4	5	23	3	14.499999999999998	0.0017476631190529875	0.7152544375333199	1
966	Iter0967	53	4	12	2	25	1	2.208333333333333	0.3373244006543961	0.58302342	1
967	Iter0968	50	7	6	4	21	0	4.761904761904762	0.0510431579013072	0.4828235588737	1
968	Iter0969	47	8	3	3	20	0	5.875	0.06594844605453393	0.502278054793	1
969	Iter0970	44	9	4	2	19	1	2.4444444444444446	0.3096182888548169	0.4088988035002001	1
970	Iter0971	54	7	12	4	23	1	2.571428571428572	0.2258018348628609	0.5799660649661	1
971	Iter0972	44	6	7	0	18	2	0.8035714285714286	1.0	0.4967548369844255	1
972	Iter0973	42	5	11	2	19	1	1.5272727272727271	0.6385656450692315	0.477606117	1
973	Iter0974	55	4	13	3	27	5	3.173076923076924	0.16222775972459194	0.483012255052	1
974	Iter0975	47	4	7	3	17	1	5.035714285714286	0.07952258457465261	0.41192224064999994	1
975	Iter0976	48	5	7	4	24	3	5.485714285714287	0.039707492465295965	0.516896919	1
976	Iter0977	44	10	9	2	19	1	0.977777777777778	1.0	0.30209304576260004	1
977	Iter0978	44	8	6	0	20	1	0.7142857142857143	0.5812247046709281	0.45305445579636905	1
978	Iter0979	48	9	10	3	16	3	1.6	0.6833998409879438	0.38588403904161	1
979	Iter0980	58	10	4	3	21	0	4.3500000000000005	0.09528615009493338	0.5452038383029999	1
980	Iter0981	51	5	7	3	25	3	4.371428571428571	0.0945098997033235	0.6267092206379999	1
981	Iter0982	39	7	5	1	19	2	1.1142857142857143	1.0	0.293838243353	1
982	Iter0983	53	5	7	4	24	3	6.057142857142857	0.03040159744292041	0.43788002039999996	1
983	Iter0984	43	10	6	1	22	2	0.7166666666666667	1.0	0.45662443268700004	1
984	Iter0985	56	7	8	3	26	2	3.0	0.16320504151178689	0.5992725027684999	1
985	Iter0986	53	3	16	4	21	2	4.416666666666667	0.07338231536572361	0.4947851831000001	1
986	Iter0987	47	3	6	1	20	1	2.6111111111111107	0.4169767853978459	0.50357512	1
987	Iter0988	55	9	4	4	29	1	6.111111111111112	0.03093761169059375	0.5862315700879999	1
988	Iter0989	54	2	2	4	24	0	54.0	0.0003812473912971989	0.45496649164	1
989	Iter0990	60	8	5	2	29	1	3.0	0.23309327497265686	0.6843033938549001	1
990	Iter0991	53	7	6	1	22	1	1.261904761904762	1.0	0.57802598885	1
991	Iter0992	61	4	7	3	31	2	6.5357142857142865	0.045825353745057015	0.559313994429	1
992	Iter0993	47	6	11	4	21	2	2.848484848484848	0.2100728947567445	0.41311224558	1
993	Iter0994	47	7	6	3	18	0	3.3571428571428568	0.14519416942933894	0.523283499	1
994	Iter0995	63	4	4	2	26	0	7.875	0.07336447652738666	0.4530650213499999	1
995	Iter0996	48	6	9	1	21	4	0.8888888888888888	1.0	0.4498190754	1
996	Iter0997	50	7	10	2	19	3	1.4285714285714286	0.6501109631297697	0.3575127704908082	1
997	Iter0998	49	6	7	1	17	3	1.1666666666666663	1.0	0.452518737776	1
998	Iter0999	42	6	9	5	17	3	3.888888888888889	0.10432786390037008	0.42241445800000005	1
999	Iter1000	56	7	7	4	20	2	4.571428571428571	0.05201673501974632	0.38664505459399995	1
